s07_ASD Record=7968: Muscovite GDS119 Mt Alamo     BECKa AREF
 4.3874523e-001
 4.4339406e-001
 4.4790715e-001
 4.5226282e-001
 4.5643786e-001
 4.6041402e-001
 4.6418077e-001
 4.6773326e-001
 4.7107217e-001
 4.7420362e-001
 4.7713941e-001
 4.7989711e-001
 4.8250014e-001
 4.8497921e-001
 4.8737547e-001
 4.8973763e-001
 4.9211261e-001
 4.9453670e-001
 4.9703020e-001
 4.9959671e-001
 5.0222528e-001
 5.0489604e-001
 5.0758827e-001
 5.1028538e-001
 5.1297742e-001
 5.1565838e-001
 5.1832330e-001
 5.2096403e-001
 5.2356941e-001
 5.2612942e-001
 5.2864039e-001
 5.3110778e-001
 5.3354353e-001
 5.3596503e-001
 5.3839493e-001
 5.4085487e-001
 5.4336005e-001
 5.4591638e-001
 5.4852170e-001
 5.5116642e-001
 5.5383646e-001
 5.5651498e-001
 5.5918205e-001
 5.6181520e-001
 5.6438798e-001
 5.6687260e-001
 5.6924421e-001
 5.7148880e-001
 5.7360792e-001
 5.7562023e-001
 5.7755625e-001
 5.7944906e-001
 5.8132643e-001
 5.8320576e-001
 5.8509618e-001
 5.8700240e-001
 5.8892828e-001
 5.9087390e-001
 5.9283209e-001
 5.9478045e-001
 5.9666806e-001
 5.9846914e-001
 6.0017687e-001
 6.0177672e-001
 6.0326087e-001
 6.0466176e-001
 6.0602146e-001
 6.0736918e-001
 6.0872030e-001
 6.1007512e-001
 6.1141640e-001
 6.1271280e-001
 6.1392719e-001
 6.1502749e-001
 6.1599416e-001
 6.1682594e-001
 6.1753905e-001
 6.1816341e-001
 6.1873549e-001
 6.1929208e-001
 6.1986494e-001
 6.2047684e-001
 6.2113935e-001
 6.2185103e-001
 6.2259650e-001
 6.2334758e-001
 6.2406659e-001
 6.2471390e-001
 6.2525886e-001
 6.2569338e-001
 6.2604260e-001
 6.2636888e-001
 6.2676233e-001
 6.2732136e-001
 6.2812936e-001
 6.2923753e-001
 6.3065594e-001
 6.3235635e-001
 6.3428342e-001
 6.3636738e-001
 6.3853163e-001
 6.4069670e-001
 6.4278573e-001
 6.4473152e-001
 6.4648449e-001
 6.4802146e-001
 6.4934343e-001
 6.5046722e-001
 6.5141964e-001
 6.5223390e-001
 6.5294546e-001
 6.5358669e-001
 6.5418637e-001
 6.5477329e-001
 6.5537846e-001
 6.5602618e-001
 6.5672123e-001
 6.5744609e-001
 6.5817636e-001
 6.5889972e-001
 6.5962124e-001
 6.6035467e-001
 6.6111577e-001
 6.6192251e-001
 6.6279191e-001
 6.6372532e-001
 6.6469616e-001
 6.6565555e-001
 6.6655374e-001
 6.6736048e-001
 6.6807079e-001
 6.6870135e-001
 6.6928649e-001
 6.6987485e-001
 6.7051655e-001
 6.7124188e-001
 6.7204201e-001
 6.7286515e-001
 6.7363220e-001
 6.7426789e-001
 6.7473441e-001
 6.7504984e-001
 6.7527765e-001
 6.7549610e-001
 6.7576545e-001
 6.7610908e-001
 6.7650747e-001
 6.7690468e-001
 6.7723107e-001
 6.7743939e-001
 6.7753559e-001
 6.7757940e-001
 6.7765039e-001
 6.7780453e-001
 6.7805409e-001
 6.7837882e-001
 6.7874753e-001
 6.7912692e-001
 6.7948079e-001
 6.7978209e-001
 6.8003559e-001
 6.8028343e-001
 6.8057364e-001
 6.8092436e-001
 6.8132257e-001
 6.8174416e-001
 6.8215817e-001
 6.8252456e-001
 6.8282044e-001
 6.8307799e-001
 6.8337554e-001
 6.8377513e-001
 6.8427104e-001
 6.8479848e-001
 6.8527824e-001
 6.8564987e-001
 6.8588084e-001
 6.8597209e-001
 6.8597114e-001
 6.8597186e-001
 6.8607670e-001
 6.8633717e-001
 6.8672419e-001
 6.8716300e-001
 6.8759680e-001
 6.8800569e-001
 6.8836164e-001
 6.8860549e-001
 6.8870813e-001
 6.8874168e-001
 6.8884116e-001
 6.8908864e-001
 6.8946344e-001
 6.8989712e-001
 6.9033957e-001
 6.9077319e-001
 6.9120193e-001
 6.9163287e-001
 6.9204271e-001
 6.9235957e-001
 6.9251317e-001
 6.9252032e-001
 6.9250625e-001
 6.9262356e-001
 6.9294345e-001
 6.9342601e-001
 6.9398451e-001
 6.9455332e-001
 6.9508302e-001
 6.9551390e-001
 6.9581133e-001
 6.9601250e-001
 6.9618678e-001
 6.9636023e-001
 6.9652927e-001
 6.9672596e-001
 6.9699627e-001
 6.9731551e-001
 6.9759095e-001
 6.9776189e-001
 6.9786036e-001
 6.9797438e-001
 6.9818461e-001
 6.9853151e-001
 6.9900036e-001
 6.9952381e-001
 7.0001507e-001
 7.0040989e-001
 7.0068353e-001
 7.0086592e-001
 7.0106989e-001
 7.0145178e-001
 7.0205444e-001
 7.0270199e-001
 7.0313907e-001
 7.0328790e-001
 7.0330989e-001
 7.0342296e-001
 7.0371175e-001
 7.0411104e-001
 7.0452243e-001
 7.0491856e-001
 7.0533872e-001
 7.0580977e-001
 7.0629853e-001
 7.0675009e-001
 7.0715815e-001
 7.0756418e-001
 7.0797372e-001
 7.0834041e-001
 7.0869362e-001
 7.0915323e-001
 7.0971829e-001
 7.1019614e-001
 7.1046996e-001
 7.1069449e-001
 7.1105963e-001
 7.1152014e-001
 7.1190941e-001
 7.1219945e-001
 7.1249425e-001
 7.1285367e-001
 7.1325755e-001
 7.1366745e-001
 7.1405083e-001
 7.1441412e-001
 7.1479815e-001
 7.1521771e-001
 7.1570170e-001
 7.1632618e-001
 7.1704775e-001
 7.1764481e-001
 7.1800905e-001
 7.1834475e-001
 7.1888620e-001
 7.1955669e-001
 7.2012168e-001
 7.2051889e-001
 7.2081476e-001
 7.2104383e-001
 7.2126043e-001
 7.2155142e-001
 7.2194695e-001
 7.2246486e-001
 7.2312826e-001
 7.2379684e-001
 7.2420341e-001
 7.2428972e-001
 7.2429574e-001
 7.2442001e-001
 7.2463411e-001
 7.2490114e-001
 7.2529733e-001
 7.2580564e-001
 7.2624236e-001
 7.2651231e-001
 7.2673672e-001
 7.2703928e-001
 7.2739607e-001
 7.2777134e-001
 7.2822136e-001
 7.2877407e-001
 7.2933054e-001
 7.2976089e-001
 7.3003364e-001
 7.3022413e-001
 7.3045194e-001
 7.3081446e-001
 7.3131609e-001
 7.3183411e-001
 7.3222417e-001
 7.3249376e-001
 7.3279023e-001
 7.3318034e-001
 7.3354751e-001
 7.3375255e-001
 7.3381490e-001
 7.3389119e-001
 7.3414332e-001
 7.3461050e-001
 7.3517090e-001
 7.3565847e-001
 7.3601359e-001
 7.3630273e-001
 7.3663288e-001
 7.3708063e-001
 7.3766416e-001
 7.3832685e-001
 7.3893845e-001
 7.3935682e-001
 7.3954242e-001
 7.3962963e-001
 7.3985511e-001
 7.4038130e-001
 7.4117303e-001
 7.4204534e-001
 7.4282473e-001
 7.4346703e-001
 7.4403960e-001
 7.4462026e-001
 7.4522161e-001
 7.4579644e-001
 7.4629283e-001
 7.4669898e-001
 7.4705338e-001
 7.4743873e-001
 7.4796462e-001
 7.4871600e-001
 7.4967152e-001
 7.5066733e-001
 7.5149184e-001
 7.5207269e-001
 7.5255394e-001
 7.5305510e-001
 7.5336593e-001
 7.5332785e-001
 7.5319076e-001
 7.5335801e-001
 7.5394505e-001
 7.5469565e-001
 7.5524223e-001
 7.5546920e-001
 7.5563347e-001
 7.5603127e-001
 7.5664502e-001
 7.5720638e-001
 7.5749934e-001
 7.5759101e-001
 7.5778627e-001
 7.5827271e-001
 7.5891590e-001
 7.5953919e-001
 7.6015896e-001
 7.6073343e-001
 7.6103121e-001
 7.6109928e-001
 7.6143926e-001
 7.6221782e-001
 7.6281673e-001
 7.6278746e-001
 7.6263511e-001
 7.6300061e-001
 7.6374251e-001
 7.6443440e-001
 7.6510054e-001
 7.6589495e-001
 7.6658815e-001
 7.6686239e-001
 7.6678264e-001
 7.6666790e-001
 7.6674563e-001
 7.6709491e-001
 7.6768035e-001
 7.6825774e-001
 7.6846647e-001
 7.6833075e-001
 7.6838982e-001
 7.6899624e-001
 7.6995063e-001
 7.7053928e-001
 7.7038354e-001
 7.6996142e-001
 7.6980382e-001
 7.7006048e-001
 7.7069235e-001
 7.7149618e-001
 7.7213484e-001
 7.7231675e-001
 7.7204573e-001
 7.7162606e-001
 7.7139413e-001
 7.7149808e-001
 7.7189010e-001
 7.7244151e-001
 7.7298141e-001
 7.7331543e-001
 7.7332163e-001
 7.7310348e-001
 7.7296948e-001
 7.7317905e-001
 7.7366757e-001
 7.7405423e-001
 7.7398247e-001
 7.7349919e-001
 7.7301109e-001
 7.7289712e-001
 7.7325505e-001
 7.7386659e-001
 7.7434289e-001
 7.7443498e-001
 7.7430117e-001
 7.7410603e-001
 7.7401280e-001
 7.7403134e-001
 7.7410918e-001
 7.7419394e-001
 7.7423942e-001
 7.7423960e-001
 7.7420509e-001
 7.7414626e-001
 7.7406967e-001
 7.7395517e-001
 7.7377135e-001
 7.7348733e-001
 7.7308792e-001
 7.7266240e-001
 7.7234256e-001
 7.7226049e-001
 7.7251816e-001
 7.7301908e-001
 7.7367449e-001
 7.7409381e-001
 7.7420002e-001
 7.7397454e-001
 7.7355063e-001
 7.7306837e-001
 7.7266788e-001
 7.7248347e-001
 7.7251995e-001
 7.7265370e-001
 7.7275562e-001
 7.7269655e-001
 7.7235311e-001
 7.7172929e-001
 7.7095497e-001
 7.7016538e-001
 7.6949584e-001
 7.6907682e-001
 7.6892936e-001
 7.6896828e-001
 7.6910365e-001
 7.6924574e-001
 7.6930451e-001
 7.6921344e-001
 7.6899576e-001
 7.6869667e-001
 7.6836139e-001
 7.6803511e-001
 7.6776302e-001
 7.6757836e-001
 7.6747012e-001
 7.6741582e-001
 7.6739335e-001
 7.6738042e-001
 7.6735485e-001
 7.6729459e-001
 7.6718342e-001
 7.6702917e-001
 7.6684505e-001
 7.6664442e-001
 7.6644051e-001
 7.6624680e-001
 7.6607645e-001
 7.6594281e-001
 7.6585549e-001
 7.6580995e-001
 7.6579839e-001
 7.6581311e-001
 7.6584601e-001
 7.6588959e-001
 7.6593578e-001
 7.6597697e-001
 7.6600564e-001
 7.6601553e-001
 7.6600111e-001
 7.6595646e-001
 7.6587570e-001
 7.6575315e-001
 7.6558310e-001
 7.6535952e-001
 7.6507980e-001
 7.6475155e-001
 7.6438522e-001
 7.6399106e-001
 7.6357937e-001
 7.6316047e-001
 7.6274467e-001
 7.6234210e-001
 7.6196337e-001
 7.6161873e-001
 7.6131827e-001
 7.6107246e-001
 7.6088852e-001
 7.6076186e-001
 7.6068586e-001
 7.6065356e-001
 7.6065791e-001
 7.6069218e-001
 7.6074934e-001
 7.6082259e-001
 7.6090503e-001
 7.6098973e-001
 7.6106966e-001
 7.6113808e-001
 7.6119053e-001
 7.6123083e-001
 7.6126474e-001
 7.6129836e-001
 7.6133746e-001
 7.6138783e-001
 7.6145524e-001
 7.6154572e-001
 7.6166511e-001
 7.6181912e-001
 7.6201373e-001
 7.6225090e-001
 7.6251858e-001
 7.6280183e-001
 7.6308584e-001
 7.6335555e-001
 7.6359606e-001
 7.6379234e-001
 7.6392955e-001
 7.6399273e-001
 7.6396698e-001
 7.6384413e-001
 7.6364064e-001
 7.6337755e-001
 7.6307642e-001
 7.6275849e-001
 7.6244533e-001
 7.6215804e-001
 7.6191825e-001
 7.6174718e-001
 7.6166624e-001
 7.6168996e-001
 7.6180977e-001
 7.6201183e-001
 7.6228249e-001
 7.6260811e-001
 7.6297504e-001
 7.6336950e-001
 7.6377803e-001
 7.6418674e-001
 7.6458210e-001
 7.6495308e-001
 7.6529872e-001
 7.6561952e-001
 7.6591635e-001
 7.6619005e-001
 7.6644117e-001
 7.6667064e-001
 7.6687938e-001
 7.6706779e-001
 7.6723683e-001
 7.6738697e-001
 7.6751858e-001
 7.6763231e-001
 7.6772851e-001
 7.6780772e-001
 7.6787049e-001
 7.6791716e-001
 7.6794809e-001
 7.6796269e-001
 7.6796043e-001
 7.6794070e-001
 7.6790273e-001
 7.6784611e-001
 7.6776993e-001
 7.6767385e-001
 7.6755661e-001
 7.6741570e-001
 7.6724839e-001
 7.6705194e-001
 7.6682335e-001
 7.6656020e-001
 7.6625931e-001
 7.6591808e-001
 7.6554167e-001
 7.6516122e-001
 7.6481271e-001
 7.6456374e-001
 7.6441139e-001
 7.6440156e-001
 7.6455700e-001
 7.6487696e-001
 7.6534045e-001
 7.6591271e-001
 7.6655227e-001
 7.6721644e-001
 7.6786768e-001
 7.6848346e-001
 7.6906252e-001
 7.6961893e-001
 7.7017301e-001
 7.7074498e-001
 7.7134973e-001
 7.7199221e-001
 7.7266550e-001
 7.7335417e-001
 7.7403837e-001
 7.7469712e-001
 7.7531075e-001
 7.7586192e-001
 7.7633613e-001
 7.7672148e-001
 7.7700824e-001
 7.7719074e-001
 7.7727169e-001
 7.7726698e-001
 7.7720726e-001
 7.7713472e-001
 7.7709568e-001
 7.7713168e-001
 7.7726841e-001
 7.7750671e-001
 7.7781928e-001
 7.7815688e-001
 7.7845967e-001
 7.7867144e-001
 7.7875388e-001
 7.7824950e-001
 7.7824843e-001
 7.7823162e-001
 7.7821130e-001
 7.7820051e-001
 7.7821094e-001
 7.7825141e-001
 7.7832675e-001
 7.7843809e-001
 7.7858287e-001
 7.7875674e-001
 7.7895451e-001
 7.7917206e-001
 7.7940625e-001
 7.7965498e-001
 7.7991593e-001
 7.8018576e-001
 7.8045923e-001
 7.8072977e-001
 7.8099018e-001
 7.8123415e-001
 7.8145748e-001
 7.8165919e-001
 7.8184158e-001
 7.8200996e-001
 7.8217232e-001
 7.8233790e-001
 7.8251565e-001
 7.8271252e-001
 7.8293163e-001
 7.8317195e-001
 7.8342825e-001
 7.8369272e-001
 7.8395593e-001
 7.8420824e-001
 7.8444034e-001
 7.8464395e-001
 7.8481162e-001
 7.8493673e-001
 7.8501362e-001
 7.8503805e-001
 7.8500789e-001
 7.8492385e-001
 7.8479040e-001
 7.8461587e-001
 7.8441197e-001
 7.8419304e-001
 7.8397459e-001
 7.8377140e-001
 7.8359634e-001
 7.8345931e-001
 7.8336692e-001
 7.8332245e-001
 7.8332651e-001
 7.8337753e-001
 7.8347212e-001
 7.8360558e-001
 7.8377187e-001
 7.8396386e-001
 7.8417349e-001
 7.8439242e-001
 7.8461248e-001
 7.8482687e-001
 7.8503072e-001
 7.8522182e-001
 7.8540069e-001
 7.8557032e-001
 7.8573495e-001
 7.8589904e-001
 7.8606558e-001
 7.8623486e-001
 7.8640354e-001
 7.8656459e-001
 7.8670740e-001
 7.8681976e-001
 7.8688920e-001
 7.8690565e-001
 7.8686339e-001
 7.8676260e-001
 7.8661013e-001
 7.8641909e-001
 7.8620750e-001
 7.8599596e-001
 7.8580540e-001
 7.8565449e-001
 7.8555733e-001
 7.8552246e-001
 7.8555220e-001
 7.8564298e-001
 7.8578651e-001
 7.8597099e-001
 7.8618294e-001
 7.8640872e-001
 7.8663605e-001
 7.8685510e-001
 7.8705907e-001
 7.8724450e-001
 7.8741109e-001
 7.8756130e-001
 7.8769928e-001
 7.8783023e-001
 7.8795952e-001
 7.8809154e-001
 7.8822958e-001
 7.8837526e-001
 7.8852892e-001
 7.8868979e-001
 7.8885651e-001
 7.8902763e-001
 7.8920233e-001
 7.8938019e-001
 7.8956133e-001
 7.8974611e-001
 7.8993464e-001
 7.9012626e-001
 7.9031926e-001
 7.9051048e-001
 7.9069579e-001
 7.9087013e-001
 7.9102832e-001
 7.9116589e-001
 7.9127955e-001
 7.9136813e-001
 7.9143256e-001
 7.9147571e-001
 7.9150218e-001
 7.9151720e-001
 7.9152638e-001
 7.9153478e-001
 7.9154694e-001
 7.9156679e-001
 7.9159808e-001
 7.9164475e-001
 7.9171103e-001
 7.9180151e-001
 7.9192013e-001
 7.9206961e-001
 7.9225039e-001
 7.9245961e-001
 7.9269123e-001
 7.9293638e-001
 7.9318446e-001
 7.9342484e-001
 7.9364830e-001
 7.9384863e-001
 7.9402316e-001
 7.9417270e-001
 7.9430103e-001
 7.9441345e-001
 7.9451561e-001
 7.9461223e-001
 7.9470628e-001
 7.9479873e-001
 7.9488879e-001
 7.9497451e-001
 7.9505390e-001
 7.9512554e-001
 7.9518926e-001
 7.9524672e-001
 7.9530102e-001
 7.9535633e-001
 7.9541701e-001
 7.9548687e-001
 7.9556787e-001
 7.9565978e-001
 7.9576010e-001
 7.9586405e-001
 7.9596573e-001
 7.9605901e-001
 7.9613924e-001
 7.9620439e-001
 7.9625601e-001
 7.9629993e-001
 7.9634571e-001
 7.9640561e-001
 7.9649299e-001
 7.9661989e-001
 7.9679507e-001
 7.9702222e-001
 7.9729897e-001
 7.9761684e-001
 7.9796231e-001
 7.9831874e-001
 7.9866892e-001
 7.9899740e-001
 7.9929304e-001
 7.9955000e-001
 7.9976869e-001
 7.9995495e-001
 8.0011857e-001
 8.0027121e-001
 8.0042416e-001
 8.0058622e-001
 8.0076253e-001
 8.0095410e-001
 8.0115855e-001
 8.0137157e-001
 8.0158871e-001
 8.0180717e-001
 8.0202657e-001
 8.0224961e-001
 8.0248106e-001
 8.0272645e-001
 8.0299067e-001
 8.0327618e-001
 8.0358243e-001
 8.0390561e-001
 8.0423903e-001
 8.0457461e-001
 8.0490386e-001
 8.0521899e-001
 8.0551434e-001
 8.0578601e-001
 8.0603260e-001
 8.0625474e-001
 8.0645448e-001
 8.0663526e-001
 8.0680114e-001
 8.0695647e-001
 8.0710572e-001
 8.0725271e-001
 8.0740052e-001
 8.0755103e-001
 8.0770475e-001
 8.0786037e-001
 8.0801529e-001
 8.0816567e-001
 8.0830699e-001
 8.0843484e-001
 8.0854565e-001
 8.0863714e-001
 8.0870908e-001
 8.0876303e-001
 8.0880237e-001
 8.0883133e-001
 8.0885464e-001
 8.0887634e-001
 8.0889922e-001
 8.0892467e-001
 8.0895299e-001
 8.0898410e-001
 8.0901849e-001
 8.0905855e-001
 8.0910891e-001
 8.0917674e-001
 8.0927074e-001
 8.0939996e-001
 8.0957198e-001
 8.0979091e-001
 8.1005639e-001
 8.1036264e-001
 8.1069916e-001
 8.1105202e-001
 8.1140542e-001
 8.1174439e-001
 8.1205654e-001
 8.1233358e-001
 8.1257260e-001
 8.1277537e-001
 8.1294817e-001
 8.1309992e-001
 8.1324059e-001
 8.1337947e-001
 8.1352383e-001
 8.1367809e-001
 8.1384391e-001
 8.1402034e-001
 8.1420523e-001
 8.1439579e-001
 8.1459010e-001
 8.1478733e-001
 8.1498796e-001
 8.1519347e-001
 8.1540543e-001
 8.1562471e-001
 8.1585073e-001
 8.1608069e-001
 8.1630975e-001
 8.1653088e-001
 8.1673586e-001
 8.1691617e-001
 8.1706393e-001
 8.1717330e-001
 8.1724089e-001
 8.1726652e-001
 8.1725311e-001
 8.1720644e-001
 8.1713402e-001
 8.1704462e-001
 8.1694651e-001
 8.1684691e-001
 8.1675130e-001
 8.1666273e-001
 8.1658232e-001
 8.1650954e-001
 8.1644315e-001
 8.1638205e-001
 8.1632590e-001
 8.1627584e-001
 8.1623393e-001
 8.1620306e-001
 8.1618553e-001
 8.1618255e-001
 8.1619275e-001
 8.1621224e-001
 8.1623435e-001
 8.1625080e-001
 8.1625259e-001
 8.1623185e-001
 8.1618321e-001
 8.1610465e-001
 8.1599838e-001
 8.1587011e-001
 8.1572860e-001
 8.1558377e-001
 8.1544542e-001
 8.1532151e-001
 8.1521696e-001
 8.1513321e-001
 8.1506854e-001
 8.1501901e-001
 8.1497979e-001
 8.1494701e-001
 8.1491917e-001
 8.1489789e-001
 8.1488812e-001
 8.1489754e-001
 8.1493509e-001
 8.1500971e-001
 8.1512856e-001
 8.1529588e-001
 8.1551218e-001
 8.1577432e-001
 8.1607610e-001
 8.1640899e-001
 8.1676304e-001
 8.1712848e-001
 8.1749582e-001
 8.1785667e-001
 8.1820387e-001
 8.1853110e-001
 8.1883276e-001
 8.1910336e-001
 8.1933743e-001
 8.1952947e-001
 8.1967425e-001
 8.1976712e-001
 8.1980491e-001
 8.1978619e-001
 8.1971180e-001
 8.1958503e-001
 8.1941110e-001
 8.1919694e-001
 8.1895036e-001
 8.1867898e-001
 8.1838983e-001
 8.1808817e-001
 8.1777751e-001
 8.1745899e-001
 8.1713098e-001
 8.1678957e-001
 8.1642848e-001
 8.1603968e-001
 8.1561381e-001
 8.1514108e-001
 8.1461239e-001
 8.1402016e-001
 8.1335884e-001
 8.1262571e-001
 8.1182045e-001
 8.1094497e-001
 8.1000227e-001
 8.0899495e-001
 8.0792433e-001
 8.0678880e-001
 8.0558342e-001
 8.0429929e-001
 8.0292273e-001
 8.0143648e-001
 7.9981828e-001
 7.9804200e-001
 7.9607660e-001
 7.9388463e-001
 7.9142338e-001
 7.8864151e-001
 7.8548151e-001
 7.8187990e-001
 7.7776825e-001
 7.7308035e-001
 7.6775706e-001
 7.6175159e-001
 7.5504166e-001
 7.4763066e-001
 7.3955750e-001
 7.3089635e-001
 7.2175127e-001
 7.1225804e-001
 7.0256704e-001
 6.9284111e-001
 6.8324220e-001
 6.7391860e-001
 6.6500694e-001
 6.5661991e-001
 6.4885390e-001
 6.4178878e-001
 6.3549018e-001
 6.3002092e-001
 6.2543941e-001
 6.2180704e-001
 6.1918521e-001
 6.1763120e-001
 6.1719376e-001
 6.1790448e-001
 6.1977071e-001
 6.2276900e-001
 6.2684423e-001
 6.3190764e-001
 6.3784158e-001
 6.4450890e-001
 6.5175653e-001
 6.5943044e-001
 6.6737878e-001
 6.7546058e-001
 6.8355435e-001
 6.9155359e-001
 6.9937533e-001
 7.0695198e-001
 7.1423215e-001
 7.2117990e-001
 7.2776568e-001
 7.3397022e-001
 7.3977673e-001
 7.4517214e-001
 7.5014913e-001
 7.5470167e-001
 7.5883132e-001
 7.6254427e-001
 7.6585442e-001
 7.6878446e-001
 7.7136326e-001
 7.7362585e-001
 7.7561176e-001
 7.7736074e-001
 7.7891147e-001
 7.8029805e-001
 7.8154814e-001
 7.8268301e-001
 7.8371620e-001
 7.8465563e-001
 7.8550470e-001
 7.8626490e-001
 7.8693795e-001
 7.8752780e-001
 7.8804219e-001
 7.8849292e-001
 7.8889596e-001
 7.8927028e-001
 7.8963566e-001
 7.9001063e-001
 7.9041022e-001
 7.9084396e-001
 7.9131502e-001
 7.9181999e-001
 7.9235005e-001
 7.9289377e-001
 7.9343939e-001
 7.9397815e-001
 7.9450613e-001
 7.9502487e-001
 7.9554111e-001
 7.9606313e-001
 7.9659832e-001
 7.9714900e-001
 7.9771024e-001
 7.9826957e-001
 7.9880834e-001
 7.9930598e-001
 7.9974455e-001
 8.0011338e-001
 8.0041254e-001
 8.0065310e-001
 8.0085588e-001
 8.0104715e-001
 8.0125368e-001
 8.0149758e-001
 8.0179220e-001
 8.0214041e-001
 8.0253476e-001
 8.0295962e-001
 8.0339527e-001
 8.0382168e-001
 8.0422282e-001
 8.0458939e-001
 8.0492002e-001
 8.0522120e-001
 8.0550522e-001
 8.0578756e-001
 8.0608362e-001
 8.0640548e-001
 8.0676007e-001
 8.0714768e-001
 8.0756253e-001
 8.0799419e-001
 8.0842924e-001
 8.0885410e-001
 8.0925697e-001
 8.0962920e-001
 8.0996698e-001
 8.1027085e-001
 8.1054574e-001
 8.1080014e-001
 8.1104451e-001
 8.1129062e-001
 8.1154972e-001
 8.1183171e-001
 8.1214398e-001
 8.1249046e-001
 8.1287104e-001
 8.1328118e-001
 8.1371212e-001
 8.1415218e-001
 8.1458783e-001
 8.1500548e-001
 8.1539261e-001
 8.1573844e-001
 8.1603533e-001
 8.1627947e-001
 8.1647241e-001
 8.1662095e-001
 8.1673700e-001
 8.1683612e-001
 8.1693488e-001
 8.1704837e-001
 8.1718665e-001
 8.1735325e-001
 8.1754416e-001
 8.1774974e-001
 8.1795752e-001
 8.1815559e-001
 8.1833518e-001
 8.1849277e-001
 8.1863034e-001
 8.1875521e-001
 8.1887835e-001
 8.1901228e-001
 8.1916833e-001
 8.1935477e-001
 8.1957507e-001
 8.1982821e-001
 8.2010889e-001
 8.2040977e-001
 8.2072288e-001
 8.2104123e-001
 8.2135993e-001
 8.2167566e-001
 8.2198620e-001
 8.2228911e-001
 8.2258052e-001
 8.2285470e-001
 8.2310349e-001
 8.2331651e-001
 8.2348257e-001
 8.2359087e-001
 8.2363367e-001
 8.2360804e-001
 8.2351798e-001
 8.2337457e-001
 8.2319546e-001
 8.2300270e-001
 8.2281983e-001
 8.2266849e-001
 8.2256520e-001
 8.2251930e-001
 8.2253325e-001
 8.2260281e-001
 8.2271904e-001
 8.2286966e-001
 8.2304090e-001
 8.2321900e-001
 8.2339090e-001
 8.2354522e-001
 8.2367319e-001
 8.2376885e-001
 8.2382947e-001
 8.2385564e-001
 8.2385117e-001
 8.2382244e-001
 8.2377750e-001
 8.2372546e-001
 8.2367510e-001
 8.2363409e-001
 8.2360786e-001
 8.2359934e-001
 8.2360870e-001
 8.2363319e-001
 8.2366776e-001
 8.2370567e-001
 8.2373923e-001
 8.2376045e-001
 8.2376212e-001
 8.2373863e-001
 8.2368642e-001
 8.2360512e-001
 8.2349765e-001
 8.2337093e-001
 8.2323539e-001
 8.2310468e-001
 8.2299417e-001
 8.2291943e-001
 8.2289398e-001
 8.2292712e-001
 8.2302195e-001
 8.2317406e-001
 8.2337141e-001
 8.2359529e-001
 8.2382244e-001
 8.2402843e-001
 8.2419121e-001
 8.2429433e-001
 8.2432973e-001
 8.2429910e-001
 8.2421345e-001
 8.2409126e-001
 8.2395530e-001
 8.2382864e-001
 8.2373089e-001
 8.2367492e-001
 8.2366508e-001
 8.2369685e-001
 8.2375842e-001
 8.2383311e-001
 8.2390296e-001
 8.2395226e-001
 8.2397020e-001
 8.2395291e-001
 8.2390362e-001
 8.2383162e-001
 8.2374978e-001
 8.2367182e-001
 8.2360911e-001
 8.2356811e-001
 8.2354909e-001
 8.2354587e-001
 8.2354707e-001
 8.2353836e-001
 8.2350522e-001
 8.2343590e-001
 8.2332367e-001
 8.2316828e-001
 8.2297641e-001
 8.2276040e-001
 8.2253671e-001
 8.2232302e-001
 8.2213569e-001
 8.2198697e-001
 8.2188356e-001
 8.2182580e-001
 8.2180864e-001
 8.2182276e-001
 8.2185626e-001
 8.2189649e-001
 8.2193148e-001
 8.2195097e-001
 8.2194716e-001
 8.2191515e-001
 8.2185292e-001
 8.2176143e-001
 8.2164383e-001
 8.2150489e-001
 8.2135057e-001
 8.2118732e-001
 8.2102162e-001
 8.2085991e-001
 8.2070839e-001
 8.2057321e-001
 8.2046020e-001
 8.2037497e-001
 8.2032269e-001
 8.2030779e-001
 8.2033384e-001
 8.2040286e-001
 8.2051492e-001
 8.2066768e-001
 8.2085609e-001
 8.2107222e-001
 8.2130557e-001
 8.2154334e-001
 8.2177150e-001
 8.2197589e-001
 8.2214391e-001
 8.2226557e-001
 8.2233524e-001
 8.2235217e-001
 8.2232082e-001
 8.2225019e-001
 8.2215291e-001
 8.2204330e-001
 8.2193553e-001
 8.2184160e-001
 8.2177001e-001
 8.2172424e-001
 8.2170266e-001
 8.2169884e-001
 8.2170236e-001
 8.2170051e-001
 8.2168019e-001
 8.2162941e-001
 8.2153922e-001
 8.2140458e-001
 8.2122499e-001
 8.2100433e-001
 8.2075000e-001
 8.2047206e-001
 8.2018191e-001
 8.1989074e-001
 8.1960845e-001
 8.1934297e-001
 8.1909943e-001
 8.1888032e-001
 8.1868559e-001
 8.1851280e-001
 8.1835800e-001
 8.1821597e-001
 8.1808060e-001
 8.1794560e-001
 8.1780469e-001
 8.1765199e-001
 8.1748241e-001
 8.1729233e-001
 8.1707978e-001
 8.1684530e-001
 8.1659204e-001
 8.1632608e-001
 8.1605637e-001
 8.1579387e-001
 8.1555116e-001
 8.1534058e-001
 8.1517339e-001
 8.1505811e-001
 8.1499922e-001
 8.1499654e-001
 8.1504482e-001
 8.1513417e-001
 8.1525075e-001
 8.1537831e-001
 8.1549913e-001
 8.1559610e-001
 8.1565356e-001
 8.1565875e-001
 8.1560194e-001
 8.1547719e-001
 8.1528234e-001
 8.1501865e-001
 8.1469125e-001
 8.1430817e-001
 8.1388098e-001
 8.1342399e-001
 8.1295383e-001
 8.1248903e-001
 8.1204832e-001
 8.1164998e-001
 8.1130981e-001
 8.1103957e-001
 8.1084597e-001
 8.1072962e-001
 8.1068498e-001
 8.1070095e-001
 8.1076211e-001
 8.1085062e-001
 8.1094813e-001
 8.1103808e-001
 8.1110710e-001
 8.1114656e-001
 8.1115276e-001
 8.1112725e-001
 8.1107593e-001
 8.1100792e-001
 8.1093419e-001
 8.1086576e-001
 8.1081253e-001
 8.1078207e-001
 8.1077898e-001
 8.1080478e-001
 8.1085861e-001
 8.1093729e-001
 8.1103617e-001
 8.1114942e-001
 8.1127059e-001
 8.1139284e-001
 8.1150889e-001
 8.1161135e-001
 8.1169266e-001
 8.1174529e-001
 8.1176233e-001
 8.1173748e-001
 8.1166548e-001
 8.1154275e-001
 8.1136775e-001
 8.1114113e-001
 8.1086558e-001
 8.1059009e-001
 8.1022322e-001
 8.0982453e-001
 8.0940109e-001
 8.0896008e-001
 8.0850798e-001
 8.0805057e-001
 8.0759305e-001
 8.0713964e-001
 8.0669475e-001
 8.0626208e-001
 8.0584556e-001
 8.0544871e-001
 8.0507469e-001
 8.0472618e-001
 8.0440539e-001
 8.0411369e-001
 8.0385202e-001
 8.0362099e-001
 8.0342072e-001
 8.0325127e-001
 8.0311239e-001
 8.0300349e-001
 8.0292279e-001
 8.0286717e-001
 8.0283129e-001
 8.0280727e-001
 8.0278534e-001
 8.0275393e-001
 8.0270064e-001
 8.0261284e-001
 8.0247819e-001
 8.0228549e-001
 8.0202603e-001
 8.0169523e-001
 8.0129415e-001
 8.0082983e-001
 8.0031496e-001
 7.9976642e-001
 7.9920328e-001
 7.9864591e-001
 7.9811442e-001
 7.9762805e-001
 7.9720342e-001
 7.9685271e-001
 7.9658252e-001
 7.9639280e-001
 7.9627770e-001
 7.9622716e-001
 7.9622835e-001
 7.9626727e-001
 7.9632944e-001
 7.9640019e-001
 7.9646480e-001
 7.9650867e-001
 7.9651707e-001
 7.9647541e-001
 7.9636919e-001
 7.9618388e-001
 7.9590499e-001
 7.9551810e-001
 7.9500902e-001
 7.9436427e-001
 7.9357171e-001
 7.9262090e-001
 7.9150462e-001
 7.9021889e-001
 7.8876203e-001
 7.8713512e-001
 7.8533983e-001
 7.8337926e-001
 7.8125721e-001
 7.7897811e-001
 7.7654982e-001
 7.7398342e-001
 7.7129644e-001
 7.6851267e-001
 7.6566058e-001
 7.6277405e-001
 7.5988811e-001
 7.5703955e-001
 7.5426447e-001
 7.5159508e-001
 7.4905854e-001
 7.4667060e-001
 7.4443370e-001
 7.4233454e-001
 7.4034530e-001
 7.3842818e-001
 7.3653948e-001
 7.3463207e-001
 7.3265988e-001
 7.3057872e-001
 7.2835177e-001
 7.2595340e-001
 7.2337222e-001
 7.2061491e-001
 7.1770185e-001
 7.1466553e-001
 7.1154529e-001
 7.0838237e-001
 7.0522016e-001
 7.0209926e-001
 6.9905818e-001
 6.9612968e-001
 6.9333804e-001
 6.9070023e-001
 6.8822432e-001
 6.8591368e-001
 6.8376827e-001
 6.8178558e-001
 6.7996347e-001
 6.7829889e-001
 6.7678946e-001
 6.7543334e-001
 6.7422861e-001
 6.7317462e-001
 6.7227107e-001
 6.7151785e-001
 6.7091548e-001
 6.7046416e-001
 6.7016393e-001
 6.7001408e-001
 6.7001200e-001
 6.7015219e-001
 6.7042553e-001
 6.7081821e-001
 6.7131269e-001
 6.7188865e-001
 6.7252380e-001
 6.7319560e-001
 6.7388135e-001
 6.7455959e-001
 6.7521209e-001
 6.7582482e-001
 6.7639041e-001
 6.7690831e-001
 6.7738444e-001
 6.7782933e-001
 6.7825633e-001
 6.7868000e-001
 6.7911530e-001
 6.7957604e-001
 6.8007481e-001
 6.8062073e-001
 6.8121892e-001
 6.8187010e-001
 6.8257064e-001
 6.8331414e-001
 6.8409210e-001
 6.8489534e-001
 6.8571466e-001
 6.8654108e-001
 6.8736702e-001
 6.8818671e-001
 6.8899697e-001
 6.8979776e-001
 6.9059151e-001
 6.9138283e-001
 6.9217724e-001
 6.9298071e-001
 6.9379961e-001
 6.9463933e-001
 6.9550401e-001
 6.9639575e-001
 6.9731337e-001
 6.9825280e-001
 6.9920659e-001
 7.0016515e-001
 7.0111787e-001
 7.0205319e-001
 7.0296025e-001
 7.0382881e-001
 7.0465100e-001
 7.0542300e-001
 7.0614576e-001
 7.0682633e-001
 7.0747668e-001
 7.0811254e-001
 7.0875210e-001
 7.0941412e-001
 7.1011752e-001
 7.1087903e-001
 7.1171176e-001
 7.1262276e-001
 7.1361005e-001
 7.1466273e-001
 7.1576089e-001
 7.1687841e-001
 7.1798569e-001
 7.1905142e-001
 7.2004449e-001
 7.2093648e-001
 7.2170395e-001
 7.2233266e-001
 7.2282016e-001
 7.2317743e-001
 7.2342765e-001
 7.2360271e-001
 7.2373992e-001
 7.2387862e-001
 7.2405851e-001
 7.2431672e-001
 7.2468501e-001
 7.2518659e-001
 7.2583199e-001
 7.2661865e-001
 7.2753167e-001
 7.2854763e-001
 7.2963685e-001
 7.3076802e-001
 7.3190928e-001
 7.3302925e-001
 7.3409998e-001
 7.3509848e-001
 7.3600787e-001
 7.3681903e-001
 7.3752946e-001
 7.3814166e-001
 7.3866063e-001
 7.3909342e-001
 7.3944753e-001
 7.3973078e-001
 7.3995167e-001
 7.4011976e-001
 7.4024540e-001
 7.4034059e-001
 7.4041837e-001
 7.4049258e-001
 7.4057764e-001
 7.4068803e-001
 7.4083787e-001
 7.4104017e-001
 7.4130553e-001
 7.4164081e-001
 7.4204737e-001
 7.4252069e-001
 7.4305129e-001
 7.4362528e-001
 7.4422675e-001
 7.4483871e-001
 7.4544424e-001
 7.4602675e-001
 7.4657202e-001
 7.4706888e-001
 7.4751043e-001
 7.4789459e-001
 7.4822390e-001
 7.4850363e-001
 7.4874133e-001
 7.4894547e-001
 7.4912435e-001
 7.4928635e-001
 7.4943864e-001
 7.4958712e-001
 7.4973530e-001
 7.4988461e-001
 7.5003421e-001
 7.5018179e-001
 7.5032413e-001
 7.5045753e-001
 7.5057822e-001
 7.5068295e-001
 7.5076884e-001
 7.5083452e-001
 7.5087994e-001
 7.5090712e-001
 7.5091946e-001
 7.5092167e-001
 7.5091904e-001
 7.5091732e-001
 7.5092191e-001
 7.5093758e-001
 7.5096756e-001
 7.5101274e-001
 7.5107044e-001
 7.5113416e-001
 7.5119424e-001
 7.5123829e-001
 7.5125253e-001
 7.5122261e-001
 7.5113422e-001
 7.5097388e-001
 7.5073010e-001
 7.5039464e-001
 7.4996382e-001
 7.4943858e-001
 7.4882436e-001
 7.4813026e-001
 7.4736685e-001
 7.4654561e-001
 7.4567890e-001
 7.4477834e-001
 7.4385500e-001
 7.4291956e-001
 7.4198091e-001
 7.4104673e-001
 7.4012315e-001
 7.3921603e-001
 7.3832995e-001
 7.3746932e-001
 7.3663878e-001
 7.3584217e-001
 7.3508257e-001
 7.3436260e-001
 7.3368311e-001
 7.3304319e-001
 7.3244113e-001
 7.3187381e-001
 7.3133749e-001
 7.3082817e-001
 7.3034209e-001
 7.2987568e-001
 7.2942579e-001
 7.2899091e-001
 7.2857070e-001
 7.2816664e-001
 7.2778195e-001
 7.2742081e-001
 7.2708809e-001
 7.2678894e-001
 7.2652847e-001
 7.2631085e-001
 7.2613907e-001
 7.2601366e-001
 7.2593170e-001
 7.2588694e-001
 7.2586960e-001
 7.2586769e-001
 7.2586757e-001
 7.2585517e-001
 7.2581619e-001
 7.2573674e-001
 7.2560382e-001
 7.2540617e-001
 7.2513449e-001
 7.2478199e-001
 7.2434413e-001
 7.2381777e-001
 7.2320062e-001
 7.2249150e-001
 7.2168887e-001
 7.2079164e-001
 7.1979880e-001
 7.1871078e-001
 7.1752805e-001
 7.1625191e-001
 7.1488529e-001
 7.1343106e-001
 7.1189207e-001
 7.1027261e-001
 7.0857561e-001
 7.0680338e-001
 7.0495844e-001
 7.0304024e-001
 7.0104599e-001
 6.9896972e-001
 6.9680429e-001
 6.9453931e-001
 6.9216323e-001
 6.8966556e-001
 6.8703389e-001
 6.8425572e-001
 6.8132073e-001
 6.7821664e-001
 6.7493194e-001
 6.7145467e-001
 6.6777545e-001
 6.6388267e-001
 6.5976453e-001
 6.5541255e-001
 6.5081549e-001
 6.4596301e-001
 6.4085001e-001
 6.3547105e-001
 6.2982482e-001
 6.2391859e-001
 6.1775988e-001
 6.1136073e-001
 6.0473341e-001
 5.9789628e-001
 5.9086406e-001
 5.8365351e-001
 5.7629097e-001
 5.6880456e-001
 5.6123203e-001
 5.5362689e-001
 5.4604697e-001
 5.3855902e-001
 5.3123206e-001
 5.2414221e-001
 5.1735997e-001
 5.1095420e-001
 5.0499314e-001
 4.9953192e-001
 4.9461490e-001
 4.9027714e-001
 4.8653874e-001
 4.8341259e-001
 4.8090598e-001
 4.7902513e-001
 4.7777283e-001
 4.7715050e-001
 4.7715658e-001
 4.7778347e-001
 4.7901675e-001
 4.8083287e-001
 4.8320171e-001
 4.8608819e-001
 4.8945171e-001
 4.9325201e-001
 4.9744710e-001
 5.0199491e-001
 5.0684786e-001
 5.1195794e-001
 5.1727271e-001
 5.2273053e-001
 5.2826893e-001
 5.3382170e-001
 5.3931695e-001
 5.4468620e-001
 5.4986107e-001
 5.5477875e-001
 5.5938220e-001
 5.6363338e-001
 5.6751472e-001
 5.7102931e-001
 5.7420373e-001
 5.7707977e-001
 5.7970643e-001
 5.8213902e-001
 5.8443326e-001
 5.8664131e-001
 5.8881170e-001
 5.9098345e-001
 5.9318364e-001
 5.9542447e-001
 5.9770733e-001
 6.0002470e-001
 6.0236180e-001
 6.0470313e-001
 6.0703230e-001
 6.0933167e-001
 6.1158669e-001
 6.1378449e-001
 6.1591613e-001
 6.1797482e-001
 6.1995834e-001
 6.2186712e-001
 6.2370157e-001
 6.2546408e-001
 6.2715739e-001
 6.2878305e-001
 6.3034356e-001
 6.3184136e-001
 6.3327730e-001
 6.3465315e-001
 6.3596988e-001
 6.3722855e-001
 6.3842922e-001
 6.3957280e-001
 6.4066005e-001
 6.4169091e-001
 6.4266616e-001
 6.4358640e-001
 6.4445150e-001
 6.4526182e-001
 6.4601743e-001
 6.4671850e-001
 6.4736462e-001
 6.4795583e-001
 6.4849210e-001
 6.4897257e-001
 6.4939630e-001
 6.4976114e-001
 6.5006363e-001
 6.5029877e-001
 6.5046048e-001
 6.5054137e-001
 6.5053374e-001
 6.5042949e-001
 6.5022093e-001
 6.4990085e-001
 6.4946377e-001
 6.4890641e-001
 6.4822936e-001
 6.4743662e-001
 6.4653552e-001
 6.4553642e-001
 6.4445078e-001
 6.4329076e-001
 6.4206833e-001
 6.4079618e-001
 6.3948488e-001
 6.3814360e-001
 6.3678026e-001
 6.3539928e-001
 6.3400298e-001
 6.3259304e-001
 6.3116926e-001
 6.2973076e-001
 6.2827736e-001
 6.2680733e-001
 6.2531823e-001
 6.2380564e-001
 6.2226409e-001
 6.2068450e-001
 6.1905557e-001
 6.1736566e-001
 6.1560094e-001
 6.1374718e-001
 6.1179179e-001
 6.0972232e-001
 6.0752910e-001
 6.0520655e-001
 6.0275668e-001
 6.0018647e-001
 5.9750879e-001
 5.9474295e-001
 5.9190881e-001
 5.8902758e-001
 5.8612251e-001
 5.8321422e-001
 5.8032227e-001
 5.7746267e-001
 5.7464939e-001
 5.7189012e-001
 5.6918865e-001
 5.6654763e-001
 5.6396616e-001
 5.6144255e-001
 5.5897665e-001
 5.5656672e-001
 5.5421162e-001
 5.5191290e-001
 5.4967189e-001
 5.4749191e-001
 5.4537719e-001
 5.4333448e-001
 5.4136974e-001
 5.3948915e-001
 5.3770053e-001
 5.3601044e-001
 5.3442609e-001
 5.3295618e-001
 5.3160936e-001
 5.3039539e-001
 5.2932483e-001
 5.2840948e-001
 5.2766085e-001
 5.2709049e-001
 5.2670968e-001
 5.2652735e-001
 5.2654874e-001
 5.2677232e-001
 5.2718729e-001
 5.2777284e-001
 5.2849883e-001
 5.2932948e-001
 5.3022546e-001
 5.3114671e-001
 5.3205276e-001
 5.3290623e-001
 5.3367406e-001
 5.3432924e-001
 5.3485447e-001
 5.3524202e-001
 5.3549343e-001
 5.3561759e-001
 5.3562802e-001
 5.3554040e-001
 5.3537124e-001
 5.3513682e-001
 5.3485322e-001
 5.3453630e-001
 5.3421336e-001
 5.3395534e-001
 5.3361875e-001
 5.3328931e-001
 5.3297096e-001
 5.3266782e-001
 5.3238374e-001
 5.3212303e-001
 5.3188956e-001
 5.3168744e-001
 5.3152066e-001
 5.3139240e-001
 5.3129792e-001
 5.3122813e-001
 5.3117377e-001
 5.3112566e-001
 5.3107458e-001
 5.3101146e-001
 5.3092712e-001
 5.3081226e-001
 5.3065783e-001
 5.3045452e-001
 5.3019327e-001
 5.2986467e-001
 5.2945989e-001
 5.2897048e-001
 5.2839613e-001
 5.2774101e-001
 5.2700901e-001
 5.2620476e-001
 5.2533209e-001
 5.2439511e-001
 5.2339786e-001
 5.2234489e-001
 5.2124000e-001
 5.2008748e-001
 5.1889110e-001
 5.1765555e-001
 5.1638472e-001
 5.1508272e-001
 5.1375377e-001
 5.1240152e-001
 5.1103091e-001
 5.0964558e-001
 5.0824970e-001
 5.0684661e-001
 5.0544095e-001
 5.0403631e-001
 5.0263655e-001
 5.0124520e-001
 4.9986675e-001
 4.9850482e-001
 4.9716333e-001
 4.9584603e-001
 4.9455664e-001
 4.9329957e-001
 4.9207839e-001
 4.9089703e-001
 4.8975909e-001
 4.8866895e-001
 4.8763031e-001
 4.8664692e-001
 4.8572257e-001
 4.8486149e-001
 4.8406738e-001
 4.8334369e-001
 4.8269004e-001
 4.8210469e-001
 4.8158529e-001
 4.8112974e-001
 4.8073599e-001
 4.8040175e-001
 4.8012516e-001
 4.7990397e-001
 4.7973606e-001
 4.7961932e-001
 4.7955170e-001
 4.7953105e-001
 4.7955516e-001
 4.7962210e-001
 4.7972956e-001
 4.7987556e-001
 4.8005795e-001
 4.8027462e-001
 4.8052344e-001
 4.8080233e-001
 4.8110908e-001
 4.8144165e-001
 4.8179802e-001
 4.8217592e-001
 4.8257327e-001
 4.8298806e-001
 4.8341912e-001
 4.8386556e-001
 4.8432651e-001
 4.8480114e-001
 4.8528862e-001
 4.8578829e-001
 4.8629901e-001
 4.8682010e-001
 4.8735064e-001
 4.8789006e-001
 4.8843715e-001
 4.8899120e-001
 4.8955142e-001
 4.9011716e-001
 4.9068719e-001
 4.9126092e-001
 4.9183738e-001
 4.9241599e-001
 4.9299559e-001
 4.9357551e-001
 4.9415484e-001
 4.9473277e-001
 4.9530864e-001
 4.9588132e-001
 4.9645007e-001
 4.9701408e-001
 4.9757266e-001
 4.9812469e-001
 4.9866945e-001
 4.9920619e-001
 4.9973470e-001
 5.0025469e-001
 5.0076610e-001
