s07_ASD Record=9570: Pyrophyllite PYS1A <850um    ASDNGa AREF
-1.2300000e+034
 4.5620453e-001
 4.5722589e-001
 4.5820335e-001
 4.5877811e-001
 4.5925704e-001
 4.5959783e-001
 4.6009675e-001
 4.6088198e-001
 4.6134770e-001
 4.6199223e-001
 4.6270320e-001
 4.6313152e-001
 4.6400622e-001
 4.6490359e-001
 4.6559754e-001
 4.6628648e-001
 4.6692666e-001
 4.6758869e-001
 4.6831405e-001
 4.6897334e-001
 4.6971583e-001
 4.7051609e-001
 4.7126791e-001
 4.7209933e-001
 4.7291657e-001
 4.7371462e-001
 4.7464389e-001
 4.7559175e-001
 4.7651830e-001
 4.7744337e-001
 4.7850597e-001
 4.7961554e-001
 4.8070550e-001
 4.8174146e-001
 4.8281169e-001
 4.8387936e-001
 4.8497620e-001
 4.8624590e-001
 4.8757917e-001
 4.8891950e-001
 4.9025461e-001
 4.9168038e-001
 4.9307889e-001
 4.9441677e-001
 4.9571884e-001
 4.9697673e-001
 4.9817759e-001
 4.9938998e-001
 5.0081617e-001
 5.0204909e-001
 5.0316924e-001
 5.0434071e-001
 5.0549519e-001
 5.0666922e-001
 5.0776660e-001
 5.0864387e-001
 5.0961304e-001
 5.1056749e-001
 5.1144338e-001
 5.1234353e-001
 5.1323950e-001
 5.1406342e-001
 5.1477981e-001
 5.1555598e-001
 5.1630437e-001
 5.1701885e-001
 5.1775628e-001
 5.1843250e-001
 5.1912051e-001
 5.1986206e-001
 5.2058256e-001
 5.2128530e-001
 5.2201068e-001
 5.2279162e-001
 5.2352273e-001
 5.2428579e-001
 5.2510339e-001
 5.2593023e-001
 5.2676314e-001
 5.2763152e-001
 5.2855694e-001
 5.2952605e-001
 5.3053242e-001
 5.3159708e-001
 5.3274357e-001
 5.3391111e-001
 5.3513938e-001
 5.3642672e-001
 5.3770638e-001
 5.3896183e-001
 5.4021186e-001
 5.4146576e-001
 5.4267329e-001
 5.4383314e-001
 5.4495144e-001
 5.4603928e-001
 5.4707211e-001
 5.4807746e-001
 5.4906899e-001
 5.5002660e-001
 5.5094022e-001
 5.5180985e-001
 5.5264390e-001
 5.5347246e-001
 5.5427623e-001
 5.5504620e-001
 5.5578578e-001
 5.5649579e-001
 5.5718827e-001
 5.5787319e-001
 5.5854839e-001
 5.5921161e-001
 5.5986691e-001
 5.6052065e-001
 5.6115323e-001
 5.6177133e-001
 5.6238461e-001
 5.6300491e-001
 5.6362933e-001
 5.6425858e-001
 5.6489104e-001
 5.6551737e-001
 5.6613344e-001
 5.6675017e-001
 5.6738669e-001
 5.6802905e-001
 5.6867337e-001
 5.6931758e-001
 5.6996322e-001
 5.7060575e-001
 5.7125223e-001
 5.7190746e-001
 5.7256478e-001
 5.7323945e-001
 5.7392704e-001
 5.7460117e-001
 5.7529330e-001
 5.7599485e-001
 5.7669961e-001
 5.7742745e-001
 5.7815146e-001
 5.7887959e-001
 5.7962894e-001
 5.8036464e-001
 5.8112013e-001
 5.8189923e-001
 5.8265632e-001
 5.8341295e-001
 5.8417535e-001
 5.8494473e-001
 5.8571666e-001
 5.8647734e-001
 5.8723670e-001
 5.8801502e-001
 5.8877712e-001
 5.8953142e-001
 5.9028846e-001
 5.9104961e-001
 5.9180301e-001
 5.9254509e-001
 5.9328145e-001
 5.9403461e-001
 5.9478503e-001
 5.9552652e-001
 5.9626645e-001
 5.9701318e-001
 5.9775692e-001
 5.9849012e-001
 5.9922457e-001
 5.9995788e-001
 6.0068542e-001
 6.0140598e-001
 6.0212618e-001
 6.0284686e-001
 6.0356379e-001
 6.0426855e-001
 6.0497737e-001
 6.0568541e-001
 6.0638416e-001
 6.0707992e-001
 6.0777599e-001
 6.0847282e-001
 6.0916549e-001
 6.0985768e-001
 6.1054087e-001
 6.1121362e-001
 6.1189318e-001
 6.1256355e-001
 6.1322916e-001
 6.1389905e-001
 6.1454463e-001
 6.1518121e-001
 6.1581486e-001
 6.1643869e-001
 6.1705214e-001
 6.1764443e-001
 6.1821431e-001
 6.1878753e-001
 6.1935192e-001
 6.1990643e-001
 6.2045765e-001
 6.2099904e-001
 6.2153292e-001
 6.2205994e-001
 6.2257624e-001
 6.2309259e-001
 6.2360877e-001
 6.2412030e-001
 6.2462884e-001
 6.2512916e-001
 6.2561917e-001
 6.2609541e-001
 6.2655890e-001
 6.2701076e-001
 6.2745106e-001
 6.2787700e-001
 6.2829620e-001
 6.2871164e-001
 6.2912083e-001
 6.2952566e-001
 6.2991643e-001
 6.3029045e-001
 6.3065863e-001
 6.3101220e-001
 6.3135284e-001
 6.3168794e-001
 6.3202679e-001
 6.3238990e-001
 6.3278210e-001
 6.3319570e-001
 6.3363940e-001
 6.3409442e-001
 6.3454688e-001
 6.3500279e-001
 6.3545460e-001
 6.3590163e-001
 6.3634467e-001
 6.3678318e-001
 6.3720405e-001
 6.3760585e-001
 6.3800120e-001
 6.3839400e-001
 6.3879442e-001
 6.3921201e-001
 6.3964778e-001
 6.4009780e-001
 6.4055836e-001
 6.4102465e-001
 6.4150149e-001
 6.4199448e-001
 6.4250380e-001
 6.4301872e-001
 6.4353520e-001
 6.4405137e-001
 6.4456910e-001
 6.4508957e-001
 6.4561385e-001
 6.4614242e-001
 6.4667410e-001
 6.4721006e-001
 6.4775240e-001
 6.4830136e-001
 6.4885581e-001
 6.4941329e-001
 6.4997590e-001
 6.5054822e-001
 6.5113002e-001
 6.5171391e-001
 6.5230131e-001
 6.5290469e-001
 6.5351599e-001
 6.5413368e-001
 6.5475792e-001
 6.5538698e-001
 6.5602434e-001
 6.5666735e-001
 6.5731257e-001
 6.5796489e-001
 6.5862453e-001
 6.5928847e-001
 6.5994614e-001
 6.6061080e-001
 6.6128409e-001
 6.6196358e-001
 6.6264284e-001
 6.6332686e-001
 6.6401517e-001
 6.6470975e-001
 6.6540557e-001
 6.6610658e-001
 6.6681099e-001
 6.6750515e-001
 6.6819161e-001
 6.6886389e-001
 6.6951805e-001
 6.7016768e-001
 6.7082059e-001
 6.7148083e-001
 6.7215347e-001
 6.7283857e-001
 6.7353398e-001
 6.7423862e-001
 6.7495692e-001
 6.7567950e-001
 6.7640597e-001
 6.7714095e-001
 6.7788035e-001
 6.7862326e-001
 6.7936975e-001
 6.8011558e-001
 6.8086648e-001
 6.8162382e-001
 6.8238580e-001
 6.8315279e-001
 6.8391991e-001
 6.8468428e-001
 6.8544608e-001
 6.8620622e-001
 6.8695790e-001
 6.8770355e-001
 6.8845928e-001
 6.8920618e-001
 6.8994594e-001
 6.9068587e-001
 6.9142318e-001
 6.9215298e-001
 6.9287008e-001
 6.9357008e-001
 6.9423103e-001
 6.9484657e-001
 6.9543546e-001
 6.9605404e-001
 6.9675058e-001
 6.9752383e-001
 6.9834316e-001
 6.9916159e-001
 6.9995958e-001
 7.0073205e-001
 7.0148450e-001
 7.0222449e-001
 7.0295131e-001
 7.0365882e-001
 7.0433182e-001
 7.0497489e-001
 7.0560205e-001
 7.0623583e-001
 7.0691699e-001
 7.0764786e-001
 7.0841008e-001
 7.0917016e-001
 7.0990741e-001
 7.1062183e-001
 7.1132076e-001
 7.1200848e-001
 7.1268260e-001
 7.1335256e-001
 7.1402752e-001
 7.1469444e-001
 7.1535319e-001
 7.1600586e-001
 7.1665454e-001
 7.1729088e-001
 7.1792144e-001
 7.1855718e-001
 7.1920204e-001
 7.1985543e-001
 7.2050911e-001
 7.2115254e-001
 7.2178489e-001
 7.2240168e-001
 7.2299922e-001
 7.2357196e-001
 7.2413749e-001
 7.2470605e-001
 7.2527796e-001
 7.2584641e-001
 7.2634262e-001
 7.2667438e-001
 7.2678709e-001
 7.2677308e-001
 7.2702050e-001
 7.2772044e-001
 7.2883022e-001
 7.2995430e-001
 7.3094124e-001
 7.3175418e-001
 7.3246294e-001
 7.3312235e-001
 7.3375785e-001
 7.3437750e-001
 7.3498636e-001
 7.3557800e-001
 7.3615748e-001
 7.3674017e-001
 7.3732156e-001
 7.3789805e-001
 7.3846996e-001
 7.3903960e-001
 7.3961353e-001
 7.4019390e-001
 7.4077797e-001
 7.4136120e-001
 7.4193794e-001
 7.4250722e-001
 7.4307638e-001
 7.4364769e-001
 7.4421412e-001
 7.4477595e-001
 7.4533993e-001
 7.4590629e-001
 7.4647284e-001
 7.4703681e-001
 7.4759966e-001
 7.4815351e-001
 7.4870181e-001
 7.4925226e-001
 7.4980325e-001
 7.5035352e-001
 7.5090200e-001
 7.5144911e-001
 7.5199395e-001
 7.5253773e-001
 7.5307888e-001
 7.5361377e-001
 7.5414646e-001
 7.5467926e-001
 7.5521004e-001
 7.5573093e-001
 7.5625229e-001
 7.5677049e-001
 7.5727665e-001
 7.5778443e-001
 7.5828928e-001
 7.5879103e-001
 7.5929934e-001
 7.5979739e-001
 7.6028877e-001
 7.6077867e-001
 7.6126492e-001
 7.6174587e-001
 7.6222503e-001
 7.6270705e-001
 7.6319063e-001
 7.6367784e-001
 7.6416761e-001
 7.6465875e-001
 7.6514649e-001
 7.6562732e-001
 7.6610255e-001
 7.6658028e-001
 7.6705873e-001
 7.6753718e-001
 7.6801378e-001
 7.6848590e-001
 7.6896274e-001
 7.6944309e-001
 7.6991987e-001
 7.7038789e-001
 7.7084959e-001
 7.7130872e-001
 7.7177024e-001
 7.7223444e-001
 7.7268964e-001
 7.7313352e-001
 7.7357411e-001
 7.7401906e-001
 7.7446145e-001
 7.7489531e-001
 7.7532905e-001
 7.7575582e-001
 7.7617967e-001
 7.7660483e-001
 7.7701813e-001
 7.7743006e-001
 7.7784348e-001
 7.7825236e-001
 7.7865642e-001
 7.7905804e-001
 7.7945906e-001
 7.7986085e-001
 7.8025901e-001
 7.8065085e-001
 7.8103805e-001
 7.8142488e-001
 7.8180379e-001
 7.8218138e-001
 7.8256297e-001
 7.8293926e-001
 7.8331059e-001
 7.8368014e-001
 7.8405070e-001
 7.8441501e-001
 7.8478366e-001
 7.8515464e-001
 7.8551394e-001
 7.8586960e-001
 7.8622609e-001
 7.8658211e-001
 7.8693259e-001
 7.8728038e-001
 7.8762448e-001
 7.8796607e-001
 7.8831470e-001
 7.8865433e-001
 7.8898358e-001
 7.8930759e-001
 7.8963464e-001
 7.8996128e-001
 7.9028165e-001
 7.9059118e-001
 7.9090470e-001
 7.9123086e-001
 7.9156518e-001
 7.9189253e-001
 7.9221034e-001
 7.9252994e-001
 7.9285133e-001
 7.9316270e-001
 7.9345930e-001
 7.9374778e-001
 7.9403752e-001
 7.9433829e-001
 7.9464179e-001
 7.9494506e-001
 7.9525191e-001
 7.9557276e-001
 7.9591608e-001
 7.9626065e-001
 7.9658693e-001
 7.9692334e-001
 7.9724520e-001
 7.9755354e-001
 7.9785949e-001
 7.9816920e-001
 7.9847622e-001
 7.9877639e-001
 7.9906982e-001
 7.9937184e-001
 7.9966861e-001
 7.9995179e-001
 8.0022359e-001
 8.0050373e-001
 8.0078238e-001
 8.0105621e-001
 8.0133390e-001
 8.0161154e-001
 8.0188411e-001
 8.0215424e-001
 8.0242991e-001
 8.0268705e-001
 8.0293375e-001
 8.0318564e-001
 8.0344939e-001
 8.0369353e-001
 8.0393904e-001
 8.0420095e-001
 8.0443138e-001
 8.0466479e-001
 8.0489558e-001
 8.0510753e-001
 8.0529630e-001
 8.0547297e-001
 8.0563021e-001
 8.0575579e-001
 8.0586898e-001
 8.0595946e-001
 8.0602974e-001
 8.0609298e-001
 8.0615556e-001
 8.0624807e-001
 8.0638331e-001
 8.0655926e-001
 8.0677849e-001
 8.0707115e-001
 8.0743438e-001
 8.0783689e-001
 8.0827588e-001
 8.0868185e-001
 8.0903310e-001
 8.0935717e-001
 8.0959433e-001
 8.0976009e-001
 8.0985767e-001
 8.0987358e-001
 8.0988890e-001
 8.0987602e-001
 8.0982035e-001
 8.0973917e-001
 8.0958098e-001
 8.0926758e-001
 8.0861825e-001
 8.0733609e-001
 8.0517405e-001
 8.0206126e-001
 7.9809898e-001
 7.9355645e-001
 7.8866386e-001
 7.8381783e-001
 7.7940565e-001
 7.7574629e-001
 7.7338409e-001
 7.7277654e-001
 7.7426636e-001
 7.7804017e-001
 7.8376555e-001
 7.9059029e-001
 7.9750007e-001
 8.0353189e-001
 8.0814183e-001
 8.1140190e-001
 8.1362259e-001
 8.1512630e-001
 8.1621081e-001
 8.1709653e-001
 8.1788272e-001
 8.1852514e-001
 8.1914234e-001
 8.1971425e-001
 8.2022798e-001
 8.2074094e-001
 8.2125789e-001
 8.2174861e-001
 8.2220936e-001
 8.2269710e-001
 8.2311499e-001
 8.2346702e-001
 8.2381332e-001
 8.2424521e-001
 8.2461113e-001
 8.2492846e-001
 8.2526040e-001
 8.2566893e-001
 8.2596475e-001
 8.2625401e-001
 8.2661217e-001
 8.2698411e-001
 8.2731479e-001
 8.2764006e-001
 8.2799733e-001
 8.2838780e-001
 8.2864249e-001
 8.2891941e-001
 8.2928479e-001
 8.2963800e-001
 8.2988542e-001
 8.3014423e-001
 8.3047211e-001
 8.3081263e-001
 8.3097047e-001
 8.3115923e-001
 8.3148885e-001
 8.3175886e-001
 8.3202928e-001
 8.3230048e-001
 8.3257246e-001
 8.3284491e-001
 8.3311731e-001
 8.3338928e-001
 8.3366013e-001
 8.3392972e-001
 8.3419776e-001
 8.3446413e-001
 8.3472896e-001
 8.3499235e-001
 8.3525431e-001
 8.3551520e-001
 8.3577490e-001
 8.3603346e-001
 8.3629072e-001
 8.3654654e-001
 8.3680069e-001
 8.3705282e-001
 8.3730274e-001
 8.3755034e-001
 8.3779538e-001
 8.3803785e-001
 8.3827782e-001
 8.3851534e-001
 8.3875054e-001
 8.3898360e-001
 8.3921474e-001
 8.3944428e-001
 8.3967257e-001
 8.3990008e-001
 8.4012705e-001
 8.4035397e-001
 8.4058082e-001
 8.4080768e-001
 8.4103435e-001
 8.4126037e-001
 8.4148544e-001
 8.4170914e-001
 8.4193122e-001
 8.4215176e-001
 8.4237081e-001
 8.4258866e-001
 8.4280574e-001
 8.4302229e-001
 8.4323865e-001
 8.4345496e-001
 8.4367108e-001
 8.4388673e-001
 8.4410137e-001
 8.4431452e-001
 8.4452546e-001
 8.4473360e-001
 8.4493852e-001
 8.4514010e-001
 8.4533834e-001
 8.4553343e-001
 8.4572577e-001
 8.4591568e-001
 8.4610337e-001
 8.4628916e-001
 8.4647328e-001
 8.4665573e-001
 8.4683675e-001
 8.4701657e-001
 8.4719551e-001
 8.4737378e-001
 8.4755176e-001
 8.4772980e-001
 8.4790814e-001
 8.4808701e-001
 8.4826648e-001
 8.4844643e-001
 8.4862667e-001
 8.4880668e-001
 8.4898585e-001
 8.4916347e-001
 8.4933871e-001
 8.4951079e-001
 8.4967929e-001
 8.4984398e-001
 8.5000491e-001
 8.5016257e-001
 8.5031760e-001
 8.5047078e-001
 8.5062283e-001
 8.5077435e-001
 8.5092562e-001
 8.5107666e-001
 8.5122699e-001
 8.5137552e-001
 8.5152102e-001
 8.5166174e-001
 8.5179585e-001
 8.5192174e-001
 8.5203797e-001
 8.5214424e-001
 8.5224122e-001
 8.5233092e-001
 8.5241675e-001
 8.5250324e-001
 8.5259575e-001
 8.5269964e-001
 8.5281938e-001
 8.5295826e-001
 8.5311741e-001
 8.5329586e-001
 8.5349065e-001
 8.5369736e-001
 8.5391057e-001
 8.5412490e-001
 8.5433561e-001
 8.5453898e-001
 8.5473233e-001
 8.5491443e-001
 8.5508484e-001
 8.5524386e-001
 8.5539222e-001
 8.5553074e-001
 8.5566026e-001
 8.5578167e-001
 8.5589570e-001
 8.5600311e-001
 8.5610449e-001
 8.5620070e-001
 8.5629225e-001
 8.5637975e-001
 8.5646373e-001
 8.5654455e-001
 8.5662246e-001
 8.5669750e-001
 8.5676986e-001
 8.5683948e-001
 8.5690635e-001
 8.5697049e-001
 8.5703194e-001
 8.5709059e-001
 8.5714656e-001
 8.5719967e-001
 8.5724986e-001
 8.5729688e-001
 8.5734069e-001
 8.5738111e-001
 8.5741800e-001
 8.5745150e-001
 8.5748148e-001
 8.5750812e-001
 8.5753149e-001
 8.5755163e-001
 8.5756880e-001
 8.5758305e-001
 8.5759443e-001
 8.5760307e-001
 8.5760880e-001
 8.5761154e-001
 8.5761088e-001
 8.5760629e-001
 8.5759711e-001
 8.5758251e-001
 8.5756159e-001
 8.5753345e-001
 8.5749745e-001
 8.5745305e-001
 8.5739988e-001
 8.5733807e-001
 8.5726786e-001
 8.5718983e-001
 8.5710466e-001
 8.5701323e-001
 8.5691643e-001
 8.5681534e-001
 8.5671109e-001
 8.5660493e-001
 8.5649854e-001
 8.5639399e-001
 8.5629362e-001
 8.5620034e-001
 8.5611725e-001
 8.5604733e-001
 8.5599321e-001
 8.5595685e-001
 8.5593891e-001
 8.5593849e-001
 8.5595316e-001
 8.5597867e-001
 8.5600954e-001
 8.5603923e-001
 8.5606080e-001
 8.5606772e-001
 8.5605437e-001
 8.5601646e-001
 8.5595143e-001
 8.5585845e-001
 8.5573822e-001
 8.5559297e-001
 8.5542572e-001
 8.5524058e-001
 8.5504216e-001
 8.5483539e-001
 8.5462570e-001
 8.5441864e-001
 8.5422003e-001
 8.5403532e-001
 8.5386926e-001
 8.5372579e-001
 8.5360670e-001
 8.5351163e-001
 8.5343748e-001
 8.5337812e-001
 8.5332417e-001
 8.5326374e-001
 8.5318184e-001
 8.5306138e-001
 8.5288244e-001
 8.5262239e-001
 8.5225564e-001
 8.5175371e-001
 8.5108662e-001
 8.5022485e-001
 8.4914422e-001
 8.4783196e-001
 8.4629321e-001
 8.4455937e-001
 8.4269136e-001
 8.4078205e-001
 8.3895087e-001
 8.3733249e-001
 8.3606249e-001
 8.3525741e-001
 8.3499819e-001
 8.3531654e-001
 8.3618933e-001
 8.3754152e-001
 8.3925784e-001
 8.4119904e-001
 8.4322113e-001
 8.4519422e-001
 8.4701425e-001
 8.4861130e-001
 8.4995115e-001
 8.5103035e-001
 8.5187006e-001
 8.5250652e-001
 8.5298324e-001
 8.5334367e-001
 8.5362577e-001
 8.5385960e-001
 8.5406566e-001
 8.5425538e-001
 8.5443288e-001
 8.5459673e-001
 8.5474235e-001
 8.5486370e-001
 8.5495490e-001
 8.5501099e-001
 8.5502863e-001
 8.5500592e-001
 8.5494250e-001
 8.5483950e-001
 8.5469925e-001
 8.5452580e-001
 8.5432446e-001
 8.5410178e-001
 8.5386527e-001
 8.5362256e-001
 8.5338086e-001
 8.5314566e-001
 8.5292029e-001
 8.5270554e-001
 8.5249907e-001
 8.5229665e-001
 8.5209209e-001
 8.5187876e-001
 8.5165024e-001
 8.5140103e-001
 8.5112751e-001
 8.5082781e-001
 8.5050207e-001
 8.5015219e-001
 8.4978169e-001
 8.4939533e-001
 8.4899867e-001
 8.4859753e-001
 8.4819746e-001
 8.4780341e-001
 8.4741908e-001
 8.4704691e-001
 8.4668773e-001
 8.4634113e-001
 8.4600538e-001
 8.4567773e-001
 8.4535480e-001
 8.4503239e-001
 8.4470582e-001
 8.4436959e-001
 8.4401762e-001
 8.4364313e-001
 8.4323853e-001
 8.4279585e-001
 8.4230685e-001
 8.4176326e-001
 8.4115779e-001
 8.4048378e-001
 8.3973658e-001
 8.3891326e-001
 8.3801270e-001
 8.3703637e-001
 8.3598727e-001
 8.3487046e-001
 8.3369231e-001
 8.3245945e-001
 8.3117908e-001
 8.2985753e-001
 8.2849932e-001
 8.2710707e-001
 8.2568020e-001
 8.2421583e-001
 8.2270896e-001
 8.2115352e-001
 8.1954575e-001
 8.1788498e-001
 8.1617802e-001
 8.1444073e-001
 8.1269872e-001
 8.1098980e-001
 8.0936128e-001
 8.0786967e-001
 8.0657643e-001
 8.0554259e-001
 8.0482399e-001
 8.0446327e-001
 8.0448371e-001
 8.0488348e-001
 8.0563295e-001
 8.0667531e-001
 8.0793124e-001
 8.0930829e-001
 8.1071049e-001
 8.1205070e-001
 8.1325811e-001
 8.1428391e-001
 8.1510156e-001
 8.1570137e-001
 8.1608367e-001
 8.1624943e-001
 8.1619346e-001
 8.1589967e-001
 8.1534213e-001
 8.1448931e-001
 8.1331390e-001
 8.1180334e-001
 8.0996984e-001
 8.0785954e-001
 8.0555338e-001
 8.0316514e-001
 8.0083001e-001
 7.9868841e-001
 7.9686898e-001
 7.9546881e-001
 7.9454052e-001
 7.9408371e-001
 7.9404473e-001
 7.9432404e-001
 7.9478872e-001
 7.9528767e-001
 7.9566652e-001
 7.9577971e-001
 7.9549682e-001
 7.9470450e-001
 7.9330122e-001
 7.9118949e-001
 7.8826255e-001
 7.8439277e-001
 7.7941984e-001
 7.7313983e-001
 7.6530737e-001
 7.5563639e-001
 7.4382508e-001
 7.2958696e-001
 7.1269226e-001
 6.9304049e-001
 6.7071062e-001
 6.4603949e-001
 6.1966085e-001
 5.9250844e-001
 5.6580359e-001
 5.4096329e-001
 5.1946282e-001
 5.0269413e-001
 4.9177763e-001
 4.8743120e-001
 4.8986492e-001
 4.9875912e-001
 5.1331002e-001
 5.3235239e-001
 5.5450702e-001
 5.7835573e-001
 6.0260695e-001
 6.2619150e-001
 6.4834970e-001
 6.6862267e-001
 6.8682915e-001
 7.0300937e-001
 7.1733600e-001
 7.3005819e-001
 7.4143004e-001
 7.5167578e-001
 7.6097071e-001
 7.6942712e-001
 7.7710891e-001
 7.8403646e-001
 7.9020554e-001
 7.9560375e-001
 8.0021936e-001
 8.0405396e-001
 8.0713069e-001
 8.0949455e-001
 8.1121641e-001
 8.1238848e-001
 8.1312066e-001
 8.1353450e-001
 8.1375474e-001
 8.1390190e-001
 8.1408495e-001
 8.1439453e-001
 8.1489921e-001
 8.1564200e-001
 8.1664115e-001
 8.1789118e-001
 8.1936646e-001
 8.2102728e-001
 8.2282370e-001
 8.2470328e-001
 8.2661432e-001
 8.2851034e-001
 8.3035338e-001
 8.3211273e-001
 8.3376557e-001
 8.3529526e-001
 8.3668846e-001
 8.3793432e-001
 8.3902252e-001
 8.3994406e-001
 8.4069246e-001
 8.4126526e-001
 8.4166706e-001
 8.4191102e-001
 8.4202021e-001
 8.4202713e-001
 8.4197199e-001
 8.4189951e-001
 8.4185493e-001
 8.4187996e-001
 8.4200913e-001
 8.4226704e-001
 8.4266710e-001
 8.4321147e-001
 8.4389216e-001
 8.4469348e-001
 8.4559375e-001
 8.4656829e-001
 8.4759176e-001
 8.4863937e-001
 8.4968919e-001
 8.5072213e-001
 8.5172313e-001
 8.5268146e-001
 8.5358983e-001
 8.5444498e-001
 8.5524642e-001
 8.5599566e-001
 8.5669613e-001
 8.5735172e-001
 8.5796672e-001
 8.5854512e-001
 8.5909081e-001
 8.5960740e-001
 8.6009836e-001
 8.6056727e-001
 8.6101758e-001
 8.6145270e-001
 8.6187589e-001
 8.6228961e-001
 8.6269563e-001
 8.6309451e-001
 8.6348563e-001
 8.6386740e-001
 8.6423719e-001
 8.6459225e-001
 8.6492980e-001
 8.6524773e-001
 8.6554486e-001
 8.6582124e-001
 8.6607784e-001
 8.6631697e-001
 8.6654127e-001
 8.6675394e-001
 8.6695784e-001
 8.6715555e-001
 8.6734921e-001
 8.6753994e-001
 8.6772847e-001
 8.6791509e-001
 8.6809963e-001
 8.6828184e-001
 8.6846155e-001
 8.6863887e-001
 8.6881387e-001
 8.6898685e-001
 8.6915833e-001
 8.6932850e-001
 8.6949772e-001
 8.6966586e-001
 8.6983281e-001
 8.6999798e-001
 8.7016064e-001
 8.7031984e-001
 8.7047482e-001
 8.7062466e-001
 8.7076885e-001
 8.7090695e-001
 8.7103903e-001
 8.7116528e-001
 8.7128609e-001
 8.7140197e-001
 8.7151319e-001
 8.7161976e-001
 8.7172163e-001
 8.7181801e-001
 8.7190795e-001
 8.7199008e-001
 8.7206268e-001
 8.7212396e-001
 8.7217176e-001
 8.7220418e-001
 8.7221950e-001
 8.7221640e-001
 8.7219423e-001
 8.7215346e-001
 8.7209594e-001
 8.7202507e-001
 8.7194622e-001
 8.7186623e-001
 8.7179369e-001
 8.7173808e-001
 8.7170917e-001
 8.7171614e-001
 8.7176651e-001
 8.7186539e-001
 8.7201470e-001
 8.7221307e-001
 8.7245566e-001
 8.7273484e-001
 8.7304109e-001
 8.7336373e-001
 8.7369233e-001
 8.7401748e-001
 8.7433141e-001
 8.7462866e-001
 8.7490577e-001
 8.7516141e-001
 8.7539607e-001
 8.7561142e-001
 8.7580997e-001
 8.7599468e-001
 8.7616855e-001
 8.7633413e-001
 8.7649363e-001
 8.7664849e-001
 8.7679958e-001
 8.7694705e-001
 8.7709063e-001
 8.7722957e-001
 8.7736309e-001
 8.7749022e-001
 8.7761003e-001
 8.7772161e-001
 8.7782425e-001
 8.7791729e-001
 8.7800032e-001
 8.7807292e-001
 8.7813485e-001
 8.7818587e-001
 8.7822574e-001
 8.7825406e-001
 8.7827045e-001
 8.7827444e-001
 8.7826532e-001
 8.7824261e-001
 8.7820578e-001
 8.7815464e-001
 8.7808943e-001
 8.7801117e-001
 8.7792140e-001
 8.7782300e-001
 8.7771970e-001
 8.7761635e-001
 8.7751848e-001
 8.7743229e-001
 8.7736392e-001
 8.7731886e-001
 8.7730157e-001
 8.7731493e-001
 8.7735981e-001
 8.7743497e-001
 8.7753737e-001
 8.7766224e-001
 8.7780392e-001
 8.7795615e-001
 8.7811297e-001
 8.7826908e-001
 8.7842011e-001
 8.7856317e-001
 8.7869638e-001
 8.7881905e-001
 8.7893146e-001
 8.7903428e-001
 8.7912863e-001
 8.7921566e-001
 8.7929648e-001
 8.7937194e-001
 8.7944275e-001
 8.7950939e-001
 8.7957221e-001
 8.7963152e-001
 8.7968761e-001
 8.7974077e-001
 8.7979144e-001
 8.7984002e-001
 8.7988710e-001
 8.7993318e-001
 8.7997884e-001
 8.8002425e-001
 8.8006961e-001
 8.8011467e-001
 8.8015908e-001
 8.8020205e-001
 8.8024288e-001
 8.8028067e-001
 8.8031459e-001
 8.8034391e-001
 8.8036811e-001
 8.8038701e-001
 8.8040060e-001
 8.8040924e-001
 8.8041359e-001
 8.8041461e-001
 8.8041312e-001
 8.8041002e-001
 8.8040608e-001
 8.8040161e-001
 8.8039660e-001
 8.8039052e-001
 8.8038248e-001
 8.8037115e-001
 8.8035500e-001
 8.8033235e-001
 8.8030148e-001
 8.8026083e-001
 8.8020903e-001
 8.8014501e-001
 8.8006794e-001
 8.7997705e-001
 8.7987173e-001
 8.7975121e-001
 8.7961447e-001
 8.7946028e-001
 8.7928677e-001
 8.7909210e-001
 8.7887412e-001
 8.7863088e-001
 8.7836117e-001
 8.7806457e-001
 8.7774235e-001
 8.7739789e-001
 8.7703663e-001
 8.7666690e-001
 8.7629920e-001
 8.7594622e-001
 8.7562180e-001
 8.7533981e-001
 8.7511289e-001
 8.7495112e-001
 8.7486088e-001
 8.7484396e-001
 8.7489748e-001
 8.7501395e-001
 8.7518227e-001
 8.7538898e-001
 8.7561953e-001
 8.7586004e-001
 8.7609816e-001
 8.7632430e-001
 8.7653172e-001
 8.7671667e-001
 8.7687802e-001
 8.7701643e-001
 8.7713385e-001
 8.7723249e-001
 8.7731457e-001
 8.7738150e-001
 8.7743378e-001
 8.7747061e-001
 8.7749046e-001
 8.7749064e-001
 8.7746787e-001
 8.7741870e-001
 8.7733954e-001
 8.7722737e-001
 8.7708008e-001
 8.7689680e-001
 8.7667799e-001
 8.7642604e-001
 8.7614477e-001
 8.7583995e-001
 8.7551862e-001
 8.7518895e-001
 8.7485999e-001
 8.7454069e-001
 8.7423992e-001
 8.7396556e-001
 8.7372416e-001
 8.7352043e-001
 8.7335712e-001
 8.7323469e-001
 8.7315136e-001
 8.7310350e-001
 8.7308574e-001
 8.7309158e-001
 8.7311381e-001
 8.7314540e-001
 8.7317950e-001
 8.7321049e-001
 8.7323368e-001
 8.7324589e-001
 8.7324530e-001
 8.7323135e-001
 8.7320477e-001
 8.7316716e-001
 8.7312102e-001
 8.7306970e-001
 8.7301701e-001
 8.7296718e-001
 8.7292480e-001
 8.7289459e-001
 8.7288100e-001
 8.7288833e-001
 8.7292016e-001
 8.7297904e-001
 8.7306690e-001
 8.7318403e-001
 8.7332982e-001
 8.7350237e-001
 8.7369865e-001
 8.7391484e-001
 8.7414646e-001
 8.7438864e-001
 8.7463647e-001
 8.7488520e-001
 8.7513053e-001
 8.7536889e-001
 8.7559742e-001
 8.7581426e-001
 8.7601835e-001
 8.7620962e-001
 8.7638855e-001
 8.7655604e-001
 8.7671322e-001
 8.7686116e-001
 8.7700051e-001
 8.7713152e-001
 8.7725365e-001
 8.7736589e-001
 8.7746632e-001
 8.7755257e-001
 8.7762177e-001
 8.7767071e-001
 8.7769592e-001
 8.7769419e-001
 8.7766218e-001
 8.7759703e-001
 8.7749612e-001
 8.7735742e-001
 8.7717921e-001
 8.7696028e-001
 8.7669998e-001
 8.7639832e-001
 8.7605566e-001
 8.7567353e-001
 8.7525445e-001
 8.7480241e-001
 8.7432325e-001
 8.7382501e-001
 8.7331831e-001
 8.7281621e-001
 8.7233400e-001
 8.7188894e-001
 8.7146282e-001
 8.7113684e-001
 8.7089974e-001
 8.7076330e-001
 8.7073433e-001
 8.7081331e-001
 8.7099439e-001
 8.7126553e-001
 8.7160981e-001
 8.7200671e-001
 8.7243420e-001
 8.7287027e-001
 8.7329465e-001
 8.7369043e-001
 8.7404412e-001
 8.7434649e-001
 8.7459224e-001
 8.7477922e-001
 8.7490827e-001
 8.7498188e-001
 8.7500411e-001
 8.7497985e-001
 8.7491459e-001
 8.7481415e-001
 8.7468499e-001
 8.7453365e-001
 8.7436694e-001
 8.7419188e-001
 8.7401497e-001
 8.7384218e-001
 8.7367857e-001
 8.7352777e-001
 8.7339199e-001
 8.7327188e-001
 8.7316650e-001
 8.7307376e-001
 8.7299061e-001
 8.7291354e-001
 8.7283880e-001
 8.7276256e-001
 8.7268138e-001
 8.7259191e-001
 8.7249106e-001
 8.7237579e-001
 8.7224317e-001
 8.7209052e-001
 8.7191546e-001
 8.7171626e-001
 8.7149161e-001
 8.7124115e-001
 8.7096524e-001
 8.7066495e-001
 8.7034214e-001
 8.6999917e-001
 8.6963874e-001
 8.6926389e-001
 8.6887777e-001
 8.6848354e-001
 8.6808437e-001
 8.6768287e-001
 8.6728144e-001
 8.6688161e-001
 8.6648405e-001
 8.6608833e-001
 8.6569262e-001
 8.6529410e-001
 8.6488891e-001
 8.6447257e-001
 8.6404049e-001
 8.6358857e-001
 8.6311364e-001
 8.6261398e-001
 8.6208898e-001
 8.6153954e-001
 8.6096740e-001
 8.6037469e-001
 8.5976374e-001
 8.5913628e-001
 8.5849392e-001
 8.5783744e-001
 8.5716766e-001
 8.5648513e-001
 8.5579026e-001
 8.5508376e-001
 8.5436642e-001
 8.5363913e-001
 8.5290289e-001
 8.5215861e-001
 8.5140729e-001
 8.5065025e-001
 8.4988856e-001
 8.4912425e-001
 8.4835941e-001
 8.4759718e-001
 8.4684139e-001
 8.4609652e-001
 8.4536815e-001
 8.4466189e-001
 8.4398419e-001
 8.4334123e-001
 8.4273827e-001
 8.4217995e-001
 8.4166884e-001
 8.4120595e-001
 8.4079015e-001
 8.4041804e-001
 8.4008461e-001
 8.3978343e-001
 8.3950704e-001
 8.3924764e-001
 8.3899778e-001
 8.3875072e-001
 8.3850098e-001
 8.3824480e-001
 8.3798009e-001
 8.3770645e-001
 8.3742464e-001
 8.3713627e-001
 8.3684319e-001
 8.3654708e-001
 8.3624893e-001
 8.3594871e-001
 8.3564556e-001
 8.3533746e-001
 8.3502156e-001
 8.3469445e-001
 8.3435249e-001
 8.3399206e-001
 8.3360976e-001
 8.3320296e-001
 8.3276951e-001
 8.3230811e-001
 8.3181816e-001
 8.3129936e-001
 8.3075184e-001
 8.3017564e-001
 8.2957113e-001
 8.2893878e-001
 8.2827908e-001
 8.2759362e-001
 8.2688504e-001
 8.2615739e-001
 8.2541692e-001
 8.2467175e-001
 8.2393223e-001
 8.2321078e-001
 8.2252061e-001
 8.2187617e-001
 8.2129103e-001
 8.2077795e-001
 8.2034731e-001
 8.2000667e-001
 8.1976008e-001
 8.1960773e-001
 8.1954634e-001
 8.1956893e-001
 8.1966549e-001
 8.1982404e-001
 8.2003087e-001
 8.2027179e-001
 8.2053268e-001
 8.2080019e-001
 8.2106197e-001
 8.2130718e-001
 8.2152677e-001
 8.2171321e-001
 8.2186103e-001
 8.2196665e-001
 8.2202858e-001
 8.2204741e-001
 8.2202536e-001
 8.2196611e-001
 8.2187408e-001
 8.2175428e-001
 8.2161123e-001
 8.2144922e-001
 8.2127154e-001
 8.2108086e-001
 8.2087904e-001
 8.2066745e-001
 8.2044703e-001
 8.2021856e-001
 8.1998289e-001
 8.1974095e-001
 8.1949377e-001
 8.1924266e-001
 8.1898862e-001
 8.1873280e-001
 8.1847632e-001
 8.1821978e-001
 8.1796390e-001
 8.1770891e-001
 8.1745470e-001
 8.1720090e-001
 8.1694633e-001
 8.1668931e-001
 8.1642735e-001
 8.1615746e-001
 8.1587607e-001
 8.1557930e-001
 8.1526321e-001
 8.1492388e-001
 8.1455833e-001
 8.1416422e-001
 8.1374085e-001
 8.1328976e-001
 8.1281441e-001
 8.1232083e-001
 8.1181699e-001
 8.1131297e-001
 8.1081933e-001
 8.1034690e-001
 8.0990607e-001
 8.0950564e-001
 8.0915266e-001
 8.0885231e-001
 8.0860728e-001
 8.0841810e-001
 8.0828327e-001
 8.0819988e-001
 8.0816346e-001
 8.0816895e-001
 8.0821097e-001
 8.0828452e-001
 8.0838519e-001
 8.0850905e-001
 8.0865300e-001
 8.0881405e-001
 8.0898881e-001
 8.0917305e-001
 8.0936116e-001
 8.0954540e-001
 8.0971551e-001
 8.0985868e-001
 8.0995917e-001
 8.0999833e-001
 8.0995452e-001
 8.0980295e-001
 8.0951560e-001
 8.0906111e-001
 8.0840439e-001
 8.0750668e-001
 8.0632693e-001
 8.0482167e-001
 8.0294704e-001
 8.0066323e-001
 7.9793525e-001
 7.9473716e-001
 7.9105884e-001
 7.8690439e-001
 7.8229648e-001
 7.7728111e-001
 7.7192044e-001
 7.6629549e-001
 7.6049978e-001
 7.5464016e-001
 7.4882227e-001
 7.4314827e-001
 7.3771334e-001
 7.3259121e-001
 7.2783208e-001
 7.2346115e-001
 7.1946907e-001
 7.1581531e-001
 7.1242827e-001
 7.0921272e-001
 7.0605093e-001
 7.0281386e-001
 6.9937271e-001
 6.9560438e-001
 6.9140393e-001
 6.8669730e-001
 6.8144488e-001
 6.7565268e-001
 6.6937566e-001
 6.6272682e-001
 6.5586686e-001
 6.4900321e-001
 6.4238417e-001
 6.3627404e-001
 6.3094026e-001
 6.2663704e-001
 6.2357950e-001
 6.2193352e-001
 6.2180579e-001
 6.2323630e-001
 6.2620121e-001
 6.3061827e-001
 6.3635021e-001
 6.4322072e-001
 6.5102291e-001
 6.5952307e-001
 6.6848201e-001
 6.7766011e-001
 6.8681943e-001
 6.9574589e-001
 7.0424771e-001
 7.1216571e-001
 7.1936929e-001
 7.2576946e-001
 7.3131084e-001
 7.3596537e-001
 7.3973531e-001
 7.4264252e-001
 7.4472225e-001
 7.4602169e-001
 7.4659348e-001
 7.4649340e-001
 7.4577868e-001
 7.4450606e-001
 7.4273026e-001
 7.4050421e-001
 7.3787546e-001
 7.3488528e-001
 7.3157042e-001
 7.2795838e-001
 7.2407031e-001
 7.1992564e-001
 7.1554017e-001
 7.1093303e-001
 7.0612854e-001
 7.0116311e-001
 6.9607890e-001
 6.9092578e-001
 6.8576115e-001
 6.8063813e-001
 6.7560387e-001
 6.7069912e-001
 6.6594827e-001
 6.6136217e-001
 6.5694153e-001
 6.5267110e-001
 6.4852488e-001
 6.4446372e-001
 6.4043856e-001
 6.3638312e-001
 6.3221639e-001
 6.2784630e-001
 6.2316674e-001
 6.1806482e-001
 6.1243159e-001
 6.0616195e-001
 5.9916621e-001
 5.9137213e-001
 5.8273524e-001
 5.7322830e-001
 5.6284410e-001
 5.5159974e-001
 5.3951770e-001
 5.2662730e-001
 5.1297146e-001
 4.9858654e-001
 4.8351249e-001
 4.6781003e-001
 4.5154884e-001
 4.3483496e-001
 4.1781792e-001
 4.0072036e-001
 3.8382193e-001
 3.6747190e-001
 3.5209081e-001
 3.3812633e-001
 3.2603741e-001
 3.1626686e-001
 3.0918866e-001
 3.0508885e-001
 3.0413899e-001
 3.0638358e-001
 3.1173733e-001
 3.1999886e-001
 3.3086050e-001
 3.4394532e-001
 3.5883221e-001
 3.7507087e-001
 3.9222884e-001
 4.0990189e-001
 4.2771497e-001
 4.4535589e-001
 4.6256179e-001
 4.7912633e-001
 4.9488074e-001
 5.0971222e-001
 5.2354521e-001
 5.3632623e-001
 5.4803747e-001
 5.5868006e-001
 5.6826258e-001
 5.7681280e-001
 5.8436513e-001
 5.9096378e-001
 5.9665710e-001
 6.0150790e-001
 6.0558873e-001
 6.0897982e-001
 6.1177331e-001
 6.1406654e-001
 6.1595565e-001
 6.1753219e-001
 6.1887383e-001
 6.2003881e-001
 6.2106007e-001
 6.2194532e-001
 6.2267768e-001
 6.2322026e-001
 6.2352461e-001
 6.2353927e-001
 6.2321895e-001
 6.2253332e-001
 6.2147319e-001
 6.2005621e-001
 6.1832774e-001
 6.1636150e-001
 6.1425722e-001
 6.1213809e-001
 6.1014163e-001
 6.0841268e-001
 6.0709411e-001
 6.0631198e-001
 6.0616499e-001
 6.0671246e-001
 6.0796565e-001
 6.0988432e-001
 6.1237925e-001
 6.1531788e-001
 6.1854082e-001
 6.2187642e-001
 6.2515491e-001
 6.2822777e-001
 6.3097578e-001
 6.3331312e-001
 6.3519186e-001
 6.3659626e-001
 6.3753587e-001
 6.3804030e-001
 6.3814998e-001
 6.3791060e-001
 6.3736796e-001
 6.3656467e-001
 6.3553774e-001
 6.3431925e-001
 6.3293487e-001
 6.3140500e-001
 6.2974739e-001
 6.2797588e-001
 6.2610298e-001
 6.2413979e-001
 6.2209851e-001
 6.1998963e-001
 6.1782312e-001
 6.1560994e-001
 6.1335832e-001
 6.1107498e-001
 6.0876667e-001
 6.0643691e-001
 6.0408735e-001
 6.0171998e-001
 5.9933341e-001
 5.9692562e-001
 5.9449261e-001
 5.9203082e-001
 5.8953345e-001
 5.8699238e-001
 5.8439976e-001
 5.8174455e-001
 5.7901412e-001
 5.7619685e-001
 5.7327801e-001
 5.7024318e-001
 5.6707722e-001
 5.6376809e-001
 5.6030309e-001
 5.5667204e-001
 5.5287123e-001
 5.4889935e-001
 5.4476154e-001
 5.4047364e-001
 5.3605729e-001
 5.3154296e-001
 5.2697265e-001
 5.2239186e-001
 5.1785094e-001
 5.1340020e-001
 5.0909030e-001
 5.0496262e-001
 5.0104958e-001
 4.9737546e-001
 4.9394932e-001
 4.9076790e-001
 4.8781788e-001
 4.8507300e-001
 4.8249885e-001
 4.8005423e-001
 4.7769621e-001
 4.7537985e-001
 4.7306281e-001
 4.7070941e-001
 4.6828890e-001
 4.6577775e-001
 4.6316123e-001
 4.6042845e-001
 4.5757219e-001
 4.5458910e-001
 4.5147356e-001
 4.4821957e-001
 4.4481912e-001
 4.4126686e-001
 4.3755817e-001
 4.3369502e-001
 4.2969358e-001
 4.2558315e-001
 4.2141226e-001
 4.1725385e-001
 4.1319907e-001
 4.0935850e-001
 4.0585536e-001
 4.0282154e-001
 4.0038398e-001
 3.9865872e-001
 3.9774281e-001
 3.9770404e-001
 3.9857742e-001
 4.0036029e-001
 4.0301242e-001
 4.0645713e-001
 4.1058621e-001
 4.1526175e-001
 4.2032921e-001
 4.2562306e-001
 4.3097079e-001
 4.3620819e-001
 4.4118229e-001
 4.4575334e-001
 4.4980571e-001
 4.5324683e-001
 4.5600700e-001
 4.5804620e-001
 4.5935184e-001
 4.5994133e-001
 4.5986223e-001
 4.5919257e-001
 4.5803705e-001
 4.5652342e-001
 4.5479268e-001
 4.5298949e-001
 4.5125243e-001
 4.4970053e-001
 4.4842613e-001
 4.4748887e-001
 4.4691542e-001
 4.4670087e-001
 4.4681609e-001
 4.4721544e-001
 4.4784579e-001
 4.4865438e-001
 4.4959438e-001
 4.5062965e-001
 4.5173597e-001
 4.5289966e-001
 4.5411706e-001
 4.5539051e-001
 4.5672512e-001
 4.5812342e-001
 4.5958310e-001
 4.6109235e-001
 4.6262550e-001
 4.6414268e-001
 4.6558812e-001
 4.6689007e-001
 4.6796593e-001
 4.6872634e-001
 4.6908244e-001
 4.6895388e-001
 4.6827731e-001
 4.6701282e-001
 4.6515027e-001
 4.6270964e-001
 4.5974019e-001
 4.5631927e-001
 4.5254159e-001
 4.4851354e-001
 4.4434854e-001
 4.4015458e-001
 4.3603286e-001
 4.3207252e-001
 4.2835286e-001
 4.2493722e-001
 4.2187613e-001
 4.1920918e-001
 4.1695982e-001
 4.1513696e-001
 4.1373444e-001
 4.1272768e-001
 4.1207621e-001
 4.1172549e-001
 4.1161171e-001
 4.1166693e-001
 4.1182619e-001
 4.1203308e-001
 4.1224435e-001
 4.1243225e-001
 4.1258430e-001
 4.1270104e-001
 4.1279221e-001
 4.1287184e-001
 4.1295364e-001
 4.1304684e-001
 4.1315305e-001
 4.1326487e-001
 4.1336554e-001
 4.1343024e-001
 4.1342798e-001
 4.1332451e-001
 4.1308534e-001
 4.1267920e-001
 4.1208094e-001
 4.1127440e-001
 4.1025430e-001
 4.0902892e-001
 4.0761879e-001
 4.0605685e-001
 4.0438765e-001
 4.0266255e-001
 4.0093729e-001
 3.9926985e-001
 3.9771461e-001
 3.9632136e-001
 3.9513394e-001
 3.9418733e-001
 3.9350796e-001
 3.9311275e-001
 3.9300868e-001
 3.9319149e-001
 3.9364535e-001
 3.9434186e-001
 3.9524075e-001
 3.9629108e-001
 3.9743271e-001
 3.9860156e-001
 3.9973339e-001
 4.0076920e-001
 4.0165862e-001
 4.0236479e-001
 4.0286443e-001
 4.0314752e-001
 4.0321591e-001
 4.0308028e-001
 4.0275791e-001
 4.0227079e-001
 4.0164512e-001
 4.0091115e-001
 4.0010443e-001
 3.9926445e-001
 3.9843369e-001
 3.9765519e-001
 3.9696684e-001
 3.9639693e-001
 3.9595976e-001
 3.9565220e-001
 3.9545387e-001
 3.9533031e-001
 3.9523771e-001
 3.9513004e-001
 3.9496478e-001
 3.9470792e-001
 3.9433515e-001
 3.9383098e-001
 3.9318576e-001
 3.9239046e-001
 3.9143297e-001
 3.9029658e-001
 3.8895884e-001
 3.8739538e-001
 3.8558418e-001
 3.8351375e-001
 3.8118622e-001
 3.7862256e-001
 3.7586576e-001
 3.7297463e-001
 3.7001985e-001
 3.6707768e-001
 3.6421689e-001
 3.6149281e-001
 3.5894406e-001
 3.5658678e-001
 3.5441938e-001
 3.5242656e-001
 3.5058758e-001
 3.4888011e-001
 3.4728688e-001
 3.4579942e-001
 3.4441614e-001
 3.4314147e-001
 3.4198335e-001
 3.4094778e-001
 3.4003729e-001
 3.3924931e-001
 3.3857682e-001
 3.3800861e-001
 3.3753163e-001
-1.2300000e+034
