s07_ASD Record=3799: Dolomite HS102.3B            ASDNGb AREF
-1.2300000e+034
 6.3640767e-001
 6.3281137e-001
 6.3095313e-001
 6.3238770e-001
 6.3341165e-001
 6.3433582e-001
 6.3530099e-001
 6.3640440e-001
 6.3757586e-001
 6.3861954e-001
 6.3951409e-001
 6.4040691e-001
 6.4213341e-001
 6.4328998e-001
 6.4357013e-001
 6.4407593e-001
 6.4485812e-001
 6.4556366e-001
 6.4592004e-001
 6.4607793e-001
 6.4668196e-001
 6.4783192e-001
 6.4924008e-001
 6.5013623e-001
 6.5073413e-001
 6.5126681e-001
 6.5184915e-001
 6.5247405e-001
 6.5310502e-001
 6.5372789e-001
 6.5450007e-001
 6.5463322e-001
 6.5448672e-001
 6.5492338e-001
 6.5550578e-001
 6.5608186e-001
 6.5668380e-001
 6.5756023e-001
 6.5802240e-001
 6.5823805e-001
 6.5848762e-001
 6.5860778e-001
 6.5908420e-001
 6.5972382e-001
 6.6000867e-001
 6.6029537e-001
 6.6071337e-001
 6.6114026e-001
 6.6112697e-001
 6.6133946e-001
 6.6177547e-001
 6.6221148e-001
 6.6233468e-001
 6.6258717e-001
 6.6295487e-001
 6.6315162e-001
 6.6346765e-001
 6.6364574e-001
 6.6366148e-001
 6.6399515e-001
 6.6410106e-001
 6.6420096e-001
 6.6457182e-001
 6.6475618e-001
 6.6488594e-001
 6.6506761e-001
 6.6535121e-001
 6.6559988e-001
 6.6578072e-001
 6.6591966e-001
 6.6610485e-001
 6.6634107e-001
 6.6656154e-001
 6.6670924e-001
 6.6692835e-001
 6.6710919e-001
 6.6722828e-001
 6.6735882e-001
 6.6758436e-001
 6.6778207e-001
 6.6789627e-001
 6.6815543e-001
 6.6835594e-001
 6.6848505e-001
 6.6861928e-001
 6.6875553e-001
 6.6893643e-001
 6.6913974e-001
 6.6925585e-001
 6.6942006e-001
 6.6957814e-001
 6.6967481e-001
 6.6982043e-001
 6.6998285e-001
 6.7012906e-001
 6.7023700e-001
 6.7040336e-001
 6.7055523e-001
 6.7065901e-001
 6.7079335e-001
 6.7093760e-001
 6.7107576e-001
 6.7119980e-001
 6.7135578e-001
 6.7147243e-001
 6.7155629e-001
 6.7168629e-001
 6.7184263e-001
 6.7201978e-001
 6.7219585e-001
 6.7229974e-001
 6.7239702e-001
 6.7248809e-001
 6.7256016e-001
 6.7268658e-001
 6.7283243e-001
 6.7296821e-001
 6.7308915e-001
 6.7319500e-001
 6.7331982e-001
 6.7347383e-001
 6.7356449e-001
 6.7367357e-001
 6.7380846e-001
 6.7392927e-001
 6.7404497e-001
 6.7412406e-001
 6.7418611e-001
 6.7435378e-001
 6.7449760e-001
 6.7461795e-001
 6.7474550e-001
 6.7483246e-001
 6.7496663e-001
 6.7512709e-001
 6.7519128e-001
 6.7532063e-001
 6.7545944e-001
 6.7556125e-001
 6.7570245e-001
 6.7584932e-001
 6.7597061e-001
 6.7604744e-001
 6.7614651e-001
 6.7625833e-001
 6.7637914e-001
 6.7652106e-001
 6.7662644e-001
 6.7671210e-001
 6.7681146e-001
 6.7694598e-001
 6.7705458e-001
 6.7714530e-001
 6.7726845e-001
 6.7738593e-001
 6.7748535e-001
 6.7757154e-001
 6.7767137e-001
 6.7778927e-001
 6.7790854e-001
 6.7801225e-001
 6.7812628e-001
 6.7822224e-001
 6.7829823e-001
 6.7838049e-001
 6.7850429e-001
 6.7864299e-001
 6.7876256e-001
 6.7884785e-001
 6.7893940e-001
 6.7904884e-001
 6.7916805e-001
 6.7926192e-001
 6.7934299e-001
 6.7942679e-001
 6.7952281e-001
 6.7960858e-001
 6.7969537e-001
 6.7979652e-001
 6.7988145e-001
 6.7996335e-001
 6.8004584e-001
 6.8012202e-001
 6.8019819e-001
 6.8028015e-001
 6.8036830e-001
 6.8045104e-001
 6.8052793e-001
 6.8059093e-001
 6.8063778e-001
 6.8072605e-001
 6.8080759e-001
 6.8086261e-001
 6.8091863e-001
 6.8098092e-001
 6.8104941e-001
 6.8111962e-001
 6.8117809e-001
 6.8122900e-001
 6.8127823e-001
 6.8133473e-001
 6.8139523e-001
 6.8144047e-001
 6.8146741e-001
 6.8151289e-001
 6.8156832e-001
 6.8162161e-001
 6.8166000e-001
 6.8168414e-001
 6.8171233e-001
 6.8175054e-001
 6.8178862e-001
 6.8183124e-001
 6.8187261e-001
 6.8190503e-001
 6.8192029e-001
 6.8193817e-001
 6.8196100e-001
 6.8197918e-001
 6.8198943e-001
 6.8199861e-001
 6.8201286e-001
 6.8202889e-001
 6.8205434e-001
 6.8208963e-001
 6.8212855e-001
 6.8215525e-001
 6.8215626e-001
 6.8214381e-001
 6.8215269e-001
 6.8216354e-001
 6.8217921e-001
 6.8220252e-001
 6.8222904e-001
 6.8226206e-001
 6.8231142e-001
 6.8238103e-001
 6.8242335e-001
 6.8244880e-001
 6.8246007e-001
 6.8244207e-001
 6.8244326e-001
 6.8245906e-001
 6.8247330e-001
 6.8248171e-001
 6.8251038e-001
 6.8255663e-001
 6.8259549e-001
 6.8261981e-001
 6.8263954e-001
 6.8266064e-001
 6.8267387e-001
 6.8269008e-001
 6.8270993e-001
 6.8273026e-001
 6.8275124e-001
 6.8276858e-001
 6.8278623e-001
 6.8281603e-001
 6.8284321e-001
 6.8286723e-001
 6.8288672e-001
 6.8289500e-001
 6.8289709e-001
 6.8289465e-001
 6.8288893e-001
 6.8289226e-001
 6.8291271e-001
 6.8294275e-001
 6.8295187e-001
 6.8295479e-001
 6.8295771e-001
 6.8296599e-001
 6.8298501e-001
 6.8300170e-001
 6.8301690e-001
 6.8303812e-001
 6.8303132e-001
 6.8301666e-001
 6.8301249e-001
 6.8301982e-001
 6.8303823e-001
 6.8306321e-001
 6.8308890e-001
 6.8309486e-001
 6.8308753e-001
 6.8307370e-001
 6.8306649e-001
 6.8306834e-001
 6.8308878e-001
 6.8312228e-001
 6.8313843e-001
 6.8314832e-001
 6.8314302e-001
 6.8311644e-001
 6.8312609e-001
 6.8314946e-001
 6.8316132e-001
 6.8314767e-001
 6.8315840e-001
 6.8318272e-001
 6.8320155e-001
 6.8321091e-001
 6.8320823e-001
 6.8320286e-001
 6.8320441e-001
 6.8319315e-001
 6.8318141e-001
 6.8317884e-001
 6.8317884e-001
 6.8316853e-001
 6.8316448e-001
 6.8318188e-001
 6.8319893e-001
 6.8320769e-001
 6.8320966e-001
 6.8321544e-001
 6.8325192e-001
 6.8329734e-001
 6.8332601e-001
 6.8331939e-001
 6.8328446e-001
 6.8325257e-001
 6.8325013e-001
 6.8323553e-001
 6.8324220e-001
 6.8326527e-001
 6.8326795e-001
 6.8326128e-001
 6.8324488e-001
 6.8322796e-001
 6.8324614e-001
 6.8325776e-001
 6.8326181e-001
 6.8327183e-001
 6.8327767e-001
 6.8327570e-001
 6.8326855e-001
 6.8326396e-001
 6.8327433e-001
 6.8327379e-001
 6.8324918e-001
 6.8323857e-001
 6.8324596e-001
 6.8325001e-001
 6.8323022e-001
 6.8323296e-001
 6.8325078e-001
 6.8326998e-001
 6.8327236e-001
 6.8327141e-001
 6.8325752e-001
 6.8323314e-001
 6.8323845e-001
 6.8325925e-001
 6.8328178e-001
 6.8328923e-001
 6.8325877e-001
 6.8321693e-001
 6.8318641e-001
 6.8317813e-001
 6.8316734e-001
 6.8315297e-001
 6.8314439e-001
 6.8316603e-001
 6.8317807e-001
 6.8318349e-001
 6.8319505e-001
 6.8317854e-001
 6.8314725e-001
 6.8311673e-001
 6.8309635e-001
 6.8308103e-001
 6.8306339e-001
 6.8304694e-001
 6.8306136e-001
 6.8308109e-001
 6.8309093e-001
 6.8308294e-001
 6.8306530e-001
 6.8305033e-001
 6.8303519e-001
 6.8300724e-001
 6.8298227e-001
 6.8297285e-001
 6.8297845e-001
 6.8297267e-001
 6.8295163e-001
 6.8291807e-001
 6.8288100e-001
 6.8285578e-001
 6.8283284e-001
 6.8281287e-001
 6.8280166e-001
 6.8279302e-001
 6.8278211e-001
 6.8276840e-001
 6.8275511e-001
 6.8275893e-001
 6.8276399e-001
 6.8275666e-001
 6.8276775e-001
 6.8277305e-001
 6.8275833e-001
 6.8272430e-001
 6.8268651e-001
 6.8265593e-001
 6.8264025e-001
 6.8264365e-001
 6.8264204e-001
 6.8263620e-001
 6.8262583e-001
 6.8259323e-001
 6.8254358e-001
 6.8248665e-001
 6.8243283e-001
 6.8238384e-001
 6.8235725e-001
 6.8235183e-001
 6.8234968e-001
 6.8234593e-001
 6.8233579e-001
 6.8230712e-001
 6.8223119e-001
 6.8216956e-001
 6.8212903e-001
 6.8210030e-001
 6.8209225e-001
 6.8208182e-001
 6.8205470e-001
 6.8200839e-001
 6.8197840e-001
 6.8193865e-001
 6.8187183e-001
 6.8178391e-001
 6.8172479e-001
 6.8168414e-001
 6.8164599e-001
 6.8161547e-001
 6.8159854e-001
 6.8157959e-001
 6.8154043e-001
 6.8149394e-001
 6.8144947e-001
 6.8141150e-001
 6.8138027e-001
 6.8134058e-001
 6.8128872e-001
 6.8123114e-001
 6.8118465e-001
 6.8113881e-001
 6.8109691e-001
 6.8106049e-001
 6.8102252e-001
 6.8095857e-001
 6.8089068e-001
 6.8085164e-001
 6.8082011e-001
 6.8077481e-001
 6.8070734e-001
 6.8062246e-001
 6.8055505e-001
 6.8049282e-001
 6.8042463e-001
 6.8035012e-001
 6.8029088e-001
 6.8024749e-001
 6.8021470e-001
 6.8018973e-001
 6.8013883e-001
 6.8007004e-001
 6.8000108e-001
 6.7991734e-001
 6.7983806e-001
 6.7976683e-001
 6.7969573e-001
 6.7962736e-001
 6.7954767e-001
 6.7946112e-001
 6.7939067e-001
 6.7930371e-001
 6.7921758e-001
 6.7914659e-001
 6.7908025e-001
 6.7899835e-001
 6.7890859e-001
 6.7882264e-001
 6.7873597e-001
 6.7865771e-001
 6.7857993e-001
 6.7848897e-001
 6.7838281e-001
 6.7827839e-001
 6.7817962e-001
 6.7807835e-001
 6.7796785e-001
 6.7785066e-001
 6.7773879e-001
 6.7765152e-001
 6.7753828e-001
 6.7742282e-001
 6.7731988e-001
 6.7719167e-001
 6.7708802e-001
 6.7699575e-001
 6.7688793e-001
 6.7676276e-001
 6.7664176e-001
 6.7653596e-001
 6.7644131e-001
 6.7632496e-001
 6.7621464e-001
 6.7612201e-001
 6.7604190e-001
 6.7594600e-001
 6.7583305e-001
 6.7571932e-001
 6.7563021e-001
 6.7552865e-001
 6.7540717e-001
 6.7527127e-001
 6.7513627e-001
 6.7502105e-001
 6.7491269e-001
 6.7479336e-001
 6.7465091e-001
 6.7449576e-001
 6.7434388e-001
 6.7420548e-001
 6.7406166e-001
 6.7393404e-001
 6.7381966e-001
 6.7370307e-001
 6.7357075e-001
 6.7342907e-001
 6.7329460e-001
 6.7318046e-001
 6.7305130e-001
 6.7293668e-001
 6.7284125e-001
 6.7274016e-001
 6.7260128e-001
 6.7245698e-001
 6.7232537e-001
 6.7219579e-001
 6.7204797e-001
 6.7191231e-001
 6.7179781e-001
 6.7166919e-001
 6.7151284e-001
 6.7135066e-001
 6.7119497e-001
 6.7101079e-001
 6.7086369e-001
 6.7073327e-001
 6.7058957e-001
 6.7044932e-001
 6.7031467e-001
 6.7016947e-001
 6.7000133e-001
 6.6982937e-001
 6.6965407e-001
 6.6947705e-001
 6.6930252e-001
 6.6914409e-001
 6.6898900e-001
 6.6884071e-001
 6.6870505e-001
 6.6855484e-001
 6.6838497e-001
 6.6821069e-001
 6.6805327e-001
 6.6788197e-001
 6.6773373e-001
 6.6760689e-001
 6.6746485e-001
 6.6732293e-001
 6.6716868e-001
 6.6699946e-001
 6.6682649e-001
 6.6667193e-001
 6.6650814e-001
 6.6633463e-001
 6.6618282e-001
 6.6599911e-001
 6.6583455e-001
 6.6569394e-001
 6.6551465e-001
 6.6536862e-001
 6.6521585e-001
 6.6504949e-001
 6.6493154e-001
 6.6477031e-001
 6.6462111e-001
 6.6449517e-001
 6.6429979e-001
 6.6414392e-001
 6.6399473e-001
 6.6382319e-001
 6.6365933e-001
 6.6351706e-001
 6.6339815e-001
 6.6328639e-001
 6.6314101e-001
 6.6296643e-001
 6.6283572e-001
 6.6274208e-001
 6.6251814e-001
 6.6238475e-001
 6.6228271e-001
 6.6214156e-001
 6.6199863e-001
 6.6186833e-001
 6.6171360e-001
 6.6153604e-001
 6.6143286e-001
 6.6129851e-001
 6.6116738e-001
 6.6106182e-001
 6.6092432e-001
 6.6074437e-001
 6.6062838e-001
 6.6059554e-001
 6.6047579e-001
 6.6033190e-001
 6.6023272e-001
 6.6016048e-001
 6.5996248e-001
 6.5989411e-001
 6.5980732e-001
 6.5961838e-001
 6.5947348e-001
 6.5938199e-001
 6.5929800e-001
 6.5918320e-001
 6.5903723e-001
 6.5901816e-001
 6.5896749e-001
 6.5882093e-001
 6.5870446e-001
 6.5863419e-001
 6.5855956e-001
 6.5845233e-001
 6.5833747e-001
 6.5834743e-001
 6.5828377e-001
 6.5814394e-001
 6.5812194e-001
 6.5806001e-001
 6.5803331e-001
 6.5792686e-001
 6.5785891e-001
 6.5779036e-001
 6.5772104e-001
 6.5765083e-001
 6.5757972e-001
 6.5750790e-001
 6.5743572e-001
 6.5736353e-001
 6.5729183e-001
 6.5722102e-001
 6.5715140e-001
 6.5708315e-001
 6.5701622e-001
 6.5695059e-001
 6.5688616e-001
 6.5682292e-001
 6.5676129e-001
 6.5670168e-001
 6.5664488e-001
 6.5659165e-001
 6.5654272e-001
 6.5649843e-001
 6.5645874e-001
 6.5642327e-001
 6.5639114e-001
 6.5636134e-001
 6.5633285e-001
 6.5630472e-001
 6.5627646e-001
 6.5624791e-001
 6.5621936e-001
 6.5619135e-001
 6.5616459e-001
 6.5613985e-001
 6.5611786e-001
 6.5609908e-001
 6.5608364e-001
 6.5607172e-001
 6.5606314e-001
 6.5605772e-001
 6.5605533e-001
 6.5605575e-001
 6.5605867e-001
 6.5606397e-001
 6.5607119e-001
 6.5607989e-001
 6.5608978e-001
 6.5610033e-001
 6.5611130e-001
 6.5612262e-001
 6.5613413e-001
 6.5614617e-001
 6.5615875e-001
 6.5617216e-001
 6.5618652e-001
 6.5620196e-001
 6.5621865e-001
 6.5623653e-001
 6.5625590e-001
 6.5627682e-001
 6.5629953e-001
 6.5632415e-001
 6.5635097e-001
 6.5638000e-001
 6.5641129e-001
 6.5644491e-001
 6.5648073e-001
 6.5651846e-001
 6.5655780e-001
 6.5659815e-001
 6.5663904e-001
 6.5667975e-001
 6.5671980e-001
 6.5675884e-001
 6.5679657e-001
 6.5683323e-001
 6.5686888e-001
 6.5690410e-001
 6.5693951e-001
 6.5697587e-001
 6.5701389e-001
 6.5705436e-001
 6.5709794e-001
 6.5714508e-001
 6.5719587e-001
 6.5725005e-001
 6.5730715e-001
 6.5736622e-001
 6.5742630e-001
 6.5748626e-001
 6.5754515e-001
 6.5760219e-001
 6.5765685e-001
 6.5770894e-001
 6.5775859e-001
 6.5780610e-001
 6.5785182e-001
 6.5789634e-001
 6.5794021e-001
 6.5798384e-001
 6.5802759e-001
 6.5807158e-001
 6.5811563e-001
 6.5815949e-001
 6.5820271e-001
 6.5824485e-001
 6.5828550e-001
 6.5832448e-001
 6.5836191e-001
 6.5839809e-001
 6.5843338e-001
 6.5846837e-001
 6.5850353e-001
 6.5853924e-001
 6.5857577e-001
 6.5861332e-001
 6.5865201e-001
 6.5869176e-001
 6.5873259e-001
 6.5877438e-001
 6.5881693e-001
 6.5885997e-001
 6.5890318e-001
 6.5894628e-001
 6.5898877e-001
 6.5903038e-001
 6.5907097e-001
 6.5911019e-001
 6.5914798e-001
 6.5918404e-001
 6.5921807e-001
 6.5924966e-001
 6.5927821e-001
 6.5930319e-001
 6.5932399e-001
 6.5934026e-001
 6.5935200e-001
 6.5935934e-001
 6.5936303e-001
 6.5936393e-001
 6.5936309e-001
 6.5936160e-001
 6.5936047e-001
 6.5936023e-001
 6.5936142e-001
 6.5936399e-001
 6.5936768e-001
 6.5937209e-001
 6.5937662e-001
 6.5938079e-001
 6.5938413e-001
 6.5938628e-001
 6.5938711e-001
 6.5938675e-001
 6.5938532e-001
 6.5938312e-001
 6.5938050e-001
 6.5937757e-001
 6.5937454e-001
 6.5937144e-001
 6.5936798e-001
 6.5936410e-001
 6.5935940e-001
 6.5935355e-001
 6.5934646e-001
 6.5933776e-001
 6.5932733e-001
 6.5931505e-001
 6.5930098e-001
 6.5928513e-001
 6.5926760e-001
 6.5924865e-001
 6.5922862e-001
 6.5920788e-001
 6.5918678e-001
 6.5916580e-001
 6.5914530e-001
 6.5912575e-001
 6.5910739e-001
 6.5909046e-001
 6.5907514e-001
 6.5906131e-001
 6.5904862e-001
 6.5903652e-001
 6.5902442e-001
 6.5901130e-001
 6.5899646e-001
 6.5897912e-001
 6.5895897e-001
 6.5893596e-001
 6.5891045e-001
 6.5888304e-001
 6.5885454e-001
 6.5882587e-001
 6.5879786e-001
 6.5877128e-001
 6.5874666e-001
 6.5872437e-001
 6.5870464e-001
 6.5868747e-001
 6.5867269e-001
 6.5866005e-001
 6.5864933e-001
 6.5863997e-001
 6.5863168e-001
 6.5862411e-001
 6.5861696e-001
 6.5860999e-001
 6.5860313e-001
 6.5859640e-001
 6.5858972e-001
 6.5858328e-001
 6.5857708e-001
 6.5857100e-001
 6.5856504e-001
 6.5855896e-001
 6.5855271e-001
 6.5854609e-001
 6.5853894e-001
 6.5853131e-001
 6.5852320e-001
 6.5851492e-001
 6.5850669e-001
 6.5849882e-001
 6.5849179e-001
 6.5848577e-001
 6.5848118e-001
 6.5847814e-001
 6.5847653e-001
 6.5847635e-001
 6.5847707e-001
 6.5847838e-001
 6.5847963e-001
 6.5848041e-001
 6.5848035e-001
 6.5847909e-001
 6.5847665e-001
 6.5847331e-001
 6.5846920e-001
 6.5846485e-001
 6.5846050e-001
 6.5845656e-001
 6.5845317e-001
 6.5845042e-001
 6.5844822e-001
 6.5844649e-001
 6.5844488e-001
 6.5844327e-001
 6.5844119e-001
 6.5843850e-001
 6.5843487e-001
 6.5843028e-001
 6.5842474e-001
 6.5841848e-001
 6.5841186e-001
 6.5840530e-001
 6.5839928e-001
 6.5839416e-001
 6.5839016e-001
 6.5838730e-001
 6.5838557e-001
 6.5838474e-001
 6.5838450e-001
 6.5838474e-001
 6.5838528e-001
 6.5838617e-001
 6.5838760e-001
 6.5838975e-001
 6.5839291e-001
 6.5839726e-001
 6.5840298e-001
 6.5841001e-001
 6.5841842e-001
 6.5842807e-001
 6.5843886e-001
 6.5845060e-001
 6.5846312e-001
 6.5847635e-001
 6.5849000e-001
 6.5850383e-001
 6.5851772e-001
 6.5853149e-001
 6.5854496e-001
 6.5855813e-001
 6.5857100e-001
 6.5858370e-001
 6.5859610e-001
 6.5860826e-001
 6.5862000e-001
 6.5863121e-001
 6.5864182e-001
 6.5865177e-001
 6.5866131e-001
 6.5867084e-001
 6.5868086e-001
 6.5869206e-001
 6.5870500e-001
 6.5872014e-001
 6.5873778e-001
 6.5875775e-001
 6.5877980e-001
 6.5880358e-001
 6.5882844e-001
 6.5885407e-001
 6.5888029e-001
 6.5890718e-001
 6.5893501e-001
 6.5896422e-001
 6.5899539e-001
 6.5902883e-001
 6.5906477e-001
 6.5910321e-001
 6.5914375e-001
 6.5918583e-001
 6.5922868e-001
 6.5927160e-001
 6.5931398e-001
 6.5935528e-001
 6.5939534e-001
 6.5943408e-001
 6.5947181e-001
 6.5950871e-001
 6.5954500e-001
 6.5958101e-001
 6.5961671e-001
 6.5965217e-001
 6.5968734e-001
 6.5972227e-001
 6.5975702e-001
 6.5979177e-001
 6.5982670e-001
 6.5986210e-001
 6.5989816e-001
 6.5993500e-001
 6.5997273e-001
 6.6001135e-001
 6.6005087e-001
 6.6009134e-001
 6.6013283e-001
 6.6017556e-001
 6.6021985e-001
 6.6026574e-001
 6.6031355e-001
 6.6036326e-001
 6.6041481e-001
 6.6046804e-001
 6.6052252e-001
 6.6057783e-001
 6.6063362e-001
 6.6068941e-001
 6.6074508e-001
 6.6080034e-001
 6.6085517e-001
 6.6090977e-001
 6.6096419e-001
 6.6101855e-001
 6.6107291e-001
 6.6112697e-001
 6.6118032e-001
 6.6123223e-001
 6.6128165e-001
 6.6132742e-001
 6.6136825e-001
 6.6140276e-001
 6.6143000e-001
 6.6144931e-001
 6.6146052e-001
 6.6146415e-001
 6.6146135e-001
 6.6145390e-001
 6.6144407e-001
 6.6143453e-001
 6.6142803e-001
 6.6142696e-001
 6.6143352e-001
 6.6144902e-001
 6.6147393e-001
 6.6150779e-001
 6.6154903e-001
 6.6159534e-001
 6.6164362e-001
 6.6169047e-001
 6.6173273e-001
 6.6176742e-001
 6.6179252e-001
 6.6180694e-001
 6.6181070e-001
 6.6180480e-001
 6.6179097e-001
 6.6177136e-001
 6.6174829e-001
 6.6172373e-001
 6.6169941e-001
 6.6167629e-001
 6.6165501e-001
 6.6163558e-001
 6.6161776e-001
 6.6160107e-001
 6.6158497e-001
 6.6156900e-001
 6.6155267e-001
 6.6153574e-001
 6.6151816e-001
 6.6150022e-001
 6.6148239e-001
 6.6146576e-001
 6.6145158e-001
 6.6144156e-001
 6.6143769e-001
 6.6144216e-001
 6.6145712e-001
 6.6148448e-001
 6.6152579e-001
 6.6158199e-001
 6.6165352e-001
 6.6174018e-001
 6.6184098e-001
 6.6195458e-001
 6.6207922e-001
 6.6221279e-001
 6.6235316e-001
 6.6249794e-001
 6.6264498e-001
 6.6279227e-001
 6.6293800e-001
 6.6308063e-001
 6.6321915e-001
 6.6335279e-001
 6.6348135e-001
 6.6360492e-001
 6.6372389e-001
 6.6383904e-001
 6.6395098e-001
 6.6406047e-001
 6.6416806e-001
 6.6427398e-001
 6.6437823e-001
 6.6448057e-001
 6.6458076e-001
 6.6467845e-001
 6.6477358e-001
 6.6486621e-001
 6.6495681e-001
 6.6504598e-001
 6.6513437e-001
 6.6522270e-001
 6.6531134e-001
 6.6540045e-001
 6.6548973e-001
 6.6557878e-001
 6.6566688e-001
 6.6575354e-001
 6.6583818e-001
 6.6592056e-001
 6.6600072e-001
 6.6607881e-001
 6.6615510e-001
 6.6622996e-001
 6.6630369e-001
 6.6637659e-001
 6.6644889e-001
 6.6652089e-001
 6.6659284e-001
 6.6666520e-001
 6.6673845e-001
 6.6681325e-001
 6.6689026e-001
 6.6697007e-001
 6.6705328e-001
 6.6714007e-001
 6.6723049e-001
 6.6732413e-001
 6.6742039e-001
 6.6751820e-001
 6.6761643e-001
 6.6771394e-001
 6.6780967e-001
 6.6790289e-001
 6.6799325e-001
 6.6808075e-001
 6.6816598e-001
 6.6824973e-001
 6.6833299e-001
 6.6841680e-001
 6.6850185e-001
 6.6858864e-001
 6.6867697e-001
 6.6876638e-001
 6.6885602e-001
 6.6894484e-001
 6.6903168e-001
 6.6911572e-001
 6.6919637e-001
 6.6927338e-001
 6.6934699e-001
 6.6941762e-001
 6.6948593e-001
 6.6955251e-001
 6.6961807e-001
 6.6968304e-001
 6.6974759e-001
 6.6981190e-001
 6.6987580e-001
 6.6993910e-001
 6.7000163e-001
 6.7006302e-001
 6.7012316e-001
 6.7018169e-001
 6.7023855e-001
 6.7029369e-001
 6.7034733e-001
 6.7039973e-001
 6.7045140e-001
 6.7050302e-001
 6.7055506e-001
 6.7060798e-001
 6.7066216e-001
 6.7071736e-001
 6.7077327e-001
 6.7082930e-001
 6.7088467e-001
 6.7093873e-001
 6.7099082e-001
 6.7104059e-001
 6.7108804e-001
 6.7113310e-001
 6.7117614e-001
 6.7121726e-001
 6.7125648e-001
 6.7129374e-001
 6.7132872e-001
 6.7136091e-001
 6.7138994e-001
 6.7141545e-001
 6.7143738e-001
 6.7145604e-001
 6.7147189e-001
 6.7148560e-001
 6.7149812e-001
 6.7151010e-001
 6.7152214e-001
 6.7153484e-001
 6.7154843e-001
 6.7156327e-001
 6.7157954e-001
 6.7159766e-001
 6.7161787e-001
 6.7164052e-001
 6.7166597e-001
 6.7169446e-001
 6.7172629e-001
 6.7176181e-001
 6.7180133e-001
 6.7184514e-001
 6.7189366e-001
 6.7194730e-001
 6.7200625e-001
 6.7207068e-001
 6.7214030e-001
 6.7221469e-001
 6.7229301e-001
 6.7237413e-001
 6.7245680e-001
 6.7253971e-001
 6.7262161e-001
 6.7270154e-001
 6.7277879e-001
 6.7285293e-001
 6.7292386e-001
 6.7299139e-001
 6.7305541e-001
 6.7311555e-001
 6.7317134e-001
 6.7322206e-001
 6.7326689e-001
 6.7330521e-001
 6.7333663e-001
 6.7336100e-001
 6.7337877e-001
 6.7339063e-001
 6.7339760e-001
 6.7340106e-001
 6.7340231e-001
 6.7340285e-001
 6.7340404e-001
 6.7340720e-001
 6.7341352e-001
 6.7342383e-001
 6.7343891e-001
 6.7345905e-001
 6.7348409e-001
 6.7351341e-001
 6.7354620e-001
 6.7358112e-001
 6.7361653e-001
 6.7365092e-001
 6.7368251e-001
 6.7370987e-001
 6.7373168e-001
 6.7374694e-001
 6.7375511e-001
 6.7375612e-001
 6.7375028e-001
 6.7373830e-001
 6.7372131e-001
 6.7370075e-001
 6.7367792e-001
 6.7365444e-001
 6.7363143e-001
 6.7361015e-001
 6.7359120e-001
 6.7357498e-001
 6.7356163e-001
 6.7355096e-001
 6.7354262e-001
 6.7353606e-001
 6.7353088e-001
 6.7352647e-001
 6.7352253e-001
 6.7351872e-001
 6.7351490e-001
 6.7351085e-001
 6.7350662e-001
 6.7350215e-001
 6.7349756e-001
 6.7349291e-001
 6.7348826e-001
 6.7348373e-001
 6.7347932e-001
 6.7347515e-001
 6.7347121e-001
 6.7346746e-001
 6.7346394e-001
 6.7346066e-001
 6.7345756e-001
 6.7345464e-001
 6.7345214e-001
 6.7345029e-001
 6.7344934e-001
 6.7344981e-001
 6.7345208e-001
 6.7345667e-001
 6.7346382e-001
 6.7347366e-001
 6.7348611e-001
 6.7350090e-001
 6.7351770e-001
 6.7353606e-001
 6.7355531e-001
 6.7357492e-001
 6.7359430e-001
 6.7361289e-001
 6.7363018e-001
 6.7364573e-001
 6.7365932e-001
 6.7367089e-001
 6.7368042e-001
 6.7368799e-001
 6.7369366e-001
 6.7369735e-001
 6.7369896e-001
 6.7369807e-001
 6.7369401e-001
 6.7368609e-001
 6.7367351e-001
 6.7365551e-001
 6.7363149e-001
 6.7360127e-001
 6.7356479e-001
 6.7352253e-001
 6.7347533e-001
 6.7342436e-001
 6.7337078e-001
 6.7331600e-001
 6.7326123e-001
 6.7320746e-001
 6.7315525e-001
 6.7310500e-001
 6.7305678e-001
 6.7301047e-001
 6.7296571e-001
 6.7292237e-001
 6.7288023e-001
 6.7283911e-001
 6.7279887e-001
 6.7275935e-001
 6.7272031e-001
 6.7268151e-001
 6.7264247e-001
 6.7260265e-001
 6.7256165e-001
 6.7251897e-001
 6.7247427e-001
 6.7242759e-001
 6.7237914e-001
 6.7232943e-001
 6.7227930e-001
 6.7222965e-001
 6.7218131e-001
 6.7213482e-001
 6.7209059e-001
 6.7204857e-001
 6.7200834e-001
 6.7196941e-001
 6.7193121e-001
 6.7189348e-001
 6.7185593e-001
 6.7181861e-001
 6.7178178e-001
 6.7174554e-001
 6.7171001e-001
 6.7167497e-001
 6.7164010e-001
 6.7160481e-001
 6.7156863e-001
 6.7153090e-001
 6.7149115e-001
 6.7144924e-001
 6.7140502e-001
 6.7135888e-001
 6.7131102e-001
 6.7126215e-001
 6.7121267e-001
 6.7116320e-001
 6.7111415e-001
 6.7106557e-001
 6.7101729e-001
 6.7096895e-001
 6.7091966e-001
 6.7086864e-001
 6.7081511e-001
 6.7075866e-001
 6.7069936e-001
 6.7063797e-001
 6.7057604e-001
 6.7051560e-001
 6.7045945e-001
 6.7041039e-001
 6.7037129e-001
 6.7034471e-001
 6.7033267e-001
 6.7033666e-001
 6.7035729e-001
 6.7039454e-001
 6.7044783e-001
 6.7051572e-001
 6.7059660e-001
 6.7068821e-001
 6.7078817e-001
 6.7089403e-001
 6.7100334e-001
 6.7111373e-001
 6.7122304e-001
 6.7132920e-001
 6.7143041e-001
 6.7152488e-001
 6.7161089e-001
 6.7168689e-001
 6.7175126e-001
 6.7180258e-001
 6.7183989e-001
 6.7186254e-001
 6.7187083e-001
 6.7186546e-001
 6.7184806e-001
 6.7182046e-001
 6.7178494e-001
 6.7174363e-001
 6.7169827e-001
 6.7165035e-001
 6.7160070e-001
 6.7154962e-001
 6.7149729e-001
 6.7144334e-001
 6.7138743e-001
 6.7132926e-001
 6.7126840e-001
 6.7120475e-001
 6.7113817e-001
 6.7106867e-001
 6.7099637e-001
 6.7092144e-001
 6.7084384e-001
 6.7076355e-001
 6.7068022e-001
 6.7059338e-001
 6.7050242e-001
 6.7040658e-001
 6.7030531e-001
 6.7019802e-001
 6.7008460e-001
 6.6996509e-001
 6.6983986e-001
 6.6970956e-001
 6.6957515e-001
 6.6943747e-001
 6.6929740e-001
 6.6915554e-001
 6.6901219e-001
 6.6886824e-001
 6.6872090e-001
 6.6856956e-001
 6.6841251e-001
 6.6824776e-001
 6.6807359e-001
 6.6788858e-001
 6.6769177e-001
 6.6748250e-001
 6.6726053e-001
 6.6702598e-001
 6.6677958e-001
 6.6652250e-001
 6.6625655e-001
 6.6598433e-001
 6.6570884e-001
 6.6543317e-001
 6.6516048e-001
 6.6489345e-001
 6.6463429e-001
 6.6438431e-001
 6.6414398e-001
 6.6391301e-001
 6.6369003e-001
 6.6347307e-001
 6.6325951e-001
 6.6304606e-001
 6.6282934e-001
 6.6260582e-001
 6.6237223e-001
 6.6212577e-001
 6.6186404e-001
 6.6158527e-001
 6.6128814e-001
 6.6097170e-001
 6.6063511e-001
 6.6027755e-001
 6.5989828e-001
 6.5949667e-001
 6.5907198e-001
 6.5862423e-001
 6.5815371e-001
 6.5766156e-001
 6.5714943e-001
 6.5661925e-001
 6.5607351e-001
 6.5551472e-001
 6.5494597e-001
 6.5437090e-001
 6.5379387e-001
 6.5322089e-001
 6.5265936e-001
 6.5211880e-001
 6.5161067e-001
 6.5114790e-001
 6.5074515e-001
 6.5041757e-001
 6.5018088e-001
 6.5005016e-001
 6.5003932e-001
 6.5016013e-001
 6.5042132e-001
 6.5082741e-001
 6.5137815e-001
 6.5206784e-001
 6.5288478e-001
 6.5381145e-001
 6.5482575e-001
 6.5590143e-001
 6.5701061e-001
 6.5812457e-001
 6.5921617e-001
 6.6026163e-001
 6.6124070e-001
 6.6213828e-001
 6.6294360e-001
 6.6365016e-001
 6.6425544e-001
 6.6475928e-001
 6.6516399e-001
 6.6547298e-001
 6.6569066e-001
 6.6582209e-001
 6.6587257e-001
 6.6584772e-001
 6.6575319e-001
 6.6559470e-001
 6.6537768e-001
 6.6510755e-001
 6.6478950e-001
 6.6442835e-001
 6.6402900e-001
 6.6359621e-001
 6.6313505e-001
 6.6265094e-001
 6.6214985e-001
 6.6163826e-001
 6.6112310e-001
 6.6061145e-001
 6.6011047e-001
 6.5962642e-001
 6.5916497e-001
 6.5873003e-001
 6.5832454e-001
 6.5794981e-001
 6.5760547e-001
 6.5729058e-001
 6.5700281e-001
 6.5673959e-001
 6.5649790e-001
 6.5627456e-001
 6.5606654e-001
 6.5587074e-001
 6.5568465e-001
 6.5550590e-001
 6.5533239e-001
 6.5516257e-001
 6.5499496e-001
 6.5482813e-001
 6.5466064e-001
 6.5449089e-001
 6.5431714e-001
 6.5413767e-001
 6.5395087e-001
 6.5375549e-001
 6.5355074e-001
 6.5333635e-001
 6.5311271e-001
 6.5288049e-001
 6.5264088e-001
 6.5239537e-001
 6.5214574e-001
 6.5189403e-001
 6.5164256e-001
 6.5139377e-001
 6.5115017e-001
 6.5091413e-001
 6.5068805e-001
 6.5047365e-001
 6.5027261e-001
 6.5008593e-001
 6.4991409e-001
 6.4975709e-001
 6.4961421e-001
 6.4948392e-001
 6.4936382e-001
 6.4925057e-001
 6.4914000e-001
 6.4902717e-001
 6.4890683e-001
 6.4877361e-001
 6.4862257e-001
 6.4844936e-001
 6.4825058e-001
 6.4802396e-001
 6.4776832e-001
 6.4748329e-001
 6.4716941e-001
 6.4682776e-001
 6.4645976e-001
 6.4606714e-001
 6.4565176e-001
 6.4521551e-001
 6.4476067e-001
 6.4428949e-001
 6.4380515e-001
 6.4331120e-001
 6.4281255e-001
 6.4231521e-001
 6.4182609e-001
 6.4135343e-001
 6.4090592e-001
 6.4049286e-001
 6.4012343e-001
 6.3980645e-001
 6.3955051e-001
 6.3936323e-001
 6.3925153e-001
 6.3922167e-001
 6.3927883e-001
 6.3942766e-001
 6.3967156e-001
 6.4001304e-001
 6.4045298e-001
 6.4099061e-001
 6.4162308e-001
 6.4234513e-001
 6.4314914e-001
 6.4402515e-001
 6.4496160e-001
 6.4594525e-001
 6.4696229e-001
 6.4799911e-001
 6.4904201e-001
 6.5007877e-001
 6.5109813e-001
 6.5209049e-001
 6.5304846e-001
 6.5396619e-001
 6.5484035e-001
 6.5566903e-001
 6.5645248e-001
 6.5719140e-001
 6.5788794e-001
 6.5854454e-001
 6.5916342e-001
 6.5974724e-001
 6.6029823e-001
 6.6081876e-001
 6.6131061e-001
 6.6177607e-001
 6.6221714e-001
 6.6263562e-001
 6.6303349e-001
 6.6341269e-001
 6.6377485e-001
 6.6412169e-001
 6.6445470e-001
 6.6477513e-001
 6.6508359e-001
 6.6538042e-001
 6.6566539e-001
 6.6593760e-001
 6.6619611e-001
 6.6643965e-001
 6.6666710e-001
 6.6687799e-001
 6.6707247e-001
 6.6725123e-001
 6.6741574e-001
 6.6756797e-001
 6.6771013e-001
 6.6784406e-001
 6.6797161e-001
 6.6809398e-001
 6.6821200e-001
 6.6832608e-001
 6.6843653e-001
 6.6854364e-001
 6.6864794e-001
 6.6874999e-001
 6.6885036e-001
 6.6894913e-001
 6.6904581e-001
 6.6913933e-001
 6.6922802e-001
 6.6930985e-001
 6.6938287e-001
 6.6944540e-001
 6.6949630e-001
 6.6953522e-001
 6.6956222e-001
 6.6957790e-001
 6.6958326e-001
 6.6957968e-001
 6.6956860e-001
 6.6955155e-001
 6.6952986e-001
 6.6950452e-001
 6.6947579e-001
 6.6944325e-001
 6.6940576e-001
 6.6936171e-001
 6.6930926e-001
 6.6924673e-001
 6.6917318e-001
 6.6908813e-001
 6.6899210e-001
 6.6888607e-001
 6.6877162e-001
 6.6865039e-001
 6.6852379e-001
 6.6839302e-001
 6.6825891e-001
 6.6812170e-001
 6.6798145e-001
 6.6783762e-001
 6.6768944e-001
 6.6753620e-001
 6.6737694e-001
 6.6721100e-001
 6.6703820e-001
 6.6685879e-001
 6.6667354e-001
 6.6648406e-001
 6.6629207e-001
 6.6609991e-001
 6.6590977e-001
 6.6572398e-001
 6.6554415e-001
 6.6537136e-001
 6.6520560e-001
 6.6504568e-001
 6.6488934e-001
 6.6473329e-001
 6.6457331e-001
 6.6440505e-001
 6.6422397e-001
 6.6402602e-001
 6.6380787e-001
 6.6356671e-001
 6.6330093e-001
 6.6300982e-001
 6.6269338e-001
 6.6235286e-001
 6.6198993e-001
 6.6160679e-001
 6.6120613e-001
 6.6079015e-001
 6.6036075e-001
 6.5991890e-001
 6.5946484e-001
 6.5899754e-001
 6.5851521e-001
 6.5801585e-001
 6.5749693e-001
 6.5695637e-001
 6.5639293e-001
 6.5580606e-001
 6.5519649e-001
 6.5456611e-001
 6.5391862e-001
 6.5325832e-001
 6.5259063e-001
 6.5192205e-001
 6.5125936e-001
 6.5060937e-001
 6.4997965e-001
 6.4937669e-001
 6.4880657e-001
 6.4827490e-001
 6.4778578e-001
 6.4734221e-001
 6.4694583e-001
 6.4659780e-001
 6.4629799e-001
 6.4604586e-001
 6.4584094e-001
 6.4568233e-001
 6.4556956e-001
 6.4550269e-001
 6.4548212e-001
 6.4550883e-001
 6.4558423e-001
 6.4570946e-001
 6.4588517e-001
 6.4611048e-001
 6.4638245e-001
 6.4669609e-001
 6.4704400e-001
 6.4741677e-001
 6.4780390e-001
 6.4819461e-001
 6.4857852e-001
 6.4894652e-001
 6.4929122e-001
 6.4960718e-001
 6.4989066e-001
 6.5013987e-001
 6.5035462e-001
 6.5053576e-001
 6.5068537e-001
 6.5080571e-001
 6.5089911e-001
 6.5096724e-001
 6.5101093e-001
 6.5102983e-001
 6.5102249e-001
 6.5098673e-001
 6.5091991e-001
 6.5081954e-001
 6.5068346e-001
 6.5050977e-001
 6.5029740e-001
 6.5004534e-001
 6.4975291e-001
 6.4941978e-001
 6.4904577e-001
 6.4863122e-001
 6.4817715e-001
 6.4768547e-001
 6.4715862e-001
 6.4659929e-001
 6.4601040e-001
 6.4539397e-001
 6.4475107e-001
 6.4408225e-001
 6.4338648e-001
 6.4266253e-001
 6.4190876e-001
 6.4112449e-001
 6.4030898e-001
 6.3946229e-001
 6.3858557e-001
 6.3767958e-001
 6.3674510e-001
 6.3578349e-001
 6.3479501e-001
 6.3378000e-001
 6.3273829e-001
 6.3167042e-001
 6.3057625e-001
 6.2945563e-001
 6.2830949e-001
 6.2713784e-001
 6.2594110e-001
 6.2472111e-001
 6.2347937e-001
 6.2221861e-001
 6.2094373e-001
 6.1966032e-001
 6.1837542e-001
 6.1709672e-001
 6.1583287e-001
 6.1459082e-001
 6.1337578e-001
 6.1219096e-001
 6.1103582e-001
 6.0990632e-001
 6.0879624e-001
 6.0769624e-001
 6.0659552e-001
 6.0548252e-001
 6.0434657e-001
 6.0317719e-001
 6.0196495e-001
 6.0070282e-001
 5.9938413e-001
 5.9800333e-001
 5.9655654e-001
 5.9503961e-001
 5.9344870e-001
 5.9178162e-001
 5.9003532e-001
 5.8820778e-001
 5.8629686e-001
 5.8430219e-001
 5.8222216e-001
 5.8005536e-001
 5.7780182e-001
 5.7546020e-001
 5.7302934e-001
 5.7051003e-001
 5.6790221e-001
 5.6520706e-001
 5.6242627e-001
 5.5956435e-001
 5.5662513e-001
 5.5361325e-001
 5.5053669e-001
 5.4740250e-001
 5.4421884e-001
 5.4099798e-001
 5.3775150e-001
 5.3449279e-001
 5.3123933e-001
 5.2800763e-001
 5.2481616e-001
 5.2168298e-001
 5.1862806e-001
 5.1566863e-001
 5.1282066e-001
 5.1010042e-001
 5.0752056e-001
 5.0509143e-001
 5.0282288e-001
 5.0072014e-001
 4.9878606e-001
 4.9701947e-001
 4.9541658e-001
 4.9396816e-001
 4.9266079e-001
 4.9147785e-001
 4.9039793e-001
 4.8939657e-001
 4.8844773e-001
 4.8752356e-001
 4.8659644e-001
 4.8564106e-001
 4.8463446e-001
 4.8355791e-001
 4.8239738e-001
 4.8114488e-001
 4.7979677e-001
 4.7835401e-001
 4.7682250e-001
 4.7520980e-001
 4.7352514e-001
 4.7177956e-001
 4.6998256e-001
 4.6814328e-001
 4.6626928e-001
 4.6436837e-001
 4.6244630e-001
 4.6050838e-001
 4.5856130e-001
 4.5661074e-001
 4.5466271e-001
 4.5272499e-001
 4.5080388e-001
 4.4890541e-001
 4.4703636e-001
 4.4520116e-001
 4.4340384e-001
 4.4164708e-001
 4.3993402e-001
 4.3826586e-001
 4.3664366e-001
 4.3506956e-001
 4.3354535e-001
 4.3207413e-001
 4.3066242e-001
 4.2931870e-001
 4.2805579e-001
 4.2689070e-001
 4.2584589e-001
 4.2494768e-001
 4.2422676e-001
 4.2371801e-001
 4.2345870e-001
 4.2348817e-001
 4.2384642e-001
 4.2457268e-001
 4.2570376e-001
 4.2727286e-001
 4.2930597e-001
 4.3182260e-001
 4.3483377e-001
 4.3833840e-001
 4.4232753e-001
 4.4678316e-001
 4.5167562e-001
 4.5697206e-001
 4.6263573e-001
 4.6862423e-001
 4.7489989e-001
 4.8142624e-001
 4.8817205e-001
 4.9510461e-001
 5.0219816e-001
 5.0942707e-001
 5.1675773e-001
 5.2415627e-001
 5.3158170e-001
 5.3897971e-001
 5.4629380e-001
 5.5346018e-001
 5.6041437e-001
 5.6708819e-001
 5.7342380e-001
 5.7937163e-001
 5.8488929e-001
 5.8995175e-001
 5.9454691e-001
 5.9867215e-001
 6.0233879e-001
 6.0556620e-001
 6.0837728e-001
 6.1080050e-001
 6.1286509e-001
 6.1460054e-001
 6.1603421e-001
 6.1719304e-001
 6.1810172e-001
 6.1878175e-001
 6.1925232e-001
 6.1952883e-001
 6.1962277e-001
 6.1954230e-001
 6.1929268e-001
 6.1887747e-001
 6.1830091e-001
 6.1756945e-001
 6.1669362e-001
 6.1569035e-001
 6.1458206e-001
 6.1339635e-001
 6.1216515e-001
 6.1092031e-001
 6.0969144e-001
 6.0850358e-001
 6.0737306e-001
 6.0630721e-001
 6.0530311e-001
 6.0434985e-001
 6.0342854e-001
 6.0251623e-001
 6.0158944e-001
 6.0062623e-001
 5.9960914e-001
 5.9852749e-001
 5.9737653e-001
 5.9615761e-001
 5.9487617e-001
 5.9354168e-001
 5.9216428e-001
 5.9075451e-001
 5.8932418e-001
 5.8788389e-001
 5.8644414e-001
 5.8501542e-001
 5.8360541e-001
 5.8221889e-001
 5.8085704e-001
 5.7951450e-001
 5.7818025e-001
 5.7683712e-001
 5.7546413e-001
 5.7403624e-001
 5.7252687e-001
 5.7091075e-001
 5.6916320e-001
 5.6726205e-001
 5.6518990e-001
 5.6293207e-001
 5.6047904e-001
 5.5782604e-001
 5.5497622e-001
 5.5193716e-001
 5.4872245e-001
 5.4535371e-001
 5.4185480e-001
 5.3825241e-001
 5.3457695e-001
 5.3085560e-001
 5.2711254e-001
 5.2337039e-001
 5.1964301e-001
 5.1593846e-001
 5.1225686e-001
 5.0859398e-001
 5.0493753e-001
 5.0127071e-001
 4.9757725e-001
 4.9383754e-001
 4.9003348e-001
 4.8615295e-001
 4.8218596e-001
 4.7812968e-001
 4.7398752e-001
 4.6977341e-001
 4.6550569e-001
 4.6120906e-001
 4.5691594e-001
 4.5265821e-001
 4.4846815e-001
 4.4437927e-001
 4.4041866e-001
 4.3660986e-001
 4.3297035e-001
 4.2951488e-001
 4.2625049e-001
 4.2317992e-001
 4.2030448e-001
 4.1762060e-001
 4.1512352e-001
 4.1280973e-001
 4.1067383e-001
 4.0871075e-001
 4.0691614e-001
 4.0528271e-001
 4.0380108e-001
 4.0245852e-001
 4.0124008e-001
 4.0012741e-001
 3.9910066e-001
 3.9814019e-001
 3.9722550e-001
 3.9633599e-001
 3.9545122e-001
 3.9454874e-001
 3.9360479e-001
 3.9259356e-001
 3.9148915e-001
 3.9026526e-001
 3.8889748e-001
 3.8736600e-001
 3.8565493e-001
 3.8375416e-001
 3.8166103e-001
 3.7937778e-001
 3.7691250e-001
 3.7428084e-001
 3.7150222e-001
 3.6860204e-001
 3.6561003e-001
 3.6256257e-001
 3.5949764e-001
 3.5645601e-001
 3.5348228e-001
 3.5061866e-001
 3.4790513e-001
 3.4537840e-001
 3.4306514e-001
 3.4098238e-001
 3.3913535e-001
 3.3752000e-001
 3.3612221e-001
 3.3492231e-001
-1.2300000e+034
