s07_ASD Record=7685: Montmorillonite SWy-1        ASDNGb AREF
-1.2300000e+034
 3.4021196e-001
 3.4139624e-001
 3.4258670e-001
 3.4369081e-001
 3.4500146e-001
 3.4633440e-001
 3.4764302e-001
 3.4896186e-001
 3.5044885e-001
 3.5215414e-001
 3.5400096e-001
 3.5583428e-001
 3.5747448e-001
 3.5929874e-001
 3.6151391e-001
 3.6402705e-001
 3.6670241e-001
 3.6958566e-001
 3.7268254e-001
 3.7570515e-001
 3.7889084e-001
 3.8227916e-001
 3.8579825e-001
 3.8947269e-001
 3.9331207e-001
 3.9725733e-001
 4.0115792e-001
 4.0524381e-001
 4.0930015e-001
 4.1316679e-001
 4.1725695e-001
 4.2129272e-001
 4.2526022e-001
 4.2927378e-001
 4.3315122e-001
 4.3696466e-001
 4.4070384e-001
 4.4420812e-001
 4.4748512e-001
 4.5054522e-001
 4.5344096e-001
 4.5634249e-001
 4.5917067e-001
 4.6187931e-001
 4.6446437e-001
 4.6702957e-001
 4.6941978e-001
 4.7167626e-001
 4.7417033e-001
 4.7661957e-001
 4.7905543e-001
 4.8152354e-001
 4.8377874e-001
 4.8621273e-001
 4.8879892e-001
 4.9124911e-001
 4.9374211e-001
 4.9627426e-001
 4.9881595e-001
 5.0132203e-001
 5.0386804e-001
 5.0643528e-001
 5.0900185e-001
 5.1168627e-001
 5.1432127e-001
 5.1690543e-001
 5.1956487e-001
 5.2218711e-001
 5.2476817e-001
 5.2733445e-001
 5.2993196e-001
 5.3244793e-001
 5.3489619e-001
 5.3732175e-001
 5.3967315e-001
 5.4198021e-001
 5.4422075e-001
 5.4632473e-001
 5.4840416e-001
 5.5045342e-001
 5.5244190e-001
 5.5432975e-001
 5.5621707e-001
 5.5814403e-001
 5.6012189e-001
 5.6217426e-001
 5.6434816e-001
 5.6664824e-001
 5.6902456e-001
 5.7150352e-001
 5.7402706e-001
 5.7653499e-001
 5.7905662e-001
 5.8149898e-001
 5.8384001e-001
 5.8610898e-001
 5.8827519e-001
 5.9034020e-001
 5.9230411e-001
 5.9415597e-001
 5.9593540e-001
 5.9762472e-001
 5.9920013e-001
 6.0071880e-001
 6.0216296e-001
 6.0353935e-001
 6.0487950e-001
 6.0616612e-001
 6.0741425e-001
 6.0864109e-001
 6.0985219e-001
 6.1105490e-001
 6.1224896e-001
 6.1343604e-001
 6.1463124e-001
 6.1582750e-001
 6.1701459e-001
 6.1818117e-001
 6.1932105e-001
 6.2044299e-001
 6.2154216e-001
 6.2256491e-001
 6.2356561e-001
 6.2453789e-001
 6.2543982e-001
 6.2629783e-001
 6.2710840e-001
 6.2787533e-001
 6.2862414e-001
 6.2935334e-001
 6.3005930e-001
 6.3074189e-001
 6.3142562e-001
 6.3212109e-001
 6.3282764e-001
 6.3353223e-001
 6.3428706e-001
 6.3506562e-001
 6.3585323e-001
 6.3670087e-001
 6.3757437e-001
 6.3846833e-001
 6.3938934e-001
 6.4033532e-001
 6.4130306e-001
 6.4228684e-001
 6.4327687e-001
 6.4429021e-001
 6.4530146e-001
 6.4628774e-001
 6.4728129e-001
 6.4824837e-001
 6.4919150e-001
 6.5013433e-001
 6.5107572e-001
 6.5201658e-001
 6.5296358e-001
 6.5393108e-001
 6.5493214e-001
 6.5597767e-001
 6.5708220e-001
 6.5826523e-001
 6.5950960e-001
 6.6081530e-001
 6.6219532e-001
 6.6363382e-001
 6.6510385e-001
 6.6658378e-001
 6.6807121e-001
 6.6956210e-001
 6.7104495e-001
 6.7250192e-001
 6.7390656e-001
 6.7525584e-001
 6.7654830e-001
 6.7777950e-001
 6.7895299e-001
 6.8006331e-001
 6.8110627e-001
 6.8209302e-001
 6.8303037e-001
 6.8392795e-001
 6.8479747e-001
 6.8565422e-001
 6.8648946e-001
 6.8730479e-001
 6.8813610e-001
 6.8897218e-001
 6.8981004e-001
 6.9064903e-001
 6.9148856e-001
 6.9233096e-001
 6.9317472e-001
 6.9401211e-001
 6.9484347e-001
 6.9565761e-001
 6.9644737e-001
 6.9722432e-001
 6.9797510e-001
 6.9869167e-001
 6.9937092e-001
 7.0002615e-001
 7.0065063e-001
 7.0123988e-001
 7.0180166e-001
 7.0233309e-001
 7.0283145e-001
 7.0329851e-001
 7.0375031e-001
 7.0417571e-001
 7.0457023e-001
 7.0493978e-001
 7.0528060e-001
 7.0559818e-001
 7.0589936e-001
 7.0618379e-001
 7.0645326e-001
 7.0670664e-001
 7.0694089e-001
 7.0716059e-001
 7.0735985e-001
 7.0753676e-001
 7.0769763e-001
 7.0784283e-001
 7.0797622e-001
 7.0810330e-001
 7.0822114e-001
 7.0832974e-001
 7.0843256e-001
 7.0853657e-001
 7.0865488e-001
 7.0877212e-001
 7.0887536e-001
 7.0897579e-001
 7.0906389e-001
 7.0914543e-001
 7.0922947e-001
 7.0930457e-001
 7.0936549e-001
 7.0941699e-001
 7.0947647e-001
 7.0952898e-001
 7.0957470e-001
 7.0961905e-001
 7.0966381e-001
 7.0970905e-001
 7.0975500e-001
 7.0980263e-001
 7.0983893e-001
 7.0987117e-001
 7.0990413e-001
 7.0992941e-001
 7.0996088e-001
 7.0999503e-001
 7.1002549e-001
 7.1006101e-001
 7.1009988e-001
 7.1013808e-001
 7.1017122e-001
 7.1020311e-001
 7.1023756e-001
 7.1027738e-001
 7.1032423e-001
 7.1037102e-001
 7.1041983e-001
 7.1047568e-001
 7.1053147e-001
 7.1059215e-001
 7.1065974e-001
 7.1073186e-001
 7.1080464e-001
 7.1088147e-001
 7.1096665e-001
 7.1105337e-001
 7.1114433e-001
 7.1124107e-001
 7.1134412e-001
 7.1145123e-001
 7.1156365e-001
 7.1168280e-001
 7.1181148e-001
 7.1194577e-001
 7.1208155e-001
 7.1221870e-001
 7.1236289e-001
 7.1251947e-001
 7.1268296e-001
 7.1284521e-001
 7.1302092e-001
 7.1320611e-001
 7.1339387e-001
 7.1358854e-001
 7.1378839e-001
 7.1399403e-001
 7.1420890e-001
 7.1442461e-001
 7.1464753e-001
 7.1488100e-001
 7.1512991e-001
 7.1537566e-001
 7.1562296e-001
 7.1588182e-001
 7.1615297e-001
 7.1642810e-001
 7.1670926e-001
 7.1700102e-001
 7.1729827e-001
 7.1759892e-001
 7.1790582e-001
 7.1822006e-001
 7.1853119e-001
 7.1884739e-001
 7.1917653e-001
 7.1950448e-001
 7.1983474e-001
 7.2017020e-001
 7.2051293e-001
 7.2085655e-001
 7.2120827e-001
 7.2156978e-001
 7.2192788e-001
 7.2228700e-001
 7.2264558e-001
 7.2300309e-001
 7.2336990e-001
 7.2373998e-001
 7.2410738e-001
 7.2447020e-001
 7.2483718e-001
 7.2520536e-001
 7.2557175e-001
 7.2594070e-001
 7.2630876e-001
 7.2667086e-001
 7.2702664e-001
 7.2738320e-001
 7.2774214e-001
 7.2810262e-001
 7.2846001e-001
 7.2880930e-001
 7.2915566e-001
 7.2950161e-001
 7.2984654e-001
 7.3018217e-001
 7.3051214e-001
 7.3084229e-001
 7.3117566e-001
 7.3150897e-001
 7.3183900e-001
 7.3216015e-001
 7.3247576e-001
 7.3278356e-001
 7.3308510e-001
 7.3338968e-001
 7.3368877e-001
 7.3397803e-001
 7.3425710e-001
 7.3453933e-001
 7.3481512e-001
 7.3508269e-001
 7.3534960e-001
 7.3560262e-001
 7.3585045e-001
 7.3610008e-001
 7.3634541e-001
 7.3658395e-001
 7.3681545e-001
 7.3704070e-001
 7.3726708e-001
 7.3748696e-001
 7.3769915e-001
 7.3790842e-001
 7.3810995e-001
 7.3830998e-001
 7.3851049e-001
 7.3869520e-001
 7.3887146e-001
 7.3904276e-001
 7.3921114e-001
 7.3937297e-001
 7.3952442e-001
 7.3966712e-001
 7.3980916e-001
 7.3995042e-001
 7.4008864e-001
 7.4022293e-001
 7.4035686e-001
 7.4049693e-001
 7.4063760e-001
 7.4076968e-001
 7.4089694e-001
 7.4102062e-001
 7.4114490e-001
 7.4127448e-001
 7.4139738e-001
 7.4152321e-001
 7.4165398e-001
 7.4177492e-001
 7.4189734e-001
 7.4201792e-001
 7.4213409e-001
 7.4225605e-001
 7.4237835e-001
 7.4249470e-001
 7.4260277e-001
 7.4270785e-001
 7.4280930e-001
 7.4290818e-001
 7.4300575e-001
 7.4310070e-001
 7.4318939e-001
 7.4327058e-001
 7.4334872e-001
 7.4342155e-001
 7.4349183e-001
 7.4356329e-001
 7.4362814e-001
 7.4369156e-001
 7.4375570e-001
 7.4381977e-001
 7.4388325e-001
 7.4394137e-001
 7.4399251e-001
 7.4404424e-001
 7.4409395e-001
 7.4414015e-001
 7.4418163e-001
 7.4422324e-001
 7.4425942e-001
 7.4429166e-001
 7.4432570e-001
 7.4435371e-001
 7.4438143e-001
 7.4440932e-001
 7.4442846e-001
 7.4443704e-001
 7.4444604e-001
 7.4446124e-001
 7.4446666e-001
 7.4446976e-001
 7.4446863e-001
 7.4446046e-001
 7.4444574e-001
 7.4443299e-001
 7.4442226e-001
 7.4440986e-001
 7.4439704e-001
 7.4438179e-001
 7.4436289e-001
 7.4434131e-001
 7.4433118e-001
 7.4432063e-001
 7.4430048e-001
 7.4428755e-001
 7.4427730e-001
 7.4426067e-001
 7.4423188e-001
 7.4420345e-001
 7.4417597e-001
 7.4414927e-001
 7.4412358e-001
 7.4409312e-001
 7.4405783e-001
 7.4401778e-001
 7.4397266e-001
 7.4392629e-001
 7.4388009e-001
 7.4383265e-001
 7.4378037e-001
 7.4372673e-001
 7.4367177e-001
 7.4361593e-001
 7.4356472e-001
 7.4350905e-001
 7.4344748e-001
 7.4338394e-001
 7.4331832e-001
 7.4324876e-001
 7.4317569e-001
 7.4310142e-001
 7.4302721e-001
 7.4295342e-001
 7.4288040e-001
 7.4280882e-001
 7.4273181e-001
 7.4265367e-001
 7.4257982e-001
 7.4251187e-001
 7.4244446e-001
 7.4237651e-001
 7.4230820e-001
 7.4224108e-001
 7.4217141e-001
 7.4210215e-001
 7.4203938e-001
 7.4197429e-001
 7.4190712e-001
 7.4184066e-001
 7.4177969e-001
 7.4171019e-001
 7.4164122e-001
 7.4157929e-001
 7.4151778e-001
 7.4146014e-001
 7.4139881e-001
 7.4132931e-001
 7.4126709e-001
 7.4120444e-001
 7.4114424e-001
 7.4108994e-001
 7.4104124e-001
 7.4098539e-001
 7.4092883e-001
 7.4088871e-001
 7.4084055e-001
 7.4078751e-001
 7.4073440e-001
 7.4068356e-001
 7.4064332e-001
 7.4060494e-001
 7.4056602e-001
 7.4053520e-001
 7.4050379e-001
 7.4047786e-001
 7.4046016e-001
 7.4043542e-001
 7.4042028e-001
 7.4040371e-001
 7.4037337e-001
 7.4034452e-001
 7.4031901e-001
 7.4029523e-001
 7.4027312e-001
 7.4026757e-001
 7.4026239e-001
 7.4025095e-001
 7.4023575e-001
 7.4023283e-001
 7.4023104e-001
 7.4022740e-001
 7.4022853e-001
 7.4023360e-001
 7.4024308e-001
 7.4025464e-001
 7.4026221e-001
 7.4026757e-001
 7.4027538e-001
 7.4028689e-001
 7.4029773e-001
 7.4031115e-001
 7.4032813e-001
 7.4034888e-001
 7.4036831e-001
 7.4039119e-001
 7.4041760e-001
 7.4044675e-001
 7.4047840e-001
 7.4051619e-001
 7.4055600e-001
 7.4059248e-001
 7.4063003e-001
 7.4066967e-001
 7.4070686e-001
 7.4074066e-001
 7.4079359e-001
 7.4083829e-001
 7.4087983e-001
 7.4093682e-001
 7.4098885e-001
 7.4104440e-001
 7.4110198e-001
 7.4115467e-001
 7.4121732e-001
 7.4127698e-001
 7.4133152e-001
 7.4139035e-001
 7.4145460e-001
 7.4151951e-001
 7.4157804e-001
 7.4162465e-001
 7.4168342e-001
 7.4173677e-001
 7.4177533e-001
 7.4180561e-001
 7.4183655e-001
 7.4186826e-001
 7.4189800e-001
 7.4192274e-001
 7.4194330e-001
 7.4197018e-001
 7.4199790e-001
 7.4200004e-001
 7.4201113e-001
 7.4200916e-001
 7.4198753e-001
 7.4197865e-001
 7.4196351e-001
 7.4192768e-001
 7.4187165e-001
 7.4181861e-001
 7.4175310e-001
 7.4168319e-001
 7.4161810e-001
 7.4155432e-001
 7.4147469e-001
 7.4140191e-001
 7.4135447e-001
 7.4132293e-001
 7.4131322e-001
 7.4131954e-001
 7.4133903e-001
 7.4137962e-001
 7.4147391e-001
 7.4160320e-001
 7.4174953e-001
 7.4192953e-001
 7.4213839e-001
 7.4237359e-001
 7.4262941e-001
 7.4289370e-001
 7.4319911e-001
 7.4350536e-001
 7.4379915e-001
 7.4413747e-001
 7.4445432e-001
 7.4474090e-001
 7.4502325e-001
 7.4534547e-001
 7.4562836e-001
 7.4587202e-001
 7.4610847e-001
 7.4638206e-001
 7.4663520e-001
 7.4685651e-001
 7.4706388e-001
 7.4729431e-001
 7.4749041e-001
 7.4770945e-001
 7.4794370e-001
 7.4809569e-001
 7.4828070e-001
 7.4848032e-001
 7.4866533e-001
 7.4882585e-001
 7.4900156e-001
 7.4917376e-001
 7.4933541e-001
 7.4949282e-001
 7.4961829e-001
 7.4975878e-001
 7.4986458e-001
 7.5000632e-001
 7.5014758e-001
 7.5028926e-001
 7.5043184e-001
 7.5057554e-001
 7.5072026e-001
 7.5086564e-001
 7.5101119e-001
 7.5115633e-001
 7.5130039e-001
 7.5144285e-001
 7.5158334e-001
 7.5172180e-001
 7.5185835e-001
 7.5199342e-001
 7.5212747e-001
 7.5226116e-001
 7.5239497e-001
 7.5252920e-001
 7.5266391e-001
 7.5279874e-001
 7.5293326e-001
 7.5306684e-001
 7.5319886e-001
 7.5332892e-001
 7.5345665e-001
 7.5358200e-001
 7.5370491e-001
 7.5382549e-001
 7.5394380e-001
 7.5405985e-001
 7.5417370e-001
 7.5428534e-001
 7.5439483e-001
 7.5450236e-001
 7.5460809e-001
 7.5471246e-001
 7.5481576e-001
 7.5491846e-001
 7.5502086e-001
 7.5512332e-001
 7.5522596e-001
 7.5532895e-001
 7.5543207e-001
 7.5553530e-001
 7.5563842e-001
 7.5574106e-001
 7.5584328e-001
 7.5594479e-001
 7.5604576e-001
 7.5614613e-001
 7.5624597e-001
 7.5634521e-001
 7.5644368e-001
 7.5654119e-001
 7.5663739e-001
 7.5673199e-001
 7.5682479e-001
 7.5691575e-001
 7.5700498e-001
 7.5709271e-001
 7.5717932e-001
 7.5726503e-001
 7.5735009e-001
 7.5743473e-001
 7.5751889e-001
 7.5760257e-001
 7.5768572e-001
 7.5776815e-001
 7.5784981e-001
 7.5793064e-001
 7.5801051e-001
 7.5808948e-001
 7.5816756e-001
 7.5824469e-001
 7.5832105e-001
 7.5839663e-001
 7.5847161e-001
 7.5854623e-001
 7.5862074e-001
 7.5869548e-001
 7.5877059e-001
 7.5884622e-001
 7.5892240e-001
 7.5899899e-001
 7.5907564e-001
 7.5915194e-001
 7.5922751e-001
 7.5930196e-001
 7.5937510e-001
 7.5944674e-001
 7.5951678e-001
 7.5958520e-001
 7.5965202e-001
 7.5971723e-001
 7.5978070e-001
 7.5984251e-001
 7.5990272e-001
 7.5996137e-001
 7.6001877e-001
 7.6007533e-001
 7.6013142e-001
 7.6018745e-001
 7.6024389e-001
 7.6030087e-001
 7.6035863e-001
 7.6041710e-001
 7.6047605e-001
 7.6053524e-001
 7.6059443e-001
 7.6065326e-001
 7.6071155e-001
 7.6076907e-001
 7.6082575e-001
 7.6088154e-001
 7.6093620e-001
 7.6098973e-001
 7.6104182e-001
 7.6109213e-001
 7.6114023e-001
 7.6118553e-001
 7.6122731e-001
 7.6126504e-001
 7.6129794e-001
 7.6132554e-001
 7.6134723e-001
 7.6136261e-001
 7.6137108e-001
 7.6137191e-001
 7.6136416e-001
 7.6134664e-001
 7.6131803e-001
 7.6127684e-001
 7.6122159e-001
 7.6115102e-001
 7.6106393e-001
 7.6095968e-001
 7.6083815e-001
 7.6069969e-001
 7.6054561e-001
 7.6037794e-001
 7.6019961e-001
 7.6001441e-001
 7.5982714e-001
 7.5964290e-001
 7.5946742e-001
 7.5930643e-001
 7.5916553e-001
 7.5904971e-001
 7.5896311e-001
 7.5890905e-001
 7.5888938e-001
 7.5890499e-001
 7.5895536e-001
 7.5903893e-001
 7.5915307e-001
 7.5929439e-001
 7.5945872e-001
 7.5964171e-001
 7.5983876e-001
 7.6004517e-001
 7.6025671e-001
 7.6046944e-001
 7.6068014e-001
 7.6088601e-001
 7.6108503e-001
 7.6127577e-001
 7.6145744e-001
 7.6162958e-001
 7.6179224e-001
 7.6194578e-001
 7.6209068e-001
 7.6222754e-001
 7.6235688e-001
 7.6247931e-001
 7.6259530e-001
 7.6270527e-001
 7.6280969e-001
 7.6290900e-001
 7.6300365e-001
 7.6309419e-001
 7.6318109e-001
 7.6326501e-001
 7.6334655e-001
 7.6342642e-001
 7.6350528e-001
 7.6358378e-001
 7.6366264e-001
 7.6374251e-001
 7.6382369e-001
 7.6390654e-001
 7.6399130e-001
 7.6407790e-001
 7.6416636e-001
 7.6425666e-001
 7.6434869e-001
 7.6444244e-001
 7.6453793e-001
 7.6463509e-001
 7.6473355e-001
 7.6483327e-001
 7.6493376e-001
 7.6503468e-001
 7.6513553e-001
 7.6523596e-001
 7.6533562e-001
 7.6543421e-001
 7.6553160e-001
 7.6562768e-001
 7.6572227e-001
 7.6581538e-001
 7.6590693e-001
 7.6599693e-001
 7.6608545e-001
 7.6617247e-001
 7.6625806e-001
 7.6634234e-001
 7.6642525e-001
 7.6650685e-001
 7.6658696e-001
 7.6666552e-001
 7.6674247e-001
 7.6681769e-001
 7.6689112e-001
 7.6696277e-001
 7.6703280e-001
 7.6710117e-001
 7.6716816e-001
 7.6723385e-001
 7.6729840e-001
 7.6736212e-001
 7.6742518e-001
 7.6748782e-001
 7.6755035e-001
 7.6761287e-001
 7.6767546e-001
 7.6773816e-001
 7.6780099e-001
 7.6786387e-001
 7.6792675e-001
 7.6798958e-001
 7.6805252e-001
 7.6811570e-001
 7.6817936e-001
 7.6824391e-001
 7.6830971e-001
 7.6837730e-001
 7.6844710e-001
 7.6851946e-001
 7.6859474e-001
 7.6867318e-001
 7.6875478e-001
 7.6883948e-001
 7.6892710e-001
 7.6901734e-001
 7.6910967e-001
 7.6920354e-001
 7.6929820e-001
 7.6939279e-001
 7.6948637e-001
 7.6957810e-001
 7.6966709e-001
 7.6975262e-001
 7.6983422e-001
 7.6991129e-001
 7.6998359e-001
 7.7005082e-001
 7.7011275e-001
 7.7016932e-001
 7.7022028e-001
 7.7026558e-001
 7.7030510e-001
 7.7033883e-001
 7.7036667e-001
 7.7038860e-001
 7.7040446e-001
 7.7041411e-001
 7.7041751e-001
 7.7041447e-001
 7.7040511e-001
 7.7038932e-001
 7.7036721e-001
 7.7033889e-001
 7.7030456e-001
 7.7026433e-001
 7.7021843e-001
 7.7016693e-001
 7.7011013e-001
 7.7004826e-001
 7.6998174e-001
 7.6991105e-001
 7.6983678e-001
 7.6975965e-001
 7.6968026e-001
 7.6959944e-001
 7.6951760e-001
 7.6943541e-001
 7.6935315e-001
 7.6927096e-001
 7.6918900e-001
 7.6910722e-001
 7.6902544e-001
 7.6894355e-001
 7.6886135e-001
 7.6877868e-001
 7.6869553e-001
 7.6861185e-001
 7.6852769e-001
 7.6844305e-001
 7.6835799e-001
 7.6827246e-001
 7.6818627e-001
 7.6809919e-001
 7.6801080e-001
 7.6792061e-001
 7.6782811e-001
 7.6773280e-001
 7.6763409e-001
 7.6753181e-001
 7.6742578e-001
 7.6731598e-001
 7.6720256e-001
 7.6708579e-001
 7.6696610e-001
 7.6684386e-001
 7.6671922e-001
 7.6659250e-001
 7.6646364e-001
 7.6633251e-001
 7.6619887e-001
 7.6606226e-001
 7.6592225e-001
 7.6577836e-001
 7.6563030e-001
 7.6547784e-001
 7.6532072e-001
 7.6515913e-001
 7.6499337e-001
 7.6482362e-001
 7.6465046e-001
 7.6447421e-001
 7.6429528e-001
 7.6411366e-001
 7.6392931e-001
 7.6374167e-001
 7.6354992e-001
 7.6335287e-001
 7.6314908e-001
 7.6293677e-001
 7.6271397e-001
 7.6247841e-001
 7.6222777e-001
 7.6195937e-001
 7.6167041e-001
 7.6135778e-001
 7.6101804e-001
 7.6064759e-001
 7.6024222e-001
 7.5979716e-001
 7.5930715e-001
 7.5876600e-001
 7.5816679e-001
 7.5750190e-001
 7.5676280e-001
 7.5594068e-001
 7.5502676e-001
 7.5401205e-001
 7.5288892e-001
 7.5165075e-001
 7.5029296e-001
 7.4881339e-001
 7.4721193e-001
 7.4549145e-001
 7.4365604e-001
 7.4171150e-001
 7.3966360e-001
 7.3751605e-001
 7.3527086e-001
 7.3292542e-001
 7.3047340e-001
 7.2790426e-001
 7.2520292e-001
 7.2235262e-001
 7.1933460e-001
 7.1613204e-001
 7.1273112e-001
 7.0912182e-001
 7.0530146e-001
 7.0127505e-001
 6.9705361e-001
 6.9265759e-001
 6.8811196e-001
 6.8344891e-001
 6.7870462e-001
 6.7391604e-001
 6.6912395e-001
 6.6436696e-001
 6.5968531e-001
 6.5511882e-001
 6.5070528e-001
 6.4648485e-001
 6.4249593e-001
 6.3877934e-001
 6.3537639e-001
 6.3232768e-001
 6.2967479e-001
 6.2745643e-001
 6.2570924e-001
 6.2446517e-001
 6.2374926e-001
 6.2357932e-001
 6.2396365e-001
 6.2490052e-001
 6.2637717e-001
 6.2837070e-001
 6.3084745e-001
 6.3376427e-001
 6.3707137e-001
 6.4071137e-001
 6.4462489e-001
 6.4874947e-001
 6.5302306e-001
 6.5738785e-001
 6.6178817e-001
 6.6617614e-001
 6.7050850e-001
 6.7474902e-001
 6.7886949e-001
 6.8284607e-001
 6.8666238e-001
 6.9030541e-001
 6.9376618e-001
 6.9704026e-001
 7.0012403e-001
 7.0301741e-001
 7.0572102e-001
 7.0823681e-001
 7.1056873e-001
 7.1272087e-001
 7.1469808e-001
 7.1650654e-001
 7.1815211e-001
 7.1964157e-001
 7.2098154e-001
 7.2217888e-001
 7.2324109e-001
 7.2417569e-001
 7.2499090e-001
 7.2569555e-001
 7.2629929e-001
 7.2681326e-001
 7.2724938e-001
 7.2762114e-001
 7.2794330e-001
 7.2823155e-001
 7.2850275e-001
 7.2877383e-001
 7.2906190e-001
 7.2938293e-001
 7.2975165e-001
 7.3018044e-001
 7.3067886e-001
 7.3125309e-001
 7.3190594e-001
 7.3263639e-001
 7.3344034e-001
 7.3431051e-001
 7.3523730e-001
 7.3620993e-001
 7.3721623e-001
 7.3824447e-001
 7.3928297e-001
 7.4032104e-001
 7.4134976e-001
 7.4236113e-001
 7.4334925e-001
 7.4430960e-001
 7.4523908e-001
 7.4613619e-001
 7.4700010e-001
 7.4783140e-001
 7.4863094e-001
 7.4939990e-001
 7.5014025e-001
 7.5085348e-001
 7.5154150e-001
 7.5220579e-001
 7.5284791e-001
 7.5346935e-001
 7.5407124e-001
 7.5465459e-001
 7.5522053e-001
 7.5577003e-001
 7.5630409e-001
 7.5682354e-001
 7.5732934e-001
 7.5782263e-001
 7.5830406e-001
 7.5877476e-001
 7.5923538e-001
 7.5968659e-001
 7.6012897e-001
 7.6056290e-001
 7.6098883e-001
 7.6140708e-001
 7.6181781e-001
 7.6222152e-001
 7.6261836e-001
 7.6300883e-001
 7.6339304e-001
 7.6377112e-001
 7.6414323e-001
 7.6450926e-001
 7.6486903e-001
 7.6522243e-001
 7.6556921e-001
 7.6590919e-001
 7.6624233e-001
 7.6656866e-001
 7.6688838e-001
 7.6720178e-001
 7.6750934e-001
 7.6781154e-001
 7.6810884e-001
 7.6840192e-001
 7.6869106e-001
 7.6897663e-001
 7.6925874e-001
 7.6953739e-001
 7.6981252e-001
 7.7008379e-001
 7.7035093e-001
 7.7061373e-001
 7.7087200e-001
 7.7112585e-001
 7.7137542e-001
 7.7162117e-001
 7.7186358e-001
 7.7210307e-001
 7.7234030e-001
 7.7257538e-001
 7.7280855e-001
 7.7303976e-001
 7.7326864e-001
 7.7349502e-001
 7.7371848e-001
 7.7393860e-001
 7.7415520e-001
 7.7436811e-001
 7.7457738e-001
 7.7478307e-001
 7.7498543e-001
 7.7518487e-001
 7.7538162e-001
 7.7557606e-001
 7.7576828e-001
 7.7595842e-001
 7.7614641e-001
 7.7633214e-001
 7.7651560e-001
 7.7669650e-001
 7.7687490e-001
 7.7705085e-001
 7.7722442e-001
 7.7739578e-001
 7.7756518e-001
 7.7773273e-001
 7.7789849e-001
 7.7806264e-001
 7.7822518e-001
 7.7838612e-001
 7.7854550e-001
 7.7870339e-001
 7.7885973e-001
 7.7901459e-001
 7.7916783e-001
 7.7931923e-001
 7.7946872e-001
 7.7961606e-001
 7.7976114e-001
 7.7990389e-001
 7.8004432e-001
 7.8018278e-001
 7.8031945e-001
 7.8045470e-001
 7.8058881e-001
 7.8072214e-001
 7.8085470e-001
 7.8098661e-001
 7.8111774e-001
 7.8124785e-001
 7.8137678e-001
 7.8150421e-001
 7.8163004e-001
 7.8175402e-001
 7.8187627e-001
 7.8199667e-001
 7.8211534e-001
 7.8223228e-001
 7.8234762e-001
 7.8246140e-001
 7.8257370e-001
 7.8268445e-001
 7.8279382e-001
 7.8290176e-001
 7.8300834e-001
 7.8311360e-001
 7.8321755e-001
 7.8332037e-001
 7.8342205e-001
 7.8352273e-001
 7.8362250e-001
 7.8372139e-001
 7.8381938e-001
 7.8391641e-001
 7.8401250e-001
 7.8410769e-001
 7.8420204e-001
 7.8429568e-001
 7.8438872e-001
 7.8448117e-001
 7.8457320e-001
 7.8466469e-001
 7.8475571e-001
 7.8484619e-001
 7.8493613e-001
 7.8502560e-001
 7.8511459e-001
 7.8520310e-001
 7.8529125e-001
 7.8537887e-001
 7.8546607e-001
 7.8555262e-001
 7.8563839e-001
 7.8572333e-001
 7.8580731e-001
 7.8589016e-001
 7.8597200e-001
 7.8605270e-001
 7.8613234e-001
 7.8621095e-001
 7.8628868e-001
 7.8636545e-001
 7.8644133e-001
 7.8651631e-001
 7.8659040e-001
 7.8666359e-001
 7.8673601e-001
 7.8680766e-001
 7.8687859e-001
 7.8694898e-001
 7.8701884e-001
 7.8708833e-001
 7.8715748e-001
 7.8722632e-001
 7.8729475e-001
 7.8736264e-001
 7.8742975e-001
 7.8749573e-001
 7.8756011e-001
 7.8762257e-001
 7.8768271e-001
 7.8774035e-001
 7.8779531e-001
 7.8784776e-001
 7.8789788e-001
 7.8794587e-001
 7.8799206e-001
 7.8803670e-001
 7.8808010e-001
 7.8812224e-001
 7.8816324e-001
 7.8820306e-001
 7.8824157e-001
 7.8827870e-001
 7.8831440e-001
 7.8834862e-001
 7.8838134e-001
 7.8841263e-001
 7.8844231e-001
 7.8847045e-001
 7.8849685e-001
 7.8852147e-001
 7.8854412e-001
 7.8856486e-001
 7.8858370e-001
 7.8860086e-001
 7.8861642e-001
 7.8863066e-001
 7.8864354e-001
 7.8865504e-001
 7.8866482e-001
 7.8867257e-001
 7.8867787e-001
 7.8868020e-001
 7.8867942e-001
 7.8867543e-001
 7.8866827e-001
 7.8865832e-001
 7.8864592e-001
 7.8863144e-001
 7.8861499e-001
 7.8859669e-001
 7.8857654e-001
 7.8855419e-001
 7.8852928e-001
 7.8850138e-001
 7.8846985e-001
 7.8843421e-001
 7.8839368e-001
 7.8834766e-001
 7.8829545e-001
 7.8823656e-001
 7.8817034e-001
 7.8809661e-001
 7.8801501e-001
 7.8792548e-001
 7.8782815e-001
 7.8772312e-001
 7.8761059e-001
 7.8749073e-001
 7.8736395e-001
 7.8723049e-001
 7.8709090e-001
 7.8694558e-001
 7.8679508e-001
 7.8664017e-001
 7.8648138e-001
 7.8631938e-001
 7.8615469e-001
 7.8598779e-001
 7.8581887e-001
 7.8564829e-001
 7.8547591e-001
 7.8530180e-001
 7.8512603e-001
 7.8494847e-001
 7.8476924e-001
 7.8458846e-001
 7.8440624e-001
 7.8422278e-001
 7.8403836e-001
 7.8385311e-001
 7.8366721e-001
 7.8348100e-001
 7.8329474e-001
 7.8310871e-001
 7.8292328e-001
 7.8273875e-001
 7.8255534e-001
 7.8237337e-001
 7.8219283e-001
 7.8201389e-001
 7.8183639e-001
 7.8166026e-001
 7.8148544e-001
 7.8131169e-001
 7.8113908e-001
 7.8096735e-001
 7.8079653e-001
 7.8062665e-001
 7.8045768e-001
 7.8028971e-001
 7.8012270e-001
 7.7995658e-001
 7.7979141e-001
 7.7962703e-001
 7.7946353e-001
 7.7930093e-001
 7.7913910e-001
 7.7897811e-001
 7.7881783e-001
 7.7865821e-001
 7.7849913e-001
 7.7834028e-001
 7.7818155e-001
 7.7802289e-001
 7.7786422e-001
 7.7770567e-001
 7.7754724e-001
 7.7738923e-001
 7.7723169e-001
 7.7707499e-001
 7.7691931e-001
 7.7676481e-001
 7.7661186e-001
 7.7646053e-001
 7.7631080e-001
 7.7616268e-001
 7.7601600e-001
 7.7587062e-001
 7.7572638e-001
 7.7558321e-001
 7.7544147e-001
 7.7530140e-001
 7.7516371e-001
 7.7502912e-001
 7.7489847e-001
 7.7477241e-001
 7.7464879e-001
 7.7453285e-001
 7.7442181e-001
 7.7431476e-001
 7.7421039e-001
 7.7410728e-001
 7.7400380e-001
 7.7389854e-001
 7.7379000e-001
 7.7367741e-001
 7.7356017e-001
 7.7343816e-001
 7.7331150e-001
 7.7318048e-001
 7.7304536e-001
 7.7290630e-001
 7.7276284e-001
 7.7261448e-001
 7.7246040e-001
 7.7229959e-001
 7.7213126e-001
 7.7195460e-001
 7.7176934e-001
 7.7157521e-001
 7.7137238e-001
 7.7116084e-001
 7.7094078e-001
 7.7071214e-001
 7.7047473e-001
 7.7022851e-001
 7.6997316e-001
 7.6970851e-001
 7.6943433e-001
 7.6915061e-001
 7.6885718e-001
 7.6855403e-001
 7.6824105e-001
 7.6791799e-001
 7.6758462e-001
 7.6724023e-001
 7.6688403e-001
 7.6651466e-001
 7.6613045e-001
 7.6572907e-001
 7.6530784e-001
 7.6486355e-001
 7.6439261e-001
 7.6389098e-001
 7.6335448e-001
 7.6277804e-001
 7.6215672e-001
 7.6148450e-001
 7.6075524e-001
 7.5996214e-001
 7.5909781e-001
 7.5815481e-001
 7.5712502e-001
 7.5600016e-001
 7.5477189e-001
 7.5343084e-001
 7.5196809e-001
 7.5037324e-001
 7.4863595e-001
 7.4674511e-001
 7.4468827e-001
 7.4245268e-001
 7.4002492e-001
 7.3739004e-001
 7.3453343e-001
 7.3143864e-001
 7.2808945e-001
 7.2446924e-001
 7.2055912e-001
 7.1634096e-001
 7.1179390e-001
 7.0689756e-001
 7.0163137e-001
 6.9597298e-001
 6.8990397e-001
 6.8340546e-001
 6.7646480e-001
 6.6907477e-001
 6.6123259e-001
 6.5294766e-001
 6.4423561e-001
 6.3512647e-001
 6.2566304e-001
 6.1589795e-001
 6.0590088e-001
 5.9575456e-001
 5.8554977e-001
 5.7539177e-001
 5.6538814e-001
 5.5565441e-001
 5.4630738e-001
 5.3745914e-001
 5.2922148e-001
 5.2169526e-001
 5.1497376e-001
 5.0913686e-001
 5.0424606e-001
 5.0034696e-001
 4.9746242e-001
 4.9559569e-001
 4.9472839e-001
 4.9482223e-001
 4.9582160e-001
 4.9765655e-001
 5.0024575e-001
 5.0349963e-001
 5.0732559e-001
 5.1162833e-001
 5.1631600e-001
 5.2129918e-001
 5.2649409e-001
 5.3182566e-001
 5.3722465e-001
 5.4263002e-001
 5.4799032e-001
 5.5325955e-001
 5.5840158e-001
 5.6338531e-001
 5.6818634e-001
 5.7278794e-001
 5.7717645e-001
 5.8134526e-001
 5.8528990e-001
 5.8900940e-001
 5.9250671e-001
 5.9578514e-001
 5.9885126e-001
 6.0171187e-001
 6.0437512e-001
 6.0685116e-001
 6.0914975e-001
 6.1128259e-001
 6.1326116e-001
 6.1509746e-001
 6.1680430e-001
 6.1839378e-001
 6.1987758e-001
 6.2126756e-001
 6.2257373e-001
 6.2380618e-001
 6.2497348e-001
 6.2608343e-001
 6.2714356e-001
 6.2816000e-001
 6.2913889e-001
 6.3008535e-001
 6.3100427e-001
 6.3190037e-001
 6.3277775e-001
 6.3364100e-001
 6.3449407e-001
 6.3534087e-001
 6.3618541e-001
 6.3703066e-001
 6.3787979e-001
 6.3873494e-001
 6.3959789e-001
 6.4047050e-001
 6.4135402e-001
 6.4224970e-001
 6.4315897e-001
 6.4408290e-001
 6.4502281e-001
 6.4597970e-001
 6.4695436e-001
 6.4794755e-001
 6.4895952e-001
 6.4999056e-001
 6.5104049e-001
 6.5210897e-001
 6.5319592e-001
 6.5430069e-001
 6.5542346e-001
 6.5656382e-001
 6.5772152e-001
 6.5889639e-001
 6.6008759e-001
 6.6129428e-001
 6.6251487e-001
 6.6374713e-001
 6.6498911e-001
 6.6623813e-001
 6.6749209e-001
 6.6874892e-001
 6.7000687e-001
 6.7126530e-001
 6.7252368e-001
 6.7378181e-001
 6.7504025e-001
 6.7629886e-001
 6.7755806e-001
 6.7881733e-001
 6.8007594e-001
 6.8133330e-001
 6.8258786e-001
 6.8383861e-001
 6.8508363e-001
 6.8632185e-001
 6.8755108e-001
 6.8877000e-001
 6.8997759e-001
 6.9117212e-001
 6.9235313e-001
 6.9352001e-001
 6.9467247e-001
 6.9580954e-001
 6.9693071e-001
 6.9803560e-001
 6.9912285e-001
 7.0019203e-001
 7.0124310e-001
 7.0227545e-001
 7.0328969e-001
 7.0428622e-001
 7.0526576e-001
 7.0622796e-001
 7.0717269e-001
 7.0809913e-001
 7.0900548e-001
 7.0989007e-001
 7.1075135e-001
 7.1158725e-001
 7.1239704e-001
 7.1318060e-001
 7.1393812e-001
 7.1467084e-001
 7.1538037e-001
 7.1606845e-001
 7.1673596e-001
 7.1738380e-001
 7.1801233e-001
 7.1862113e-001
 7.1920997e-001
 7.1977901e-001
 7.2032857e-001
 7.2085971e-001
 7.2137409e-001
 7.2187328e-001
 7.2235829e-001
 7.2282970e-001
 7.2328717e-001
 7.2372907e-001
 7.2415358e-001
 7.2455859e-001
 7.2494167e-001
 7.2530121e-001
 7.2563583e-001
 7.2594440e-001
 7.2622663e-001
 7.2648215e-001
 7.2671115e-001
 7.2691405e-001
 7.2709149e-001
 7.2724462e-001
 7.2737455e-001
 7.2748256e-001
 7.2756982e-001
 7.2763711e-001
 7.2768521e-001
 7.2771472e-001
 7.2772628e-001
 7.2772080e-001
 7.2769952e-001
 7.2766387e-001
 7.2761536e-001
 7.2755527e-001
 7.2748494e-001
 7.2740519e-001
 7.2731662e-001
 7.2721982e-001
 7.2711545e-001
 7.2700435e-001
 7.2688764e-001
 7.2676659e-001
 7.2664267e-001
 7.2651726e-001
 7.2639185e-001
 7.2626787e-001
 7.2614676e-001
 7.2603011e-001
 7.2591954e-001
 7.2581685e-001
 7.2572392e-001
 7.2564250e-001
 7.2557408e-001
 7.2551984e-001
 7.2548044e-001
 7.2545618e-001
 7.2544706e-001
 7.2545278e-001
 7.2547287e-001
 7.2550690e-001
 7.2555470e-001
 7.2561592e-001
 7.2569036e-001
 7.2577775e-001
 7.2587776e-001
 7.2599000e-001
 7.2611386e-001
 7.2624892e-001
 7.2639459e-001
 7.2655034e-001
 7.2671562e-001
 7.2688967e-001
 7.2707123e-001
 7.2725850e-001
 7.2744900e-001
 7.2763926e-001
 7.2782534e-001
 7.2800326e-001
 7.2816885e-001
 7.2831851e-001
 7.2844940e-001
 7.2855932e-001
 7.2864670e-001
 7.2871023e-001
 7.2874898e-001
 7.2876167e-001
 7.2874683e-001
 7.2870278e-001
 7.2862774e-001
 7.2851968e-001
 7.2837698e-001
 7.2819847e-001
 7.2798342e-001
 7.2773165e-001
 7.2744399e-001
 7.2712129e-001
 7.2676480e-001
 7.2637576e-001
 7.2595567e-001
 7.2550559e-001
 7.2502649e-001
 7.2451955e-001
 7.2398537e-001
 7.2342402e-001
 7.2283572e-001
 7.2221947e-001
 7.2157395e-001
 7.2089696e-001
 7.2018611e-001
 7.1943748e-001
 7.1864599e-001
 7.1780574e-001
 7.1690845e-001
 7.1594393e-001
 7.1490103e-001
 7.1376663e-001
 7.1252644e-001
 7.1116698e-001
 7.0967430e-001
 7.0803589e-001
 7.0624048e-001
 7.0428056e-001
 7.0215005e-001
 6.9984585e-001
 6.9736999e-001
 6.9472629e-001
 6.9192159e-001
 6.8896788e-001
 6.8587756e-001
 6.8266571e-001
 6.7934769e-001
 6.7594171e-001
 6.7246336e-001
 6.6892743e-001
 6.6535008e-001
 6.6174328e-001
 6.5811741e-001
 6.5448380e-001
 6.5084922e-001
 6.4721918e-001
 6.4360011e-001
 6.3999486e-001
 6.3640612e-001
 6.3283491e-001
 6.2928438e-001
 6.2575430e-001
 6.2224388e-001
 6.1875421e-001
 6.1528301e-001
 6.1182761e-001
 6.0838759e-001
 6.0496032e-001
 6.0154504e-001
 5.9814167e-001
 5.9475487e-001
 5.9138983e-001
 5.8805513e-001
 5.8476555e-001
 5.8153790e-001
 5.7839316e-001
 5.7535899e-001
 5.7246476e-001
 5.6974399e-001
 5.6723213e-001
 5.6496787e-001
 5.6298798e-001
 5.6132805e-001
 5.6002176e-001
 5.5909681e-001
 5.5857497e-001
 5.5847085e-001
 5.5878997e-001
 5.5952877e-001
 5.6067336e-001
 5.6220055e-001
 5.6407833e-001
 5.6626719e-001
 5.6871998e-001
 5.7138675e-001
 5.7421559e-001
 5.7715243e-001
 5.8014733e-001
 5.8315378e-001
 5.8612841e-001
 5.8903623e-001
 5.9184843e-001
 5.9454405e-001
 5.9710771e-001
 5.9953296e-001
 6.0182011e-001
 6.0397375e-001
 6.0600555e-001
 6.0793173e-001
 6.0977048e-001
 6.1154419e-001
 6.1327702e-001
 6.1499238e-001
 6.1671460e-001
 6.1846608e-001
 6.2026715e-001
 6.2213337e-001
 6.2407744e-001
 6.2610751e-001
 6.2822574e-001
 6.3043112e-001
 6.3271874e-001
 6.3507801e-001
 6.3749683e-001
 6.3995934e-001
 6.4244795e-001
 6.4494121e-001
 6.4741814e-001
 6.4985722e-001
 6.5223539e-001
 6.5453243e-001
 6.5673000e-001
 6.5881038e-001
 6.6076088e-001
 6.6257191e-001
 6.6423625e-001
 6.6575164e-001
 6.6711855e-001
 6.6834038e-001
 6.6942155e-001
 6.7036867e-001
 6.7118841e-001
 6.7188692e-001
 6.7247039e-001
 6.7294443e-001
 6.7331350e-001
 6.7358238e-001
 6.7375541e-001
 6.7383707e-001
 6.7383194e-001
 6.7374474e-001
 6.7357999e-001
 6.7334187e-001
 6.7303383e-001
 6.7265838e-001
 6.7221755e-001
 6.7171204e-001
 6.7114222e-001
 6.7050856e-001
 6.6981113e-001
 6.6905063e-001
 6.6822821e-001
 6.6734654e-001
 6.6640890e-001
 6.6541952e-001
 6.6438454e-001
 6.6330999e-001
 6.6220236e-001
 6.6106868e-001
 6.5991455e-001
 6.5874481e-001
 6.5756285e-001
 6.5637159e-001
 6.5517205e-001
 6.5396482e-001
 6.5275067e-001
 6.5152979e-001
 6.5030241e-001
 6.4907002e-001
 6.4783388e-001
 6.4659554e-001
 6.4535815e-001
 6.4412439e-001
 6.4289755e-001
 6.4168102e-001
 6.4047885e-001
 6.3929427e-001
 6.3813013e-001
 6.3698953e-001
 6.3587391e-001
 6.3478386e-001
 6.3371944e-001
 6.3267863e-001
 6.3165867e-001
 6.3065577e-001
 6.2966609e-001
 6.2868518e-001
 6.2770844e-001
 6.2673205e-001
 6.2575197e-001
 6.2476403e-001
 6.2376505e-001
 6.2275118e-001
 6.2171870e-001
 6.2066346e-001
 6.1958188e-001
 6.1846936e-001
 6.1732143e-001
 6.1613518e-001
 6.1490786e-001
 6.1363864e-001
 6.1232966e-001
 6.1098444e-001
 6.0960805e-001
 6.0820764e-001
 6.0678965e-001
 6.0535991e-001
 6.0392314e-001
 6.0248369e-001
 6.0104418e-001
 5.9960663e-001
 5.9817404e-001
 5.9674841e-001
 5.9533209e-001
 5.9392834e-001
 5.9253925e-001
 5.9116703e-001
 5.8981335e-001
 5.8848071e-001
 5.8717066e-001
 5.8588487e-001
 5.8462644e-001
 5.8339763e-001
 5.8220100e-001
 5.8104008e-001
 5.7991707e-001
 5.7883358e-001
 5.7779074e-001
 5.7678771e-001
 5.7582253e-001
 5.7489169e-001
 5.7399142e-001
 5.7311666e-001
 5.7226217e-001
 5.7142347e-001
 5.7059544e-001
 5.6977332e-001
 5.6895310e-001
 5.6813049e-001
 5.6730193e-001
 5.6646425e-001
 5.6561559e-001
 5.6475466e-001
 5.6388104e-001
 5.6299603e-001
 5.6210083e-001
 5.6119728e-001
 5.6028771e-001
 5.5937374e-001
 5.5845654e-001
 5.5753762e-001
 5.5661792e-001
 5.5569851e-001
 5.5478090e-001
 5.5386734e-001
 5.5295962e-001
 5.5205911e-001
 5.5116725e-001
 5.5028379e-001
 5.4940808e-001
 5.4853964e-001
 5.4767752e-001
 5.4682165e-001
 5.4597253e-001
 5.4513192e-001
 5.4430175e-001
 5.4348367e-001
 5.4267985e-001
 5.4189098e-001
 5.4111695e-001
 5.4035699e-001
 5.3960848e-001
 5.3886765e-001
 5.3813034e-001
 5.3739119e-001
 5.3664494e-001
 5.3588676e-001
 5.3511369e-001
 5.3432399e-001
 5.3351778e-001
 5.3269750e-001
 5.3186595e-001
 5.3102630e-001
 5.3018206e-001
 5.2933496e-001
 5.2848601e-001
 5.2763474e-001
 5.2678061e-001
 5.2592176e-001
 5.2505618e-001
 5.2418214e-001
 5.2329725e-001
 5.2239883e-001
 5.2148461e-001
 5.2055192e-001
 5.1959848e-001
 5.1862407e-001
 5.1762950e-001
 5.1661819e-001
 5.1559556e-001
 5.1456940e-001
 5.1354754e-001
 5.1253682e-001
 5.1154268e-001
 5.1056683e-001
 5.0960767e-001
 5.0866175e-001
 5.0772363e-001
 5.0678825e-001
 5.0585216e-001
 5.0491500e-001
 5.0397879e-001
 5.0304782e-001
 5.0212836e-001
 5.0122648e-001
 5.0034726e-001
 4.9949500e-001
 4.9867171e-001
 4.9787793e-001
 4.9711311e-001
 4.9637705e-001
 4.9566939e-001
 4.9499047e-001
 4.9434170e-001
 4.9372405e-001
 4.9313796e-001
 4.9258330e-001
 4.9205852e-001
 4.9156150e-001
 4.9109057e-001
 4.9064460e-001
 4.9022356e-001
 4.8982832e-001
 4.8946011e-001
 4.8911923e-001
 4.8880434e-001
 4.8851228e-001
 4.8823765e-001
 4.8797393e-001
 4.8771459e-001
 4.8745388e-001
 4.8718819e-001
 4.8691598e-001
 4.8663813e-001
 4.8635679e-001
 4.8607475e-001
 4.8579448e-001
 4.8551717e-001
 4.8524207e-001
 4.8496652e-001
 4.8468575e-001
 4.8439369e-001
 4.8408395e-001
 4.8375058e-001
 4.8338917e-001
 4.8299700e-001
 4.8257381e-001
 4.8212075e-001
 4.8164046e-001
 4.8113725e-001
 4.8061651e-001
 4.8008528e-001
 4.7955254e-001
 4.7902811e-001
 4.7852230e-001
 4.7804436e-001
 4.7760206e-001
 4.7720018e-001
 4.7684085e-001
-1.2300000e+034
