s07_ASD Record=2268: Calcite HS48.3B               BECKa AREF
 6.4610487e-001
 6.4787096e-001
 6.4976692e-001
 6.5186733e-001
 6.5419841e-001
 6.5672773e-001
 6.5938181e-001
 6.6207439e-001
 6.6473317e-001
 6.6731578e-001
 6.6981298e-001
 6.7224008e-001
 6.7462635e-001
 6.7700589e-001
 6.7940873e-001
 6.8185282e-001
 6.8434244e-001
 6.8687606e-001
 6.8945372e-001
 6.9208109e-001
 6.9476646e-001
 6.9751340e-001
 7.0031524e-001
 7.0315403e-001
 7.0600498e-001
 7.0884055e-001
 7.1163446e-001
 7.1436131e-001
 7.1699524e-001
 7.1951210e-001
 7.2190088e-001
 7.2417498e-001
 7.2637159e-001
 7.2855014e-001
 7.3079079e-001
 7.3316360e-001
 7.3569155e-001
 7.3833603e-001
 7.4100268e-001
 7.4356961e-001
 7.4592888e-001
 7.4802029e-001
 7.4984491e-001
 7.5145584e-001
 7.5293088e-001
 7.5434172e-001
 7.5573170e-001
 7.5711244e-001
 7.5847644e-001
 7.5981665e-001
 7.6114017e-001
 7.6246834e-001
 7.6382536e-001
 7.6522195e-001
 7.6664644e-001
 7.6806676e-001
 7.6944482e-001
 7.7075970e-001
 7.7201241e-001
 7.7321100e-001
 7.7434683e-001
 7.7538568e-001
 7.7629447e-001
 7.7702373e-001
 7.7752191e-001
 7.7785444e-001
 7.7816373e-001
 7.7857429e-001
 7.7916092e-001
 7.7992517e-001
 7.8079104e-001
 7.8163838e-001
 7.8235316e-001
 7.8286159e-001
 7.8314239e-001
 7.8322333e-001
 7.8316760e-001
 7.8305554e-001
 7.8296679e-001
 7.8296572e-001
 7.8309298e-001
 7.8336328e-001
 7.8377014e-001
 7.8429443e-001
 7.8491300e-001
 7.8560156e-001
 7.8633070e-001
 7.8705901e-001
 7.8773314e-001
 7.8830069e-001
 7.8873354e-001
 7.8904682e-001
 7.8929734e-001
 7.8956026e-001
 7.8989893e-001
 7.9034972e-001
 7.9092455e-001
 7.9161710e-001
 7.9239017e-001
 7.9314744e-001
 7.9372776e-001
 7.9396027e-001
 7.9376513e-001
 7.9323930e-001
 7.9267025e-001
 7.9241365e-001
 7.9267716e-001
 7.9339278e-001
 7.9428232e-001
 7.9506868e-001
 7.9565626e-001
 7.9613328e-001
 7.9662657e-001
 7.9716861e-001
 7.9769337e-001
 7.9812539e-001
 7.9845119e-001
 7.9872054e-001
 7.9901654e-001
 7.9943055e-001
 8.0002844e-001
 8.0079991e-001
 8.0163282e-001
 8.0236405e-001
 8.0288762e-001
 8.0323219e-001
 8.0354100e-001
 8.0397195e-001
 8.0460328e-001
 8.0541331e-001
 8.0632448e-001
 8.0725259e-001
 8.0811995e-001
 8.0885363e-001
 8.0940628e-001
 8.0979604e-001
 8.1011760e-001
 8.1049633e-001
 8.1101495e-001
 8.1167257e-001
 8.1240755e-001
 8.1316358e-001
 8.1393772e-001
 8.1476480e-001
 8.1565976e-001
 8.1659156e-001
 8.1751865e-001
 8.1841779e-001
 8.1924307e-001
 8.1987417e-001
 8.2015306e-001
 8.1999642e-001
 8.1947339e-001
 8.1880212e-001
 8.1829387e-001
 8.1823540e-001
 8.1871134e-001
 8.1950694e-001
 8.2025993e-001
 8.2077873e-001
 8.2120550e-001
 8.2183897e-001
 8.2280248e-001
 8.2390988e-001
 8.2484847e-001
 8.2544607e-001
 8.2574242e-001
 8.2587200e-001
 8.2597649e-001
 8.2623637e-001
 8.2688177e-001
 8.2806718e-001
 8.2970339e-001
 8.3143640e-001
 8.3282179e-001
 8.3355498e-001
 8.3360022e-001
 8.3319765e-001
 8.3279008e-001
 8.3284408e-001
 8.3357638e-001
 8.3479196e-001
 8.3605027e-001
 8.3703548e-001
 8.3773887e-001
 8.3827686e-001
 8.3860409e-001
 8.3851206e-001
 8.3795017e-001
 8.3726597e-001
 8.3700156e-001
 8.3742249e-001
 8.3830649e-001
 8.3920628e-001
 8.3986521e-001
 8.4035343e-001
 8.4085965e-001
 8.4145111e-001
 8.4207416e-001
 8.4268439e-001
 8.4324855e-001
 8.4366030e-001
 8.4380782e-001
 8.4376335e-001
 8.4379864e-001
 8.4413689e-001
 8.4472007e-001
 8.4528130e-001
 8.4564775e-001
 8.4588724e-001
 8.4611386e-001
 8.4630042e-001
 8.4645027e-001
 8.4679848e-001
 8.4754688e-001
 8.4846860e-001
 8.4909499e-001
 8.4930229e-001
 8.4943855e-001
 8.4983134e-001
 8.5039699e-001
 8.5085201e-001
 8.5120827e-001
 8.5188520e-001
 8.5322368e-001
 8.5496765e-001
 8.5638392e-001
 8.5687512e-001
 8.5638231e-001
 8.5531527e-001
 8.5430110e-001
 8.5393876e-001
 8.5451394e-001
 8.5579145e-001
 8.5713297e-001
 8.5789919e-001
 8.5781914e-001
 8.5710609e-001
 8.5631865e-001
 8.5603976e-001
 8.5650706e-001
 8.5745281e-001
 8.5833526e-001
 8.5877621e-001
 8.5879987e-001
 8.5871023e-001
 8.5878110e-001
 8.5904133e-001
 8.5931063e-001
 8.5943919e-001
 8.5949630e-001
 8.5965627e-001
 8.5992783e-001
 8.6014944e-001
 8.6029893e-001
 8.6061424e-001
 8.6127603e-001
 8.6215800e-001
 8.6300087e-001
 8.6370587e-001
 8.6434788e-001
 8.6493081e-001
 8.6526787e-001
 8.6521959e-001
 8.6493444e-001
 8.6466169e-001
 8.6446291e-001
 8.6433393e-001
 8.6443162e-001
 8.6487466e-001
 8.6549091e-001
 8.6613822e-001
 8.6700422e-001
 8.6811382e-001
 8.6899674e-001
 8.6929715e-001
 8.6915255e-001
 8.6882585e-001
 8.6854810e-001
 8.6858648e-001
 8.6903352e-001
 8.6970031e-001
 8.7037474e-001
 8.7099659e-001
 8.7149638e-001
 8.7169528e-001
 8.7156230e-001
 8.7148517e-001
 8.7192225e-001
 8.7268776e-001
 8.7303317e-001
 8.7259865e-001
 8.7178200e-001
 8.7106156e-001
 8.7061799e-001
 8.7074065e-001
 8.7174690e-001
 8.7318009e-001
 8.7394559e-001
 8.7367868e-001
 8.7323678e-001
 8.7347418e-001
 8.7420523e-001
 8.7469506e-001
 8.7471074e-001
 8.7477952e-001
 8.7541139e-001
 8.7623137e-001
 8.7636346e-001
 8.7574726e-001
 8.7530935e-001
 8.7563205e-001
 8.7638730e-001
 8.7728226e-001
 8.7839568e-001
 8.7923580e-001
 8.7878352e-001
 8.7697709e-001
 8.7523192e-001
 8.7508458e-001
 8.7652391e-001
 8.7830335e-001
 8.7941748e-001
 8.7967378e-001
 8.7930667e-001
 8.7859118e-001
 8.7774545e-001
 8.7697291e-001
 8.7649852e-001
 8.7653548e-001
 8.7719470e-001
 8.7841034e-001
 8.7993312e-001
 8.8136137e-001
 8.8220310e-001
 8.8206738e-001
 8.8099313e-001
 8.7962979e-001
 8.7890971e-001
 8.7931877e-001
 8.8042271e-001
 8.8121456e-001
 8.8104540e-001
 8.8024497e-001
 8.7977755e-001
 8.8021201e-001
 8.8104182e-001
 8.8115567e-001
 8.8005716e-001
 8.7859446e-001
 8.7834281e-001
 8.8004148e-001
 8.8258410e-001
 8.8389194e-001
 8.8350177e-001
 8.8276410e-001
 8.8300127e-001
 8.8406909e-001
 8.8440764e-001
 8.8330412e-001
 8.8213056e-001
 8.8214916e-001
 8.8249767e-001
 8.8180947e-001
 8.8047916e-001
 8.8013786e-001
 8.8170427e-001
 8.8430625e-001
 8.8590163e-001
 8.8538975e-001
 8.8386506e-001
 8.8319564e-001
 8.8399714e-001
 8.8535476e-001
 8.8594180e-001
 8.8538694e-001
 8.8459235e-001
 8.8442767e-001
 8.8466138e-001
 8.8469863e-001
 8.8457966e-001
 8.8462675e-001
 8.8477522e-001
 8.8481003e-001
 8.8481367e-001
 8.8497466e-001
 8.8525552e-001
 8.8551635e-001
 8.8569802e-001
 8.8566381e-001
 8.8519210e-001
 8.8447863e-001
 8.8428599e-001
 8.8511181e-001
 8.8650966e-001
 8.8755071e-001
 8.8775074e-001
 8.8716674e-001
 8.8605219e-001
 8.8477737e-001
 8.8378042e-001
 8.8347507e-001
 8.8409269e-001
 8.8561016e-001
 8.8777536e-001
 8.8990384e-001
 8.9094716e-001
 8.9011919e-001
 8.8786560e-001
 8.8583773e-001
 8.8555366e-001
 8.8702053e-001
 8.8878268e-001
 8.8933796e-001
 8.8846678e-001
 8.8723558e-001
 8.8683039e-001
 8.8752729e-001
 8.8867694e-001
 8.8946605e-001
 8.8950354e-001
 8.8886845e-001
 8.8788378e-001
 8.8705409e-001
 8.8695556e-001
 8.8793153e-001
 8.8980752e-001
 8.9182526e-001
 8.9291114e-001
 8.9258909e-001
 8.9128673e-001
 8.8978869e-001
 8.8874525e-001
 8.8820922e-001
 8.8799334e-001
 8.8790995e-001
 8.8780349e-001
 8.8773024e-001
 8.8783205e-001
 8.8825083e-001
 8.8908517e-001
 8.9014769e-001
 8.9113528e-001
 8.9174473e-001
 8.9173418e-001
 8.9127082e-001
 8.9068681e-001
 8.9031547e-001
 8.9044076e-001
 8.9102161e-001
 8.9204383e-001
 8.9301693e-001
 8.9389735e-001
 8.9456934e-001
 8.9497197e-001
 8.9504707e-001
 8.9473617e-001
 8.9398742e-001
 8.9288181e-001
 8.9163375e-001
 8.9046293e-001
 8.8958967e-001
 8.8922542e-001
 8.8939977e-001
 8.8996243e-001
 8.9075547e-001
 8.9162105e-001
 8.9240474e-001
 8.9303315e-001
 8.9351141e-001
 8.9384842e-001
-1.2300000e+034
-1.2300000e+034
 8.9409852e-001
 8.9395726e-001
 8.9371824e-001
 8.9339018e-001
 8.9298171e-001
 8.9250177e-001
 8.9196086e-001
 8.9137900e-001
 8.9077729e-001
 8.9017767e-001
 8.8960153e-001
 8.8907051e-001
 8.8860601e-001
 8.8822639e-001
 8.8793641e-001
 8.8773775e-001
 8.8763207e-001
 8.8762122e-001
 8.8770682e-001
 8.8789070e-001
 8.8817459e-001
 8.8855511e-001
 8.8901079e-001
 8.8951552e-001
 8.9004320e-001
 8.9056796e-001
 8.9106375e-001
 8.9150435e-001
 8.9186400e-001
 8.9212239e-001
 8.9228153e-001
 8.9234805e-001
 8.9232916e-001
 8.9223176e-001
 8.9206266e-001
 8.9182901e-001
 8.9153755e-001
 8.9119518e-001
 8.9080757e-001
 8.9038050e-001
 8.8991970e-001
 8.8943064e-001
 8.8891923e-001
 8.8839084e-001
 8.8785142e-001
 8.8730651e-001
 8.8676184e-001
 8.8622290e-001
 8.8569558e-001
 8.8518465e-001
 8.8469225e-001
 8.8421959e-001
 8.8376832e-001
 8.8333964e-001
 8.8293523e-001
 8.8255608e-001
 8.8220400e-001
 8.8188022e-001
 8.8158607e-001
 8.8132316e-001
 8.8109273e-001
 8.8089532e-001
 8.8072842e-001
 8.8058865e-001
 8.8047254e-001
 8.8037705e-001
 8.8029855e-001
 8.8023388e-001
 8.8017976e-001
 8.8013291e-001
 8.8008976e-001
 8.8004708e-001
 8.8000202e-001
 8.7995273e-001
 8.7989789e-001
 8.7983596e-001
 8.7976545e-001
 8.7968498e-001
 8.7959296e-001
 8.7948823e-001
 8.7936914e-001
 8.7923425e-001
 8.7908340e-001
 8.7892061e-001
 8.7875086e-001
 8.7857926e-001
 8.7841058e-001
 8.7825012e-001
 8.7810242e-001
 8.7797296e-001
 8.7786639e-001
 8.7778795e-001
 8.7773997e-001
 8.7771708e-001
 8.7771183e-001
 8.7771684e-001
 8.7772477e-001
 8.7772822e-001
 8.7771988e-001
 8.7769228e-001
 8.7763822e-001
 8.7755030e-001
 8.7742263e-001
 8.7725461e-001
 8.7704664e-001
 8.7679899e-001
 8.7651223e-001
 8.7618673e-001
 8.7582296e-001
 8.7542129e-001
 8.7498206e-001
 8.7450862e-001
 8.7401342e-001
 8.7351108e-001
 8.7301606e-001
 8.7254280e-001
 8.7210590e-001
 8.7171984e-001
 8.7139899e-001
 8.7115198e-001
 8.7096626e-001
 8.7082571e-001
 8.7071377e-001
 8.7061417e-001
 8.7051040e-001
 8.7038624e-001
 8.7022513e-001
 8.7001443e-001
 8.6975288e-001
 8.6944175e-001
 8.6908245e-001
 8.6867595e-001
 8.6822367e-001
 8.6772680e-001
 8.6718667e-001
 8.6661029e-001
 8.6602336e-001
 8.6545533e-001
 8.6498070e-001
 8.6455864e-001
 8.6424458e-001
 8.6405814e-001
 8.6399823e-001
 8.6404723e-001
 8.6417598e-001
 8.6434960e-001
 8.6453110e-001
 8.6468351e-001
 8.6477244e-001
 8.6476827e-001
 8.6464512e-001
 8.6437994e-001
 8.6395580e-001
 8.6337459e-001
 8.6267275e-001
 8.6192727e-001
 8.6124504e-001
 8.6074471e-001
 8.6053419e-001
 8.6067957e-001
 8.6117148e-001
 8.6191326e-001
 8.6274076e-001
 8.6345917e-001
 8.6388195e-001
 8.6387128e-001
 8.6337340e-001
 8.6242980e-001
 8.6115748e-001
 8.5971373e-001
 8.5826081e-001
 8.5693717e-001
 8.5583705e-001
 8.5500377e-001
 8.5443866e-001
 8.5411656e-001
 8.5399902e-001
 8.5404158e-001
 8.5469687e-001
 8.5462719e-001
 8.5459417e-001
 8.5457313e-001
 8.5454303e-001
 8.5448813e-001
 8.5439885e-001
 8.5427201e-001
 8.5411072e-001
 8.5392362e-001
 8.5372329e-001
 8.5352427e-001
 8.5334027e-001
 8.5318172e-001
 8.5305363e-001
 8.5295445e-001
 8.5287637e-001
 8.5280597e-001
 8.5272640e-001
 8.5261971e-001
 8.5246927e-001
 8.5226196e-001
 8.5198921e-001
 8.5164750e-001
 8.5123795e-001
 8.5076553e-001
 8.5023910e-001
 8.4966999e-001
 8.4907150e-001
 8.4845853e-001
 8.4784716e-001
 8.4725553e-001
 8.4670347e-001
 8.4621257e-001
 8.4580386e-001
 8.4549505e-001
 8.4529686e-001
 8.4520960e-001
 8.4522116e-001
 8.4530717e-001
 8.4543389e-001
 8.4556299e-001
 8.4565777e-001
 8.4568846e-001
 8.4563583e-001
 8.4549284e-001
 8.4526294e-001
 8.4495741e-001
 8.4459102e-001
 8.4417945e-001
 8.4373695e-001
 8.4327716e-001
 8.4281397e-001
 8.4236312e-001
 8.4194374e-001
 8.4157699e-001
 8.4128445e-001
 8.4108418e-001
 8.4098673e-001
 8.4099221e-001
 8.4108853e-001
 8.4125215e-001
 8.4145099e-001
 8.4164870e-001
 8.4181005e-001
 8.4190542e-001
 8.4191471e-001
 8.4182954e-001
 8.4165299e-001
 8.4139830e-001
 8.4108609e-001
 8.4074068e-001
 8.4038657e-001
 8.4004521e-001
 8.3973289e-001
 8.3945960e-001
 8.3922881e-001
 8.3903861e-001
 8.3888322e-001
 8.3875448e-001
 8.3864391e-001
 8.3854347e-001
 8.3844680e-001
 8.3834916e-001
 8.3824742e-001
 8.3813953e-001
 8.3802396e-001
 8.3789927e-001
 8.3776379e-001
 8.3761561e-001
 8.3745271e-001
 8.3727372e-001
 8.3707821e-001
 8.3686781e-001
 8.3664626e-001
 8.3642030e-001
 8.3619887e-001
 8.3599299e-001
 8.3581442e-001
 8.3567429e-001
 8.3558124e-001
 8.3554000e-001
 8.3555013e-001
 8.3560544e-001
 8.3569443e-001
 8.3580154e-001
 8.3590895e-001
 8.3599889e-001
 8.3605587e-001
 8.3606881e-001
 8.3603168e-001
 8.3594418e-001
 8.3581132e-001
 8.3564222e-001
 8.3544904e-001
 8.3524567e-001
 8.3504629e-001
 8.3486432e-001
 8.3471149e-001
 8.3459675e-001
 8.3452582e-001
 8.3450013e-001
 8.3451706e-001
 8.3457011e-001
 8.3464986e-001
 8.3474565e-001
 8.3484751e-001
 8.3494818e-001
 8.3504450e-001
 8.3513850e-001
 8.3523679e-001
 8.3534938e-001
 8.3548748e-001
 8.3566087e-001
 8.3587533e-001
 8.3613062e-001
 8.3641952e-001
 8.3672845e-001
 8.3703846e-001
 8.3732796e-001
 8.3757573e-001
 8.3776385e-001
 8.3788031e-001
 8.3792037e-001
 8.3788687e-001
 8.3778918e-001
 8.3764154e-001
 8.3745992e-001
 8.3726048e-001
 8.3705717e-001
 8.3686107e-001
 8.3668065e-001
 8.3652228e-001
 8.3639163e-001
 8.3629429e-001
 8.3623618e-001
 8.3622307e-001
 8.3625972e-001
 8.3634824e-001
 8.3648694e-001
 8.3666945e-001
 8.3688450e-001
 8.3711714e-001
 8.3734989e-001
 8.3756530e-001
 8.3774805e-001
 8.3788693e-001
 8.3797652e-001
 8.3801728e-001
 8.3801532e-001
 8.3798081e-001
 8.3792645e-001
 8.3786500e-001
 8.3780801e-001
 8.3776486e-001
 8.3774239e-001
 8.3774555e-001
 8.3777815e-001
 8.3784378e-001
 8.3794564e-001
 8.3808637e-001
 8.3826649e-001
 8.3848327e-001
 8.3872926e-001
 8.3899158e-001
 8.3925271e-001
 8.3949196e-001
 8.3968824e-001
 8.3982348e-001
 8.3988577e-001
 8.3987188e-001
 8.3978862e-001
 8.3965224e-001
 8.3948672e-001
 8.3932054e-001
 8.3918208e-001
 8.3909565e-001
 8.3907789e-001
 8.3913523e-001
 8.3926344e-001
 8.3944881e-001
 8.3967113e-001
 8.3990735e-001
 8.4013534e-001
 8.4033734e-001
 8.4050155e-001
 8.4062314e-001
 8.4070319e-001
 8.4074718e-001
 8.4076279e-001
 8.4075844e-001
 8.4074181e-001
 8.4071970e-001
 8.4069806e-001
 8.4068292e-001
 8.4068078e-001
 8.4069908e-001
 8.4074610e-001
 8.4083009e-001
 8.4095770e-001
 8.4113258e-001
 8.4135371e-001
 8.4161437e-001
 8.4190220e-001
 8.4220004e-001
 8.4248817e-001
 8.4274703e-001
 8.4295994e-001
 8.4311557e-001
 8.4320962e-001
 8.4324479e-001
 8.4322965e-001
 8.4317672e-001
 8.4310031e-001
 8.4301400e-001
 8.4292948e-001
 8.4285563e-001
 8.4279901e-001
 8.4276402e-001
 8.4275401e-001
 8.4277135e-001
 8.4281766e-001
 8.4289289e-001
 8.4299469e-001
 8.4311724e-001
 8.4325105e-001
 8.4338295e-001
 8.4349728e-001
 8.4357798e-001
 8.4361124e-001
 8.4358793e-001
 8.4350628e-001
 8.4337312e-001
 8.4320343e-001
 8.4301877e-001
 8.4284377e-001
 8.4270221e-001
 8.4261256e-001
 8.4258509e-001
 8.4262019e-001
 8.4270883e-001
 8.4283513e-001
 8.4297997e-001
 8.4312457e-001
 8.4325397e-001
 8.4335864e-001
 8.4343493e-001
 8.4348387e-001
 8.4350914e-001
 8.4351534e-001
 8.4350622e-001
 8.4348434e-001
 8.4345114e-001
 8.4340769e-001
 8.4335536e-001
 8.4329641e-001
 8.4323364e-001
 8.4316981e-001
 8.4310651e-001
 8.4304339e-001
 8.4297734e-001
 8.4290326e-001
 8.4281415e-001
 8.4270310e-001
 8.4256470e-001
 8.4239638e-001
 8.4219974e-001
 8.4198028e-001
 8.4174734e-001
 8.4151220e-001
 8.4128618e-001
 8.4107876e-001
 8.4089577e-001
 8.4073812e-001
 8.4060228e-001
 8.4048074e-001
 8.4036428e-001
 8.4024394e-001
 8.4011269e-001
 8.3996701e-001
 8.3980691e-001
 8.3963537e-001
 8.3945709e-001
 8.3927691e-001
 8.3909887e-001
 8.3892536e-001
 8.3875769e-001
 8.3859670e-001
 8.3844388e-001
 8.3830220e-001
 8.3817631e-001
 8.3807266e-001
 8.3799809e-001
 8.3795887e-001
 8.3795941e-001
 8.3800113e-001
 8.3808208e-001
 8.3819711e-001
 8.3833849e-001
 8.3849698e-001
 8.3866274e-001
 8.3882642e-001
 8.3898002e-001
 8.3911729e-001
 8.3923382e-001
 8.3932722e-001
 8.3939689e-001
 8.3944392e-001
 8.3947086e-001
 8.3948183e-001
 8.3948237e-001
 8.3947939e-001
 8.3948082e-001
 8.3949536e-001
 8.3953160e-001
 8.3959699e-001
 8.3969718e-001
 8.3983499e-001
 8.4001005e-001
 8.4021884e-001
 8.4045535e-001
 8.4071207e-001
 8.4098095e-001
 8.4125477e-001
 8.4152806e-001
 8.4179664e-001
 8.4205806e-001
 8.4231049e-001
 8.4255171e-001
 8.4277886e-001
 8.4298748e-001
 8.4317189e-001
 8.4332579e-001
 8.4344304e-001
 8.4351891e-001
 8.4355098e-001
 8.4353966e-001
 8.4348869e-001
 8.4340471e-001
 8.4329641e-001
 8.4317380e-001
 8.4304678e-001
 8.4292442e-001
 8.4281397e-001
 8.4272051e-001
 8.4264696e-001
 8.4259433e-001
 8.4256190e-001
 8.4254754e-001
 8.4254783e-001
 8.4255767e-001
 8.4257054e-001
 8.4257835e-001
 8.4257185e-001
 8.4254187e-001
 8.4248030e-001
 8.4238130e-001
 8.4224224e-001
 8.4206361e-001
 8.4184766e-001
 8.4159631e-001
 8.4130919e-001
 8.4098160e-001
 8.4060425e-001
 8.4016532e-001
 8.3965409e-001
 8.3906615e-001
 8.3840823e-001
 8.3770239e-001
 8.3698636e-001
 8.3631068e-001
 8.3573318e-001
 8.3530992e-001
 8.3508676e-001
 8.3509153e-001
 8.3532935e-001
 8.3578146e-001
 8.3640838e-001
 8.3715564e-001
 8.3796149e-001
 8.3876586e-001
 8.3951652e-001
 8.4017551e-001
 8.4072089e-001
 8.4114742e-001
 8.4146404e-001
 8.4168994e-001
 8.4184968e-001
 8.4196860e-001
 8.4206837e-001
 8.4216464e-001
 8.4226537e-001
 8.4237081e-001
 8.4247500e-001
 8.4256744e-001
 8.4263563e-001
 8.4266716e-001
 8.4265214e-001
 8.4258467e-001
 8.4246427e-001
 8.4229624e-001
 8.4209174e-001
 8.4186697e-001
 8.4164125e-001
 8.4143513e-001
 8.4126735e-001
 8.4115249e-001
 8.4109879e-001
 8.4110719e-001
 8.4117150e-001
 8.4128004e-001
 8.4141797e-001
 8.4157020e-001
 8.4172380e-001
 8.4186924e-001
 8.4200090e-001
 8.4211594e-001
 8.4221303e-001
 8.4229070e-001
 8.4234667e-001
 8.4237832e-001
 8.4238362e-001
 8.4236330e-001
 8.4232229e-001
 8.4227043e-001
 8.4222215e-001
 8.4219420e-001
 8.4220296e-001
 8.4226137e-001
 8.4237629e-001
 8.4254706e-001
 8.4276587e-001
 8.4301901e-001
 8.4328943e-001
 8.4355962e-001
 8.4381407e-001
 8.4404117e-001
 8.4423393e-001
 8.4439027e-001
 8.4451199e-001
 8.4460402e-001
 8.4467322e-001
 8.4472728e-001
 8.4477383e-001
 8.4481978e-001
 8.4487081e-001
 8.4493065e-001
 8.4500092e-001
 8.4508055e-001
 8.4516573e-001
 8.4524983e-001
 8.4532416e-001
 8.4537834e-001
 8.4540236e-001
 8.4538776e-001
 8.4532970e-001
 8.4522825e-001
 8.4508967e-001
 8.4492588e-001
 8.4475356e-001
 8.4459198e-001
 8.4445989e-001
 8.4437305e-001
 8.4434128e-001
 8.4436738e-001
 8.4444708e-001
 8.4457028e-001
 8.4472340e-001
 8.4489208e-001
 8.4506351e-001
 8.4522837e-001
 8.4538120e-001
 8.4552056e-001
 8.4564728e-001
 8.4576374e-001
 8.4587181e-001
 8.4597236e-001
 8.4606463e-001
 8.4614676e-001
 8.4621632e-001
 8.4627140e-001
 8.4631157e-001
 8.4633827e-001
 8.4635514e-001
 8.4636724e-001
 8.4638011e-001
 8.4639895e-001
 8.4642720e-001
 8.4646612e-001
 8.4651476e-001
 8.4657049e-001
 8.4663051e-001
 8.4669274e-001
 8.4675705e-001
 8.4682602e-001
 8.4690428e-001
 8.4699821e-001
 8.4711415e-001
 8.4725720e-001
 8.4742975e-001
 8.4763139e-001
 8.4785926e-001
 8.4810913e-001
 8.4837586e-001
 8.4865469e-001
 8.4894127e-001
 8.4923148e-001
 8.4952164e-001
 8.4980756e-001
 8.5008401e-001
 8.5034418e-001
 8.5057932e-001
 8.5078001e-001
 8.5093689e-001
 8.5104293e-001
 8.5109532e-001
 8.5109562e-001
 8.5104972e-001
 8.5096711e-001
 8.5085940e-001
 8.5073894e-001
 8.5061795e-001
 8.5050720e-001
 8.5041529e-001
 8.5034806e-001
 8.5030812e-001
 8.5029531e-001
 8.5030705e-001
 8.5033923e-001
 8.5038710e-001
 8.5044628e-001
 8.5051328e-001
 8.5058582e-001
 8.5066205e-001
 8.5074013e-001
 8.5081685e-001
 8.5088682e-001
 8.5094213e-001
 8.5097218e-001
 8.5096389e-001
 8.5090345e-001
 8.5077786e-001
 8.5057789e-001
 8.5030073e-001
 8.4995288e-001
 8.4955132e-001
 8.4912306e-001
 8.4870273e-001
 8.4832793e-001
 8.4803396e-001
 8.4784800e-001
 8.4778428e-001
 8.4784305e-001
 8.4801215e-001
 8.4827095e-001
 8.4859502e-001
 8.4896058e-001
 8.4934819e-001
 8.4974498e-001
 8.5014462e-001
 8.5054702e-001
 8.5095626e-001
 8.5137749e-001
 8.5181415e-001
 8.5226536e-001
 8.5272431e-001
 8.5317850e-001
 8.5361052e-001
 8.5400093e-001
 8.5433114e-001
 8.5458642e-001
 8.5475850e-001
 8.5484695e-001
 8.5485935e-001
 8.5481006e-001
 8.5471833e-001
 8.5460496e-001
 8.5448980e-001
 8.5438907e-001
 8.5431379e-001
 8.5426909e-001
 8.5425526e-001
 8.5426861e-001
 8.5430419e-001
 8.5435736e-001
 8.5442567e-001
 8.5451001e-001
 8.5461444e-001
 8.5474539e-001
 8.5491014e-001
 8.5511470e-001
 8.5536188e-001
 8.5564983e-001
 8.5597146e-001
 8.5631484e-001
 8.5666472e-001
 8.5700470e-001
 8.5732019e-001
 8.5760069e-001
 8.5784221e-001
 8.5804749e-001
 8.5822618e-001
 8.5839295e-001
 8.5856450e-001
 8.5875642e-001
 8.5898006e-001
 8.5923988e-001
 8.5953224e-001
 8.5984552e-001
 8.6016202e-001
 8.6046076e-001
 8.6072105e-001
 8.6092633e-001
 8.6106700e-001
 8.6114222e-001
 8.6116040e-001
 8.6113793e-001
 8.6109710e-001
 8.6106265e-001
 8.6105871e-001
 8.6110532e-001
 8.6121655e-001
 8.6139882e-001
 8.6165047e-001
 8.6196244e-001
 8.6231947e-001
 8.6270148e-001
 8.6308563e-001
 8.6344802e-001
 8.6376584e-001
 8.6401969e-001
 8.6419529e-001
 8.6428565e-001
 8.6429238e-001
 8.6422622e-001
 8.6410660e-001
 8.6395913e-001
 8.6381191e-001
 8.6369228e-001
 8.6362231e-001
 8.6361605e-001
 8.6367732e-001
 8.6379915e-001
 8.6396366e-001
 8.6414355e-001
 8.6430579e-001
 8.6441612e-001
 8.6444491e-001
 8.6437285e-001
 8.6419576e-001
 8.6392671e-001
 8.6359572e-001
 8.6324656e-001
 8.6293060e-001
 8.6269969e-001
 8.6259836e-001
 8.6265749e-001
 8.6288995e-001
 8.6329067e-001
 8.6383891e-001
 8.6450255e-001
 8.6524194e-001
 8.6601478e-001
 8.6677998e-001
 8.6749941e-001
 8.6813998e-001
 8.6867428e-001
 8.6908126e-001
 8.6934674e-001
 8.6946321e-001
 8.6943024e-001
 8.6925453e-001
 8.6894971e-001
 8.6853558e-001
 8.6803746e-001
 8.6748391e-001
 8.6690485e-001
 8.6632955e-001
 8.6578345e-001
 8.6528713e-001
 8.6485434e-001
 8.6449164e-001
 8.6419874e-001
 8.6396921e-001
 8.6379242e-001
 8.6365521e-001
 8.6354363e-001
 8.6344492e-001
 8.6334813e-001
 8.6324549e-001
 8.6313218e-001
 8.6300629e-001
 8.6286843e-001
 8.6272115e-001
 8.6256838e-001
 8.6241478e-001
 8.6226547e-001
 8.6212564e-001
 8.6200035e-001
 8.6189449e-001
 8.6181229e-001
 8.6175758e-001
 8.6173344e-001
 8.6174220e-001
 8.6178529e-001
 8.6186308e-001
 8.6197513e-001
 8.6211985e-001
 8.6229467e-001
 8.6249608e-001
 8.6271936e-001
 8.6295891e-001
 8.6320806e-001
 8.6345911e-001
 8.6370409e-001
 8.6393422e-001
 8.6414117e-001
 8.6431712e-001
 8.6445522e-001
 8.6455035e-001
 8.6459911e-001
 8.6460012e-001
 8.6455399e-001
 8.6446321e-001
 8.6433172e-001
 8.6416489e-001
 8.6396897e-001
 8.6375111e-001
 8.6351895e-001
 8.6328083e-001
 8.6304563e-001
 8.6282289e-001
 8.6262292e-001
 8.6245716e-001
 8.6233819e-001
 8.6227977e-001
 8.6229682e-001
 8.6240470e-001
 8.6261868e-001
 8.6295247e-001
 8.6341631e-001
 8.6401540e-001
 8.6474764e-001
 8.6560202e-001
 8.6655790e-001
 8.6758554e-001
 8.6864698e-001
 8.6970007e-001
 8.7070119e-001
 8.7161005e-001
 8.7239444e-001
 8.7303317e-001
 8.7351882e-001
 8.7385827e-001
 8.7407213e-001
 8.7419218e-001
 8.7425703e-001
 8.7430722e-001
 8.7438005e-001
 8.7450498e-001
 8.7469995e-001
 8.7496990e-001
 8.7530822e-001
 8.7569857e-001
 8.7611824e-001
 8.7654114e-001
 8.7694043e-001
 8.7729096e-001
 8.7757015e-001
 8.7775832e-001
 8.7784010e-001
 8.7780482e-001
 8.7764657e-001
 8.7736428e-001
 8.7696147e-001
 8.7644553e-001
 8.7582833e-001
 8.7512589e-001
 8.7435752e-001
 8.7354654e-001
 8.7269378e-001
 8.7184334e-001
 8.7103289e-001
 8.7028915e-001
 8.6963421e-001
 8.6908180e-001
 8.6863571e-001
 8.6829048e-001
 8.6803401e-001
 8.6785096e-001
 8.6772436e-001
 8.6763728e-001
 8.6757296e-001
 8.6751539e-001
 8.6744958e-001
 8.6736166e-001
 8.6723870e-001
 8.6706859e-001
 8.6684000e-001
 8.6654192e-001
 8.6616373e-001
 8.6569536e-001
 8.6512804e-001
 8.6445540e-001
 8.6367571e-001
 8.6279321e-001
 8.6181879e-001
 8.6076975e-001
 8.5966742e-001
 8.5853601e-001
 8.5740083e-001
 8.5628676e-001
 8.5521746e-001
 8.5421294e-001
 8.5328788e-001
 8.5244948e-001
 8.5169619e-001
 8.5101950e-001
 8.5040504e-001
 8.4983522e-001
 8.4929091e-001
 8.4875256e-001
 8.4820145e-001
 8.4762061e-001
 8.4699571e-001
 8.4631687e-001
 8.4557825e-001
 8.4477830e-001
 8.4391856e-001
 8.4300184e-001
 8.4203243e-001
 8.4101415e-001
 8.3995068e-001
 8.3884478e-001
 8.3769691e-001
 8.3650547e-001
 8.3526564e-001
 8.3397055e-001
 8.3261144e-001
 8.3117807e-001
 8.2966071e-001
 8.2805002e-001
 8.2634014e-001
 8.2453156e-001
 8.2263452e-001
 8.2067418e-001
 8.1869131e-001
 8.1674016e-001
 8.1488633e-001
 8.1320059e-001
 8.1175685e-001
 8.1062800e-001
 8.0988163e-001
 8.0957520e-001
 8.0974805e-001
 8.1041551e-001
 8.1156582e-001
 8.1316358e-001
 8.1515485e-001
 8.1747586e-001
 8.2005715e-001
 8.2282805e-001
 8.2572037e-001
 8.2866895e-001
 8.3161783e-001
 8.3452028e-001
 8.3734113e-001
 8.4005654e-001
 8.4264952e-001
 8.4510761e-001
 8.4742159e-001
 8.4958237e-001
 8.5158259e-001
 8.5341549e-001
 8.5507625e-001
 8.5656327e-001
 8.5787708e-001
 8.5902137e-001
 8.6000144e-001
 8.6082369e-001
 8.6149549e-001
 8.6202431e-001
 8.6241835e-001
 8.6268657e-001
 8.6283970e-001
 8.6289036e-001
 8.6285365e-001
 8.6274672e-001
 8.6258829e-001
 8.6239791e-001
 8.6219549e-001
 8.6200052e-001
 8.6183149e-001
 8.6170423e-001
 8.6163038e-001
 8.6161602e-001
 8.6166078e-001
 8.6175871e-001
 8.6189955e-001
 8.6207062e-001
 8.6225814e-001
 8.6244786e-001
 8.6262602e-001
 8.6277980e-001
 8.6289829e-001
 8.6297286e-001
 8.6299759e-001
 8.6296892e-001
 8.6288518e-001
 8.6274564e-001
 8.6255026e-001
 8.6229908e-001
 8.6199266e-001
 8.6163157e-001
 8.6121726e-001
 8.6075163e-001
 8.6023760e-001
 8.5967892e-001
 8.5907966e-001
 8.5844427e-001
 8.5777760e-001
 8.5708404e-001
 8.5636836e-001
 8.5563445e-001
 8.5488611e-001
 8.5412616e-001
 8.5335642e-001
 8.5257828e-001
 8.5179228e-001
 8.5099876e-001
 8.5019791e-001
 8.4938973e-001
 8.4857458e-001
 8.4775263e-001
 8.4692472e-001
 8.4609193e-001
 8.4525561e-001
 8.4441799e-001
 8.4358108e-001
 8.4274745e-001
 8.4191972e-001
 8.4110028e-001
 8.4029168e-001
 8.3949649e-001
 8.3871675e-001
 8.3795470e-001
 8.3721197e-001
 8.3649021e-001
 8.3579099e-001
 8.3511543e-001
 8.3446461e-001
 8.3383900e-001
 8.3323765e-001
 8.3265692e-001
 8.3208823e-001
 8.3151692e-001
 8.3092088e-001
 8.3027196e-001
 8.2953739e-001
 8.2868141e-001
 8.2766795e-001
 8.2646197e-001
 8.2503366e-001
 8.2336366e-001
 8.2144916e-001
 8.1931150e-001
 8.1699699e-001
 8.1457579e-001
 8.1213546e-001
 8.0977267e-001
 8.0758929e-001
 8.0568647e-001
 8.0415881e-001
 8.0308825e-001
 8.0253422e-001
 8.0252600e-001
 8.0305940e-001
 8.0410004e-001
 8.0559099e-001
 8.0746257e-001
 8.0963820e-001
 8.1204110e-001
 8.1459498e-001
 8.1723166e-001
 8.1989366e-001
 8.2253665e-001
 8.2513452e-001
 8.2767522e-001
 8.3015835e-001
 8.3258820e-001
 8.3497393e-001
 8.3732557e-001
 8.3965081e-001
 8.4195709e-001
 8.4424835e-001
 8.4652233e-001
 8.4877300e-001
 8.5098910e-001
 8.5315657e-001
 8.5525757e-001
 8.5727513e-001
 8.5919219e-001
 8.6099184e-001
 8.6266124e-001
 8.6419225e-001
 8.6558223e-001
 8.6683673e-001
 8.6796778e-001
 8.6899137e-001
 8.6992723e-001
 8.7079591e-001
 8.7161845e-001
 8.7241411e-001
 8.7320036e-001
 8.7399060e-001
 8.7479216e-001
 8.7560666e-001
 8.7643027e-001
 8.7725455e-001
 8.7806898e-001
 8.7886184e-001
 8.7962121e-001
 8.8033468e-001
 8.8099098e-001
 8.8157988e-001
 8.8209176e-001
 8.8251930e-001
 8.8285619e-001
 8.8309699e-001
 8.8323706e-001
 8.8327217e-001
 8.8319874e-001
 8.8301444e-001
 8.8271946e-001
 8.8231820e-001
 8.8182086e-001
 8.8124388e-001
 8.8060921e-001
 8.7994343e-001
 8.7927526e-001
 8.7863421e-001
 8.7805021e-001
 8.7755078e-001
 8.7715977e-001
 8.7689435e-001
 8.7676322e-001
 8.7676483e-001
 8.7688899e-001
 8.7711883e-001
 8.7743372e-001
 8.7781113e-001
 8.7822783e-001
 8.7866127e-001
 8.7909019e-001
 8.7949550e-001
 8.7986112e-001
 8.8017452e-001
 8.8042635e-001
 8.8060927e-001
 8.8071758e-001
 8.8074619e-001
 8.8069075e-001
 8.8054770e-001
 8.8031512e-001
 8.7999398e-001
 8.7958866e-001
 8.7910783e-001
 8.7856346e-001
 8.7797070e-001
 8.7734604e-001
 8.7670636e-001
 8.7606883e-001
 8.7544894e-001
 8.7485921e-001
 8.7430811e-001
 8.7379712e-001
 8.7332076e-001
 8.7286723e-001
 8.7242007e-001
 8.7195998e-001
 8.7146634e-001
 8.7091905e-001
 8.7029934e-001
 8.6959171e-001
 8.6878729e-001
 8.6788476e-001
 8.6689144e-001
 8.6582375e-001
 8.6470306e-001
 8.6355460e-001
 8.6240488e-001
 8.6128128e-001
 8.6020881e-001
 8.5920924e-001
 8.5829920e-001
 8.5748696e-001
 8.5677224e-001
 8.5614747e-001
 8.5559887e-001
 8.5510933e-001
 8.5466009e-001
 8.5423189e-001
 8.5380501e-001
 8.5335982e-001
 8.5287708e-001
 8.5233742e-001
 8.5172164e-001
 8.5101122e-001
 8.5018724e-001
 8.4923100e-001
 8.4812468e-001
 8.4685105e-001
 8.4539533e-001
 8.4374744e-001
 8.4190679e-001
 8.3988291e-001
 8.3769774e-001
 8.3538604e-001
 8.3298928e-001
 8.3055371e-001
 8.2812959e-001
 8.2576501e-001
 8.2350576e-001
 8.2139105e-001
 8.1945080e-001
 8.1769913e-001
 8.1613445e-001
 8.1474179e-001
 8.1349450e-001
 8.1235993e-001
 8.1130326e-001
 8.1028914e-001
 8.0928516e-001
 8.0826634e-001
 8.0721819e-001
 8.0614191e-001
 8.0505532e-001
 8.0399239e-001
 8.0299765e-001
 8.0212224e-001
 8.0142075e-001
 8.0094677e-001
 8.0075026e-001
 8.0087262e-001
 8.0134070e-001
 8.0216169e-001
 8.0332136e-001
 8.0478495e-001
 8.0650401e-001
 8.0842179e-001
 8.1047601e-001
 8.1260490e-001
 8.1474870e-001
 8.1685042e-001
 8.1886232e-001
 8.2074696e-001
 8.2247722e-001
 8.2403761e-001
 8.2541996e-001
 8.2662100e-001
 8.2763910e-001
 8.2847470e-001
 8.2912940e-001
 8.2960629e-001
 8.2991230e-001
 8.3005857e-001
 8.3006102e-001
 8.2994002e-001
 8.2971919e-001
 8.2942384e-001
 8.2908040e-001
 8.2871443e-001
 8.2834977e-001
 8.2800621e-001
 8.2769668e-001
 8.2742459e-001
 8.2718337e-001
 8.2695693e-001
 8.2672244e-001
 8.2645285e-001
 8.2611966e-001
 8.2569396e-001
 8.2514840e-001
 8.2445991e-001
 8.2361102e-001
 8.2259303e-001
 8.2140714e-001
 8.2006264e-001
 8.1857473e-001
 8.1696361e-001
 8.1525040e-001
 8.1345683e-001
 8.1160426e-001
 8.0971473e-001
 8.0780774e-001
 8.0590099e-001
 8.0401182e-001
 8.0215448e-001
 8.0034208e-001
 7.9858816e-001
 7.9690439e-001
 7.9530215e-001
 7.9379070e-001
 7.9237700e-001
 7.9106152e-001
 7.8983724e-001
 7.8868955e-001
 7.8759575e-001
 7.8652740e-001
 7.8545368e-001
 7.8434163e-001
 7.8315848e-001
 7.8187430e-001
 7.8046256e-001
 7.7890444e-001
 7.7719063e-001
 7.7532405e-001
 7.7331620e-001
 7.7118593e-001
 7.6895797e-001
 7.6665759e-001
 7.6431018e-001
 7.6194191e-001
 7.5957471e-001
 7.5722677e-001
 7.5490963e-001
 7.5263017e-001
 7.5038743e-001
 7.4817628e-001
 7.4599046e-001
 7.4382091e-001
 7.4165809e-001
 7.3949397e-001
 7.3731905e-001
 7.3512447e-001
 7.3290318e-001
 7.3064744e-001
 7.2835040e-001
 7.2600520e-001
 7.2360677e-001
 7.2114861e-001
 7.1862447e-001
 7.1603042e-001
 7.1336162e-001
 7.1061492e-001
 7.0779127e-001
 7.0489222e-001
 7.0192224e-001
 6.9888669e-001
 6.9579405e-001
 6.9265121e-001
 6.8946534e-001
 6.8624622e-001
 6.8300182e-001
 6.7974102e-001
 6.7647636e-001
 6.7321920e-001
 6.6998214e-001
 6.6678113e-001
 6.6363013e-001
 6.6054410e-001
 6.5753686e-001
 6.5462351e-001
 6.5181488e-001
 6.4911836e-001
 6.4653844e-001
 6.4407259e-001
 6.4171356e-001
 6.3945228e-001
 6.3727587e-001
 6.3517123e-001
 6.3312435e-001
 6.3112354e-001
 6.2915671e-001
 6.2721419e-001
 6.2529063e-001
 6.2338269e-001
 6.2149012e-001
 6.1961627e-001
 6.1776447e-001
 6.1593866e-001
 6.1414409e-001
 6.1238414e-001
 6.1066157e-001
 6.0897666e-001
 6.0732836e-001
 6.0571122e-001
 6.0411727e-001
 6.0253769e-001
 6.0096115e-001
 5.9937602e-001
 5.9777147e-001
 5.9613544e-001
 5.9445679e-001
 5.9272414e-001
 5.9092796e-001
 5.8905798e-001
 5.8710456e-001
 5.8505982e-001
 5.8291489e-001
 5.8066112e-001
 5.7829255e-001
 5.7580394e-001
 5.7319558e-001
 5.7047486e-001
 5.6766218e-001
 5.6478798e-001
 5.6189358e-001
 5.5903035e-001
 5.5625224e-001
 5.5361563e-001
 5.5117887e-001
 5.4899687e-001
 5.4712117e-001
 5.4559827e-001
 5.4446471e-001
 5.4374820e-001
 5.4346770e-001
 5.4363614e-001
 5.4426235e-001
 5.4535359e-001
 5.4691499e-001
 5.4895097e-001
 5.5146378e-001
 5.5444962e-001
 5.5790085e-001
 5.6180316e-001
 5.6613773e-001
 5.7087827e-001
 5.7599896e-001
 5.8147305e-001
 5.8726889e-001
 5.9335852e-001
 5.9971344e-001
 6.0629964e-001
 6.1308616e-001
 6.2004077e-001
 6.2712491e-001
 6.3430470e-001
 6.4154422e-001
 6.4880955e-001
 6.5606171e-001
 6.6326773e-001
 6.7039537e-001
 6.7740852e-001
 6.8427765e-001
 6.9097483e-001
 6.9746894e-001
 7.0373493e-001
 7.0974725e-001
 7.1548235e-001
 7.2091341e-001
 7.2601831e-001
 7.3077559e-001
 7.3516119e-001
 7.3902512e-001
 7.4171776e-001
 7.4486613e-001
 7.4766207e-001
 7.5013810e-001
 7.5232607e-001
 7.5425828e-001
 7.5596541e-001
 7.5747985e-001
 7.5883323e-001
 7.6005745e-001
 7.6118243e-001
 7.6221734e-001
 7.6316142e-001
 7.6401353e-001
 7.6477277e-001
 7.6543760e-001
 7.6600695e-001
 7.6647961e-001
 7.6685482e-001
 7.6713091e-001
 7.6730704e-001
 7.6738197e-001
 7.6735449e-001
 7.6722360e-001
 7.6698834e-001
 7.6665092e-001
 7.6621515e-001
 7.6568460e-001
 7.6506341e-001
 7.6435518e-001
 7.6356369e-001
 7.6269257e-001
 7.6174593e-001
 7.6072747e-001
 7.5964093e-001
 7.5848973e-001
 7.5727838e-001
 7.5601023e-001
 7.5468904e-001
 7.5331891e-001
 7.5190300e-001
 7.5044578e-001
 7.4895036e-001
 7.4741650e-001
 7.4584138e-001
 7.4422365e-001
 7.4256051e-001
 7.4084991e-001
 7.3908889e-001
 7.3727632e-001
 7.3540920e-001
 7.3348558e-001
 7.3150295e-001
 7.2945875e-001
 7.2735143e-001
 7.2517842e-001
 7.2293741e-001
 7.2062558e-001
 7.1824181e-001
 7.1578318e-001
 7.1324748e-001
 7.1063179e-001
 7.0793515e-001
 7.0515466e-001
 7.0228851e-001
 6.9933856e-001
 6.9631082e-001
 6.9320947e-001
 6.9003928e-001
 6.8680489e-001
 6.8351030e-001
 6.8016177e-001
 6.7676330e-001
 6.7331964e-001
 6.6983473e-001
 6.6631496e-001
 6.6276407e-001
 6.5918702e-001
 6.5558767e-001
 6.5197229e-001
 6.4834493e-001
 6.4471042e-001
 6.4107323e-001
 6.3743746e-001
 6.3380951e-001
 6.3019317e-001
 6.2659335e-001
 6.2301385e-001
 6.1946112e-001
 6.1593902e-001
 6.1245185e-001
 6.0899979e-001
 6.0558361e-001
 6.0220164e-001
 5.9885323e-001
 5.9553736e-001
 5.9225249e-001
 5.8899945e-001
 5.8577657e-001
 5.8258301e-001
 5.7941729e-001
 5.7628006e-001
 5.7316971e-001
 5.7008541e-001
 5.6702572e-001
 5.6399125e-001
 5.6098050e-001
 5.5799240e-001
 5.5502570e-001
 5.5208093e-001
 5.4915661e-001
 5.4625177e-001
 5.4336572e-001
 5.4049695e-001
 5.3764594e-001
 5.3481126e-001
 5.3199208e-001
 5.2918690e-001
 5.2639627e-001
 5.2361876e-001
 5.2085388e-001
 5.1810443e-001
 5.1537693e-001
 5.1267576e-001
