s07_ASD Record=16823: Uracil SA-U0750 75K          ASDHRa AREF
-1.2300000e+034
 8.3975327e-001
 7.9998970e-001
 8.1230813e-001
 7.9917502e-001
 7.8212398e-001
 7.9344320e-001
 7.8218478e-001
 7.8374732e-001
 7.8410161e-001
 7.6376230e-001
 7.7619153e-001
 7.7332586e-001
 7.5874519e-001
 7.7568465e-001
 7.6803154e-001
 7.6170605e-001
 7.6438940e-001
 7.5259757e-001
 7.6062852e-001
 7.6460385e-001
 7.5287455e-001
 7.6553899e-001
 7.6142472e-001
 7.5286955e-001
 7.6430023e-001
 7.6430798e-001
 7.6319677e-001
 7.6190251e-001
 7.5772500e-001
 7.6191497e-001
 7.6068914e-001
 7.5531816e-001
 7.6251578e-001
 7.5524521e-001
 7.5394380e-001
 7.6378226e-001
 7.4915290e-001
 7.5281608e-001
 7.6143658e-001
 7.5129521e-001
 7.5332320e-001
 7.5324494e-001
 7.5109041e-001
 7.5450993e-001
 7.5178623e-001
 7.5001806e-001
 7.5080174e-001
 7.4811363e-001
 7.4983484e-001
 7.4925518e-001
 7.4403358e-001
 7.4557471e-001
 7.4295664e-001
 7.3941791e-001
 7.4078631e-001
 7.3819160e-001
 7.3927689e-001
 7.4191922e-001
 7.3838633e-001
 7.4041748e-001
 7.3990083e-001
 7.3608381e-001
 7.3996574e-001
 7.3916399e-001
 7.3675686e-001
 7.3755181e-001
 7.3697394e-001
 7.3782909e-001
 7.3857450e-001
 7.3722059e-001
 7.3894876e-001
 7.3762977e-001
 7.3435044e-001
 7.3716336e-001
 7.3578405e-001
 7.3461574e-001
 7.3627800e-001
 7.3399335e-001
 7.3416674e-001
 7.3555291e-001
 7.3460895e-001
 7.3502845e-001
 7.3457366e-001
 7.3407781e-001
 7.3586291e-001
 7.3430192e-001
 7.3329186e-001
 7.3513246e-001
 7.3540002e-001
 7.3591274e-001
 7.3647058e-001
 7.3660445e-001
 7.3706031e-001
 7.3705757e-001
 7.3694354e-001
 7.3761225e-001
 7.3730093e-001
 7.3759633e-001
 7.3861974e-001
 7.3780835e-001
 7.3808461e-001
 7.3852873e-001
 7.3772705e-001
 7.3789877e-001
 7.3741525e-001
 7.3712856e-001
 7.3883164e-001
 7.3808122e-001
 7.3739702e-001
 7.3785406e-001
 7.3664856e-001
 7.3692942e-001
 7.3728281e-001
 7.3596865e-001
 7.3623192e-001
 7.3651159e-001
 7.3660332e-001
 7.3697376e-001
 7.3560590e-001
 7.3535961e-001
 7.3673296e-001
 7.3552966e-001
 7.3576736e-001
 7.3628652e-001
 7.3529685e-001
 7.3594487e-001
 7.3601133e-001
 7.3533589e-001
 7.3552912e-001
 7.3496979e-001
 7.3473692e-001
 7.3506159e-001
 7.3439109e-001
 7.3457080e-001
 7.3478341e-001
 7.3400837e-001
 7.3455358e-001
 7.3444307e-001
 7.3373055e-001
 7.3423225e-001
 7.3365742e-001
 7.3354918e-001
 7.3437959e-001
 7.3352170e-001
 7.3334205e-001
 7.3339957e-001
 7.3268473e-001
 7.3348379e-001
 7.3372829e-001
 7.3322421e-001
 7.3395514e-001
 7.3371911e-001
 7.3325187e-001
 7.3321027e-001
 7.3262262e-001
 7.3280877e-001
 7.3318142e-001
 7.3259437e-001
 7.3297352e-001
 7.3272836e-001
 7.3193657e-001
 7.3280090e-001
 7.3264933e-001
 7.3238093e-001
 7.3290062e-001
 7.3221427e-001
 7.3224670e-001
 7.3277801e-001
 7.3218948e-001
 7.3218018e-001
 7.3205858e-001
 7.3174357e-001
 7.3224556e-001
 7.3210555e-001
 7.3172277e-001
 7.3182923e-001
 7.3139811e-001
 7.3144680e-001
 7.3181295e-001
 7.3138988e-001
 7.3158938e-001
 7.3159981e-001
 7.3108500e-001
 7.3145396e-001
 7.3158735e-001
 7.3153442e-001
 7.3175836e-001
 7.3152179e-001
 7.3150247e-001
 7.3169613e-001
 7.3129672e-001
 7.3136884e-001
 7.3140925e-001
 7.3098296e-001
 7.3107255e-001
 7.3085862e-001
 7.3043627e-001
 7.3045164e-001
 7.3007840e-001
 7.2981173e-001
 7.2972637e-001
 7.2910613e-001
 7.2900456e-001
 7.2911012e-001
 7.2886693e-001
 7.2918874e-001
 7.2911745e-001
 7.2877443e-001
 7.2932649e-001
 7.2953916e-001
 7.2980845e-001
 7.3035365e-001
 7.3032564e-001
 7.3047143e-001
 7.3060626e-001
 7.3020279e-001
 7.3018330e-001
 7.2999161e-001
 7.2944844e-001
 7.2912973e-001
 7.2852665e-001
 7.2808814e-001
 7.2815514e-001
 7.2778332e-001
 7.2771186e-001
 7.2777575e-001
 7.2720259e-001
 7.2724718e-001
 7.2727370e-001
 7.2689104e-001
 7.2694445e-001
 7.2696519e-001
 7.2725821e-001
 7.2806454e-001
 7.2816896e-001
 7.2836202e-001
 7.2880131e-001
 7.2841579e-001
 7.2729748e-001
 7.2676146e-001
 7.2762418e-001
 7.2824299e-001
 7.2760785e-001
 7.2631836e-001
 7.2635496e-001
 7.2614193e-001
 7.2603792e-001
 7.2620457e-001
 7.2622418e-001
 7.2643995e-001
 7.2662604e-001
 7.2655743e-001
 7.2679293e-001
 7.2677869e-001
 7.2660375e-001
 7.2690427e-001
 7.2669965e-001
 7.2654623e-001
 7.2681308e-001
 7.2656757e-001
 7.2636479e-001
 7.2631657e-001
 7.2625339e-001
 7.2624534e-001
 7.2613686e-001
 7.2605139e-001
 7.2628731e-001
 7.2603995e-001
 7.2583520e-001
 7.2617853e-001
 7.2592127e-001
 7.2585988e-001
 7.2595406e-001
 7.2557527e-001
 7.2575110e-001
 7.2582096e-001
 7.2547221e-001
 7.2559512e-001
 7.2544229e-001
 7.2524995e-001
 7.2548777e-001
 7.2538298e-001
 7.2527558e-001
 7.2524190e-001
 7.2504067e-001
 7.2514653e-001
 7.2519147e-001
 7.2494960e-001
 7.2508907e-001
 7.2507286e-001
 7.2494864e-001
 7.2504050e-001
 7.2478491e-001
 7.2466284e-001
 7.2476715e-001
 7.2448301e-001
 7.2447026e-001
 7.2450817e-001
 7.2431517e-001
 7.2443724e-001
 7.2430104e-001
 7.2402477e-001
 7.2422069e-001
 7.2404867e-001
 7.2395027e-001
 7.2411817e-001
 7.2389364e-001
 7.2382236e-001
 7.2380978e-001
 7.2360933e-001
 7.2367561e-001
 7.2361141e-001
 7.2340727e-001
 7.2350782e-001
 7.2347140e-001
 7.2344583e-001
 7.2348106e-001
 7.2322857e-001
 7.2324669e-001
 7.2335899e-001
 7.2309971e-001
 7.2315937e-001
 7.2305405e-001
 7.2278160e-001
 7.2300649e-001
 7.2291750e-001
 7.2275370e-001
 7.2282743e-001
 7.2265685e-001
 7.2267228e-001
 7.2279525e-001
 7.2263688e-001
 7.2262335e-001
 7.2248173e-001
 7.2229105e-001
 7.2256261e-001
 7.2240013e-001
 7.2210753e-001
 7.2218966e-001
 7.2201318e-001
 7.2199142e-001
 7.2209972e-001
 7.2198147e-001
 7.2201812e-001
 7.2196692e-001
 7.2176617e-001
 7.2176081e-001
 7.2156161e-001
 7.2136331e-001
 7.2140253e-001
 7.2117096e-001
 7.2104615e-001
 7.2101617e-001
 7.2075766e-001
 7.2080141e-001
 7.2086757e-001
 7.2083485e-001
 7.2108305e-001
 7.2107768e-001
 7.2095704e-001
 7.2102928e-001
 7.2089475e-001
 7.2085762e-001
 7.2088814e-001
 7.2068948e-001
 7.2072440e-001
 7.2074538e-001
 7.2064924e-001
 7.2078151e-001
 7.2064036e-001
 7.2046363e-001
 7.2060978e-001
 7.2046673e-001
 7.2039449e-001
 7.2042000e-001
 7.2025299e-001
 7.2025687e-001
 7.2023034e-001
 7.2008705e-001
 7.2010094e-001
 7.1998680e-001
 7.1986967e-001
 7.1990579e-001
 7.1974218e-001
 7.1967030e-001
 7.1968830e-001
 7.1955299e-001
 7.1956742e-001
 7.1948892e-001
 7.1927416e-001
 7.1927857e-001
 7.1911293e-001
 7.1893382e-001
 7.1893412e-001
 7.1875405e-001
 7.1869934e-001
 7.1866751e-001
 7.1837705e-001
 7.1838534e-001
 7.1832132e-001
 7.1813297e-001
 7.1828544e-001
 7.1815968e-001
 7.1798247e-001
 7.1797538e-001
 7.1767807e-001
 7.1752226e-001
 7.1748281e-001
 7.1730602e-001
 7.1724987e-001
 7.1716791e-001
 7.1705312e-001
 7.1700621e-001
 7.1674156e-001
 7.1659207e-001
 7.1669006e-001
 7.1651113e-001
 7.1641201e-001
 7.1627188e-001
 7.1596706e-001
 7.1596271e-001
 7.1589893e-001
 7.1573949e-001
 7.1570963e-001
 7.1553725e-001
 7.1542150e-001
 7.1536934e-001
 7.1512872e-001
 7.1508843e-001
 7.1501178e-001
 7.1471953e-001
 7.1463102e-001
 7.1451306e-001
 7.1441537e-001
 7.1440148e-001
 7.1418095e-001
 7.1420974e-001
 7.1429342e-001
 7.1381903e-001
 7.1376497e-001
 7.1369827e-001
 7.1342915e-001
 7.1343130e-001
 7.1329463e-001
 7.1317565e-001
 7.1318609e-001
 7.1300346e-001
 7.1299368e-001
 7.1301603e-001
 7.1282470e-001
 7.1286148e-001
 7.1278137e-001
 7.1267611e-001
 7.1289390e-001
 7.1279591e-001
 7.1265912e-001
 7.1265405e-001
 7.1260619e-001
 7.1267790e-001
 7.1268392e-001
 7.1256298e-001
 7.1262199e-001
 7.1256596e-001
 7.1257597e-001
 7.1278191e-001
 7.1267414e-001
 7.1282005e-001
 7.1307230e-001
 7.1292692e-001
 7.1299213e-001
 7.1296060e-001
 7.1289188e-001
 7.1314830e-001
 7.1315593e-001
 7.1318394e-001
 7.1332055e-001
 7.1324599e-001
 7.1338040e-001
 7.1351629e-001
 7.1353233e-001
 7.1376604e-001
 7.1369648e-001
 7.1363771e-001
 7.1389598e-001
 7.1372849e-001
 7.1384472e-001
 7.1414804e-001
 7.1411425e-001
 7.1420485e-001
 7.1430427e-001
 7.1440256e-001
 7.1450841e-001
 7.1443278e-001
 7.1461397e-001
 7.1489251e-001
 7.1454155e-001
 7.1461046e-001
 7.1474314e-001
 7.1462196e-001
 7.1450913e-001
 7.1419179e-001
 7.1395254e-001
 7.1390224e-001
 7.1357298e-001
 7.1333104e-001
 7.1300668e-001
 7.1248180e-001
 7.1219921e-001
 7.1164340e-001
 7.1110594e-001
 7.1114838e-001
 7.1130168e-001
 7.1158898e-001
 7.1185118e-001
 7.1210313e-001
 7.1293187e-001
 7.1367335e-001
 7.1423841e-001
 7.1497369e-001
 7.1517980e-001
 7.1555328e-001
 7.1612602e-001
 7.1615058e-001
 7.1633589e-001
 7.1651816e-001
 7.1666932e-001
 7.1688938e-001
 7.1675378e-001
 7.1686786e-001
 7.1732152e-001
 7.1727639e-001
 7.1754938e-001
 7.1771693e-001
 7.1760631e-001
 7.1781516e-001
 7.1769369e-001
 7.1762639e-001
 7.1789855e-001
 7.1795171e-001
 7.1799672e-001
 7.1802777e-001
 7.1815753e-001
 7.1849900e-001
 7.1834439e-001
 7.1826202e-001
 7.1863866e-001
 7.1835411e-001
 7.1834731e-001
 7.1851641e-001
 7.1857947e-001
 7.1883225e-001
 7.1865237e-001
 7.1852022e-001
 7.1882790e-001
 7.1861774e-001
 7.1888435e-001
 7.1912676e-001
 7.1884710e-001
 7.1927381e-001
 7.1926284e-001
 7.1910316e-001
 7.1934140e-001
 7.1916389e-001
 7.1917582e-001
 7.1919298e-001
 7.1910697e-001
 7.1957690e-001
 7.1940476e-001
 7.1914136e-001
 7.1950889e-001
 7.1934164e-001
 7.1965766e-001
 7.1989912e-001
 7.1943730e-001
 7.1943074e-001
 7.1944857e-001
 7.1960747e-001
 7.1986967e-001
 7.1969575e-001
 7.1977013e-001
 7.1982694e-001
 7.1969610e-001
 7.1999896e-001
 7.1981287e-001
 7.1982783e-001
 7.2034597e-001
 7.2005308e-001
 7.2017866e-001
 7.2021121e-001
 7.1984971e-001
 7.1998620e-001
 7.1996045e-001
 7.2000277e-001
 7.2003919e-001
 7.1964943e-001
 7.1992874e-001
 7.2023118e-001
 7.2017848e-001
 7.2015893e-001
 7.1961749e-001
 7.1951085e-001
 7.1997565e-001
 7.2007674e-001
 7.2019809e-001
 7.1962392e-001
 7.1928114e-001
 7.2026855e-001
 7.1976095e-001
 7.1985126e-001
 7.2027820e-001
 7.1966946e-001
 7.1985078e-001
 7.1963817e-001
 7.1934897e-001
 7.1966732e-001
 7.1975338e-001
 7.1982300e-001
 7.1939456e-001
 7.1894532e-001
 7.1994704e-001
 7.1972215e-001
 7.1990997e-001
 7.2062105e-001
 7.1903223e-001
 7.1937209e-001
 7.1981931e-001
 7.1960372e-001
 7.1989268e-001
 7.1921802e-001
 7.1943003e-001
 7.1995074e-001
 7.1915978e-001
 7.1946448e-001
 7.1926033e-001
 7.1983147e-001
 7.2128671e-001
 7.1945983e-001
 7.1952021e-001
 7.1992821e-001
 7.1898067e-001
 7.1923834e-001
 7.1923727e-001
 7.1978581e-001
 7.2037351e-001
 7.1949100e-001
 7.1921879e-001
 7.1919876e-001
 7.1938294e-001
 7.1987289e-001
 7.2033620e-001
 7.2029430e-001
 7.2046810e-001
 7.2064024e-001
 7.2080284e-001
 7.2094870e-001
 7.2107160e-001
 7.2116816e-001
 7.2123891e-001
 7.2128904e-001
 7.2132635e-001
 7.2135836e-001
 7.2138846e-001
 7.2141457e-001
 7.2142994e-001
 7.2142684e-001
 7.2140104e-001
 7.2135460e-001
 7.2129595e-001
 7.2123677e-001
 7.2118759e-001
 7.2115397e-001
 7.2113484e-001
 7.2112352e-001
 7.2111106e-001
 7.2108948e-001
 7.2105420e-001
 7.2100502e-001
 7.2094518e-001
 7.2088015e-001
 7.2081590e-001
 7.2075796e-001
 7.2071099e-001
 7.2067827e-001
 7.2066194e-001
 7.2066277e-001
 7.2068077e-001
 7.2071511e-001
 7.2076434e-001
 7.2082627e-001
 7.2089773e-001
 7.2097445e-001
 7.2105116e-001
 7.2112215e-001
 7.2118235e-001
 7.2122741e-001
 7.2125465e-001
 7.2126263e-001
 7.2125143e-001
 7.2122198e-001
 7.2117651e-001
 7.2111827e-001
 7.2105145e-001
 7.2098070e-001
 7.2091043e-001
 7.2084391e-001
 7.2078311e-001
 7.2072858e-001
 7.2067982e-001
 7.2063577e-001
 7.2059518e-001
 7.2055691e-001
 7.2052020e-001
 7.2048473e-001
 7.2045070e-001
 7.2041857e-001
 7.2038913e-001
 7.2036254e-001
 7.2033876e-001
 7.2031718e-001
 7.2029716e-001
 7.2027820e-001
 7.2026044e-001
 7.2024482e-001
 7.2023278e-001
 7.2022581e-001
 7.2022521e-001
 7.2023141e-001
 7.2024435e-001
 7.2026354e-001
 7.2028875e-001
 7.2032022e-001
 7.2035861e-001
 7.2040480e-001
 7.2045928e-001
 7.2052097e-001
 7.2058725e-001
 7.2065353e-001
 7.2071391e-001
 7.2076237e-001
 7.2079378e-001
 7.2080487e-001
 7.2079462e-001
 7.2076410e-001
 7.2071558e-001
 7.2065091e-001
 7.2057104e-001
 7.2047454e-001
 7.2035807e-001
 7.2021693e-001
 7.2004616e-001
 7.1984160e-001
 7.1960032e-001
 7.1931982e-001
 7.1899700e-001
 7.1862608e-001
 7.1819800e-001
 7.1769983e-001
 7.1711576e-001
 7.1642828e-001
 7.1561873e-001
 7.1466953e-001
 7.1356446e-001
 7.1229124e-001
 7.1084392e-001
 7.0922452e-001
 7.0744783e-001
 7.0554304e-001
 7.0355511e-001
 7.0154572e-001
 6.9958872e-001
 6.9776636e-001
 6.9616073e-001
 6.9484496e-001
 6.9387656e-001
 6.9329065e-001
 6.9309813e-001
 6.9328612e-001
 6.9382167e-001
 6.9465768e-001
 6.9573933e-001
 6.9700980e-001
 6.9841510e-001
 6.9990730e-001
 7.0144469e-001
 7.0299298e-001
 7.0452255e-001
 7.0600778e-001
 7.0742679e-001
 7.0876014e-001
 7.0999265e-001
 7.1111447e-001
 7.1212083e-001
 7.1301246e-001
 7.1379316e-001
 7.1446836e-001
 7.1504372e-001
 7.1552426e-001
 7.1591514e-001
 7.1622252e-001
 7.1645403e-001
 7.1661919e-001
 7.1672851e-001
 7.1679276e-001
 7.1682185e-001
 7.1682483e-001
 7.1680921e-001
 7.1678191e-001
 7.1674883e-001
 7.1671540e-001
 7.1668613e-001
 7.1666449e-001
 7.1665251e-001
 7.1665114e-001
 7.1665984e-001
 7.1667701e-001
 7.1669942e-001
 7.1672213e-001
 7.1673846e-001
 7.1674067e-001
 7.1672124e-001
 7.1667469e-001
 7.1659911e-001
 7.1649718e-001
 7.1637541e-001
 7.1624321e-001
 7.1611071e-001
 7.1598715e-001
 7.1587968e-001
 7.1579266e-001
 7.1572733e-001
 7.1568203e-001
 7.1565223e-001
 7.1563131e-001
 7.1561134e-001
 7.1558458e-001
 7.1554506e-001
 7.1548933e-001
 7.1541697e-001
 7.1532995e-001
 7.1523172e-001
 7.1512598e-001
 7.1501589e-001
 7.1490377e-001
 7.1479124e-001
 7.1467930e-001
 7.1456879e-001
 7.1446067e-001
 7.1435571e-001
 7.1425486e-001
 7.1415865e-001
 7.1406722e-001
 7.1397972e-001
 7.1389484e-001
 7.1381050e-001
 7.1372443e-001
 7.1363503e-001
 7.1354127e-001
 7.1344346e-001
 7.1334261e-001
 7.1324039e-001
 7.1313846e-001
 7.1303749e-001
 7.1293753e-001
 7.1283764e-001
 7.1273637e-001
 7.1263283e-001
 7.1252692e-001
 7.1241951e-001
 7.1231246e-001
 7.1220779e-001
 7.1210718e-001
 7.1201140e-001
 7.1192044e-001
 7.1183372e-001
 7.1175039e-001
 7.1166968e-001
 7.1159124e-001
 7.1151441e-001
 7.1143872e-001
 7.1136296e-001
 7.1128577e-001
 7.1120566e-001
 7.1112156e-001
 7.1103328e-001
 7.1094173e-001
 7.1084899e-001
 7.1075773e-001
 7.1067089e-001
 7.1059108e-001
 7.1051985e-001
 7.1045721e-001
 7.1040148e-001
 7.1034926e-001
 7.1029615e-001
 7.1023750e-001
 7.1016961e-001
 7.1009088e-001
 7.1000165e-001
 7.0990485e-001
 7.0980471e-001
 7.0970607e-001
 7.0961320e-001
 7.0952916e-001
 7.0945555e-001
 7.0939267e-001
 7.0933950e-001
 7.0929402e-001
 7.0925301e-001
 7.0921183e-001
 7.0916480e-001
 7.0910585e-001
 7.0902967e-001
 7.0893240e-001
 7.0881230e-001
 7.0867020e-001
 7.0850849e-001
 7.0833093e-001
 7.0814133e-001
 7.0794284e-001
 7.0773768e-001
 7.0752686e-001
 7.0731050e-001
 7.0708835e-001
 7.0686001e-001
 7.0662475e-001
 7.0638150e-001
 7.0612842e-001
 7.0586324e-001
 7.0558357e-001
 7.0528781e-001
 7.0497555e-001
 7.0464838e-001
 7.0430976e-001
 7.0396501e-001
 7.0362097e-001
 7.0328522e-001
 7.0296550e-001
 7.0266855e-001
 7.0239955e-001
 7.0216119e-001
 7.0195329e-001
 7.0177305e-001
 7.0161581e-001
 7.0147622e-001
 7.0134938e-001
 7.0123178e-001
 7.0112163e-001
 7.0101845e-001
 7.0092261e-001
 7.0083457e-001
 7.0075375e-001
 7.0067817e-001
 7.0060456e-001
 7.0052868e-001
 7.0044643e-001
 7.0035452e-001
 7.0025128e-001
 7.0013654e-001
 7.0001149e-001
 6.9987804e-001
 6.9973791e-001
 6.9959271e-001
 6.9944304e-001
 6.9928843e-001
 6.9912732e-001
 6.9895732e-001
 6.9877565e-001
 6.9857985e-001
 6.9836807e-001
 6.9813961e-001
 6.9789475e-001
 6.9763452e-001
 6.9736052e-001
 6.9707423e-001
 6.9677746e-001
 6.9647187e-001
 6.9615877e-001
 6.9583917e-001
 6.9551349e-001
 6.9518179e-001
 6.9484353e-001
 6.9449717e-001
 6.9414043e-001
 6.9376928e-001
 6.9337857e-001
 6.9296205e-001
 6.9251323e-001
 6.9202757e-001
 6.9150388e-001
 6.9094646e-001
 6.9036621e-001
 6.8978018e-001
 6.8921065e-001
 6.8868250e-001
 6.8821973e-001
 6.8784350e-001
 6.8757004e-001
 6.8740964e-001
 6.8736708e-001
 6.8744129e-001
 6.8762612e-001
 6.8791026e-001
 6.8827718e-001
 6.8870538e-001
 6.8916941e-001
 6.8964082e-001
 6.9009000e-001
 6.9048852e-001
 6.9081080e-001
 6.9103605e-001
 6.9114894e-001
 6.9113982e-001
 6.9100428e-001
 6.9074225e-001
 6.9035780e-001
 6.8985909e-001
 6.8925887e-001
 6.8857461e-001
 6.8782973e-001
 6.8705273e-001
 6.8627673e-001
 6.8553728e-001
 6.8486917e-001
 6.8430316e-001
 6.8386257e-001
 6.8356037e-001
 6.8339747e-001
 6.8336248e-001
 6.8343288e-001
 6.8357754e-001
 6.8376052e-001
 6.8394512e-001
 6.8409830e-001
 6.8419391e-001
 6.8421429e-001
 6.8415034e-001
 6.8399990e-001
 6.8376464e-001
 6.8344700e-001
 6.8304813e-001
 6.8256605e-001
 6.8199700e-001
 6.8133670e-001
 6.8058413e-001
 6.7974514e-001
 6.7883539e-001
 6.7788303e-001
 6.7692763e-001
 6.7601818e-001
 6.7520797e-001
 6.7454731e-001
 6.7407733e-001
 6.7382294e-001
 6.7378950e-001
 6.7396158e-001
 6.7430556e-001
 6.7477429e-001
 6.7531425e-001
 6.7587173e-001
 6.7639887e-001
 6.7685759e-001
 6.7722028e-001
 6.7746973e-001
 6.7759603e-001
 6.7759371e-001
 6.7745924e-001
 6.7718911e-001
 6.7678010e-001
 6.7623061e-001
 6.7554432e-001
 6.7473304e-001
 6.7382061e-001
 6.7284399e-001
 6.7185283e-001
 6.7090666e-001
 6.7006874e-001
 6.6940022e-001
 6.6895193e-001
 6.6875839e-001
 6.6883326e-001
 6.6916764e-001
 6.6973150e-001
 6.7047751e-001
 6.7134768e-001
 6.7227960e-001
 6.7321384e-001
 6.7409861e-001
 6.7489386e-001
 6.7557281e-001
 6.7612135e-001
 6.7653650e-001
 6.7682421e-001
 6.7699593e-001
 6.7706662e-001
 6.7705190e-001
 6.7696708e-001
 6.7682582e-001
 6.7663991e-001
 6.7641950e-001
 6.7617339e-001
 6.7591023e-001
 6.7563868e-001
 6.7536861e-001
 6.7511100e-001
 6.7487788e-001
 6.7468119e-001
 6.7453152e-001
 6.7443657e-001
 6.7439973e-001
 6.7441946e-001
 6.7448950e-001
 6.7459929e-001
 6.7473567e-001
 6.7488438e-001
 6.7503190e-001
 6.7516714e-001
 6.7528260e-001
 6.7537558e-001
 6.7544800e-001
 6.7550653e-001
 6.7556131e-001
 6.7562491e-001
 6.7571056e-001
 6.7583001e-001
 6.7599183e-001
 6.7619973e-001
 6.7645156e-001
 6.7673916e-001
 6.7704868e-001
 6.7736256e-001
 6.7766100e-001
 6.7792434e-001
 6.7813510e-001
 6.7827940e-001
 6.7834836e-001
 6.7833853e-001
 6.7825156e-001
 6.7809409e-001
 6.7787611e-001
 6.7761022e-001
 6.7730981e-001
 6.7698812e-001
 6.7665637e-001
 6.7632377e-001
 6.7599672e-001
 6.7567933e-001
 6.7537451e-001
 6.7508411e-001
 6.7480975e-001
 6.7455250e-001
 6.7431295e-001
 6.7409068e-001
 6.7388409e-001
 6.7369086e-001
 6.7350811e-001
 6.7333335e-001
 6.7316467e-001
 6.7300111e-001
 6.7284286e-001
 6.7269069e-001
 6.7254537e-001
 6.7240709e-001
 6.7227483e-001
 6.7214590e-001
 6.7201650e-001
 6.7188191e-001
 6.7173773e-001
 6.7158002e-001
 6.7140591e-001
 6.7121309e-001
 6.7099881e-001
 6.7075938e-001
 6.7048961e-001
 6.7018312e-001
 6.6983324e-001
 6.6943413e-001
 6.6898203e-001
 6.6847599e-001
 6.6791761e-001
 6.6731077e-001
 6.6666037e-001
 6.6597164e-001
 6.6524911e-001
 6.6449594e-001
 6.6371363e-001
 6.6290104e-001
 6.6205525e-001
 6.6117132e-001
 6.6024387e-001
 6.5926880e-001
 6.5824449e-001
 6.5717435e-001
 6.5606725e-001
 6.5493721e-001
 6.5380317e-001
 6.5268523e-001
 6.5160269e-001
 6.5057033e-001
 6.4959520e-001
 6.4867592e-001
 6.4780152e-001
 6.4695287e-001
 6.4610511e-001
 6.4522958e-001
 6.4429814e-001
 6.4328492e-001
 6.4216977e-001
 6.4093935e-001
 6.3958740e-001
 6.3811535e-001
 6.3652974e-001
 6.3484162e-001
 6.3306409e-001
 6.3121021e-001
 6.2929273e-001
 6.2732333e-001
 6.2531126e-001
 6.2326515e-001
 6.2119102e-001
 6.1909419e-001
 6.1697829e-001
 6.1484510e-001
 6.1269647e-001
 6.1053306e-001
 6.0835648e-001
 6.0616976e-001
 6.0397691e-001
 6.0178530e-001
 5.9960359e-001
 5.9744263e-001
 5.9531301e-001
 5.9322262e-001
 5.9117585e-001
 5.8917046e-001
 5.8719832e-001
 5.8524448e-001
 5.8328789e-001
 5.8130383e-001
 5.7926565e-001
 5.7714665e-001
 5.7492429e-001
 5.7258117e-001
 5.7010853e-001
 5.6750685e-001
 5.6478453e-001
 5.6195897e-001
 5.5905241e-001
 5.5609185e-001
 5.5310643e-001
 5.5012524e-001
 5.4717875e-001
 5.4429573e-001
 5.4150510e-001
 5.3883451e-001
 5.3630853e-001
 5.3394997e-001
 5.3177655e-001
 5.2980226e-001
 5.2803606e-001
 5.2648133e-001
 5.2513736e-001
 5.2399850e-001
 5.2305543e-001
 5.2229482e-001
 5.2169937e-001
 5.2124822e-001
 5.2091694e-001
 5.2067780e-001
 5.2050024e-001
 5.2035147e-001
 5.2019757e-001
 5.2000445e-001
 5.1973957e-001
 5.1937407e-001
 5.1888430e-001
 5.1825428e-001
 5.1747638e-001
 5.1655155e-001
 5.1548952e-001
 5.1430690e-001
 5.1302618e-001
 5.1167393e-001
 5.1027834e-001
 5.0886858e-001
 5.0747216e-001
 5.0611442e-001
 5.0481647e-001
 5.0359285e-001
 5.0245035e-001
 5.0138617e-001
 5.0038636e-001
 4.9942741e-001
 4.9847767e-001
 4.9750236e-001
 4.9646917e-001
 4.9535501e-001
 4.9415371e-001
 4.9288043e-001
 4.9157494e-001
 4.9029952e-001
 4.8913229e-001
 4.8815840e-001
 4.8745710e-001
 4.8709059e-001
 4.8709449e-001
 4.8747262e-001
 4.8819658e-001
 4.8921061e-001
 4.9043894e-001
 4.9179572e-001
 4.9319562e-001
 4.9456093e-001
 4.9582872e-001
 4.9695247e-001
 4.9790236e-001
 4.9866331e-001
 4.9923068e-001
 4.9960688e-001
 4.9979860e-001
 4.9981475e-001
 4.9966595e-001
 4.9936473e-001
 4.9892581e-001
 4.9836576e-001
 4.9770296e-001
 4.9695602e-001
 4.9614346e-001
 4.9528280e-001
 4.9439028e-001
 4.9348214e-001
 4.9257487e-001
 4.9168718e-001
 4.9084038e-001
 4.9005798e-001
 4.8936552e-001
 4.8878780e-001
 4.8834696e-001
 4.8805928e-001
 4.8793253e-001
 4.8796412e-001
 4.8814002e-001
 4.8843545e-001
 4.8881713e-001
 4.8924717e-001
 4.8968720e-001
 4.9010286e-001
 4.9046719e-001
 4.9076229e-001
 4.9097997e-001
 4.9112064e-001
 4.9119183e-001
 4.9120623e-001
 4.9117953e-001
 4.9112859e-001
 4.9106976e-001
 4.9101761e-001
 4.9098399e-001
 4.9097797e-001
 4.9100581e-001
 4.9107125e-001
 4.9117571e-001
 4.9131808e-001
 4.9149382e-001
 4.9169424e-001
 4.9190575e-001
 4.9210989e-001
 4.9228510e-001
 4.9240941e-001
 4.9246463e-001
 4.9244076e-001
 4.9233985e-001
 4.9217772e-001
 4.9198338e-001
 4.9179476e-001
 4.9165204e-001
 4.9158919e-001
 4.9162596e-001
 4.9176174e-001
 4.9197307e-001
 4.9221534e-001
 4.9242821e-001
 4.9254420e-001
 4.9249807e-001
 4.9223629e-001
 4.9172392e-001
 4.9094921e-001
 4.8992375e-001
 4.8868042e-001
 4.8726794e-001
 4.8574349e-001
 4.8416692e-001
 4.8259422e-001
 4.8107311e-001
 4.7964200e-001
 4.7832853e-001
 4.7715145e-001
 4.7612187e-001
 4.7524437e-001
 4.7451991e-001
 4.7394627e-001
 4.7352007e-001
 4.7323731e-001
 4.7309366e-001
 4.7308472e-001
 4.7320548e-001
 4.7345012e-001
 4.7381172e-001
 4.7428223e-001
 4.7485226e-001
 4.7551107e-001
 4.7624588e-001
 4.7704113e-001
 4.7787863e-001
 4.7873688e-001
 4.7959253e-001
 4.8042262e-001
 4.8120648e-001
 4.8192888e-001
 4.8258042e-001
 4.8315778e-001
 4.8366255e-001
 4.8409876e-001
 4.8447213e-001
 4.8478866e-001
 4.8505542e-001
 4.8528138e-001
 4.8547831e-001
 4.8566172e-001
 4.8585087e-001
 4.8606834e-001
 4.8633924e-001
 4.8668972e-001
 4.8714554e-001
 4.8772970e-001
 4.8845974e-001
 4.8934504e-001
 4.9038336e-001
 4.9155939e-001
 4.9284315e-001
 4.9419123e-001
 4.9555013e-001
 4.9685982e-001
 4.9806038e-001
 4.9909946e-001
 4.9993819e-001
 5.0055796e-001
 5.0096279e-001
 5.0117934e-001
 5.0125331e-001
 5.0124222e-001
 5.0114679e-001
 5.0107533e-001
 5.0110805e-001
 5.0127977e-001
 5.0160718e-001
 5.0209087e-001
 5.0271863e-001
 5.0346947e-001
 5.0431818e-001
 5.0523770e-001
 5.0620311e-001
 5.0719255e-001
 5.0818890e-001
 5.0918025e-001
 5.1015860e-001
 5.1111913e-001
 5.1205897e-001
 5.1297647e-001
 5.1387262e-001
 5.1475167e-001
 5.1562238e-001
 5.1649851e-001
 5.1739728e-001
 5.1833874e-001
 5.1934391e-001
 5.2043444e-001
 5.2163064e-001
 5.2294743e-001
 5.2439082e-001
 5.2595311e-001
 5.2761316e-001
 5.2934110e-001
 5.3110409e-001
 5.3287518e-001
 5.3463596e-001
 5.3637731e-001
 5.3809780e-001
 5.3979772e-001
 5.4147643e-001
 5.4313046e-001
 5.4475218e-001
 5.4633319e-001
 5.4786557e-001
 5.4934478e-001
 5.5077165e-001
 5.5215102e-001
 5.5349189e-001
 5.5480474e-001
 5.5610043e-001
 5.5738920e-001
 5.5867922e-001
 5.5997652e-001
 5.6128287e-001
 5.6259501e-001
 5.6390423e-001
 5.6519669e-001
 5.6645709e-001
 5.6767184e-001
 5.6883228e-001
 5.6993669e-001
 5.7098770e-001
 5.7199067e-001
 5.7294947e-001
 5.7386458e-001
 5.7473242e-001
 5.7554394e-001
 5.7628608e-001
 5.7694441e-001
 5.7750714e-001
 5.7797080e-001
 5.7834369e-001
 5.7864577e-001
 5.7890511e-001
 5.7915199e-001
 5.7941467e-001
 5.7971752e-001
 5.8008146e-001
 5.8052349e-001
 5.8105481e-001
 5.8167773e-001
 5.8238375e-001
 5.8315563e-001
 5.8397239e-001
 5.8481503e-001
 5.8567065e-001
 5.8653224e-001
 5.8739543e-001
 5.8825535e-001
 5.8910340e-001
 5.8992797e-001
 5.9071702e-001
 5.9146047e-001
 5.9215403e-001
 5.9279919e-001
 5.9340233e-001
 5.9397089e-001
 5.9450924e-001
 5.9501612e-001
 5.9548503e-001
 5.9590721e-001
 5.9627563e-001
 5.9658706e-001
 5.9684181e-001
 5.9704143e-001
 5.9718543e-001
 5.9726942e-001
 5.9728563e-001
 5.9722555e-001
 5.9708351e-001
 5.9686017e-001
 5.9656352e-001
 5.9620965e-001
 5.9582043e-001
 5.9542185e-001
 5.9504074e-001
 5.9470099e-001
 5.9441978e-001
 5.9420443e-001
 5.9405041e-001
 5.9394276e-001
 5.9385937e-001
 5.9377593e-001
 5.9367007e-001
 5.9352493e-001
 5.9333056e-001
 5.9308475e-001
 5.9279323e-001
 5.9246951e-001
 5.9213263e-001
 5.9180355e-001
 5.9149939e-001
 5.9122849e-001
 5.9098858e-001
 5.9076762e-001
 5.9054905e-001
 5.9031594e-001
 5.9005493e-001
 5.8975619e-001
 5.8941126e-001
 5.8901107e-001
 5.8854467e-001
 5.8800101e-001
 5.8737344e-001
 5.8666277e-001
 5.8588076e-001
 5.8505005e-001
 5.8420235e-001
 5.8337575e-001
 5.8261067e-001
 5.8194572e-001
 5.8141339e-001
 5.8103496e-001
 5.8081794e-001
 5.8075428e-001
 5.8082175e-001
 5.8098704e-001
 5.8120990e-001
 5.8144689e-001
 5.8165509e-001
 5.8179432e-001
 5.8183074e-001
 5.8173972e-001
 5.8150941e-001
 5.8114064e-001
 5.8064431e-001
 5.8003610e-001
 5.7933038e-001
 5.7853806e-001
 5.7766670e-001
 5.7672328e-001
 5.7571900e-001
 5.7467055e-001
 5.7360238e-001
 5.7254499e-001
 5.7153243e-001
 5.7059991e-001
 5.6977934e-001
 5.6909627e-001
 5.6856716e-001
 5.6819749e-001
 5.6798172e-001
 5.6790388e-001
 5.6793970e-001
 5.6805909e-001
 5.6822985e-001
 5.6841993e-001
 5.6860071e-001
 5.6874812e-001
 5.6884396e-001
 5.6887525e-001
 5.6883299e-001
 5.6871068e-001
 5.6850362e-001
 5.6820804e-001
 5.6782103e-001
 5.6733942e-001
 5.6675875e-001
 5.6607324e-001
 5.6527710e-001
 5.6436670e-001
 5.6334287e-001
 5.6220949e-001
 5.6097198e-001
 5.5963224e-001
 5.5818719e-001
 5.5663109e-001
 5.5495715e-001
 5.5316275e-001
 5.5125070e-001
 5.4923046e-001
 5.4711258e-001
 5.4490751e-001
 5.4262519e-001
 5.4027277e-001
 5.3785825e-001
 5.3539467e-001
 5.3289813e-001
 5.3038901e-001
 5.2788812e-001
 5.2541476e-001
 5.2298021e-001
 5.2058876e-001
 5.1824051e-001
 5.1593149e-001
 5.1365900e-001
 5.1142579e-001
 5.0923693e-001
 5.0709856e-001
 5.0501436e-001
 5.0297773e-001
 5.0097138e-001
 4.9896863e-001
 4.9693966e-001
 4.9485445e-001
 4.9268842e-001
 4.9042612e-001
 4.8805806e-001
 4.8558137e-001
 4.8300081e-001
 4.8032486e-001
 4.7756776e-001
 4.7474754e-001
 4.7188756e-001
 4.6901035e-001
 4.6613729e-001
 4.6328908e-001
 4.6048063e-001
 4.5772311e-001
 4.5502585e-001
 4.5239148e-001
 4.4981667e-001
 4.4729245e-001
 4.4480044e-001
 4.4231713e-001
 4.3981594e-001
 4.3727347e-001
 4.3466872e-001
 4.3198600e-001
 4.2921650e-001
 4.2635277e-001
 4.2338818e-001
 4.2031699e-001
 4.1712907e-001
 4.1381302e-001
 4.1035676e-001
 4.0675405e-001
 4.0300301e-001
 3.9911109e-001
 3.9509925e-001
 3.9099589e-001
 3.8683757e-001
 3.8266897e-001
 3.7853351e-001
 3.7447438e-001
 3.7053153e-001
 3.6674625e-001
 3.6315811e-001
 3.5981134e-001
 3.5675958e-001
 3.5406131e-001
 3.5177955e-001
 3.4997723e-001
 3.4870589e-001
 3.4800023e-001
 3.4787229e-001
 3.4830764e-001
 3.4926644e-001
 3.5068569e-001
 3.5248134e-001
 3.5455525e-001
 3.5680053e-001
 3.5910720e-001
 3.6137313e-001
 3.6350954e-001
 3.6544496e-001
 3.6713108e-001
 3.6854088e-001
 3.6966702e-001
 3.7051651e-001
 3.7110707e-001
 3.7146139e-001
 3.7160438e-001
 3.7156245e-001
 3.7136346e-001
 3.7103754e-001
 3.7061596e-001
 3.7012944e-001
 3.6960599e-001
 3.6906809e-001
 3.6853179e-001
 3.6800668e-001
 3.6749685e-001
 3.6700219e-001
 3.6652142e-001
 3.6605567e-001
 3.6561134e-001
 3.6520258e-001
 3.6485150e-001
 3.6458606e-001
 3.6443782e-001
 3.6443943e-001
 3.6462227e-001
 3.6501408e-001
 3.6563742e-001
 3.6650717e-001
 3.6763099e-001
 3.6900878e-001
 3.7063134e-001
 3.7248141e-001
 3.7453148e-001
 3.7674075e-001
 3.7905794e-001
 3.8142082e-001
 3.8376030e-001
 3.8600278e-001
 3.8807836e-001
 3.8992378e-001
 3.9148527e-001
 3.9272389e-001
 3.9361531e-001
 3.9414948e-001
 3.9433035e-001
 3.9417318e-001
 3.9370272e-001
 3.9295286e-001
 3.9196494e-001
 3.9078608e-001
 3.8946655e-001
 3.8805297e-001
 3.8658437e-001
 3.8509068e-001
 3.8359058e-001
 3.8209391e-001
 3.8060406e-001
 3.7911570e-001
 3.7761527e-001
 3.7608039e-001
 3.7448350e-001
 3.7279430e-001
 3.7098682e-001
 3.6904636e-001
 3.6697131e-001
 3.6477709e-001
 3.6249903e-001
 3.6018902e-001
 3.5791552e-001
 3.5575855e-001
 3.5380620e-001
 3.5214454e-001
 3.5085219e-001
 3.4999424e-001
 3.4961504e-001
 3.4973651e-001
 3.5035709e-001
 3.5145313e-001
 3.5298154e-001
 3.5488054e-001
 3.5707435e-001
 3.5947484e-001
 3.6198726e-001
 3.6451423e-001
 3.6696640e-001
 3.6926690e-001
 3.7135318e-001
 3.7318021e-001
 3.7471521e-001
 3.7593257e-001
 3.7681252e-001
 3.7733796e-001
 3.7749642e-001
 3.7728336e-001
 3.7670743e-001
 3.7579504e-001
 3.7459505e-001
 3.7317824e-001
 3.7163487e-001
 3.7006894e-001
 3.6858666e-001
 3.6728722e-001
 3.6625189e-001
 3.6553618e-001
 3.6516100e-001
 3.6510888e-001
 3.6532143e-001
 3.6570072e-001
 3.6611581e-001
 3.6641309e-001
 3.6643198e-001
 3.6602071e-001
 3.6505169e-001
 3.6343157e-001
 3.6110693e-001
 3.5806456e-001
 3.5433343e-001
 3.4997872e-001
 3.4510219e-001
 3.3984521e-001
 3.3437854e-001
 3.2889977e-001
 3.2362729e-001
 3.1877783e-001
 3.1455317e-001
 3.1111786e-001
 3.0858278e-001
 3.0698720e-001
 3.0629870e-001
 3.0642232e-001
 3.0722007e-001
 3.0854020e-001
 3.1024474e-001
 3.1223664e-001
 3.1447545e-001
 3.1697997e-001
 3.1982374e-001
 3.2311293e-001
 3.2696050e-001
 3.3145285e-001
 3.3663070e-001
 3.4247303e-001
 3.4889102e-001
 3.5574722e-001
 3.6287045e-001
 3.7007174e-001
 3.7717384e-001
 3.8401887e-001
 3.9047930e-001
 3.9645439e-001
 4.0187857e-001
 4.0671346e-001
 4.1094264e-001
 4.1457590e-001
 4.1764164e-001
 4.2018095e-001
 4.2224717e-001
 4.2389899e-001
 4.2519724e-001
 4.2620578e-001
 4.2698821e-001
 4.2760581e-001
 4.2811337e-001
 4.2855632e-001
 4.2896768e-001
 4.2936659e-001
 4.2975914e-001
 4.3013909e-001
 4.3048966e-001
 4.3078768e-001
 4.3100885e-001
 4.3113512e-001
 4.3116158e-001
 4.3110129e-001
 4.3098474e-001
 4.3085492e-001
 4.3075886e-001
 4.3073890e-001
 4.3082571e-001
 4.3103319e-001
 4.3135479e-001
 4.3176097e-001
 4.3219930e-001
 4.3259731e-001
 4.3286914e-001
 4.3292439e-001
 4.3267810e-001
 4.3205833e-001
 4.3101284e-001
 4.2951083e-001
 4.2754316e-001
 4.2512211e-001
 4.2227492e-001
 4.1904140e-001
 4.1546831e-001
 4.1160879e-001
 4.0751305e-001
 4.0322745e-001
 3.9879572e-001
 3.9425361e-001
 3.8963577e-001
 3.8498598e-001
 3.8035792e-001
 3.7582362e-001
 3.7147757e-001
 3.6742625e-001
 3.6378485e-001
 3.6066604e-001
 3.5817325e-001
 3.5638773e-001
 3.5536531e-001
 3.5513300e-001
 3.5568744e-001
 3.5699916e-001
 3.5901490e-001
 3.6166486e-001
 3.6486661e-001
 3.6853105e-001
 3.7256342e-001
 3.7687212e-001
 3.8136920e-001
 3.8596860e-001
 3.9059415e-001
 3.9517805e-001
 3.9965910e-001
 4.0399051e-001
 4.0813580e-001
 4.1207013e-001
 4.1577613e-001
 4.1924921e-001
 4.2249343e-001
 4.2551664e-001
 4.2832977e-001
 4.3093836e-001
 4.3333602e-001
 4.3550676e-001
 4.3742555e-001
 4.3906280e-001
 4.4039446e-001
 4.4140682e-001
 4.4210163e-001
 4.4249558e-001
 4.4261742e-001
 4.4250128e-001
 4.4218117e-001
 4.4168738e-001
 4.4104481e-001
 4.4027367e-001
 4.3938810e-001
 4.3839717e-001
 4.3730533e-001
 4.3611580e-001
 4.3483117e-001
 4.3345460e-001
 4.3198857e-001
 4.3042782e-001
 4.2875570e-001
 4.2694375e-001
 4.2495349e-001
 4.2274681e-001
 4.2029902e-001
 4.1760501e-001
 4.1468489e-001
 4.1158068e-001
 4.0835214e-001
 4.0506241e-001
 4.0176862e-001
 3.9851275e-001
 3.9530683e-001
 3.9212930e-001
 3.8892639e-001
 3.8561133e-001
 3.8207483e-001
 3.7819311e-001
 3.7384301e-001
 3.6891040e-001
 3.6330685e-001
 3.5698807e-001
 3.4995699e-001
 3.4227389e-001
 3.3406550e-001
 3.2551253e-001
 3.1684810e-001
 3.0835146e-001
 3.0031601e-001
 2.9303476e-001
 2.8677472e-001
 2.8176513e-001
 2.7817655e-001
 2.7611923e-001
 2.7563679e-001
 2.7669826e-001
 2.7920169e-001
 2.8298002e-001
 2.8782392e-001
 2.9350334e-001
 2.9979119e-001
 3.0647084e-001
 3.1335217e-001
 3.2027096e-001
 3.2708719e-001
 3.3369866e-001
 3.4003517e-001
 3.4604758e-001
 3.5170418e-001
 3.5697311e-001
 3.6181244e-001
 3.6618140e-001
 3.7004662e-001
 3.7339684e-001
 3.7624514e-001
 3.7862843e-001
 3.8059071e-001
 3.8216704e-001
 3.8337764e-001
 3.8422802e-001
 3.8471872e-001
 3.8485894e-001
 3.8467294e-001
 3.8419902e-001
 3.8348192e-001
 3.8256228e-001
 3.8147053e-001
 3.8022822e-001
 3.7885112e-001
 3.7735492e-001
 3.7575841e-001
 3.7407884e-001
 3.7232769e-001
 3.7050712e-001
 3.6860552e-001
 3.6660126e-001
 3.6446789e-001
 3.6218393e-001
 3.5973603e-001
 3.5712108e-001
 3.5434276e-001
 3.5139951e-001
 3.4828165e-001
 3.4497717e-001
 3.4147805e-001
 3.3779457e-001
 3.3395717e-001
 3.3001357e-001
 3.2601061e-001
 3.2198709e-001
 3.1797543e-001
 3.1400141e-001
 3.1009203e-001
 3.0627662e-001
 3.0257246e-001
 2.9897884e-001
 2.9547128e-001
 2.9200965e-001
 2.8854677e-001
 2.8504974e-001
 2.8152183e-001
 2.7801087e-001
 2.7461430e-001
 2.7147013e-001
 2.6873273e-001
 2.6655629e-001
 2.6508480e-001
 2.6444504e-001
 2.6474634e-001
 2.6607239e-001
 2.6846483e-001
 2.7190921e-001
 2.7632657e-001
 2.8157333e-001
 2.8746492e-001
 2.9379788e-001
 3.0036944e-001
 3.0700380e-001
 3.1355196e-001
 3.1989115e-001
 3.2591322e-001
 3.3153367e-001
 3.3669394e-001
 3.4136617e-001
 3.4556001e-001
 3.4930459e-001
 3.5262474e-001
 3.5552874e-001
 3.5800081e-001
 3.6001083e-001
 3.6153716e-001
 3.6258247e-001
 3.6318481e-001
 3.6341581e-001
 3.6336845e-001
 3.6313555e-001
 3.6278936e-001
 3.6236879e-001
 3.6188197e-001
 3.6132252e-001
 3.6068967e-001
 3.6000299e-001
 3.5930222e-001
 3.5863528e-001
 3.5804141e-001
 3.5754237e-001
-1.2300000e+034
