s07_ASD Record=8324: Nontronite SWa-1.a            BECKb AREF
 3.9600644e-002
 4.0224146e-002
 4.0866509e-002
 4.1524619e-002
 4.2187106e-002
 4.2827539e-002
 4.3410264e-002
 4.3903608e-002
 4.4292022e-002
 4.4580501e-002
 4.4789918e-002
 4.4948891e-002
 4.5086868e-002
 4.5230597e-002
 4.5401324e-002
 4.5612603e-002
 4.5870464e-002
 4.6175405e-002
 4.6523072e-002
 4.6903994e-002
 4.7303781e-002
 4.7705803e-002
 4.8096638e-002
 4.8471559e-002
 4.8837837e-002
 4.9215052e-002
 4.9629994e-002
 5.0103217e-002
 5.0636113e-002
 5.1211894e-002
 5.1806699e-002
 5.2402813e-002
 5.2994467e-002
 5.3588357e-002
 5.4203443e-002
 5.4863624e-002
 5.5587955e-002
 5.6386989e-002
 5.7263523e-002
 5.8214795e-002
 5.9234265e-002
 6.0310133e-002
 6.1421677e-002
 6.2537342e-002
 6.3617811e-002
 6.4626679e-002
 6.5544687e-002
 6.6380590e-002
 6.7169845e-002
 6.7960329e-002
 6.8791188e-002
 6.9676816e-002
 7.0604026e-002
 7.1541570e-002
 7.2455183e-002
 7.3317207e-002
 7.4111313e-002
 7.4835777e-002
 7.5499259e-002
 7.6117188e-002
 7.6726101e-002
 7.7352718e-002
 7.8002416e-002
 7.8678660e-002
 7.9378709e-002
 8.0089219e-002
 8.0797002e-002
 8.1489384e-002
 8.2152002e-002
 8.2771532e-002
 8.3343245e-002
 8.3876170e-002
 8.4388658e-002
 8.4897965e-002
 8.5410915e-002
 8.5921966e-002
 8.6419195e-002
 8.6894199e-002
 8.7348543e-002
 8.7792650e-002
 8.8238232e-002
 8.8689327e-002
 8.9138910e-002
 8.9573912e-002
 8.9986607e-002
 9.0384156e-002
 9.0789013e-002
 9.1229059e-002
 9.1724344e-002
 9.2280477e-002
 9.2892215e-002
 9.3552262e-002
 9.4255514e-002
 9.4995916e-002
 9.5762074e-002
 9.6540846e-002
 9.7330227e-002
 9.8149128e-002
 9.9029340e-002
 9.9992044e-002
 1.0103197e-001
 1.0212354e-001
 1.0324129e-001
 1.0437515e-001
 1.0553197e-001
 1.0672686e-001
 1.0797114e-001
 1.0926287e-001
 1.1058119e-001
 1.1189453e-001
 1.1318771e-001
 1.1448768e-001
 1.1585949e-001
 1.1736736e-001
 1.1903310e-001
 1.2082511e-001
 1.2268308e-001
 1.2455857e-001
 1.2644410e-001
 1.2837400e-001
 1.3039322e-001
 1.3251685e-001
 1.3470988e-001
 1.3690244e-001
 1.3902494e-001
 1.4103322e-001
 1.4291281e-001
 1.4466743e-001
 1.4630719e-001
 1.4784180e-001
 1.4928111e-001
 1.5064174e-001
 1.5195259e-001
 1.5324807e-001
 1.5454274e-001
 1.5580846e-001
 1.5698816e-001
 1.5805417e-001
 1.5905651e-001
 1.6009152e-001
 1.6120051e-001
 1.6230808e-001
 1.6328633e-001
 1.6408071e-001
 1.6475400e-001
 1.6540724e-001
 1.6608582e-001
 1.6677453e-001
 1.6745858e-001
 1.6815820e-001
 1.6889913e-001
 1.6967185e-001
 1.7044397e-001
 1.7122248e-001
 1.7209250e-001
 1.7317231e-001
 1.7451318e-001
 1.7604768e-001
 1.7764609e-001
 1.7921975e-001
 1.8075389e-001
 1.8224610e-001
 1.8363893e-001
 1.8483098e-001
 1.8575683e-001
 1.8645635e-001
 1.8707152e-001
 1.8777023e-001
 1.8865620e-001
 1.8973830e-001
 1.9097932e-001
 1.9236608e-001
 1.9392681e-001
 1.9569257e-001
 1.9765615e-001
 1.9976415e-001
 2.0193268e-001
 2.0407628e-001
 2.0614776e-001
 2.0815702e-001
 2.1013381e-001
 2.1205871e-001
 2.1384855e-001
 2.1544851e-001
 2.1695529e-001
 2.1862011e-001
 2.2067435e-001
 2.2312774e-001
 2.2574259e-001
 2.2820324e-001
 2.3030291e-001
 2.3199938e-001
 2.3335783e-001
 2.3448300e-001
 2.3550214e-001
 2.3656982e-001
 2.3783894e-001
 2.3938911e-001
 2.4116863e-001
 2.4301191e-001
 2.4474008e-001
 2.4628453e-001
 2.4773771e-001
 2.4928069e-001
 2.5102809e-001
 2.5291610e-001
 2.5475359e-001
 2.5641933e-001
 2.5801760e-001
 2.5977191e-001
 2.6170084e-001
 2.6346579e-001
 2.6467195e-001
 2.6529995e-001
 2.6572013e-001
 2.6630938e-001
 2.6717842e-001
 2.6823917e-001
 2.6937792e-001
 2.7051386e-001
 2.7158847e-001
 2.7259246e-001
 2.7361330e-001
 2.7479461e-001
 2.7617857e-001
 2.7757990e-001
 2.7866942e-001
 2.7922872e-001
 2.7934060e-001
 2.7933434e-001
 2.7953011e-001
 2.8000966e-001
 2.8061402e-001
 2.8113455e-001
 2.8149593e-001
 2.8179035e-001
 2.8217709e-001
 2.8274089e-001
 2.8340909e-001
 2.8399208e-001
 2.8432894e-001
 2.8441510e-001
 2.8439048e-001
 2.8441304e-001
 2.8454387e-001
 2.8471261e-001
 2.8475985e-001
 2.8455573e-001
 2.8415665e-001
 2.8382555e-001
 2.8379089e-001
 2.8400102e-001
 2.8418577e-001
 2.8413704e-001
 2.8393126e-001
 2.8389111e-001
 2.8423131e-001
 2.8471479e-001
 2.8487623e-001
 2.8469089e-001
 2.8469804e-001
 2.8526282e-001
 2.8601733e-001
 2.8631195e-001
 2.8599417e-001
 2.8540570e-001
 2.8480870e-001
 2.8423217e-001
 2.8378725e-001
 2.8370121e-001
 2.8400844e-001
 2.8455392e-001
 2.8521329e-001
 2.8575072e-001
 2.8578877e-001
 2.8533182e-001
 2.8491512e-001
 2.8496829e-001
 2.8537953e-001
 2.8577647e-001
 2.8595003e-001
 2.8596568e-001
 2.8604203e-001
 2.8635874e-001
 2.8690454e-001
 2.8748283e-001
 2.8793758e-001
 2.8837085e-001
 2.8893462e-001
 2.8940186e-001
 2.8934789e-001
 2.8886712e-001
 2.8860009e-001
 2.8887361e-001
 2.8938675e-001
 2.8991714e-001
 2.9066786e-001
 2.9166779e-001
 2.9247010e-001
 2.9276612e-001
 2.9283556e-001
 2.9313841e-001
 2.9377517e-001
 2.9452723e-001
 2.9527313e-001
 2.9620671e-001
 2.9752585e-001
 2.9893425e-001
 2.9977480e-001
 2.9981351e-001
 2.9961061e-001
 2.9994982e-001
 3.0105695e-001
 3.0244327e-001
 3.0348095e-001
 3.0413058e-001
 3.0490243e-001
 3.0611342e-001
 3.0753419e-001
 3.0878145e-001
 3.0986640e-001
 3.1108558e-001
 3.1253034e-001
 3.1398737e-001
 3.1522790e-001
 3.1623173e-001
 3.1716597e-001
 3.1821725e-001
 3.1945902e-001
 3.2084826e-001
 3.2230023e-001
 3.2374734e-001
 3.2514569e-001
 3.2645455e-001
 3.2762855e-001
 3.2865617e-001
 3.2963744e-001
 3.3081764e-001
 3.3246633e-001
 3.3462581e-001
 3.3695942e-001
 3.3893222e-001
 3.4024188e-001
 3.4110519e-001
 3.4208658e-001
 3.4359968e-001
 3.4555861e-001
 3.4752193e-001
 3.4914228e-001
 3.5046473e-001
 3.5182390e-001
 3.5348728e-001
 3.5542852e-001
 3.5749176e-001
 3.5971105e-001
 3.6205733e-001
 3.6420241e-001
 3.6586308e-001
 3.6710981e-001
 3.6803690e-001
 3.6854473e-001
 3.6887819e-001
 3.6985660e-001
 3.7190819e-001
 3.7433052e-001
 3.7611789e-001
 3.7709343e-001
 3.7789515e-001
 3.7924054e-001
 3.8129628e-001
 3.8360241e-001
 3.8565308e-001
 3.8742328e-001
 3.8919863e-001
 3.9105812e-001
 3.9259309e-001
 3.9325950e-001
 3.9329776e-001
 3.9388829e-001
 3.9573067e-001
 3.9807132e-001
 3.9988038e-001
 4.0119389e-001
 4.0259668e-001
 4.0415528e-001
 4.0545532e-001
 4.0631294e-001
 4.0719295e-001
 4.0883785e-001
 4.1123241e-001
 4.1330272e-001
 4.1422108e-001
 4.1447517e-001
 4.1505367e-001
 4.1625530e-001
 4.1769695e-001
 4.1899166e-001
 4.1999820e-001
 4.2069167e-001
 4.2113838e-001
 4.2158809e-001
 4.2242083e-001
 4.2379978e-001
 4.2554298e-001
 4.2736664e-001
 4.2896399e-001
 4.3000966e-001
 4.3028960e-001
 4.2996883e-001
 4.2957929e-001
 4.2960584e-001
 4.3005675e-001
 4.3048945e-001
 4.3053153e-001
 4.3044671e-001
 4.3110114e-001
 4.3321952e-001
 4.3654686e-001
 4.3988422e-001
 4.4200701e-001
 4.4249642e-001
 4.4177794e-001
 4.4058305e-001
 4.3960136e-001
 4.3937334e-001
 4.4019592e-001
 4.4198275e-001
 4.4423229e-001
 4.4620612e-001
 4.4720623e-001
 4.4762680e-001
 4.4737393e-001
 4.4657710e-001
 4.4547030e-001
 4.4432956e-001
 4.4343087e-001
 4.4301492e-001
 4.4308719e-001
 4.4355866e-001
 4.4434035e-001
 4.4532946e-001
 4.4633588e-001
 4.4713399e-001
 4.4749802e-001
 4.4725618e-001
 4.4659328e-001
 4.4583887e-001
 4.4532281e-001
 4.4532725e-001
 4.4581562e-001
 4.4677553e-001
 4.4774279e-001
 4.4866934e-001
 4.4945177e-001
 4.5004642e-001
 4.5041275e-001
 4.5050997e-001
 4.5030138e-001
 4.4984102e-001
 4.4927344e-001
 4.4874665e-001
 4.4840899e-001
 4.4840217e-001
 4.4872251e-001
 4.4922313e-001
 4.4975093e-001
 4.5015296e-001
 4.5028147e-001
 4.5010599e-001
 4.4971150e-001
 4.4918734e-001
 4.4862321e-001
 4.4810870e-001
 4.4771641e-001
 4.4745383e-001
 4.4731238e-001
 4.4728363e-001
 4.4735906e-001
 4.4753015e-001
 4.4777992e-001
 4.4805852e-001
 4.4830817e-001
 4.4847101e-001
 4.4848943e-001
 4.4830555e-001
 4.4786173e-001
 4.4712725e-001
 4.4617566e-001
 4.4510475e-001
 4.4401273e-001
 4.4299746e-001
 4.4215706e-001
 4.4158956e-001
 4.4139293e-001
 4.4162944e-001
 4.4222653e-001
 4.4307992e-001
 4.4408509e-001
 4.4513795e-001
 4.4613391e-001
 4.4696876e-001
 4.4753817e-001
 4.4776696e-001
 4.4768870e-001
 4.4736227e-001
 4.4684651e-001
 4.4620052e-001
 4.4548300e-001
 4.4475302e-001
 4.4406936e-001
 4.4347849e-001
 4.4298014e-001
 4.4256356e-001
 4.4221792e-001
 4.4193244e-001
 4.4169620e-001
 4.4149846e-001
 4.4132841e-001
 4.4117516e-001
 4.4102800e-001
 4.4087598e-001
 4.4070843e-001
 4.4051647e-001
 4.4029906e-001
 4.4005674e-001
 4.3979013e-001
 4.3949980e-001
 4.3918630e-001
 4.3885028e-001
 4.3849221e-001
 4.3811280e-001
 4.3771249e-001
 4.3729201e-001
 4.3685183e-001
 4.3639505e-001
 4.3593329e-001
 4.3548018e-001
 4.3504938e-001
 4.3465453e-001
 4.3430915e-001
 4.3402696e-001
 4.3382153e-001
 4.3370652e-001
 4.3369552e-001
 4.3380219e-001
 4.3403170e-001
 4.3436015e-001
 4.3475682e-001
 4.3519139e-001
 4.3563312e-001
 4.3605176e-001
 4.3641651e-001
 4.3669710e-001
 4.3686280e-001
 4.3688327e-001
 4.3673962e-001
 4.3645397e-001
 4.3605691e-001
 4.3557942e-001
 4.3505225e-001
 4.3450621e-001
 4.3397206e-001
 4.3348071e-001
 4.3306279e-001
 4.3274930e-001
 4.3256068e-001
 4.3248275e-001
 4.3249366e-001
 4.3257177e-001
 4.3269524e-001
 4.3284237e-001
 4.3299139e-001
 4.3312064e-001
 4.3320826e-001
 4.3323258e-001
 4.3317986e-001
 4.3306354e-001
 4.3290278e-001
 4.3271670e-001
 4.3252444e-001
 4.3234512e-001
 4.3219802e-001
 4.3210208e-001
 4.3207657e-001
 4.3213362e-001
 4.3226200e-001
 4.3244579e-001
 4.3266898e-001
 4.3291545e-001
 4.3316936e-001
 4.3341458e-001
 4.3363512e-001
 4.3381882e-001
 4.3396616e-001
 4.3408012e-001
 4.3416378e-001
 4.3422008e-001
 4.3425223e-001
 4.3426311e-001
 4.3425584e-001
 4.3423378e-001
 4.3420160e-001
 4.3416414e-001
 4.3412623e-001
 4.3409273e-001
 4.3406850e-001
 4.3405843e-001
 4.3406734e-001
 4.3410233e-001
 4.3417746e-001
 4.3430826e-001
 4.3450576e-001
 4.3480763e-001
 4.3521202e-001
 4.3572411e-001
 4.3633392e-001
 4.3701676e-001
 4.3773735e-001
 4.3845537e-001
 4.3912923e-001
 4.3972099e-001
 4.4020346e-001
 4.4056579e-001
 4.4080877e-001
 4.4093835e-001
 4.4096392e-001
 4.4090173e-001
 4.4078094e-001
 4.4064572e-001
 4.4055140e-001
 4.4055781e-001
 4.4072077e-001
 4.4108087e-001
 4.4165081e-001
 4.4241118e-001
 4.4331738e-001
 4.4431257e-001
 4.4533923e-001
 4.4634914e-001
 4.4731110e-001
 4.4821328e-001
 4.4905940e-001
 4.4986132e-001
 4.5063189e-001
 4.5137900e-001
 4.5210111e-001
 4.5278639e-001
 4.5341492e-001
 4.5396405e-001
 4.5441583e-001
 4.5476565e-001
 4.5487887e-001
 4.5531288e-001
 4.5575300e-001
 4.5621091e-001
 4.5669433e-001
 4.5720538e-001
 4.5774013e-001
 4.5828936e-001
 4.5883983e-001
 4.5937750e-001
 4.5989063e-001
 4.6037334e-001
 4.6082771e-001
 4.6126330e-001
 4.6169439e-001
 4.6213624e-001
 4.6260104e-001
 4.6309590e-001
 4.6362191e-001
 4.6417558e-001
 4.6475142e-001
 4.6534452e-001
 4.6595287e-001
 4.6657822e-001
 4.6722606e-001
 4.6790510e-001
 4.6862468e-001
 4.6939257e-001
 4.7021157e-001
 4.7107747e-001
 4.7197941e-001
 4.7290120e-001
 4.7382534e-001
 4.7473609e-001
 4.7562274e-001
 4.7648180e-001
 4.7731668e-001
 4.7813714e-001
 4.7895607e-001
 4.7978655e-001
 4.8063898e-001
 4.8151797e-001
 4.8242155e-001
 4.8334143e-001
 4.8426372e-001
 4.8517203e-001
 4.8604947e-001
 4.8688194e-001
 4.8766086e-001
 4.8838410e-001
 4.8905736e-001
 4.8969308e-001
 4.9030909e-001
 4.9092659e-001
 4.9156672e-001
 4.9224845e-001
 4.9298552e-001
 4.9378514e-001
 4.9464759e-001
 4.9556592e-001
 4.9652842e-001
 4.9751997e-001
 4.9852493e-001
 4.9952978e-001
 5.0052428e-001
 5.0150281e-001
 5.0246435e-001
 5.0341123e-001
 5.0434798e-001
 5.0527948e-001
 5.0620914e-001
 5.0713879e-001
 5.0806713e-001
 5.0899112e-001
 5.0990629e-001
 5.1080817e-001
 5.1169425e-001
 5.1256394e-001
 5.1342028e-001
 5.1426876e-001
 5.1511669e-001
 5.1597255e-001
 5.1684332e-001
 5.1773393e-001
 5.1864600e-001
 5.1957792e-001
 5.2052563e-001
 5.2148330e-001
 5.2244508e-001
 5.2340680e-001
 5.2436578e-001
 5.2532226e-001
 5.2627820e-001
 5.2723634e-001
 5.2819949e-001
 5.2916855e-001
 5.3014237e-001
 5.3111666e-001
 5.3208512e-001
 5.3304034e-001
 5.3397512e-001
 5.3488481e-001
 5.3576785e-001
 5.3662711e-001
 5.3746957e-001
 5.3830457e-001
 5.3914231e-001
 5.3999084e-001
 5.4085410e-001
 5.4173052e-001
 5.4261231e-001
 5.4348671e-001
 5.4433781e-001
 5.4514933e-001
 5.4590821e-001
 5.4660672e-001
 5.4724455e-001
 5.4782945e-001
 5.4837608e-001
 5.4890424e-001
 5.4943550e-001
 5.4998982e-001
 5.5058283e-001
 5.5122298e-001
 5.5191094e-001
 5.5263972e-001
 5.5339646e-001
 5.5416524e-001
 5.5492949e-001
 5.5567485e-001
 5.5639064e-001
 5.5707031e-001
 5.5771166e-001
 5.5831486e-001
 5.5888158e-001
 5.5941278e-001
 5.5990815e-001
 5.6036568e-001
 5.6078172e-001
 5.6115222e-001
 5.6147414e-001
 5.6174642e-001
 5.6197190e-001
 5.6215727e-001
 5.6231314e-001
 5.6245369e-001
 5.6259465e-001
 5.6275213e-001
 5.6294078e-001
 5.6317264e-001
 5.6345648e-001
 5.6379741e-001
 5.6419790e-001
 5.6465816e-001
 5.6517726e-001
 5.6575412e-001
 5.6638736e-001
 5.6707609e-001
 5.6781882e-001
 5.6861299e-001
 5.6945479e-001
 5.7033783e-001
 5.7125401e-001
 5.7219303e-001
 5.7314366e-001
 5.7409519e-001
 5.7503778e-001
 5.7596409e-001
 5.7686943e-001
 5.7775086e-001
 5.7860702e-001
 5.7943594e-001
 5.8023405e-001
 5.8099580e-001
 5.8171320e-001
 5.8237779e-001
 5.8298224e-001
 5.8352321e-001
 5.8400339e-001
 5.8443278e-001
 5.8482867e-001
 5.8521384e-001
 5.8561373e-001
 5.8605307e-001
 5.8655167e-001
 5.8712202e-001
 5.8776665e-001
 5.8847809e-001
 5.8924007e-001
 5.9002912e-001
 5.9081811e-001
 5.9158027e-001
 5.9229225e-001
 5.9293789e-001
 5.9351015e-001
 5.9401256e-001
 5.9445918e-001
 5.9487212e-001
 5.9527922e-001
 5.9570915e-001
 5.9618717e-001
 5.9673071e-001
 5.9734613e-001
 5.9802765e-001
 5.9875780e-001
 5.9951079e-001
 6.0025764e-001
 6.0097075e-001
 6.0163015e-001
 6.0222626e-001
 6.0276181e-001
 6.0325092e-001
 6.0371560e-001
 6.0418147e-001
 6.0467273e-001
 6.0520738e-001
 6.0579461e-001
 6.0643286e-001
 6.0711068e-001
 6.0780895e-001
 6.0850376e-001
 6.0917050e-001
 6.0978705e-001
 6.1033666e-001
 6.1080962e-001
 6.1120355e-001
 6.1152291e-001
 6.1177742e-001
 6.1198062e-001
 6.1214811e-001
 6.1229634e-001
 6.1244184e-001
 6.1260056e-001
 6.1278778e-001
 6.1301726e-001
 6.1330050e-001
 6.1364597e-001
 6.1405778e-001
 6.1453491e-001
 6.1507106e-001
 6.1565500e-001
 6.1627144e-001
 6.1690331e-001
 6.1753297e-001
 6.1814469e-001
 6.1872542e-001
 6.1926597e-001
 6.1976147e-001
 6.2021059e-001
 6.2061578e-001
 6.2098199e-001
 6.2131649e-001
 6.2162793e-001
 6.2192541e-001
 6.2221766e-001
 6.2251192e-001
 6.2281275e-001
 6.2312174e-001
 6.2343681e-001
 6.2375313e-001
 6.2406385e-001
 6.2436205e-001
 6.2464255e-001
 6.2490332e-001
 6.2514657e-001
 6.2537849e-001
 6.2560862e-001
 6.2584800e-001
 6.2610704e-001
 6.2639368e-001
 6.2671185e-001
 6.2706071e-001
 6.2743497e-001
 6.2782514e-001
 6.2821949e-001
 6.2860543e-001
 6.2897104e-001
 6.2930685e-001
 6.2960637e-001
 6.2986690e-001
 6.3008976e-001
 6.3027936e-001
 6.3044286e-001
 6.3058853e-001
 6.3072437e-001
 6.3085669e-001
 6.3098896e-001
 6.3112068e-001
 6.3124746e-001
 6.3136131e-001
 6.3145226e-001
 6.3150966e-001
 6.3152450e-001
 6.3149118e-001
 6.3140863e-001
 6.3128102e-001
 6.3111722e-001
 6.3092941e-001
 6.3073105e-001
 6.3053471e-001
 6.3034958e-001
 6.3017988e-001
 6.3002419e-001
 6.2987560e-001
 6.2972319e-001
 6.2955409e-001
 6.2935603e-001
 6.2911963e-001
 6.2883997e-001
 6.2851721e-001
 6.2815559e-001
 6.2776244e-001
 6.2734592e-001
 6.2691337e-001
 6.2647086e-001
 6.2602288e-001
 6.2557298e-001
 6.2512511e-001
 6.2468421e-001
 6.2425596e-001
 6.2384582e-001
 6.2345713e-001
 6.2308913e-001
 6.2273592e-001
 6.2238663e-001
 6.2202746e-001
 6.2164438e-001
 6.2122732e-001
 6.2077284e-001
 6.2028545e-001
 6.1977702e-001
 6.1926383e-001
 6.1876267e-001
 6.1828673e-001
 6.1784261e-001
 6.1742955e-001
 6.1704004e-001
 6.1666280e-001
 6.1628646e-001
 6.1590213e-001
 6.1550570e-001
 6.1509764e-001
 6.1468220e-001
 6.1426491e-001
 6.1385036e-001
 6.1344099e-001
 6.1303604e-001
 6.1263269e-001
 6.1222696e-001
 6.1181521e-001
 6.1139554e-001
 6.1096758e-001
 6.1053270e-001
 6.1009204e-001
 6.0964501e-001
 6.0918784e-001
 6.0871214e-001
 6.0820466e-001
 6.0764807e-001
 6.0702187e-001
 6.0630524e-001
 6.0547870e-001
 6.0452700e-001
 6.0344011e-001
 6.0221374e-001
 6.0084921e-001
 5.9935188e-001
 5.9772837e-001
 5.9598529e-001
 5.9412593e-001
 5.9214991e-001
 5.9005237e-001
 5.8782321e-001
 5.8545047e-001
 5.8291936e-001
 5.8021617e-001
 5.7732904e-001
 5.7424778e-001
 5.7096660e-001
 5.6748104e-001
 5.6378943e-001
 5.5989075e-001
 5.5578154e-001
 5.5145818e-001
 5.4691249e-001
 5.4213530e-001
 5.3711623e-001
 5.3184366e-001
 5.2631062e-001
 5.2051616e-001
 5.1446551e-001
 5.0817728e-001
 5.0167835e-001
 4.9500909e-001
 4.8821947e-001
 4.8136401e-001
 4.7450408e-001
 4.6769810e-001
 4.6100420e-001
 4.5447600e-001
 4.4815934e-001
 4.4209802e-001
 4.3632841e-001
 4.3088546e-001
 4.2580056e-001
 4.2109945e-001
 4.1680509e-001
 4.1293183e-001
 4.0948761e-001
 4.0647182e-001
 4.0387487e-001
 4.0168226e-001
 3.9987436e-001
 3.9843076e-001
 3.9733136e-001
 3.9655712e-001
 3.9609089e-001
 3.9591584e-001
 3.9601436e-001
 3.9636675e-001
 3.9695063e-001
 3.9774072e-001
 3.9870992e-001
 3.9983103e-001
 4.0107796e-001
 4.0242830e-001
 4.0386400e-001
 4.0537265e-001
 4.0694889e-001
 4.0859336e-001
 4.1031402e-001
 4.1212431e-001
 4.1404235e-001
 4.1608983e-001
 4.1828761e-001
 4.2065445e-001
 4.2320183e-001
 4.2593142e-001
 4.2883387e-001
 4.3188620e-001
 4.3505326e-001
 4.3829155e-001
 4.4154981e-001
 4.4477621e-001
 4.4791964e-001
 4.5093402e-001
 4.5378163e-001
 4.5643190e-001
 4.5886418e-001
 4.6106544e-001
 4.6303061e-001
 4.6476257e-001
 4.6627024e-001
 4.6756971e-001
 4.6868241e-001
 4.6963522e-001
 4.7045958e-001
 4.7118971e-001
 4.7186178e-001
 4.7251171e-001
 4.7317389e-001
 4.7387993e-001
 4.7465715e-001
 4.7552785e-001
 4.7650936e-001
 4.7761300e-001
 4.7884521e-001
 4.8020703e-001
 4.8169458e-001
 4.8330051e-001
 4.8501295e-001
 4.8681778e-001
 4.8869804e-001
 4.9063534e-001
 4.9261162e-001
 4.9460855e-001
 4.9661031e-001
 4.9860260e-001
 5.0057352e-001
 5.0251418e-001
 5.0441617e-001
 5.0627285e-001
 5.0807709e-001
 5.0982159e-001
 5.1149994e-001
 5.1310599e-001
 5.1463705e-001
 5.1609331e-001
 5.1747948e-001
 5.1880497e-001
 5.2008182e-001
 5.2132314e-001
 5.2254134e-001
 5.2374524e-001
 5.2493984e-001
 5.2612567e-001
 5.2729994e-001
 5.2845937e-001
 5.2960086e-001
 5.3072470e-001
 5.3183401e-001
 5.3293514e-001
 5.3403628e-001
 5.3514493e-001
 5.3626668e-001
 5.3740317e-001
 5.3855175e-001
 5.3970635e-001
 5.4085803e-001
 5.4199815e-001
 5.4311943e-001
 5.4421782e-001
 5.4529411e-001
 5.4635227e-001
 5.4739904e-001
 5.4844195e-001
 5.4948622e-001
 5.5053377e-001
 5.5158162e-001
 5.5262262e-001
 5.5364829e-001
 5.5465055e-001
 5.5562514e-001
 5.5657208e-001
 5.5749649e-001
 5.5840814e-001
 5.5931950e-001
 5.6024355e-001
 5.6118882e-001
 5.6215596e-001
 5.6313568e-001
 5.6410843e-001
 5.6504864e-001
 5.6593001e-001
 5.6673270e-001
 5.6744945e-001
 5.6808597e-001
 5.6865948e-001
 5.6919426e-001
 5.6971627e-001
 5.7024944e-001
 5.7081217e-001
 5.7141584e-001
 5.7206500e-001
 5.7275778e-001
 5.7348824e-001
 5.7424814e-001
 5.7502866e-001
 5.7582223e-001
 5.7662177e-001
 5.7742107e-001
 5.7821357e-001
 5.7899189e-001
 5.7974780e-001
 5.8047211e-001
 5.8115572e-001
 5.8179033e-001
 5.8236980e-001
 5.8289051e-001
 5.8335191e-001
 5.8375758e-001
 5.8411521e-001
 5.8443636e-001
 5.8473623e-001
 5.8503217e-001
 5.8534217e-001
 5.8568341e-001
 5.8607000e-001
 5.8651197e-001
 5.8701301e-001
 5.8757001e-001
 5.8817297e-001
 5.8880633e-001
 5.8945155e-001
 5.9008974e-001
 5.9070474e-001
 5.9128559e-001
 5.9182763e-001
 5.9233332e-001
 5.9281123e-001
 5.9327459e-001
 5.9373891e-001
 5.9421808e-001
 5.9472209e-001
 5.9525383e-001
 5.9580797e-001
 5.9637153e-001
 5.9692496e-001
 5.9744567e-001
 5.9791154e-001
 5.9830433e-001
 5.9861302e-001
 5.9883523e-001
 5.9897786e-001
 5.9905607e-001
 5.9909099e-001
 5.9910667e-001
 5.9912705e-001
 5.9917283e-001
 5.9925973e-001
 5.9939700e-001
 5.9958744e-001
 5.9982806e-001
 6.0011142e-001
 6.0042715e-001
 6.0076356e-001
 6.0110915e-001
 6.0145348e-001
 6.0178798e-001
 6.0210675e-001
 6.0240602e-001
 6.0268497e-001
 6.0294485e-001
 6.0318911e-001
 6.0342270e-001
 6.0365146e-001
 6.0388154e-001
 6.0411847e-001
 6.0436672e-001
 6.0462916e-001
 6.0490644e-001
 6.0519749e-001
 6.0549951e-001
 6.0580832e-001
 6.0611928e-001
 6.0642773e-001
 6.0672957e-001
 6.0702169e-001
 6.0730231e-001
 6.0757089e-001
 6.0782790e-001
 6.0807484e-001
 6.0831380e-001
 6.0854703e-001
 6.0877717e-001
 6.0900640e-001
 6.0923690e-001
 6.0947061e-001
 6.0970908e-001
 6.0995376e-001
 6.1020565e-001
 6.1046535e-001
 6.1073297e-001
 6.1100757e-001
 6.1128730e-001
 6.1156893e-001
 6.1184776e-001
 6.1211777e-001
 6.1237156e-001
 6.1260116e-001
 6.1279899e-001
 6.1295855e-001
 6.1307573e-001
 6.1314982e-001
 6.1318409e-001
 6.1318558e-001
 6.1316425e-001
 6.1313140e-001
 6.1309797e-001
 6.1307228e-001
 6.1305898e-001
 6.1305773e-001
 6.1306298e-001
 6.1306435e-001
 6.1304742e-001
 6.1299616e-001
 6.1289519e-001
 6.1273360e-001
 6.1250758e-001
 6.1222327e-001
 6.1189747e-001
 6.1155677e-001
 6.1123496e-001
 6.1096823e-001
 6.1079019e-001
 6.1072618e-001
 6.1078870e-001
 6.1097497e-001
 6.1126816e-001
 6.1163998e-001
 6.1205530e-001
 6.1247689e-001
 6.1287010e-001
 6.1320657e-001
 6.1346656e-001
 6.1363977e-001
 6.1372530e-001
 6.1373055e-001
 6.1366922e-001
 6.1355871e-001
 6.1341727e-001
 6.1326200e-001
 6.1310685e-001
 6.1296165e-001
 6.1283171e-001
 6.1271822e-001
 6.1261886e-001
 6.1252892e-001
 6.1244214e-001
 6.1235142e-001
 6.1224985e-001
 6.1213088e-001
 6.1198890e-001
 6.1181921e-001
 6.1161834e-001
 6.1138427e-001
 6.1111629e-001
 6.1081558e-001
 6.1048466e-001
 6.1012781e-001
 6.0975087e-001
 6.0936040e-001
 6.0896403e-001
 6.0856956e-001
 6.0818440e-001
 6.0781562e-001
 6.0746920e-001
 6.0715020e-001
 6.0686225e-001
 6.0660779e-001
 6.0638809e-001
 6.0620302e-001
 6.0605121e-001
 6.0593009e-001
 6.0583574e-001
 6.0576302e-001
 6.0570550e-001
 6.0565573e-001
 6.0560524e-001
 6.0554457e-001
 6.0546368e-001
 6.0535175e-001
 6.0519767e-001
 6.0499042e-001
 6.0471934e-001
 6.0437512e-001
 6.0395050e-001
 6.0344148e-001
 6.0284841e-001
 6.0217655e-001
 6.0143673e-001
 6.0064518e-001
 5.9982216e-001
 5.9899092e-001
 5.9817457e-001
 5.9739459e-001
 5.9666723e-001
 5.9600174e-001
 5.9539914e-001
 5.9485149e-001
 5.9434313e-001
 5.9385270e-001
 5.9335560e-001
 5.9282786e-001
 5.9224892e-001
 5.9160507e-001
 5.9089112e-001
 5.9011078e-001
 5.8927691e-001
 5.8840895e-001
 5.8753127e-001
 5.8666950e-001
 5.8584738e-001
 5.8508456e-001
 5.8439469e-001
 5.8378369e-001
 5.8325112e-001
 5.8278990e-001
 5.8238906e-001
 5.8203483e-001
 5.8171290e-001
 5.8141017e-001
 5.8111554e-001
 5.8082116e-001
 5.8052206e-001
 5.8021623e-001
 5.7990390e-001
 5.7958674e-001
 5.7926720e-001
 5.7894754e-001
 5.7862926e-001
 5.7831317e-001
 5.7799894e-001
 5.7768548e-001
 5.7737148e-001
 5.7705522e-001
 5.7673532e-001
 5.7641071e-001
 5.7608086e-001
 5.7574582e-001
 5.7540613e-001
 5.7506329e-001
 5.7471913e-001
 5.7437575e-001
 5.7403553e-001
 5.7370037e-001
 5.7337147e-001
 5.7304931e-001
 5.7273293e-001
 5.7242066e-001
 5.7211345e-001
 5.7180434e-001
 5.7148939e-001
 5.7116568e-001
 5.7083207e-001
 5.7049024e-001
 5.7014537e-001
 5.6980574e-001
 5.6948167e-001
 5.6918478e-001
 5.6892669e-001
 5.6871879e-001
 5.6857091e-001
 5.6849027e-001
 5.6847990e-001
 5.6853759e-001
 5.6865579e-001
 5.6882173e-001
 5.6901878e-001
 5.6922811e-001
 5.6942952e-001
 5.6960291e-001
 5.6972855e-001
 5.6978887e-001
 5.6976914e-001
 5.6965929e-001
 5.6945425e-001
 5.6915337e-001
 5.6875944e-001
 5.6827706e-001
 5.6771201e-001
 5.6707013e-001
 5.6635755e-001
 5.6558007e-001
 5.6474328e-001
 5.6385243e-001
 5.6291205e-001
 5.6192642e-001
 5.6089973e-001
 5.5983549e-001
 5.5873770e-001
 5.5760950e-001
 5.5645424e-001
 5.5527443e-001
 5.5407113e-001
 5.5284435e-001
 5.5159169e-001
 5.5030990e-001
 5.4899424e-001
 5.4763895e-001
 5.4623842e-001
 5.4478568e-001
 5.4327309e-001
 5.4169047e-001
 5.4002309e-001
 5.3825146e-001
 5.3634918e-001
 5.3428495e-001
 5.3202349e-001
 5.2952635e-001
 5.2675545e-001
 5.2367216e-001
 5.2024168e-001
 5.1643550e-001
 5.1223391e-001
 5.0763237e-001
 5.0264198e-001
 4.9728572e-001
 4.9159935e-001
 4.8562205e-001
 4.7939759e-001
 4.7296983e-001
 4.6637753e-001
 4.5965633e-001
 4.5282823e-001
 4.4590330e-001
 4.3887571e-001
 4.3172285e-001
 4.2441499e-001
 4.1691279e-001
 4.0917692e-001
 4.0116885e-001
 3.9285159e-001
 3.8420165e-001
 3.7520751e-001
 3.6588272e-001
 3.5626519e-001
 3.4641129e-001
 3.3639690e-001
 3.2630759e-001
 3.1622991e-001
 3.0625647e-001
 2.9647383e-001
 2.8696865e-001
 2.7782139e-001
 2.6910105e-001
 2.6087174e-001
 2.5318521e-001
 2.4609005e-001
 2.3963085e-001
 2.3384753e-001
 2.2878057e-001
 2.2446345e-001
 2.2092304e-001
 2.1817188e-001
 2.1620260e-001
 2.1498798e-001
 2.1448103e-001
 2.1462131e-001
 2.1533966e-001
 2.1656337e-001
 2.1821824e-001
 2.2023180e-001
 2.2253419e-001
 2.2506092e-001
 2.2775590e-001
 2.3057035e-001
 2.3346293e-001
 2.3639886e-001
 2.3934536e-001
 2.4227284e-001
 2.4515191e-001
 2.4795485e-001
 2.5065795e-001
 2.5324112e-001
 2.5569221e-001
 2.5800547e-001
 2.6018187e-001
 2.6222810e-001
 2.6415277e-001
 2.6596680e-001
 2.6768109e-001
 2.6930651e-001
 2.7085432e-001
 2.7233458e-001
 2.7375737e-001
 2.7513155e-001
 2.7646542e-001
 2.7776712e-001
 2.7904418e-001
 2.8030381e-001
 2.8155339e-001
 2.8279898e-001
 2.8404590e-001
 2.8529683e-001
 2.8655142e-001
 2.8780636e-001
 2.8905481e-001
 2.9028821e-001
 2.9149634e-001
 2.9266840e-001
 2.9379424e-001
 2.9486424e-001
 2.9587153e-001
 2.9681274e-001
 2.9768971e-001
 2.9851037e-001
 2.9928747e-001
 3.0003792e-001
 3.0078068e-001
 3.0153561e-001
 3.0232275e-001
 3.0316055e-001
 3.0406463e-001
 3.0504605e-001
 3.0610886e-001
 3.0725035e-001
 3.0846083e-001
 3.0972573e-001
 3.1102818e-001
 3.1234929e-001
 3.1367087e-001
 3.1497541e-001
 3.1624800e-001
 3.1747881e-001
 3.1866357e-001
 3.1980541e-001
 3.2091320e-001
 3.2200029e-001
 3.2308328e-001
 3.2417938e-001
 3.2530642e-001
 3.2648116e-001
 3.2771838e-001
 3.2903001e-001
 3.3042303e-001
 3.3190015e-001
 3.3345911e-001
 3.3509445e-001
 3.3679926e-001
 3.3856511e-001
 3.4038305e-001
 3.4224445e-001
 3.4413949e-001
 3.4605855e-001
 3.4799048e-001
 3.4992328e-001
 3.5184482e-001
 3.5374132e-001
 3.5559970e-001
 3.5740605e-001
 3.5914797e-001
 3.6081332e-001
 3.6239427e-001
 3.6388844e-001
 3.6529961e-001
 3.6664069e-001
 3.6793151e-001
 3.6919764e-001
 3.7046680e-001
 3.7176889e-001
 3.7313348e-001
 3.7458676e-001
 3.7615082e-001
 3.7783909e-001
 3.7965211e-001
 3.8157859e-001
 3.8359511e-001
 3.8567013e-001
 3.8776547e-001
 3.8984218e-001
 3.9186135e-001
 3.9378479e-001
 3.9558086e-001
 3.9722633e-001
 3.9870852e-001
 4.0002874e-001
 4.0119985e-001
 4.0224242e-001
 4.0318307e-001
 4.0405044e-001
 4.0487400e-001
 4.0568188e-001
 4.0650070e-001
 4.0735346e-001
 4.0825763e-001
 4.0922579e-001
 4.1026568e-001
 4.1138062e-001
 4.1257244e-001
 4.1384149e-001
 4.1518757e-001
 4.1660818e-001
 4.1809949e-001
 4.1965374e-001
 4.2125675e-001
 4.2288965e-001
 4.2452830e-001
 4.2614347e-001
 4.2770487e-001
 4.2918146e-001
 4.3054160e-001
 4.3175751e-001
 4.3280652e-001
 4.3367547e-001
 4.3436325e-001
 4.3488336e-001
 4.3526179e-001
 4.3553355e-001
 4.3573952e-001
 4.3592274e-001
 4.3612626e-001
 4.3639073e-001
 4.3675104e-001
 4.3723273e-001
 4.3784791e-001
 4.3859476e-001
 4.3945843e-001
 4.4041404e-001
 4.4143152e-001
 4.4247833e-001
 4.4352087e-001
 4.4452792e-001
 4.4547212e-001
 4.4633317e-001
 4.4709963e-001
 4.4777092e-001
 4.4835591e-001
 4.4886985e-001
 4.4933257e-001
 4.4976574e-001
 4.5019096e-001
 4.5062891e-001
 4.5109758e-001
 4.5160964e-001
 4.5217162e-001
 4.5278269e-001
 4.5343557e-001
 4.5411772e-001
 4.5481417e-001
 4.5550865e-001
 4.5618436e-001
 4.5682594e-001
 4.5742029e-001
 4.5795783e-001
 4.5843476e-001
 4.5885301e-001
 4.5921993e-001
 4.5954654e-001
 4.5984647e-001
 4.6013439e-001
 4.6042499e-001
 4.6073264e-001
 4.6107054e-001
 4.6144935e-001
 4.6187705e-001
 4.6235842e-001
 4.6289486e-001
 4.6348593e-001
 4.6412978e-001
 4.6482399e-001
 4.6556515e-001
 4.6634969e-001
 4.6717298e-001
 4.6802786e-001
 4.6890524e-001
 4.6979323e-001
 4.7067675e-001
 4.7153950e-001
 4.7236392e-001
 4.7313228e-001
 4.7382683e-001
 4.7443199e-001
 4.7493583e-001
 4.7533196e-001
 4.7562256e-001
 4.7581878e-001
 4.7593972e-001
 4.7601065e-001
 4.7606027e-001
 4.7611880e-001
 4.7621620e-001
 4.7638020e-001
 4.7663382e-001
 4.7699168e-001
 4.7745752e-001
 4.7802293e-001
 4.7866797e-001
 4.7936499e-001
 4.8008156e-001
 4.8078257e-001
 4.8143327e-001
 4.8200056e-001
 4.8245561e-001
 4.8277634e-001
 4.8295063e-001
 4.8297685e-001
 4.8286301e-001
 4.8262420e-001
 4.8227966e-001
 4.8185086e-001
 4.8135951e-001
 4.8082668e-001
 4.8027205e-001
 4.7971204e-001
 4.7915909e-001
 4.7862101e-001
 4.7810206e-001
 4.7760302e-001
 4.7712296e-001
 4.7666031e-001
 4.7621271e-001
 4.7577739e-001
 4.7535127e-001
 4.7492984e-001
 4.7450739e-001
 4.7407651e-001
 4.7362867e-001
 4.7315407e-001
 4.7264224e-001
 4.7208294e-001
 4.7146574e-001
 4.7078100e-001
 4.7002119e-001
 4.6918121e-001
 4.6825966e-001
 4.6726012e-001
 4.6618930e-001
 4.6505699e-001
 4.6387431e-001
 4.6265408e-001
 4.6140838e-001
 4.6014878e-001
 4.5888677e-001
 4.5763102e-001
 4.5638782e-001
 4.5516157e-001
 4.5395330e-001
 4.5276254e-001
 4.5158744e-001
 4.5042646e-001
 4.4927725e-001
 4.4813770e-001
 4.4700736e-001
 4.4588619e-001
 4.4477597e-001
 4.4368124e-001
 4.4260749e-001
 4.4156176e-001
 4.4055164e-001
 4.3958557e-001
 4.3867090e-001
 4.3781358e-001
 4.3701723e-001
 4.3627992e-001
 4.3559316e-001
 4.3494144e-001
 4.3430221e-001
 4.3364799e-001
 4.3294883e-001
 4.3217325e-001
 4.3129030e-001
 4.3027091e-001
 4.2909166e-001
 4.2773649e-001
 4.2620027e-001
 4.2449108e-001
 4.2262700e-001
 4.2063406e-001
 4.1854459e-001
 4.1639164e-001
 4.1420913e-001
 4.1202921e-001
 4.0988243e-001
 4.0779257e-001
 4.0577632e-001
 4.0384388e-001
 4.0199679e-001
 4.0023151e-001
 3.9854249e-001
 3.9692166e-001
 3.9536089e-001
 3.9385447e-001
 3.9239839e-001
 3.9099398e-001
 3.8964888e-001
 3.8837904e-001
 3.8720614e-001
 3.8615677e-001
 3.8526112e-001
 3.8454968e-001
 3.8405228e-001
 3.8379604e-001
 3.8380098e-001
 3.8407615e-001
 3.8461551e-001
 3.8539588e-001
 3.8637936e-001
 3.8751692e-001
 3.8875210e-001
 3.9002624e-001
 3.9128014e-001
 3.9245516e-001
 3.9349744e-001
 3.9435953e-001
 3.9500225e-001
 3.9539689e-001
 3.9552340e-001
 3.9536825e-001
 3.9492205e-001
 3.9417747e-001
 3.9312837e-001
 3.9177144e-001
 3.9010623e-001
 3.8813800e-001
 3.8588142e-001
 3.8335869e-001
 3.8060039e-001
 3.7764236e-001
 3.7452605e-001
 3.7129250e-001
 3.6798272e-001
 3.6463925e-001
 3.6129984e-001
 3.5799837e-001
 3.5476553e-001
 3.5162380e-001
 3.4859014e-001
 3.4567982e-001
 3.4290349e-001
 3.4027150e-001
 3.3779353e-001
 3.3548179e-001
 3.3334872e-001
 3.3140999e-001
 3.2968718e-001
 3.2820517e-001
 3.2699361e-001
 3.2608607e-001
 3.2551706e-001
 3.2532170e-001
 3.2553369e-001
 3.2618171e-001
 3.2728475e-001
 3.2884571e-001
 3.3084399e-001
 3.3323535e-001
 3.3595359e-001
 3.3891416e-001
 3.4202459e-001
 3.4518853e-001
 3.4830767e-001
 3.5129112e-001
 3.5405874e-001
 3.5655037e-001
 3.5873047e-001
 3.6059448e-001
 3.6216396e-001
 3.6347881e-001
 3.6459157e-001
 3.6555991e-001
 3.6644143e-001
 3.6729124e-001
 3.6815614e-001
 3.6906958e-001
 3.7004581e-001
 3.7107939e-001
 3.7214628e-001
 3.7320817e-001
 3.7421942e-001
 3.7513071e-001
 3.7589198e-001
 3.7645671e-001
 3.7678525e-001
 3.7684974e-001
 3.7663847e-001
 3.7615752e-001
 3.7542894e-001
 3.7448719e-001
 3.7337327e-001
 3.7213129e-001
 3.7080675e-001
 3.6944255e-001
 3.6807698e-001
 3.6674172e-001
 3.6545706e-001
 3.6423212e-001
 3.6306536e-001
 3.6194849e-001
 3.6086774e-001
 3.5980725e-001
 3.5875130e-001
 3.5768372e-001
 3.5658962e-001
 3.5545704e-001
 3.5427612e-001
 3.5304052e-001
 3.5174650e-001
 3.5039347e-001
 3.4898123e-001
 3.4751019e-001
 3.4598219e-001
 3.4439847e-001
 3.4276077e-001
 3.4107304e-001
 3.3933941e-001
 3.3756551e-001
 3.3575961e-001
 3.3392954e-001
 3.3208400e-001
 3.3023140e-001
 3.2838133e-001
 3.2654160e-001
 3.2471916e-001
 3.2292098e-001
 3.2115096e-001
 3.1941110e-001
 3.1770286e-001
 3.1602496e-001
 3.1437576e-001
 3.1275269e-001
 3.1115425e-001
 3.0957770e-001
 3.0802044e-001
 3.0648112e-001
 3.0501127e-001
 3.0386591e-001
 3.0237833e-001
 3.0091378e-001
 2.9947507e-001
 2.9806554e-001
 2.9668787e-001
 2.9534614e-001
 2.9404309e-001
 2.9278198e-001
 2.9156598e-001
 2.9039779e-001
 2.8927761e-001
 2.8820330e-001
 2.8717276e-001
 2.8618389e-001
 2.8523511e-001
 2.8432420e-001
 2.8344923e-001
 2.8260803e-001
 2.8179896e-001
 2.8101987e-001
 2.8026879e-001
 2.7954358e-001
 2.7884257e-001
 2.7816373e-001
 2.7750564e-001
 2.7686739e-001
 2.7624771e-001
 2.7564603e-001
 2.7506116e-001
 2.7449197e-001
 2.7393746e-001
 2.7339685e-001
 2.7286896e-001
 2.7235281e-001
 2.7184734e-001
 2.7135164e-001
 2.7086470e-001
 2.7038547e-001
 2.6991299e-001
 2.6944605e-001
 2.6898393e-001
 2.6852551e-001
 2.6806980e-001
 2.6761574e-001
 2.6716262e-001
 2.6670930e-001
 2.6625487e-001
 2.6579821e-001
 2.6533866e-001
 2.6487508e-001
 2.6440653e-001
 2.6393205e-001
 2.6345059e-001
 2.6296136e-001
 2.6246333e-001
 2.6195553e-001
 2.6143688e-001
 2.6090664e-001
 2.6036376e-001
 2.5980723e-001
 2.5923604e-001
 2.5864941e-001
 2.5804630e-001
 2.5742584e-001
 2.5678810e-001
 2.5613412e-001
 2.5546455e-001
 2.5478011e-001
 2.5408155e-001
 2.5336942e-001
 2.5264490e-001
 2.5190845e-001
 2.5116092e-001
 2.5040287e-001
 2.4963538e-001
 2.4885905e-001
 2.4807459e-001
 2.4728264e-001
 2.4648425e-001
 2.4568003e-001
 2.4487074e-001
 2.4405707e-001
 2.4323964e-001
 2.4241960e-001
 2.4159744e-001
 2.4077399e-001
 2.3994975e-001
 2.3912589e-001
 2.3830296e-001
 2.3748168e-001
 2.3666239e-001
 2.3584589e-001
 2.3503239e-001
 2.3422234e-001
 2.3341613e-001
 2.3261395e-001
 2.3181665e-001
 2.3102444e-001
 2.3023772e-001
 2.2945675e-001
 2.2868229e-001
 2.2791460e-001
 2.2715406e-001
 2.2640094e-001
 2.2565596e-001
 2.2491942e-001
 2.2419171e-001
 2.2347306e-001
 2.2276425e-001
 2.2206552e-001
 2.2137725e-001
 2.2069992e-001
 2.2003376e-001
 2.1937947e-001
 2.1873733e-001
 2.1810779e-001
 2.1749109e-001
 2.1688791e-001
 2.1629854e-001
 2.1572338e-001
 2.1516225e-001
 2.1461520e-001
 2.1408196e-001
