s07_ASD Record=11135: Thenardite GDS146             BECKc AREF
 2.3910774e-001
 2.4031496e-001
 2.4162495e-001
 2.4301974e-001
 2.4447022e-001
 2.4594294e-001
 2.4740849e-001
 2.4884528e-001
 2.5024045e-001
 2.5158849e-001
 2.5288916e-001
 2.5414538e-001
 2.5536218e-001
 2.5654671e-001
 2.5770965e-001
 2.5886610e-001
 2.6003405e-001
 2.6123199e-001
 2.6247558e-001
 2.6377535e-001
 2.6513532e-001
 2.6655433e-001
 2.6803076e-001
 2.6956791e-001
 2.7117833e-001
 2.7288353e-001
 2.7470633e-001
 2.7665409e-001
 2.7870575e-001
 2.8081739e-001
 2.8293759e-001
 2.8502482e-001
 2.8705364e-001
 2.8901219e-001
 2.9090214e-001
 2.9273522e-001
 2.9452306e-001
 2.9627141e-001
 2.9798207e-001
 2.9965553e-001
 3.0129293e-001
 3.0289531e-001
 3.0446193e-001
 3.0599061e-001
 3.0747849e-001
 3.0892324e-001
 3.1032249e-001
 3.1167358e-001
 3.1297386e-001
 3.1422439e-001
 3.1543303e-001
 3.1661502e-001
 3.1778938e-001
 3.1897360e-001
 3.2018223e-001
 3.2143041e-001
 3.2273754e-001
 3.2411900e-001
 3.2557622e-001
 3.2708836e-001
 3.2857355e-001
 3.2997182e-001
 3.3127242e-001
 3.3246762e-001
 3.3357963e-001
 3.3467400e-001
 3.3579212e-001
 3.3694136e-001
 3.3811694e-001
 3.3931848e-001
 3.4056133e-001
 3.4187180e-001
 3.4327048e-001
 3.4475821e-001
 3.4631312e-001
 3.4790036e-001
 3.4948739e-001
 3.5105628e-001
 3.5260627e-001
 3.5414788e-001
 3.5569581e-001
 3.5726380e-001
 3.5886344e-001
 3.6050156e-001
 3.6217612e-001
 3.6387223e-001
 3.6556351e-001
 3.6722177e-001
 3.6882910e-001
 3.7038702e-001
 3.7191525e-001
 3.7344322e-001
 3.7499815e-001
 3.7659833e-001
 3.7825176e-001
 3.7995854e-001
 3.8171241e-001
 3.8349828e-001
 3.8528851e-001
 3.8704285e-001
 3.8871709e-001
 3.9027795e-001
 3.9171430e-001
 3.9303815e-001
 3.9427614e-001
 3.9545611e-001
 3.9659598e-001
 3.9770484e-001
 3.9878944e-001
 3.9985812e-001
 4.0091759e-001
 4.0196714e-001
 4.0299749e-001
 4.0399662e-001
 4.0495962e-001
 4.0589273e-001
 4.0680787e-001
 4.0771312e-001
 4.0860826e-001
 4.0948868e-001
 4.1035116e-001
 4.1119540e-001
 4.1202188e-001
 4.1283175e-001
 4.1363066e-001
 4.1443059e-001
 4.1524667e-001
 4.1609028e-001
 4.1696480e-001
 4.1786548e-001
 4.1878194e-001
 4.1970259e-001
 4.2062110e-001
 4.2154321e-001
 4.2248642e-001
 4.2347100e-001
 4.2450690e-001
 4.2558908e-001
 4.2670441e-001
 4.2784432e-001
 4.2900980e-001
 4.3020070e-001
 4.3139943e-001
 4.3256858e-001
 4.3367499e-001
 4.3472427e-001
 4.3577382e-001
 4.3690586e-001
 4.3817523e-001
 4.3957397e-001
 4.4103879e-001
 4.4249466e-001
 4.4389686e-001
 4.4524378e-001
 4.4655767e-001
 4.4785687e-001
 4.4914308e-001
 4.5041361e-001
 4.5168129e-001
 4.5297498e-001
 4.5431429e-001
 4.5569009e-001
 4.5707890e-001
 4.5847264e-001
 4.5988351e-001
 4.6131757e-001
 4.6275580e-001
 4.6416652e-001
 4.6553373e-001
 4.6687278e-001
 4.6822110e-001
 4.6961144e-001
 4.7104463e-001
 4.7248757e-001
 4.7390169e-001
 4.7527537e-001
 4.7662544e-001
 4.7797155e-001
 4.7931826e-001
 4.8066062e-001
 4.8199672e-001
 4.8332897e-001
 4.8465613e-001
 4.8596770e-001
 4.8724449e-001
 4.8846677e-001
 4.8962587e-001
 4.9073112e-001
 4.9180380e-001
 4.9286550e-001
 4.9393266e-001
 4.9501559e-001
 4.9611685e-001
 4.9723023e-001
 4.9834499e-001
 4.9944365e-001
 5.0049281e-001
 5.0145590e-001
 5.0234157e-001
 5.0323176e-001
 5.0422567e-001
 5.0534695e-001
 5.0651979e-001
 5.0764036e-001
 5.0866145e-001
 5.0961560e-001
 5.1056182e-001
 5.1148635e-001
 5.1223820e-001
 5.1261556e-001
 5.1258934e-001
 5.1242179e-001
 5.1248258e-001
 5.1294756e-001
 5.1373434e-001
 5.1468658e-001
 5.1571453e-001
 5.1676983e-001
 5.1779604e-001
 5.1875097e-001
 5.1963860e-001
 5.2049577e-001
 5.2136660e-001
 5.2229148e-001
 5.2329761e-001
 5.2438402e-001
 5.2551448e-001
 5.2661759e-001
 5.2759409e-001
 5.2836007e-001
 5.2892232e-001
 5.2939618e-001
 5.2990496e-001
 5.3047889e-001
 5.3109920e-001
 5.3179348e-001
 5.3259414e-001
 5.3343040e-001
 5.3416640e-001
 5.3474045e-001
 5.3518742e-001
 5.3554463e-001
 5.3582597e-001
 5.3607422e-001
 5.3634727e-001
 5.3664565e-001
 5.3691900e-001
 5.3715557e-001
 5.3742522e-001
 5.3781587e-001
 5.3833586e-001
 5.3887957e-001
 5.3930050e-001
 5.3955263e-001
 5.3976279e-001
 5.4009712e-001
 5.4057187e-001
 5.4107809e-001
 5.4153603e-001
 5.4193246e-001
 5.4226124e-001
 5.4249680e-001
 5.4262006e-001
 5.4268074e-001
 5.4281068e-001
 5.4310578e-001
 5.4352403e-001
 5.4394686e-001
 5.4428810e-001
 5.4454970e-001
 5.4484540e-001
 5.4532242e-001
 5.4599869e-001
 5.4673451e-001
 5.4737705e-001
 5.4786080e-001
 5.4817730e-001
 5.4835629e-001
 5.4850399e-001
 5.4874671e-001
 5.4910070e-001
 5.4947388e-001
 5.4980320e-001
 5.5012065e-001
 5.5047172e-001
 5.5083603e-001
 5.5115390e-001
 5.5141008e-001
 5.5166137e-001
 5.5196923e-001
 5.5232215e-001
 5.5263746e-001
 5.5284494e-001
 5.5297118e-001
 5.5312020e-001
 5.5337006e-001
 5.5373502e-001
 5.5421877e-001
 5.5481040e-001
 5.5540633e-001
 5.5585164e-001
 5.5611837e-001
 5.5635095e-001
 5.5668032e-001
 5.5706710e-001
 5.5736303e-001
 5.5748510e-001
 5.5750686e-001
 5.5757856e-001
 5.5776882e-001
 5.5803770e-001
 5.5836618e-001
 5.5881166e-001
 5.5938447e-001
 5.5992526e-001
 5.6016427e-001
 5.5995017e-001
 5.5941862e-001
 5.5892539e-001
 5.5877280e-001
 5.5896378e-001
 5.5928999e-001
 5.5958748e-001
 5.5983049e-001
 5.6006426e-001
 5.6033707e-001
 5.6067568e-001
 5.6107759e-001
 5.6150961e-001
 5.6192046e-001
 5.6226528e-001
 5.6252366e-001
 5.6270152e-001
 5.6282395e-001
 5.6292921e-001
 5.6305981e-001
 5.6325096e-001
 5.6352007e-001
 5.6386280e-001
 5.6424969e-001
 5.6462640e-001
 5.6492734e-001
 5.6510317e-001
 5.6514651e-001
 5.6511295e-001
 5.6514663e-001
 5.6547594e-001
 5.6630594e-001
 5.6762844e-001
 5.6912309e-001
 5.7032114e-001
 5.7096577e-001
 5.7123607e-001
 5.7154179e-001
 5.7197422e-001
 5.7231516e-001
 5.7240069e-001
 5.7226980e-001
 5.7213831e-001
 5.7224524e-001
 5.7269084e-001
 5.7336193e-001
 5.7400447e-001
 5.7444507e-001
 5.7472426e-001
 5.7496035e-001
 5.7517415e-001
 5.7531810e-001
 5.7540464e-001
 5.7556075e-001
 5.7594460e-001
 5.7655537e-001
 5.7716835e-001
 5.7755500e-001
 5.7770014e-001
 5.7773936e-001
 5.7779783e-001
 5.7794631e-001
 5.7820195e-001
 5.7848924e-001
 5.7869351e-001
 5.7887399e-001
 5.7929194e-001
 5.8003187e-001
 5.8076286e-001
 5.8109885e-001
 5.8102715e-001
 5.8083695e-001
 5.8080918e-001
 5.8106118e-001
 5.8156902e-001
 5.8225852e-001
 5.8304000e-001
 5.8374768e-001
 5.8414847e-001
 5.8414561e-001
 5.8390176e-001
 5.8361328e-001
 5.8335388e-001
 5.8308673e-001
 5.8285880e-001
 5.8287895e-001
 5.8317989e-001
 5.8349633e-001
 5.8358848e-001
 5.8349854e-001
 5.8351070e-001
 5.8391064e-001
 5.8472872e-001
 5.8572912e-001
 5.8662951e-001
 5.8726394e-001
 5.8759218e-001
 5.8764124e-001
 5.8751082e-001
 5.8736241e-001
 5.8734334e-001
 5.8750188e-001
 5.8778858e-001
 5.8814001e-001
 5.8854526e-001
 5.8904445e-001
 5.8964837e-001
 5.9023643e-001
 5.9058809e-001
 5.9054524e-001
 5.9013939e-001
 5.8961701e-001
 5.8934128e-001
 5.8948058e-001
 5.8993280e-001
 5.9045905e-001
 5.9087032e-001
 5.9116644e-001
 5.9142298e-001
 5.9171563e-001
 5.9210902e-001
 5.9259397e-001
 5.9313178e-001
 5.9368354e-001
 5.9421003e-001
 5.9466916e-001
 5.9501773e-001
 5.9521276e-001
 5.9522253e-001
 5.9509140e-001
 5.9489459e-001
 5.9470737e-001
 5.9459704e-001
 5.9457618e-001
 5.9465259e-001
 5.9479374e-001
 5.9499449e-001
 5.9523791e-001
 5.9549958e-001
 5.9575492e-001
 5.9597921e-001
 5.9614873e-001
 5.9625816e-001
 5.9632063e-001
 5.9634990e-001
 5.9635991e-001
 5.9636384e-001
 5.9636450e-001
 5.9635317e-001
 5.9632140e-001
 5.9626031e-001
 5.9616172e-001
 5.9603035e-001
 5.9588331e-001
 5.9573835e-001
 5.9561330e-001
 5.9552580e-001
 5.9548581e-001
 5.9547275e-001
 5.9545875e-001
 5.9541583e-001
 5.9531623e-001
 5.9513181e-001
 5.9484512e-001
 5.9447819e-001
 5.9406221e-001
 5.9362900e-001
 5.9320992e-001
 5.9283638e-001
 5.9254003e-001
 5.9234411e-001
 5.9224117e-001
 5.9221637e-001
 5.9225476e-001
 5.9234142e-001
 5.9246165e-001
 5.9260035e-001
 5.9274286e-001
 5.9287572e-001
 5.9299165e-001
 5.9308475e-001
 5.9314901e-001
 5.9317857e-001
 5.9316736e-001
 5.9310967e-001
 5.9299940e-001
 5.9283310e-001
 5.9261638e-001
 5.9235704e-001
 5.9206283e-001
 5.9174156e-001
 5.9140074e-001
 5.9104842e-001
 5.9069222e-001
 5.9033978e-001
 5.8999795e-001
 5.8967388e-001
 5.8937424e-001
 5.8910596e-001
 5.8887595e-001
 5.8869106e-001
 5.8855814e-001
 5.8848411e-001
 5.8847582e-001
 5.8854020e-001
 5.8868408e-001
 5.8890986e-001
 5.8920389e-001
 5.8954871e-001
 5.8992690e-001
 5.9032106e-001
 5.9071380e-001
 5.9108764e-001
 5.9142542e-001
 5.9170943e-001
 5.9192246e-001
 5.9204704e-001
 5.9206575e-001
 5.9196907e-001
 5.9177500e-001
 5.9150797e-001
 5.9119231e-001
 5.9085220e-001
 5.9051216e-001
 5.9019631e-001
 5.8992922e-001
 5.8973509e-001
 5.8963823e-001
 5.8966297e-001
 5.8982354e-001
 5.9009898e-001
 5.9046024e-001
 5.9087878e-001
 5.9132528e-001
 5.9177125e-001
 5.9218770e-001
 5.9254581e-001
 5.9281659e-001
 5.9297132e-001
 5.9299141e-001
 5.9289372e-001
 5.9270287e-001
 5.9244365e-001
 5.9214026e-001
 5.9181780e-001
 5.9150064e-001
 5.9121352e-001
 5.9098095e-001
 5.9082764e-001
 5.9077114e-001
 5.9080470e-001
 5.9091651e-001
 5.9109485e-001
 5.9132779e-001
 5.9160346e-001
 5.9191000e-001
 5.9223574e-001
 5.9256876e-001
 5.9289724e-001
 5.9321129e-001
 5.9350824e-001
 5.9378660e-001
 5.9404492e-001
 5.9428191e-001
 5.9449619e-001
 5.9468627e-001
 5.9485090e-001
 5.9498841e-001
 5.9509832e-001
 5.9518117e-001
 5.9523857e-001
 5.9527159e-001
 5.9528160e-001
 5.9526998e-001
 5.9523785e-001
 5.9518665e-001
 5.9511989e-001
 5.9504855e-001
 5.9498519e-001
 5.9494233e-001
 5.9493256e-001
 5.9496844e-001
 5.9506249e-001
 5.9522724e-001
 5.9547061e-001
 5.9578472e-001
 5.9615880e-001
 5.9658200e-001
 5.9704351e-001
 5.9753251e-001
 5.9803820e-001
 5.9854954e-001
 5.9905571e-001
 5.9954447e-001
 6.0000366e-001
 6.0038614e-001
 6.0073847e-001
 6.0102606e-001
 6.0123932e-001
 6.0137635e-001
 6.0144043e-001
 6.0143846e-001
 6.0137922e-001
 6.0127264e-001
 6.0113037e-001
 6.0096782e-001
 6.0080492e-001
 6.0066444e-001
 6.0057020e-001
 6.0054410e-001
 6.0060233e-001
 6.0075015e-001
 6.0098010e-001
 6.0127532e-001
 6.0161442e-001
 6.0197520e-001
 6.0233748e-001
 6.0268527e-001
 6.0300750e-001
 6.0329705e-001
 6.0354936e-001
 6.0376281e-001
 6.0394025e-001
 6.0409200e-001
 6.0423642e-001
 6.0439789e-001
 6.0460252e-001
 6.0487211e-001
 6.0521579e-001
 6.0562342e-001
 6.0606313e-001
 6.0648620e-001
 6.0683620e-001
 6.0706127e-001
 6.0712659e-001
 6.0636199e-001
 6.0630506e-001
 6.0621357e-001
 6.0610634e-001
 6.0600501e-001
 6.0593146e-001
 6.0590571e-001
 6.0594463e-001
 6.0606056e-001
 6.0626000e-001
 6.0654336e-001
 6.0690498e-001
 6.0733372e-001
 6.0781318e-001
 6.0832363e-001
 6.0884345e-001
 6.0935014e-001
 6.0982287e-001
 6.1024356e-001
 6.1059916e-001
 6.1088276e-001
 6.1109406e-001
 6.1123896e-001
 6.1132824e-001
 6.1137569e-001
 6.1139637e-001
 6.1140454e-001
 6.1141109e-001
 6.1142159e-001
 6.1143547e-001
 6.1144722e-001
 6.1144888e-001
 6.1143321e-001
 6.1139619e-001
 6.1133885e-001
 6.1126715e-001
 6.1119068e-001
 6.1112046e-001
 6.1106616e-001
 6.1103356e-001
 6.1102366e-001
 6.1103284e-001
 6.1105406e-001
 6.1107922e-001
 6.1110127e-001
 6.1111581e-001
 6.1112213e-001
 6.1112267e-001
 6.1112249e-001
 6.1112761e-001
 6.1114389e-001
 6.1117578e-001
 6.1122608e-001
 6.1129600e-001
 6.1138564e-001
 6.1149472e-001
 6.1162287e-001
 6.1177045e-001
 6.1193782e-001
 6.1212480e-001
 6.1232990e-001
 6.1254930e-001
 6.1277610e-001
 6.1300057e-001
 6.1321110e-001
 6.1339551e-001
 6.1354357e-001
 6.1364883e-001
 6.1371052e-001
 6.1373395e-001
 6.1373031e-001
 6.1371499e-001
 6.1370522e-001
 6.1371714e-001
 6.1376393e-001
 6.1385375e-001
 6.1398917e-001
 6.1416739e-001
 6.1438107e-001
 6.1461973e-001
 6.1487108e-001
 6.1512244e-001
 6.1536157e-001
 6.1557806e-001
 6.1576396e-001
 6.1591470e-001
 6.1602974e-001
 6.1611283e-001
 6.1617160e-001
 6.1621660e-001
 6.1625957e-001
 6.1631125e-001
 6.1637920e-001
 6.1646628e-001
 6.1656970e-001
 6.1668140e-001
 6.1678988e-001
 6.1688262e-001
 6.1694866e-001
 6.1698151e-001
 6.1698079e-001
 6.1695278e-001
 6.1690968e-001
 6.1686784e-001
 6.1684471e-001
 6.1685598e-001
 6.1691272e-001
 6.1701941e-001
 6.1717325e-001
 6.1736476e-001
 6.1757928e-001
 6.1780030e-001
 6.1801183e-001
 6.1820155e-001
 6.1836231e-001
 6.1849284e-001
 6.1859733e-001
 6.1868358e-001
 6.1876118e-001
 6.1883920e-001
 6.1892492e-001
 6.1902255e-001
 6.1913341e-001
 6.1925656e-001
 6.1938953e-001
 6.1952972e-001
 6.1967486e-001
 6.1982363e-001
 6.1997592e-001
 6.2013233e-001
 6.2029374e-001
 6.2046075e-001
 6.2063348e-001
 6.2081099e-001
 6.2099165e-001
 6.2117308e-001
 6.2135303e-001
 6.2152946e-001
 6.2170106e-001
 6.2186754e-001
 6.2202942e-001
 6.2218761e-001
 6.2234300e-001
 6.2249559e-001
 6.2264401e-001
 6.2278521e-001
 6.2291414e-001
 6.2302434e-001
 6.2310857e-001
 6.2315977e-001
 6.2317240e-001
 6.2314367e-001
 6.2307441e-001
 6.2296993e-001
 6.2283987e-001
 6.2269777e-001
 6.2255996e-001
 6.2244380e-001
 6.2236589e-001
 6.2233996e-001
 6.2237531e-001
 6.2247556e-001
 6.2263817e-001
 6.2285501e-001
 6.2311316e-001
 6.2339711e-001
 6.2369078e-001
 6.2397963e-001
 6.2425274e-001
 6.2450355e-001
 6.2473035e-001
 6.2493545e-001
 6.2512362e-001
 6.2530053e-001
 6.2547052e-001
 6.2563503e-001
 6.2579221e-001
 6.2593675e-001
 6.2606132e-001
 6.2615848e-001
 6.2622303e-001
 6.2625426e-001
 6.2625724e-001
 6.2624317e-001
 6.2622797e-001
 6.2622988e-001
 6.2626553e-001
 6.2634671e-001
 6.2647772e-001
 6.2665355e-001
 6.2686110e-001
 6.2708145e-001
 6.2729347e-001
 6.2747848e-001
 6.2762380e-001
 6.2772524e-001
 6.2778801e-001
 6.2782538e-001
 6.2785649e-001
 6.2790245e-001
 6.2798274e-001
 6.2811220e-001
 6.2829864e-001
 6.2854201e-001
 6.2883478e-001
 6.2916374e-001
 6.2951231e-001
 6.2986314e-001
 6.3020092e-001
 6.3051414e-001
 6.3079619e-001
 6.3104564e-001
 6.3126540e-001
 6.3146150e-001
 6.3164121e-001
 6.3181186e-001
 6.3197929e-001
 6.3214743e-001
 6.3231796e-001
 6.3249111e-001
 6.3266623e-001
 6.3284290e-001
 6.3302153e-001
 6.3320392e-001
 6.3339311e-001
 6.3359249e-001
 6.3380522e-001
 6.3403285e-001
 6.3427448e-001
 6.3452673e-001
 6.3478351e-001
 6.3503718e-001
 6.3528007e-001
 6.3550556e-001
 6.3570976e-001
 6.3589203e-001
 6.3605553e-001
 6.3620627e-001
 6.3635230e-001
 6.3650233e-001
 6.3666421e-001
 6.3684356e-001
 6.3704336e-001
 6.3726306e-001
 6.3749969e-001
 6.3774788e-001
 6.3800144e-001
 6.3825452e-001
 6.3850230e-001
 6.3874215e-001
 6.3897336e-001
 6.3919705e-001
 6.3941574e-001
 6.3963199e-001
 6.3984782e-001
 6.4006406e-001
 6.4027977e-001
 6.4049268e-001
 6.4069921e-001
 6.4089561e-001
 6.4107859e-001
 6.4124608e-001
 6.4139795e-001
 6.4153606e-001
 6.4166397e-001
 6.4178640e-001
 6.4190805e-001
 6.4203286e-001
 6.4216298e-001
 6.4229840e-001
 6.4243680e-001
 6.4257419e-001
 6.4270604e-001
 6.4282817e-001
 6.4293814e-001
 6.4303637e-001
 6.4312625e-001
 6.4321434e-001
 6.4330935e-001
 6.4342093e-001
 6.4355797e-001
 6.4372689e-001
 6.4393079e-001
 6.4416832e-001
 6.4443427e-001
 6.4472067e-001
 6.4501786e-001
 6.4531678e-001
 6.4561021e-001
 6.4589351e-001
 6.4616495e-001
 6.4642435e-001
 6.4667237e-001
 6.4690858e-001
 6.4713067e-001
 6.4733380e-001
 6.4751112e-001
 6.4765519e-001
 6.4775950e-001
 6.4782035e-001
 6.4783865e-001
 6.4782047e-001
 6.4777738e-001
 6.4772516e-001
 6.4768225e-001
 6.4766729e-001
 6.4769679e-001
 6.4778233e-001
 6.4792937e-001
 6.4813584e-001
 6.4839262e-001
 6.4868456e-001
 6.4899254e-001
 6.4929610e-001
 6.4957625e-001
 6.4981782e-001
 6.5001166e-001
 6.5015537e-001
 6.5025347e-001
 6.5031594e-001
 6.5035653e-001
 6.5038997e-001
 6.5042979e-001
 6.5048569e-001
 6.5056258e-001
 6.5066004e-001
 6.5077275e-001
 6.5089214e-001
 6.5100795e-001
 6.5111023e-001
 6.5119064e-001
 6.5124398e-001
 6.5126818e-001
 6.5126485e-001
 6.5123850e-001
 6.5119606e-001
 6.5114647e-001
 6.5109950e-001
 6.5106511e-001
 6.5105259e-001
 6.5106946e-001
 6.5112054e-001
 6.5120739e-001
 6.5132761e-001
 6.5147507e-001
 6.5164047e-001
 6.5181237e-001
 6.5197903e-001
 6.5212995e-001
 6.5225774e-001
 6.5235913e-001
 6.5243596e-001
 6.5249473e-001
 6.5254539e-001
 6.5259975e-001
 6.5266907e-001
 6.5276200e-001
 6.5288246e-001
 6.5302938e-001
 6.5319651e-001
 6.5337390e-001
 6.5355009e-001
 6.5371430e-001
 6.5385836e-001
 6.5397787e-001
 6.5407187e-001
 6.5414178e-001
 6.5418971e-001
 6.5421653e-001
 6.5422088e-001
 6.5419888e-001
 6.5414476e-001
 6.5405226e-001
 6.5391624e-001
 6.5373409e-001
 6.5350598e-001
 6.5323496e-001
 6.5292555e-001
 6.5258288e-001
 6.5221161e-001
 6.5181518e-001
 6.5139633e-001
 6.5095693e-001
 6.5049922e-001
 6.5002537e-001
 6.4953792e-001
 6.4903885e-001
 6.4852852e-001
 6.4800519e-001
 6.4746445e-001
 6.4689934e-001
 6.4630175e-001
 6.4566272e-001
 6.4497435e-001
 6.4423013e-001
 6.4342469e-001
 6.4255393e-001
 6.4161348e-001
 6.4059925e-001
 6.3950723e-001
 6.3833410e-001
 6.3707978e-001
 6.3574827e-001
 6.3434976e-001
 6.3290066e-001
 6.3142186e-001
 6.2993783e-001
 6.2847209e-001
 6.2704563e-001
 6.2567425e-001
 6.2436754e-001
 6.2313032e-001
 6.2196374e-001
 6.2086880e-001
 6.1984819e-001
 6.1890799e-001
 6.1805862e-001
 6.1731410e-001
 6.1668998e-001
 6.1620170e-001
 6.1586189e-001
 6.1567861e-001
 6.1565393e-001
 6.1578363e-001
 6.1605704e-001
 6.1645818e-001
 6.1696690e-001
 6.1756015e-001
 6.1821395e-001
 6.1890429e-001
 6.1960882e-001
 6.2030739e-001
 6.2098253e-001
 6.2161982e-001
 6.2220705e-001
 6.2273443e-001
 6.2319326e-001
 6.2357634e-001
 6.2387806e-001
 6.2409484e-001
 6.2422639e-001
 6.2427717e-001
 6.2425745e-001
 6.2418354e-001
 6.2407768e-001
 6.2396663e-001
 6.2387878e-001
 6.2384164e-001
 6.2387842e-001
 6.2400556e-001
 6.2423104e-001
 6.2455392e-001
 6.2496465e-001
 6.2544751e-001
 6.2598217e-001
 6.2654650e-001
 6.2711912e-001
 6.2768120e-001
 6.2821788e-001
 6.2871891e-001
 6.2917882e-001
 6.2959677e-001
 6.2997544e-001
 6.3032061e-001
 6.3064033e-001
 6.3094366e-001
 6.3124043e-001
 6.3154018e-001
 6.3185179e-001
 6.3218319e-001
 6.3254023e-001
 6.3292688e-001
 6.3334483e-001
 6.3379323e-001
 6.3426924e-001
 6.3476813e-001
 6.3528425e-001
 6.3581145e-001
 6.3634402e-001
 6.3687742e-001
 6.3740820e-001
 6.3793439e-001
 6.3845509e-001
 6.3897020e-001
 6.3947976e-001
 6.3998353e-001
 6.4048082e-001
 6.4096981e-001
 6.4144814e-001
 6.4191300e-001
 6.4236134e-001
 6.4279038e-001
 6.4319819e-001
 6.4358348e-001
 6.4394599e-001
 6.4428598e-001
 6.4460409e-001
 6.4490116e-001
 6.4517760e-001
 6.4543390e-001
 6.4567024e-001
 6.4588720e-001
 6.4608622e-001
 6.4626968e-001
 6.4644122e-001
 6.4660573e-001
 6.4676869e-001
 6.4693594e-001
 6.4711285e-001
 6.4730382e-001
 6.4751208e-001
 6.4773929e-001
 6.4798599e-001
 6.4825159e-001
 6.4853472e-001
 6.4883369e-001
 6.4914602e-001
 6.4946878e-001
 6.4979845e-001
 6.5013045e-001
 6.5045977e-001
 6.5078062e-001
 6.5108699e-001
 6.5137285e-001
 6.5163225e-001
 6.5185982e-001
 6.5205085e-001
 6.5220231e-001
 6.5231276e-001
 6.5238321e-001
 6.5241653e-001
 6.5241760e-001
 6.5239263e-001
 6.5234858e-001
 6.5229255e-001
 6.5223116e-001
 6.5217030e-001
 6.5211505e-001
 6.5206987e-001
 6.5203869e-001
 6.5202540e-001
 6.5203357e-001
 6.5206671e-001
 6.5212756e-001
 6.5221828e-001
 6.5233994e-001
 6.5249223e-001
 6.5267354e-001
 6.5288097e-001
 6.5311056e-001
 6.5335774e-001
 6.5361756e-001
 6.5388489e-001
 6.5415490e-001
 6.5442282e-001
 6.5468425e-001
 6.5493459e-001
 6.5516943e-001
 6.5538430e-001
 6.5557456e-001
 6.5573579e-001
 6.5586430e-001
 6.5595758e-001
 6.5601486e-001
 6.5603751e-001
 6.5602952e-001
 6.5599722e-001
 6.5594840e-001
 6.5589184e-001
 6.5583569e-001
 6.5578651e-001
 6.5574837e-001
 6.5572280e-001
 6.5570921e-001
 6.5570605e-001
 6.5571207e-001
 6.5572721e-001
 6.5575349e-001
 6.5579534e-001
 6.5585911e-001
 6.5595239e-001
 6.5608275e-001
 6.5625626e-001
 6.5647614e-001
 6.5674120e-001
 6.5704560e-001
 6.5737885e-001
 6.5772653e-001
 6.5807205e-001
 6.5839833e-001
 6.5868944e-001
 6.5893257e-001
 6.5911871e-001
 6.5924346e-001
 6.5930688e-001
 6.5931296e-001
 6.5926862e-001
 6.5918273e-001
 6.5906531e-001
 6.5892637e-001
 6.5877593e-001
 6.5862328e-001
 6.5847731e-001
 6.5834641e-001
 6.5823865e-001
 6.5816176e-001
 6.5812290e-001
 6.5812796e-001
 6.5818119e-001
 6.5828383e-001
 6.5843338e-001
 6.5862274e-001
 6.5884000e-001
 6.5906841e-001
 6.5928787e-001
 6.5947628e-001
 6.5961188e-001
 6.5967613e-001
 6.5965575e-001
 6.5954477e-001
 6.5934539e-001
 6.5906781e-001
 6.5872878e-001
 6.5834969e-001
 6.5795362e-001
 6.5756261e-001
 6.5719557e-001
 6.5686607e-001
 6.5658242e-001
 6.5634716e-001
 6.5615886e-001
 6.5601331e-001
 6.5590519e-001
 6.5582973e-001
 6.5578371e-001
 6.5576595e-001
 6.5577686e-001
 6.5581810e-001
 6.5589118e-001
 6.5599674e-001
 6.5613341e-001
 6.5629721e-001
 6.5648180e-001
 6.5667868e-001
 6.5687799e-001
 6.5706986e-001
 6.5724516e-001
 6.5739679e-001
 6.5751988e-001
 6.5761220e-001
 6.5767413e-001
 6.5770787e-001
 6.5771669e-001
 6.5770429e-001
 6.5767395e-001
 6.5762836e-001
 6.5756929e-001
 6.5749788e-001
 6.5741551e-001
 6.5732372e-001
 6.5722531e-001
 6.5712416e-001
 6.5702569e-001
 6.5693629e-001
 6.5686303e-001
 6.5681255e-001
 6.5678984e-001
 6.5679687e-001
 6.5683115e-001
 6.5688497e-001
 6.5694511e-001
 6.5699393e-001
 6.5701115e-001
 6.5697658e-001
 6.5687370e-001
 6.5669256e-001
 6.5643281e-001
 6.5610462e-001
 6.5572751e-001
 6.5532821e-001
 6.5493691e-001
 6.5458357e-001
 6.5429455e-001
 6.5408951e-001
 6.5397990e-001
 6.5396863e-001
 6.5405011e-001
 6.5421170e-001
 6.5443617e-001
 6.5470421e-001
 6.5499735e-001
 6.5530032e-001
 6.5560287e-001
 6.5590048e-001
 6.5619415e-001
 6.5648919e-001
 6.5679342e-001
 6.5711498e-001
 6.5745997e-001
 6.5783083e-001
 6.5822482e-001
 6.5863389e-001
 6.5904492e-001
 6.5944111e-001
 6.5980375e-001
 6.6011441e-001
 6.6035753e-001
 6.6052192e-001
 6.6060239e-001
 6.6060013e-001
 6.6052246e-001
 6.6038179e-001
 6.6019368e-001
 6.5997535e-001
 6.5974307e-001
 6.5951109e-001
 6.5929002e-001
 6.5908635e-001
 6.5890270e-001
 6.5873832e-001
 6.5858996e-001
 6.5845364e-001
 6.5832543e-001
 6.5820289e-001
 6.5808564e-001
 6.5797567e-001
 6.5787721e-001
 6.5779579e-001
 6.5773785e-001
 6.5770882e-001
 6.5771252e-001
 6.5774989e-001
 6.5781844e-001
 6.5791202e-001
 6.5802145e-001
 6.5813524e-001
 6.5824115e-001
 6.5832764e-001
 6.5838552e-001
 6.5840930e-001
 6.5839797e-001
 6.5835547e-001
 6.5828979e-001
 6.5821230e-001
 6.5813589e-001
 6.5807289e-001
 6.5803367e-001
 6.5802449e-001
 6.5804684e-001
 6.5809685e-001
 6.5816575e-001
 6.5824127e-001
 6.5830898e-001
 6.5835476e-001
 6.5836638e-001
 6.5833563e-001
 6.5825921e-001
 6.5813947e-001
 6.5798372e-001
 6.5780360e-001
 6.5761322e-001
 6.5742755e-001
 6.5726042e-001
 6.5712297e-001
 6.5702236e-001
 6.5696138e-001
 6.5693855e-001
 6.5694857e-001
 6.5698344e-001
 6.5703362e-001
 6.5708917e-001
 6.5714085e-001
 6.5718096e-001
 6.5720350e-001
 6.5720463e-001
 6.5718275e-001
 6.5713799e-001
 6.5707207e-001
 6.5698808e-001
 6.5689021e-001
 6.5678322e-001
 6.5667242e-001
 6.5656304e-001
 6.5646005e-001
 6.5636796e-001
 6.5629017e-001
 6.5622914e-001
 6.5618593e-001
 6.5616041e-001
 6.5615112e-001
 6.5615505e-001
 6.5616786e-001
 6.5618426e-001
 6.5619797e-001
 6.5620291e-001
 6.5619338e-001
 6.5616518e-001
 6.5611595e-001
 6.5604573e-001
 6.5595675e-001
 6.5586185e-001
 6.5574145e-001
 6.5561831e-001
 6.5549856e-001
 6.5538728e-001
 6.5528697e-001
 6.5519756e-001
 6.5511632e-001
 6.5503871e-001
 6.5495926e-001
 6.5487212e-001
 6.5477175e-001
 6.5465331e-001
 6.5451330e-001
 6.5435052e-001
 6.5416670e-001
 6.5396637e-001
 6.5375692e-001
 6.5354776e-001
 6.5334958e-001
 6.5317369e-001
 6.5303111e-001
 6.5293235e-001
 6.5288579e-001
 6.5289676e-001
 6.5296608e-001
 6.5308958e-001
 6.5325850e-001
 6.5346104e-001
 6.5368313e-001
 6.5391016e-001
 6.5412736e-001
 6.5432090e-001
 6.5447873e-001
 6.5459216e-001
 6.5465653e-001
 6.5467221e-001
 6.5464360e-001
 6.5457833e-001
 6.5448594e-001
 6.5437692e-001
 6.5426171e-001
 6.5415031e-001
 6.5405178e-001
 6.5397292e-001
 6.5391791e-001
 6.5388793e-001
 6.5388143e-001
 6.5389484e-001
 6.5392333e-001
 6.5396160e-001
 6.5400392e-001
 6.5404445e-001
 6.5407723e-001
 6.5409583e-001
 6.5409350e-001
 6.5406305e-001
 6.5399677e-001
 6.5388668e-001
 6.5372473e-001
 6.5350270e-001
 6.5321279e-001
 6.5284771e-001
 6.5240186e-001
 6.5187174e-001
 6.5125734e-001
 6.5056217e-001
 6.4979285e-001
 6.4895868e-001
 6.4806998e-001
 6.4713782e-001
 6.4617324e-001
 6.4518565e-001
 6.4418238e-001
 6.4316607e-001
 6.4213395e-001
 6.4107686e-001
 6.3997930e-001
 6.3882232e-001
 6.3758373e-001
 6.3624072e-001
 6.3477069e-001
 6.3315195e-001
 6.3136655e-001
 6.2940121e-001
 6.2725037e-001
 6.2491673e-001
 6.2240922e-001
 6.1974293e-001
 6.1693627e-001
 6.1400801e-001
 6.1097902e-001
 6.0786837e-001
 6.0469562e-001
 6.0147905e-001
 5.9823406e-001
 5.9497589e-001
 5.9171623e-001
 5.8846682e-001
 5.8523864e-001
 5.8204120e-001
 5.7888532e-001
 5.7578027e-001
 5.7273656e-001
 5.6976485e-001
 5.6687486e-001
 5.6407779e-001
 5.6138384e-001
 5.5880415e-001
 5.5634999e-001
 5.5403167e-001
 5.5186003e-001
 5.4984397e-001
 5.4799104e-001
 5.4630512e-001
 5.4478472e-001
 5.4342365e-001
 5.4221070e-001
 5.4113090e-001
 5.4016763e-001
 5.3930289e-001
 5.3851902e-001
 5.3779912e-001
 5.3712821e-001
 5.3649503e-001
 5.3589267e-001
 5.3531963e-001
 5.3477907e-001
 5.3427744e-001
 5.3382337e-001
 5.3342634e-001
 5.3309584e-001
 5.3284031e-001
 5.3266627e-001
 5.3257638e-001
 5.3256881e-001
 5.3263605e-001
 5.3276592e-001
 5.3294253e-001
 5.3314799e-001
 5.3336358e-001
 5.3357065e-001
 5.3375208e-001
 5.3389400e-001
 5.3398770e-001
 5.3403169e-001
 5.3403264e-001
 5.3400427e-001
 5.3396565e-001
 5.3393906e-001
 5.3394806e-001
 5.3401619e-001
 5.3416550e-001
 5.3441471e-001
 5.3477681e-001
 5.3525698e-001
 5.3585202e-001
 5.3655082e-001
 5.3733677e-001
 5.3818977e-001
 5.3908795e-001
 5.4000986e-001
 5.4093450e-001
 5.4184341e-001
 5.4272276e-001
 5.4356372e-001
 5.4436439e-001
 5.4512805e-001
 5.4586232e-001
 5.4657745e-001
 5.4728460e-001
 5.4799551e-001
 5.4872113e-001
 5.4947120e-001
 5.5025375e-001
 5.5107337e-001
 5.5193204e-001
 5.5282855e-001
 5.5375946e-001
 5.5472046e-001
 5.5570626e-001
 5.5671173e-001
 5.5773139e-001
 5.5875975e-001
 5.5979216e-001
 5.6082350e-001
 5.6184965e-001
 5.6286639e-001
 5.6386966e-001
 5.6485599e-001
 5.6582165e-001
 5.6676298e-001
 5.6767714e-001
 5.6856161e-001
 5.6941539e-001
 5.7023895e-001
 5.7103443e-001
 5.7180619e-001
 5.7255906e-001
 5.7329929e-001
 5.7403290e-001
 5.7476640e-001
 5.7550532e-001
 5.7625496e-001
 5.7701933e-001
 5.7780027e-001
 5.7859802e-001
 5.7941109e-001
 5.8023685e-001
 5.8107120e-001
 5.8191037e-001
 5.8275044e-001
 5.8358705e-001
 5.8441651e-001
 5.8523554e-001
 5.8604091e-001
 5.8683038e-001
 5.8760214e-001
 5.8835489e-001
 5.8908701e-001
 5.8979756e-001
 5.9048563e-001
 5.9114981e-001
 5.9178919e-001
 5.9240294e-001
 5.9298974e-001
 5.9354877e-001
 5.9407914e-001
 5.9457970e-001
 5.9504956e-001
 5.9548795e-001
 5.9589416e-001
 5.9626746e-001
 5.9660810e-001
 5.9691709e-001
 5.9719676e-001
 5.9745085e-001
 5.9768444e-001
 5.9790355e-001
 5.9811467e-001
 5.9832466e-001
 5.9854025e-001
 5.9876764e-001
 5.9901220e-001
 5.9927768e-001
 5.9956563e-001
 5.9987521e-001
 6.0020363e-001
 6.0054624e-001
 6.0089749e-001
 6.0125160e-001
 6.0160238e-001
 6.0194403e-001
 6.0227108e-001
 6.0257876e-001
 6.0286319e-001
 6.0312176e-001
 6.0335273e-001
 6.0355490e-001
 6.0372782e-001
 6.0387105e-001
 6.0398448e-001
 6.0406810e-001
 6.0412270e-001
 6.0414964e-001
 6.0415161e-001
 6.0413259e-001
 6.0409755e-001
 6.0405248e-001
 6.0400379e-001
 6.0395795e-001
 6.0392123e-001
 6.0389870e-001
 6.0389340e-001
 6.0390455e-001
 6.0392666e-001
 6.0394853e-001
 6.0395432e-001
 6.0392433e-001
 6.0383689e-001
 6.0366929e-001
 6.0339946e-001
 6.0300672e-001
 6.0247403e-001
 6.0179114e-001
 6.0095561e-001
 5.9997463e-001
 5.9886342e-001
 5.9764427e-001
 5.9634250e-001
 5.9498489e-001
 5.9359968e-001
 5.9221345e-001
 5.9085089e-001
 5.8953470e-001
 5.8828211e-001
 5.8710617e-001
 5.8601540e-001
 5.8501595e-001
 5.8411127e-001
 5.8330399e-001
 5.8259672e-001
 5.8199149e-001
 5.8148998e-001
 5.8109361e-001
 5.8080298e-001
 5.8061790e-001
 5.8053786e-001
 5.8056146e-001
 5.8068728e-001
 5.8091366e-001
 5.8123833e-001
 5.8165878e-001
 5.8217102e-001
 5.8276868e-001
 5.8344287e-001
 5.8418149e-001
 5.8496898e-001
 5.8578813e-001
 5.8662045e-001
 5.8744705e-001
 5.8824849e-001
 5.8900702e-001
 5.8970672e-001
 5.9033459e-001
 5.9088266e-001
 5.9134793e-001
 5.9173167e-001
 5.9203869e-001
 5.9227604e-001
 5.9245127e-001
 5.9257269e-001
 5.9264863e-001
 5.9268737e-001
 5.9269708e-001
 5.9268588e-001
 5.9266174e-001
 5.9263241e-001
 5.9260571e-001
 5.9258926e-001
 5.9259057e-001
 5.9261698e-001
 5.9267491e-001
 5.9276956e-001
 5.9290338e-001
 5.9307593e-001
 5.9328282e-001
 5.9351647e-001
 5.9376699e-001
 5.9402299e-001
 5.9427232e-001
 5.9450299e-001
 5.9470344e-001
 5.9486347e-001
 5.9497494e-001
 5.9503275e-001
 5.9503508e-001
 5.9498292e-001
 5.9487951e-001
 5.9472942e-001
 5.9453785e-001
 5.9431040e-001
 5.9405285e-001
 5.9377170e-001
 5.9347403e-001
 5.9316796e-001
 5.9286278e-001
 5.9256893e-001
 5.9229749e-001
 5.9205991e-001
 5.9186798e-001
 5.9173298e-001
 5.9166551e-001
 5.9167463e-001
 5.9176636e-001
 5.9194309e-001
 5.9220284e-001
 5.9253997e-001
 5.9294593e-001
 5.9341067e-001
 5.9392303e-001
 5.9447175e-001
 5.9504580e-001
 5.9563380e-001
 5.9622544e-001
 5.9681082e-001
 5.9738034e-001
 5.9792554e-001
 5.9843820e-001
 5.9891045e-001
 5.9933436e-001
 5.9970272e-001
 6.0000890e-001
 6.0024768e-001
 6.0041636e-001
 6.0051543e-001
 6.0054898e-001
 6.0052449e-001
 6.0045183e-001
 6.0034215e-001
 6.0020757e-001
 6.0006011e-001
 5.9991163e-001
 5.9977347e-001
 5.9965575e-001
 5.9956729e-001
 5.9951526e-001
 5.9950525e-001
 5.9954196e-001
 5.9962934e-001
 5.9977084e-001
 5.9996951e-001
 6.0022748e-001
 6.0054475e-001
 6.0091859e-001
 6.0134196e-001
 6.0180295e-001
 6.0228580e-001
 6.0277164e-001
 6.0323948e-001
 6.0366803e-001
 6.0403627e-001
 6.0432494e-001
 6.0451829e-001
 6.0460728e-001
 6.0459119e-001
 6.0447872e-001
 6.0428727e-001
 6.0404038e-001
 6.0376549e-001
 6.0349149e-001
 6.0324717e-001
 6.0305983e-001
 6.0295242e-001
 6.0294127e-001
 6.0303354e-001
 6.0322595e-001
 6.0350621e-001
 6.0385525e-001
 6.0424978e-001
 6.0466480e-001
 6.0507536e-001
 6.0545731e-001
 6.0579026e-001
 6.0605884e-001
 6.0625517e-001
 6.0637927e-001
 6.0643870e-001
 6.0644627e-001
 6.0641795e-001
 6.0637140e-001
 6.0632426e-001
 6.0629344e-001
 6.0629386e-001
 6.0633689e-001
 6.0642928e-001
 6.0657245e-001
 6.0676318e-001
 6.0699475e-001
 6.0725826e-001
 6.0754406e-001
 6.0784227e-001
 6.0814315e-001
 6.0843837e-001
 6.0872149e-001
 6.0898840e-001
 6.0923797e-001
 6.0947156e-001
 6.0969263e-001
 6.0990536e-001
 6.1011481e-001
 6.1032605e-001
 6.1054391e-001
 6.1077273e-001
 6.1101604e-001
 6.1127603e-001
 6.1155367e-001
 6.1184883e-001
 6.1216021e-001
 6.1248618e-001
 6.1282474e-001
 6.1317378e-001
 6.1353058e-001
 6.1389208e-001
 6.1425418e-001
 6.1461097e-001
 6.1495554e-001
 6.1527938e-001
 6.1557275e-001
 6.1582553e-001
 6.1602747e-001
 6.1616838e-001
 6.1623877e-001
 6.1623085e-001
 6.1613923e-001
 6.1596233e-001
 6.1570239e-001
 6.1536503e-001
 6.1495882e-001
 6.1449367e-001
 6.1398005e-001
 6.1342895e-001
 6.1285043e-001
 6.1225349e-001
 6.1164480e-001
 6.1102873e-001
 6.1040622e-001
 6.0977519e-001
 6.0913199e-001
 6.0847139e-001
 6.0778755e-001
 6.0707515e-001
 6.0632932e-001
 6.0554677e-001
 6.0472673e-001
 6.0387284e-001
 6.0299218e-001
 6.0209543e-001
 6.0119677e-001
 6.0031122e-001
 5.9945446e-001
 5.9864253e-001
 5.9788948e-001
 5.9720677e-001
 5.9660077e-001
 5.9607172e-001
 5.9561223e-001
 5.9520817e-001
 5.9484112e-001
 5.9448922e-001
 5.9412956e-001
 5.9373945e-001
 5.9329730e-001
 5.9278464e-001
 5.9218848e-001
 5.9150267e-001
 5.9072906e-001
 5.8987623e-001
 5.8895868e-001
 5.8799344e-001
 5.8699882e-001
 5.8599377e-001
 5.8499557e-001
 5.8401895e-001
 5.8307469e-001
 5.8216715e-001
 5.8129418e-001
 5.8044749e-001
 5.7961488e-001
 5.7878077e-001
 5.7792866e-001
 5.7704252e-001
 5.7610738e-001
 5.7511151e-001
 5.7404971e-001
 5.7292426e-001
 5.7174599e-001
 5.7053447e-001
 5.6931365e-001
 5.6811082e-001
 5.6695408e-001
 5.6587166e-001
 5.6488913e-001
 5.6402797e-001
 5.6330371e-001
 5.6272286e-001
 5.6228256e-001
 5.6197143e-001
 5.6177086e-001
 5.6165797e-001
 5.6160802e-001
 5.6159562e-001
 5.6159574e-001
 5.6158394e-001
 5.6153661e-001
 5.6143683e-001
 5.6129324e-001
 5.6103480e-001
 5.6072068e-001
 5.6036204e-001
 5.5997014e-001
 5.5955619e-001
 5.5913150e-001
 5.5870736e-001
 5.5829489e-001
 5.5790544e-001
 5.5754912e-001
 5.5722737e-001
 5.5693626e-001
 5.5667186e-001
 5.5643022e-001
 5.5620772e-001
 5.5600029e-001
 5.5580401e-001
 5.5561525e-001
 5.5542994e-001
 5.5524433e-001
 5.5505449e-001
 5.5485648e-001
 5.5464661e-001
 5.5442113e-001
 5.5417848e-001
 5.5391824e-001
 5.5363989e-001
 5.5334306e-001
 5.5302739e-001
 5.5269235e-001
 5.5233747e-001
 5.5196249e-001
 5.5156684e-001
 5.5115014e-001
 5.5071181e-001
 5.5025154e-001
 5.4976892e-001
 5.4926354e-001
 5.4873490e-001
 5.4818237e-001
 5.4760593e-001
 5.4700512e-001
 5.4638135e-001
 5.4573703e-001
 5.4507464e-001
 5.4439652e-001
 5.4370511e-001
 5.4300243e-001
 5.4229140e-001
 5.4157412e-001
 5.4085308e-001
 5.4013050e-001
 5.3940868e-001
 5.3869039e-001
 5.3797781e-001
 5.3727323e-001
 5.3657907e-001
 5.3589779e-001
 5.3523189e-001
 5.3458345e-001
 5.3395498e-001
 5.3334892e-001
 5.3276771e-001
 5.3221339e-001
 5.3168559e-001
 5.3118324e-001
 5.3070486e-001
 5.3024900e-001
 5.2981448e-001
 5.2939957e-001
 5.2900326e-001
 5.2862400e-001
 5.2826047e-001
 5.2791125e-001
 5.2757502e-001
 5.2725041e-001
 5.2693599e-001
 5.2663040e-001
 5.2633232e-001
 5.2604038e-001
 5.2575314e-001
 5.2546930e-001
 5.2518731e-001
 5.2490604e-001
 5.2462393e-001
 5.2433980e-001
 5.2405208e-001
 5.2375954e-001
 5.2346075e-001
 5.2315444e-001
 5.2284032e-001
 5.2251899e-001
 5.2219075e-001
 5.2185583e-001
 5.2151459e-001
 5.2116740e-001
 5.2081472e-001
 5.2045673e-001
 5.2009386e-001
 5.1972634e-001
 5.1935476e-001
 5.1897931e-001
 5.1860040e-001
 5.1821822e-001
 5.1783335e-001
 5.1744610e-001
 5.1705664e-001
 5.1666540e-001
 5.1627284e-001
 5.1587927e-001
 5.1548493e-001
 5.1509029e-001
 5.1469553e-001
 5.1430118e-001
 5.1390749e-001
 5.1351488e-001
 5.1312363e-001
 5.1273417e-001
 5.1234680e-001
 5.1196188e-001
 5.1157945e-001
 5.1119995e-001
 5.1082343e-001
