s07_ASD Record=5839: Ilmenite HS231.3B             BECKb AREF
 6.1285280e-002
 6.1200827e-002
 6.1082538e-002
 6.0943805e-002
 6.0803272e-002
 6.0678173e-002
 6.0578667e-002
 6.0506199e-002
 6.0454886e-002
 6.0414836e-002
 6.0376059e-002
 6.0331333e-002
 6.0277633e-002
 6.0216784e-002
 6.0155619e-002
 6.0103714e-002
 6.0068823e-002
 6.0052831e-002
 6.0050309e-002
 6.0049888e-002
 6.0038164e-002
 6.0004860e-002
 5.9946623e-002
 5.9867240e-002
 5.9774827e-002
 5.9678134e-002
 5.9582852e-002
 5.9489924e-002
 5.9398018e-002
 5.9307422e-002
 5.9221633e-002
 5.9145868e-002
 5.9085011e-002
 5.9042539e-002
 5.9018441e-002
 5.9007592e-002
 5.9001997e-002
 5.8993872e-002
 5.8977630e-002
 5.8950376e-002
 5.8910958e-002
 5.8858816e-002
 5.8793932e-002
 5.8717601e-002
 5.8632895e-002
 5.8543827e-002
 5.8453713e-002
 5.8363874e-002
 5.8273785e-002
 5.8182523e-002
 5.8090560e-002
 5.8000557e-002
 5.7916522e-002
 5.7841845e-002
 5.7777885e-002
 5.7724480e-002
 5.7681471e-002
 5.7649158e-002
 5.7627205e-002
 5.7612378e-002
 5.7592090e-002
 5.7557613e-002
 5.7507969e-002
 5.7442721e-002
 5.7365969e-002
 5.7285544e-002
 5.7202306e-002
 5.7111535e-002
 5.7007693e-002
 5.6888610e-002
 5.6757968e-002
 5.6624021e-002
 5.6495622e-002
 5.6379147e-002
 5.6277595e-002
 5.6191120e-002
 5.6117918e-002
 5.6054477e-002
 5.5995267e-002
 5.5932801e-002
 5.5859111e-002
 5.5768717e-002
 5.5661615e-002
 5.5544361e-002
 5.5428144e-002
 5.5324633e-002
 5.5241659e-002
 5.5180803e-002
 5.5137817e-002
 5.5105228e-002
 5.5075798e-002
 5.5045262e-002
 5.5013299e-002
 5.4982249e-002
 5.4954227e-002
 5.4928016e-002
 5.4897707e-002
 5.4855239e-002
 5.4796390e-002
 5.4725464e-002
 5.4653648e-002
 5.4591656e-002
 5.4543018e-002
 5.4503314e-002
 5.4464690e-002
 5.4421328e-002
 5.4370366e-002
 5.4309011e-002
 5.4234117e-002
 5.4146398e-002
 5.4054428e-002
 5.3973101e-002
 5.3916607e-002
 5.3890523e-002
 5.3888027e-002
 5.3892955e-002
 5.3887688e-002
 5.3859904e-002
 5.3803947e-002
 5.3719644e-002
 5.3614110e-002
 5.3505071e-002
 5.3418159e-002
 5.3375907e-002
 5.3386714e-002
 5.3442758e-002
 5.3524952e-002
 5.3607002e-002
 5.3658005e-002
 5.3651683e-002
 5.3583302e-002
 5.3478893e-002
 5.3381465e-002
 5.3322036e-002
 5.3302072e-002
 5.3302433e-002
 5.3306632e-002
 5.3314611e-002
 5.3336110e-002
 5.3372324e-002
 5.3404406e-002
 5.3401846e-002
 5.3346425e-002
 5.3250752e-002
 5.3152990e-002
 5.3091861e-002
 5.3084444e-002
 5.3123362e-002
 5.3190086e-002
 5.3269442e-002
 5.3353466e-002
 5.3433612e-002
 5.3492025e-002
 5.3506564e-002
 5.3469855e-002
 5.3401150e-002
 5.3332612e-002
 5.3282306e-002
 5.3244140e-002
 5.3203255e-002
 5.3155638e-002
 5.3111885e-002
 5.3087343e-002
 5.3091120e-002
 5.3120840e-002
 5.3164691e-002
 5.3209729e-002
 5.3250529e-002
 5.3290490e-002
 5.3335015e-002
 5.3383909e-002
 5.3429864e-002
 5.3463560e-002
 5.3481620e-002
 5.3490840e-002
 5.3502832e-002
 5.3522028e-002
 5.3541467e-002
 5.3554956e-002
 5.3572357e-002
 5.3618547e-002
 5.3716827e-002
 5.3871941e-002
 5.4057743e-002
 5.4211825e-002
 5.4256037e-002
 5.4150946e-002
 5.3941593e-002
 5.3736340e-002
 5.3625654e-002
 5.3617544e-002
 5.3651635e-002
 5.3671435e-002
 5.3676337e-002
 5.3704139e-002
 5.3778499e-002
 5.3887777e-002
 5.4005276e-002
 5.4108314e-002
 5.4177161e-002
 5.4194782e-002
 5.4157630e-002
 5.4081604e-002
 5.3995423e-002
 5.3930081e-002
 5.3906709e-002
 5.3921167e-002
 5.3941354e-002
 5.3933199e-002
 5.3895511e-002
 5.3864561e-002
 5.3882975e-002
 5.3965524e-002
 5.4088775e-002
 5.4205265e-002
 5.4270949e-002
 5.4271683e-002
 5.4230925e-002
 5.4190043e-002
 5.4178219e-002
 5.4199070e-002
 5.4239359e-002
 5.4283690e-002
 5.4324176e-002
 5.4364294e-002
 5.4413196e-002
 5.4469030e-002
 5.4507658e-002
 5.4497678e-002
 5.4434944e-002
 5.4361381e-002
 5.4339856e-002
 5.4400787e-002
 5.4519501e-002
 5.4658592e-002
 5.4819588e-002
 5.5025067e-002
 5.5253342e-002
 5.5421285e-002
 5.5446800e-002
 5.5324707e-002
 5.5135399e-002
 5.4974321e-002
 5.4877803e-002
 5.4826226e-002
 5.4804742e-002
 5.4834403e-002
 5.4941539e-002
 5.5111498e-002
 5.5283025e-002
 5.5392988e-002
 5.5415180e-002
 5.5353757e-002
 5.5225436e-002
 5.5070195e-002
 5.4957766e-002
 5.4943267e-002
 5.5018142e-002
 5.5136904e-002
 5.5272311e-002
 5.5391964e-002
 5.5426922e-002
 5.5342842e-002
 5.5204146e-002
 5.5123992e-002
 5.5179972e-002
 5.5350050e-002
 5.5503864e-002
 5.5522930e-002
 5.5419218e-002
 5.5276524e-002
 5.5157706e-002
 5.5110946e-002
 5.5154800e-002
 5.5252779e-002
 5.5381969e-002
 5.5563822e-002
 5.5760767e-002
 5.5834401e-002
 5.5702079e-002
 5.5466626e-002
 5.5311851e-002
 5.5307969e-002
 5.5399667e-002
 5.5523954e-002
 5.5639062e-002
 5.5697236e-002
 5.5665188e-002
 5.5558857e-002
 5.5436760e-002
 5.5367999e-002
 5.5400264e-002
 5.5527043e-002
 5.5679090e-002
 5.5786118e-002
 5.5858880e-002
 5.5957124e-002
 5.6069713e-002
 5.6121625e-002
 5.6121230e-002
 5.6172706e-002
 5.6296665e-002
 5.6373347e-002
 5.6321245e-002
 5.6209747e-002
 5.6144968e-002
 5.6148656e-002
 5.6189928e-002
 5.6252107e-002
 5.6329411e-002
 5.6411766e-002
 5.6500971e-002
 5.6603223e-002
 5.6690618e-002
 5.6716844e-002
 5.6690335e-002
 5.6674328e-002
 5.6697804e-002
 5.6725331e-002
 5.6733642e-002
 5.6781434e-002
 5.6932241e-002
 5.7127338e-002
 5.7213422e-002
 5.7102151e-002
 5.6872033e-002
 5.6709971e-002
 5.6742843e-002
 5.6918271e-002
 5.7060104e-002
 5.7045586e-002
 5.6926377e-002
 5.6872964e-002
 5.6997828e-002
 5.7233687e-002
 5.7390746e-002
 5.7337679e-002
 5.7127845e-002
 5.6949940e-002
 5.6959845e-002
 5.7159539e-002
 5.7425253e-002
 5.7630785e-002
 5.7737354e-002
 5.7782818e-002
 5.7808105e-002
 5.7806328e-002
 5.7745580e-002
 5.7638206e-002
 5.7575710e-002
 5.7665505e-002
 5.7899367e-002
 5.8097228e-002
 5.8087993e-002
 5.7990968e-002
 5.8002174e-002
 5.8120783e-002
 5.8232363e-002
 5.8291487e-002
 5.8336191e-002
 5.8399849e-002
 5.8467589e-002
 5.8494780e-002
 5.8460318e-002
 5.8395158e-002
 5.8347721e-002
 5.8344088e-002
 5.8395483e-002
 5.8504906e-002
 5.8633506e-002
 5.8704596e-002
 5.8698025e-002
 5.8691457e-002
 5.8739699e-002
 5.8788061e-002
 5.8787711e-002
 5.8802988e-002
 5.8909249e-002
 5.9066594e-002
 5.9171814e-002
 5.9174303e-002
 5.9102107e-002
 5.9019908e-002
 5.8983140e-002
 5.9018515e-002
 5.9133295e-002
 5.9314422e-002
 5.9498150e-002
 5.9576649e-002
 5.9489455e-002
 5.9306465e-002
 5.9200067e-002
 5.9319817e-002
 5.9650771e-002
 5.9988488e-002
 6.0103655e-002
 5.9954118e-002
 5.9667341e-002
 5.9434436e-002
 5.9435666e-002
 5.9642058e-002
 5.9799574e-002
 5.9784040e-002
 5.9737843e-002
 5.9818849e-002
 6.0023900e-002
 6.0210928e-002
 6.0238328e-002
 6.0112797e-002
 5.9992038e-002
 6.0030766e-002
 6.0233157e-002
 6.0455922e-002
 6.0546011e-002
 6.0465213e-002
 6.0293008e-002
 6.0134731e-002
 6.0054343e-002
 6.0069110e-002
 6.0173657e-002
 6.0345385e-002
 6.0546324e-002
 6.0732257e-002
 6.0859781e-002
 6.0892865e-002
 6.0816310e-002
 6.0652744e-002
 6.0467564e-002
 6.0350064e-002
 6.0350094e-002
 6.0436811e-002
 6.0566522e-002
 6.0698107e-002
 6.0819022e-002
 6.0928144e-002
 6.1024413e-002
 6.1105818e-002
 6.1164420e-002
 6.1189864e-002
 6.1171781e-002
 6.1104719e-002
 6.1015546e-002
 6.0944188e-002
 6.0930636e-002
 6.1006360e-002
 6.1146602e-002
 6.1303802e-002
 6.1430335e-002
 6.1485637e-002
 6.1476242e-002
 6.1417725e-002
 6.1356191e-002
 6.1310779e-002
 6.1292697e-002
 6.1299201e-002
 6.1326951e-002
 6.1372604e-002
 6.1432652e-002
 6.1499689e-002
 6.1562423e-002
 6.1609417e-002
 6.1629221e-002
 6.1611142e-002
 6.1561417e-002
 6.1502941e-002
 6.1459333e-002
 6.1454214e-002
 6.1510041e-002
 6.1623596e-002
 6.1766449e-002
 6.1909188e-002
 6.2022310e-002
 6.2076379e-002
 6.2051471e-002
 6.1964668e-002
 6.1842002e-002
 6.1709549e-002
 6.1593331e-002
 6.1519422e-002
 6.1506249e-002
 6.1542992e-002
 6.1611772e-002
 6.1694715e-002
 6.1773948e-002
 6.1831594e-002
 6.1849784e-002
 6.1816383e-002
 6.1741106e-002
 6.1638854e-002
 6.1524570e-002
 6.1413143e-002
 6.1319515e-002
 6.1258595e-002
 6.1245304e-002
 6.1290886e-002
 6.1392736e-002
 6.1545029e-002
 6.1741859e-002
 6.1977424e-002
 6.2245816e-002
 6.2541194e-002
 6.2857747e-002
 6.3188769e-002
 6.3524850e-002
 6.3855730e-002
 6.4171314e-002
 6.4461373e-002
 6.4715780e-002
 6.4924330e-002
 6.5076895e-002
 6.5166309e-002
 6.5196693e-002
 6.5174729e-002
 6.5107092e-002
 6.5000474e-002
 6.4861566e-002
 6.4697027e-002
 6.4513564e-002
 6.4317852e-002
 6.4116582e-002
 6.3916422e-002
 6.3724086e-002
 6.3545115e-002
 6.3381158e-002
 6.3232854e-002
 6.3100912e-002
 6.2986024e-002
 6.2888883e-002
 6.2810168e-002
 6.2750563e-002
 6.2710769e-002
 6.2691472e-002
 6.2693357e-002
 6.2717117e-002
 6.2763430e-002
 6.2832899e-002
 6.2926121e-002
 6.3043706e-002
 6.3186221e-002
 6.3354306e-002
 6.3548520e-002
 6.3769497e-002
 6.4017795e-002
 6.4294025e-002
 6.4598821e-002
 6.4929970e-002
 6.5275691e-002
 6.5621935e-002
 6.5954827e-002
 6.6260301e-002
 6.6524483e-002
 6.6733316e-002
 6.6872910e-002
 6.6929244e-002
 6.6888377e-002
 6.6742487e-002
 6.6505171e-002
 6.6194549e-002
 6.5828890e-002
 6.5426290e-002
 6.5005049e-002
 6.4583227e-002
 6.4179145e-002
 6.3810870e-002
 6.3496679e-002
 6.3249730e-002
 6.3066289e-002
 6.2938899e-002
 6.2860191e-002
 6.2822737e-002
 6.2819138e-002
 6.2841959e-002
 6.2883832e-002
 6.2937312e-002
 6.2995009e-002
 6.3050821e-002
 6.3103147e-002
 6.3151278e-002
 6.3194528e-002
 6.3232221e-002
 6.3263655e-002
 6.3288160e-002
 6.3305043e-002
 6.3313596e-002
 6.3313045e-002
 6.3302137e-002
 6.3279577e-002
 6.3244052e-002
 6.3194253e-002
 6.3128874e-002
 6.3046612e-002
 6.2946148e-002
 6.2827908e-002
 6.2697977e-002
 6.2563635e-002
 6.2432118e-002
 6.2310725e-002
 6.2206693e-002
 6.2127315e-002
 6.2079828e-002
 6.2070753e-002
 6.2104110e-002
 6.2183451e-002
 6.2312268e-002
 6.2494129e-002
 6.2732525e-002
 6.3031033e-002
 6.3393116e-002
 6.3813493e-002
 6.4258143e-002
 6.4687438e-002
 6.5024994e-002
 6.5280691e-002
 6.5399468e-002
 6.5356962e-002
 6.5156437e-002
 6.4825028e-002
 6.4406246e-002
 6.3951507e-002
 6.3513801e-002
 6.3139983e-002
 6.2859148e-002
 6.2675051e-002
 6.2573053e-002
 6.2531047e-002
 6.2526077e-002
 6.2538102e-002
 6.2552989e-002
 6.2563412e-002
 6.2567100e-002
 6.2564299e-002
 6.2556133e-002
 6.2544048e-002
 6.2529683e-002
 6.2514864e-002
 6.2501542e-002
 6.2491477e-002
 6.2485538e-002
 6.2482469e-002
 6.2477563e-002
 6.2462270e-002
 6.2425185e-002
 6.2354170e-002
 6.2239598e-002
 6.2078536e-002
 6.1878484e-002
 6.1658468e-002
 6.1446525e-002
 6.1274372e-002
 6.1170444e-002
 6.1152145e-002
 6.1495215e-002
 6.1508294e-002
 6.1533306e-002
 6.1562885e-002
 6.1590333e-002
 6.1610967e-002
 6.1623067e-002
 6.1628200e-002
 6.1631043e-002
 6.1638471e-002
 6.1658081e-002
 6.1696466e-002
 6.1757661e-002
 6.1842125e-002
 6.1946932e-002
 6.2066682e-002
 6.2194627e-002
 6.2323995e-002
 6.2448837e-002
 6.2564641e-002
 6.2668525e-002
 6.2758967e-002
 6.2835589e-002
 6.2898703e-002
 6.2949009e-002
 6.2987454e-002
 6.3015200e-002
 6.3033722e-002
 6.3044973e-002
 6.3051611e-002
 6.3057087e-002
 6.3065574e-002
 6.3081607e-002
 6.3109525e-002
 6.3152760e-002
 6.3213021e-002
 6.3289523e-002
 6.3378684e-002
 6.3474089e-002
 6.3567176e-002
 6.3648373e-002
 6.3708454e-002
 6.3739948e-002
 6.3738160e-002
 6.3701548e-002
 6.3631520e-002
 6.3531600e-002
 6.3406415e-002
 6.3260622e-002
 6.3098468e-002
 6.2923692e-002
 6.2740177e-002
 6.2552750e-002
 6.2367830e-002
 6.2193871e-002
 6.2040746e-002
 6.1918776e-002
 6.1837047e-002
 6.1801665e-002
 6.1814468e-002
 6.1872307e-002
 6.1967280e-002
 6.2087782e-002
 6.2220242e-002
 6.2350992e-002
 6.2468141e-002
 6.2563017e-002
 6.2630825e-002
 6.2670752e-002
 6.2685363e-002
 6.2679574e-002
 6.2659435e-002
 6.2630966e-002
 6.2599264e-002
 6.2567994e-002
 6.2539302e-002
 6.2514089e-002
 6.2492374e-002
 6.2473755e-002
 6.2457647e-002
 6.2443294e-002
 6.2429648e-002
 6.2415160e-002
 6.2397707e-002
 6.2374763e-002
 6.2343903e-002
 6.2303465e-002
 6.2253334e-002
 6.2195469e-002
 6.2134027e-002
 6.2075008e-002
 6.2025357e-002
 6.1991844e-002
 6.1979864e-002
 6.1992534e-002
 6.2030245e-002
 6.2090766e-002
 6.2169775e-002
 6.2261675e-002
 6.2360488e-002
 6.2460490e-002
 6.2556729e-002
 6.2645108e-002
 6.2722385e-002
 6.2786177e-002
 6.2834844e-002
 6.2867686e-002
 6.2885091e-002
 6.2888712e-002
 6.2881604e-002
 6.2868051e-002
 6.2853172e-002
 6.2842272e-002
 6.2840007e-002
 6.2849574e-002
 6.2872015e-002
 6.2905803e-002
 6.2946916e-002
 6.2989213e-002
 6.3025385e-002
 6.3048005e-002
 6.3050739e-002
 6.3029364e-002
 6.2982358e-002
 6.2911011e-002
 6.2819012e-002
 6.2711582e-002
 6.2594369e-002
 6.2472515e-002
 6.2349856e-002
 6.2228762e-002
 6.2110320e-002
 6.1994869e-002
 6.1882831e-002
 6.1775226e-002
 6.1674111e-002
 6.1582491e-002
 6.1503861e-002
 6.1441608e-002
 6.1398230e-002
 6.1374743e-002
 6.1370373e-002
 6.1382618e-002
 6.1407644e-002
 6.1440986e-002
 6.1478328e-002
 6.1516240e-002
 6.1552666e-002
 6.1587047e-002
 6.1620068e-002
 6.1653059e-002
 6.1687190e-002
 6.1722741e-002
 6.1758555e-002
 6.1791949e-002
 6.1819073e-002
 6.1835665e-002
 6.1838053e-002
 6.1824087e-002
 6.1793841e-002
 6.1749805e-002
 6.1696630e-002
 6.1640352e-002
 6.1587464e-002
 6.1543856e-002
 6.1513979e-002
 6.1500397e-002
 6.1503671e-002
 6.1522666e-002
 6.1555088e-002
 6.1598107e-002
 6.1648902e-002
 6.1704986e-002
 6.1764266e-002
 6.1824765e-002
 6.1884262e-002
 6.1939813e-002
 6.1987516e-002
 6.2022619e-002
 6.2040016e-002
 6.2035162e-002
 6.2005173e-002
 6.1949935e-002
 6.1872743e-002
 6.1780486e-002
 6.1682925e-002
 6.1591469e-002
 6.1517388e-002
 6.1469942e-002
 6.1454866e-002
 6.1473321e-002
 6.1521731e-002
 6.1592337e-002
 6.1674461e-002
 6.1756097e-002
 6.1825659e-002
 6.1873555e-002
 6.1893236e-002
 6.1881814e-002
 6.1840009e-002
 6.1771657e-002
 6.1682824e-002
 6.1580833e-002
 6.1473254e-002
 6.1367206e-002
 6.1268855e-002
 6.1183181e-002
 6.1114017e-002
 6.1064061e-002
 6.1034936e-002
 6.1027102e-002
 6.1039705e-002
 6.1070468e-002
 6.1115663e-002
 6.1170343e-002
 6.1228801e-002
 6.1285291e-002
 6.1334744e-002
 6.1373476e-002
 6.1399579e-002
 6.1412975e-002
 6.1415121e-002
 6.1408475e-002
 6.1395876e-002
 6.1380047e-002
 6.1363291e-002
 6.1347451e-002
 6.1334051e-002
 6.1324507e-002
 6.1320223e-002
 6.1322544e-002
 6.1332457e-002
 6.1350163e-002
 6.1374635e-002
 6.1403330e-002
 6.1432149e-002
 6.1455786e-002
 6.1468367e-002
 6.1464362e-002
 6.1439533e-002
 6.1391823e-002
 6.1321944e-002
 6.1233547e-002
 6.1133035e-002
 6.1028775e-002
 6.0930151e-002
 6.0846306e-002
 6.0784880e-002
 6.0751058e-002
 6.0746867e-002
 6.0771029e-002
 6.0819265e-002
 6.0885057e-002
 6.0960680e-002
 6.1038461e-002
 6.1111841e-002
 6.1176352e-002
 6.1230201e-002
 6.1274368e-002
 6.1312396e-002
 6.1349630e-002
 6.1392296e-002
 6.1446320e-002
 6.1516162e-002
 6.1603807e-002
 6.1708167e-002
 6.1824754e-002
 6.1946131e-002
 6.2062658e-002
 6.2163822e-002
 6.2239863e-002
 6.2283244e-002
 6.2290043e-002
 6.2260676e-002
 6.2200006e-002
 6.2116604e-002
 6.2021479e-002
 6.1926238e-002
 6.1841346e-002
 6.1774541e-002
 6.1729763e-002
 6.1706923e-002
 6.1702251e-002
 6.1709300e-002
 6.1720293e-002
 6.1727595e-002
 6.1724991e-002
 6.1708614e-002
 6.1677389e-002
 6.1632942e-002
 6.1579071e-002
 6.1520934e-002
 6.1464127e-002
 6.1413787e-002
 6.1374038e-002
 6.1347619e-002
 6.1335884e-002
 6.1338969e-002
 6.1356027e-002
 6.1385430e-002
 6.1424881e-002
 6.1471350e-002
 6.1521046e-002
 6.1569434e-002
 6.1611433e-002
 6.1641887e-002
 6.1656214e-002
 6.1651178e-002
 6.1625574e-002
 6.1580665e-002
 6.1520226e-002
 6.1450168e-002
 6.1377756e-002
 6.1310515e-002
 6.1255142e-002
 6.1216485e-002
 6.1196819e-002
 6.1195597e-002
 6.1209623e-002
 6.1233696e-002
 6.1261561e-002
 6.1287027e-002
 6.1305042e-002
 6.1312545e-002
 6.1308935e-002
 6.1296113e-002
 6.1278015e-002
 6.1259873e-002
 6.1247166e-002
 6.1244626e-002
 6.1255336e-002
 6.1280157e-002
 6.1317533e-002
 6.1363697e-002
 6.1413225e-002
 6.1459865e-002
 6.1497517e-002
 6.1521068e-002
 6.1527152e-002
 6.1514564e-002
 6.1484303e-002
 6.1439294e-002
 6.1383825e-002
 6.1322812e-002
 6.1261021e-002
 6.1202463e-002
 6.1149884e-002
 6.1104652e-002
 6.1066847e-002
 6.1035603e-002
 6.1009660e-002
 6.0987879e-002
 6.0969777e-002
 6.0955811e-002
 6.0947411e-002
 6.0946785e-002
 6.0956419e-002
 6.0978446e-002
 6.1013993e-002
 6.1062630e-002
 6.1122052e-002
 6.1188146e-002
 6.1255354e-002
 6.1317440e-002
 6.1368488e-002
 6.1403908e-002
 6.1421372e-002
 6.1421402e-002
 6.1407465e-002
 6.1385512e-002
 6.1363049e-002
 6.1347824e-002
 6.1346475e-002
 6.1363354e-002
 6.1399844e-002
 6.1454203e-002
 6.1522067e-002
 6.1597411e-002
 6.1673649e-002
 6.1744805e-002
 6.1806299e-002
 6.1855398e-002
 6.1891232e-002
 6.1914410e-002
 6.1926518e-002
 6.1929550e-002
 6.1925482e-002
 6.1916027e-002
 6.1902609e-002
 6.1886512e-002
 6.1869066e-002
 6.1851814e-002
 6.1836556e-002
 6.1825179e-002
 6.1819352e-002
 6.1820079e-002
 6.1827298e-002
 6.1839655e-002
 6.1854504e-002
 6.1868336e-002
 6.1877452e-002
 6.1878808e-002
 6.1870836e-002
 6.1853912e-002
 6.1830413e-002
 6.1804175e-002
 6.1779547e-002
 6.1760165e-002
 6.1747853e-002
 6.1741866e-002
 6.1738748e-002
 6.1732866e-002
 6.1717544e-002
 6.1686505e-002
 6.1635423e-002
 6.1563112e-002
 6.1472256e-002
 6.1369393e-002
 6.1264154e-002
 6.1168000e-002
 6.1092440e-002
 6.1047263e-002
 6.1038911e-002
 6.1069343e-002
 6.1135605e-002
 6.1230175e-002
 6.1341960e-002
 6.1457880e-002
 6.1564747e-002
 6.1650958e-002
 6.1708059e-002
 6.1731573e-002
 6.1721280e-002
 6.1680753e-002
 6.1616406e-002
 6.1536130e-002
 6.1447956e-002
 6.1358884e-002
 6.1274089e-002
 6.1196826e-002
 6.1128721e-002
 6.1070465e-002
 6.1022688e-002
 6.0986523e-002
 6.0963873e-002
 6.0957115e-002
 6.0968429e-002
 6.0998913e-002
 6.1047871e-002
 6.1112452e-002
 6.1187875e-002
 6.1268218e-002
 6.1347462e-002
 6.1420679e-002
 6.1484762e-002
 6.1538734e-002
 6.1583418e-002
 6.1620556e-002
 6.1651766e-002
 6.1677530e-002
 6.1696615e-002
 6.1706033e-002
 6.1701585e-002
 6.1678912e-002
 6.1634742e-002
 6.1568115e-002
 6.1481193e-002
 6.1379604e-002
 6.1272014e-002
 6.1169047e-002
 6.1081860e-002
 6.1020281e-002
 6.0991306e-002
 6.0997862e-002
 6.1038353e-002
 6.1106935e-002
 6.1194539e-002
 6.1290309e-002
 6.1383270e-002
 6.1463855e-002
 6.1524972e-002
 6.1562680e-002
 6.1576251e-002
 6.1567977e-002
 6.1542682e-002
 6.1507169e-002
 6.1469611e-002
 6.1438914e-002
 6.1423939e-002
 6.1432593e-002
 6.1470807e-002
 6.1541490e-002
 6.1643768e-002
 6.1772566e-002
 6.1918974e-002
 6.2071107e-002
 6.2215716e-002
 6.2340070e-002
 6.2433660e-002
 6.2489722e-002
 6.2505856e-002
 6.2483996e-002
 6.2429607e-002
 6.2350400e-002
 6.2254820e-002
 6.2150758e-002
 6.2044580e-002
 6.1940640e-002
 6.1841466e-002
 6.1748207e-002
 6.1661497e-002
 6.1582234e-002
 6.1512168e-002
 6.1454222e-002
 6.1412286e-002
 6.1390635e-002
 6.1392996e-002
 6.1421379e-002
 6.1475005e-002
 6.1549511e-002
 6.1637200e-002
 6.1727762e-002
 6.1809495e-002
 6.1870556e-002
 6.1899938e-002
 6.1888665e-002
 6.1831318e-002
 6.1727356e-002
 6.1582092e-002
 6.1406855e-002
 6.1217878e-002
 6.1034404e-002
 6.0875721e-002
 6.0758218e-002
 6.0692351e-002
 6.0680974e-002
 6.0719963e-002
 6.0800005e-002
 6.0909055e-002
 6.1034825e-002
 6.1166767e-002
 6.1297119e-002
 6.1421338e-002
 6.1537940e-002
 6.1647590e-002
 6.1752118e-002
 6.1853282e-002
 6.1952006e-002
 6.2047999e-002
 6.2139802e-002
 6.2225308e-002
 6.2302325e-002
 6.2369164e-002
 6.2424961e-002
 6.2469464e-002
 6.2502742e-002
 6.2524639e-002
 6.2534384e-002
 6.2530287e-002
 6.2509656e-002
 6.2469043e-002
 6.2404752e-002
 6.2313683e-002
 6.2194232e-002
 6.2047325e-002
 6.1877023e-002
 6.1690498e-002
 6.1497554e-002
 6.1309233e-002
 6.1136324e-002
 6.0987554e-002
 6.0868058e-002
 6.0778994e-002
 6.0717862e-002
 6.0679596e-002
 6.0657877e-002
 6.0646448e-002
 6.0640238e-002
 6.0635995e-002
 6.0632546e-002
 6.0630724e-002
 6.0632918e-002
 6.0642403e-002
 6.0662564e-002
 6.0696166e-002
 6.0744744e-002
 6.0808323e-002
 6.0885325e-002
 6.0972743e-002
 6.1066501e-002
 6.1161797e-002
 6.1253607e-002
 6.1337039e-002
 6.1407700e-002
 6.1462060e-002
 6.1497632e-002
 6.1513226e-002
 6.1509032e-002
 6.1486658e-002
 6.1449021e-002
 6.1400153e-002
 6.1344810e-002
 6.1288059e-002
 6.1234776e-002
 6.1189156e-002
 6.1154373e-002
 6.1132278e-002
 6.1123375e-002
 6.1126880e-002
 6.1140958e-002
 6.1163068e-002
 6.1190303e-002
 6.1219737e-002
 6.1248709e-002
 6.1275035e-002
 6.1297100e-002
 6.1313909e-002
 6.1325084e-002
 6.1330773e-002
 6.1331574e-002
 6.1328426e-002
 6.1322473e-002
 6.1314914e-002
 6.1306886e-002
 6.1299305e-002
 6.1292786e-002
 6.1287597e-002
 6.1283700e-002
 6.1280858e-002
 6.1278846e-002
 6.1277699e-002
 6.1277948e-002
 6.1280817e-002
 6.1288271e-002
 6.1302893e-002
 6.1327510e-002
 6.1364643e-002
 6.1415825e-002
 6.1480835e-002
 6.1557159e-002
 6.1639719e-002
 6.1721031e-002
 6.1792016e-002
 6.1843175e-002
 6.1866246e-002
 6.1855949e-002
 6.1811473e-002
 6.1737452e-002
 6.1644118e-002
 6.1546531e-002
 6.1462726e-002
 6.1411165e-002
 6.1407581e-002
 6.1462067e-002
 6.1576702e-002
 6.1744455e-002
 6.1949901e-002
 6.2171496e-002
 6.2384401e-002
 6.2563822e-002
 6.2688157e-002
 6.2741257e-002
 6.2713720e-002
 6.2603869e-002
 6.2418126e-002
 6.2170032e-002
 6.1878737e-002
 6.1566625e-002
 6.1256636e-002
 6.0970083e-002
 6.0724381e-002
 6.0532112e-002
 6.0400389e-002
 6.0330916e-002
 6.0320526e-002
 6.0361713e-002
 6.0443327e-002
 6.0551528e-002
 6.0671050e-002
 6.0786352e-002
 6.0883060e-002
 6.0949251e-002
 6.0976770e-002
 6.0962163e-002
 6.0907062e-002
 6.0818136e-002
 6.0706694e-002
 6.0587537e-002
 6.0477324e-002
 6.0392767e-002
 6.0348652e-002
 6.0356174e-002
 6.0421683e-002
 6.0546134e-002
 6.0725175e-002
 6.0949896e-002
 6.1208095e-002
 6.1485484e-002
 6.1767302e-002
 6.2039334e-002
 6.2288914e-002
 6.2505655e-002
 6.2681533e-002
 6.2811233e-002
 6.2891878e-002
 6.2923081e-002
 6.2906787e-002
 6.2847123e-002
 6.2750250e-002
 6.2624149e-002
 6.2478188e-002
 6.2322553e-002
 6.2167637e-002
 6.2023263e-002
 6.1897863e-002
 6.1797950e-002
 6.1727569e-002
 6.1688174e-002
 6.1678667e-002
 6.1695721e-002
 6.1734281e-002
 6.1788149e-002
 6.1850555e-002
 6.1914660e-002
 6.1973989e-002
 6.2022675e-002
 6.2055659e-002
 6.2068775e-002
 6.2058818e-002
 6.2023580e-002
 6.1961923e-002
 6.1873779e-002
 6.1760239e-002
 6.1623551e-002
 6.1467014e-002
 6.1295062e-002
 6.1113030e-002
 6.0927212e-002
 6.0744707e-002
 6.0573258e-002
 6.0421184e-002
 6.0297061e-002
 6.0209248e-002
 6.0165420e-002
 6.0171716e-002
 6.0231950e-002
 6.0346734e-002
 6.0512848e-002
 6.0722772e-002
 6.0964916e-002
 6.1224099e-002
 6.1482735e-002
 6.1722536e-002
 6.1926086e-002
 6.2078856e-002
 6.2170584e-002
 6.2196404e-002
 6.2157206e-002
 6.2059350e-002
 6.1913658e-002
 6.1734054e-002
 6.1535835e-002
 6.1333895e-002
 6.1141398e-002
 6.0968634e-002
 6.0822424e-002
 6.0706228e-002
 6.0620468e-002
 6.0563393e-002
 6.0531914e-002
 6.0522538e-002
 6.0532149e-002
 6.0558572e-002
 6.0600832e-002
 6.0659152e-002
 6.0734726e-002
 6.0829196e-002
 6.0944147e-002
 6.1080396e-002
 6.1237466e-002
 6.1413243e-002
 6.1603781e-002
 6.1803799e-002
 6.2006950e-002
 6.2206402e-002
 6.2395450e-002
 6.2567808e-002
 6.2718168e-002
 6.2842108e-002
 6.2936239e-002
 6.2998451e-002
 6.3027926e-002
 6.3025095e-002
 6.2991515e-002
 6.2929600e-002
 6.2842362e-002
 6.2733233e-002
 6.2605850e-002
 6.2463835e-002
 6.2310863e-002
 6.2153582e-002
 6.1985303e-002
 6.1816882e-002
 6.1651770e-002
 6.1493367e-002
 6.1344732e-002
 6.1208606e-002
 6.1087385e-002
 6.0983155e-002
 6.0897913e-002
 6.0833473e-002
 6.0791537e-002
 6.0773473e-002
 6.0780037e-002
 6.0811073e-002
 6.0865261e-002
 6.0940083e-002
 6.1031826e-002
 6.1135955e-002
 6.1247360e-002
 6.1360698e-002
 6.1470680e-002
 6.1572280e-002
 6.1661258e-002
 6.1734606e-002
 6.1791070e-002
 6.1831407e-002
 6.1858121e-002
 6.1875045e-002
 6.1886765e-002
 6.1898187e-002
 6.1914217e-002
 6.1939403e-002
 6.1977491e-002
 6.2030882e-002
 6.2100165e-002
 6.2183946e-002
 6.2279008e-002
 6.2380794e-002
 6.2483996e-002
 6.2582910e-002
 6.2671877e-002
 6.2745579e-002
 6.2799476e-002
 6.2830456e-002
 6.2837228e-002
 6.2820598e-002
 6.2783204e-002
 6.2729105e-002
 6.2663130e-002
 6.2590525e-002
 6.2516563e-002
 6.2446360e-002
 6.2384520e-002
 6.2334817e-002
 6.2299915e-002
 6.2281214e-002
 6.2278990e-002
 6.2292691e-002
 6.2321264e-002
 6.2363382e-002
 6.2417611e-002
 6.2482394e-002
 6.2555976e-002
 6.2636383e-002
 6.2721215e-002
 6.2807672e-002
 6.2892616e-002
 6.2972583e-002
 6.3044019e-002
 6.3103274e-002
 6.3146807e-002
 6.3171379e-002
 6.3174382e-002
 6.3154213e-002
 6.3110702e-002
 6.3045233e-002
 6.2960565e-002
 6.2860541e-002
 6.2749572e-002
 6.2632389e-002
 6.2513769e-002
 6.2398300e-002
 6.2290236e-002
 6.2193155e-002
 6.2109794e-002
 6.2041920e-002
 6.1990399e-002
 6.1955489e-002
 6.1937038e-002
 6.1934676e-002
 6.1947916e-002
 6.1976071e-002
 6.2018141e-002
 6.2072586e-002
 6.2137175e-002
 6.2208861e-002
 6.2283907e-002
 6.2358037e-002
 6.2426668e-002
 6.2485144e-002
 6.2528878e-002
 6.2553734e-002
 6.2556386e-002
 6.2534973e-002
 6.2489554e-002
 6.2422369e-002
 6.2337574e-002
 6.2240764e-002
 6.2138416e-002
 6.2037334e-002
 6.1944418e-002
 6.1866276e-002
 6.1808921e-002
 6.1777316e-002
 6.1774973e-002
 6.1803848e-002
 6.1864447e-002
 6.1956253e-002
 6.2078055e-002
 6.2228337e-002
 6.2405270e-002
 6.2606595e-002
 6.2829353e-002
 6.3069224e-002
 6.3320301e-002
 6.3574664e-002
 6.3822724e-002
 6.4053699e-002
 6.4255990e-002
 6.4417884e-002
 6.4527899e-002
 6.4575747e-002
 6.4553574e-002
 6.4457528e-002
 6.4289235e-002
 6.4056374e-002
 6.3772149e-002
 6.3453682e-002
 6.3120574e-002
 6.2793434e-002
 6.2492687e-002
 6.2237650e-002
 6.2044717e-002
 6.1925653e-002
 6.1885770e-002
 6.1923292e-002
 6.2030017e-002
 6.2193066e-002
 6.2396713e-002
 6.2623948e-002
 6.2857680e-002
 6.3081540e-002
 6.3281283e-002
 6.3445978e-002
 6.3569337e-002
 6.3650228e-002
 6.3692115e-002
 6.3701890e-002
 6.3688464e-002
 6.3661672e-002
 6.3631460e-002
 6.3607238e-002
 6.3597001e-002
 6.3606426e-002
 6.3637957e-002
 6.3690551e-002
 6.3759930e-002
 6.3839473e-002
 6.3921206e-002
 6.3996486e-002
 6.4056776e-002
 6.4094134e-002
 6.4102150e-002
 6.4076975e-002
 6.4018197e-002
 6.3929237e-002
 6.3816965e-002
 6.3690826e-002
 6.3561708e-002
 6.3441202e-002
 6.3340805e-002
 6.3271292e-002
 6.3241653e-002
 6.3257977e-002
 6.3322365e-002
 6.3432522e-002
 6.3582160e-002
 6.3762054e-002
 6.3961290e-002
 6.4168110e-002
 6.4370684e-002
 6.4557798e-002
 6.4719491e-002
 6.4848125e-002
 6.4939082e-002
 6.4991169e-002
 6.5006264e-002
 6.4988494e-002
 6.4943343e-002
 6.4876951e-002
 6.4795598e-002
 6.4705461e-002
 6.4612247e-002
 6.4520851e-002
 6.4435184e-002
 6.4357884e-002
 6.4290583e-002
 6.4234078e-002
 6.4188749e-002
 6.4154662e-002
 6.4131714e-002
 6.4119570e-002
 6.4117432e-002
 6.4123772e-002
 6.4136066e-002
 6.4150698e-002
 6.4163066e-002
 6.4167812e-002
 6.4159200e-002
 6.4131357e-002
 6.4078644e-002
 6.3996233e-002
 6.3880861e-002
 6.3731968e-002
 6.3552745e-002
 6.3350350e-002
 6.3135579e-002
 6.2922075e-002
 6.2724918e-002
 6.2559821e-002
 6.2442191e-002
 6.2386107e-002
 6.2402509e-002
 6.2497281e-002
 6.2669285e-002
 6.2909752e-002
 6.3203037e-002
 6.3528165e-002
 6.3861363e-002
 6.4177550e-002
 6.4451918e-002
 6.4661324e-002
 6.4786971e-002
 6.4816944e-002
 6.4748757e-002
 6.4590424e-002
 6.4359292e-002
 6.4079851e-002
 6.3780554e-002
 6.3491590e-002
 6.3243322e-002
 6.3063964e-002
 6.2977441e-002
 6.3000299e-002
 6.3139036e-002
 6.3389033e-002
 6.3735776e-002
 6.4157076e-002
 6.4626589e-002
 6.5116055e-002
 6.5596618e-002
 6.6041090e-002
 6.6425383e-002
 6.6730864e-002
 6.6946097e-002
 6.7068011e-002
 6.7100830e-002
 6.7054212e-002
 6.6941090e-002
 6.6775881e-002
 6.6573590e-002
 6.6348851e-002
 6.6115417e-002
 6.5885410e-002
 6.5668955e-002
 6.5473638e-002
 6.5304868e-002
 6.5166607e-002
 6.5061681e-002
 6.4992428e-002
 6.4960755e-002
 6.4967863e-002
 6.5013662e-002
 6.5095939e-002
 6.5209597e-002
 6.5346383e-002
 6.5495193e-002
 6.5642715e-002
 6.5774500e-002
 6.5875687e-002
 6.5931670e-002
 6.5929346e-002
 6.5858610e-002
 6.5714471e-002
 6.5498799e-002
 6.5221101e-002
 6.4897671e-002
 6.4550124e-002
 6.4202838e-002
 6.3881435e-002
 6.3611604e-002
 6.3417077e-002
 6.3317798e-002
 6.3327320e-002
 6.3450307e-002
 6.3681789e-002
 6.4007849e-002
 6.4408235e-002
 6.4858817e-002
 6.5333836e-002
 6.5807000e-002
 6.6253535e-002
 6.6651493e-002
 6.6983439e-002
 6.7238815e-002
 6.7414217e-002
 6.7512698e-002
 6.7542277e-002
 6.7513786e-002
 6.7439452e-002
 6.7331947e-002
 6.7203693e-002
 6.7066319e-002
 6.6930242e-002
 6.6803932e-002
 6.6693857e-002
 6.6604741e-002
 6.6539876e-002
 6.6501744e-002
 6.6492409e-002
 6.6513561e-002
 6.6566437e-002
 6.6651434e-002
 6.6767447e-002
 6.6911489e-002
 6.7078456e-002
 6.7261212e-002
 6.7451283e-002
 6.7639396e-002
 6.7815788e-002
 6.7970976e-002
 6.8096034e-002
 6.8183489e-002
 6.8228155e-002
 6.8228111e-002
 6.8184942e-002
 6.8103462e-002
 6.7990817e-002
 6.7855529e-002
 6.7706816e-002
 6.7553826e-002
 6.7405097e-002
 6.7267969e-002
 6.7147382e-002
 6.7045234e-002
 6.6960022e-002
 6.6887207e-002
 6.6819929e-002
 6.6749990e-002
 6.6668689e-002
 6.6567324e-002
 6.6437893e-002
 6.6274136e-002
 6.6072434e-002
 6.5832913e-002
 6.5559760e-002
 6.5261088e-002
 6.4947531e-002
 6.4631343e-002
 6.4325705e-002
 6.4043492e-002
 6.3796751e-002
 6.3595772e-002
 6.3447423e-002
 6.3354202e-002
 6.3313805e-002
 6.3319422e-002
 6.3361056e-002
 6.3426800e-002
 6.3503891e-002
 6.3579716e-002
 6.3642733e-002
 6.3683771e-002
 6.3697770e-002
 6.3685149e-002
 6.3652463e-002
 6.3611738e-002
 6.3579090e-002
 6.3572973e-002
 6.3612796e-002
 6.3717566e-002
 6.3904412e-002
 6.4186029e-002
 6.4568080e-002
 6.5046571e-002
 6.5606423e-002
 6.6223122e-002
 6.6864952e-002
 6.7496091e-002
 6.8078540e-002
 6.8575054e-002
 6.8950936e-002
 6.9177039e-002
 6.9234274e-002
 6.9116659e-002
 6.8833031e-002
 6.8405382e-002
 6.7865372e-002
 6.7250855e-002
 6.6601932e-002
 6.5959029e-002
 6.5360583e-002
 6.4840913e-002
 6.4426273e-002
 6.4132586e-002
 6.3964471e-002
 6.3915916e-002
 6.3973330e-002
 6.4118512e-002
 6.4331122e-002
 6.4590290e-002
 6.4875826e-002
 6.5169118e-002
 6.5454848e-002
 6.5721899e-002
 6.5963604e-002
 6.6177696e-002
 6.6364996e-002
 6.6528052e-002
 6.6670455e-002
 6.6796131e-002
 6.6908970e-002
 6.7012876e-002
 6.7111559e-002
 6.7208469e-002
 6.7306727e-002
 6.7409277e-002
 6.7518853e-002
 6.7637987e-002
 6.7769155e-002
 6.7914575e-002
 6.8075746e-002
 6.8253003e-002
 6.8444587e-002
 6.8645984e-002
 6.8849407e-002
 6.9044419e-002
 6.9218516e-002
 6.9357850e-002
 6.9448307e-002
 6.9476038e-002
 6.9428548e-002
 6.9296263e-002
 6.9074400e-002
 6.8764918e-002
 6.8376936e-002
 6.7926206e-002
 6.7433201e-002
 6.6921607e-002
 6.6416018e-002
 6.5940976e-002
 6.5520011e-002
 6.5173171e-002
 6.4915352e-002
 6.4754501e-002
 6.4690493e-002
 6.4716153e-002
 6.4819112e-002
 6.4983778e-002
 6.5193176e-002
 6.5430135e-002
 6.5677993e-002
 6.5922014e-002
 6.6150479e-002
 6.6355601e-002
 6.6534288e-002
 6.6687539e-002
 6.6819243e-002
 6.6935219e-002
 6.7042060e-002
 6.7146510e-002
 6.7254782e-002
 6.7372024e-002
 6.7501456e-002
 6.7643590e-002
 6.7796104e-002
 6.7954041e-002
 6.8110414e-002
 6.8257198e-002
 6.8385839e-002
 6.8487845e-002
 6.8555221e-002
 6.8581358e-002
 6.8561822e-002
 6.8495184e-002
 6.8383344e-002
 6.8231128e-002
 6.8045698e-002
 6.7835428e-002
 6.7609318e-002
 6.7376696e-002
 6.7146681e-002
 6.6928111e-002
 6.6729233e-002
 6.6557676e-002
 6.6420086e-002
 6.6322386e-002
 6.6269994e-002
 6.6267870e-002
 6.6320762e-002
 6.6432901e-002
 6.6607550e-002
 6.6846035e-002
 6.7146473e-002
 6.7502342e-002
 6.7902446e-002
 6.8331204e-002
 6.8769470e-002
 6.9196515e-002
 6.9590852e-002
 6.9931000e-002
 7.0197292e-002
 7.0373341e-002
 7.0448361e-002
 7.0419170e-002
 7.0291102e-002
 7.0077024e-002
 6.9795586e-002
 6.9468655e-002
 6.9119513e-002
 6.8771802e-002
 6.8447672e-002
 6.8166360e-002
 6.7942359e-002
 6.7783259e-002
 6.7689247e-002
 6.7653820e-002
 6.7665562e-002
 6.7710109e-002
 6.7771837e-002
 6.7834966e-002
 6.7884743e-002
 6.7908734e-002
 6.7898385e-002
 6.7850493e-002
 6.7767687e-002
 6.7657940e-002
 6.7533270e-002
 6.7408018e-002
 6.7297556e-002
 6.7217290e-002
 6.7181326e-002
 6.7200966e-002
 6.7282617e-002
 6.7426033e-002
 6.7623615e-002
 6.7861192e-002
 6.8120211e-002
 6.8379611e-002
 6.8617493e-002
 6.8812184e-002
 6.8943955e-002
 6.8996511e-002
 6.8959013e-002
 6.8827927e-002
 6.8607703e-002
 6.8310499e-002
 6.7954190e-002
 6.7560367e-002
 6.7152202e-002
 6.6753529e-002
 6.6387564e-002
 6.6076949e-002
 6.5843776e-002
 6.5710552e-002
 6.5703973e-002
 6.5800861e-002
 6.5985210e-002
 6.6242352e-002
 6.6557623e-002
 6.6916429e-002
 6.7303918e-002
 6.7705512e-002
 6.8106510e-002
 6.8492234e-002
 6.8849131e-002
 6.9172688e-002
 6.9463864e-002
 6.9723532e-002
 6.9952615e-002
 7.0151873e-002
 7.0322268e-002
 7.0464656e-002
 7.0579953e-002
 7.0669003e-002
 7.0732690e-002
 7.0771903e-002
 7.0787527e-002
 7.0780426e-002
 7.0751563e-002
 7.0702404e-002
 7.0634723e-002
 7.0550270e-002
 7.0450850e-002
 7.0338242e-002
 7.0214190e-002
 7.0080459e-002
 6.9938868e-002
 6.9791168e-002
 6.9639124e-002
 6.9484495e-002
 6.9329090e-002
 6.9174670e-002
 6.9023013e-002
 6.8875879e-002
 6.8735011e-002
 6.8602249e-002
 6.8479188e-002
 6.8366133e-002
 6.8262666e-002
 6.8168461e-002
 6.8083093e-002
 6.8006173e-002
 6.7937300e-002
 6.7876108e-002
 6.7822196e-002
 6.7775175e-002
 6.7734644e-002
 6.7700230e-002
 6.7671522e-002
 6.7648143e-002
 6.7629702e-002
 6.7615807e-002
 6.7606069e-002
 6.7600094e-002
 6.7597494e-002
 6.7597874e-002
 6.7600854e-002
 6.7606039e-002
 6.7613050e-002
 6.7621782e-002
 6.7632213e-002
 6.7644328e-002
 6.7658111e-002
 6.7673571e-002
 6.7690678e-002
 6.7709424e-002
 6.7729808e-002
 6.7751810e-002
 6.7775428e-002
 6.7800641e-002
 6.7827433e-002
 6.7855805e-002
 6.7885756e-002
 6.7917250e-002
 6.7950286e-002
 6.7984857e-002
 6.8020955e-002
 6.8058558e-002
 6.8097658e-002
 6.8138249e-002
 6.8180330e-002
 6.8223871e-002
 6.8268865e-002
 6.8315305e-002
 6.8363152e-002
 6.8412341e-002
 6.8462677e-002
 6.8514019e-002
 6.8566196e-002
 6.8619080e-002
 6.8672515e-002
 6.8726324e-002
 6.8780363e-002
 6.8834476e-002
 6.8888530e-002
 6.8942346e-002
 6.8995759e-002
 6.9048643e-002
 6.9100842e-002
 6.9152176e-002
 6.9202520e-002
 6.9251686e-002
 6.9299556e-002
 6.9345959e-002
 6.9390729e-002
 6.9433719e-002
 6.9474787e-002
 6.9513775e-002
 6.9550507e-002
 6.9584854e-002
 6.9616653e-002
 6.9645748e-002
 6.9671981e-002
 6.9695204e-002
 6.9715276e-002
 6.9732130e-002
 6.9745742e-002
 6.9756113e-002
