s07_ASD Record=3721: Diopside NMNHR18685 ~160 Pyx  BECKb AREF
 3.3151218e-001
 3.3554402e-001
 3.3934009e-001
 3.4296682e-001
 3.4647882e-001
 3.4990895e-001
 3.5326651e-001
 3.5654250e-001
 3.5971966e-001
 3.6277986e-001
 3.6570892e-001
 3.6849716e-001
 3.7113777e-001
 3.7362504e-001
 3.7595505e-001
 3.7812620e-001
 3.8013825e-001
 3.8199046e-001
 3.8368133e-001
 3.8521034e-001
 3.8658109e-001
 3.8780454e-001
 3.8890153e-001
 3.8990167e-001
 3.9084151e-001
 3.9176214e-001
 3.9270562e-001
 3.9370716e-001
 3.9478898e-001
 3.9596221e-001
 3.9722973e-001
 3.9858994e-001
 4.0003955e-001
 4.0157598e-001
 4.0319267e-001
 4.0487498e-001
 4.0660349e-001
 4.0835708e-001
 4.1011673e-001
 4.1186836e-001
 4.1360477e-001
 4.1532382e-001
 4.1702417e-001
 4.1870144e-001
 4.2034584e-001
 4.2194393e-001
 4.2348179e-001
 4.2494959e-001
 4.2634326e-001
 4.2766544e-001
 4.2892450e-001
 4.3013358e-001
 4.3130949e-001
 4.3246904e-001
 4.3362460e-001
 4.3478069e-001
 4.3593600e-001
 4.3709025e-001
 4.3824989e-001
 4.3943477e-001
 4.4067350e-001
 4.4196200e-001
 4.4328883e-001
 4.4464356e-001
 4.4599962e-001
 4.4731972e-001
 4.4857940e-001
 4.4976631e-001
 4.5087296e-001
 4.5189631e-001
 4.5283642e-001
 4.5369419e-001
 4.5446870e-001
 4.5515803e-001
 4.5576331e-001
 4.5629534e-001
 4.5677969e-001
 4.5725557e-001
 4.5776546e-001
 4.5833686e-001
 4.5896453e-001
 4.5960549e-001
 4.6019757e-001
 4.6070123e-001
 4.6114501e-001
 4.6164319e-001
 4.6236190e-001
 4.6344215e-001
 4.6492147e-001
 4.6670660e-001
 4.6861690e-001
 4.7047263e-001
 4.7216988e-001
 4.7369903e-001
 4.7510824e-001
 4.7644842e-001
 4.7773913e-001
 4.7896937e-001
 4.8012605e-001
 4.8121893e-001
 4.8228326e-001
 4.8335987e-001
 4.8447153e-001
 4.8561114e-001
 4.8674455e-001
 4.8782748e-001
 4.8882592e-001
 4.8972881e-001
 4.9055064e-001
 4.9132696e-001
 4.9210474e-001
 4.9292925e-001
 4.9383181e-001
 4.9482048e-001
 4.9587697e-001
 4.9696383e-001
 4.9804172e-001
 4.9909002e-001
 5.0011528e-001
 5.0114155e-001
 5.0218982e-001
 5.0326335e-001
 5.0434792e-001
 5.0542390e-001
 5.0647849e-001
 5.0751013e-001
 5.0852484e-001
 5.0952899e-001
 5.1052392e-001
 5.1150501e-001
 5.1246804e-001
 5.1342225e-001
 5.1439792e-001
 5.1543427e-001
 5.1654559e-001
 5.1769280e-001
 5.1878864e-001
 5.1974291e-001
 5.2051669e-001
 5.2115136e-001
 5.2175599e-001
 5.2245849e-001
 5.2334481e-001
 5.2442193e-001
 5.2562648e-001
 5.2686989e-001
 5.2808446e-001
 5.2924484e-001
 5.3036046e-001
 5.3144741e-001
 5.3249651e-001
 5.3346157e-001
 5.3428739e-001
 5.3496021e-001
 5.3553826e-001
 5.3613418e-001
 5.3685904e-001
 5.3776783e-001
 5.3883600e-001
 5.3997540e-001
 5.4107696e-001
 5.4206163e-001
 5.4291338e-001
 5.4367250e-001
 5.4439062e-001
 5.4508090e-001
 5.4571068e-001
 5.4624546e-001
 5.4670280e-001
 5.4715985e-001
 5.4770273e-001
 5.4836553e-001
 5.4911518e-001
 5.4988861e-001
 5.5063540e-001
 5.5133080e-001
 5.5196327e-001
 5.5252337e-001
 5.5300927e-001
 5.5344075e-001
 5.5386353e-001
 5.5433285e-001
 5.5488163e-001
 5.5549645e-001
 5.5611879e-001
 5.5666828e-001
 5.5707091e-001
 5.5728847e-001
 5.5734527e-001
 5.5733359e-001
 5.5737650e-001
 5.5756325e-001
 5.5790335e-001
 5.5833369e-001
 5.5876541e-001
 5.5912870e-001
 5.5938864e-001
 5.5954558e-001
 5.5964094e-001
 5.5975515e-001
 5.5997121e-001
 5.6032252e-001
 5.6077218e-001
 5.6123841e-001
 5.6164056e-001
 5.6193918e-001
 5.6216007e-001
 5.6238246e-001
 5.6268138e-001
 5.6305593e-001
 5.6341231e-001
 5.6363577e-001
 5.6369781e-001
 5.6368637e-001
 5.6371170e-001
 5.6379414e-001
 5.6387341e-001
 5.6391460e-001
 5.6396240e-001
 5.6407934e-001
 5.6425852e-001
 5.6442350e-001
 5.6451958e-001
 5.6458330e-001
 5.6469470e-001
 5.6486887e-001
 5.6502914e-001
 5.6510121e-001
 5.6511754e-001
 5.6520081e-001
 5.6542844e-001
 5.6573308e-001
 5.6597060e-001
 5.6606281e-001
 5.6602859e-001
 5.6591111e-001
 5.6574565e-001
 5.6557637e-001
 5.6542647e-001
 5.6525743e-001
 5.6502616e-001
 5.6477493e-001
 5.6459558e-001
 5.6450272e-001
 5.6440073e-001
 5.6418937e-001
 5.6386584e-001
 5.6350046e-001
 5.6312495e-001
 5.6269771e-001
 5.6222451e-001
 5.6183118e-001
 5.6162566e-001
 5.6155127e-001
 5.6144524e-001
 5.6121427e-001
 5.6090277e-001
 5.6062281e-001
 5.6043345e-001
 5.6027710e-001
 5.6006300e-001
 5.5979460e-001
 5.5956089e-001
 5.5942208e-001
 5.5932754e-001
 5.5912769e-001
 5.5871546e-001
 5.5818570e-001
 5.5777061e-001
 5.5760407e-001
 5.5762058e-001
 5.5764073e-001
 5.5748826e-001
 5.5709535e-001
 5.5656910e-001
 5.5612147e-001
 5.5587286e-001
 5.5573922e-001
 5.5555320e-001
 5.5526519e-001
 5.5493301e-001
 5.5454230e-001
 5.5400193e-001
 5.5341548e-001
 5.5310363e-001
 5.5318737e-001
 5.5339313e-001
 5.5337715e-001
 5.5306715e-001
 5.5261022e-001
 5.5215824e-001
 5.5178666e-001
 5.5152166e-001
 5.5136073e-001
 5.5126888e-001
 5.5118293e-001
 5.5103630e-001
 5.5079317e-001
 5.5046546e-001
 5.5009180e-001
 5.4968476e-001
 5.4920399e-001
 5.4862642e-001
 5.4804522e-001
 5.4761052e-001
 5.4733890e-001
 5.4708523e-001
 5.4674155e-001
 5.4634732e-001
 5.4597235e-001
 5.4561782e-001
 5.4527539e-001
 5.4496533e-001
 5.4466623e-001
 5.4429668e-001
 5.4381436e-001
 5.4325956e-001
 5.4266798e-001
 5.4201579e-001
 5.4127359e-001
 5.4048783e-001
 5.3976655e-001
 5.3920442e-001
 5.3883964e-001
 5.3864890e-001
 5.3855425e-001
 5.3844881e-001
 5.3824407e-001
 5.3790534e-001
 5.3745097e-001
 5.3692991e-001
 5.3640056e-001
 5.3590924e-001
 5.3546166e-001
 5.3500819e-001
 5.3447366e-001
 5.3382260e-001
 5.3310263e-001
 5.3241515e-001
 5.3183550e-001
 5.3135723e-001
 5.3091323e-001
 5.3044826e-001
 5.2996933e-001
 5.2953124e-001
 5.2917653e-001
 5.2889323e-001
 5.2862942e-001
 5.2834237e-001
 5.2803004e-001
 5.2771455e-001
 5.2739227e-001
 5.2699363e-001
 5.2639872e-001
 5.2556437e-001
 5.2463323e-001
 5.2387732e-001
 5.2349102e-001
 5.2339321e-001
 5.2327985e-001
 5.2285290e-001
 5.2205920e-001
 5.2113909e-001
 5.2036947e-001
 5.1980209e-001
 5.1928592e-001
 5.1864952e-001
 5.1785034e-001
 5.1702362e-001
 5.1640540e-001
 5.1614684e-001
 5.1610827e-001
 5.1591069e-001
 5.1537210e-001
 5.1474810e-001
 5.1432550e-001
 5.1401156e-001
 5.1354504e-001
 5.1286787e-001
 5.1211029e-001
 5.1138395e-001
 5.1070273e-001
 5.1003540e-001
 5.0938642e-001
 5.0879085e-001
 5.0819916e-001
 5.0746906e-001
 5.0659102e-001
 5.0578552e-001
 5.0520658e-001
 5.0471163e-001
 5.0410634e-001
 5.0345135e-001
 5.0297081e-001
 5.0278914e-001
 5.0279808e-001
 5.0272697e-001
 5.0234002e-001
 5.0150412e-001
 5.0026989e-001
 4.9900961e-001
 4.9826428e-001
 4.9813730e-001
 4.9811500e-001
 4.9769002e-001
 4.9680847e-001
 4.9580503e-001
 4.9505562e-001
 4.9465445e-001
 4.9439615e-001
 4.9402937e-001
 4.9345279e-001
 4.9272123e-001
 4.9193755e-001
 4.9119088e-001
 4.9054664e-001
 4.9003336e-001
 4.8959878e-001
 4.8911926e-001
 4.8849300e-001
 4.8774379e-001
 4.8701918e-001
 4.8646918e-001
 4.8611760e-001
 4.8586723e-001
 4.8560050e-001
 4.8523107e-001
 4.8470455e-001
 4.8398626e-001
 4.8324680e-001
 4.8233572e-001
 4.8154154e-001
 4.8098597e-001
 4.8062032e-001
 4.8032776e-001
 4.7999117e-001
 4.7951192e-001
 4.7891116e-001
 4.7825846e-001
 4.7762346e-001
 4.7706875e-001
 4.7660804e-001
 4.7623533e-001
 4.7594497e-001
 4.7572434e-001
 4.7551668e-001
 4.7524723e-001
 4.7484130e-001
 4.7424269e-001
 4.7351816e-001
 4.7266948e-001
 4.7207266e-001
 4.7171623e-001
 4.7160974e-001
 4.7166011e-001
 4.7176963e-001
 4.7184065e-001
 4.7177875e-001
 4.7156268e-001
 4.7124386e-001
 4.7087663e-001
 4.7051561e-001
 4.7021347e-001
 4.6998456e-001
 4.6980494e-001
 4.6964937e-001
 4.6949226e-001
 4.6930903e-001
 4.6908846e-001
 4.6883297e-001
 4.6854535e-001
 4.6822864e-001
 4.6788567e-001
 4.6752173e-001
 4.6715203e-001
 4.6679395e-001
 4.6646500e-001
 4.6618250e-001
 4.6596405e-001
 4.6582025e-001
 4.6573639e-001
 4.6569133e-001
 4.6566409e-001
 4.6563354e-001
 4.6557871e-001
 4.6547854e-001
 4.6531957e-001
 4.6511745e-001
 4.6489450e-001
 4.6467328e-001
 4.6447620e-001
 4.6432570e-001
 4.6424425e-001
 4.6425432e-001
 4.6436849e-001
 4.6456265e-001
 4.6480390e-001
 4.6505919e-001
 4.6529567e-001
 4.6548051e-001
 4.6558067e-001
 4.6556336e-001
 4.6540615e-001
 4.6512619e-001
 4.6474969e-001
 4.6430308e-001
 4.6381256e-001
 4.6330434e-001
 4.6280491e-001
 4.6234038e-001
 4.6193138e-001
 4.6157706e-001
 4.6127179e-001
 4.6100986e-001
 4.6078560e-001
 4.6059325e-001
 4.6042728e-001
 4.6028191e-001
 4.6015149e-001
 4.6003035e-001
 4.5991272e-001
 4.5979297e-001
 4.5966661e-001
 4.5953292e-001
 4.5939234e-001
 4.5924506e-001
 4.5909145e-001
 4.5893189e-001
 4.5876661e-001
 4.5859596e-001
 4.5842031e-001
 4.5823985e-001
 4.5805502e-001
 4.5786607e-001
 4.5767140e-001
 4.5746264e-001
 4.5722964e-001
 4.5696250e-001
 4.5665124e-001
 4.5628577e-001
 4.5585617e-001
 4.5535240e-001
 4.5476460e-001
 4.5408264e-001
 4.5329642e-001
 4.5240188e-001
 4.5141417e-001
 4.5035350e-001
 4.4923937e-001
 4.4809195e-001
 4.4693080e-001
 4.4577593e-001
 4.4464719e-001
 4.4356441e-001
 4.4254735e-001
 4.4161019e-001
 4.4074655e-001
 4.3994573e-001
 4.3919733e-001
 4.3849048e-001
 4.3781471e-001
 4.3715924e-001
 4.3651369e-001
 4.3586710e-001
 4.3520916e-001
 4.3453103e-001
 4.3383163e-001
 4.3311089e-001
 4.3236923e-001
 4.3160659e-001
 4.3082336e-001
 4.3001956e-001
 4.2919540e-001
 4.2835107e-001
 4.2748678e-001
 4.2660338e-001
 4.2570433e-001
 4.2479381e-001
 4.2387551e-001
 4.2295378e-001
 4.2203227e-001
 4.2111525e-001
 4.2020652e-001
 4.1931021e-001
 4.1842934e-001
 4.1756317e-001
 4.1671079e-001
 4.1587090e-001
 4.1504237e-001
 4.1422397e-001
 4.1341466e-001
 4.1261306e-001
 4.1181758e-001
 4.1102406e-001
 4.1022831e-001
 4.0942580e-001
 4.0861225e-001
 4.0778327e-001
 4.0693453e-001
 4.0606156e-001
 4.0516189e-001
 4.0423912e-001
 4.0329787e-001
 4.0234318e-001
 4.0137956e-001
 4.0041205e-001
 3.9944524e-001
 3.9848411e-001
 3.9753497e-001
 3.9661023e-001
 3.9572304e-001
 3.9495239e-001
 3.9419547e-001
 3.9351246e-001
 3.9291102e-001
 3.9237949e-001
 3.9189127e-001
 3.9140952e-001
 3.9089218e-001
 3.9029723e-001
 3.8959113e-001
 3.8876280e-001
 3.8783234e-001
 3.8684198e-001
 3.8584250e-001
 3.8488287e-001
 3.8400030e-001
 3.8320902e-001
 3.8249713e-001
 3.8183314e-001
 3.8117668e-001
 3.8048846e-001
 3.7974030e-001
 3.7892470e-001
 3.7805831e-001
 3.7717658e-001
 3.7632337e-001
 3.7554058e-001
 3.7485737e-001
 3.7428063e-001
 3.7379229e-001
 3.7335438e-001
 3.7291911e-001
 3.7243932e-001
 3.7187859e-001
 3.7121889e-001
 3.7046272e-001
 3.6962950e-001
 3.6874819e-001
 3.6784998e-001
 3.6696184e-001
 3.6623812e-001
 3.6545536e-001
 3.6468261e-001
 3.6392280e-001
 3.6317641e-001
 3.6244237e-001
 3.6171845e-001
 3.6100146e-001
 3.6028862e-001
 3.5957745e-001
 3.5886672e-001
 3.5815665e-001
 3.5744837e-001
 3.5674402e-001
 3.5604563e-001
 3.5535440e-001
 3.5467073e-001
 3.5399380e-001
 3.5332265e-001
 3.5265681e-001
 3.5199678e-001
 3.5134527e-001
 3.5070646e-001
 3.5008615e-001
 3.4949076e-001
 3.4892598e-001
 3.4839574e-001
 3.4790036e-001
 3.4743604e-001
 3.4699464e-001
 3.4656522e-001
 3.4613696e-001
 3.4570140e-001
 3.4525472e-001
 3.4479868e-001
 3.4434003e-001
 3.4388912e-001
 3.4345719e-001
 3.4305379e-001
 3.4268454e-001
 3.4234989e-001
 3.4204561e-001
 3.4176412e-001
 3.4149659e-001
 3.4123549e-001
 3.4097612e-001
 3.4071788e-001
 3.4046447e-001
 3.4022284e-001
 3.4000218e-001
 3.3981225e-001
 3.3966199e-001
 3.3955806e-001
 3.3950412e-001
 3.3950025e-001
 3.3954278e-001
 3.3962458e-001
 3.3973578e-001
 3.3986479e-001
 3.3999982e-001
 3.4013048e-001
 3.4024939e-001
 3.4035358e-001
 3.4044510e-001
 3.4053108e-001
 3.4062251e-001
 3.4073287e-001
 3.4087566e-001
 3.4106252e-001
 3.4130129e-001
 3.4159508e-001
 3.4194228e-001
 3.4233716e-001
 3.4277171e-001
 3.4323713e-001
 3.4372580e-001
 3.4423268e-001
 3.4475580e-001
 3.4529626e-001
 3.4585726e-001
 3.4644255e-001
 3.4705514e-001
 3.4769559e-001
 3.4836167e-001
 3.4904790e-001
 3.4974676e-001
 3.5045049e-001
 3.5115218e-001
 3.5184768e-001
 3.5253671e-001
 3.5322222e-001
 3.5391027e-001
 3.5460818e-001
 3.5532320e-001
 3.5606155e-001
 3.5682720e-001
 3.5762256e-001
 3.5844842e-001
 3.5930479e-001
 3.6019176e-001
 3.6110917e-001
 3.6205694e-001
 3.6303386e-001
 3.6403733e-001
 3.6506334e-001
 3.6610565e-001
 3.6715734e-001
 3.6821082e-001
 3.6925906e-001
 3.7029678e-001
 3.7131980e-001
 3.7232587e-001
 3.7331334e-001
 3.7428090e-001
 3.7522751e-001
 3.7615147e-001
 3.7705135e-001
 3.7792665e-001
 3.7877801e-001
 3.7960860e-001
 3.8042352e-001
 3.8122985e-001
 3.8203621e-001
 3.8285077e-001
 3.8368091e-001
 3.8453129e-001
 3.8540339e-001
 3.8629562e-001
 3.8720259e-001
 3.8811702e-001
 3.8902980e-001
 3.8993174e-001
 3.9081499e-001
 3.9167315e-001
 3.9250273e-001
 3.9330247e-001
 3.9407337e-001
 3.9481851e-001
 3.9554197e-001
 3.9624840e-001
 3.9694315e-001
 3.9763132e-001
 3.9831811e-001
 3.9900821e-001
 3.9970541e-001
 4.0041247e-001
 4.0112987e-001
 4.0185621e-001
 4.0258756e-001
 4.0331823e-001
 4.0404207e-001
 4.0475321e-001
 4.0544817e-001
 4.0612623e-001
 4.0679002e-001
 4.0744519e-001
 4.0809867e-001
 4.0875745e-001
 4.0942615e-001
 4.1010609e-001
 4.1079471e-001
 4.1148525e-001
 4.1216880e-001
 4.1283518e-001
 4.1347530e-001
 4.1408300e-001
 4.1465589e-001
 4.1519615e-001
 4.1571036e-001
 4.1620839e-001
 4.1670251e-001
 4.1720530e-001
 4.1772836e-001
 4.1828099e-001
 4.1886857e-001
 4.1949254e-001
 4.2014962e-001
 4.2083248e-001
 4.2153084e-001
 4.2223218e-001
 4.2292389e-001
 4.2359450e-001
 4.2423517e-001
 4.2484125e-001
 4.2541230e-001
 4.2595270e-001
 4.2647034e-001
 4.2697573e-001
 4.2748037e-001
 4.2799449e-001
 4.2852572e-001
 4.2907777e-001
 4.2964968e-001
 4.3023661e-001
 4.3083060e-001
 4.3142247e-001
 4.3200415e-001
 4.3257001e-001
 4.3311846e-001
 4.3365157e-001
 4.3417442e-001
 4.3469355e-001
 4.3521461e-001
 4.3574107e-001
 4.3627295e-001
 4.3680730e-001
 4.3733945e-001
 4.3786460e-001
 4.3838015e-001
 4.3888676e-001
 4.3938899e-001
 4.3989471e-001
 4.4041327e-001
 4.4095337e-001
 4.4152135e-001
 4.4211918e-001
 4.4274440e-001
 4.4339007e-001
 4.4404623e-001
 4.4470215e-001
 4.4534752e-001
 4.4597495e-001
 4.4658041e-001
 4.4716379e-001
 4.4772860e-001
 4.4828030e-001
 4.4882542e-001
 4.4936952e-001
 4.4991606e-001
 4.5046604e-001
 4.5101750e-001
 4.5156670e-001
 4.5210880e-001
 4.5263952e-001
 4.5315638e-001
 4.5365936e-001
 4.5415160e-001
 4.5463869e-001
 4.5512819e-001
 4.5562863e-001
 4.5614800e-001
 4.5669279e-001
 4.5726755e-001
 4.5787394e-001
 4.5851138e-001
 4.5917711e-001
 4.5986691e-001
 4.6057618e-001
 4.6129990e-001
 4.6203378e-001
 4.6277347e-001
 4.6351495e-001
 4.6425435e-001
 4.6498719e-001
 4.6570921e-001
 4.6641603e-001
 4.6710402e-001
 4.6777123e-001
 4.6841738e-001
 4.6904486e-001
 4.6965796e-001
 4.7026259e-001
 4.7086552e-001
 4.7147277e-001
 4.7208893e-001
 4.7271642e-001
 4.7335488e-001
 4.7400191e-001
 4.7465336e-001
 4.7530451e-001
 4.7595149e-001
 4.7659165e-001
 4.7722477e-001
 4.7785261e-001
 4.7847849e-001
 4.7910655e-001
 4.7973999e-001
 4.8038068e-001
 4.8102799e-001
 4.8167899e-001
 4.8232952e-001
 4.8297480e-001
 4.8361138e-001
 4.8423776e-001
 4.8485500e-001
 4.8546654e-001
 4.8607686e-001
 4.8669040e-001
 4.8730996e-001
 4.8793587e-001
 4.8856628e-001
 4.8919728e-001
 4.8982444e-001
 4.9044424e-001
 4.9105453e-001
 4.9165562e-001
 4.9224913e-001
 4.9283755e-001
 4.9342337e-001
 4.9400747e-001
 4.9458948e-001
 4.9516740e-001
 4.9573845e-001
 4.9630034e-001
 4.9685165e-001
 4.9739292e-001
 4.9792621e-001
 4.9845496e-001
 4.9898329e-001
 4.9951494e-001
 5.0005275e-001
 5.0059813e-001
 5.0115103e-001
 5.0171071e-001
 5.0227571e-001
 5.0284463e-001
 5.0341731e-001
 5.0399423e-001
 5.0457734e-001
 5.0516945e-001
 5.0577384e-001
 5.0639385e-001
 5.0703162e-001
 5.0768769e-001
 5.0836033e-001
 5.0904471e-001
 5.0973374e-001
 5.1041782e-001
 5.1108640e-001
 5.1172882e-001
 5.1233613e-001
 5.1290298e-001
 5.1342785e-001
 5.1391441e-001
 5.1437038e-001
 5.1480663e-001
 5.1523554e-001
 5.1566863e-001
 5.1611489e-001
 5.1658016e-001
 5.1706624e-001
 5.1757187e-001
 5.1809353e-001
 5.1862693e-001
 5.1916796e-001
 5.1971316e-001
 5.2025992e-001
 5.2080578e-001
 5.2134830e-001
 5.2188474e-001
 5.2241188e-001
 5.2292722e-001
 5.2342904e-001
 5.2391762e-001
 5.2439541e-001
 5.2486670e-001
 5.2533728e-001
 5.2581263e-001
 5.2629745e-001
 5.2679473e-001
 5.2730519e-001
 5.2782810e-001
 5.2836156e-001
 5.2890348e-001
 5.2945244e-001
 5.3000742e-001
 5.3056759e-001
 5.3113222e-001
 5.3169954e-001
 5.3226691e-001
 5.3283054e-001
 5.3338629e-001
 5.3393054e-001
 5.3446037e-001
 5.3497452e-001
 5.3547221e-001
 5.3595275e-001
 5.3641415e-001
 5.3685153e-001
 5.3725678e-001
 5.3761846e-001
 5.3792286e-001
 5.3815681e-001
 5.3831011e-001
 5.3837913e-001
 5.3836954e-001
 5.3829819e-001
 5.3819299e-001
 5.3809124e-001
 5.3803557e-001
 5.3806919e-001
 5.3822941e-001
 5.3854287e-001
 5.3902096e-001
 5.3965837e-001
 5.4043418e-001
 5.4131490e-001
 5.4226029e-001
 5.4322863e-001
 5.4418230e-001
 5.4509240e-001
 5.4594004e-001
 5.4671746e-001
 5.4742551e-001
 5.4807174e-001
 5.4866737e-001
 5.4922438e-001
 5.4975373e-001
 5.5026394e-001
 5.5076098e-001
 5.5124837e-001
 5.5172777e-001
 5.5220008e-001
 5.5266559e-001
 5.5312508e-001
 5.5357981e-001
 5.5403125e-001
 5.5448097e-001
 5.5493021e-001
 5.5537903e-001
 5.5582607e-001
 5.5626798e-001
 5.5669957e-001
 5.5711418e-001
 5.5750418e-001
 5.5786210e-001
 5.5818158e-001
 5.5845839e-001
 5.5869156e-001
 5.5888331e-001
 5.5903965e-001
 5.5916959e-001
 5.5928457e-001
 5.5939770e-001
 5.5952275e-001
 5.5967325e-001
 5.5986190e-001
 5.6009942e-001
 5.6039399e-001
 5.6075019e-001
 5.6116796e-001
 5.6164223e-001
 5.6216258e-001
 5.6271398e-001
 5.6327790e-001
 5.6383497e-001
 5.6436753e-001
 5.6486219e-001
 5.6531239e-001
 5.6571871e-001
 5.6608897e-001
 5.6643647e-001
 5.6677669e-001
 5.6712496e-001
 5.6749278e-001
 5.6788611e-001
 5.6830472e-001
 5.6874204e-001
 5.6918758e-001
 5.6962878e-001
 5.7005358e-001
 5.7045305e-001
 5.7082266e-001
 5.7116288e-001
 5.7147884e-001
 5.7177895e-001
 5.7207304e-001
 5.7237041e-001
 5.7267839e-001
 5.7300168e-001
 5.7334197e-001
 5.7369912e-001
 5.7407200e-001
 5.7445967e-001
 5.7486230e-001
 5.7528085e-001
 5.7571697e-001
 5.7617164e-001
 5.7664394e-001
 5.7713085e-001
 5.7762653e-001
 5.7812309e-001
 5.7861185e-001
 5.7908440e-001
 5.7953453e-001
 5.7995874e-001
 5.8035696e-001
 5.8073229e-001
 5.8108979e-001
 5.8143610e-001
 5.8177745e-001
 5.8211887e-001
 5.8246344e-001
 5.8281142e-001
 5.8316064e-001
 5.8350629e-001
 5.8384150e-001
 5.8415848e-001
 5.8444917e-001
 5.8470654e-001
 5.8492529e-001
 5.8510315e-001
 5.8524120e-001
 5.8534372e-001
 5.8541834e-001
 5.8547497e-001
 5.8552486e-001
 5.8557987e-001
 5.8565164e-001
 5.8575118e-001
 5.8588874e-001
 5.8607405e-001
 5.8631623e-001
 5.8662295e-001
 5.8699989e-001
 5.8744878e-001
 5.8796525e-001
 5.8853781e-001
 5.8914661e-001
 5.8976477e-001
 5.9036231e-001
 5.9090954e-001
 5.9138143e-001
 5.9176004e-001
 5.9203559e-001
 5.9220809e-001
 5.9228820e-001
 5.9229624e-001
 5.9225965e-001
 5.9220934e-001
 5.9217489e-001
 5.9218115e-001
 5.9224552e-001
 5.9237748e-001
 5.9257889e-001
 5.9284556e-001
 5.9316969e-001
 5.9354144e-001
 5.9394979e-001
 5.9438336e-001
 5.9483093e-001
 5.9528124e-001
 5.9572387e-001
 5.9614986e-001
 5.9655213e-001
 5.9692651e-001
 5.9727156e-001
 5.9758931e-001
 5.9788424e-001
 5.9816265e-001
 5.9843171e-001
 5.9869784e-001
 5.9896636e-001
 5.9924018e-001
 5.9951991e-001
 5.9980428e-001
 6.0009044e-001
 6.0037464e-001
 6.0065317e-001
 6.0092264e-001
 6.0118073e-001
 6.0142654e-001
 6.0166097e-001
 6.0188693e-001
 6.0210925e-001
 6.0233426e-001
 6.0256910e-001
 6.0282081e-001
 6.0309535e-001
 6.0339630e-001
 6.0372406e-001
 6.0407537e-001
 6.0444343e-001
 6.0481900e-001
 6.0519159e-001
 6.0555071e-001
 6.0588765e-001
 6.0619587e-001
 6.0647196e-001
 6.0671586e-001
 6.0693055e-001
 6.0712200e-001
 6.0729814e-001
 6.0746819e-001
 6.0764170e-001
 6.0782743e-001
 6.0803306e-001
 6.0826379e-001
 6.0852242e-001
 6.0880864e-001
 6.0911888e-001
 6.0944641e-001
 6.0978168e-001
 6.1011297e-001
 6.1042780e-001
 6.1071366e-001
 6.1096013e-001
 6.1115962e-001
 6.1130881e-001
 6.1140913e-001
 6.1146665e-001
 6.1149156e-001
 6.1149698e-001
 6.1149788e-001
 6.1150903e-001
 6.1154425e-001
 6.1161482e-001
 6.1172891e-001
 6.1189103e-001
 6.1210215e-001
 6.1235940e-001
 6.1265683e-001
 6.1298579e-001
 6.1333549e-001
 6.1369395e-001
 6.1404902e-001
 6.1438912e-001
 6.1470467e-001
 6.1498863e-001
 6.1523747e-001
 6.1545116e-001
 6.1563301e-001
 6.1578918e-001
 6.1592764e-001
 6.1605704e-001
 6.1618543e-001
 6.1631942e-001
 6.1646354e-001
 6.1662000e-001
 6.1678886e-001
 6.1696863e-001
 6.1715710e-001
 6.1735225e-001
 6.1755264e-001
 6.1775833e-001
 6.1797082e-001
 6.1819291e-001
 6.1842847e-001
 6.1868173e-001
 6.1895680e-001
 6.1925679e-001
 6.1958355e-001
 6.1993700e-001
 6.2031502e-001
 6.2071329e-001
 6.2112534e-001
 6.2154257e-001
 6.2195504e-001
 6.2235123e-001
 6.2271953e-001
 6.2304860e-001
 6.2332886e-001
 6.2355345e-001
 6.2371945e-001
 6.2382829e-001
 6.2388647e-001
 6.2390459e-001
 6.2389630e-001
 6.2387705e-001
 6.2386215e-001
 6.2386578e-001
 6.2389970e-001
 6.2397242e-001
 6.2408900e-001
 6.2425047e-001
 6.2445396e-001
 6.2469310e-001
 6.2495852e-001
 6.2523919e-001
 6.2552255e-001
 6.2579632e-001
 6.2604868e-001
 6.2626994e-001
 6.2645298e-001
 6.2659466e-001
 6.2669653e-001
 6.2676549e-001
 6.2681365e-001
 6.2685728e-001
 6.2691516e-001
 6.2700665e-001
 6.2714940e-001
 6.2735724e-001
 6.2763858e-001
 6.2799561e-001
 6.2842429e-001
 6.2891418e-001
 6.2944990e-001
 6.3001293e-001
 6.3058329e-001
 6.3114172e-001
 6.3167185e-001
 6.3216108e-001
 6.3260168e-001
 6.3299048e-001
 6.3332844e-001
 6.3361979e-001
 6.3387048e-001
 6.3408732e-001
 6.3427675e-001
 6.3444394e-001
 6.3459265e-001
 6.3472497e-001
 6.3484126e-001
 6.3494086e-001
 6.3502198e-001
 6.3508272e-001
 6.3512093e-001
 6.3513505e-001
 6.3512391e-001
 6.3508713e-001
 6.3502538e-001
 6.3494033e-001
 6.3483489e-001
 6.3471341e-001
 6.3458174e-001
 6.3444710e-001
 6.3431805e-001
 6.3420403e-001
 6.3411456e-001
 6.3405871e-001
 6.3404393e-001
 6.3407522e-001
 6.3415438e-001
 6.3427943e-001
 6.3444501e-001
 6.3464254e-001
 6.3486177e-001
 6.3509196e-001
 6.3532394e-001
 6.3555175e-001
 6.3577425e-001
 6.3599557e-001
 6.3622540e-001
 6.3647819e-001
 6.3677078e-001
 6.3712025e-001
 6.3754058e-001
 6.3803971e-001
 6.3861722e-001
 6.3926238e-001
 6.3995409e-001
 6.4066243e-001
 6.4135098e-001
 6.4198089e-001
 6.4251524e-001
 6.4292347e-001
 6.4318550e-001
 6.4329368e-001
 6.4325458e-001
 6.4308727e-001
 6.4282149e-001
 6.4249361e-001
 6.4214247e-001
 6.4180481e-001
 6.4151174e-001
 6.4128590e-001
 6.4114004e-001
 6.4107728e-001
 6.4109194e-001
 6.4117187e-001
 6.4130068e-001
 6.4146042e-001
 6.4163387e-001
 6.4180595e-001
 6.4196515e-001
 6.4210367e-001
 6.4221764e-001
 6.4230651e-001
 6.4237303e-001
 6.4242238e-001
 6.4246178e-001
 6.4250010e-001
 6.4254737e-001
 6.4261431e-001
 6.4271146e-001
 6.4284831e-001
 6.4303237e-001
 6.4326793e-001
 6.4355499e-001
 6.4388919e-001
 6.4426106e-001
 6.4465797e-001
 6.4506441e-001
 6.4546394e-001
 6.4584041e-001
 6.4617920e-001
 6.4646798e-001
 6.4669716e-001
 6.4685994e-001
 6.4695305e-001
 6.4697671e-001
 6.4693469e-001
 6.4683366e-001
 6.4668292e-001
 6.4649320e-001
 6.4627659e-001
 6.4604557e-001
 6.4581275e-001
 6.4559054e-001
 6.4534354e-001
 6.4516652e-001
 6.4503682e-001
 6.4496434e-001
 6.4495569e-001
 6.4501268e-001
 6.4513069e-001
 6.4529967e-001
 6.4550561e-001
 6.4573264e-001
 6.4596415e-001
 6.4618391e-001
 6.4637703e-001
 6.4653128e-001
 6.4663810e-001
 6.4669406e-001
 6.4670062e-001
 6.4666402e-001
 6.4659405e-001
 6.4650244e-001
 6.4640218e-001
 6.4630628e-001
 6.4622730e-001
 6.4617640e-001
 6.4616209e-001
 6.4618945e-001
 6.4625955e-001
 6.4636987e-001
 6.4651537e-001
 6.4668936e-001
 6.4688432e-001
 6.4709282e-001
 6.4730728e-001
 6.4752090e-001
 6.4772767e-001
 6.4792258e-001
 6.4810228e-001
 6.4826429e-001
 6.4840716e-001
 6.4852995e-001
 6.4863193e-001
 6.4871264e-001
 6.4877176e-001
 6.4880937e-001
 6.4882600e-001
 6.4882314e-001
 6.4880300e-001
 6.4876848e-001
 6.4872336e-001
 6.4867133e-001
 6.4861661e-001
 6.4856297e-001
 6.4851415e-001
 6.4847302e-001
 6.4844120e-001
 6.4841866e-001
 6.4840370e-001
 6.4839280e-001
 6.4838123e-001
 6.4836371e-001
 6.4833450e-001
 6.4828801e-001
 6.4821923e-001
 6.4812422e-001
 6.4800102e-001
 6.4785028e-001
 6.4767557e-001
 6.4748311e-001
 6.4728111e-001
 6.4707875e-001
 6.4688581e-001
 6.4671201e-001
 6.4656621e-001
 6.4645571e-001
 6.4638507e-001
 6.4635515e-001
 6.4636272e-001
 6.4640081e-001
 6.4645976e-001
 6.4652824e-001
 6.4659423e-001
 6.4664567e-001
 6.4667118e-001
 6.4666080e-001
 6.4660728e-001
 6.4650661e-001
 6.4635867e-001
 6.4616680e-001
 6.4593679e-001
 6.4567608e-001
 6.4539266e-001
 6.4509499e-001
 6.4479107e-001
 6.4448869e-001
 6.4419490e-001
 6.4391565e-001
 6.4365572e-001
 6.4341885e-001
 6.4320815e-001
 6.4302611e-001
 6.4287502e-001
 6.4275676e-001
 6.4267248e-001
 6.4262211e-001
 6.4260346e-001
 6.4261132e-001
 6.4263719e-001
 6.4266974e-001
 6.4269537e-001
 6.4269942e-001
 6.4266658e-001
 6.4258206e-001
 6.4243251e-001
 6.4220768e-001
 6.4190280e-001
 6.4152002e-001
 6.4106977e-001
 6.4056951e-001
 6.4004195e-001
 6.3951302e-001
 6.3900983e-001
 6.3855940e-001
 6.3818699e-001
 6.3791341e-001
 6.3775283e-001
 6.3770974e-001
 6.3777834e-001
 6.3794327e-001
 6.3818222e-001
 6.3846880e-001
 6.3877475e-001
 6.3907164e-001
 6.3933247e-001
 6.3953364e-001
 6.3965714e-001
 6.3969278e-001
 6.3963890e-001
 6.3950151e-001
 6.3929242e-001
 6.3902664e-001
 6.3872111e-001
 6.3839287e-001
 6.3805848e-001
 6.3773322e-001
 6.3742977e-001
 6.3715756e-001
 6.3692224e-001
 6.3672620e-001
 6.3656920e-001
 6.3644975e-001
 6.3636553e-001
 6.3631380e-001
 6.3629198e-001
 6.3629740e-001
 6.3632756e-001
 6.3638008e-001
 6.3645273e-001
 6.3654357e-001
 6.3665068e-001
 6.3677216e-001
 6.3690621e-001
 6.3705093e-001
 6.3720423e-001
 6.3736361e-001
 6.3752609e-001
 6.3768768e-001
 6.3784361e-001
 6.3798815e-001
 6.3811499e-001
 6.3821757e-001
 6.3828909e-001
 6.3832307e-001
 6.3831365e-001
 6.3825661e-001
 6.3815010e-001
 6.3799572e-001
 6.3779879e-001
 6.3756800e-001
 6.3731450e-001
 6.3705099e-001
 6.3679075e-001
 6.3654703e-001
 6.3633227e-001
 6.3615733e-001
 6.3603014e-001
 6.3595474e-001
 6.3593096e-001
 6.3595468e-001
 6.3601887e-001
 6.3611495e-001
 6.3623351e-001
 6.3636482e-001
 6.3649970e-001
 6.3662970e-001
 6.3674790e-001
 6.3684940e-001
 6.3693148e-001
 6.3699359e-001
 6.3703650e-001
 6.3706201e-001
 6.3707227e-001
 6.3706952e-001
 6.3705605e-001
 6.3703370e-001
 6.3700402e-001
 6.3696784e-001
 6.3692534e-001
 6.3687599e-001
 6.3681895e-001
 6.3675290e-001
 6.3667661e-001
 6.3658875e-001
 6.3648820e-001
 6.3637424e-001
 6.3624680e-001
 6.3610685e-001
 6.3595605e-001
 6.3579732e-001
 6.3563401e-001
 6.3546991e-001
 6.3530910e-001
 6.3515532e-001
 6.3501239e-001
 6.3488322e-001
 6.3476974e-001
 6.3467240e-001
 6.3459009e-001
 6.3452017e-001
 6.3445902e-001
 6.3440228e-001
 6.3434535e-001
 6.3428360e-001
 6.3421249e-001
 6.3412797e-001
 6.3402647e-001
 6.3390529e-001
 6.3376284e-001
 6.3359821e-001
 6.3341129e-001
 6.3320220e-001
 6.3297135e-001
 6.3271934e-001
 6.3244724e-001
 6.3215637e-001
 6.3184935e-001
 6.3153005e-001
 6.3120371e-001
 6.3087702e-001
 6.3055760e-001
 6.3025361e-001
 6.2997341e-001
 6.2972522e-001
 6.2951642e-001
 6.2935257e-001
 6.2923676e-001
 6.2916815e-001
 6.2914169e-001
 6.2914866e-001
 6.2917757e-001
 6.2921524e-001
 6.2924773e-001
 6.2926131e-001
 6.2924266e-001
 6.2918049e-001
 6.2906593e-001
 6.2889427e-001
 6.2866473e-001
 6.2838048e-001
 6.2804753e-001
 6.2767351e-001
 6.2726671e-001
 6.2683600e-001
 6.2638986e-001
 6.2593639e-001
 6.2548268e-001
 6.2503517e-001
 6.2459880e-001
 6.2417728e-001
 6.2377399e-001
 6.2339127e-001
 6.2303150e-001
 6.2269694e-001
 6.2238955e-001
 6.2211084e-001
 6.2186223e-001
 6.2164396e-001
 6.2145573e-001
 6.2129641e-001
 6.2116450e-001
 6.2105811e-001
 6.2097502e-001
 6.2091315e-001
 6.2087023e-001
 6.2084353e-001
 6.2083012e-001
 6.2082642e-001
 6.2082821e-001
 6.2083077e-001
 6.2082893e-001
 6.2081724e-001
 6.2079030e-001
 6.2074286e-001
 6.2067014e-001
 6.2056869e-001
 6.2043691e-001
 6.2027591e-001
 6.2008971e-001
 6.1988497e-001
 6.1967045e-001
 6.1945581e-001
 6.1925137e-001
 6.1906713e-001
 6.1891234e-001
 6.1879396e-001
 6.1871582e-001
 6.1867708e-001
 6.1867166e-001
 6.1868894e-001
 6.1871505e-001
 6.1873394e-001
 6.1872882e-001
 6.1868280e-001
 6.1858034e-001
 6.1840808e-001
 6.1815679e-001
 6.1782271e-001
 6.1740798e-001
 6.1692059e-001
 6.1637229e-001
 6.1577719e-001
 6.1515087e-001
 6.1450893e-001
 6.1386657e-001
 6.1323804e-001
 6.1263633e-001
 6.1207169e-001
 6.1155194e-001
 6.1108285e-001
 6.1066836e-001
 6.1031127e-001
 6.1001402e-001
 6.0977840e-001
 6.0960531e-001
 6.0949415e-001
 6.0944170e-001
 6.0944098e-001
 6.0948128e-001
 6.0954815e-001
 6.0962468e-001
 6.0969222e-001
 6.0973167e-001
 6.0972410e-001
 6.0965192e-001
 6.0950029e-001
 6.0925907e-001
 6.0892451e-001
 6.0849959e-001
 6.0799426e-001
 6.0742259e-001
 6.0680145e-001
 6.0614955e-001
 6.0548520e-001
 6.0482609e-001
 6.0418862e-001
 6.0358566e-001
 6.0302627e-001
 6.0251498e-001
 6.0205245e-001
 6.0163611e-001
 6.0126156e-001
 6.0092390e-001
 6.0061753e-001
 6.0033667e-001
 6.0007572e-001
 5.9982884e-001
 5.9959000e-001
 5.9935331e-001
 5.9911257e-001
 5.9886158e-001
 5.9859395e-001
 5.9830374e-001
 5.9798497e-001
 5.9763223e-001
 5.9724194e-001
 5.9681243e-001
 5.9634525e-001
 5.9584552e-001
 5.9532136e-001
 5.9478319e-001
 5.9424275e-001
 5.9371263e-001
 5.9320503e-001
 5.9273148e-001
 5.9230191e-001
 5.9192342e-001
 5.9159911e-001
 5.9132802e-001
 5.9110522e-001
 5.9092301e-001
 5.9077197e-001
 5.9064186e-001
 5.9052247e-001
 5.9040380e-001
 5.9027702e-001
 5.9013486e-001
 5.8997262e-001
 5.8978802e-001
 5.8958119e-001
 5.8935404e-001
 5.8910954e-001
 5.8885098e-001
 5.8858204e-001
 5.8830613e-001
 5.8802676e-001
 5.8774692e-001
 5.8746904e-001
 5.8719534e-001
 5.8692729e-001
 5.8666611e-001
 5.8641285e-001
 5.8616841e-001
 5.8593357e-001
 5.8570880e-001
 5.8549446e-001
 5.8529007e-001
 5.8509439e-001
 5.8490539e-001
 5.8472008e-001
 5.8453476e-001
 5.8434564e-001
 5.8414871e-001
 5.8393997e-001
 5.8371627e-001
 5.8347541e-001
 5.8321720e-001
 5.8294404e-001
 5.8266139e-001
 5.8237725e-001
 5.8210152e-001
 5.8184540e-001
 5.8162034e-001
 5.8143735e-001
 5.8130652e-001
 5.8123463e-001
 5.8122402e-001
 5.8127058e-001
 5.8136296e-001
 5.8148342e-001
 5.8160967e-001
 5.8171636e-001
 5.8177739e-001
 5.8176678e-001
 5.8166122e-001
 5.8144236e-001
 5.8110023e-001
 5.8063686e-001
 5.8006692e-001
 5.7941657e-001
 5.7872057e-001
 5.7801914e-001
 5.7735395e-001
 5.7676661e-001
 5.7629579e-001
 5.7597303e-001
 5.7581836e-001
 5.7583618e-001
 5.7601351e-001
 5.7632154e-001
 5.7672018e-001
 5.7716209e-001
 5.7759726e-001
 5.7797575e-001
 5.7825035e-001
 5.7838094e-001
 5.7833928e-001
 5.7811290e-001
 5.7770699e-001
 5.7714248e-001
 5.7645255e-001
 5.7567686e-001
 5.7485837e-001
 5.7404035e-001
 5.7326454e-001
 5.7256716e-001
 5.7197642e-001
 5.7150930e-001
 5.7117015e-001
 5.7095206e-001
 5.7083976e-001
 5.7081306e-001
 5.7084936e-001
 5.7092535e-001
 5.7101816e-001
 5.7110620e-001
 5.7117027e-001
 5.7119447e-001
 5.7116652e-001
 5.7107735e-001
 5.7092029e-001
 5.7069021e-001
 5.7038283e-001
 5.6999493e-001
 5.6952465e-001
 5.6897342e-001
 5.6834763e-001
 5.6766099e-001
 5.6693447e-001
 5.6619614e-001
 5.6547952e-001
 5.6482071e-001
 5.6425685e-001
 5.6382495e-001
 5.6355888e-001
 5.6348640e-001
 5.6362540e-001
 5.6397963e-001
 5.6453782e-001
 5.6527501e-001
 5.6615555e-001
 5.6713831e-001
 5.6817955e-001
 5.6923431e-001
 5.7026035e-001
 5.7121950e-001
 5.7208133e-001
 5.7282472e-001
 5.7344049e-001
 5.7392955e-001
 5.7429981e-001
 5.7456404e-001
 5.7473707e-001
 5.7483441e-001
 5.7487136e-001
 5.7486254e-001
 5.7482088e-001
 5.7475722e-001
 5.7468027e-001
 5.7459635e-001
 5.7451057e-001
 5.7442683e-001
 5.7434863e-001
 5.7427931e-001
 5.7422173e-001
 5.7417840e-001
 5.7415104e-001
 5.7414025e-001
 5.7414544e-001
 5.7416517e-001
 5.7419693e-001
 5.7423806e-001
 5.7428539e-001
 5.7433593e-001
 5.7438695e-001
 5.7443643e-001
 5.7448322e-001
 5.7452774e-001
 5.7457215e-001
 5.7461977e-001
 5.7467514e-001
 5.7474321e-001
 5.7482904e-001
 5.7493752e-001
 5.7507288e-001
 5.7523787e-001
 5.7543319e-001
 5.7565653e-001
 5.7590264e-001
 5.7616293e-001
 5.7642674e-001
 5.7668203e-001
 5.7691610e-001
 5.7711595e-001
 5.7726920e-001
 5.7736367e-001
 5.7738757e-001
 5.7733452e-001
 5.7721758e-001
 5.7699007e-001
 5.7670826e-001
 5.7638860e-001
 5.7604766e-001
 5.7570201e-001
 5.7536840e-001
 5.7506329e-001
 5.7480317e-001
 5.7460475e-001
 5.7448316e-001
 5.7443959e-001
 5.7446837e-001
 5.7456303e-001
 5.7471770e-001
 5.7492602e-001
 5.7518196e-001
 5.7547939e-001
 5.7581228e-001
 5.7617432e-001
 5.7655936e-001
 5.7696152e-001
 5.7737446e-001
 5.7779211e-001
 5.7820863e-001
 5.7862175e-001
 5.7903069e-001
 5.7943493e-001
 5.7983381e-001
 5.8022666e-001
 5.8061284e-001
 5.8099198e-001
 5.8136314e-001
 5.8172584e-001
 5.8207947e-001
 5.8242351e-001
 5.8275706e-001
 5.8307970e-001
 5.8339077e-001
 5.8368963e-001
 5.8397585e-001
 5.8424848e-001
 5.8450723e-001
 5.8475280e-001
 5.8498627e-001
 5.8520895e-001
 5.8542204e-001
 5.8562696e-001
 5.8582479e-001
 5.8601689e-001
 5.8620435e-001
 5.8638859e-001
 5.8657074e-001
 5.8675224e-001
 5.8693403e-001
 5.8711761e-001
 5.8730406e-001
 5.8749485e-001
 5.8769089e-001
 5.8789372e-001
 5.8810449e-001
 5.8832455e-001
 5.8855498e-001
 5.8879709e-001
 5.8905202e-001
 5.8932012e-001
 5.8960092e-001
 5.8989447e-001
 5.9020042e-001
 5.9051871e-001
 5.9084904e-001
 5.9119105e-001
 5.9154469e-001
 5.9190971e-001
 5.9228599e-001
 5.9267318e-001
 5.9307104e-001
 5.9347939e-001
 5.9389830e-001
 5.9432715e-001
 5.9476584e-001
 5.9521425e-001
 5.9567213e-001
 5.9613937e-001
 5.9661555e-001
 5.9710056e-001
 5.9759408e-001
 5.9809631e-001
 5.9860659e-001
 5.9912473e-001
 5.9965062e-001
 6.0018402e-001
 6.0072410e-001
 6.0127050e-001
 6.0182267e-001
 6.0238022e-001
 6.0294265e-001
 6.0350931e-001
 6.0407972e-001
 6.0465342e-001
 6.0523003e-001
 6.0580891e-001
 6.0638946e-001
 6.0697120e-001
 6.0755402e-001
 6.0813689e-001
 6.0871953e-001
 6.0930145e-001
 6.0988224e-001
 6.1046118e-001
 6.1103785e-001
 6.1161172e-001
 6.1218238e-001
 6.1274934e-001
 6.1331195e-001
 6.1386973e-001
 6.1442226e-001
 6.1496919e-001
 6.1550957e-001
 6.1604327e-001
 6.1656970e-001
 6.1708891e-001
 6.1760080e-001
 6.1810565e-001
