s07_ASD Record=11246: Thuringite SMR-15.d <30um     BECKa AREF
 8.1328772e-002
 8.1205823e-002
 8.1009775e-002
 8.0788843e-002
 8.0594108e-002
 8.0465376e-002
 8.0423631e-002
 8.0473013e-002
 8.0607124e-002
 8.0815271e-002
 8.1087060e-002
 8.1413545e-002
 8.1786849e-002
 8.2198307e-002
 8.2636058e-002
 8.3085224e-002
 8.3531529e-002
 8.3966628e-002
 8.4391251e-002
 8.4814891e-002
 8.5250817e-002
 8.5707821e-002
 8.6183488e-002
 8.6663917e-002
 8.7130487e-002
 8.7570310e-002
 8.7987676e-002
 8.8404447e-002
 8.8842340e-002
 8.9304499e-002
 8.9774147e-002
 9.0228699e-002
 9.0653218e-002
 9.1046140e-002
 9.1424026e-002
 9.1815762e-002
 9.2245214e-002
 9.2720971e-002
 9.3236990e-002
 9.3780518e-002
 9.4340570e-002
 9.4910376e-002
 9.5485151e-002
 9.6061066e-002
 9.6637689e-002
 9.7221248e-002
 9.7822741e-002
 9.8449610e-002
 9.9095680e-002
 9.9737749e-002
 1.0034243e-001
 1.0087999e-001
 1.0133746e-001
 1.0172383e-001
 1.0206600e-001
 1.0240038e-001
 1.0276412e-001
 1.0318121e-001
 1.0365617e-001
 1.0417522e-001
 1.0469282e-001
 1.0518707e-001
 1.0566601e-001
 1.0614698e-001
 1.0667355e-001
 1.0727819e-001
 1.0794461e-001
 1.0863211e-001
 1.0929988e-001
 1.0992225e-001
 1.1050020e-001
 1.1105742e-001
 1.1162542e-001
 1.1223168e-001
 1.1289500e-001
 1.1362550e-001
 1.1442517e-001
 1.1528732e-001
 1.1619563e-001
 1.1712638e-001
 1.1805599e-001
 1.1897105e-001
 1.1987523e-001
 1.2078613e-001
 1.2172323e-001
 1.2269439e-001
 1.2369124e-001
 1.2469740e-001
 1.2570171e-001
 1.2670547e-001
 1.2771642e-001
 1.2873518e-001
 1.2974614e-001
 1.3072234e-001
 1.3164170e-001
 1.3250238e-001
 1.3332550e-001
 1.3413651e-001
 1.3493410e-001
 1.3567224e-001
 1.3627695e-001
 1.3669008e-001
 1.3690868e-001
 1.3699335e-001
 1.3704619e-001
 1.3716564e-001
 1.3740540e-001
 1.3776249e-001
 1.3818841e-001
 1.3861379e-001
 1.3897821e-001
 1.3925093e-001
 1.3943529e-001
 1.3956532e-001
 1.3970546e-001
 1.3994266e-001
 1.4035134e-001
 1.4094466e-001
 1.4165722e-001
 1.4238498e-001
 1.4305155e-001
 1.4364664e-001
 1.4421234e-001
 1.4480157e-001
 1.4544554e-001
 1.4614414e-001
 1.4686994e-001
 1.4757228e-001
 1.4818682e-001
 1.4866382e-001
 1.4901192e-001
 1.4932416e-001
 1.4974798e-001
 1.5040052e-001
 1.5128312e-001
 1.5226220e-001
 1.5313599e-001
 1.5374194e-001
 1.5403359e-001
 1.5408805e-001
 1.5405270e-001
 1.5406744e-001
 1.5420616e-001
 1.5447155e-001
 1.5483902e-001
 1.5529925e-001
 1.5585467e-001
 1.5649000e-001
 1.5717141e-001
 1.5788123e-001
 1.5863222e-001
 1.5943043e-001
 1.6023120e-001
 1.6095580e-001
 1.6156214e-001
 1.6208965e-001
 1.6262434e-001
 1.6322947e-001
 1.6391288e-001
 1.6463090e-001
 1.6528688e-001
 1.6574065e-001
 1.6587155e-001
 1.6565847e-001
 1.6520081e-001
 1.6468982e-001
 1.6438842e-001
 1.6458471e-001
 1.6544640e-001
 1.6685487e-001
 1.6841856e-001
 1.6971862e-001
 1.7057644e-001
 1.7109050e-001
 1.7143425e-001
 1.7166761e-001
 1.7176756e-001
 1.7178451e-001
 1.7187600e-001
 1.7216510e-001
 1.7261514e-001
 1.7307428e-001
 1.7342642e-001
 1.7368479e-001
 1.7395075e-001
 1.7430165e-001
 1.7472765e-001
 1.7517610e-001
 1.7563376e-001
 1.7611875e-001
 1.7657180e-001
 1.7682004e-001
 1.7674060e-001
 1.7645726e-001
 1.7629297e-001
 1.7649451e-001
 1.7704102e-001
 1.7773587e-001
 1.7843445e-001
 1.7911902e-001
 1.7975214e-001
 1.8016127e-001
 1.8018733e-001
 1.7993920e-001
 1.7979063e-001
 1.8006766e-001
 1.8075825e-001
 1.8153581e-001
 1.8204150e-001
 1.8213306e-001
 1.8190229e-001
 1.8154927e-001
 1.8129808e-001
 1.8134189e-001
 1.8171926e-001
 1.8223618e-001
 1.8261839e-001
 1.8276729e-001
 1.8280599e-001
 1.8288985e-001
 1.8305200e-001
 1.8323617e-001
 1.8341285e-001
 1.8363570e-001
 1.8398894e-001
 1.8444875e-001
 1.8477486e-001
 1.8463099e-001
 1.8393509e-001
 1.8303297e-001
 1.8236233e-001
 1.8198532e-001
 1.8163015e-001
 1.8114693e-001
 1.8071516e-001
 1.8058853e-001
 1.8078250e-001
 1.8106024e-001
 1.8117811e-001
 1.8112867e-001
 1.8115075e-001
 1.8146574e-001
 1.8195853e-001
 1.8217541e-001
 1.8175775e-001
 1.8084572e-001
 1.7991303e-001
 1.7926584e-001
 1.7886120e-001
 1.7853613e-001
 1.7820899e-001
 1.7787439e-001
 1.7758454e-001
 1.7744745e-001
 1.7751858e-001
 1.7766351e-001
 1.7766565e-001
 1.7752546e-001
 1.7750493e-001
 1.7781354e-001
 1.7837921e-001
 1.7887725e-001
 1.7887399e-001
 1.7815532e-001
 1.7702575e-001
 1.7605734e-001
 1.7555080e-001
 1.7542022e-001
 1.7544977e-001
 1.7547718e-001
 1.7544416e-001
 1.7539592e-001
 1.7537962e-001
 1.7531741e-001
 1.7507969e-001
 1.7468208e-001
 1.7428033e-001
 1.7402761e-001
 1.7400669e-001
 1.7410178e-001
 1.7396465e-001
 1.7341244e-001
 1.7278269e-001
 1.7249845e-001
 1.7247337e-001
 1.7233600e-001
 1.7201872e-001
 1.7189163e-001
 1.7228641e-001
 1.7295843e-001
 1.7323595e-001
 1.7275734e-001
 1.7179124e-001
 1.7078444e-001
 1.6995589e-001
 1.6940103e-001
 1.6917354e-001
 1.6909060e-001
 1.6879801e-001
 1.6822456e-001
 1.6771643e-001
 1.6759321e-001
 1.6781692e-001
 1.6817728e-001
 1.6854766e-001
 1.6884907e-001
 1.6893427e-001
 1.6862793e-001
 1.6785152e-001
 1.6670552e-001
 1.6548970e-001
 1.6465336e-001
 1.6462681e-001
 1.6556604e-001
 1.6715850e-001
 1.6866709e-001
 1.6932911e-001
 1.6883181e-001
 1.6747798e-001
 1.6602306e-001
 1.6523953e-001
 1.6544569e-001
 1.6627358e-001
 1.6695103e-001
 1.6692111e-001
 1.6622335e-001
 1.6535181e-001
 1.6478281e-001
 1.6461852e-001
 1.6462819e-001
 1.6454341e-001
 1.6427940e-001
 1.6392638e-001
 1.6360293e-001
 1.6334926e-001
 1.6315061e-001
 1.6304566e-001
 1.6318600e-001
 1.6373187e-001
 1.6461650e-001
 1.6541100e-001
 1.6553213e-001
 1.6471629e-001
 1.6332969e-001
 1.6214901e-001
 1.6175349e-001
 1.6209543e-001
 1.6265348e-001
 1.6294447e-001
 1.6287260e-001
 1.6266811e-001
 1.6257729e-001
 1.6265810e-001
 1.6288438e-001
 1.6328086e-001
 1.6359551e-001
 1.6327196e-001
 1.6222990e-001
 1.6136535e-001
 1.6163881e-001
 1.6296516e-001
 1.6428469e-001
 1.6459018e-001
 1.6409589e-001
 1.6415066e-001
 1.6531402e-001
 1.6634013e-001
 1.6618881e-001
 1.6582996e-001
 1.6674981e-001
 1.6874850e-001
 1.7012826e-001
 1.6953604e-001
 1.6761261e-001
 1.6667412e-001
 1.6791825e-001
 1.6975284e-001
 1.7007254e-001
 1.6891448e-001
 1.6780895e-001
 1.6773564e-001
 1.6841467e-001
 1.6899745e-001
 1.6922548e-001
 1.6966091e-001
 1.7040148e-001
 1.7039216e-001
 1.6892874e-001
 1.6697860e-001
 1.6607498e-001
 1.6667537e-001
 1.6818766e-001
 1.6997680e-001
 1.7197500e-001
 1.7441398e-001
 1.7688046e-001
 1.7819799e-001
 1.7769884e-001
 1.7578630e-001
 1.7391896e-001
 1.7317741e-001
 1.7327136e-001
 1.7379455e-001
 1.7486405e-001
 1.7655246e-001
 1.7835632e-001
 1.7927533e-001
 1.7850384e-001
 1.7638883e-001
 1.7441928e-001
 1.7402092e-001
 1.7536919e-001
 1.7741331e-001
 1.7896755e-001
 1.7964649e-001
 1.7988564e-001
 1.8024468e-001
 1.8083820e-001
 1.8133126e-001
 1.8139309e-001
 1.8112580e-001
 1.8106750e-001
 1.8176194e-001
 1.8329847e-001
 1.8532379e-001
 1.8737531e-001
 1.8902567e-001
 1.8986595e-001
 1.8950653e-001
 1.8818586e-001
 1.8602794e-001
 1.8400331e-001
 1.8276054e-001
 1.8241584e-001
 1.8287216e-001
 1.8403201e-001
 1.8577527e-001
 1.8783672e-001
 1.8989244e-001
 1.9161843e-001
 1.9273247e-001
 1.9323160e-001
 1.9322531e-001
 1.9282342e-001
 1.9213180e-001
 1.9122940e-001
 1.9018428e-001
 1.8906440e-001
 1.8795399e-001
 1.8704212e-001
 1.8653890e-001
 1.8685450e-001
 1.8809049e-001
 1.9011925e-001
 1.9246751e-001
 1.9464801e-001
 1.9617246e-001
 1.9657291e-001
 1.9582202e-001
 1.9433035e-001
 1.9252682e-001
 1.9084102e-001
 1.8968849e-001
 1.8918613e-001
 1.8915531e-001
 1.8940504e-001
 1.8974437e-001
 1.8998815e-001
 1.9008249e-001
 1.9010223e-001
 1.9012751e-001
 1.9023846e-001
 1.9051526e-001
 1.9100806e-001
 1.9165005e-001
 1.9234654e-001
 1.9300231e-001
 1.9352265e-001
 1.9381244e-001
 1.9381115e-001
 1.9359015e-001
 1.9325249e-001
 1.9290142e-001
 1.9263992e-001
 1.9257127e-001
 1.9279845e-001
 1.9338112e-001
 1.9421233e-001
 1.9514595e-001
 1.9603536e-001
 1.9673438e-001
 1.9709657e-001
 1.9697557e-001
 1.9622508e-001
 1.9476219e-001
 1.9274461e-001
 1.9038576e-001
 1.8790007e-001
 1.8550083e-001
 1.8340254e-001
 1.8181872e-001
 1.8096317e-001
 1.8097892e-001
 1.8174364e-001
 1.8307300e-001
 1.8478328e-001
 1.8668999e-001
 1.8860944e-001
 1.9035713e-001
 1.9174938e-001
 1.9264597e-001
 1.9307035e-001
 1.9308321e-001
 1.9274540e-001
 1.9211766e-001
 1.9126086e-001
 1.9023563e-001
 1.8910301e-001
 1.8792354e-001
 1.8675825e-001
 1.8566771e-001
 1.8471293e-001
 1.8393853e-001
 1.8333159e-001
 1.8286572e-001
 1.8251476e-001
 1.8225241e-001
 1.8205252e-001
 1.8188879e-001
 1.8173495e-001
 1.8156484e-001
 1.8135215e-001
 1.8107072e-001
 1.8069419e-001
 1.8020816e-001
 1.7963965e-001
 1.7902531e-001
 1.7840147e-001
 1.7780477e-001
 1.7727154e-001
 1.7683841e-001
 1.7654176e-001
 1.7641814e-001
 1.7650394e-001
 1.7683578e-001
 1.7743087e-001
 1.7823960e-001
 1.7919724e-001
 1.8023947e-001
 1.8130150e-001
 1.8231907e-001
 1.8322736e-001
 1.8396209e-001
 1.8445852e-001
 1.8465225e-001
 1.8450519e-001
 1.8407108e-001
 1.8342346e-001
 1.8263610e-001
 1.8178239e-001
 1.8093622e-001
 1.8017089e-001
 1.7956033e-001
 1.7917791e-001
 1.7909737e-001
 1.7936431e-001
 1.7992860e-001
 1.8071985e-001
 1.8166743e-001
 1.8270098e-001
 1.8374979e-001
 1.8474348e-001
 1.8561168e-001
 1.8628365e-001
 1.8668908e-001
 1.8678440e-001
 1.8661766e-001
 1.8625605e-001
 1.8576665e-001
 1.8521684e-001
 1.8467359e-001
 1.8420427e-001
 1.8387596e-001
 1.8375587e-001
 1.8388422e-001
 1.8421121e-001
 1.8466839e-001
 1.8518735e-001
 1.8569955e-001
 1.8613666e-001
 1.8643008e-001
 1.8651143e-001
 1.8633954e-001
 1.8596305e-001
 1.8544923e-001
 1.8486521e-001
 1.8427823e-001
 1.8375540e-001
 1.8336406e-001
 1.8317124e-001
 1.8322037e-001
 1.8347713e-001
 1.8389145e-001
 1.8441314e-001
 1.8499219e-001
 1.8557841e-001
 1.8612179e-001
 1.8657210e-001
 1.8690063e-001
 1.8714693e-001
 1.8736449e-001
 1.8759844e-001
 1.8794160e-001
 1.8842436e-001
 1.8907450e-001
 1.8988231e-001
 1.9080175e-001
 1.9176206e-001
 1.9268066e-001
 1.9347264e-001
 1.9406293e-001
 1.9440508e-001
 1.9449382e-001
 1.9435346e-001
 1.9402069e-001
 1.9353639e-001
 1.9294596e-001
 1.9230248e-001
 1.9166820e-001
 1.9111237e-001
 1.9070609e-001
 1.9051448e-001
 1.9058290e-001
 1.9092186e-001
 1.9150124e-001
 1.9225942e-001
 1.9311906e-001
 1.9400136e-001
 1.9483763e-001
 1.9557822e-001
 1.9619501e-001
 1.9667760e-001
 1.9702624e-001
 1.9724700e-001
 1.9735019e-001
 1.9735073e-001
 1.9726820e-001
 1.9712600e-001
 1.9694927e-001
 1.9676276e-001
 1.9658838e-001
 1.9664745e-001
 1.9660707e-001
 1.9658899e-001
 1.9659767e-001
 1.9663425e-001
 1.9669667e-001
 1.9677971e-001
 1.9687526e-001
 1.9697239e-001
 1.9705790e-001
 1.9711711e-001
 1.9713514e-001
 1.9709872e-001
 1.9699852e-001
 1.9683093e-001
 1.9659914e-001
 1.9631377e-001
 1.9599199e-001
 1.9565608e-001
 1.9533060e-001
 1.9503941e-001
 1.9480300e-001
 1.9463626e-001
 1.9454734e-001
 1.9453777e-001
 1.9460240e-001
 1.9472976e-001
 1.9490367e-001
 1.9510543e-001
 1.9531648e-001
 1.9552109e-001
 1.9570771e-001
 1.9586942e-001
 1.9600312e-001
 1.9610828e-001
 1.9618535e-001
 1.9623420e-001
 1.9625302e-001
 1.9623771e-001
 1.9618225e-001
 1.9607973e-001
 1.9592406e-001
 1.9571221e-001
 1.9544601e-001
 1.9513406e-001
 1.9479196e-001
 1.9444214e-001
 1.9411170e-001
 1.9382921e-001
 1.9362076e-001
 1.9350560e-001
 1.9349271e-001
 1.9357865e-001
 1.9374773e-001
 1.9397458e-001
 1.9422895e-001
 1.9448136e-001
 1.9470905e-001
 1.9490029e-001
 1.9505595e-001
 1.9518836e-001
 1.9531742e-001
 1.9546507e-001
 1.9565004e-001
 1.9588351e-001
 1.9616742e-001
 1.9649523e-001
 1.9685416e-001
 1.9722882e-001
 1.9760378e-001
 1.9796525e-001
 1.9830126e-001
 1.9860020e-001
 1.9884977e-001
 1.9903597e-001
 1.9914386e-001
 1.9915965e-001
 1.9907378e-001
 1.9888408e-001
 1.9859830e-001
 1.9823480e-001
 1.9782135e-001
 1.9739270e-001
 1.9698654e-001
 1.9663997e-001
 1.9638588e-001
 1.9625023e-001
 1.9625042e-001
 1.9639367e-001
 1.9667608e-001
 1.9708174e-001
 1.9758300e-001
 1.9814126e-001
 1.9871013e-001
 1.9924079e-001
 1.9968824e-001
 2.0001915e-001
 2.0021777e-001
 2.0028962e-001
 2.0026110e-001
 2.0017439e-001
 2.0007901e-001
 2.0002143e-001
 2.0003524e-001
 2.0013437e-001
 2.0031050e-001
 2.0053583e-001
 2.0076950e-001
 2.0096657e-001
 2.0108727e-001
 2.0110412e-001
 2.0100614e-001
 2.0079954e-001
 2.0050518e-001
 2.0015398e-001
 1.9978169e-001
 1.9942372e-001
 1.9911090e-001
 1.9886696e-001
 1.9870697e-001
 1.9863731e-001
 1.9865629e-001
 1.9875562e-001
 1.9892214e-001
 1.9914018e-001
 1.9939369e-001
 1.9966866e-001
 1.9995534e-001
 2.0024952e-001
 2.0055355e-001
 2.0087588e-001
 2.0122971e-001
 2.0163065e-001
 2.0209311e-001
 2.0262699e-001
 2.0323379e-001
 2.0390418e-001
 2.0461716e-001
 2.0534036e-001
 2.0603339e-001
 2.0665281e-001
 2.0715755e-001
 2.0751576e-001
 2.0770946e-001
 2.0773822e-001
 2.0761971e-001
 2.0738763e-001
 2.0708710e-001
 2.0676860e-001
 2.0648111e-001
 2.0626567e-001
 2.0615064e-001
 2.0614868e-001
 2.0625643e-001
 2.0645614e-001
 2.0671946e-001
 2.0701218e-001
 2.0729974e-001
 2.0755202e-001
 2.0774736e-001
 2.0787509e-001
 2.0793597e-001
 2.0794129e-001
 2.0791025e-001
 2.0786650e-001
 2.0783418e-001
 2.0783439e-001
 2.0788217e-001
 2.0798478e-001
 2.0814131e-001
 2.0834367e-001
 2.0857848e-001
 2.0882978e-001
 2.0908193e-001
 2.0932187e-001
 2.0954101e-001
 2.0973566e-001
 2.0990703e-001
 2.1005993e-001
 2.1020131e-001
 2.1033865e-001
 2.1047859e-001
 2.1062623e-001
 2.1078525e-001
 2.1095835e-001
 2.1114840e-001
 2.1135919e-001
 2.1159573e-001
 2.1186386e-001
 2.1216843e-001
 2.1251132e-001
 2.1288924e-001
 2.1329208e-001
 2.1370338e-001
 2.1410207e-001
 2.1446660e-001
 2.1477997e-001
 2.1503426e-001
 2.1523401e-001
 2.1539637e-001
 2.1554838e-001
 2.1572143e-001
 2.1594405e-001
 2.1623524e-001
 2.1659935e-001
 2.1702458e-001
 2.1748504e-001
 2.1794537e-001
 2.1836805e-001
 2.1872008e-001
 2.1897879e-001
 2.1913530e-001
 2.1919478e-001
 2.1917461e-001
 2.1910045e-001
 2.1900162e-001
 2.1890673e-001
 2.1884042e-001
 2.1882151e-001
 2.1886279e-001
 2.1897204e-001
 2.1915379e-001
 2.1941082e-001
 2.1974510e-001
 2.2015776e-001
 2.2064745e-001
 2.2120887e-001
 2.2183031e-001
 2.2249275e-001
 2.2317046e-001
 2.2383253e-001
 2.2444722e-001
 2.2498591e-001
 2.2542767e-001
 2.2576272e-001
 2.2599342e-001
 2.2613397e-001
 2.2620760e-001
 2.2624299e-001
 2.2627015e-001
 2.2631672e-001
 2.2640519e-001
 2.2655149e-001
 2.2676434e-001
 2.2704574e-001
 2.2739160e-001
 2.2779268e-001
 2.2823580e-001
 2.2870445e-001
 2.2918032e-001
 2.2964424e-001
 2.3007773e-001
 2.3046477e-001
 2.3079291e-001
 2.3105484e-001
 2.3124874e-001
 2.3137851e-001
 2.3145309e-001
 2.3148505e-001
 2.3148897e-001
 2.3147951e-001
 2.3146974e-001
 2.3146987e-001
 2.3148672e-001
 2.3152392e-001
 2.3158272e-001
 2.3166330e-001
 2.3176609e-001
 2.3189269e-001
 2.3204631e-001
 2.3223136e-001
 2.3245251e-001
 2.3271343e-001
 2.3301549e-001
 2.3335698e-001
 2.3373313e-001
 2.3413628e-001
 2.3455723e-001
 2.3498598e-001
 2.3541288e-001
 2.3582929e-001
 2.3622751e-001
 2.3660114e-001
 2.3694487e-001
 2.3725490e-001
 2.3752965e-001
 2.3777021e-001
 2.3798108e-001
 2.3816974e-001
 2.3834586e-001
 2.3851943e-001
 2.3869835e-001
 2.3888643e-001
 2.3908217e-001
 2.3927881e-001
 2.3946626e-001
 2.3963387e-001
 2.3977391e-001
 2.3988433e-001
 2.3997009e-001
 2.4004263e-001
 2.4011748e-001
 2.4021082e-001
 2.4033591e-001
 2.4050030e-001
 2.4070489e-001
 2.4094455e-001
 2.4121021e-001
 2.4149179e-001
 2.4178046e-001
 2.4207053e-001
 2.4235956e-001
 2.4264795e-001
 2.4293782e-001
 2.4323185e-001
 2.4353267e-001
 2.4384305e-001
 2.4416587e-001
 2.4450453e-001
 2.4486224e-001
 2.4524097e-001
 2.4563968e-001
 2.4605229e-001
 2.4646702e-001
 2.4686630e-001
 2.4722894e-001
 2.4753375e-001
 2.4776350e-001
 2.4790901e-001
 2.4797177e-001
 2.4796459e-001
 2.4790980e-001
 2.4783576e-001
 2.4777190e-001
 2.4774401e-001
 2.4777015e-001
 2.4785858e-001
 2.4800757e-001
 2.4820723e-001
 2.4844290e-001
 2.4869899e-001
 2.4896286e-001
 2.4922727e-001
 2.4949147e-001
 2.4976043e-001
 2.5004220e-001
 2.5034475e-001
 2.5067240e-001
 2.5102335e-001
 2.5138912e-001
 2.5175512e-001
 2.5210392e-001
 2.5241852e-001
 2.5268593e-001
 2.5289983e-001
 2.5306129e-001
 2.5317791e-001
 2.5326145e-001
 2.5332505e-001
 2.5338036e-001
 2.5343585e-001
 2.5349611e-001
 2.5356218e-001
 2.5363261e-001
 2.5370464e-001
 2.5377497e-001
 2.5384033e-001
 2.5389767e-001
 2.5394452e-001
 2.5397968e-001
 2.5400424e-001
 2.5402275e-001
 2.5404379e-001
 2.5407964e-001
 2.5414446e-001
 2.5425112e-001
 2.5440726e-001
 2.5461200e-001
 2.5485361e-001
 2.5511032e-001
 2.5535321e-001
 2.5555155e-001
 2.5567904e-001
 2.5571921e-001
 2.5566867e-001
 2.5553712e-001
 2.5534463e-001
 2.5511634e-001
 2.5487709e-001
 2.5464645e-001
 2.5443637e-001
 2.5425145e-001
 2.5409108e-001
 2.5395328e-001
 2.5383785e-001
 2.5374871e-001
 2.5369406e-001
 2.5368464e-001
 2.5373104e-001
 2.5384054e-001
 2.5401458e-001
 2.5424805e-001
 2.5452995e-001
 2.5484589e-001
 2.5518128e-001
 2.5552487e-001
 2.5587106e-001
 2.5622109e-001
 2.5658175e-001
 2.5696290e-001
 2.5737333e-001
 2.5781664e-001
 2.5828859e-001
 2.5877601e-001
 2.5925887e-001
 2.5971523e-001
 2.6012680e-001
 2.6048529e-001
 2.6079670e-001
 2.6108170e-001
 2.6137283e-001
 2.6170760e-001
 2.6211974e-001
 2.6263076e-001
 2.6324323e-001
 2.6393861e-001
 2.6467890e-001
 2.6541263e-001
 2.6608384e-001
 2.6664084e-001
 2.6704481e-001
 2.6727492e-001
 2.6733047e-001
 2.6722971e-001
 2.6700547e-001
 2.6669937e-001
 2.6635566e-001
 2.6601568e-001
 2.6571354e-001
 2.6547453e-001
 2.6531464e-001
 2.6524201e-001
 2.6525918e-001
 2.6536497e-001
 2.6555595e-001
 2.6582652e-001
 2.6616845e-001
 2.6656920e-001
 2.6701117e-001
 2.6747099e-001
 2.6792055e-001
 2.6832953e-001
 2.6866850e-001
 2.6891321e-001
 2.6904777e-001
 2.6906756e-001
 2.6897991e-001
 2.6880327e-001
 2.6856455e-001
 2.6829529e-001
 2.6802742e-001
 2.6778892e-001
 2.6760110e-001
 2.6747686e-001
 2.6742080e-001
 2.6743084e-001
 2.6750082e-001
 2.6762286e-001
 2.6778930e-001
 2.6799354e-001
 2.6822928e-001
 2.6848927e-001
 2.6876372e-001
 2.6903975e-001
 2.6930258e-001
 2.6953754e-001
 2.6973417e-001
 2.6988959e-001
 2.7001068e-001
 2.7011412e-001
 2.7022344e-001
 2.7036363e-001
 2.7055496e-001
 2.7080733e-001
 2.7111706e-001
 2.7146694e-001
 2.7183047e-001
 2.7217823e-001
 2.7248582e-001
 2.7274111e-001
 2.7294829e-001
 2.7312872e-001
 2.7331704e-001
 2.7355409e-001
 2.7387768e-001
 2.7431312e-001
 2.7486601e-001
 2.7551913e-001
 2.7623340e-001
 2.7695531e-001
 2.7762663e-001
 2.7819696e-001
 2.7863473e-001
 2.7893391e-001
 2.7911544e-001
 2.7922153e-001
 2.7930522e-001
 2.7941671e-001
 2.7959040e-001
 2.7983573e-001
 2.8013426e-001
 2.8044364e-001
 2.8070733e-001
 2.8086695e-001
 2.8087479e-001
 2.8070423e-001
 2.8035587e-001
 2.7985829e-001
 2.7926373e-001
 2.7863905e-001
 2.7805290e-001
 2.7756670e-001
 2.7722737e-001
 2.7706462e-001
 2.7709156e-001
 2.7730408e-001
 2.7768123e-001
 2.7818802e-001
 2.7877963e-001
 2.7940685e-001
 2.8002226e-001
 2.8058466e-001
 2.8106278e-001
 2.8143665e-001
 2.8169832e-001
 2.8185111e-001
 2.8190678e-001
 2.8188324e-001
 2.8180251e-001
 2.8168842e-001
 2.8156474e-001
 2.8145340e-001
 2.8137246e-001
 2.8133404e-001
 2.8134263e-001
 2.8139421e-001
 2.8147659e-001
 2.8157115e-001
 2.8165612e-001
 2.8171045e-001
 2.8171855e-001
 2.8167379e-001
 2.8158098e-001
 2.8145605e-001
 2.8132337e-001
 2.8121147e-001
 2.8114855e-001
 2.8115833e-001
 2.8125724e-001
 2.8145295e-001
 2.8174287e-001
 2.8211448e-001
 2.8254715e-001
 2.8301570e-001
 2.8349379e-001
 2.8395805e-001
 2.8439102e-001
 2.8478211e-001
 2.8512746e-001
 2.8542787e-001
 2.8568667e-001
 2.8590766e-001
 2.8609341e-001
 2.8624517e-001
 2.8636336e-001
 2.8644916e-001
 2.8650564e-001
 2.8653863e-001
 2.8655726e-001
 2.8657356e-001
 2.8660178e-001
 2.8665674e-001
 2.8675196e-001
 2.8689769e-001
 2.8709924e-001
 2.8735572e-001
 2.8766009e-001
 2.8799921e-001
 2.8835550e-001
 2.8870839e-001
 2.8903612e-001
 2.8931782e-001
 2.8953487e-001
 2.8967249e-001
 2.8972089e-001
 2.8967595e-001
 2.8953981e-001
 2.8932118e-001
 2.8903490e-001
 2.8870127e-001
 2.8834462e-001
 2.8799149e-001
 2.8766820e-001
 2.8739855e-001
 2.8720132e-001
 2.8708872e-001
 2.8706542e-001
 2.8712860e-001
 2.8726909e-001
 2.8747326e-001
 2.8772524e-001
 2.8800949e-001
 2.8831261e-001
 2.8862503e-001
 2.8894150e-001
 2.8926072e-001
 2.8958461e-001
 2.8991684e-001
 2.9026130e-001
 2.9062063e-001
 2.9099512e-001
 2.9138207e-001
 2.9177564e-001
 2.9216689e-001
 2.9254466e-001
 2.9289612e-001
 2.9320782e-001
 2.9346710e-001
 2.9366291e-001
 2.9378739e-001
 2.9383713e-001
 2.9381427e-001
 2.9372740e-001
 2.9359186e-001
 2.9342902e-001
 2.9326528e-001
 2.9312953e-001
 2.9305035e-001
 2.9305285e-001
 2.9315558e-001
 2.9336819e-001
 2.9369003e-001
 2.9411051e-001
 2.9461008e-001
 2.9516286e-001
 2.9573983e-001
 2.9631162e-001
 2.9685172e-001
 2.9733831e-001
 2.9775539e-001
 2.9809359e-001
 2.9834905e-001
 2.9852304e-001
 2.9862013e-001
 2.9864711e-001
 2.9861194e-001
 2.9852262e-001
 2.9838657e-001
 2.9821044e-001
 2.9800025e-001
 2.9776132e-001
 2.9749858e-001
 2.9721674e-001
 2.9692063e-001
 2.9661554e-001
 2.9630727e-001
 2.9600272e-001
 2.9570982e-001
 2.9543757e-001
 2.9519621e-001
 2.9499656e-001
 2.9484949e-001
 2.9476485e-001
 2.9475001e-001
 2.9480827e-001
 2.9493746e-001
 2.9512870e-001
 2.9536641e-001
 2.9562965e-001
 2.9589421e-001
 2.9613546e-001
 2.9633126e-001
 2.9646480e-001
 2.9652691e-001
 2.9651707e-001
 2.9644355e-001
 2.9632294e-001
 2.9617813e-001
 2.9603571e-001
 2.9592276e-001
 2.9586342e-001
 2.9587615e-001
 2.9597148e-001
 2.9615119e-001
 2.9640856e-001
 2.9672971e-001
 2.9709592e-001
 2.9748595e-001
 2.9787892e-001
 2.9825625e-001
 2.9860333e-001
 2.9891065e-001
 2.9917356e-001
 2.9939222e-001
 2.9957047e-001
 2.9971480e-001
 2.9983333e-001
 2.9993466e-001
 3.0002716e-001
 3.0011839e-001
 3.0021462e-001
 3.0032060e-001
 3.0043927e-001
 3.0057162e-001
 3.0071643e-001
 3.0087027e-001
 3.0102742e-001
 3.0118030e-001
 3.0131999e-001
 3.0143729e-001
 3.0152383e-001
 3.0157360e-001
 3.0158427e-001
 3.0155832e-001
 3.0150372e-001
 3.0143377e-001
 3.0136639e-001
 3.0132228e-001
 3.0132279e-001
 3.0138710e-001
 3.0152979e-001
 3.0175838e-001
 3.0207196e-001
 3.0246061e-001
 3.0290630e-001
 3.0338424e-001
 3.0386576e-001
 3.0432090e-001
 3.0472147e-001
 3.0504385e-001
 3.0527046e-001
 3.0539128e-001
 3.0540395e-001
 3.0531332e-001
 3.0513066e-001
 3.0487257e-001
 3.0455983e-001
 3.0421630e-001
 3.0386803e-001
 3.0354196e-001
 3.0326495e-001
 3.0306211e-001
 3.0295488e-001
 3.0295923e-001
 3.0308357e-001
 3.0332711e-001
 3.0367905e-001
 3.0411884e-001
 3.0461726e-001
 3.0513945e-001
 3.0564818e-001
 3.0610794e-001
 3.0648953e-001
 3.0677286e-001
 3.0694976e-001
 3.0702463e-001
 3.0701321e-001
 3.0694023e-001
 3.0683541e-001
 3.0672944e-001
 3.0664927e-001
 3.0661488e-001
 3.0663663e-001
 3.0671424e-001
 3.0683711e-001
 3.0698621e-001
 3.0713722e-001
 3.0726436e-001
 3.0734426e-001
 3.0735967e-001
 3.0730203e-001
 3.0717257e-001
 3.0698088e-001
 3.0674320e-001
 3.0647963e-001
 3.0621147e-001
 3.0595902e-001
 3.0573967e-001
 3.0556697e-001
 3.0545017e-001
 3.0539331e-001
 3.0539507e-001
 3.0544895e-001
 3.0554411e-001
 3.0566639e-001
 3.0579972e-001
 3.0592737e-001
 3.0603299e-001
 3.0610138e-001
 3.0611882e-001
 3.0616835e-001
 3.0605799e-001
 3.0586210e-001
 3.0557400e-001
 3.0519232e-001
 3.0472362e-001
 3.0418429e-001
 3.0359948e-001
 3.0300009e-001
 3.0242032e-001
 3.0189481e-001
 3.0145720e-001
 3.0113766e-001
 3.0095968e-001
 3.0093652e-001
 3.0106881e-001
 3.0134380e-001
 3.0173627e-001
 3.0221188e-001
 3.0273053e-001
 3.0324936e-001
 3.0372545e-001
 3.0411786e-001
 3.0439103e-001
 3.0451855e-001
 3.0448684e-001
 3.0429679e-001
 3.0396229e-001
 3.0350658e-001
 3.0295873e-001
 3.0235043e-001
 3.0171385e-001
 3.0108067e-001
 3.0048025e-001
 2.9993862e-001
 2.9947704e-001
 2.9911137e-001
 2.9885289e-001
 2.9870936e-001
 2.9868630e-001
 2.9878816e-001
 2.9901838e-001
 2.9937914e-001
 2.9986998e-001
 3.0048659e-001
 3.0121878e-001
 3.0205056e-001
 3.0296004e-001
 3.0392131e-001
 3.0490631e-001
 3.0588555e-001
 3.0683017e-001
 3.0771232e-001
 3.0850732e-001
 3.0919600e-001
 3.0976596e-001
 3.1021306e-001
 3.1053996e-001
 3.1075469e-001
 3.1086844e-001
 3.1089392e-001
 3.1084421e-001
 3.1073207e-001
 3.1056929e-001
 3.1036600e-001
 3.1012994e-001
 3.0986631e-001
 3.0957797e-001
 3.0926609e-001
 3.0893070e-001
 3.0857146e-001
 3.0818781e-001
 3.0777913e-001
 3.0734497e-001
 3.0688494e-001
 3.0639908e-001
 3.0588764e-001
 3.0535102e-001
 3.0479002e-001
 3.0420536e-001
 3.0359808e-001
 3.0296957e-001
 3.0232176e-001
 3.0165848e-001
 3.0098581e-001
 3.0031362e-001
 2.9965562e-001
 2.9902881e-001
 2.9845309e-001
 2.9794976e-001
 2.9754040e-001
 2.9724640e-001
 2.9708698e-001
 2.9707742e-001
 2.9722607e-001
 2.9753199e-001
 2.9798397e-001
 2.9856154e-001
 2.9923731e-001
 2.9997981e-001
 3.0075586e-001
 3.0153194e-001
 3.0227613e-001
 3.0295932e-001
 3.0355790e-001
 3.0405563e-001
 3.0444407e-001
 3.0472237e-001
 3.0489472e-001
 3.0496868e-001
 3.0495340e-001
 3.0485851e-001
 3.0469364e-001
 3.0446810e-001
 3.0419049e-001
 3.0386838e-001
 3.0350840e-001
 3.0311620e-001
 3.0269659e-001
 3.0225420e-001
 3.0179334e-001
 3.0131876e-001
 3.0083609e-001
 3.0035242e-001
 2.9987818e-001
 2.9942739e-001
 2.9901871e-001
 2.9867482e-001
 2.9842106e-001
 2.9828462e-001
 2.9829302e-001
 2.9847267e-001
 2.9884651e-001
 2.9943034e-001
 3.0022752e-001
 3.0122539e-001
 3.0239275e-001
 3.0368191e-001
 3.0503350e-001
 3.0638063e-001
 3.0765340e-001
 3.0878288e-001
 3.0970392e-001
 3.1036153e-001
 3.1071672e-001
 3.1075266e-001
 3.1047702e-001
 3.0991969e-001
 3.0912653e-001
 3.0815345e-001
 3.0706078e-001
 3.0590934e-001
 3.0475843e-001
 3.0366132e-001
 3.0266252e-001
 3.0179399e-001
 3.0107349e-001
 3.0050665e-001
 3.0008951e-001
 2.9981279e-001
 2.9966438e-001
 2.9963106e-001
 2.9969925e-001
 2.9985520e-001
 3.0008513e-001
 3.0037507e-001
 3.0071110e-001
 3.0107901e-001
 3.0146462e-001
 3.0185381e-001
 3.0223235e-001
 3.0258662e-001
 3.0290362e-001
 3.0317217e-001
 3.0338413e-001
 3.0353513e-001
 3.0362535e-001
 3.0365878e-001
 3.0364239e-001
 3.0358490e-001
 3.0349588e-001
 3.0338508e-001
 3.0326203e-001
 3.0313584e-001
 3.0301449e-001
 3.0290473e-001
 3.0281174e-001
 3.0273947e-001
 3.0269080e-001
 3.0266804e-001
 3.0267316e-001
 3.0270788e-001
 3.0277359e-001
 3.0287108e-001
 3.0300003e-001
 3.0315876e-001
 3.0334398e-001
 3.0355111e-001
 3.0377442e-001
 3.0400765e-001
 3.0424410e-001
 3.0447710e-001
 3.0469975e-001
 3.0490521e-001
 3.0508649e-001
 3.0523643e-001
 3.0534786e-001
 3.0541334e-001
 3.0542544e-001
 3.0537671e-001
 3.0525994e-001
 3.0506870e-001
 3.0479869e-001
 3.0444956e-001
 3.0402780e-001
 3.0354941e-001
 3.0304036e-001
 3.0253598e-001
 3.0207828e-001
 3.0171356e-001
 3.0148903e-001
 3.0145076e-001
 3.0163974e-001
 3.0208609e-001
 3.0280209e-001
 3.0377498e-001
 3.0496541e-001
 3.0630961e-001
 3.0772495e-001
 3.0911908e-001
 3.1039500e-001
 3.1145713e-001
 3.1221625e-001
 3.1260014e-001
 3.1256309e-001
 3.1209606e-001
 3.1123054e-001
 3.1003419e-001
 3.0860251e-001
 3.0704615e-001
 3.0548286e-001
 3.0403006e-001
 3.0279908e-001
 3.0188388e-001
 3.0135125e-001
 3.0123097e-001
 3.0151111e-001
 3.0214274e-001
 3.0304900e-001
 3.0413705e-001
 3.0530691e-001
 3.0645695e-001
 3.0749154e-001
 3.0832708e-001
 3.0890098e-001
 3.0917865e-001
 3.0915737e-001
 3.0886263e-001
 3.0834100e-001
 3.0765140e-001
 3.0685839e-001
 3.0602822e-001
 3.0522406e-001
 3.0450284e-001
 3.0391014e-001
 3.0347684e-001
 3.0321661e-001
 3.0312812e-001
 3.0319887e-001
 3.0340964e-001
 3.0373809e-001
 3.0416057e-001
 3.0465394e-001
 3.0519634e-001
 3.0576834e-001
 3.0635330e-001
 3.0693862e-001
 3.0751482e-001
 3.0807438e-001
 3.0861169e-001
 3.0912170e-001
 3.0959928e-001
 3.1003940e-001
 3.1043667e-001
 3.1078452e-001
 3.1107566e-001
 3.1130147e-001
 3.1145233e-001
 3.1151769e-001
 3.1148669e-001
 3.1134844e-001
 3.1109291e-001
 3.1071186e-001
 3.1020102e-001
 3.0956325e-001
 3.0881020e-001
 3.0796373e-001
 3.0705464e-001
 3.0612111e-001
 3.0520460e-001
 3.0434814e-001
 3.0359492e-001
 3.0298451e-001
 3.0255020e-001
 3.0231461e-001
 3.0228534e-001
 3.0245382e-001
 3.0279660e-001
 3.0327949e-001
 3.0386174e-001
 3.0449986e-001
 3.0514959e-001
 3.0576882e-001
 3.0631995e-001
 3.0677262e-001
 3.0710712e-001
 3.0731502e-001
 3.0739817e-001
 3.0736610e-001
 3.0723286e-001
 3.0701461e-001
 3.0672845e-001
 3.0639109e-001
 3.0601829e-001
 3.0562460e-001
 3.0522200e-001
 3.0482012e-001
 3.0442670e-001
 3.0404758e-001
 3.0368766e-001
 3.0335155e-001
 3.0304345e-001
 3.0276752e-001
 3.0252758e-001
 3.0232745e-001
 3.0217034e-001
 3.0205914e-001
 3.0199641e-001
 3.0198434e-001
 3.0202508e-001
 3.0212042e-001
 3.0227205e-001
 3.0248097e-001
 3.0274695e-001
 3.0306759e-001
 3.0343783e-001
 3.0384949e-001
 3.0429143e-001
 3.0475059e-001
 3.0521280e-001
 3.0566308e-001
 3.0608693e-001
 3.0647084e-001
 3.0680320e-001
 3.0707619e-001
 3.0728686e-001
 3.0743763e-001
 3.0753577e-001
 3.0759218e-001
 3.0761987e-001
 3.0763277e-001
 3.0764470e-001
 3.0766833e-001
 3.0771381e-001
 3.0778697e-001
 3.0788785e-001
 3.0801001e-001
 3.0814105e-001
 3.0826449e-001
 3.0836120e-001
 3.0841106e-001
 3.0839425e-001
 3.0829287e-001
 3.0809316e-001
 3.0778822e-001
 3.0738056e-001
 3.0688325e-001
 3.0631861e-001
 3.0571583e-001
 3.0510813e-001
 3.0453089e-001
 3.0401883e-001
 3.0360442e-001
 3.0331540e-001
 3.0317062e-001
 3.0317745e-001
 3.0333030e-001
 3.0361202e-001
 3.0399692e-001
 3.0445430e-001
 3.0495083e-001
 3.0545318e-001
 3.0592945e-001
 3.0635089e-001
 3.0669498e-001
 3.0694717e-001
 3.0710167e-001
 3.0716082e-001
 3.0713290e-001
 3.0702966e-001
 3.0686465e-001
 3.0665189e-001
 3.0640510e-001
 3.0613741e-001
 3.0586037e-001
 3.0558345e-001
 3.0531421e-001
 3.0505803e-001
 3.0481884e-001
 3.0459985e-001
 3.0440363e-001
 3.0423254e-001
 3.0408853e-001
 3.0397317e-001
 3.0388692e-001
 3.0382904e-001
 3.0379751e-001
 3.0378887e-001
 3.0379891e-001
 3.0382273e-001
 3.0385509e-001
 3.0389035e-001
 3.0392206e-001
 3.0394211e-001
 3.0393991e-001
 3.0390120e-001
 3.0380785e-001
 3.0363822e-001
 3.0336791e-001
 3.0297139e-001
 3.0242264e-001
 3.0169675e-001
 3.0077317e-001
 2.9963869e-001
 2.9829347e-001
 2.9675519e-001
 2.9506242e-001
 2.9327041e-001
 2.9144755e-001
 2.8967127e-001
 2.8802079e-001
 2.8657469e-001
 2.8540710e-001
 2.8457934e-001
 2.8413308e-001
 2.8408316e-001
 2.8441447e-001
 2.8508475e-001
 2.8603226e-001
 2.8718263e-001
 2.8845665e-001
 2.8977433e-001
 2.9105723e-001
 2.9223451e-001
 2.9324666e-001
 2.9404885e-001
 2.9461408e-001
 2.9493055e-001
 2.9499787e-001
 2.9482251e-001
 2.9441476e-001
 2.9378691e-001
 2.9295436e-001
 2.9193687e-001
 2.9076162e-001
 2.8946704e-001
 2.8810215e-001
 2.8672650e-001
 2.8540704e-001
 2.8421590e-001
 2.8322574e-001
 2.8250781e-001
 2.8212774e-001
 2.8213790e-001
 2.8256968e-001
 2.8342512e-001
 2.8467450e-001
 2.8625944e-001
 2.8809914e-001
 2.9010120e-001
 2.9216713e-001
 2.9419824e-001
 2.9609817e-001
 2.9778111e-001
 2.9917657e-001
 3.0023414e-001
 3.0092776e-001
 3.0125207e-001
 3.0121702e-001
 3.0084229e-001
 3.0015203e-001
 2.9917231e-001
 2.9793113e-001
 2.9645738e-001
 2.9478198e-001
 2.9294011e-001
 2.9096919e-001
 2.8890955e-001
 2.8680521e-001
 2.8469998e-001
 2.8263807e-001
 2.8066450e-001
 2.7882054e-001
 2.7714330e-001
 2.7566180e-001
 2.7439550e-001
 2.7335098e-001
 2.7252457e-001
 2.7190524e-001
 2.7147678e-001
 2.7122074e-001
 2.7111810e-001
 2.7114952e-001
 2.7129605e-001
 2.7153966e-001
 2.7186295e-001
 2.7224991e-001
 2.7268556e-001
 2.7315527e-001
 2.7364528e-001
 2.7414200e-001
 2.7463162e-001
 2.7510101e-001
 2.7553716e-001
 2.7592784e-001
 2.7626124e-001
 2.7652684e-001
 2.7671474e-001
 2.7681559e-001
 2.7682063e-001
 2.7672142e-001
 2.7651054e-001
 2.7618277e-001
 2.7573720e-001
 2.7518064e-001
 2.7452970e-001
 2.7381212e-001
 2.7306554e-001
 2.7233538e-001
 2.7167082e-001
 2.7112255e-001
 2.7074048e-001
 2.7056953e-001
 2.7064493e-001
 2.7098536e-001
 2.7158725e-001
 2.7242240e-001
 2.7344045e-001
 2.7457348e-001
 2.7574429e-001
 2.7687129e-001
 2.7787253e-001
 2.7867243e-001
 2.7920833e-001
 2.7943942e-001
 2.7935582e-001
 2.7898133e-001
 2.7836975e-001
 2.7759525e-001
 2.7674362e-001
 2.7590495e-001
 2.7516890e-001
 2.7461821e-001
 2.7432325e-001
 2.7433485e-001
 2.7467731e-001
 2.7534631e-001
 2.7630970e-001
 2.7751464e-001
 2.7889487e-001
 2.8037831e-001
 2.8189021e-001
 2.8335780e-001
 2.8471008e-001
 2.8587741e-001
 2.8676975e-001
 2.8721368e-001
 2.8751832e-001
 2.8759146e-001
 2.8747237e-001
 2.8720027e-001
 2.8681409e-001
 2.8635332e-001
 2.8585693e-001
 2.8536412e-001
 2.8491411e-001
 2.8454295e-001
 2.8425980e-001
 2.8405845e-001
 2.8393272e-001
 2.8387642e-001
 2.8388342e-001
 2.8394741e-001
 2.8406227e-001
 2.8422183e-001
 2.8441983e-001
 2.8465009e-001
 2.8490639e-001
 2.8518263e-001
 2.8547254e-001
 2.8577012e-001
 2.8607145e-001
 2.8637359e-001
 2.8667372e-001
 2.8696880e-001
 2.8725603e-001
 2.8753245e-001
 2.8779531e-001
 2.8804156e-001
 2.8826833e-001
 2.8847274e-001
 2.8865194e-001
 2.8880298e-001
 2.8892297e-001
 2.8900900e-001
 2.8905818e-001
 2.8906766e-001
 2.8903452e-001
 2.8895628e-001
 2.8883499e-001
 2.8867468e-001
 2.8847972e-001
 2.8825417e-001
 2.8800234e-001
 2.8772828e-001
 2.8743646e-001
 2.8713086e-001
 2.8681579e-001
 2.8649545e-001
 2.8617394e-001
 2.8585559e-001
 2.8554457e-001
 2.8524509e-001
 2.8496131e-001
 2.8469750e-001
 2.8445783e-001
 2.8424653e-001
 2.8406775e-001
 2.8392571e-001
 2.8382471e-001
 2.8376827e-001
 2.8375530e-001
 2.8378209e-001
 2.8384504e-001
 2.8394043e-001
 2.8406465e-001
 2.8421405e-001
 2.8438488e-001
 2.8457355e-001
 2.8477639e-001
 2.8498977e-001
 2.8520992e-001
 2.8543329e-001
 2.8565615e-001
 2.8587493e-001
 2.8608587e-001
 2.8628537e-001
 2.8646973e-001
 2.8663528e-001
 2.8677845e-001
 2.8689545e-001
 2.8698274e-001
 2.8703657e-001
 2.8705329e-001
 2.8702933e-001
 2.8696087e-001
 2.8684491e-001
 2.8668198e-001
 2.8647506e-001
 2.8622669e-001
 2.8593966e-001
 2.8561670e-001
 2.8526038e-001
 2.8487366e-001
 2.8445914e-001
 2.8401953e-001
 2.8355753e-001
 2.8307602e-001
 2.8257757e-001
 2.8206491e-001
 2.8154069e-001
 2.8100792e-001
 2.8046909e-001
 2.7992696e-001
 2.7938414e-001
 2.7884364e-001
 2.7830800e-001
 2.7777997e-001
 2.7726224e-001
 2.7675745e-001
 2.7626854e-001
 2.7579811e-001
 2.7534890e-001
 2.7492350e-001
 2.7452490e-001
 2.7415568e-001
 2.7381819e-001
 2.7351215e-001
 2.7323633e-001
 2.7298906e-001
