s07_ASD Record=4519: Goethite HS36.3               BECKb AREF
 3.6559500e-002
 3.6715183e-002
 3.6849454e-002
 3.6967684e-002
 3.7078928e-002
 3.7192106e-002
 3.7311845e-002
 3.7436735e-002
 3.7560698e-002
 3.7676442e-002
 3.7779089e-002
 3.7867963e-002
 3.7946545e-002
 3.8021546e-002
 3.8100988e-002
 3.8190924e-002
 3.8293038e-002
 3.8405344e-002
 3.8524624e-002
 3.8648870e-002
 3.8778368e-002
 3.8915172e-002
 3.9061390e-002
 3.9217386e-002
 3.9380632e-002
 3.9544646e-002
 3.9698638e-002
 3.9829690e-002
 3.9927810e-002
 3.9989758e-002
 4.0019881e-002
 4.0027283e-002
 4.0021870e-002
 4.0012237e-002
 4.0004116e-002
 3.9997950e-002
 3.9989315e-002
 3.9971787e-002
 3.9940316e-002
 3.9893974e-002
 3.9836518e-002
 3.9774321e-002
 3.9712995e-002
 3.9655007e-002
 3.9600115e-002
 3.9548047e-002
 3.9500702e-002
 3.9461300e-002
 3.9431002e-002
 3.9406423e-002
 3.9381403e-002
 3.9352369e-002
 3.9322767e-002
 3.9301839e-002
 3.9297644e-002
 3.9309934e-002
 3.9327942e-002
 3.9337166e-002
 3.9328393e-002
 3.9299216e-002
 3.9262161e-002
 3.9232023e-002
 3.9213430e-002
 3.9209452e-002
 3.9217331e-002
 3.9222073e-002
 3.9210882e-002
 3.9182939e-002
 3.9149188e-002
 3.9128941e-002
 3.9139133e-002
 3.9182402e-002
 3.9245542e-002
 3.9308749e-002
 3.9357763e-002
 3.9391112e-002
 3.9418563e-002
 3.9452523e-002
 3.9498661e-002
 3.9551824e-002
 3.9599672e-002
 3.9631516e-002
 3.9646804e-002
 3.9657846e-002
 3.9685007e-002
 3.9747551e-002
 3.9855603e-002
 4.0007208e-002
 4.0190190e-002
 4.0385868e-002
 4.0572155e-002
 4.0726509e-002
 4.0830277e-002
 4.0874358e-002
 4.0862877e-002
 4.0811643e-002
 4.0740822e-002
 4.0665127e-002
 4.0588945e-002
 4.0510394e-002
 4.0429752e-002
 4.0354371e-002
 4.0296316e-002
 4.0264785e-002
 4.0257100e-002
 4.0254254e-002
 4.0228922e-002
 4.0163714e-002
 4.0068213e-002
 3.9980795e-002
 3.9949808e-002
 4.0005848e-002
 4.0143739e-002
 4.0324021e-002
 4.0490396e-002
 4.0593937e-002
 4.0614434e-002
 4.0568102e-002
 4.0494327e-002
 4.0428706e-002
 4.0383853e-002
 4.0354159e-002
 4.0337566e-002
 4.0349621e-002
 4.0412374e-002
 4.0527288e-002
 4.0660959e-002
 4.0763233e-002
 4.0805191e-002
 4.0800855e-002
 4.0790033e-002
 4.0799778e-002
 4.0824730e-002
 4.0845599e-002
 4.0863283e-002
 4.0910210e-002
 4.1025080e-002
 4.1215356e-002
 4.1445550e-002
 4.1664910e-002
 4.1847933e-002
 4.2005796e-002
 4.2158697e-002
 4.2303935e-002
 4.2417601e-002
 4.2482514e-002
 4.2505864e-002
 4.2512909e-002
 4.2535946e-002
 4.2610750e-002
 4.2769868e-002
 4.3026466e-002
 4.3361679e-002
 4.3727797e-002
 4.4065755e-002
 4.4331025e-002
 4.4517241e-002
 4.4658065e-002
 4.4797521e-002
 4.4954244e-002
 4.5117438e-002
 4.5275211e-002
 4.5438047e-002
 4.5632601e-002
 4.5879189e-002
 4.6177682e-002
 4.6511445e-002
 4.6863496e-002
 4.7230195e-002
 4.7616567e-002
 4.8016381e-002
 4.8407082e-002
 4.8774324e-002
 4.9132995e-002
 4.9509782e-002
 4.9914829e-002
 5.0347663e-002
 5.0816737e-002
 5.1324908e-002
 5.1845137e-002
 5.2347060e-002
 5.2846938e-002
 5.3393301e-002
 5.3990260e-002
 5.4560363e-002
 5.5004351e-002
 5.5295825e-002
 5.5515677e-002
 5.5796564e-002
 5.6227095e-002
 5.6793764e-002
 5.7406582e-002
 5.7981323e-002
 5.8494922e-002
 5.8967799e-002
 5.9422858e-002
 5.9887074e-002
 6.0404386e-002
 6.0998101e-002
 6.1626896e-002
 6.2222045e-002
 6.2765881e-002
 6.3291542e-002
 6.3809916e-002
 6.4282745e-002
 6.4676121e-002
 6.5005474e-002
 6.5312654e-002
 6.5620750e-002
 6.5930426e-002
 6.6252954e-002
 6.6618115e-002
 6.7031011e-002
 6.7441322e-002
 6.7789987e-002
 6.8081163e-002
 6.8376370e-002
 6.8721622e-002
 6.9109544e-002
 6.9508202e-002
 6.9897354e-002
 7.0275106e-002
 7.0650928e-002
 7.1029581e-002
 7.1385339e-002
 7.1667910e-002
 7.1865872e-002
 7.2049290e-002
 7.2303444e-002
 7.2623968e-002
 7.2917409e-002
 7.3100165e-002
 7.3162243e-002
 7.3148273e-002
 7.3119864e-002
 7.3132247e-002
 7.3204920e-002
 7.3301449e-002
 7.3360272e-002
 7.3356710e-002
 7.3327936e-002
 7.3339395e-002
 7.3434874e-002
 7.3612511e-002
 7.3830426e-002
 7.4020356e-002
 7.4108608e-002
 7.4077606e-002
 7.4042633e-002
 7.4182555e-002
 7.4492954e-002
 7.4723914e-002
 7.4679784e-002
 7.4448280e-002
 7.4235380e-002
 7.4113257e-002
 7.4068524e-002
 7.4130110e-002
 7.4291669e-002
 7.4426740e-002
 7.4429356e-002
 7.4360907e-002
 7.4332736e-002
 7.4333951e-002
 7.4301749e-002
 7.4272990e-002
 7.4320145e-002
 7.4392043e-002
 7.4379429e-002
 7.4311525e-002
 7.4329637e-002
 7.4470341e-002
 7.4590385e-002
 7.4525289e-002
 7.4271791e-002
 7.3992498e-002
 7.3855758e-002
 7.3893338e-002
 7.4011572e-002
 7.4106172e-002
 7.4135609e-002
 7.4109957e-002
 7.4060380e-002
 7.4036181e-002
 7.4099846e-002
 7.4284770e-002
 7.4550971e-002
 7.4790925e-002
 7.4902155e-002
 7.4865542e-002
 7.4734725e-002
 7.4561015e-002
 7.4391842e-002
 7.4334688e-002
 7.4495524e-002
 7.4802451e-002
 7.5010762e-002
 7.4955277e-002
 7.4712224e-002
 7.4478984e-002
 7.4380890e-002
 7.4414238e-002
 7.4500777e-002
 7.4560478e-002
 7.4564122e-002
 7.4549787e-002
 7.4585110e-002
 7.4695639e-002
 7.4828617e-002
 7.4895538e-002
 7.4862868e-002
 7.4807309e-002
 7.4851654e-002
 7.5021543e-002
 7.5190671e-002
 7.5193010e-002
 7.4989200e-002
 7.4714184e-002
 7.4578620e-002
 7.4686177e-002
 7.4924327e-002
 7.5100556e-002
 7.5158678e-002
 7.5197749e-002
 7.5322218e-002
 7.5532801e-002
 7.5742885e-002
 7.5870581e-002
 7.5908832e-002
 7.5913802e-002
 7.5939819e-002
 7.5991921e-002
 7.6033875e-002
 7.6031759e-002
 7.5987138e-002
 7.5935967e-002
 7.5926632e-002
 7.5999700e-002
 7.6171964e-002
 7.6417625e-002
 7.6660968e-002
 7.6809496e-002
 7.6820858e-002
 7.6746121e-002
 7.6696947e-002
 7.6756805e-002
 7.6917648e-002
 7.7099971e-002
 7.7223688e-002
 7.7258684e-002
 7.7225603e-002
 7.7167973e-002
 7.7129766e-002
 7.7148207e-002
 7.7243879e-002
 7.7411264e-002
 7.7614732e-002
 7.7789634e-002
 7.7877350e-002
 7.7892318e-002
 7.7927209e-002
 7.8040920e-002
 7.8174688e-002
 7.8231566e-002
 7.8203999e-002
 7.8199275e-002
 7.8341074e-002
 7.8604080e-002
 7.8785889e-002
 7.8738868e-002
 7.8555912e-002
 7.8434706e-002
 7.8460924e-002
 7.8588143e-002
 7.8736097e-002
 7.8861445e-002
 7.8966744e-002
 7.9061724e-002
 7.9132035e-002
 7.9156138e-002
 7.9134941e-002
 7.9097375e-002
 7.9101972e-002
 7.9241090e-002
 7.9575539e-002
 7.9989381e-002
 8.0201626e-002
 8.0071129e-002
 7.9796061e-002
 7.9673223e-002
 7.9784803e-002
 8.0008924e-002
 8.0200218e-002
 8.0287129e-002
 8.0269024e-002
 8.0182441e-002
 8.0076061e-002
 8.0003656e-002
 8.0027230e-002
 8.0193348e-002
 8.0436707e-002
 8.0581866e-002
 8.0548823e-002
 8.0430344e-002
 8.0336437e-002
 8.0293603e-002
 8.0256008e-002
 8.0168031e-002
 8.0018744e-002
 7.9845764e-002
 7.9701662e-002
 7.9636201e-002
 7.9691850e-002
 7.9883568e-002
 8.0154628e-002
 8.0382012e-002
 8.0453247e-002
 8.0349773e-002
 8.0145948e-002
 7.9934247e-002
 7.9769470e-002
 7.9664759e-002
 7.9615399e-002
 7.9609297e-002
 7.9629779e-002
 7.9658583e-002
 7.9675309e-002
 7.9655416e-002
 7.9573184e-002
 7.9453610e-002
 7.9303436e-002
 7.9205498e-002
 7.9208128e-002
 7.9282716e-002
 7.9369798e-002
 7.9409800e-002
 7.9352543e-002
 7.9209447e-002
 7.9016730e-002
 7.8810677e-002
 7.8624807e-002
 7.8473888e-002
 7.8365102e-002
 7.8305654e-002
 7.8298979e-002
 7.8323528e-002
 7.8347661e-002
 7.8339711e-002
 7.8274310e-002
 7.8168064e-002
 7.8037389e-002
 7.7958159e-002
 7.7943504e-002
 7.7993378e-002
 7.8075290e-002
 7.8155383e-002
 7.8199796e-002
 7.8175843e-002
 7.8077532e-002
 7.7925399e-002
 7.7741027e-002
 7.7546127e-002
 7.7361897e-002
 7.7200368e-002
 7.7064365e-002
 7.6956436e-002
 7.6879039e-002
 7.6834381e-002
 7.6817855e-002
 7.6818176e-002
 7.6823801e-002
 7.6823175e-002
 7.6804757e-002
 7.6759912e-002
 7.6691456e-002
 7.6604888e-002
 7.6505795e-002
 7.6399691e-002
 7.6292157e-002
 7.6187022e-002
 7.6081730e-002
 7.5972110e-002
 7.5854033e-002
 7.5723343e-002
 7.5575933e-002
 7.5407609e-002
 7.5217821e-002
 7.5019695e-002
 7.4829519e-002
 7.4663676e-002
 7.4538484e-002
 7.4470304e-002
 7.4475452e-002
 7.4570291e-002
 7.4763171e-002
 7.5032271e-002
 7.5348765e-002
 7.5683668e-002
 7.6008193e-002
 7.6293357e-002
 7.6510325e-002
 7.6630220e-002
 7.6633997e-002
 7.6539427e-002
 7.6372899e-002
 7.6160736e-002
 7.5929329e-002
 7.5704984e-002
 7.5514115e-002
 7.5383030e-002
 7.5330749e-002
 7.5349092e-002
 7.5423606e-002
 7.5539872e-002
 7.5683482e-002
 7.5839959e-002
 7.5994909e-002
 7.6133855e-002
 7.6242402e-002
 7.6306097e-002
 7.6310508e-002
 7.6241203e-002
 7.6089539e-002
 7.5867847e-002
 7.5593166e-002
 7.5282633e-002
 7.4953265e-002
 7.4622229e-002
 7.4306518e-002
 7.4023224e-002
 7.3789470e-002
 7.3622294e-002
 7.3538795e-002
 7.3556043e-002
 7.3683612e-002
 7.3904335e-002
 7.4194983e-002
 7.4532464e-002
 7.4893527e-002
 7.5255096e-002
 7.5593904e-002
 7.5886875e-002
 7.6110780e-002
 7.6242492e-002
 7.6258823e-002
 7.6145604e-002
 7.5920261e-002
 7.5607181e-002
 7.5230695e-002
 7.4815243e-002
 7.4385092e-002
 7.3964715e-002
 7.3578402e-002
 7.3250584e-002
 7.3005579e-002
 7.2859675e-002
 7.2800934e-002
 7.2811365e-002
 7.2872952e-002
 7.2967723e-002
 7.3077634e-002
 7.3184729e-002
 7.3270954e-002
 7.3318347e-002
 7.3308893e-002
 7.3231384e-002
 7.3097952e-002
 7.2925620e-002
 7.2731510e-002
 7.2532631e-002
 7.2346099e-002
 7.2188973e-002
 7.2078295e-002
 7.2031155e-002
 7.2064638e-002
 7.2187535e-002
 7.2381005e-002
 7.2620243e-002
 7.2880551e-002
 7.3137127e-002
 7.3365286e-002
 7.3540218e-002
 7.3637225e-002
 7.3631532e-002
 7.3508784e-002
 7.3289074e-002
 7.2999768e-002
 7.2668143e-002
 7.2321571e-002
 7.1987309e-002
 7.1692742e-002
 7.1465112e-002
 7.1322583e-002
 7.1252778e-002
 7.1237169e-002
 7.1257152e-002
 7.1294159e-002
 7.1329616e-002
 7.1344972e-002
 7.1321622e-002
 7.1250468e-002
 7.1153231e-002
 7.1057878e-002
 7.0992418e-002
 7.0984811e-002
 7.1063049e-002
 7.1255147e-002
 7.1589030e-002
 7.2075769e-002
 7.2671391e-002
 7.3321171e-002
 7.3918700e-002
 7.4487083e-002
 7.4938819e-002
 7.5234726e-002
 7.5364180e-002
 7.5339913e-002
 7.5190306e-002
 7.4951246e-002
 7.4660748e-002
 7.4354634e-002
 7.4061118e-002
 7.3797062e-002
 7.3570788e-002
 7.3386803e-002
 7.3247761e-002
 7.3153280e-002
 7.3097497e-002
 7.3068298e-002
 7.3048867e-002
 7.3020607e-002
 7.2966732e-002
 7.2877452e-002
 7.2755426e-002
 7.2617836e-002
 7.2492950e-002
 7.2413735e-002
 7.2410509e-002
 7.2502382e-002
 7.2689645e-002
 7.2951213e-002
 7.3249318e-002
 7.3538177e-002
 7.3773809e-002
 7.3923811e-002
 7.3975094e-002
 7.3936246e-002
 7.3833384e-002
 7.3701985e-002
 7.3577777e-002
 7.3488444e-002
 7.3573321e-002
 7.3544040e-002
 7.3512405e-002
 7.3475778e-002
 7.3430248e-002
 7.3371671e-002
 7.3296711e-002
 7.3203683e-002
 7.3093414e-002
 7.2969683e-002
 7.2839282e-002
 7.2711594e-002
 7.2597481e-002
 7.2507769e-002
 7.2451569e-002
 7.2434999e-002
 7.2460368e-002
 7.2526053e-002
 7.2626963e-002
 7.2755590e-002
 7.2903506e-002
 7.3062584e-002
 7.3226169e-002
 7.3389508e-002
 7.3549949e-002
 7.3706776e-002
 7.3860563e-002
 7.4012592e-002
 7.4163705e-002
 7.4313544e-002
 7.4460134e-002
 7.4599922e-002
 7.4728511e-002
 7.4841477e-002
 7.4935280e-002
 7.5008079e-002
 7.5060144e-002
 7.5094000e-002
 7.5114109e-002
 7.5126305e-002
 7.5136997e-002
 7.5152345e-002
 7.5177506e-002
 7.5216040e-002
 7.5269558e-002
 7.5337552e-002
 7.5417526e-002
 7.5505264e-002
 7.5595357e-002
 7.5681776e-002
 7.5758636e-002
 7.5820856e-002
 7.5864822e-002
 7.5889021e-002
 7.5894296e-002
 7.5884014e-002
 7.5863823e-002
 7.5841069e-002
 7.5823933e-002
 7.5820267e-002
 7.5836338e-002
 7.5875692e-002
 7.5938202e-002
 7.6019756e-002
 7.6112449e-002
 7.6205395e-002
 7.6286234e-002
 7.6342732e-002
 7.6364607e-002
 7.6344967e-002
 7.6281391e-002
 7.6176263e-002
 7.6036580e-002
 7.5873047e-002
 7.5699009e-002
 7.5528964e-002
 7.5377107e-002
 7.5256169e-002
 7.5176224e-002
 7.5144120e-002
 7.5162984e-002
 7.5232215e-002
 7.5347729e-002
 7.5502545e-002
 7.5687453e-002
 7.5891964e-002
 7.6105312e-002
 7.6317228e-002
 7.6518804e-002
 7.6703101e-002
 7.6865345e-002
 7.7003196e-002
 7.7116400e-002
 7.7206634e-002
 7.7277042e-002
 7.7331692e-002
 7.7375203e-002
 7.7412158e-002
 7.7446759e-002
 7.7482447e-002
 7.7521600e-002
 7.7565499e-002
 7.7614345e-002
 7.7667527e-002
 7.7724114e-002
 7.7783279e-002
 7.7844828e-002
 7.7909373e-002
 7.7978231e-002
 7.8052938e-002
 7.8134358e-002
 7.8221835e-002
 7.8312337e-002
 7.8400239e-002
 7.8477718e-002
 7.8535870e-002
 7.8566417e-002
 7.8563623e-002
 7.8525916e-002
 7.8456871e-002
 7.8365259e-002
 7.8263953e-002
 7.8168035e-002
 7.8092471e-002
 7.8049600e-002
 7.8047268e-002
 7.8087568e-002
 7.8166753e-002
 7.8275912e-002
 7.8402631e-002
 7.8532994e-002
 7.8653723e-002
 7.8754149e-002
 7.8827433e-002
 7.8871265e-002
 7.8887537e-002
 7.8881517e-002
 7.8860424e-002
 7.8831904e-002
 7.8802645e-002
 7.8777358e-002
 7.8758389e-002
 7.8745827e-002
 7.8738213e-002
 7.8733496e-002
 7.8730084e-002
 7.8727759e-002
 7.8728192e-002
 7.8735009e-002
 7.8753255e-002
 7.8788549e-002
 7.8845814e-002
 7.8928143e-002
 7.9035811e-002
 7.9165801e-002
 7.9311989e-002
 7.9465747e-002
 7.9617344e-002
 7.9757340e-002
 7.9878107e-002
 7.9975180e-002
 8.0047831e-002
 8.0099292e-002
 8.0136091e-002
 8.0166973e-002
 8.0201358e-002
 8.0247767e-002
 8.0312461e-002
 8.0398545e-002
 8.0505699e-002
 8.0630675e-002
 8.0768235e-002
 8.0912486e-002
 8.1058241e-002
 8.1201911e-002
 8.1342079e-002
 8.1479304e-002
 8.1615455e-002
 8.1752785e-002
 8.1892729e-002
 8.2035132e-002
 8.2177691e-002
 8.2315981e-002
 8.2444102e-002
 8.2555406e-002
 8.2643725e-002
 8.2704321e-002
 8.2734704e-002
 8.2734905e-002
 8.2707338e-002
 8.2656153e-002
 8.2586341e-002
 8.2502902e-002
 8.2410075e-002
 8.2311191e-002
 8.2208857e-002
 8.2105532e-002
 8.2004346e-002
 8.1909575e-002
 8.1826925e-002
 8.1763059e-002
 8.1724681e-002
 8.1717290e-002
 8.1743903e-002
 8.1804097e-002
 8.1893630e-002
 8.2004815e-002
 8.2127467e-002
 8.2250372e-002
 8.2362808e-002
 8.2456037e-002
 8.2524337e-002
 8.2565457e-002
 8.2580604e-002
 8.2573898e-002
 8.2551450e-002
 8.2520343e-002
 8.2487643e-002
 8.2459509e-002
 8.2440682e-002
 8.2434200e-002
 8.2441457e-002
 8.2462460e-002
 8.2496189e-002
 8.2540989e-002
 8.2594931e-002
 8.2656033e-002
 8.2722418e-002
 8.2792416e-002
 8.2864575e-002
 8.2937680e-002
 8.3010741e-002
 8.3082922e-002
 8.3153397e-002
 8.3221227e-002
 8.3285093e-002
 8.3343178e-002
 8.3393119e-002
 8.3432227e-002
 8.3457939e-002
 8.3468415e-002
 8.3463229e-002
 8.3443873e-002
 8.3413944e-002
 8.3378799e-002
 8.3344780e-002
 8.3318092e-002
 8.3303586e-002
 8.3303794e-002
 8.3318494e-002
 8.3344914e-002
 8.3378553e-002
 8.3414406e-002
 8.3448268e-002
 8.3477758e-002
 8.3502769e-002
 8.3525360e-002
 8.3548963e-002
 8.3577357e-002
 8.3613515e-002
 8.3658710e-002
 8.3712064e-002
 8.3770648e-002
 8.3829977e-002
 8.3884954e-002
 8.3930850e-002
 8.3964162e-002
 8.3983280e-002
 8.3988622e-002
 8.3982460e-002
 8.3968274e-002
 8.3949976e-002
 8.3931021e-002
 8.3913803e-002
 8.3899245e-002
 8.3886892e-002
 8.3875313e-002
 8.3862767e-002
 8.3847947e-002
 8.3830565e-002
 8.3811708e-002
 8.3793789e-002
 8.3780169e-002
 8.3774544e-002
 8.3780177e-002
 8.3799176e-002
 8.3831988e-002
 8.3877139e-002
 8.3931312e-002
 8.3989657e-002
 8.4046483e-002
 8.4095895e-002
 8.4132612e-002
 8.4152602e-002
 8.4153593e-002
 8.4135287e-002
 8.4099457e-002
 8.4049702e-002
 8.3991125e-002
 8.3929926e-002
 8.3872825e-002
 8.3826661e-002
 8.3797790e-002
 8.3791651e-002
 8.3812237e-002
 8.3861679e-002
 8.3939880e-002
 8.4044255e-002
 8.4169798e-002
 8.4309265e-002
 8.4453829e-002
 8.4593810e-002
 8.4719747e-002
 8.4823534e-002
 8.4899388e-002
 8.4944680e-002
 8.4960349e-002
 8.4950797e-002
 8.4923387e-002
 8.4887348e-002
 8.4852479e-002
 8.4827721e-002
 8.4819831e-002
 8.4832534e-002
 8.4866196e-002
 8.4918045e-002
 8.4983051e-002
 8.5055016e-002
 8.5127816e-002
 8.5196339e-002
 8.5257143e-002
 8.5308515e-002
 8.5350119e-002
 8.5382305e-002
 8.5405409e-002
 8.5419059e-002
 8.5421920e-002
 8.5411735e-002
 8.5385807e-002
 8.5341737e-002
 8.5278258e-002
 8.5195966e-002
 8.5097767e-002
 8.4988840e-002
 8.4876120e-002
 8.4767461e-002
 8.4670462e-002
 8.4591553e-002
 8.4535219e-002
 8.4503815e-002
 8.4497854e-002
 8.4516659e-002
 8.4559076e-002
 8.4623948e-002
 8.4710225e-002
 8.4816456e-002
 8.4940121e-002
 8.5076809e-002
 8.5219964e-002
 8.5361369e-002
 8.5492224e-002
 8.5605040e-002
 8.5695378e-002
 8.5763164e-002
 8.5813046e-002
 8.5853413e-002
 8.5894436e-002
 8.5945591e-002
 8.6013272e-002
 8.6099342e-002
 8.6200938e-002
 8.6311631e-002
 8.6423576e-002
 8.6529896e-002
 8.6626828e-002
 8.6714648e-002
 8.6797491e-002
 8.6881980e-002
 8.6974941e-002
 8.7081164e-002
 8.7201446e-002
 8.7331571e-002
 8.7462522e-002
 8.7581590e-002
 8.7674484e-002
 8.7727681e-002
 8.7730788e-002
 8.7678388e-002
 8.7571032e-002
 8.7415285e-002
 8.7222710e-002
 8.7008372e-002
 8.6788550e-002
 8.6578846e-002
 8.6392306e-002
 8.6238191e-002
 8.6121567e-002
 8.6043335e-002
 8.6000897e-002
 8.5988939e-002
 8.6000375e-002
 8.6027183e-002
 8.6061142e-002
 8.6094424e-002
 8.6120218e-002
 8.6133234e-002
 8.6130239e-002
 8.6110421e-002
 8.6075619e-002
 8.6030185e-002
 8.5980527e-002
 8.5934334e-002
 8.5899495e-002
 8.5883044e-002
 8.5890107e-002
 8.5923143e-002
 8.5981555e-002
 8.6061709e-002
 8.6157374e-002
 8.6260401e-002
 8.6361744e-002
 8.6452484e-002
 8.6524874e-002
 8.6573347e-002
 8.6595215e-002
 8.6591169e-002
 8.6565413e-002
 8.6525366e-002
 8.6480998e-002
 8.6443789e-002
 8.6425342e-002
 8.6435959e-002
 8.6483188e-002
 8.6570725e-002
 8.6697698e-002
 8.6858697e-002
 8.7044299e-002
 8.7242283e-002
 8.7439381e-002
 8.7622963e-002
 8.7782882e-002
 8.7912843e-002
 8.8010959e-002
 8.8079765e-002
 8.8125162e-002
 8.8154942e-002
 8.8176943e-002
 8.8197328e-002
 8.8219434e-002
 8.8243477e-002
 8.8267103e-002
 8.8286698e-002
 8.8298969e-002
 8.8302404e-002
 8.8298030e-002
 8.8289395e-002
 8.8281579e-002
 8.8279679e-002
 8.8287197e-002
 8.8304736e-002
 8.8329487e-002
 8.8355631e-002
 8.8375539e-002
 8.8381432e-002
 8.8367134e-002
 8.8329494e-002
 8.8269122e-002
 8.8190384e-002
 8.8100769e-002
 8.8009588e-002
 8.7926701e-002
 8.7861098e-002
 8.7819904e-002
 8.7807760e-002
 8.7826654e-002
 8.7876186e-002
 8.7954059e-002
 8.8056602e-002
 8.8179238e-002
 8.8316865e-002
 8.8463835e-002
 8.8614143e-002
 8.8761337e-002
 8.8898905e-002
 8.9020863e-002
 8.9122482e-002
 8.9201219e-002
 8.9257374e-002
 8.9294285e-002
 8.9317858e-002
 8.9335434e-002
 8.9354210e-002
 8.9379586e-002
 8.9413919e-002
 8.9456059e-002
 8.9501783e-002
 8.9545123e-002
 8.9580134e-002
 8.9602582e-002
 8.9611150e-002
 8.9607708e-002
 8.9596689e-002
 8.9583732e-002
 8.9574158e-002
 8.9571521e-002
 8.9576960e-002
 8.9589164e-002
 8.9605160e-002
 8.9621477e-002
 8.9635350e-002
 8.9645579e-002
 8.9652807e-002
 8.9659154e-002
 8.9667395e-002
 8.9679904e-002
 8.9697622e-002
 8.9719407e-002
 8.9741856e-002
 8.9759819e-002
 8.9767650e-002
 8.9760639e-002
 8.9736238e-002
 8.9694738e-002
 8.9639448e-002
 8.9576267e-002
 8.9513242e-002
 8.9459561e-002
 8.9423895e-002
 8.9412540e-002
 8.9427657e-002
 8.9466281e-002
 8.9520596e-002
 8.9579366e-002
 8.9630358e-002
 8.9663193e-002
 8.9671798e-002
 8.9655146e-002
 8.9616761e-002
 8.9563280e-002
 8.9502670e-002
 8.9442655e-002
 8.9389697e-002
 8.9348413e-002
 8.9321434e-002
 8.9309812e-002
 8.9313574e-002
 8.9332484e-002
 8.9366578e-002
 8.9416437e-002
 8.9483120e-002
 8.9567848e-002
 8.9671418e-002
 8.9793570e-002
 8.9932591e-002
 9.0085015e-002
 9.0245813e-002
 9.0408541e-002
 9.0565778e-002
 9.0709664e-002
 9.0832174e-002
 9.0925857e-002
 9.0984516e-002
 9.1004051e-002
 9.0983167e-002
 9.0923920e-002
 9.0831943e-002
 9.0716049e-002
 9.0587564e-002
 9.0458997e-002
 9.0342693e-002
 9.0249278e-002
 9.0186246e-002
 9.0157457e-002
 9.0163201e-002
 9.0200819e-002
 9.0265550e-002
 9.0351477e-002
 9.0452306e-002
 9.0562075e-002
 9.0675436e-002
 9.0787940e-002
 9.0896234e-002
 9.0997957e-002
 9.1091745e-002
 9.1177061e-002
 9.1254063e-002
 9.1323406e-002
 9.1386035e-002
 9.1443017e-002
 9.1495380e-002
 9.1543935e-002
 9.1589235e-002
 9.1631517e-002
 9.1670752e-002
 9.1706783e-002
 9.1739461e-002
 9.1768853e-002
 9.1795385e-002
 9.1819957e-002
 9.1843948e-002
 9.1869146e-002
 9.1897503e-002
 9.1930874e-002
 9.1970667e-002
 9.2017546e-002
 9.2071146e-002
 9.2130020e-002
 9.2191614e-002
 9.2252463e-002
 9.2308544e-002
 9.2355601e-002
 9.2389613e-002
 9.2407122e-002
 9.2405543e-002
 9.2383377e-002
 9.2340276e-002
 9.2277043e-002
 9.2195548e-002
 9.2098661e-002
 9.1990061e-002
 9.1874167e-002
 9.1755979e-002
 9.1640897e-002
 9.1534674e-002
 9.1443129e-002
 9.1372021e-002
 9.1326736e-002
 9.1311939e-002
 9.1331154e-002
 9.1386274e-002
 9.1476984e-002
 9.1600299e-002
 9.1750287e-002
 9.1917939e-002
 9.2091687e-002
 9.2258066e-002
 9.2403136e-002
 9.2514083e-002
 9.2580900e-002
 9.2598006e-002
 9.2565335e-002
 9.2488684e-002
 9.2379093e-002
 9.2251524e-002
 9.2122734e-002
 9.2008792e-002
 9.1922842e-002
 9.1873117e-002
 9.1862015e-002
 9.1885880e-002
 9.1935895e-002
 9.1999777e-002
 9.2064045e-002
 9.2116356e-002
 9.2147559e-002
 9.2153087e-002
 9.2133246e-002
 9.2092477e-002
 9.2038147e-002
 9.1978930e-002
 9.1923259e-002
 9.1878094e-002
 9.1848157e-002
 9.1835432e-002
 9.1839083e-002
 9.1855831e-002
 9.1880739e-002
 9.1908328e-002
 9.1933742e-002
 9.1953814e-002
 9.1967784e-002
 9.1977537e-002
 9.1987386e-002
 9.2003427e-002
 9.2032626e-002
 9.2081897e-002
 9.2157163e-002
 9.2262626e-002
 9.2400610e-002
 9.2571363e-002
 9.2773288e-002
 9.3002915e-002
 9.3255088e-002
 9.3523234e-002
 9.3799330e-002
 9.4074421e-002
 9.4338708e-002
 9.4582275e-002
 9.4795913e-002
 9.4971806e-002
 9.5104523e-002
 9.5191799e-002
 9.5234878e-002
 9.5238730e-002
 9.5211536e-002
 9.5163889e-002
 9.5107585e-002
 9.5054336e-002
 9.5014371e-002
 9.4995327e-002
 9.5001474e-002
 9.5033385e-002
 9.5088050e-002
 9.5159531e-002
 9.5239781e-002
 9.5319785e-002
 9.5390648e-002
 9.5444463e-002
 9.5475093e-002
 9.5478468e-002
 9.5452711e-002
 9.5397882e-002
 9.5315620e-002
 9.5208675e-002
 9.5080338e-002
 9.4934143e-002
 9.4773471e-002
 9.4601482e-002
 9.4421089e-002
 9.4235025e-002
 9.4046198e-002
 9.3857788e-002
 9.3673706e-002
 9.3498692e-002
 9.3338333e-002
 9.3199037e-002
 9.3087561e-002
 9.3010455e-002
 9.2973188e-002
 9.2979178e-002
 9.3028851e-002
 9.3118869e-002
 9.3241744e-002
 9.3385875e-002
 9.3536429e-002
 9.3676507e-002
 9.3789093e-002
 9.3859076e-002
 9.3875378e-002
 9.3832709e-002
 9.3732677e-002
 9.3584053e-002
 9.3401961e-002
 9.3206398e-002
 9.3019702e-002
 9.2863970e-002
 9.2758231e-002
 9.2716113e-002
 9.2744283e-002
 9.2841804e-002
 9.3000524e-002
 9.3206421e-002
 9.3441725e-002
 9.3687192e-002
 9.3924753e-002
 9.4139367e-002
 9.4320610e-002
 9.4463453e-002
 9.4568022e-002
 9.4638951e-002
 9.4684005e-002
 9.4712496e-002
 9.4733752e-002
 9.4755724e-002
 9.4784036e-002
 9.4821602e-002
 9.4868742e-002
 9.4923824e-002
 9.4984271e-002
 9.5047705e-002
 9.5113158e-002
 9.5181942e-002
 9.5258318e-002
 9.5349483e-002
 9.5465094e-002
 9.5616207e-002
 9.5813431e-002
 9.6065119e-002
 9.6375078e-002
 9.6740834e-002
 9.7152628e-002
 9.7593397e-002
 9.8040827e-002
 9.8469250e-002
 9.8852448e-002
 9.9166386e-002
 9.9391274e-002
 9.9513516e-002
 9.9525981e-002
 9.9428609e-002
 9.9229433e-002
 9.8944463e-002
 9.8596632e-002
 9.8213665e-002
 9.7825631e-002
 9.7461358e-002
 9.7145356e-002
 9.6894786e-002
 9.6717939e-002
 9.6614286e-002
 9.6519239e-002
 9.6553095e-002
 9.6620798e-002
 9.6703470e-002
 9.6784502e-002
 9.6851535e-002
 9.6897520e-002
 9.6920423e-002
 9.6921816e-002
 9.6905194e-002
 9.6874878e-002
 9.6835367e-002
 9.6791089e-002
 9.6746199e-002
 9.6704438e-002
 9.6669078e-002
 9.6642904e-002
 9.6628301e-002
 9.6627332e-002
 9.6641876e-002
 9.6673682e-002
 9.6724406e-002
 9.6795484e-002
 9.6887998e-002
 9.7002357e-002
 9.7138077e-002
 9.7293697e-002
 9.7466804e-002
 9.7654395e-002
 9.7853020e-002
 9.8059043e-002
 9.8268837e-002
 9.8478697e-002
 9.8685078e-002
 9.8884501e-002
 9.9073626e-002
 9.9249370e-002
 9.9408753e-002
 9.9548899e-002
 9.9667087e-002
 9.9760607e-002
 9.9827029e-002
 9.9864319e-002
 9.9871404e-002
 9.9848777e-002
 9.9799022e-002
 9.9727057e-002
 9.9639922e-002
 9.9546202e-002
 9.9455364e-002
 9.9377275e-002
 9.9321581e-002
 9.9297188e-002
 9.9311292e-002
 9.9368230e-002
 9.9468447e-002
 9.9608146e-002
 9.9779621e-002
 9.9972315e-002
 1.0017405e-001
 1.0037183e-001
 1.0055281e-001
 1.0070494e-001
 1.0081811e-001
 1.0088556e-001
 1.0090490e-001
 1.0087872e-001
 1.0081406e-001
 1.0072123e-001
 1.0061246e-001
 1.0050089e-001
 1.0039969e-001
 1.0032123e-001
 1.0027625e-001
 1.0027248e-001
 1.0031372e-001
 1.0039938e-001
 1.0052489e-001
 1.0068271e-001
 1.0086366e-001
 1.0105766e-001
 1.0125448e-001
 1.0144436e-001
 1.0161844e-001
 1.0176958e-001
 1.0189287e-001
 1.0198592e-001
 1.0204864e-001
 1.0208260e-001
 1.0209039e-001
 1.0207506e-001
 1.0203986e-001
 1.0198803e-001
 1.0192271e-001
 1.0184685e-001
 1.0176311e-001
 1.0167387e-001
 1.0158121e-001
 1.0148701e-001
 1.0139306e-001
 1.0130103e-001
 1.0121262e-001
 1.0112943e-001
 1.0105303e-001
 1.0098489e-001
 1.0092632e-001
 1.0087848e-001
 1.0084241e-001
 1.0081901e-001
 1.0080914e-001
 1.0081358e-001
 1.0083298e-001
 1.0086773e-001
 1.0091765e-001
 1.0098160e-001
 1.0105722e-001
 1.0114072e-001
 1.0122704e-001
 1.0131024e-001
 1.0138377e-001
 1.0144097e-001
 1.0147528e-001
 1.0148083e-001
 1.0145309e-001
 1.0138986e-001
 1.0129207e-001
 1.0116409e-001
 1.0101345e-001
 1.0084993e-001
 1.0068472e-001
 1.0052956e-001
 1.0039614e-001
 1.0029548e-001
 1.0023694e-001
 1.0022725e-001
 1.0026945e-001
 1.0036255e-001
 1.0050189e-001
 1.0068014e-001
 1.0088835e-001
 1.0111678e-001
 1.0135563e-001
 1.0159527e-001
 1.0182689e-001
 1.0204294e-001
 1.0223759e-001
 1.0240703e-001
 1.0254912e-001
 1.0266310e-001
 1.0274892e-001
 1.0280696e-001
 1.0283793e-001
 1.0284276e-001
 1.0282300e-001
 1.0278105e-001
 1.0272058e-001
 1.0264654e-001
 1.0256517e-001
 1.0248352e-001
 1.0240921e-001
 1.0235005e-001
 1.0231367e-001
 1.0230719e-001
 1.0233645e-001
 1.0240529e-001
 1.0251476e-001
 1.0266287e-001
 1.0284483e-001
 1.0305379e-001
 1.0328178e-001
 1.0352019e-001
 1.0376049e-001
 1.0399453e-001
 1.0421529e-001
 1.0441763e-001
 1.0459885e-001
 1.0475913e-001
 1.0490110e-001
 1.0502921e-001
 1.0514910e-001
 1.0526679e-001
 1.0538831e-001
 1.0551912e-001
 1.0566336e-001
 1.0582311e-001
 1.0599745e-001
 1.0618233e-001
 1.0637070e-001
 1.0655340e-001
 1.0672005e-001
 1.0685975e-001
 1.0696179e-001
 1.0701660e-001
 1.0701685e-001
 1.0695916e-001
 1.0684539e-001
 1.0668332e-001
 1.0648590e-001
 1.0627009e-001
 1.0605501e-001
 1.0586082e-001
 1.0570733e-001
 1.0561288e-001
 1.0559220e-001
 1.0565418e-001
 1.0579967e-001
 1.0602073e-001
 1.0630137e-001
 1.0661984e-001
 1.0695067e-001
 1.0726716e-001
 1.0754275e-001
 1.0775269e-001
 1.0787675e-001
 1.0790201e-001
 1.0782557e-001
 1.0765557e-001
 1.0741016e-001
 1.0711475e-001
 1.0679935e-001
 1.0649560e-001
 1.0623506e-001
 1.0604743e-001
 1.0595736e-001
 1.0598154e-001
 1.0612571e-001
 1.0638344e-001
 1.0673749e-001
 1.0716226e-001
 1.0762762e-001
 1.0810127e-001
 1.0855093e-001
 1.0894587e-001
 1.0926008e-001
 1.0947488e-001
 1.0958150e-001
 1.0958247e-001
 1.0949027e-001
 1.0932488e-001
 1.0911062e-001
 1.0887380e-001
 1.0864088e-001
 1.0843711e-001
 1.0828427e-001
 1.0819852e-001
 1.0818845e-001
 1.0825410e-001
 1.0838795e-001
 1.0857671e-001
 1.0880384e-001
 1.0905132e-001
 1.0930075e-001
 1.0953484e-001
 1.0973853e-001
 1.0990073e-001
 1.1001553e-001
 1.1008303e-001
 1.1010860e-001
 1.1010151e-001
 1.1007337e-001
 1.1003684e-001
 1.1000469e-001
 1.0998891e-001
 1.0999972e-001
 1.1004434e-001
 1.1012580e-001
 1.1024264e-001
 1.1038928e-001
 1.1055703e-001
 1.1073545e-001
 1.1091334e-001
 1.1107931e-001
 1.1122262e-001
 1.1133394e-001
 1.1140630e-001
 1.1143588e-001
 1.1142249e-001
 1.1136911e-001
 1.1128113e-001
 1.1116531e-001
 1.1102912e-001
 1.1088032e-001
 1.1072660e-001
 1.1057548e-001
 1.1043424e-001
 1.1030963e-001
 1.1020793e-001
 1.1013498e-001
 1.1009634e-001
 1.1009725e-001
 1.1014280e-001
 1.1023758e-001
 1.1038521e-001
 1.1058734e-001
 1.1084209e-001
 1.1114317e-001
 1.1147921e-001
 1.1183435e-001
 1.1218913e-001
 1.1252240e-001
 1.1281226e-001
 1.1303698e-001
 1.1317693e-001
 1.1321637e-001
 1.1314628e-001
 1.1296674e-001
 1.1268783e-001
 1.1232893e-001
 1.1191592e-001
 1.1147868e-001
 1.1104873e-001
 1.1065784e-001
 1.1033563e-001
 1.1010759e-001
 1.0999226e-001
 1.0999840e-001
 1.1012424e-001
 1.1035828e-001
 1.1068201e-001
 1.1107268e-001
 1.1150573e-001
 1.1195596e-001
 1.1239953e-001
 1.1281516e-001
 1.1318574e-001
 1.1350046e-001
 1.1375513e-001
 1.1395140e-001
 1.1409555e-001
 1.1419644e-001
 1.1426416e-001
 1.1430918e-001
 1.1434165e-001
 1.1437081e-001
 1.1440428e-001
 1.1444754e-001
 1.1450370e-001
 1.1457361e-001
 1.1465660e-001
 1.1475104e-001
 1.1485478e-001
 1.1496556e-001
 1.1508119e-001
 1.1519970e-001
 1.1531940e-001
 1.1543920e-001
 1.1555857e-001
 1.1567741e-001
 1.1579606e-001
 1.1591509e-001
 1.1603507e-001
 1.1615656e-001
 1.1627986e-001
 1.1640462e-001
 1.1652964e-001
 1.1665234e-001
 1.1676879e-001
 1.1687365e-001
 1.1696072e-001
 1.1702324e-001
 1.1705422e-001
 1.1704693e-001
 1.1699533e-001
 1.1689502e-001
 1.1674418e-001
 1.1654460e-001
 1.1630192e-001
 1.1602560e-001
 1.1572749e-001
 1.1542103e-001
 1.1512055e-001
 1.1484013e-001
 1.1459322e-001
 1.1439188e-001
 1.1424532e-001
 1.1415923e-001
 1.1413541e-001
 1.1417196e-001
 1.1426441e-001
 1.1440673e-001
 1.1459202e-001
 1.1481328e-001
 1.1506371e-001
 1.1533681e-001
 1.1562712e-001
 1.1593041e-001
 1.1624348e-001
 1.1656459e-001
 1.1689278e-001
 1.1722764e-001
 1.1756881e-001
 1.1791603e-001
 1.1826874e-001
 1.1862534e-001
 1.1898316e-001
 1.1933777e-001
 1.1968248e-001
 1.2000909e-001
 1.2030804e-001
 1.2056904e-001
 1.2078135e-001
 1.2093474e-001
 1.2101986e-001
 1.2102941e-001
 1.2095971e-001
 1.2081172e-001
 1.2059183e-001
 1.2031105e-001
 1.1998388e-001
 1.1962711e-001
 1.1925823e-001
 1.1889481e-001
 1.1855348e-001
 1.1824914e-001
 1.1799310e-001
 1.1779217e-001
 1.1764823e-001
 1.1755850e-001
 1.1751689e-001
 1.1751533e-001
 1.1754480e-001
 1.1759612e-001
 1.1766052e-001
 1.1773025e-001
 1.1779948e-001
 1.1786483e-001
 1.1792562e-001
 1.1798374e-001
 1.1804289e-001
 1.1810780e-001
 1.1818372e-001
 1.1827587e-001
 1.1838883e-001
 1.1852597e-001
 1.1868847e-001
 1.1887465e-001
 1.1907943e-001
 1.1929496e-001
 1.1951125e-001
 1.1971687e-001
 1.1990004e-001
 1.2004912e-001
 1.2015329e-001
 1.2020385e-001
 1.2019548e-001
 1.2012742e-001
 1.2000410e-001
 1.1983450e-001
 1.1963094e-001
 1.1940795e-001
 1.1918076e-001
 1.1896464e-001
 1.1877426e-001
 1.1862226e-001
 1.1851826e-001
 1.1846773e-001
 1.1847144e-001
 1.1852599e-001
 1.1862487e-001
 1.1875971e-001
 1.1892124e-001
 1.1909996e-001
 1.1928625e-001
 1.1947089e-001
 1.1964517e-001
 1.1980095e-001
 1.1993097e-001
 1.2002864e-001
 1.2008788e-001
 1.2010293e-001
 1.2006835e-001
 1.1997908e-001
 1.1983116e-001
 1.1962251e-001
 1.1935433e-001
 1.1903241e-001
 1.1866733e-001
 1.1827403e-001
 1.1787106e-001
 1.1747856e-001
 1.1711752e-001
 1.1680849e-001
 1.1657062e-001
 1.1641917e-001
 1.1636339e-001
 1.1640433e-001
 1.1653383e-001
 1.1673556e-001
 1.1698698e-001
 1.1726208e-001
 1.1753332e-001
 1.1777335e-001
 1.1795662e-001
 1.1806217e-001
 1.1807640e-001
 1.1799578e-001
 1.1782797e-001
 1.1759060e-001
 1.1730894e-001
 1.1701243e-001
 1.1673242e-001
 1.1650030e-001
 1.1634506e-001
 1.1629074e-001
 1.1635298e-001
 1.1653592e-001
 1.1683102e-001
 1.1721840e-001
 1.1766944e-001
 1.1815082e-001
 1.1862706e-001
 1.1906243e-001
 1.1942381e-001
 1.1968324e-001
 1.1982162e-001
 1.1983182e-001
 1.1972015e-001
 1.1950483e-001
 1.1921314e-001
 1.1887744e-001
 1.1853238e-001
 1.1821295e-001
 1.1795186e-001
 1.1777714e-001
 1.1770884e-001
 1.1775612e-001
 1.1791606e-001
 1.1817490e-001
 1.1851070e-001
 1.1889690e-001
 1.1930480e-001
 1.1970512e-001
 1.2007025e-001
 1.2037583e-001
 1.2060297e-001
 1.2074062e-001
 1.2078620e-001
 1.2074476e-001
 1.2062698e-001
 1.2044692e-001
 1.2022008e-001
 1.1996245e-001
 1.1968919e-001
 1.1941365e-001
 1.1914644e-001
 1.1889393e-001
 1.1865805e-001
 1.1843663e-001
 1.1822465e-001
 1.1801510e-001
 1.1780017e-001
 1.1757228e-001
 1.1732458e-001
 1.1705233e-001
 1.1675461e-001
 1.1643526e-001
 1.1610352e-001
 1.1577363e-001
 1.1546285e-001
 1.1519033e-001
 1.1497570e-001
 1.1483809e-001
 1.1479445e-001
 1.1485790e-001
 1.1503534e-001
 1.1532550e-001
 1.1571813e-001
 1.1619423e-001
 1.1672843e-001
 1.1729123e-001
 1.1785141e-001
 1.1837705e-001
 1.1883712e-001
 1.1920138e-001
 1.1944047e-001
 1.1952845e-001
 1.1944975e-001
 1.1919308e-001
 1.1881490e-001
 1.1834162e-001
 1.1779971e-001
 1.1721545e-001
 1.1661560e-001
 1.1602645e-001
 1.1547448e-001
 1.1498612e-001
 1.1458545e-001
 1.1427530e-001
 1.1404642e-001
 1.1388966e-001
 1.1379572e-001
 1.1375545e-001
 1.1375957e-001
 1.1379889e-001
 1.1386421e-001
 1.1394626e-001
 1.1403582e-001
 1.1412368e-001
 1.1420064e-001
 1.1425745e-001
 1.1428568e-001
 1.1428430e-001
 1.1425616e-001
 1.1420418e-001
 1.1413131e-001
 1.1404045e-001
 1.1393450e-001
 1.1381639e-001
 1.1368906e-001
 1.1355540e-001
 1.1341836e-001
 1.1328079e-001
 1.1314568e-001
 1.1301593e-001
 1.1289445e-001
 1.1278416e-001
 1.1268796e-001
 1.1260879e-001
 1.1254928e-001
 1.1250946e-001
 1.1248796e-001
 1.1248344e-001
 1.1249456e-001
 1.1251996e-001
 1.1255829e-001
 1.1260821e-001
 1.1266835e-001
 1.1273737e-001
 1.1281390e-001
 1.1289664e-001
 1.1298417e-001
 1.1307519e-001
 1.1316831e-001
 1.1326224e-001
 1.1335555e-001
 1.1344694e-001
 1.1353503e-001
 1.1361852e-001
 1.1369598e-001
 1.1376613e-001
 1.1382772e-001
 1.1388087e-001
 1.1392627e-001
 1.1396468e-001
 1.1399683e-001
 1.1402346e-001
 1.1404531e-001
 1.1406311e-001
 1.1407760e-001
 1.1408952e-001
 1.1409958e-001
 1.1410856e-001
 1.1411718e-001
 1.1412615e-001
 1.1413625e-001
 1.1414818e-001
 1.1416270e-001
 1.1418054e-001
 1.1420243e-001
 1.1422911e-001
 1.1426133e-001
 1.1429980e-001
 1.1434528e-001
 1.1439852e-001
 1.1446020e-001
 1.1453111e-001
 1.1461183e-001
 1.1470198e-001
 1.1480058e-001
 1.1490671e-001
 1.1501946e-001
 1.1513788e-001
 1.1526105e-001
 1.1538799e-001
 1.1551781e-001
 1.1564955e-001
 1.1578233e-001
 1.1591515e-001
 1.1604710e-001
 1.1617722e-001
 1.1630467e-001
 1.1642840e-001
 1.1654752e-001
 1.1666111e-001
 1.1676824e-001
 1.1686797e-001
 1.1695933e-001
 1.1704142e-001
 1.1711331e-001
 1.1717406e-001
 1.1722272e-001
 1.1725837e-001
 1.1728007e-001
 1.1728690e-001
 1.1727791e-001
 1.1725217e-001
 1.1720893e-001
 1.1714876e-001
 1.1707297e-001
 1.1698281e-001
