s07_ASD Record=6777: Limonite HS41.3               BECKb AREF
 1.6957602e-002
 1.7244875e-002
 1.7488813e-002
 1.7677650e-002
 1.7811337e-002
 1.7898433e-002
 1.7951448e-002
 1.7983591e-002
 1.8006727e-002
 1.8029688e-002
 1.8057223e-002
 1.8090175e-002
 1.8126493e-002
 1.8162517e-002
 1.8194752e-002
 1.8222138e-002
 1.8247113e-002
 1.8274715e-002
 1.8310865e-002
 1.8360972e-002
 1.8429056e-002
 1.8517088e-002
 1.8624237e-002
 1.8746229e-002
 1.8875416e-002
 1.9001780e-002
 1.9115867e-002
 1.9212849e-002
 1.9293271e-002
 1.9359408e-002
 1.9412229e-002
 1.9451503e-002
 1.9477539e-002
 1.9492948e-002
 1.9505002e-002
 1.9524736e-002
 1.9561559e-002
 1.9618597e-002
 1.9691233e-002
 1.9770021e-002
 1.9846514e-002
 1.9917894e-002
 1.9987781e-002
 2.0063460e-002
 2.0151729e-002
 2.0255420e-002
 2.0371381e-002
 2.0490276e-002
 2.0598909e-002
 2.0685475e-002
 2.0745821e-002
 2.0786799e-002
 2.0823687e-002
 2.0872381e-002
 2.0941488e-002
 2.1029320e-002
 2.1125989e-002
 2.1220000e-002
 2.1304086e-002
 2.1375468e-002
 2.1441408e-002
 2.1511849e-002
 2.1589875e-002
 2.1677272e-002
 2.1771653e-002
 2.1863870e-002
 2.1947337e-002
 2.2021502e-002
 2.2090701e-002
 2.2163609e-002
 2.2251049e-002
 2.2361770e-002
 2.2498176e-002
 2.2654235e-002
 2.2817086e-002
 2.2972545e-002
 2.3112237e-002
 2.3238195e-002
 2.3361715e-002
 2.3497202e-002
 2.3654779e-002
 2.3835696e-002
 2.4032917e-002
 2.4235999e-002
 2.4437588e-002
 2.4637949e-002
 2.4845274e-002
 2.5071563e-002
 2.5325879e-002
 2.5608512e-002
 2.5908822e-002
 2.6208626e-002
 2.6489761e-002
 2.6742347e-002
 2.6968738e-002
 2.7180482e-002
 2.7389120e-002
 2.7595498e-002
 2.7786275e-002
 2.7941644e-002
 2.8048877e-002
 2.8111439e-002
 2.8147193e-002
 2.8178517e-002
 2.8221011e-002
 2.8276876e-002
 2.8338090e-002
 2.8395178e-002
 2.8444042e-002
 2.8488932e-002
 2.8542407e-002
 2.8620990e-002
 2.8734881e-002
 2.8876700e-002
 2.9020123e-002
 2.9132960e-002
 2.9195717e-002
 2.9211499e-002
 2.9202396e-002
 2.9199041e-002
 2.9230017e-002
 2.9310986e-002
 2.9434223e-002
 2.9567771e-002
 2.9672539e-002
 2.9728487e-002
 2.9747881e-002
 2.9763645e-002
 2.9804481e-002
 2.9878981e-002
 2.9979525e-002
 3.0097982e-002
 3.0235613e-002
 3.0396709e-002
 3.0573608e-002
 3.0743785e-002
 3.0888950e-002
 3.1018600e-002
 3.1168062e-002
 3.1365853e-002
 3.1602520e-002
 3.1836960e-002
 3.2036729e-002
 3.2208428e-002
 3.2385238e-002
 3.2589659e-002
 3.2818012e-002
 3.3061400e-002
 3.3330005e-002
 3.3646684e-002
 3.4019239e-002
 3.4429334e-002
 3.4852255e-002
 3.5279587e-002
 3.5714615e-002
 3.6150921e-002
 3.6565423e-002
 3.6931548e-002
 3.7232183e-002
 3.7466437e-002
 3.7658852e-002
 3.7862886e-002
 3.8139381e-002
 3.8521089e-002
 3.8998328e-002
 3.9534476e-002
 4.0088285e-002
 4.0628850e-002
 4.1147906e-002
 4.1663755e-002
 4.2201448e-002
 4.2762388e-002
 4.3318138e-002
 4.3839239e-002
 4.4329118e-002
 4.4832017e-002
 4.5408763e-002
 4.6094801e-002
 4.6867456e-002
 4.7652829e-002
 4.8379276e-002
 4.9034767e-002
 4.9670033e-002
 5.0341956e-002
 5.1056191e-002
 5.1770784e-002
 5.2452441e-002
 5.3114332e-002
 5.3788491e-002
 5.4479290e-002
 5.5170879e-002
 5.5876210e-002
 5.6647751e-002
 5.7522397e-002
 5.8465902e-002
 5.9384596e-002
 6.0198020e-002
 6.0901985e-002
 6.1564181e-002
 6.2260956e-002
 6.3017696e-002
 6.3804314e-002
 6.4576618e-002
 6.5311976e-002
 6.6009425e-002
 6.6683665e-002
 6.7379899e-002
 6.8165310e-002
 6.9060922e-002
 6.9991186e-002
 7.0847087e-002
 7.1595058e-002
 7.2287992e-002
 7.2986782e-002
 7.3718444e-002
 7.4490882e-002
 7.5285845e-002
 7.6044761e-002
 7.6719858e-002
 7.7337034e-002
 7.7959314e-002
 7.8600332e-002
 7.9230189e-002
 7.9851441e-002
 8.0505624e-002
 8.1208885e-002
 8.1936456e-002
 8.2662031e-002
 8.3357133e-002
 8.3960459e-002
 8.4412508e-002
 8.4742896e-002
 8.5085526e-002
 8.5571364e-002
 8.6200267e-002
 8.6838149e-002
 8.7361626e-002
 8.7778211e-002
 8.8163227e-002
 8.8524200e-002
 8.8811144e-002
 8.9028962e-002
 8.9240819e-002
 8.9468703e-002
 8.9679793e-002
 8.9882568e-002
 9.0167232e-002
 9.0611465e-002
 9.1160074e-002
 9.1650933e-002
 9.1994956e-002
 9.2244714e-002
 9.2447095e-002
 9.2561334e-002
 9.2584908e-002
 9.2613041e-002
 9.2704229e-002
 9.2840783e-002
 9.3025938e-002
 9.3272582e-002
 9.3524963e-002
 9.3713269e-002
 9.3849801e-002
 9.3975790e-002
 9.4077572e-002
 9.4161756e-002
 9.4311014e-002
 9.4553232e-002
 9.4799750e-002
 9.4999507e-002
 9.5217384e-002
 9.5475711e-002
 9.5651411e-002
 9.5640272e-002
 9.5508821e-002
 9.5402353e-002
 9.5420621e-002
 9.5586978e-002
 9.5824063e-002
 9.6029252e-002
 9.6208580e-002
 9.6415989e-002
 9.6602902e-002
 9.6697003e-002
 9.6754514e-002
 9.6872896e-002
 9.7046725e-002
 9.7193487e-002
 9.7267777e-002
 9.7302757e-002
 9.7353645e-002
 9.7428858e-002
 9.7502686e-002
 9.7585388e-002
 9.7720601e-002
 9.7902730e-002
 9.8074563e-002
 9.8231606e-002
 9.8441020e-002
 9.8715954e-002
 9.8948367e-002
 9.9012047e-002
 9.8892242e-002
 9.8700099e-002
 9.8589145e-002
 9.8658048e-002
 9.8904975e-002
 9.9245377e-002
 9.9560581e-002
 9.9753156e-002
 9.9805884e-002
 9.9807292e-002
 9.9880308e-002
 1.0005808e-001
 1.0026412e-001
 1.0042813e-001
 1.0056777e-001
 1.0073944e-001
 1.0096645e-001
 1.0122014e-001
 1.0144841e-001
 1.0161807e-001
 1.0173945e-001
 1.0185482e-001
 1.0200393e-001
 1.0220004e-001
 1.0242663e-001
 1.0264400e-001
 1.0280077e-001
 1.0286263e-001
 1.0285937e-001
 1.0290734e-001
 1.0314990e-001
 1.0363060e-001
 1.0421269e-001
 1.0465331e-001
 1.0479157e-001
 1.0467949e-001
 1.0453162e-001
 1.0455313e-001
 1.0481235e-001
 1.0524853e-001
 1.0575970e-001
 1.0626982e-001
 1.0673748e-001
 1.0713290e-001
 1.0742185e-001
 1.0757528e-001
 1.0759662e-001
 1.0754152e-001
 1.0750926e-001
 1.0760941e-001
 1.0791277e-001
 1.0836259e-001
 1.0877082e-001
 1.0906828e-001
 1.0939316e-001
 1.0985597e-001
 1.1034047e-001
 1.1068530e-001
 1.1091038e-001
 1.1112758e-001
 1.1136455e-001
 1.1158017e-001
 1.1176481e-001
 1.1196024e-001
 1.1221477e-001
 1.1253713e-001
 1.1289396e-001
 1.1326125e-001
 1.1365142e-001
 1.1405950e-001
 1.1442610e-001
 1.1470170e-001
 1.1491244e-001
 1.1512339e-001
 1.1536581e-001
 1.1561897e-001
 1.1585124e-001
 1.1608113e-001
 1.1636688e-001
 1.1669298e-001
 1.1694316e-001
 1.1708049e-001
 1.1724677e-001
 1.1755385e-001
 1.1790680e-001
 1.1816712e-001
 1.1834686e-001
 1.1851699e-001
 1.1866499e-001
 1.1876395e-001
 1.1888169e-001
 1.1912051e-001
 1.1949412e-001
 1.1988831e-001
 1.2015107e-001
 1.2021872e-001
 1.2013403e-001
 1.2003821e-001
 1.2005803e-001
 1.2021024e-001
 1.2044707e-001
 1.2069556e-001
 1.2088783e-001
 1.2097671e-001
 1.2093241e-001
 1.2075279e-001
 1.2050427e-001
 1.2031633e-001
 1.2029528e-001
 1.2042215e-001
 1.2055802e-001
 1.2056162e-001
 1.2040095e-001
 1.2015513e-001
 1.1992676e-001
 1.1977676e-001
 1.1971878e-001
 1.1973932e-001
 1.1979602e-001
 1.1982217e-001
 1.1976453e-001
 1.1963412e-001
 1.1949752e-001
 1.1941416e-001
 1.1939397e-001
 1.1939064e-001
 1.1932714e-001
 1.1918215e-001
 1.1891143e-001
 1.1856353e-001
 1.1816466e-001
 1.1776228e-001
 1.1741238e-001
 1.1717101e-001
 1.1708084e-001
 1.1709596e-001
 1.1713491e-001
 1.1711609e-001
 1.1696950e-001
 1.1670145e-001
 1.1634912e-001
 1.1594973e-001
 1.1553936e-001
 1.1514530e-001
 1.1479139e-001
 1.1450146e-001
 1.1429338e-001
 1.1414491e-001
 1.1399567e-001
 1.1384413e-001
 1.1363141e-001
 1.1334963e-001
 1.1302045e-001
 1.1266670e-001
 1.1231133e-001
 1.1197673e-001
 1.1167523e-001
 1.1140922e-001
 1.1118054e-001
 1.1099115e-001
 1.1084217e-001
 1.1071859e-001
 1.1058927e-001
 1.1042248e-001
 1.1018643e-001
 1.0985097e-001
 1.0942113e-001
 1.0893667e-001
 1.0843858e-001
 1.0796809e-001
 1.0756626e-001
 1.0726343e-001
 1.0704847e-001
 1.0690005e-001
 1.0679692e-001
 1.0671775e-001
 1.0664129e-001
 1.0654949e-001
 1.0643692e-001
 1.0630117e-001
 1.0613980e-001
 1.0595039e-001
 1.0573055e-001
 1.0547785e-001
 1.0519291e-001
 1.0488830e-001
 1.0457923e-001
 1.0428105e-001
 1.0400897e-001
 1.0377837e-001
 1.0360447e-001
 1.0350262e-001
 1.0348038e-001
 1.0351651e-001
 1.0358292e-001
 1.0365151e-001
 1.0369419e-001
 1.0368291e-001
 1.0358956e-001
 1.0338604e-001
 1.0305556e-001
 1.0262316e-001
 1.0212380e-001
 1.0159227e-001
 1.0106358e-001
 1.0057247e-001
 1.0015395e-001
 9.9842809e-002
 9.9663906e-002
 9.9604823e-002
 9.9644601e-002
 9.9762298e-002
 9.9936984e-002
 1.0014764e-001
 1.0037339e-001
 1.0059321e-001
 1.0078619e-001
 1.0093135e-001
 1.0100775e-001
 1.0099442e-001
 1.0087724e-001
 1.0066682e-001
 1.0037933e-001
 1.0003106e-001
 9.9638119e-002
 9.9216826e-002
 9.8783329e-002
 9.8353818e-002
 9.7944565e-002
 9.7571708e-002
 9.7251557e-002
 9.7000211e-002
 9.6829399e-002
 9.6734323e-002
 9.6706636e-002
 9.6737973e-002
 9.6819945e-002
 9.6944191e-002
 9.7102314e-002
 9.7285978e-002
 9.7486764e-002
 9.7696334e-002
 9.7906314e-002
 9.8108783e-002
 9.8297581e-002
 9.8466851e-002
 9.8610803e-002
 9.8723561e-002
 9.8799355e-002
 9.8832317e-002
 9.8816641e-002
 9.8746493e-002
 9.8616064e-002
 9.8423071e-002
 9.8177545e-002
 9.7892091e-002
 9.7579472e-002
 9.7252272e-002
 9.6923269e-002
 9.6605040e-002
 9.6310340e-002
 9.6051775e-002
 9.5842101e-002
 9.5689692e-002
 9.5588677e-002
 9.5529988e-002
 9.5504649e-002
 9.5503621e-002
 9.5517881e-002
 9.5538422e-002
 9.5556244e-002
 9.5562302e-002
 9.5547602e-002
 9.5506445e-002
 9.5444344e-002
 9.5369197e-002
 9.5288880e-002
 9.5211305e-002
 9.5144317e-002
 9.5095828e-002
 9.5073722e-002
 9.5085874e-002
 9.5136277e-002
 9.5215894e-002
 9.5312968e-002
 9.5415808e-002
 9.5512621e-002
 9.5591724e-002
 9.5641352e-002
 9.5649771e-002
 9.5609009e-002
 9.5523462e-002
 9.5400110e-002
 9.5245875e-002
 9.5067732e-002
 9.4872624e-002
 9.4667532e-002
 9.4459385e-002
 9.4255075e-002
 9.4061315e-002
 9.3884751e-002
 9.3732066e-002
 9.3609884e-002
 9.3524903e-002
 9.3483761e-002
 9.3493126e-002
 9.3556345e-002
 9.3666084e-002
 9.3812905e-002
 9.3977161e-002
 9.4168194e-002
 9.4366170e-002
 9.4565243e-002
 9.4766945e-002
 9.4979458e-002
 9.5215254e-002
 9.5488742e-002
 9.5813446e-002
 9.6196204e-002
 9.6627094e-002
 9.7073898e-002
 9.7488567e-002
 9.7817563e-002
 9.8011158e-002
 9.8036312e-002
 9.7891442e-002
 9.7611159e-002
 9.7257257e-002
 9.6903622e-002
 9.6621923e-002
 9.6466005e-002
 9.6456863e-002
 9.6577138e-002
 9.6779794e-002
 9.7003534e-002
 9.7187944e-002
 9.7287558e-002
 9.7283445e-002
 9.7186804e-002
 9.7032659e-002
 9.6868135e-002
 9.6740134e-002
 9.6684039e-002
 9.6715264e-002
 9.6826695e-002
 9.6992955e-002
 9.7178854e-002
 9.7348690e-002
 9.7474717e-002
 9.7360492e-002
 9.7418360e-002
 9.7475499e-002
 9.7537354e-002
 9.7611226e-002
 9.7705044e-002
 9.7825997e-002
 9.7979344e-002
 9.8166861e-002
 9.8385923e-002
 9.8628782e-002
 9.8883010e-002
 9.9133179e-002
 9.9363536e-002
 9.9561557e-002
 9.9720851e-002
 9.9842772e-002
 9.9936619e-002
 1.0001782e-001
 1.0010479e-001
 1.0021517e-001
 1.0036222e-001
 1.0055260e-001
 1.0078523e-001
 1.0105185e-001
 1.0133814e-001
 1.0162549e-001
 1.0189456e-001
 1.0212874e-001
 1.0231775e-001
 1.0245934e-001
 1.0255846e-001
 1.0262523e-001
 1.0267183e-001
 1.0270967e-001
 1.0274719e-001
 1.0278878e-001
 1.0283490e-001
 1.0288326e-001
 1.0293061e-001
 1.0297464e-001
 1.0301550e-001
 1.0305655e-001
 1.0310435e-001
 1.0316766e-001
 1.0325614e-001
 1.0337855e-001
 1.0354117e-001
 1.0374677e-001
 1.0399391e-001
 1.0427732e-001
 1.0458861e-001
 1.0491748e-001
 1.0525334e-001
 1.0558619e-001
 1.0590795e-001
 1.0621264e-001
 1.0649663e-001
 1.0675862e-001
 1.0699911e-001
 1.0722026e-001
 1.0742551e-001
 1.0761930e-001
 1.0780676e-001
 1.0799310e-001
 1.0818305e-001
 1.0838021e-001
 1.0858637e-001
 1.0880136e-001
 1.0902302e-001
 1.0924792e-001
 1.0947243e-001
 1.0969387e-001
 1.0991187e-001
 1.1012901e-001
 1.1035121e-001
 1.1058725e-001
 1.1084744e-001
 1.1114220e-001
 1.1147990e-001
 1.1186523e-001
 1.1229809e-001
 1.1277270e-001
 1.1327845e-001
 1.1380076e-001
 1.1432318e-001
 1.1482997e-001
 1.1530791e-001
 1.1574826e-001
 1.1614785e-001
 1.1650863e-001
 1.1683712e-001
 1.1714252e-001
 1.1743499e-001
 1.1772408e-001
 1.1801729e-001
 1.1831976e-001
 1.1863403e-001
 1.1896059e-001
 1.1929858e-001
 1.1964609e-001
 1.2000093e-001
 1.2036046e-001
 1.2072195e-001
 1.2108271e-001
 1.2144006e-001
 1.2179205e-001
 1.2213761e-001
 1.2247718e-001
 1.2281313e-001
 1.2314957e-001
 1.2349242e-001
 1.2384851e-001
 1.2422484e-001
 1.2462779e-001
 1.2506188e-001
 1.2552914e-001
 1.2602891e-001
 1.2655734e-001
 1.2710820e-001
 1.2767322e-001
 1.2824315e-001
 1.2880898e-001
 1.2936261e-001
 1.2989815e-001
 1.3041198e-001
 1.3090326e-001
 1.3137390e-001
 1.3182770e-001
 1.3227013e-001
 1.3270721e-001
 1.3314490e-001
 1.3358858e-001
 1.3404240e-001
 1.3450946e-001
 1.3499160e-001
 1.3548982e-001
 1.3600488e-001
 1.3653725e-001
 1.3708761e-001
 1.3765705e-001
 1.3824654e-001
 1.3885720e-001
 1.3948955e-001
 1.4014341e-001
 1.4081798e-001
 1.4151132e-001
 1.4222103e-001
 1.4294405e-001
 1.4367712e-001
 1.4441723e-001
 1.4516129e-001
 1.4590679e-001
 1.4665110e-001
 1.4739156e-001
 1.4812551e-001
 1.4884959e-001
 1.4956042e-001
 1.5025418e-001
 1.5092729e-001
 1.5157725e-001
 1.5220261e-001
 1.5280423e-001
 1.5338501e-001
 1.5395011e-001
 1.5450677e-001
 1.5506314e-001
 1.5562761e-001
 1.5620805e-001
 1.5681048e-001
 1.5743925e-001
 1.5809634e-001
 1.5878205e-001
 1.5949574e-001
 1.6023616e-001
 1.6100280e-001
 1.6179579e-001
 1.6261628e-001
 1.6346636e-001
 1.6434760e-001
 1.6526082e-001
 1.6620421e-001
 1.6717292e-001
 1.6815902e-001
 1.6915111e-001
 1.7013642e-001
 1.7110156e-001
 1.7203483e-001
 1.7292833e-001
 1.7377844e-001
 1.7458668e-001
 1.7535953e-001
 1.7610668e-001
 1.7684013e-001
 1.7757186e-001
 1.7831258e-001
 1.7907093e-001
 1.7985234e-001
 1.8065980e-001
 1.8149373e-001
 1.8235283e-001
 1.8323521e-001
 1.8413825e-001
 1.8505973e-001
 1.8599719e-001
 1.8694814e-001
 1.8791008e-001
 1.8887952e-001
 1.8985268e-001
 1.9082491e-001
 1.9179134e-001
 1.9274770e-001
 1.9369031e-001
 1.9461684e-001
 1.9552697e-001
 1.9642159e-001
 1.9730347e-001
 1.9817610e-001
 1.9904356e-001
 1.9991057e-001
 2.0078152e-001
 2.0166117e-001
 2.0255378e-001
 2.0346311e-001
 2.0439225e-001
 2.0534213e-001
 2.0631158e-001
 2.0729603e-001
 2.0828767e-001
 2.0927642e-001
 2.1025042e-001
 2.1119873e-001
 2.1211264e-001
 2.1298772e-001
 2.1382535e-001
 2.1463196e-001
 2.1541902e-001
 2.1620049e-001
 2.1699065e-001
 2.1780218e-001
 2.1864353e-001
 2.1951805e-001
 2.2042416e-001
 2.2135539e-001
 2.2230281e-001
 2.2325617e-001
 2.2420633e-001
 2.2514717e-001
 2.2607577e-001
 2.2699346e-001
 2.2790428e-001
 2.2881395e-001
 2.2972861e-001
 2.3065238e-001
 2.3158720e-001
 2.3253155e-001
 2.3348106e-001
 2.3442981e-001
 2.3537067e-001
 2.3629753e-001
 2.3720562e-001
 2.3809236e-001
 2.3895785e-001
 2.3980384e-001
 2.4063352e-001
 2.4145104e-001
 2.4226005e-001
 2.4306399e-001
 2.4386497e-001
 2.4466398e-001
 2.4546115e-001
 2.4625526e-001
 2.4704476e-001
 2.4782752e-001
 2.4860147e-001
 2.4936526e-001
 2.5011802e-001
 2.5086039e-001
 2.5159404e-001
 2.5232202e-001
 2.5304881e-001
 2.5377953e-001
 2.5451997e-001
 2.5527549e-001
 2.5605056e-001
 2.5684837e-001
 2.5766978e-001
 2.5851372e-001
 2.5937653e-001
 2.6025254e-001
 2.6113501e-001
 2.6201624e-001
 2.6288873e-001
 2.6374617e-001
 2.6458338e-001
 2.6539725e-001
 2.6618627e-001
 2.6695028e-001
 2.6769072e-001
 2.6840919e-001
 2.6910806e-001
 2.6978943e-001
 2.7045533e-001
 2.7110788e-001
 2.7174878e-001
 2.7238002e-001
 2.7300325e-001
 2.7362001e-001
 2.7423188e-001
 2.7483985e-001
 2.7544490e-001
 2.7604744e-001
 2.7664781e-001
 2.7724645e-001
 2.7784389e-001
 2.7844116e-001
 2.7904007e-001
 2.7964258e-001
 2.8025120e-001
 2.8086776e-001
 2.8149298e-001
 2.8212604e-001
 2.8276360e-001
 2.8340039e-001
 2.8402901e-001
 2.8464118e-001
 2.8522930e-001
 2.8578705e-001
 2.8631121e-001
 2.8680170e-001
 2.8726152e-001
 2.8769615e-001
 2.8811207e-001
 2.8851560e-001
 2.8891149e-001
 2.8930232e-001
 2.8968868e-001
 2.9006937e-001
 2.9044265e-001
 2.9080755e-001
 2.9116461e-001
 2.9151702e-001
 2.9187047e-001
 2.9223272e-001
 2.9261273e-001
 2.9301903e-001
 2.9345843e-001
 2.9393443e-001
 2.9444632e-001
 2.9498911e-001
 2.9555345e-001
 2.9612729e-001
 2.9669690e-001
 2.9724896e-001
 2.9777244e-001
 2.9825956e-001
 2.9870719e-001
 2.9911646e-001
 2.9949248e-001
 2.9984334e-001
 3.0017826e-001
 3.0050638e-001
 3.0083504e-001
 3.0116892e-001
 3.0150977e-001
 3.0185640e-001
 3.0220550e-001
 3.0255288e-001
 3.0289423e-001
 3.0322653e-001
 3.0354804e-001
 3.0385870e-001
 3.0415958e-001
 3.0445194e-001
 3.0473661e-001
 3.0501300e-001
 3.0527872e-001
 3.0552959e-001
 3.0576003e-001
 3.0596396e-001
 3.0613574e-001
 3.0627143e-001
 3.0636948e-001
 3.0643111e-001
 3.0646026e-001
 3.0646268e-001
 3.0644497e-001
 3.0641326e-001
 3.0637193e-001
 3.0632305e-001
 3.0626607e-001
 3.0619830e-001
 3.0611563e-001
 3.0601361e-001
 3.0588856e-001
 3.0573812e-001
 3.0556169e-001
 3.0536014e-001
 3.0513543e-001
 3.0488995e-001
 3.0462560e-001
 3.0434334e-001
 3.0404276e-001
 3.0372193e-001
 3.0337772e-001
 3.0300593e-001
 3.0260232e-001
 3.0216303e-001
 3.0168584e-001
 3.0117077e-001
 3.0062070e-001
 3.0004212e-001
 2.9944453e-001
 2.9884014e-001
 2.9824257e-001
 2.9766506e-001
 2.9711896e-001
 2.9661208e-001
 2.9614761e-001
 2.9572424e-001
 2.9533657e-001
 2.9497704e-001
 2.9463765e-001
 2.9431182e-001
 2.9399616e-001
 2.9369083e-001
 2.9339960e-001
 2.9312849e-001
 2.9288423e-001
 2.9267249e-001
 2.9249629e-001
 2.9235497e-001
 2.9224399e-001
 2.9215530e-001
 2.9207852e-001
 2.9200244e-001
 2.9191652e-001
 2.9181236e-001
 2.9168472e-001
 2.9153177e-001
 2.9135513e-001
 2.9115915e-001
 2.9095003e-001
 2.9073471e-001
 2.9052013e-001
 2.9031262e-001
 2.9011738e-001
 2.8993878e-001
 2.8977990e-001
 2.8964317e-001
 2.8952995e-001
 2.8944072e-001
 2.8937510e-001
 2.8933179e-001
 2.8930905e-001
 2.8930509e-001
 2.8931862e-001
 2.8934932e-001
 2.8939804e-001
 2.8946650e-001
 2.8955665e-001
 2.8966957e-001
 2.8980431e-001
 2.8995702e-001
 2.9012078e-001
 2.9028580e-001
 2.9044074e-001
 2.9057428e-001
 2.9067710e-001
 2.9074374e-001
 2.9077363e-001
 2.9077193e-001
 2.9074895e-001
 2.9071948e-001
 2.9070085e-001
 2.9071137e-001
 2.9076806e-001
 2.9088488e-001
 2.9107106e-001
 2.9132995e-001
 2.9165837e-001
 2.9204676e-001
 2.9247960e-001
 2.9293722e-001
 2.9339775e-001
 2.9383922e-001
 2.9424232e-001
 2.9459220e-001
 2.9487979e-001
 2.9510257e-001
 2.9526356e-001
 2.9537040e-001
 2.9543343e-001
 2.9546413e-001
 2.9547375e-001
 2.9547280e-001
 2.9547101e-001
 2.9547760e-001
 2.9550180e-001
 2.9555285e-001
 2.9563954e-001
 2.9576916e-001
 2.9594630e-001
 2.9617152e-001
 2.9644084e-001
 2.9674569e-001
 2.9707381e-001
 2.9741123e-001
 2.9774386e-001
 2.9805985e-001
 2.9835072e-001
 2.9861212e-001
 2.9884377e-001
 2.9904827e-001
 2.9922986e-001
 2.9939294e-001
 2.9954067e-001
 2.9967424e-001
 2.9979244e-001
 2.9989228e-001
 2.9997006e-001
 3.0002260e-001
 3.0004820e-001
 3.0004728e-001
 3.0002242e-001
 2.9997870e-001
 2.9992339e-001
 2.9986516e-001
 2.9981300e-001
 2.9977489e-001
 2.9975659e-001
 2.9976115e-001
 2.9978895e-001
 2.9983848e-001
 2.9990703e-001
 2.9999179e-001
 3.0009028e-001
 3.0020013e-001
 3.0031872e-001
 3.0044255e-001
 3.0056703e-001
 3.0068642e-001
 3.0079421e-001
 3.0088389e-001
 3.0094984e-001
 3.0098838e-001
 3.0099854e-001
 3.0098230e-001
 3.0094445e-001
 3.0089191e-001
 3.0083263e-001
 3.0077434e-001
 3.0072337e-001
 3.0068389e-001
 3.0065739e-001
 3.0064303e-001
 3.0063796e-001
 3.0063799e-001
 3.0063814e-001
 3.0063310e-001
 3.0061775e-001
 3.0058753e-001
 3.0053875e-001
 3.0046895e-001
 3.0037689e-001
 3.0026266e-001
 3.0012736e-001
 2.9997313e-001
 2.9980275e-001
 2.9961932e-001
 2.9942620e-001
 2.9922640e-001
 2.9902261e-001
 2.9881683e-001
 2.9861027e-001
 2.9840347e-001
 2.9819611e-001
 2.9798725e-001
 2.9777542e-001
 2.9755893e-001
 2.9733625e-001
 2.9710615e-001
 2.9686850e-001
 2.9662430e-001
 2.9637596e-001
 2.9612741e-001
 2.9588339e-001
 2.9564923e-001
 2.9542980e-001
 2.9522866e-001
 2.9504737e-001
 2.9488474e-001
 2.9473686e-001
 2.9459718e-001
 2.9445735e-001
 2.9430827e-001
 2.9414135e-001
 2.9394963e-001
 2.9372904e-001
 2.9347861e-001
 2.9320091e-001
 2.9290134e-001
 2.9258728e-001
 2.9226720e-001
 2.9194900e-001
 2.9163945e-001
 2.9134306e-001
 2.9106203e-001
 2.9079607e-001
 2.9054278e-001
 2.9029834e-001
 2.9005805e-001
 2.8981712e-001
 2.8957114e-001
 2.8931645e-001
 2.8905040e-001
 2.8877145e-001
 2.8847903e-001
 2.8817359e-001
 2.8785631e-001
 2.8752920e-001
 2.8719488e-001
 2.8685635e-001
 2.8651738e-001
 2.8618187e-001
 2.8585416e-001
 2.8553879e-001
 2.8524011e-001
 2.8496236e-001
 2.8470886e-001
 2.8448197e-001
 2.8428251e-001
 2.8410941e-001
 2.8395975e-001
 2.8382853e-001
 2.8370938e-001
 2.8359482e-001
 2.8347734e-001
 2.8335014e-001
 2.8320804e-001
 2.8304812e-001
 2.8286985e-001
 2.8267500e-001
 2.8246704e-001
 2.8225020e-001
 2.8202835e-001
 2.8180408e-001
 2.8157783e-001
 2.8134763e-001
 2.8110933e-001
 2.8085712e-001
 2.8058487e-001
 2.8028733e-001
 2.7996174e-001
 2.7960876e-001
 2.7923295e-001
 2.7884269e-001
 2.7844897e-001
 2.7806422e-001
 2.7770087e-001
 2.7736968e-001
 2.7707896e-001
 2.7683389e-001
 2.7663606e-001
 2.7648327e-001
 2.7636987e-001
 2.7628747e-001
 2.7622595e-001
 2.7617460e-001
 2.7612332e-001
 2.7606341e-001
 2.7598858e-001
 2.7589524e-001
 2.7578294e-001
 2.7565449e-001
 2.7551609e-001
 2.7537715e-001
 2.7524975e-001
 2.7514735e-001
 2.7508360e-001
 2.7507058e-001
 2.7511680e-001
 2.7522564e-001
 2.7539402e-001
 2.7561197e-001
 2.7586281e-001
 2.7612409e-001
 2.7636945e-001
 2.7657181e-001
 2.7670631e-001
 2.7675384e-001
 2.7670404e-001
 2.7655715e-001
 2.7632436e-001
 2.7602702e-001
 2.7569386e-001
 2.7535725e-001
 2.7504924e-001
 2.7479690e-001
 2.7461916e-001
 2.7452427e-001
 2.7450871e-001
 2.7455834e-001
 2.7465031e-001
 2.7475658e-001
 2.7484801e-001
 2.7489826e-001
 2.7488723e-001
 2.7480361e-001
 2.7464569e-001
 2.7442110e-001
 2.7414501e-001
 2.7383745e-001
 2.7352014e-001
 2.7321312e-001
 2.7293229e-001
 2.7268720e-001
 2.7248040e-001
 2.7230784e-001
 2.7216011e-001
 2.7202463e-001
 2.7188829e-001
 2.7173996e-001
 2.7157274e-001
 2.7138534e-001
 2.7118263e-001
 2.7097508e-001
 2.7077737e-001
 2.7060610e-001
 2.7047706e-001
 2.7040291e-001
 2.7039066e-001
 2.7044037e-001
 2.7054465e-001
 2.7068928e-001
 2.7085492e-001
 2.7101949e-001
 2.7116108e-001
 2.7126086e-001
 2.7130547e-001
 2.7128872e-001
 2.7121216e-001
 2.7108461e-001
 2.7092069e-001
 2.7073848e-001
 2.7055681e-001
 2.7039263e-001
 2.7025855e-001
 2.7016145e-001
 2.7010170e-001
 2.7007353e-001
 2.7006629e-001
 2.7006629e-001
 2.7005917e-001
 2.7003220e-001
 2.6997611e-001
 2.6988646e-001
 2.6976427e-001
 2.6961568e-001
 2.6945078e-001
 2.6928213e-001
 2.6912281e-001
 2.6898423e-001
 2.6887476e-001
 2.6879838e-001
 2.6875433e-001
 2.6873749e-001
 2.6873937e-001
 2.6874974e-001
 2.6875836e-001
 2.6875684e-001
 2.6874015e-001
 2.6870751e-001
 2.6866275e-001
 2.6861396e-001
 2.6857230e-001
 2.6855016e-001
 2.6855904e-001
 2.6860735e-001
 2.6869825e-001
 2.6882848e-001
 2.6898825e-001
 2.6916248e-001
 2.6933274e-001
 2.6947936e-001
 2.6958394e-001
 2.6963109e-001
 2.6961005e-001
 2.6951513e-001
 2.6934633e-001
 2.6910987e-001
 2.6881850e-001
 2.6849031e-001
 2.6814726e-001
 2.6781312e-001
 2.6751059e-001
 2.6725897e-001
 2.6707157e-001
 2.6695454e-001
 2.6690689e-001
 2.6686504e-001
 2.6694831e-001
 2.6706749e-001
 2.6720625e-001
 2.6734930e-001
 2.6748365e-001
 2.6759923e-001
 2.6768887e-001
 2.6774737e-001
 2.6777086e-001
 2.6775593e-001
 2.6769981e-001
 2.6760051e-001
 2.6745763e-001
 2.6727319e-001
 2.6705226e-001
 2.6680315e-001
 2.6653734e-001
 2.6626849e-001
 2.6601169e-001
 2.6578265e-001
 2.6559690e-001
 2.6546881e-001
 2.6541024e-001
 2.6542869e-001
 2.6552543e-001
 2.6569507e-001
 2.6592585e-001
 2.6620179e-001
 2.6650408e-001
 2.6681268e-001
 2.6710778e-001
 2.6737037e-001
 2.6758397e-001
 2.6773596e-001
 2.6781923e-001
 2.6783249e-001
 2.6777986e-001
 2.6766941e-001
 2.6751158e-001
 2.6731789e-001
 2.6710021e-001
 2.6687005e-001
 2.6663804e-001
 2.6641321e-001
 2.6620251e-001
 2.6601043e-001
 2.6583931e-001
 2.6569000e-001
 2.6556230e-001
 2.6545554e-001
 2.6536891e-001
 2.6530144e-001
 2.6525202e-001
 2.6521945e-001
 2.6520225e-001
 2.6519874e-001
 2.6520696e-001
 2.6522484e-001
 2.6525021e-001
 2.6528075e-001
 2.6531413e-001
 2.6534769e-001
 2.6537836e-001
 2.6540223e-001
 2.6541433e-001
 2.6540852e-001
 2.6537758e-001
 2.6531357e-001
 2.6520798e-001
 2.6505223e-001
 2.6483804e-001
 2.6455766e-001
 2.6420516e-001
 2.6377693e-001
 2.6327309e-001
 2.6269764e-001
 2.6205793e-001
 2.6136419e-001
 2.6062781e-001
 2.5986120e-001
 2.5907660e-001
 2.5828537e-001
 2.5749749e-001
 2.5671974e-001
 2.5595525e-001
 2.5520298e-001
 2.5445771e-001
 2.5371164e-001
 2.5295529e-001
 2.5217822e-001
 2.5137031e-001
 2.5052196e-001
 2.4962561e-001
 2.4867687e-001
 2.4767517e-001
 2.4662507e-001
 2.4553479e-001
 2.4441609e-001
 2.4328248e-001
 2.4214795e-001
 2.4102697e-001
 2.3993263e-001
 2.3887660e-001
 2.3786736e-001
 2.3690872e-001
 2.3600024e-001
 2.3513670e-001
 2.3431011e-001
 2.3351049e-001
 2.3272684e-001
 2.3194842e-001
 2.3116480e-001
 2.3036739e-001
 2.2955024e-001
 2.2871074e-001
 2.2785050e-001
 2.2697479e-001
 2.2609119e-001
 2.2520930e-001
 2.2433899e-001
 2.2349063e-001
 2.2267418e-001
 2.2189844e-001
 2.2117104e-001
 2.2049719e-001
 2.1988007e-001
 2.1932073e-001
 2.1881847e-001
 2.1837194e-001
 2.1797912e-001
 2.1763787e-001
 2.1734588e-001
 2.1710053e-001
 2.1689890e-001
 2.1673751e-001
 2.1661237e-001
 2.1651895e-001
 2.1645239e-001
 2.1640758e-001
 2.1637933e-001
 2.1636251e-001
 2.1635218e-001
 2.1634383e-001
 2.1633372e-001
 2.1631901e-001
 2.1629804e-001
 2.1627010e-001
 2.1623522e-001
 2.1619384e-001
 2.1614671e-001
 2.1609464e-001
 2.1603875e-001
 2.1598044e-001
 2.1592174e-001
 2.1586555e-001
 2.1581556e-001
 2.1577634e-001
 2.1575303e-001
 2.1575113e-001
 2.1577623e-001
 2.1583381e-001
 2.1592882e-001
 2.1606515e-001
 2.1624503e-001
 2.1646816e-001
 2.1673176e-001
 2.1703057e-001
 2.1735756e-001
 2.1770480e-001
 2.1806371e-001
 2.1842583e-001
 2.1878289e-001
 2.1912740e-001
 2.1945332e-001
 2.1975620e-001
 2.2003378e-001
 2.2028540e-001
 2.2051179e-001
 2.2071452e-001
 2.2089542e-001
 2.2105652e-001
 2.2119963e-001
 2.2132628e-001
 2.2143741e-001
 2.2153315e-001
 2.2161281e-001
 2.2167486e-001
 2.2171719e-001
 2.2173741e-001
 2.2173297e-001
 2.2170153e-001
 2.2164124e-001
 2.2155140e-001
 2.2143315e-001
 2.2129019e-001
 2.2112904e-001
 2.2095877e-001
 2.2079031e-001
 2.2063564e-001
 2.2050723e-001
 2.2041734e-001
 2.2037734e-001
 2.2039656e-001
 2.2048107e-001
 2.2063228e-001
 2.2084671e-001
 2.2111630e-001
 2.2142974e-001
 2.2177346e-001
 2.2213332e-001
 2.2249506e-001
 2.2284488e-001
 2.2317086e-001
 2.2346383e-001
 2.2371820e-001
 2.2393271e-001
 2.2410986e-001
 2.2425488e-001
 2.2437462e-001
 2.2447683e-001
 2.2456953e-001
 2.2466068e-001
 2.2475816e-001
 2.2486953e-001
 2.2500184e-001
 2.2516173e-001
 2.2535543e-001
 2.2558869e-001
 2.2586721e-001
 2.2619642e-001
 2.2658150e-001
 2.2702657e-001
 2.2753444e-001
 2.2810538e-001
 2.2873570e-001
 2.2941817e-001
 2.3014209e-001
 2.3089360e-001
 2.3165785e-001
 2.3241913e-001
 2.3316194e-001
 2.3387095e-001
 2.3453303e-001
 2.3513778e-001
 2.3567815e-001
 2.3615170e-001
 2.3655967e-001
 2.3690587e-001
 2.3719600e-001
 2.3743658e-001
 2.3763424e-001
 2.3779583e-001
 2.3792809e-001
 2.3803756e-001
 2.3813045e-001
 2.3821273e-001
 2.3829018e-001
 2.3836820e-001
 2.3845221e-001
 2.3854749e-001
 2.3865905e-001
 2.3879157e-001
 2.3894878e-001
 2.3913309e-001
 2.3934478e-001
 2.3958212e-001
 2.3984148e-001
 2.4011759e-001
 2.4040450e-001
 2.4069592e-001
 2.4098530e-001
 2.4126658e-001
 2.4153431e-001
 2.4178426e-001
 2.4201359e-001
 2.4222133e-001
 2.4240810e-001
 2.4257548e-001
 2.4272597e-001
 2.4286228e-001
 2.4298722e-001
 2.4310358e-001
 2.4321404e-001
 2.4332091e-001
 2.4342620e-001
 2.4353150e-001
 2.4363799e-001
 2.4374658e-001
 2.4385801e-001
 2.4397297e-001
 2.4409205e-001
 2.4421583e-001
 2.4434488e-001
 2.4447957e-001
 2.4462026e-001
 2.4476713e-001
 2.4492028e-001
 2.4507961e-001
 2.4524508e-001
 2.4541658e-001
 2.4559382e-001
 2.4577636e-001
 2.4596339e-001
 2.4615324e-001
 2.4634336e-001
 2.4653019e-001
 2.4670905e-001
 2.4687465e-001
 2.4702129e-001
 2.4714315e-001
 2.4723448e-001
 2.4729016e-001
 2.4730630e-001
 2.4728093e-001
 2.4721487e-001
 2.4711192e-001
 2.4697864e-001
 2.4682356e-001
 2.4665640e-001
 2.4648739e-001
 2.4632691e-001
 2.4618478e-001
 2.4606989e-001
 2.4598953e-001
 2.4594863e-001
 2.4594964e-001
 2.4599279e-001
 2.4607657e-001
 2.4619853e-001
 2.4635559e-001
 2.4654445e-001
 2.4676137e-001
 2.4700211e-001
 2.4726124e-001
 2.4753210e-001
 2.4780658e-001
 2.4807498e-001
 2.4832684e-001
 2.4855107e-001
 2.4873628e-001
 2.4887145e-001
 2.4894634e-001
 2.4895249e-001
 2.4888441e-001
 2.4874061e-001
 2.4852401e-001
 2.4824166e-001
 2.4790350e-001
 2.4752110e-001
 2.4710713e-001
 2.4667414e-001
 2.4623406e-001
 2.4579799e-001
 2.4537458e-001
 2.4496974e-001
 2.4458615e-001
 2.4422392e-001
 2.4388075e-001
 2.4355315e-001
 2.4323724e-001
 2.4292882e-001
 2.4262388e-001
 2.4231920e-001
 2.4201238e-001
 2.4170245e-001
 2.4138983e-001
 2.4107659e-001
 2.4076553e-001
 2.4046007e-001
 2.4016404e-001
 2.3988098e-001
 2.3961389e-001
 2.3936485e-001
 2.3913383e-001
 2.3891823e-001
 2.3871277e-001
 2.3850943e-001
 2.3829834e-001
 2.3806851e-001
 2.3780863e-001
 2.3750760e-001
 2.3715538e-001
 2.3674469e-001
 2.3627222e-001
 2.3574021e-001
 2.3515761e-001
 2.3453861e-001
 2.3390175e-001
 2.3326780e-001
 2.3265903e-001
 2.3209704e-001
 2.3160192e-001
 2.3119062e-001
 2.3087382e-001
 2.3065436e-001
 2.3052637e-001
 2.3047592e-001
 2.3048320e-001
 2.3052500e-001
 2.3057650e-001
 2.3061277e-001
 2.3061010e-001
 2.3054768e-001
 2.3040956e-001
 2.3018636e-001
 2.2987619e-001
 2.2948365e-001
 2.2901812e-001
 2.2849227e-001
 2.2791983e-001
 2.2731495e-001
 2.2669131e-001
 2.2606196e-001
 2.2543769e-001
 2.2482680e-001
 2.2423528e-001
 2.2366616e-001
 2.2312067e-001
 2.2259933e-001
 2.2210166e-001
 2.2162707e-001
 2.2117466e-001
 2.2074349e-001
 2.2033186e-001
 2.1993740e-001
 2.1955729e-001
 2.1918775e-001
 2.1882457e-001
 2.1846347e-001
 2.1809976e-001
 2.1772878e-001
 2.1734618e-001
 2.1694753e-001
 2.1652879e-001
 2.1608624e-001
 2.1561694e-001
 2.1511808e-001
 2.1458709e-001
 2.1402201e-001
 2.1342067e-001
 2.1278107e-001
 2.1210219e-001
 2.1138352e-001
 2.1062630e-001
 2.0983385e-001
 2.0901239e-001
 2.0816985e-001
 2.0731574e-001
 2.0646115e-001
 2.0561691e-001
 2.0479384e-001
 2.0400274e-001
 2.0325257e-001
 2.0255013e-001
 2.0189977e-001
 2.0130214e-001
 2.0075509e-001
 2.0025420e-001
 1.9979413e-001
 1.9936855e-001
 1.9897108e-001
 1.9859596e-001
 1.9823784e-001
 1.9789271e-001
 1.9755858e-001
 1.9723515e-001
 1.9692399e-001
 1.9662784e-001
 1.9635046e-001
 1.9609551e-001
 1.9586641e-001
 1.9566533e-001
 1.9549166e-001
 1.9534023e-001
 1.9519988e-001
 1.9505255e-001
 1.9487400e-001
 1.9463569e-001
 1.9430631e-001
 1.9385380e-001
 1.9324693e-001
 1.9245866e-001
 1.9146939e-001
 1.9027247e-001
 1.8887994e-001
 1.8732277e-001
 1.8564957e-001
 1.8392335e-001
 1.8221352e-001
 1.8059312e-001
 1.7913420e-001
 1.7790483e-001
 1.7696087e-001
 1.7633982e-001
 1.7605416e-001
 1.7608793e-001
 1.7640007e-001
 1.7693059e-001
 1.7760864e-001
 1.7835853e-001
 1.7910354e-001
 1.7977114e-001
 1.8029727e-001
 1.8063261e-001
 1.8074755e-001
 1.8063483e-001
 1.8030693e-001
 1.7979127e-001
 1.7912389e-001
 1.7834470e-001
 1.7749500e-001
 1.7661390e-001
 1.7573625e-001
 1.7488913e-001
 1.7408986e-001
 1.7334378e-001
 1.7264591e-001
 1.7198421e-001
 1.7134157e-001
 1.7069891e-001
 1.7003743e-001
 1.6933930e-001
 1.6859040e-001
 1.6778235e-001
 1.6691548e-001
 1.6599846e-001
 1.6504809e-001
 1.6408779e-001
 1.6314380e-001
 1.6224389e-001
 1.6141635e-001
 1.6068681e-001
 1.6007660e-001
 1.5960012e-001
 1.5926126e-001
 1.5905288e-001
 1.5895787e-001
 1.5895180e-001
 1.5900578e-001
 1.5908907e-001
 1.5917073e-001
 1.5922134e-001
 1.5921500e-001
 1.5913172e-001
 1.5895955e-001
 1.5869537e-001
 1.5834402e-001
 1.5791661e-001
 1.5742768e-001
 1.5689340e-001
 1.5633082e-001
 1.5575616e-001
 1.5518418e-001
 1.5462764e-001
 1.5409544e-001
 1.5359271e-001
 1.5312155e-001
 1.5268132e-001
 1.5227005e-001
 1.5188505e-001
 1.5152356e-001
 1.5118244e-001
 1.5085840e-001
 1.5054813e-001
 1.5024784e-001
 1.4995341e-001
 1.4966060e-001
 1.4936480e-001
 1.4906131e-001
 1.4874533e-001
 1.4841238e-001
 1.4805782e-001
 1.4767718e-001
 1.4726646e-001
 1.4683858e-001
 1.4647055e-001
 1.4595734e-001
 1.4542414e-001
 1.4487848e-001
 1.4432806e-001
 1.4378043e-001
 1.4324351e-001
 1.4272484e-001
 1.4223213e-001
 1.4177302e-001
 1.4135443e-001
 1.4097729e-001
 1.4063878e-001
 1.4033619e-001
 1.4006668e-001
 1.3982767e-001
 1.3961636e-001
 1.3942996e-001
 1.3926575e-001
 1.3912107e-001
 1.3899310e-001
 1.3887914e-001
 1.3877642e-001
 1.3868222e-001
 1.3859394e-001
 1.3851000e-001
 1.3842945e-001
 1.3835125e-001
 1.3827451e-001
 1.3819820e-001
 1.3812138e-001
 1.3804303e-001
 1.3796225e-001
 1.3787805e-001
 1.3778938e-001
 1.3769534e-001
 1.3759495e-001
 1.3748723e-001
 1.3737121e-001
 1.3724591e-001
 1.3711031e-001
 1.3696352e-001
 1.3680468e-001
 1.3663428e-001
 1.3645341e-001
 1.3626331e-001
 1.3606513e-001
 1.3586000e-001
 1.3564907e-001
 1.3543355e-001
 1.3521463e-001
 1.3499340e-001
 1.3477105e-001
 1.3454869e-001
 1.3432758e-001
 1.3410884e-001
 1.3389362e-001
 1.3368306e-001
 1.3347839e-001
 1.3328074e-001
 1.3309126e-001
 1.3291109e-001
 1.3274144e-001
 1.3258347e-001
 1.3243820e-001
 1.3230555e-001
 1.3218495e-001
 1.3207577e-001
 1.3197741e-001
 1.3188925e-001
 1.3181062e-001
 1.3174099e-001
 1.3167970e-001
 1.3162614e-001
 1.3157967e-001
 1.3153973e-001
 1.3150568e-001
 1.3147688e-001
 1.3145275e-001
 1.3143267e-001
 1.3141601e-001
 1.3140215e-001
 1.3139048e-001
 1.3138041e-001
 1.3137132e-001
 1.3136256e-001
 1.3135356e-001
 1.3134366e-001
 1.3133228e-001
 1.3131879e-001
 1.3130261e-001
 1.3128355e-001
 1.3126162e-001
 1.3123676e-001
 1.3120897e-001
 1.3117822e-001
 1.3114449e-001
 1.3110781e-001
 1.3106811e-001
 1.3102537e-001
 1.3097960e-001
 1.3093078e-001
 1.3087888e-001
 1.3082388e-001
 1.3076578e-001
 1.3070455e-001
 1.3064018e-001
 1.3057263e-001
 1.3050190e-001
 1.3042797e-001
 1.3035084e-001
 1.3027047e-001
 1.3018684e-001
 1.3009994e-001
 1.3000974e-001
 1.2991625e-001
 1.2981945e-001
 1.2971926e-001
 1.2961575e-001
 1.2950887e-001
 1.2939861e-001
 1.2928528e-001
 1.2916933e-001
 1.2905119e-001
