s07_ASD Record=21490: Maple_Leaves DW92-1           BECKa AREF
-1.2300000e+034
-1.2300000e+034
-1.2300000e+034
 2.9588230e-002
 2.9553199e-002
 2.9501291e-002
 2.9432030e-002
 2.9348819e-002
 2.9258877e-002
 2.9171664e-002
 2.9096249e-002
 2.9039029e-002
 2.9002458e-002
 2.8984288e-002
 2.8977050e-002
 2.8970020e-002
 2.8953735e-002
 2.8923966e-002
 2.8882878e-002
 2.8837329e-002
 2.8795242e-002
 2.8761780e-002
 2.8737742e-002
 2.8721070e-002
 2.8709695e-002
 2.8703708e-002
 2.8705338e-002
 2.8716354e-002
 2.8735749e-002
 2.8760942e-002
 2.8790470e-002
 2.8825149e-002
 2.8867107e-002
 2.8918331e-002
 2.8978184e-002
 2.9041069e-002
 2.9097823e-002
 2.9139061e-002
 2.9158663e-002
 2.9156258e-002
 2.9137636e-002
 2.9113477e-002
 2.9097183e-002
 2.9102303e-002
 2.9139923e-002
 2.9216403e-002
 2.9331865e-002
 2.9479973e-002
 2.9649397e-002
 2.9826947e-002
 3.0001415e-002
 3.0166673e-002
 3.0322827e-002
 3.0475073e-002
 3.0631058e-002
 3.0798199e-002
 3.0981639e-002
 3.1182947e-002
 3.1401992e-002
 3.1641144e-002
 3.1902466e-002
 3.2179449e-002
 3.2466799e-002
 3.2759823e-002
 3.3048712e-002
 3.3322636e-002
 3.3576064e-002
 3.3805862e-002
 3.4008525e-002
 3.4181461e-002
 3.4325846e-002
 3.4448475e-002
 3.4559265e-002
 3.4666296e-002
 3.4772068e-002
 3.4873728e-002
 3.4967028e-002
 3.5050940e-002
 3.5129249e-002
 3.5208188e-002
 3.5291981e-002
 3.5379488e-002
 3.5464160e-002
 3.5537358e-002
 3.5593133e-002
 3.5631668e-002
 3.5659332e-002
 3.5685264e-002
 3.5716470e-002
 3.5754383e-002
 3.5794765e-002
 3.5830721e-002
 3.5856958e-002
 3.5872854e-002
 3.5883088e-002
 3.5895959e-002
 3.5920270e-002
 3.5961665e-002
 3.6020152e-002
 3.6090184e-002
 3.6162738e-002
 3.6227934e-002
 3.6276512e-002
 3.6300004e-002
 3.6291387e-002
 3.6248446e-002
 3.6178466e-002
 3.6100820e-002
 3.6044363e-002
 3.6038529e-002
 3.6100745e-002
 3.6225449e-002
 3.6381338e-002
 3.6522735e-002
 3.6613442e-002
 3.6648765e-002
 3.6656849e-002
 3.6674533e-002
 3.6716655e-002
 3.6766220e-002
 3.6793403e-002
 3.6782764e-002
 3.6742073e-002
 3.6688931e-002
 3.6634665e-002
 3.6582690e-002
 3.6538690e-002
 3.6517970e-002
 3.6539637e-002
 3.6610309e-002
 3.6711365e-002
 3.6805209e-002
 3.6859579e-002
 3.6867831e-002
 3.6844533e-002
 3.6804844e-002
 3.6754742e-002
 3.6701284e-002
 3.6663812e-002
 3.6667544e-002
 3.6726031e-002
 3.6832742e-002
 3.6970399e-002
 3.7127566e-002
 3.7305083e-002
 3.7505459e-002
 3.7718356e-002
 3.7923418e-002
 3.8112015e-002
 3.8301658e-002
 3.8521763e-002
 3.8787995e-002
 3.9098069e-002
 3.9448824e-002
 3.9844636e-002
 4.0288113e-002
 4.0776677e-002
 4.1319247e-002
 4.1950133e-002
 4.2714104e-002
 4.3632977e-002
 4.4692826e-002
 4.5868021e-002
 4.7151640e-002
 4.8557732e-002
 5.0100885e-002
 5.1786114e-002
 5.3613327e-002
 5.5576842e-002
 5.7663418e-002
 5.9863977e-002
 6.2187411e-002
 6.4642407e-002
 6.7197531e-002
 6.9767945e-002
 7.2256282e-002
 7.4610226e-002
 7.6841220e-002
 7.8994244e-002
 8.1102118e-002
 8.3163448e-002
 8.5142709e-002
 8.6974636e-002
 8.8581249e-002
 8.9912355e-002
 9.0985499e-002
 9.1876015e-002
 9.2655443e-002
 9.3336560e-002
 9.3883917e-002
 9.4280474e-002
 9.4578400e-002
 9.4872937e-002
 9.5218763e-002
 9.5577918e-002
 9.5864028e-002
 9.6046478e-002
 9.6198082e-002
 9.6422404e-002
 9.6742973e-002
 9.7087778e-002
 9.7376890e-002
 9.7594216e-002
 9.7764179e-002
 9.7876929e-002
 9.7855538e-002
 9.7600676e-002
 9.7061954e-002
 9.6266046e-002
 9.5292509e-002
 9.4233356e-002
 9.3155213e-002
 9.2065841e-002
 9.0915605e-002
 8.9652508e-002
 8.8269867e-002
 8.6780503e-002
 8.5164085e-002
 8.3388008e-002
 8.1485726e-002
 7.9574890e-002
 7.7777728e-002
 7.6130763e-002
 7.4585602e-002
 7.3092803e-002
 7.1658894e-002
 7.0303008e-002
 6.9002949e-002
 6.7742452e-002
 6.6576831e-002
 6.5572768e-002
 6.4700224e-002
 6.3864298e-002
 6.3027963e-002
 6.2225450e-002
 6.1481547e-002
 6.0807709e-002
 6.0258396e-002
 5.9887864e-002
 5.9636597e-002
 5.9331514e-002
 5.8827359e-002
 5.8128450e-002
 5.7377152e-002
 5.6746874e-002
 5.6343220e-002
 5.6180909e-002
 5.6213595e-002
 5.6352146e-002
 5.6465596e-002
 5.6417819e-002
 5.6150217e-002
 5.5729255e-002
 5.5278361e-002
 5.4858755e-002
 5.4460745e-002
 5.4099970e-002
 5.3809471e-002
 5.3530078e-002
 5.3132512e-002
 5.2588616e-002
 5.2011166e-002
 5.1484443e-002
 5.0983369e-002
 5.0487626e-002
 5.0027195e-002
 4.9597953e-002
 4.9152844e-002
 4.8674945e-002
 4.8185442e-002
 4.7705036e-002
 4.7271833e-002
 4.6958175e-002
 4.6792787e-002
 4.6709742e-002
 4.6631675e-002
 4.6540212e-002
 4.6436269e-002
 4.6307817e-002
 4.6159476e-002
 4.6020374e-002
 4.5904830e-002
 4.5789368e-002
 4.5652822e-002
 4.5524836e-002
 4.5460757e-002
 4.5453750e-002
 4.5382228e-002
 4.5100268e-002
 4.4602405e-002
 4.4032611e-002
 4.3512218e-002
 4.3048263e-002
 4.2625070e-002
 4.2262390e-002
 4.1940495e-002
 4.1581415e-002
 4.1167587e-002
 4.0801410e-002
 4.0592715e-002
 4.0525619e-002
 4.0468719e-002
 4.0319242e-002
 4.0124472e-002
 4.0004343e-002
 3.9944347e-002
 3.9771184e-002
 3.9376300e-002
 3.8858481e-002
 3.8402829e-002
 3.8098298e-002
 3.7895352e-002
 3.7684981e-002
 3.7405301e-002
 3.7110161e-002
 3.6943488e-002
 3.6986064e-002
 3.7116621e-002
 3.7072834e-002
 3.6711447e-002
 3.6202021e-002
 3.5838705e-002
 3.5709161e-002
 3.5662577e-002
 3.5538688e-002
 3.5334267e-002
 3.5174128e-002
 3.5163052e-002
 3.5276122e-002
 3.5390925e-002
 3.5415936e-002
 3.5381392e-002
 3.5409536e-002
 3.5604693e-002
 3.5974413e-002
 3.6450338e-002
 3.6974419e-002
 3.7561312e-002
 3.8285166e-002
 3.9218444e-002
 4.0393680e-002
 4.1835312e-002
 4.3643892e-002
 4.6046536e-002
 4.9327653e-002
 5.3665116e-002
 5.9013247e-002
 6.5161541e-002
 7.1900018e-002
 7.9139143e-002
 8.6909786e-002
 9.5290706e-002
 1.0432158e-001
 1.1385377e-001
 1.2352270e-001
 1.3311172e-001
 1.4273177e-001
 1.5259293e-001
 1.6272607e-001
 1.7301901e-001
 1.8337895e-001
 1.9377151e-001
 2.0417599e-001
 2.1457551e-001
 2.2500171e-001
 2.3560843e-001
 2.4661615e-001
 2.5805649e-001
 2.6967332e-001
 2.8123164e-001
 2.9280764e-001
 3.0462807e-001
 3.1676584e-001
 3.2906142e-001
 3.4126785e-001
 3.5327250e-001
 3.6518285e-001
 3.7716809e-001
 3.8926861e-001
 4.0140843e-001
 4.1350943e-001
 4.2554423e-001
 4.3748865e-001
 4.4919896e-001
 4.6042463e-001
 4.7105139e-001
 4.8125565e-001
 4.9128464e-001
 5.0118643e-001
 5.1082152e-001
 5.2001417e-001
 5.2864361e-001
 5.3667712e-001
 5.4419214e-001
 5.5132741e-001
 5.5813920e-001
 5.6455356e-001
 5.7050472e-001
 5.7600862e-001
 5.8117157e-001
 5.8605301e-001
 5.9057200e-001
 5.9470743e-001
 5.9858263e-001
 6.0230559e-001
 6.0583895e-001
 6.0901809e-001
 6.1168694e-001
 6.1384958e-001
 6.1567760e-001
 6.1737722e-001
 6.1909896e-001
 6.2092698e-001
 6.2286949e-001
 6.2478220e-001
 6.2638569e-001
 6.2745875e-001
 6.2807363e-001
 6.2858140e-001
 6.2932765e-001
 6.3038248e-001
 6.3153434e-001
 6.3251466e-001
 6.3319594e-001
 6.3360369e-001
 6.3382345e-001
 6.3396728e-001
 6.3417822e-001
 6.3461471e-001
 6.3520598e-001
 6.3600343e-001
 6.3668609e-001
 6.3707525e-001
 6.3719559e-001
 6.3715339e-001
 6.3705528e-001
 6.3699806e-001
 6.3701421e-001
 6.3711011e-001
 6.3729262e-001
 6.3756305e-001
 6.3789046e-001
 6.3823026e-001
 6.3853830e-001
 6.3877302e-001
 6.3891220e-001
 6.3894129e-001
 6.3884586e-001
 6.3862240e-001
 6.3833886e-001
 6.3806176e-001
 6.3798165e-001
 6.3814563e-001
 6.3855028e-001
 6.3909507e-001
 6.3967568e-001
 6.4018738e-001
 6.4052898e-001
 6.4067084e-001
 6.4065450e-001
 6.4052463e-001
 6.4032573e-001
 6.4010215e-001
 6.3988447e-001
 6.3969088e-001
 6.3953894e-001
 6.3944596e-001
 6.3942879e-001
 6.3948464e-001
 6.3959205e-001
 6.3972884e-001
 6.3987261e-001
 6.4000130e-001
 6.4009875e-001
 6.4017296e-001
 6.4023799e-001
 6.4030766e-001
 6.4039594e-001
 6.4051682e-001
 6.4067835e-001
 6.4086652e-001
 6.4106214e-001
 6.4124572e-001
 6.4139801e-001
 6.4149970e-001
 6.4153129e-001
 6.4148182e-001
 6.4137077e-001
 6.4122528e-001
 6.4107239e-001
 6.4093918e-001
 6.4085281e-001
 6.4084023e-001
 6.4092863e-001
 6.4113647e-001
 6.4145058e-001
 6.4185029e-001
 6.4231479e-001
 6.4282334e-001
 6.4335519e-001
 6.4388955e-001
 6.4440590e-001
 6.4488578e-001
 6.4532131e-001
 6.4570612e-001
 6.4603424e-001
 6.4629972e-001
 6.4649642e-001
 6.4661849e-001
 6.4665967e-001
 6.4661765e-001
 6.4650327e-001
 6.4633036e-001
 6.4611274e-001
 6.4586443e-001
 6.4559919e-001
 6.4533091e-001
 6.4507341e-001
 6.4484072e-001
 6.4464664e-001
 6.4450490e-001
 6.4442956e-001
 6.4442962e-001
 6.4449608e-001
 6.4461631e-001
 6.4477736e-001
 6.4496642e-001
 6.4517063e-001
 6.4537716e-001
 6.4557332e-001
 6.4574611e-001
 6.4588273e-001
 6.4597040e-001
 6.4599627e-001
 6.4595211e-001
 6.4584571e-001
 6.4568895e-001
 6.4549345e-001
 6.4527065e-001
 6.4503235e-001
 6.4479005e-001
 6.4455551e-001
 6.4434034e-001
 6.4415616e-001
 6.4401448e-001
 6.4392221e-001
 6.4386970e-001
 6.4384305e-001
 6.4382905e-001
 6.4381403e-001
 6.4378434e-001
 6.4372647e-001
 6.4362705e-001
 6.4347237e-001
 6.4324898e-001
 6.4294869e-001
 6.4258206e-001
 6.4216369e-001
 6.4170825e-001
 6.4123034e-001
 6.4074469e-001
 6.4026570e-001
 6.3980830e-001
 6.3938683e-001
 6.3901609e-001
 6.3870645e-001
 6.3845414e-001
 6.3825214e-001
 6.3809365e-001
 6.3797176e-001
 6.3787961e-001
 6.3781029e-001
 6.3775694e-001
 6.3771248e-001
 6.3767034e-001
 6.3762432e-001
 6.3757187e-001
 6.3751101e-001
 6.3743985e-001
 6.3735628e-001
 6.3725841e-001
 6.3714433e-001
 6.3701189e-001
 6.3685924e-001
 6.3668293e-001
 6.3647431e-001
 6.3622391e-001
 6.3592213e-001
 6.3555932e-001
 6.3512599e-001
 6.3461268e-001
 6.3400960e-001
 6.3331568e-001
 6.3255703e-001
 6.3176590e-001
 6.3097399e-001
 6.3021350e-001
 6.2951630e-001
 6.2891436e-001
 6.2843966e-001
 6.2810791e-001
 6.2788165e-001
 6.2771273e-001
 6.2755287e-001
 6.2735379e-001
 6.2706739e-001
 6.2664551e-001
 6.2603992e-001
 6.2522817e-001
 6.2427163e-001
 6.2324828e-001
 6.2231660e-001
 6.2143070e-001
 6.2071961e-001
 6.2023634e-001
 6.1998647e-001
 6.1993599e-001
 6.2002409e-001
 6.2017727e-001
 6.2031943e-001
 6.2038338e-001
 6.2032771e-001
 6.2014782e-001
 6.1986589e-001
 6.1951494e-001
 6.1912990e-001
 6.1874348e-001
 6.1838305e-001
 6.1807042e-001
 6.1782318e-001
 6.1765599e-001
 6.1758000e-001
 6.1759788e-001
 6.1769825e-001
 6.1785311e-001
 6.1802208e-001
 6.1815965e-001
 6.1822402e-001
 6.1818814e-001
 6.1804903e-001
 6.1783141e-001
 6.1758149e-001
 6.1735588e-001
 6.1720872e-001
 6.1717921e-001
 6.1728162e-001
 6.1750209e-001
 6.1780423e-001
 6.1813974e-001
 6.1846036e-001
 6.1872929e-001
 6.1872882e-001
 6.1890274e-001
 6.1906880e-001
 6.1922663e-001
 6.1937690e-001
 6.1952025e-001
 6.1965728e-001
 6.1978841e-001
 6.1991435e-001
 6.2003779e-001
 6.2016445e-001
 6.2030417e-001
 6.2047076e-001
 6.2068003e-001
 6.2094682e-001
 6.2128156e-001
 6.2168723e-001
 6.2215841e-001
 6.2268120e-001
 6.2323517e-001
 6.2379724e-001
 6.2434435e-001
 6.2485683e-001
 6.2531990e-001
 6.2572438e-001
 6.2606657e-001
 6.2634790e-001
 6.2657344e-001
 6.2675035e-001
 6.2688601e-001
 6.2698704e-001
 6.2705880e-001
 6.2710643e-001
 6.2713540e-001
 6.2715250e-001
 6.2716568e-001
 6.2718362e-001
 6.2721431e-001
 6.2726384e-001
 6.2733489e-001
 6.2742639e-001
 6.2753385e-001
 6.2765038e-001
 6.2776870e-001
 6.2788260e-001
 6.2798899e-001
 6.2808847e-001
 6.2818539e-001
 6.2828732e-001
 6.2840289e-001
 6.2854034e-001
 6.2870526e-001
 6.2889874e-001
 6.2911713e-001
 6.2935150e-001
 6.2958938e-001
 6.2981611e-001
 6.3001752e-001
 6.3018179e-001
 6.3030106e-001
 6.3037258e-001
 6.3039809e-001
 6.3038319e-001
 6.3033545e-001
 6.3026291e-001
 6.3017231e-001
 6.3006824e-001
 6.2995267e-001
 6.2982517e-001
 6.2968403e-001
 6.2952739e-001
 6.2935442e-001
 6.2916660e-001
 6.2896830e-001
 6.2876666e-001
 6.2857109e-001
 6.2839198e-001
 6.2823939e-001
 6.2812120e-001
 6.2804204e-001
 6.2800235e-001
 6.2799782e-001
 6.2801999e-001
 6.2805694e-001
 6.2809485e-001
 6.2811911e-001
 6.2811637e-001
 6.2807572e-001
 6.2798983e-001
 6.2785560e-001
 6.2767446e-001
 6.2745166e-001
 6.2719578e-001
 6.2691724e-001
 6.2662709e-001
 6.2633550e-001
 6.2605047e-001
 6.2577736e-001
 6.2551862e-001
 6.2527418e-001
 6.2504238e-001
 6.2482113e-001
 6.2460899e-001
 6.2440586e-001
 6.2421316e-001
 6.2403303e-001
 6.2386775e-001
 6.2371832e-001
 6.2358379e-001
 6.2346089e-001
 6.2334442e-001
 6.2322825e-001
 6.2310660e-001
 6.2297517e-001
 6.2283146e-001
 6.2267476e-001
 6.2250525e-001
 6.2232232e-001
 6.2212372e-001
 6.2190443e-001
 6.2165684e-001
 6.2137139e-001
 6.2103772e-001
 6.2064654e-001
 6.2019026e-001
 6.1966383e-001
 6.1906439e-001
 6.1839032e-001
 6.1764067e-001
 6.1681372e-001
 6.1590725e-001
 6.1491835e-001
 6.1384404e-001
 6.1268282e-001
 6.1143464e-001
 6.1010242e-001
 6.0869181e-001
 6.0721040e-001
 6.0566813e-001
 6.0407633e-001
 6.0244650e-001
 6.0079175e-001
 5.9912485e-001
 5.9745967e-001
 5.9581053e-001
 5.9419090e-001
 5.9261405e-001
 5.9109080e-001
 5.8962935e-001
 5.8823442e-001
 5.8690619e-001
 5.8564132e-001
 5.8443284e-001
 5.8327204e-001
 5.8214951e-001
 5.8105618e-001
 5.7998598e-001
 5.7893538e-001
 5.7790536e-001
 5.7690060e-001
 5.7592911e-001
 5.7500154e-001
 5.7412916e-001
 5.7332283e-001
 5.7259083e-001
 5.7193744e-001
 5.7136232e-001
 5.7085997e-001
 5.7042032e-001
 5.7003021e-001
 5.6967485e-001
 5.6934041e-001
 5.6901580e-001
 5.6869376e-001
 5.6837177e-001
 5.6805146e-001
 5.6773734e-001
 5.6743503e-001
 5.6714970e-001
 5.6688476e-001
 5.6664079e-001
 5.6641638e-001
 5.6620800e-001
 5.6601137e-001
 5.6582212e-001
 5.6563610e-001
 5.6544983e-001
 5.6526011e-001
 5.6506389e-001
 5.6485838e-001
 5.6464154e-001
 5.6441259e-001
 5.6417334e-001
 5.6392789e-001
 5.6368369e-001
 5.6345010e-001
 5.6323761e-001
 5.6305593e-001
 5.6291270e-001
 5.6281203e-001
 5.6275445e-001
 5.6273711e-001
 5.6275499e-001
 5.6280220e-001
 5.6287348e-001
 5.6296504e-001
 5.6307513e-001
 5.6320363e-001
 5.6335169e-001
 5.6352067e-001
 5.6371158e-001
 5.6392449e-001
 5.6415838e-001
 5.6441122e-001
 5.6468064e-001
 5.6496382e-001
 5.6525826e-001
 5.6556195e-001
 5.6587309e-001
 5.6619024e-001
 5.6651193e-001
 5.6683612e-001
 5.6716025e-001
 5.6748098e-001
 5.6779420e-001
 5.6809562e-001
 5.6838101e-001
 5.6864685e-001
 5.6889093e-001
 5.6911284e-001
 5.6931394e-001
 5.6949753e-001
 5.6966841e-001
 5.6983203e-001
 5.6999391e-001
 5.7015854e-001
 5.7032871e-001
 5.7050508e-001
 5.7068604e-001
 5.7086802e-001
 5.7104623e-001
 5.7121569e-001
 5.7137269e-001
 5.7151502e-001
 5.7164353e-001
 5.7176149e-001
 5.7187462e-001
 5.7199013e-001
 5.7211548e-001
 5.7225710e-001
 5.7241935e-001
 5.7260323e-001
 5.7280648e-001
 5.7302344e-001
 5.7324564e-001
 5.7346302e-001
 5.7366496e-001
 5.7384205e-001
 5.7398701e-001
 5.7409573e-001
 5.7416767e-001
 5.7420588e-001
 5.7421631e-001
 5.7420683e-001
 5.7418579e-001
 5.7416075e-001
 5.7413715e-001
 5.7411748e-001
 5.7410097e-001
 5.7408363e-001
 5.7405937e-001
 5.7402086e-001
 5.7396090e-001
 5.7387388e-001
 5.7375628e-001
 5.7360715e-001
 5.7342803e-001
 5.7322240e-001
 5.7299453e-001
 5.7274902e-001
 5.7248968e-001
 5.7221925e-001
 5.7193899e-001
 5.7164890e-001
 5.7134748e-001
 5.7103229e-001
 5.7069993e-001
 5.7034671e-001
 5.6996894e-001
 5.6956363e-001
 5.6912893e-001
 5.6866491e-001
 5.6817365e-001
 5.6765908e-001
 5.6712639e-001
 5.6658089e-001
 5.6602663e-001
 5.6546551e-001
 5.6489593e-001
 5.6431317e-001
 5.6370991e-001
 5.6307781e-001
 5.6240910e-001
 5.6169808e-001
 5.6094247e-001
 5.6014323e-001
 5.5930436e-001
 5.5843121e-001
 5.5752861e-001
 5.5660009e-001
 5.5564570e-001
 5.5466264e-001
 5.5364531e-001
 5.5258602e-001
 5.5147690e-001
 5.5031115e-001
 5.4908359e-001
 5.4779226e-001
 5.4643762e-001
 5.4502296e-001
 5.4355383e-001
 5.4203612e-001
 5.4047704e-001
 5.3888267e-001
 5.3725910e-001
 5.3561163e-001
 5.3394443e-001
 5.3226191e-001
 5.3056741e-001
 5.2886480e-001
 5.2715743e-001
 5.2544755e-001
 5.2373713e-001
 5.2202624e-001
 5.2031416e-001
 5.1859903e-001
 5.1687783e-001
 5.1514846e-001
 5.1340973e-001
 5.1166201e-001
 5.0990891e-001
 5.0815612e-001
 5.0641239e-001
 5.0468796e-001
 5.0299305e-001
 5.0133723e-001
 4.9972710e-001
 4.9816602e-001
 4.9665329e-001
 4.9518383e-001
 4.9375039e-001
 4.9234340e-001
 4.9095383e-001
 4.8957372e-001
 4.8819634e-001
 4.8681730e-001
 4.8543212e-001
 4.8403627e-001
 4.8262319e-001
 4.8118281e-001
 4.7970229e-001
 4.7816509e-001
 4.7655296e-001
 4.7484705e-001
 4.7302851e-001
 4.7108102e-001
 4.6899101e-001
 4.6674731e-001
 4.6434292e-001
 4.6177250e-001
 4.5903385e-001
 4.5612624e-001
 4.5304811e-001
 4.4979820e-001
 4.4637078e-001
 4.4275668e-001
 4.3894118e-001
 4.3490210e-001
 4.3061441e-001
 4.2604902e-001
 4.2118022e-001
 4.1598916e-001
 4.1046610e-001
 4.0461776e-001
 3.9846292e-001
 3.9203528e-001
 3.8537747e-001
 3.7853333e-001
 3.7154707e-001
 3.6445674e-001
 3.5728949e-001
 3.5006779e-001
 3.4280500e-001
 3.3551508e-001
 3.2821396e-001
 3.2092005e-001
 3.1366193e-001
 3.0647147e-001
 2.9938814e-001
 2.9245362e-001
 2.8570631e-001
 2.7918395e-001
 2.7291498e-001
 2.6692265e-001
 2.6122206e-001
 2.5581867e-001
 2.5071412e-001
 2.4590224e-001
 2.4137497e-001
 2.3712139e-001
 2.3312727e-001
 2.2937909e-001
 2.2586043e-001
 2.2255531e-001
 2.1944690e-001
 2.1651675e-001
 2.1374765e-001
 2.1112308e-001
 2.0862734e-001
 2.0624854e-001
 2.0397702e-001
 2.0180781e-001
 1.9973969e-001
 1.9777408e-001
 1.9591573e-001
 1.9416960e-001
 1.9254100e-001
 1.9103363e-001
 1.8964815e-001
 1.8838295e-001
 1.8723300e-001
 1.8619156e-001
 1.8525051e-001
 1.8440098e-001
 1.8363479e-001
 1.8294391e-001
 1.8232109e-001
 1.8175921e-001
 1.8125089e-001
 1.8078856e-001
 1.8036459e-001
 1.7997153e-001
 1.7960331e-001
 1.7925566e-001
 1.7892715e-001
 1.7861913e-001
 1.7833555e-001
 1.7808223e-001
 1.7786556e-001
 1.7769130e-001
 1.7756318e-001
 1.7748201e-001
 1.7744541e-001
 1.7744802e-001
 1.7748253e-001
 1.7754109e-001
 1.7761706e-001
 1.7770658e-001
 1.7780992e-001
 1.7793187e-001
 1.7808169e-001
 1.7827202e-001
 1.7851743e-001
 1.7883250e-001
 1.7923023e-001
 1.7972030e-001
 1.8030852e-001
 1.8099606e-001
 1.8177977e-001
 1.8265307e-001
 1.8360618e-001
 1.8462783e-001
 1.8570566e-001
 1.8682736e-001
 1.8798205e-001
 1.8916011e-001
 1.9035476e-001
 1.9156164e-001
 1.9277914e-001
 1.9400877e-001
 1.9525357e-001
 1.9651841e-001
 1.9780804e-001
 1.9912630e-001
 2.0047562e-001
 2.0185512e-001
 2.0326160e-001
 2.0468855e-001
 2.0612741e-001
 2.0756930e-001
 2.0900565e-001
 2.1043015e-001
 2.1184060e-001
 2.1323842e-001
 2.1462974e-001
 2.1602336e-001
 2.1742947e-001
 2.1885818e-001
 2.2031638e-001
 2.2180752e-001
 2.2332986e-001
 2.2487713e-001
 2.2644036e-001
 2.2800834e-001
 2.2957133e-001
 2.3112164e-001
 2.3265584e-001
 2.3417602e-001
 2.3568852e-001
 2.3720424e-001
 2.3873584e-001
 2.4029616e-001
 2.4189673e-001
 2.4354501e-001
 2.4524383e-001
 2.4699160e-001
 2.4878114e-001
 2.5060228e-001
 2.5244179e-001
 2.5428569e-001
 2.5612161e-001
 2.5793809e-001
 2.5972685e-001
 2.6148129e-001
 2.6319638e-001
 2.6486951e-001
 2.6649886e-001
 2.6808488e-001
 2.6962912e-001
 2.7113467e-001
 2.7260685e-001
 2.7405185e-001
 2.7547807e-001
 2.7689466e-001
 2.7831122e-001
 2.7973714e-001
 2.8117910e-001
 2.8264141e-001
 2.8412402e-001
 2.8562275e-001
 2.8713039e-001
 2.8863615e-001
 2.9012778e-001
 2.9159358e-001
 2.9302329e-001
 2.9441109e-001
 2.9575574e-001
 2.9706135e-001
 2.9833740e-001
 2.9959622e-001
 3.0085209e-001
 3.0211797e-001
 3.0340382e-001
 3.0471554e-001
 3.0605328e-001
 3.0741316e-001
 3.0878708e-001
 3.1016436e-001
 3.1153348e-001
 3.1288204e-001
 3.1419909e-001
 3.1547523e-001
 3.1670403e-001
 3.1788334e-001
 3.1901464e-001
 3.2010347e-001
 3.2115892e-001
 3.2219148e-001
 3.2321244e-001
 3.2423100e-001
 3.2525316e-001
 3.2628104e-001
 3.2731199e-001
 3.2834065e-001
 3.2935995e-001
 3.3036333e-001
 3.3134681e-001
 3.3230948e-001
 3.3325472e-001
 3.3418933e-001
 3.3512267e-001
 3.3606562e-001
 3.3702755e-001
 3.3801532e-001
 3.3903089e-001
 3.4007072e-001
 3.4112641e-001
 3.4218514e-001
 3.4323204e-001
 3.4425309e-001
 3.4523636e-001
 3.4617519e-001
 3.4706819e-001
 3.4791976e-001
 3.4873950e-001
 3.4953961e-001
 3.5033351e-001
 3.5113293e-001
 3.5194609e-001
 3.5277680e-001
 3.5362345e-001
 3.5448030e-001
 3.5533804e-001
 3.5618591e-001
 3.5701376e-001
 3.5781303e-001
 3.5857865e-001
 3.5930911e-001
 3.6000633e-001
 3.6067566e-001
 3.6132401e-001
 3.6195964e-001
 3.6259028e-001
 3.6322275e-001
 3.6386240e-001
 3.6451244e-001
 3.6517420e-001
 3.6584738e-001
 3.6652991e-001
 3.6721888e-001
 3.6791027e-001
 3.6859956e-001
 3.6928236e-001
 3.6995399e-001
 3.7061048e-001
 3.7124819e-001
 3.7186420e-001
 3.7245676e-001
 3.7302470e-001
 3.7356809e-001
 3.7408766e-001
 3.7458491e-001
 3.7506220e-001
 3.7552208e-001
 3.7596765e-001
 3.7640187e-001
 3.7682745e-001
 3.7724677e-001
 3.7766117e-001
 3.7807107e-001
 3.7847573e-001
 3.7887305e-001
 3.7925994e-001
 3.7963232e-001
 3.7998551e-001
 3.8031498e-001
 3.8061628e-001
 3.8088599e-001
 3.8112170e-001
 3.8132256e-001
 3.8148943e-001
 3.8162503e-001
 3.8173404e-001
 3.8182288e-001
 3.8189965e-001
 3.8197342e-001
 3.8205341e-001
 3.8214821e-001
 3.8226464e-001
 3.8240695e-001
 3.8257602e-001
 3.8276896e-001
 3.8297907e-001
 3.8319552e-001
 3.8340402e-001
 3.8358748e-001
 3.8372722e-001
 3.8380462e-001
 3.8380256e-001
 3.8370723e-001
 3.8350901e-001
 3.8320366e-001
 3.8279247e-001
 3.8228258e-001
 3.8168713e-001
 3.8102469e-001
 3.8031936e-001
 3.7959945e-001
 3.7889555e-001
 3.7823889e-001
 3.7765843e-001
 3.7717879e-001
 3.7681758e-001
 3.7658340e-001
 3.7647548e-001
 3.7648323e-001
 3.7658706e-001
 3.7675983e-001
 3.7696978e-001
 3.7718320e-001
 3.7736771e-001
 3.7749499e-001
 3.7754273e-001
 3.7749591e-001
 3.7734669e-001
 3.7709388e-001
 3.7674144e-001
 3.7629709e-001
 3.7577042e-001
 3.7517184e-001
 3.7451154e-001
 3.7379846e-001
 3.7304071e-001
 3.7224492e-001
 3.7141725e-001
 3.7056339e-001
 3.6968869e-001
 3.6879933e-001
 3.6790162e-001
 3.6700276e-001
 3.6611050e-001
 3.6523226e-001
 3.6437556e-001
 3.6354679e-001
 3.6275059e-001
 3.6198992e-001
 3.6126494e-001
 3.6057377e-001
 3.5991216e-001
 3.5927415e-001
 3.5865307e-001
 3.5804188e-001
 3.5743466e-001
 3.5682690e-001
 3.5621604e-001
 3.5560206e-001
 3.5498700e-001
 3.5437506e-001
 3.5377204e-001
 3.5318443e-001
 3.5261941e-001
 3.5208383e-001
 3.5158402e-001
 3.5112554e-001
 3.5071242e-001
 3.5034749e-001
 3.5003164e-001
 3.4976384e-001
 3.4954059e-001
 3.4935588e-001
 3.4920099e-001
 3.4906486e-001
 3.4893408e-001
 3.4879416e-001
 3.4862995e-001
 3.4842706e-001
 3.4817290e-001
 3.4785730e-001
 3.4747365e-001
 3.4701860e-001
 3.4649250e-001
 3.4589851e-001
 3.4524193e-001
 3.4452963e-001
 3.4376857e-001
 3.4296581e-001
 3.4212759e-001
 3.4125879e-001
 3.4036362e-001
 3.3944497e-001
 3.3850557e-001
 3.3754805e-001
 3.3657512e-001
 3.3559066e-001
 3.3459964e-001
 3.3360794e-001
 3.3262327e-001
 3.3165392e-001
 3.3070952e-001
 3.2980034e-001
 3.2893682e-001
 3.2812980e-001
 3.2738966e-001
 3.2672653e-001
 3.2614952e-001
 3.2566568e-001
 3.2527977e-001
 3.2499248e-001
 3.2479995e-001
 3.2469264e-001
 3.2465464e-001
 3.2466480e-001
 3.2469830e-001
 3.2472891e-001
 3.2473120e-001
 3.2468319e-001
 3.2456806e-001
 3.2437587e-001
 3.2410383e-001
 3.2375696e-001
 3.2334864e-001
 3.2290053e-001
 3.2244101e-001
 3.2200277e-001
 3.2161969e-001
 3.2132265e-001
 3.2113567e-001
 3.2107207e-001
 3.2113305e-001
 3.2130745e-001
 3.2150987e-001
 3.2187968e-001
 3.2227811e-001
 3.2267001e-001
 3.2302490e-001
 3.2332054e-001
 3.2354519e-001
 3.2369676e-001
 3.2378015e-001
 3.2380390e-001
 3.2377815e-001
 3.2371330e-001
 3.2361940e-001
 3.2350558e-001
 3.2337978e-001
 3.2324818e-001
 3.2311535e-001
 3.2298434e-001
 3.2285714e-001
 3.2273513e-001
 3.2261932e-001
 3.2251039e-001
 3.2240903e-001
 3.2231548e-001
 3.2222956e-001
 3.2215041e-001
 3.2207635e-001
 3.2200509e-001
 3.2193381e-001
 3.2185933e-001
 3.2177839e-001
 3.2168746e-001
 3.2158267e-001
 3.2145953e-001
 3.2131240e-001
 3.2113415e-001
 3.2091591e-001
 3.2064739e-001
 3.2031724e-001
 3.1991321e-001
 3.1942308e-001
 3.1883430e-001
 3.1813473e-001
 3.1731278e-001
 3.1635752e-001
 3.1525972e-001
 3.1401095e-001
 3.1260443e-001
 3.1103444e-001
 3.0929521e-001
 3.0738208e-001
 3.0528975e-001
 3.0301416e-001
 3.0055207e-001
 2.9790077e-001
 2.9506066e-001
 2.9203293e-001
 2.8882158e-001
 2.8543216e-001
 2.8186971e-001
 2.7814138e-001
 2.7425247e-001
 2.7020913e-001
 2.6601654e-001
 2.6167649e-001
 2.5718984e-001
 2.5255480e-001
 2.4776550e-001
 2.4281637e-001
 2.3769863e-001
 2.3240484e-001
 2.2692803e-001
 2.2126049e-001
 2.1540010e-001
 2.0934676e-001
 2.0310888e-001
 1.9670208e-001
 1.9014610e-001
 1.8346861e-001
 1.7669693e-001
 1.6986221e-001
 1.6299623e-001
 1.5612867e-001
 1.4929283e-001
 1.4251916e-001
 1.3584125e-001
 1.2929340e-001
 1.2290820e-001
 1.1672105e-001
 1.1076740e-001
 1.0508040e-001
 9.9694960e-002
 9.4640605e-002
 8.9943215e-002
 8.5619189e-002
 8.1670828e-002
 7.8088492e-002
 7.4848101e-002
 7.1917616e-002
 6.9259360e-002
 6.6832244e-002
 6.4596191e-002
 6.2511817e-002
 6.0544934e-002
 5.8668729e-002
 5.6865789e-002
 5.5130716e-002
 5.3467348e-002
 5.1887572e-002
 5.0407648e-002
 4.9045239e-002
 4.7818813e-002
 4.6744604e-002
 4.5835502e-002
 4.5097888e-002
 4.4529144e-002
 4.4117276e-002
 4.3841477e-002
 4.3674432e-002
 4.3585144e-002
 4.3540955e-002
 4.3509450e-002
 4.3460373e-002
 4.3368295e-002
 4.3215990e-002
 4.2997248e-002
 4.2718157e-002
 4.2395920e-002
 4.2055756e-002
 4.1727882e-002
 4.1444428e-002
 4.1237585e-002
 4.1137237e-002
 4.1168060e-002
 4.1346032e-002
 4.1675340e-002
 4.2147022e-002
 4.2740192e-002
 4.3425482e-002
 4.4168118e-002
 4.4931039e-002
 4.5677323e-002
 4.6371639e-002
 4.6983529e-002
 4.7489971e-002
 4.7878437e-002
 4.8148084e-002
 4.8308343e-002
 4.8376448e-002
 4.8374176e-002
 4.8325468e-002
 4.8254747e-002
 4.8185717e-002
 4.8140015e-002
 4.8135806e-002
 4.8186474e-002
 4.8300151e-002
 4.8480164e-002
 4.8726391e-002
 4.9036536e-002
 4.9407214e-002
 4.9834728e-002
 5.0315022e-002
 5.0843786e-002
 5.1416572e-002
 5.2028242e-002
 5.2673467e-002
 5.3346254e-002
 5.4040302e-002
 5.4749358e-002
 5.5466823e-002
 5.6186557e-002
 5.6902573e-002
 5.7609737e-002
 5.8304615e-002
 5.8985375e-002
 5.9652664e-002
 6.0308818e-002
 6.0957607e-002
 6.1603893e-002
 6.2252603e-002
 6.2909007e-002
 6.3577861e-002
 6.4263225e-002
 6.4968273e-002
 6.5694273e-002
 6.6441126e-002
 6.7206889e-002
 6.7988478e-002
 6.8782404e-002
 6.9584548e-002
 7.0390694e-002
 7.1196921e-002
 7.1999088e-002
 7.2793633e-002
 7.3577039e-002
 7.4346155e-002
 7.5098410e-002
 7.5831108e-002
 7.6542079e-002
 7.7228919e-002
 7.7889867e-002
 7.8523092e-002
 7.9128191e-002
 7.9706319e-002
 8.0260418e-002
 8.0796212e-002
 8.1321463e-002
 8.1845649e-002
 8.2378797e-002
 8.2931675e-002
 8.3514944e-002
 8.4138073e-002
 8.4809281e-002
 8.5534096e-002
 8.6313732e-002
 8.7145768e-002
 8.8023856e-002
 8.8939108e-002
 8.9880340e-002
 9.0836272e-002
 9.1795631e-002
 9.2747077e-002
 9.3681432e-002
 9.4592012e-002
 9.5474854e-002
 9.6330404e-002
 9.7162485e-002
 9.7976804e-002
 9.8781146e-002
 9.9583715e-002
 1.0039289e-001
 1.0121566e-001
 1.0205788e-001
 1.0292251e-001
 1.0380791e-001
 1.0470868e-001
 1.0561547e-001
 1.0651536e-001
 1.0739437e-001
 1.0823765e-001
 1.0903075e-001
 1.0975999e-001
 1.1041521e-001
 1.1099105e-001
 1.1148845e-001
 1.1191607e-001
 1.1228921e-001
 1.1262777e-001
 1.1295485e-001
 1.1329473e-001
 1.1367135e-001
 1.1410739e-001
 1.1462199e-001
 1.1522868e-001
 1.1593271e-001
 1.1673104e-001
 1.1761288e-001
 1.1856104e-001
 1.1955547e-001
 1.2057466e-001
 1.2159617e-001
 1.2259936e-001
 1.2356590e-001
 1.2448196e-001
 1.2533899e-001
 1.2613556e-001
 1.2687607e-001
 1.2756877e-001
 1.2822495e-001
 1.2885712e-001
 1.2947752e-001
 1.3009827e-001
 1.3072988e-001
 1.3138051e-001
 1.3205446e-001
 1.3275270e-001
 1.3347282e-001
 1.3420939e-001
 1.3495602e-001
 1.3570565e-001
 1.3645066e-001
 1.3718461e-001
 1.3790239e-001
 1.3860078e-001
 1.3928020e-001
 1.3994448e-001
 1.4060079e-001
 1.4125814e-001
 1.4192742e-001
 1.4262007e-001
 1.4334683e-001
 1.4411779e-001
 1.4494070e-001
 1.4581868e-001
 1.4674991e-001
 1.4772631e-001
 1.4873455e-001
 1.4975655e-001
 1.5077253e-001
 1.5176174e-001
 1.5270279e-001
 1.5357637e-001
 1.5436603e-001
 1.5505974e-001
 1.5565282e-001
 1.5614796e-001
 1.5655425e-001
 1.5688616e-001
 1.5716100e-001
 1.5739748e-001
 1.5761456e-001
 1.5783088e-001
 1.5806395e-001
 1.5832901e-001
 1.5863866e-001
 1.5900244e-001
 1.5942681e-001
 1.5991639e-001
 1.6047445e-001
 1.6110368e-001
 1.6180566e-001
 1.6258134e-001
 1.6342968e-001
 1.6434564e-001
 1.6532020e-001
 1.6633938e-001
 1.6738383e-001
 1.6843159e-001
 1.6945873e-001
 1.7043981e-001
 1.7135049e-001
 1.7216778e-001
 1.7287242e-001
 1.7345071e-001
 1.7389756e-001
 1.7421681e-001
 1.7442022e-001
 1.7452580e-001
 1.7455502e-001
 1.7453101e-001
 1.7447720e-001
 1.7441618e-001
 1.7436840e-001
 1.7435077e-001
 1.7437528e-001
 1.7444855e-001
 1.7457224e-001
 1.7474450e-001
 1.7496130e-001
 1.7521742e-001
 1.7550737e-001
 1.7582557e-001
 1.7616619e-001
 1.7652375e-001
 1.7689273e-001
 1.7726785e-001
 1.7764364e-001
 1.7801498e-001
 1.7837679e-001
 1.7872386e-001
 1.7905147e-001
 1.7935546e-001
 1.7963260e-001
 1.7988193e-001
 1.8010496e-001
 1.8030623e-001
 1.8049280e-001
 1.8067381e-001
 1.8085954e-001
 1.8106064e-001
 1.8128781e-001
 1.8155113e-001
 1.8185903e-001
 1.8221767e-001
 1.8262990e-001
 1.8309458e-001
 1.8360750e-001
 1.8416195e-001
 1.8474980e-001
 1.8536185e-001
 1.8598905e-001
 1.8662235e-001
 1.8725246e-001
 1.8787085e-001
 1.8846947e-001
 1.8904036e-001
 1.8957649e-001
 1.9007097e-001
 1.9051729e-001
 1.9090888e-001
 1.9123985e-001
 1.9150525e-001
 1.9170183e-001
 1.9182973e-001
 1.9189326e-001
 1.9190150e-001
 1.9186784e-001
 1.9180879e-001
 1.9174273e-001
 1.9168882e-001
 1.9166598e-001
 1.9169192e-001
 1.9178151e-001
 1.9194491e-001
 1.9218603e-001
 1.9250147e-001
 1.9288166e-001
 1.9331235e-001
 1.9377622e-001
 1.9425495e-001
 1.9472988e-001
 1.9518314e-001
 1.9559819e-001
 1.9596159e-001
 1.9626372e-001
 1.9649899e-001
 1.9666585e-001
 1.9676551e-001
 1.9680084e-001
 1.9677562e-001
 1.9669388e-001
 1.9655982e-001
 1.9637771e-001
 1.9615184e-001
 1.9588642e-001
 1.9558597e-001
 1.9525482e-001
 1.9489731e-001
 1.9451804e-001
 1.9412136e-001
 1.9371150e-001
 1.9329277e-001
 1.9286872e-001
 1.9244228e-001
 1.9201523e-001
 1.9158854e-001
 1.9116184e-001
 1.9073403e-001
 1.9030383e-001
 1.8986943e-001
 1.8942887e-001
 1.8898024e-001
 1.8852097e-001
 1.8804796e-001
 1.8755716e-001
 1.8704392e-001
 1.8650240e-001
 1.8592609e-001
 1.8530862e-001
 1.8464300e-001
 1.8392242e-001
 1.8314111e-001
 1.8229395e-001
 1.8137769e-001
 1.8039232e-001
 1.7934011e-001
 1.7822614e-001
 1.7705713e-001
 1.7584184e-001
 1.7458881e-001
 1.7330717e-001
 1.7200771e-001
 1.7070186e-001
 1.6940355e-001
 1.6813108e-001
 1.6690557e-001
 1.6575184e-001
 1.6469696e-001
 1.6377017e-001
 1.6300026e-001
 1.6241515e-001
 1.6204008e-001
 1.6189334e-001
 1.6198258e-001
 1.6230065e-001
 1.6282417e-001
 1.6351521e-001
 1.6432457e-001
 1.6519704e-001
 1.6607466e-001
 1.6689986e-001
 1.6761792e-001
 1.6818243e-001
 1.6855989e-001
 1.6873413e-001
 1.6870889e-001
 1.6850531e-001
 1.6815774e-001
 1.6770808e-001
 1.6720167e-001
 1.6668379e-001
 1.6619711e-001
 1.6577671e-001
 1.6544576e-001
 1.6521126e-001
 1.6506185e-001
 1.6496989e-001
 1.6489574e-001
 1.6479261e-001
 1.6461053e-001
 1.6429976e-001
 1.6381359e-001
 1.6311273e-001
 1.6217002e-001
 1.6097581e-001
 1.5953842e-001
 1.5788278e-001
 1.5604742e-001
 1.5407713e-001
 1.5201999e-001
 1.4992632e-001
 1.4784366e-001
 1.4581650e-001
 1.4388287e-001
 1.4207387e-001
 1.4041014e-001
 1.3890421e-001
 1.3756359e-001
 1.3639094e-001
 1.3538720e-001
 1.3455269e-001
 1.3388553e-001
 1.3338138e-001
 1.3303146e-001
 1.3282126e-001
 1.3272953e-001
 1.3272914e-001
 1.3278864e-001
 1.3287397e-001
 1.3295011e-001
 1.3298242e-001
 1.3293840e-001
 1.3279015e-001
 1.3251771e-001
 1.3211161e-001
 1.3157414e-001
 1.3091800e-001
 1.3016415e-001
 1.2933770e-001
 1.2846580e-001
 1.2757653e-001
 1.2669624e-001
 1.2584846e-001
 1.2505251e-001
 1.2432067e-001
 1.2365822e-001
 1.2306382e-001
 1.2253169e-001
 1.2205271e-001
 1.2161638e-001
 1.2121219e-001
 1.2082975e-001
 1.2045993e-001
 1.2009604e-001
 1.1973416e-001
 1.1937369e-001
 1.1901721e-001
 1.1866912e-001
 1.1833503e-001
 1.1802096e-001
 1.1773289e-001
 1.1747569e-001
 1.1725243e-001
 1.1706346e-001
 1.1690512e-001
 1.1676954e-001
 1.1664495e-001
 1.1651640e-001
 1.1636712e-001
 1.1617946e-001
 1.1593582e-001
 1.1561881e-001
 1.1521155e-001
 1.1469816e-001
 1.1408981e-001
 1.1349898e-001
 1.1261249e-001
 1.1164534e-001
 1.1062158e-001
 1.0956547e-001
 1.0850100e-001
 1.0745293e-001
 1.0644528e-001
 1.0550226e-001
 1.0464817e-001
 1.0390455e-001
 1.0327014e-001
 1.0273039e-001
 1.0227077e-001
 1.0187670e-001
 1.0153384e-001
 1.0122757e-001
 1.0094341e-001
 1.0066676e-001
 1.0038326e-001
 1.0007831e-001
 9.9737436e-002
 9.9345990e-002
 9.8889671e-002
 9.8355338e-002
 9.7743347e-002
 9.7061232e-002
 9.6316434e-002
 9.5516905e-002
 9.4670087e-002
 9.3783587e-002
 9.2864789e-002
 9.1921754e-002
 9.0961851e-002
 8.9992702e-002
 8.9021690e-002
 8.8056877e-002
 8.7105639e-002
 8.6175591e-002
 8.5274339e-002
 8.4409289e-002
 8.3588473e-002
 8.2818530e-002
 8.2099840e-002
 8.1429109e-002
 8.0803610e-002
 8.0220006e-002
 7.9675227e-002
 7.9166017e-002
 7.8689523e-002
 7.8242503e-002
 7.7821836e-002
 7.7424407e-002
 7.7047035e-002
 7.6686777e-002
 7.6340422e-002
 7.6004870e-002
 7.5676911e-002
 7.5353615e-002
 7.5031772e-002
 7.4708268e-002
 7.4379928e-002
 7.4043773e-002
 7.3696636e-002
 7.3335662e-002
 7.2960302e-002
 7.2571486e-002
 7.2169878e-002
 7.1756221e-002
 7.1331285e-002
 7.0895709e-002
 7.0450462e-002
 6.9996201e-002
 6.9533654e-002
 6.9063492e-002
 6.8586685e-002
 6.8103872e-002
 6.7615800e-002
 6.7123123e-002
 6.6626824e-002
 6.6127531e-002
 6.5626018e-002
 6.5123014e-002
 6.4619176e-002
 6.4115480e-002
 6.3612573e-002
 6.3111208e-002
 6.2612019e-002
 6.2116001e-002
 6.1623786e-002
 6.1136078e-002
 6.0653057e-002
 6.0175043e-002
 5.9702009e-002
 5.9234049e-002
 5.8771249e-002
 5.8313582e-002
 5.7861365e-002
 5.7414580e-002
 5.6973301e-002
 5.6537531e-002
 5.6107555e-002
 5.5683367e-002
 5.5265039e-002
 5.4852583e-002
 5.4446273e-002
 5.4046106e-002
 5.3652156e-002
 5.3264439e-002
 5.2883219e-002
 5.2508488e-002
 5.2140348e-002
 5.1778872e-002
 5.1424082e-002
 5.1076222e-002
 5.0735306e-002
 5.0401419e-002
 5.0074566e-002
 4.9755003e-002
 4.9442735e-002
 4.9137853e-002
 4.8840407e-002
 4.8550643e-002
 4.8268620e-002
