s07_ASD Record=6950: Magnetite HS78.3B             BECKb AREF
 4.7393776e-002
 4.7500815e-002
 4.7610972e-002
 4.7714140e-002
 4.7799446e-002
 4.7858540e-002
 4.7888361e-002
 4.7891878e-002
 4.7876604e-002
 4.7851473e-002
 4.7823455e-002
 4.7795847e-002
 4.7768112e-002
 4.7736641e-002
 4.7696378e-002
 4.7643527e-002
 4.7577750e-002
 4.7502119e-002
 4.7421947e-002
 4.7343638e-002
 4.7274154e-002
 4.7220659e-002
 4.7189549e-002
 4.7184855e-002
 4.7206562e-002
 4.7249071e-002
 4.7300614e-002
 4.7346201e-002
 4.7373526e-002
 4.7377143e-002
 4.7359493e-002
 4.7329012e-002
 4.7296997e-002
 4.7276087e-002
 4.7278382e-002
 4.7309835e-002
 4.7367148e-002
 4.7438417e-002
 4.7505554e-002
 4.7548965e-002
 4.7553178e-002
 4.7511399e-002
 4.7427803e-002
 4.7316503e-002
 4.7197275e-002
 4.7089409e-002
 4.7006212e-002
 4.6952244e-002
 4.6923954e-002
 4.6912719e-002
 4.6908524e-002
 4.6903141e-002
 4.6892401e-002
 4.6877366e-002
 4.6863794e-002
 4.6859872e-002
 4.6872437e-002
 4.6902768e-002
 4.6946980e-002
 4.6996873e-002
 4.7036950e-002
 4.7058951e-002
 4.7061715e-002
 4.7044050e-002
 4.7011454e-002
 4.6981670e-002
 4.6967831e-002
 4.6970084e-002
 4.6977971e-002
 4.6975236e-002
 4.6949916e-002
 4.6902653e-002
 4.6844658e-002
 4.6788350e-002
 4.6739187e-002
 4.6693932e-002
 4.6644781e-002
 4.6584442e-002
 4.6508074e-002
 4.6413165e-002
 4.6301343e-002
 4.6183337e-002
 4.6082340e-002
 4.6029352e-002
 4.6049275e-002
 4.6145517e-002
 4.6294391e-002
 4.6454716e-002
 4.6586715e-002
 4.6667852e-002
 4.6696343e-002
 4.6683330e-002
 4.6642318e-002
 4.6583876e-002
 4.6516839e-002
 4.6451002e-002
 4.6396196e-002
 4.6357106e-002
 4.6329215e-002
 4.6302192e-002
 4.6269469e-002
 4.6235684e-002
 4.6213999e-002
 4.6214290e-002
 4.6230115e-002
 4.6236437e-002
 4.6204921e-002
 4.6123490e-002
 4.6003468e-002
 4.5871697e-002
 4.5757536e-002
 4.5683812e-002
 4.5660917e-002
 4.5681953e-002
 4.5723714e-002
 4.5758490e-002
 4.5771088e-002
 4.5766760e-002
 4.5761496e-002
 4.5762233e-002
 4.5754883e-002
 4.5712434e-002
 4.5617890e-002
 4.5483023e-002
 4.5346338e-002
 4.5251403e-002
 4.5223370e-002
 4.5261405e-002
 4.5347668e-002
 4.5458719e-002
 4.5569304e-002
 4.5653690e-002
 4.5693241e-002
 4.5686282e-002
 4.5648426e-002
 4.5602035e-002
 4.5564633e-002
 4.5542207e-002
 4.5527097e-002
 4.5503769e-002
 4.5465715e-002
 4.5430750e-002
 4.5433357e-002
 4.5494147e-002
 4.5595895e-002
 4.5692995e-002
 4.5745302e-002
 4.5742255e-002
 4.5699328e-002
 4.5643013e-002
 4.5603722e-002
 4.5608986e-002
 4.5664027e-002
 4.5738090e-002
 4.5785401e-002
 4.5787487e-002
 4.5769062e-002
 4.5769893e-002
 4.5806196e-002
 4.5858677e-002
 4.5890134e-002
 4.5873418e-002
 4.5810666e-002
 4.5729972e-002
 4.5661259e-002
 4.5616262e-002
 4.5595713e-002
 4.5609813e-002
 4.5676142e-002
 4.5789942e-002
 4.5905899e-002
 4.5964759e-002
 4.5944281e-002
 4.5877751e-002
 4.5815438e-002
 4.5773059e-002
 4.5727033e-002
 4.5655400e-002
 4.5570970e-002
 4.5515023e-002
 4.5525398e-002
 4.5602512e-002
 4.5694251e-002
 4.5727145e-002
 4.5678753e-002
 4.5618247e-002
 4.5649301e-002
 4.5804348e-002
 4.6009324e-002
 4.6154149e-002
 4.6183847e-002
 4.6120882e-002
 4.6018034e-002
 4.5905501e-002
 4.5782387e-002
 4.5645479e-002
 4.5513008e-002
 4.5418128e-002
 4.5385715e-002
 4.5421269e-002
 4.5519192e-002
 4.5669071e-002
 4.5847312e-002
 4.6017598e-002
 4.6157297e-002
 4.6272390e-002
 4.6364985e-002
 4.6400979e-002
 4.6343390e-002
 4.6210028e-002
 4.6064310e-002
 4.5956150e-002
 4.5904055e-002
 4.5919538e-002
 4.6001822e-002
 4.6110515e-002
 4.6187885e-002
 4.6217583e-002
 4.6232387e-002
 4.6258315e-002
 4.6276029e-002
 4.6250280e-002
 4.6187807e-002
 4.6151761e-002
 4.6210486e-002
 4.6374559e-002
 4.6588633e-002
 4.6774711e-002
 4.6872791e-002
 4.6856906e-002
 4.6744205e-002
 4.6598323e-002
 4.6504062e-002
 4.6513036e-002
 4.6601478e-002
 4.6688560e-002
 4.6709795e-002
 4.6666101e-002
 4.6591684e-002
 4.6510622e-002
 4.6467062e-002
 4.6549182e-002
 4.6792913e-002
 4.7080595e-002
 4.7230475e-002
 4.7190867e-002
 4.7073286e-002
 4.7000416e-002
 4.6988279e-002
 4.6990324e-002
 4.7004659e-002
 4.7064271e-002
 4.7135804e-002
 4.7130693e-002
 4.7045298e-002
 4.6981994e-002
 4.6996675e-002
 4.7046021e-002
 4.7074664e-002
 4.7059059e-002
 4.7002971e-002
 4.6932381e-002
 4.6866987e-002
 4.6824712e-002
 4.6850309e-002
 4.6960566e-002
 4.7098096e-002
 4.7216263e-002
 4.7336053e-002
 4.7459926e-002
 4.7521945e-002
 4.7486331e-002
 4.7415119e-002
 4.7376189e-002
 4.7369380e-002
 4.7386289e-002
 4.7430046e-002
 4.7458898e-002
 4.7425464e-002
 4.7362763e-002
 4.7346719e-002
 4.7397804e-002
 4.7468930e-002
 4.7524512e-002
 4.7566757e-002
 4.7578052e-002
 4.7525287e-002
 4.7444254e-002
 4.7429424e-002
 4.7496535e-002
 4.7539774e-002
 4.7477219e-002
 4.7384299e-002
 4.7437131e-002
 4.7721211e-002
 4.8099387e-002
 4.8307858e-002
 4.8217166e-002
 4.7965065e-002
 4.7809687e-002
 4.7871202e-002
 4.8019230e-002
 4.8031110e-002
 4.7865815e-002
 4.7704030e-002
 4.7703668e-002
 4.7835905e-002
 4.7989141e-002
 4.8108101e-002
 4.8183553e-002
 4.8194673e-002
 4.8119746e-002
 4.7981497e-002
 4.7860239e-002
 4.7860809e-002
 4.8044156e-002
 4.8357718e-002
 4.8633389e-002
 4.8678402e-002
 4.8437022e-002
 4.8076529e-002
 4.7834896e-002
 4.7798105e-002
 4.7881324e-002
 4.7980893e-002
 4.8083033e-002
 4.8242334e-002
 4.8480090e-002
 4.8714127e-002
 4.8804298e-002
 4.8682109e-002
 4.8437469e-002
 4.8265211e-002
 4.8312042e-002
 4.8565593e-002
 4.8878118e-002
 4.9076747e-002
 4.9052909e-002
 4.8793312e-002
 4.8387244e-002
 4.8016336e-002
 4.7879778e-002
 4.8058327e-002
 4.8427247e-002
 4.8725855e-002
 4.8743647e-002
 4.8458446e-002
 4.8018605e-002
 4.7634419e-002
 4.7484994e-002
 4.7649268e-002
 4.8036829e-002
 4.8378307e-002
 4.8409626e-002
 4.8189789e-002
 4.7973014e-002
 4.7923554e-002
 4.8046146e-002
 4.8244733e-002
 4.8436057e-002
 4.8600812e-002
 4.8722953e-002
 4.8755445e-002
 4.8713237e-002
 4.8710611e-002
 4.8798651e-002
 4.8863348e-002
 4.8807174e-002
 4.8711710e-002
 4.8696078e-002
 4.8748218e-002
 4.8811987e-002
 4.8903700e-002
 4.9024019e-002
 4.9083695e-002
 4.9048670e-002
 4.9037803e-002
 4.9135175e-002
 4.9228810e-002
 4.9172569e-002
 4.8990805e-002
 4.8818778e-002
 4.8735939e-002
 4.8716981e-002
 4.8693255e-002
 4.8641097e-002
 4.8605263e-002
 4.8623424e-002
 4.8681814e-002
 4.8790362e-002
 4.9009755e-002
 4.9310863e-002
 4.9513556e-002
 4.9493484e-002
 4.9346723e-002
 4.9243540e-002
 4.9207788e-002
 4.9164049e-002
 4.9050558e-002
 4.8875604e-002
 4.8743576e-002
 4.8788659e-002
 4.8999064e-002
 4.9174771e-002
 4.9142145e-002
 4.8926823e-002
 4.8724107e-002
 4.8727445e-002
 4.8943117e-002
 4.9185585e-002
 4.9262647e-002
 4.9143169e-002
 4.8955649e-002
 4.8846774e-002
 4.8860840e-002
 4.8936997e-002
 4.8998337e-002
 4.9024578e-002
 4.9053077e-002
 4.9123980e-002
 4.9230807e-002
 4.9319766e-002
 4.9336359e-002
 4.9274798e-002
 4.9175188e-002
 4.9082067e-002
 4.9020816e-002
 4.8995897e-002
 4.8999973e-002
 4.9014233e-002
 4.9016789e-002
 4.8976284e-002
 4.8872199e-002
 4.8734728e-002
 4.8614454e-002
 4.8561990e-002
 4.8616882e-002
 4.8745587e-002
 4.8885152e-002
 4.8972543e-002
 4.8955474e-002
 4.8852570e-002
 4.8711143e-002
 4.8578572e-002
 4.8497021e-002
 4.8473839e-002
 4.8502274e-002
 4.8575569e-002
 4.8685711e-002
 4.8816733e-002
 4.8970360e-002
 4.9080733e-002
 4.9151469e-002
 4.9174599e-002
 4.9152963e-002
 4.9089849e-002
 4.8988581e-002
 4.8853043e-002
 4.8700534e-002
 4.8561744e-002
 4.8467856e-002
 4.8450112e-002
 4.8537903e-002
 4.8719365e-002
 4.8942059e-002
 4.9151737e-002
 4.9294248e-002
 4.9317401e-002
 4.9214538e-002
 4.9023658e-002
 4.8784520e-002
 4.8537023e-002
 4.8320942e-002
 4.8166402e-002
 4.8066024e-002
 4.8003241e-002
 4.7961544e-002
 4.7924377e-002
 4.7875226e-002
 4.7801815e-002
 4.7708392e-002
 4.7603101e-002
 4.7494147e-002
 4.7389686e-002
 4.7297925e-002
 4.7227021e-002
 4.7183935e-002
 4.7170963e-002
 4.7189288e-002
 4.7240097e-002
 4.7324579e-002
 4.7443904e-002
 4.7599286e-002
 4.7791876e-002
 4.8019700e-002
 4.8268665e-002
 4.8521928e-002
 4.8762545e-002
 4.8973672e-002
 4.9138390e-002
 4.9239814e-002
 4.9261067e-002
 4.9191672e-002
 4.9045101e-002
 4.8840433e-002
 4.8596684e-002
 4.8332967e-002
 4.8068278e-002
 4.7821734e-002
 4.7612343e-002
 4.7454458e-002
 4.7344875e-002
 4.7276411e-002
 4.7241852e-002
 4.7233995e-002
 4.7245633e-002
 4.7269575e-002
 4.7298595e-002
 4.7325514e-002
 4.7343109e-002
 4.7344182e-002
 4.7321528e-002
 4.7270522e-002
 4.7195904e-002
 4.7104526e-002
 4.7003247e-002
 4.6898905e-002
 4.6798386e-002
 4.6708524e-002
 4.6636172e-002
 4.6588194e-002
 4.6571437e-002
 4.6592768e-002
 4.6659041e-002
 4.6774033e-002
 4.6930671e-002
 4.7119349e-002
 4.7330577e-002
 4.7554765e-002
 4.7782402e-002
 4.8003897e-002
 4.8209753e-002
 4.8390377e-002
 4.8536241e-002
 4.8637815e-002
 4.8688166e-002
 4.8689697e-002
 4.8646811e-002
 4.8563946e-002
 4.8445523e-002
 4.8295937e-002
 4.8119646e-002
 4.7921035e-002
 4.7704574e-002
 4.7474623e-002
 4.7235850e-002
 4.6993498e-002
 4.6752937e-002
 4.6519641e-002
 4.6298955e-002
 4.6096347e-002
 4.5917165e-002
 4.5766871e-002
 4.5650825e-002
 4.5574468e-002
 4.5541432e-002
 4.5549344e-002
 4.5594539e-002
 4.5673344e-002
 4.5782119e-002
 4.5917172e-002
 4.6074849e-002
 4.6251509e-002
 4.6443459e-002
 4.6647061e-002
 4.6857130e-002
 4.7063556e-002
 4.7255065e-002
 4.7420494e-002
 4.7548588e-002
 4.7628161e-002
 4.7647979e-002
 4.7596823e-002
 4.7463503e-002
 4.7242835e-002
 4.6949714e-002
 4.6603333e-002
 4.6222739e-002
 4.5827128e-002
 4.5435548e-002
 4.5067206e-002
 4.4741131e-002
 4.4472370e-002
 4.4262089e-002
 4.4108760e-002
 4.4010770e-002
 4.3966554e-002
 4.3974534e-002
 4.4033110e-002
 4.4140711e-002
 4.4291571e-002
 4.4466197e-002
 4.4642378e-002
 4.4797830e-002
 4.4910334e-002
 4.4957615e-002
 4.4917442e-002
 4.4767573e-002
 4.4501979e-002
 4.4167079e-002
 4.3819699e-002
 4.3549132e-002
 4.3376531e-002
 4.3367788e-002
 4.3555811e-002
 4.3933004e-002
 4.4455227e-002
 4.5053385e-002
 4.5646448e-002
 4.6151370e-002
 4.6496071e-002
 4.6639666e-002
 4.6585459e-002
 4.6368621e-002
 4.6037186e-002
 4.5640934e-002
 4.5225732e-002
 4.4829194e-002
 4.4479717e-002
 4.4198789e-002
 4.4003710e-002
 4.3907311e-002
 4.3912973e-002
 4.4008076e-002
 4.4161525e-002
 4.4328097e-002
 4.4456765e-002
 4.4500470e-002
 4.4427741e-002
 4.4233296e-002
 4.3941461e-002
 4.3599825e-002
 4.3267455e-002
 4.3001980e-002
 4.2847201e-002
 4.2823527e-002
 4.2924974e-002
 4.3123998e-002
 4.3380734e-002
 4.3652382e-002
 4.3900952e-002
 4.3779373e-002
 4.3829449e-002
 4.3844450e-002
 4.3818366e-002
 4.3748885e-002
 4.3637417e-002
 4.3488838e-002
 4.3311059e-002
 4.3114997e-002
 4.2913899e-002
 4.2722657e-002
 4.2556468e-002
 4.2428914e-002
 4.2349670e-002
 4.2322546e-002
 4.2344321e-002
 4.2404685e-002
 4.2487528e-002
 4.2573467e-002
 4.2643316e-002
 4.2681634e-002
 4.2679377e-002
 4.2635325e-002
 4.2556062e-002
 4.2454559e-002
 4.2348363e-002
 4.2256836e-002
 4.2197298e-002
 4.2181294e-002
 4.2211659e-002
 4.2282101e-002
 4.2379264e-002
 4.2486187e-002
 4.2586051e-002
 4.2665374e-002
 4.2715974e-002
 4.2735409e-002
 4.2726126e-002
 4.2693645e-002
 4.2644542e-002
 4.2584747e-002
 4.2518653e-002
 4.2449038e-002
 4.2377543e-002
 4.2305492e-002
 4.2234402e-002
 4.2166281e-002
 4.2103361e-002
 4.2047579e-002
 4.2000052e-002
 4.1960645e-002
 4.1928042e-002
 4.1900121e-002
 4.1874737e-002
 4.1850604e-002
 4.1828059e-002
 4.1809466e-002
 4.1799091e-002
 4.1802377e-002
 4.1824784e-002
 4.1870292e-002
 4.1940000e-002
 4.2031065e-002
 4.2136475e-002
 4.2245522e-002
 4.2345256e-002
 4.2422585e-002
 4.2466462e-002
 4.2469960e-002
 4.2431541e-002
 4.2355400e-002
 4.2250697e-002
 4.2130027e-002
 4.2007253e-002
 4.1895449e-002
 4.1805089e-002
 4.1742943e-002
 4.1711830e-002
 4.1711010e-002
 4.1737188e-002
 4.1785691e-002
 4.1851670e-002
 4.1930877e-002
 4.2020097e-002
 4.2116921e-002
 4.2219203e-002
 4.2324279e-002
 4.2428140e-002
 4.2524986e-002
 4.2607289e-002
 4.2666350e-002
 4.2693481e-002
 4.2681418e-002
 4.2625826e-002
 4.2526443e-002
 4.2387750e-002
 4.2218786e-002
 4.2032395e-002
 4.1843735e-002
 4.1668318e-002
 4.1520193e-002
 4.1410021e-002
 4.1343894e-002
 4.1322634e-002
 4.1341938e-002
 4.1393265e-002
 4.1465309e-002
 4.1545819e-002
 4.1623514e-002
 4.1689772e-002
 4.1739747e-002
 4.1772898e-002
 4.1792661e-002
 4.1805480e-002
 4.1819282e-002
 4.1841686e-002
 4.1878276e-002
 4.1931305e-002
 4.1999046e-002
 4.2076021e-002
 4.2153984e-002
 4.2223588e-002
 4.2276390e-002
 4.2306624e-002
 4.2312600e-002
 4.2297177e-002
 4.2267378e-002
 4.2233061e-002
 4.2205025e-002
 4.2192779e-002
 4.2202584e-002
 4.2235963e-002
 4.2289183e-002
 4.2353690e-002
 4.2417571e-002
 4.2467613e-002
 4.2491749e-002
 4.2481218e-002
 4.2432029e-002
 4.2345487e-002
 4.2227510e-002
 4.2087231e-002
 4.1934934e-002
 4.1780256e-002
 4.1630808e-002
 4.1491590e-002
 4.1365471e-002
 4.1253984e-002
 4.1158594e-002
 4.1081473e-002
 4.1025732e-002
 4.0995002e-002
 4.0992338e-002
 4.1018955e-002
 4.1073132e-002
 4.1149762e-002
 4.1240577e-002
 4.1335359e-002
 4.1423529e-002
 4.1496132e-002
 4.1547548e-002
 4.1576549e-002
 4.1586544e-002
 4.1584764e-002
 4.1580636e-002
 4.1583568e-002
 4.1600693e-002
 4.1635089e-002
 4.1684948e-002
 4.1743901e-002
 4.1802611e-002
 4.1851159e-002
 4.1881725e-002
 4.1890882e-002
 4.1880846e-002
 4.1859388e-002
 4.1838389e-002
 4.1831389e-002
 4.1850735e-002
 4.1905012e-002
 4.1997336e-002
 4.2124745e-002
 4.2278837e-002
 4.2447366e-002
 4.2616177e-002
 4.2771488e-002
 4.2901512e-002
 4.2997777e-002
 4.3055728e-002
 4.3074664e-002
 4.3057378e-002
 4.3009475e-002
 4.2938601e-002
 4.2853691e-002
 4.2764336e-002
 4.2680167e-002
 4.2610314e-002
 4.2562943e-002
 4.2544678e-002
 4.2560112e-002
 4.2611282e-002
 4.2697284e-002
 4.2814057e-002
 4.2954545e-002
 4.3109093e-002
 4.3266300e-002
 4.3414216e-002
 4.3541469e-002
 4.3638643e-002
 4.3699179e-002
 4.3720059e-002
 4.3701980e-002
 4.3648995e-002
 4.3567806e-002
 4.3466669e-002
 4.3354269e-002
 4.3238509e-002
 4.3125622e-002
 4.3019515e-002
 4.2921484e-002
 4.2830486e-002
 4.2743571e-002
 4.2656783e-002
 4.2566087e-002
 4.2468306e-002
 4.2361971e-002
 4.2247765e-002
 4.2128749e-002
 4.2010091e-002
 4.1898362e-002
 4.1800752e-002
 4.1723873e-002
 4.1672833e-002
 4.1650318e-002
 4.1656110e-002
 4.1687034e-002
 4.1737348e-002
 4.1799527e-002
 4.1865319e-002
 4.1926939e-002
 4.1978087e-002
 4.2014774e-002
 4.2035732e-002
 4.2042334e-002
 4.2038105e-002
 4.2027880e-002
 4.2016800e-002
 4.2009342e-002
 4.2008597e-002
 4.2015936e-002
 4.2031080e-002
 4.2052601e-002
 4.2078584e-002
 4.2107359e-002
 4.2137995e-002
 4.2170506e-002
 4.2205647e-002
 4.2244460e-002
 4.2287588e-002
 4.2334720e-002
 4.2384196e-002
 4.2433035e-002
 4.2477332e-002
 4.2512994e-002
 4.2536695e-002
 4.2546779e-002
 4.2543918e-002
 4.2531330e-002
 4.2514414e-002
 4.2499810e-002
 4.2494044e-002
 4.2502027e-002
 4.2525779e-002
 4.2563647e-002
 4.2610358e-002
 4.2657934e-002
 4.2697202e-002
 4.2719781e-002
 4.2719856e-002
 4.2695481e-002
 4.2649031e-002
 4.2586729e-002
 4.2517334e-002
 4.2450424e-002
 4.2394526e-002
 4.2355582e-002
 4.2336076e-002
 4.2334840e-002
 4.2347621e-002
 4.2368192e-002
 4.2389754e-002
 4.2406328e-002
 4.2413890e-002
 4.2411048e-002
 4.2399138e-002
 4.2381801e-002
 4.2364128e-002
 4.2351589e-002
 4.2348959e-002
 4.2359497e-002
 4.2384490e-002
 4.2423241e-002
 4.2473439e-002
 4.2531855e-002
 4.2595059e-002
 4.2660128e-002
 4.2725023e-002
 4.2788714e-002
 4.2850956e-002
 4.2911720e-002
 4.2970620e-002
 4.3026283e-002
 4.3076023e-002
 4.3115921e-002
 4.3141227e-002
 4.3147217e-002
 4.3130185e-002
 4.3088365e-002
 4.3022528e-002
 4.2936068e-002
 4.2834494e-002
 4.2724442e-002
 4.2612553e-002
 4.2504299e-002
 4.2403381e-002
 4.2311560e-002
 4.2229068e-002
 4.2155523e-002
 4.2090781e-002
 4.2035729e-002
 4.1992519e-002
 4.1964237e-002
 4.1954137e-002
 4.1964520e-002
 4.1995645e-002
 4.2044971e-002
 4.2106956e-002
 4.2173490e-002
 4.2235017e-002
 4.2282134e-002
 4.2307343e-002
 4.2306721e-002
 4.2281069e-002
 4.2236384e-002
 4.2183343e-002
 4.2136069e-002
 4.2110078e-002
 4.2120054e-002
 4.2177558e-002
 4.2289346e-002
 4.2456288e-002
 4.2673379e-002
 4.2930353e-002
 4.3213096e-002
 4.3505546e-002
 4.3791234e-002
 4.4055190e-002
 4.4284865e-002
 4.4470996e-002
 4.4607908e-002
 4.4693228e-002
 4.4727672e-002
 4.4714477e-002
 4.4659011e-002
 4.4568352e-002
 4.4451021e-002
 4.4316679e-002
 4.4175684e-002
 4.4038612e-002
 4.3915350e-002
 4.3814242e-002
 4.3741040e-002
 4.3698117e-002
 4.3684117e-002
 4.3694150e-002
 4.3720640e-002
 4.3754667e-002
 4.3787595e-002
 4.3812580e-002
 4.3825679e-002
 4.3826245e-002
 4.3816593e-002
 4.3800928e-002
 4.3783866e-002
 4.3768842e-002
 4.3756802e-002
 4.3745480e-002
 4.3729521e-002
 4.3701403e-002
 4.3653097e-002
 4.3578126e-002
 4.3473624e-002
 4.3341860e-002
 4.3191019e-002
 4.3034740e-002
 4.2890504e-002
 4.2777322e-002
 4.2712688e-002
 4.2709906e-002
 4.2775862e-002
 4.2910002e-002
 4.3104336e-002
 4.3344788e-002
 4.3613035e-002
 4.3888986e-002
 4.4153262e-002
 4.4388987e-002
 4.4583503e-002
 4.4728987e-002
 4.4822786e-002
 4.4867143e-002
 4.4868365e-002
 4.4835784e-002
 4.4780381e-002
 4.4713270e-002
 4.4644155e-002
 4.4580121e-002
 4.4524744e-002
 4.4477936e-002
 4.4436537e-002
 4.4395551e-002
 4.4349894e-002
 4.4296216e-002
 4.4234343e-002
 4.4168059e-002
 4.4104874e-002
 4.4054851e-002
 4.4028658e-002
 4.4035256e-002
 4.4079717e-002
 4.4161685e-002
 4.4274736e-002
 4.4406928e-002
 4.4542465e-002
 4.4664059e-002
 4.4755869e-002
 4.4806108e-002
 4.4809137e-002
 4.4766389e-002
 4.4686001e-002
 4.4581231e-002
 4.4467818e-002
 4.4361155e-002
 4.4273466e-002
 4.4211973e-002
 4.4178128e-002
 4.4168107e-002
 4.4174388e-002
 4.4187881e-002
 4.4200119e-002
 4.4205040e-002
 4.4199962e-002
 4.4185687e-002
 4.4165771e-002
 4.4145320e-002
 4.4129550e-002
 4.4122543e-002
 4.4126462e-002
 4.4141352e-002
 4.4165518e-002
 4.4196364e-002
 4.4231437e-002
 4.4269297e-002
 4.4310026e-002
 4.4355165e-002
 4.4407055e-002
 4.4467829e-002
 4.4538222e-002
 4.4616729e-002
 4.4699319e-002
 4.4779744e-002
 4.4850640e-002
 4.4904839e-002
 4.4936817e-002
 4.4943713e-002
 4.4925779e-002
 4.4886168e-002
 4.4830248e-002
 4.4764649e-002
 4.4696357e-002
 4.4632103e-002
 4.4577997e-002
 4.4539403e-002
 4.4520818e-002
 4.4525560e-002
 4.4555273e-002
 4.4609323e-002
 4.4684276e-002
 4.4773847e-002
 4.4869557e-002
 4.4961967e-002
 4.5042526e-002
 4.5105442e-002
 4.5149043e-002
 4.5176320e-002
 4.5194227e-002
 4.5211993e-002
 4.5238756e-002
 4.5281090e-002
 4.5341220e-002
 4.5416147e-002
 4.5498159e-002
 4.5576423e-002
 4.5639269e-002
 4.5676749e-002
 4.5682728e-002
 4.5656286e-002
 4.5602039e-002
 4.5529488e-002
 4.5451436e-002
 4.5381904e-002
 4.5333851e-002
 4.5317035e-002
 4.5336455e-002
 4.5391385e-002
 4.5475177e-002
 4.5575827e-002
 4.5677599e-002
 4.5763317e-002
 4.5817539e-002
 4.5829374e-002
 4.5794182e-002
 4.5714181e-002
 4.5597967e-002
 4.5459252e-002
 4.5315687e-002
 4.5186840e-002
 4.5090992e-002
 4.5041878e-002
 4.5045570e-002
 4.5099095e-002
 4.5191132e-002
 4.5304887e-002
 4.5422342e-002
 4.5529038e-002
 4.5617651e-002
 4.5688607e-002
 4.5748364e-002
 4.5806173e-002
 4.5870669e-002
 4.5947231e-002
 4.6036471e-002
 4.6133935e-002
 4.6231102e-002
 4.6317268e-002
 4.6382081e-002
 4.6417780e-002
 4.6420887e-002
 4.6392780e-002
 4.6339210e-002
 4.6268888e-002
 4.6191577e-002
 4.6116102e-002
 4.6048641e-002
 4.5991953e-002
 4.5945305e-002
 4.5905057e-002
 4.5865558e-002
 4.5820151e-002
 4.5762114e-002
 4.5685619e-002
 4.5586821e-002
 4.5464724e-002
 4.5321800e-002
 4.5164321e-002
 4.5002066e-002
 4.4847377e-002
 4.4713885e-002
 4.4614539e-002
 4.4559691e-002
 4.4555191e-002
 4.4601019e-002
 4.4691395e-002
 4.4815965e-002
 4.4961527e-002
 4.5114126e-002
 4.5261055e-002
 4.5392238e-002
 4.5501113e-002
 4.5584783e-002
 4.5643803e-002
 4.5681372e-002
 4.5702137e-002
 4.5710970e-002
 4.5711849e-002
 4.5707140e-002
 4.5697361e-002
 4.5681499e-002
 4.5657713e-002
 4.5624282e-002
 4.5580588e-002
 4.5527801e-002
 4.5469277e-002
 4.5410413e-002
 4.5358010e-002
 4.5319334e-002
 4.5300853e-002
 4.5307107e-002
 4.5339756e-002
 4.5397140e-002
 4.5474354e-002
 4.5563925e-002
 4.5656893e-002
 4.5744170e-002
 4.5817956e-002
 4.5872815e-002
 4.5906421e-002
 4.5919694e-002
 4.5916464e-002
 4.5902617e-002
 4.5885008e-002
 4.5870289e-002
 4.5863859e-002
 4.5869116e-002
 4.5887046e-002
 4.5916244e-002
 4.5953225e-002
 4.5993015e-002
 4.6029802e-002
 4.6057697e-002
 4.6071380e-002
 4.6066701e-002
 4.6041165e-002
 4.5994300e-002
 4.5927897e-002
 4.5846112e-002
 4.5755364e-002
 4.5663916e-002
 4.5581311e-002
 4.5517400e-002
 4.5481309e-002
 4.5480248e-002
 4.5518477e-002
 4.5596551e-002
 4.5711044e-002
 4.5854710e-002
 4.6017244e-002
 4.6186522e-002
 4.6349902e-002
 4.6495736e-002
 4.6614692e-002
 4.6700533e-002
 4.6750646e-002
 4.6765931e-002
 4.6750396e-002
 4.6710420e-002
 4.6653930e-002
 4.6589531e-002
 4.6525791e-002
 4.6470623e-002
 4.6430759e-002
 4.6411429e-002
 4.6416044e-002
 4.6446059e-002
 4.6500862e-002
 4.6577796e-002
 4.6672400e-002
 4.6778791e-002
 4.6890005e-002
 4.6998415e-002
 4.7096241e-002
 4.7175862e-002
 4.7230206e-002
 4.7253124e-002
 4.7240019e-002
 4.7188453e-002
 4.7098797e-002
 4.6974860e-002
 4.6824276e-002
 4.6658717e-002
 4.6493273e-002
 4.6345480e-002
 4.6233408e-002
 4.6173159e-002
 4.6176117e-002
 4.6246193e-002
 4.6377771e-002
 4.6555270e-002
 4.6754897e-002
 4.6947498e-002
 4.7102805e-002
 4.7193773e-002
 4.7200836e-002
 4.7115084e-002
 4.6939854e-002
 4.6690863e-002
 4.6395142e-002
 4.6087947e-002
 4.5808163e-002
 4.5593251e-002
 4.5473728e-002
 4.5468513e-002
 4.5581777e-002
 4.5801867e-002
 4.6102617e-002
 4.6446752e-002
 4.6791114e-002
 4.7092251e-002
 4.7312584e-002
 4.7425117e-002
 4.7416959e-002
 4.7290567e-002
 4.7062952e-002
 4.6762716e-002
 4.6425838e-002
 4.6090454e-002
 4.5791522e-002
 4.5556594e-002
 4.5402426e-002
 4.5333728e-002
 4.5343358e-002
 4.5414321e-002
 4.5522839e-002
 4.5642059e-002
 4.5745861e-002
 4.5812026e-002
 4.5824688e-002
 4.5775551e-002
 4.5664124e-002
 4.5496874e-002
 4.5285873e-002
 4.5046877e-002
 4.4797633e-002
 4.4556197e-002
 4.4339541e-002
 4.4162806e-002
 4.4038489e-002
 4.3976206e-002
 4.3982282e-002
 4.4059530e-002
 4.4206984e-002
 4.4419814e-002
 4.4689208e-002
 4.5002684e-002
 4.5344859e-002
 4.5698173e-002
 4.6044506e-002
 4.6366341e-002
 4.6648379e-002
 4.6878882e-002
 4.7050361e-002
 4.7160137e-002
 4.7210272e-002
 4.7206953e-002
 4.7159728e-002
 4.7080476e-002
 4.6982419e-002
 4.6879169e-002
 4.6784025e-002
 4.6709251e-002
 4.6665598e-002
 4.6661731e-002
 4.6703678e-002
 4.6794206e-002
 4.6932295e-002
 4.7112625e-002
 4.7325440e-002
 4.7556907e-002
 4.7789752e-002
 4.8004802e-002
 4.8182596e-002
 4.8305552e-002
 4.8360076e-002
 4.8338201e-002
 4.8238885e-002
 4.8068319e-002
 4.7839493e-002
 4.7570784e-002
 4.7284253e-002
 4.7003463e-002
 4.6751190e-002
 4.6547797e-002
 4.6409663e-002
 4.6348512e-002
 4.6370804e-002
 4.6477754e-002
 4.6665523e-002
 4.6925683e-002
 4.7245506e-002
 4.7608454e-002
 4.7994860e-002
 4.8382819e-002
 4.8749965e-002
 4.9074553e-002
 4.9337137e-002
 4.9522106e-002
 4.9618721e-002
 4.9622148e-002
 4.9533315e-002
 4.9359288e-002
 4.9113844e-002
 4.8817210e-002
 4.8494834e-002
 4.8175227e-002
 4.7887489e-002
 4.7657765e-002
 4.7505971e-002
 4.7442749e-002
 4.7468066e-002
 4.7571279e-002
 4.7704972e-002
 4.7934409e-002
 4.8165251e-002
 4.8366856e-002
 4.8513573e-002
 4.8588637e-002
 4.8586287e-002
 4.8510924e-002
 4.8374079e-002
 4.8191193e-002
 4.7979068e-002
 4.7754597e-002
 4.7533743e-002
 4.7330432e-002
 4.7155671e-002
 4.7016788e-002
 4.6917267e-002
 4.6857193e-002
 4.6834040e-002
 4.6843715e-002
 4.6881303e-002
 4.6941597e-002
 4.7019355e-002
 4.7109567e-002
 4.7207572e-002
 4.7309246e-002
 4.7411148e-002
 4.7510345e-002
 4.7604386e-002
 4.7691047e-002
 4.7768250e-002
 4.7834050e-002
 4.7886640e-002
 4.7924545e-002
 4.7946770e-002
 4.7953013e-002
 4.7943700e-002
 4.7919936e-002
 4.7883336e-002
 4.7835786e-002
 4.7779351e-002
 4.7716133e-002
 4.7648281e-002
 4.7577973e-002
 4.7507387e-002
 4.7438774e-002
 4.7374398e-002
 4.7316581e-002
 4.7267675e-002
 4.7230024e-002
 4.7205973e-002
 4.7197793e-002
 4.7207605e-002
 4.7237173e-002
 4.7287717e-002
 4.7359675e-002
 4.7452670e-002
 4.7565535e-002
 4.7696535e-002
 4.7843635e-002
 4.8004549e-002
 4.8176929e-002
 4.8358191e-002
 4.8545398e-002
 4.8735131e-002
 4.8923153e-002
 4.9104396e-002
 4.9273107e-002
 4.9422905e-002
 4.9547169e-002
 4.9639173e-002
 4.9692437e-002
 4.9701259e-002
 4.9661499e-002
 4.9571618e-002
 4.9433649e-002
 4.9253568e-002
 4.9040839e-002
 4.8807636e-002
 4.8567563e-002
 4.8334952e-002
 4.8124023e-002
 4.7948003e-002
 4.7818139e-002
 4.7742143e-002
 4.7723066e-002
 4.7758713e-002
 4.7842201e-002
 4.7963157e-002
 4.8109151e-002
 4.8266869e-002
 4.8422888e-002
 4.8564583e-002
 4.8681039e-002
 4.8764307e-002
 4.8810489e-002
 4.8820108e-002
 4.8797727e-002
 4.8750874e-002
 4.8688833e-002
 4.8621647e-002
 4.8559409e-002
 4.8511483e-002
 4.8485633e-002
 4.8486874e-002
 4.8516482e-002
 4.8571609e-002
 4.8645698e-002
 4.8729420e-002
 4.8811838e-002
 4.8881378e-002
 4.8926577e-002
 4.8937045e-002
 4.8904713e-002
 4.8825461e-002
 4.8700456e-002
 4.8536796e-002
 4.8346922e-002
 4.8147116e-002
 4.7956061e-002
 4.7793288e-002
 4.7678187e-002
 4.7628589e-002
 4.7658883e-002
 4.7777761e-002
 4.7986168e-002
 4.8276417e-002
 4.8633013e-002
 4.9034882e-002
 4.9457386e-002
 4.9874611e-002
 5.0260559e-002
 5.0590839e-002
 5.0844848e-002
 5.1007986e-002
 5.1074129e-002
 5.1046353e-002
 5.0936136e-002
 5.0761085e-002
 5.0542500e-002
 5.0303321e-002
 5.0066538e-002
 4.9853969e-002
 4.9684327e-002
 4.9571287e-002
 4.9521588e-002
 4.9534265e-002
 4.9601447e-002
 4.9710169e-002
 4.9844414e-002
 4.9986795e-002
 5.0119843e-002
 5.0227020e-002
 5.0294198e-002
 5.0311215e-002
 5.0273370e-002
 5.0181959e-002
 5.0043751e-002
 4.9869463e-002
 4.9672246e-002
 4.9466331e-002
 4.9265984e-002
 4.9084805e-002
 4.8934598e-002
 4.8824079e-002
 4.8757911e-002
 4.8736144e-002
 4.8754741e-002
 4.8806604e-002
 4.8882861e-002
 4.8973788e-002
 4.9069617e-002
 4.9161103e-002
 4.9240332e-002
 4.9301710e-002
 4.9342681e-002
 4.9364150e-002
 4.9370080e-002
 4.9366724e-002
 4.9361672e-002
 4.9363080e-002
 4.9379047e-002
 4.9416926e-002
 4.9482401e-002
 4.9578369e-002
 4.9703903e-002
 4.9853902e-002
 5.0019432e-002
 5.0188757e-002
 5.0348554e-002
 5.0484776e-002
 5.0583590e-002
 5.0632376e-002
 5.0621126e-002
 5.0544236e-002
 5.0402083e-002
 5.0201699e-002
 4.9956024e-002
 4.9682498e-002
 4.9401052e-002
 4.9132835e-002
 4.8898757e-002
 4.8718531e-002
 4.8608605e-002
 4.8580244e-002
 4.8637629e-002
 4.8777029e-002
 4.8987638e-002
 4.9253471e-002
 4.9555253e-002
 4.9872510e-002
 5.0184693e-002
 5.0472159e-002
 5.0718151e-002
 5.0910354e-002
 5.1042434e-002
 5.1114947e-002
 5.1134497e-002
 5.1112171e-002
 5.1061749e-002
 5.0998196e-002
 5.0936572e-002
 5.0891101e-002
 5.0873868e-002
 5.0893418e-002
 5.0953463e-002
 5.1052369e-002
 5.1183712e-002
 5.1337410e-002
 5.1501352e-002
 5.1662475e-002
 5.1807653e-002
 5.1924381e-002
 5.2001964e-002
 5.2032560e-002
 5.2012235e-002
 5.1941425e-002
 5.1824439e-002
 5.1668577e-002
 5.1482778e-002
 5.1276818e-002
 5.1060621e-002
 5.0844014e-002
 5.0635971e-002
 5.0444253e-002
 5.0275113e-002
 5.0132833e-002
 5.0020069e-002
 4.9938325e-002
 4.9888283e-002
 4.9870264e-002
 4.9884338e-002
 4.9930245e-002
 5.0007176e-002
 5.0113432e-002
 5.0246000e-002
 5.0400574e-002
 5.0571632e-002
 5.0752629e-002
 5.0936587e-002
 5.1116332e-002
 5.1284596e-002
 5.1434599e-002
 5.1560290e-002
 5.1656950e-002
 5.1721558e-002
 5.1753141e-002
 5.1752459e-002
 5.1721588e-002
 5.1663402e-002
 5.1581148e-002
 5.1478349e-002
 5.1358659e-002
 5.1226050e-002
 5.1084924e-002
 5.0940424e-002
 5.0798293e-002
 5.0664917e-002
 5.0547227e-002
 5.0452322e-002
 5.0387338e-002
 5.0359167e-002
 5.0373819e-002
 5.0435584e-002
 5.0545800e-002
 5.0701898e-002
 5.0896931e-002
 5.1120076e-002
 5.1357433e-002
 5.1593564e-002
 5.1812343e-002
 5.1997665e-002
 5.2134804e-002
 5.2211646e-002
 5.2220497e-002
 5.2159775e-002
 5.2034594e-002
 5.1856074e-002
 5.1639929e-002
 5.1404394e-002
 5.1168844e-002
 5.0952852e-002
 5.0774723e-002
 5.0650273e-002
 5.0591145e-002
 5.0603084e-002
 5.0685491e-002
 5.0831906e-002
 5.1031660e-002
 5.1271517e-002
 5.1537111e-002
 5.1813610e-002
 5.2086771e-002
 5.2343462e-002
 5.2572265e-002
 5.2764557e-002
 5.2914549e-002
 5.3018957e-002
 5.3076521e-002
 5.3087108e-002
 5.3051207e-002
 5.2969728e-002
 5.2844085e-002
 5.2676577e-002
 5.2471127e-002
 5.2233573e-002
 5.1971983e-002
 5.1696640e-002
 5.1419139e-002
 5.1151935e-002
 5.0907984e-002
 5.0699811e-002
 5.0539035e-002
 5.0435174e-002
 5.0394341e-002
 5.0417822e-002
 5.0501745e-002
 5.0637439e-002
 5.0812811e-002
 5.1013742e-002
 5.1225070e-002
 5.1431794e-002
 5.1619772e-002
 5.1777013e-002
 5.1894967e-002
 5.1970024e-002
 5.2003879e-002
 5.2003033e-002
 5.1977571e-002
 5.1939651e-002
 5.1902384e-002
 5.1878832e-002
 5.1881127e-002
 5.1919226e-002
 5.1999435e-002
 5.2123092e-002
 5.2286088e-002
 5.2479219e-002
 5.2689753e-002
 5.2902803e-002
 5.3102426e-002
 5.3272929e-002
 5.3399749e-002
 5.3470891e-002
 5.3478871e-002
 5.3422205e-002
 5.3306039e-002
 5.3141624e-002
 5.2944567e-002
 5.2733067e-002
 5.2526645e-002
 5.2344676e-002
 5.2205496e-002
 5.2125029e-002
 5.2114882e-002
 5.2180998e-002
 5.2322924e-002
 5.2534524e-002
 5.2805431e-002
 5.3122833e-002
 5.3472508e-002
 5.3840157e-002
 5.4211855e-002
 5.4574411e-002
 5.4916631e-002
 5.5229656e-002
 5.5507019e-002
 5.5744842e-002
 5.5940900e-002
 5.6094047e-002
 5.6203552e-002
 5.6269009e-002
 5.6290038e-002
 5.6266300e-002
 5.6197502e-002
 5.6083363e-002
 5.5923726e-002
 5.5718414e-002
 5.5467315e-002
 5.5170283e-002
 5.4827530e-002
 5.4439470e-002
 5.4007441e-002
 5.3535104e-002
 5.3029120e-002
 5.2500624e-002
 5.1966120e-002
 5.1446207e-002
 5.0964817e-002
 5.0548110e-002
 5.0222535e-002
 5.0013978e-002
 4.9945779e-002
 5.0035894e-002
 5.0293170e-002
 5.0714321e-002
 5.1282164e-002
 5.1967513e-002
 5.2732263e-002
 5.3532392e-002
 5.4322150e-002
 5.5055693e-002
 5.5689894e-002
 5.6187030e-002
 5.6519732e-002
 5.6673881e-002
 5.6650121e-002
 5.6462631e-002
 5.6135315e-002
 5.5698231e-002
 5.5183947e-002
 5.4625537e-002
 5.4055396e-002
 5.3502586e-002
 5.2991327e-002
 5.2538954e-002
 5.2155610e-002
 5.1844310e-002
 5.1603135e-002
 5.1427320e-002
 5.1310457e-002
 5.1245648e-002
 5.1225971e-002
 5.1244639e-002
 5.1295299e-002
 5.1372170e-002
 5.1470041e-002
 5.1584315e-002
 5.1710825e-002
 5.1845577e-002
 5.1984832e-002
 5.2125037e-002
 5.2262899e-002
 5.2395914e-002
 5.2522726e-002
 5.2643448e-002
 5.2759998e-002
 5.2875824e-002
 5.2995536e-002
 5.3124335e-002
 5.3267729e-002
 5.3431056e-002
 5.3618807e-002
 5.3833969e-002
 5.4076884e-002
 5.4344088e-002
 5.4628264e-002
 5.4918423e-002
 5.5200960e-002
 5.5460520e-002
 5.5681344e-002
 5.5847917e-002
 5.5945978e-002
 5.5964369e-002
 5.5896841e-002
 5.5743963e-002
 5.5513743e-002
 5.5220887e-002
 5.4885287e-002
 5.4529566e-002
 5.4177612e-002
 5.3853016e-002
 5.3577770e-002
 5.3369552e-002
 5.3239245e-002
 5.3188507e-002
 5.3208597e-002
 5.3281538e-002
 5.3382453e-002
 5.3482488e-002
 5.3551141e-002
 5.3558275e-002
 5.3476460e-002
 5.3284273e-002
 5.2970231e-002
 5.2536741e-002
 5.2001089e-002
 5.1394112e-002
 5.0757121e-002
 5.0136890e-002
 4.9582638e-002
 4.9143430e-002
 4.8864003e-002
 4.8780572e-002
 4.8914865e-002
 4.9268737e-002
 4.9822252e-002
 5.0535906e-002
 5.1355124e-002
 5.2217238e-002
 5.3055964e-002
 5.3804681e-002
 5.4401774e-002
 5.4795388e-002
 5.4950446e-002
 5.4854557e-002
 5.4520711e-002
 5.3984437e-002
 5.3298455e-002
 5.2525047e-002
 5.1730793e-002
 5.0983053e-002
 5.0344765e-002
 4.9870115e-002
 4.9598131e-002
 4.9547479e-002
 4.9713872e-002
 5.0072685e-002
 5.0583851e-002
 5.1198538e-002
 5.1863939e-002
 5.2526284e-002
 5.3135008e-002
 5.3646106e-002
 5.4026417e-002
 5.4258421e-002
 5.4341350e-002
 5.4289646e-002
 5.4128986e-002
 5.3891651e-002
 5.3612839e-002
 5.3328354e-002
 5.3071953e-002
 5.2872945e-002
 5.2753199e-002
 5.2724153e-002
 5.2785955e-002
 5.2928470e-002
 5.3133737e-002
 5.3379249e-002
 5.3640418e-002
 5.3892180e-002
 5.4111045e-002
 5.4276969e-002
 5.4375798e-002
 5.4401722e-002
 5.4358028e-002
 5.4256056e-002
 5.4112729e-002
 5.3948134e-002
 5.3783581e-002
 5.3640332e-002
 5.3538069e-002
 5.3493518e-002
 5.3518720e-002
 5.3619437e-002
 5.3794593e-002
 5.4036465e-002
 5.4332420e-002
 5.4666620e-002
 5.5021830e-002
 5.5380199e-002
 5.5724345e-002
 5.6037318e-002
 5.6302503e-002
 5.6499142e-002
 5.6589391e-002
 5.6639262e-002
 5.6632888e-002
 5.6580696e-002
 5.6493126e-002
 5.6380562e-002
 5.6253482e-002
 5.6122284e-002
 5.5997375e-002
 5.5889204e-002
 5.5807211e-002
 5.5752121e-002
 5.5719785e-002
 5.5706020e-002
 5.5706646e-002
 5.5717491e-002
 5.5734374e-002
 5.5753116e-002
 5.5769548e-002
 5.5779472e-002
 5.5778738e-002
 5.5763144e-002
 5.5728510e-002
 5.5670679e-002
 5.5585966e-002
 5.5475254e-002
 5.5341899e-002
 5.5189203e-002
 5.5020623e-002
 5.4839484e-002
 5.4649137e-002
 5.4452915e-002
 5.4254271e-002
 5.4056510e-002
 5.3863015e-002
 5.3677093e-002
 5.3502202e-002
 5.3341657e-002
 5.3198822e-002
 5.3077068e-002
 5.2979726e-002
 5.2910216e-002
 5.2871473e-002
 5.2862886e-002
 5.2881993e-002
 5.2926287e-002
 5.2993283e-002
 5.3080492e-002
 5.3185441e-002
 5.3305592e-002
 5.3438481e-002
 5.3581610e-002
 5.3732485e-002
 5.3888664e-002
 5.4047566e-002
 5.4206748e-002
 5.4363705e-002
 5.4516003e-002
 5.4661054e-002
 5.4796413e-002
 5.4919589e-002
 5.5028114e-002
 5.5119444e-002
 5.5191115e-002
 5.5240918e-002
 5.5269055e-002
 5.5276949e-002
 5.5266038e-002
 5.5237781e-002
 5.5193622e-002
 5.5134971e-002
 5.5063300e-002
 5.4980047e-002
 5.4886654e-002
 5.4784533e-002
 5.4675177e-002
 5.4560002e-002
 5.4440442e-002
 5.4317925e-002
 5.4193944e-002
 5.4069918e-002
 5.3947277e-002
 5.3827468e-002
 5.3711902e-002
 5.3602088e-002
 5.3499430e-002
 5.3405374e-002
 5.3321339e-002
 5.3248815e-002
 5.3189207e-002
 5.3143803e-002
 5.3112451e-002
 5.3094357e-002
 5.3088676e-002
 5.3094573e-002
 5.3111222e-002
 5.3137802e-002
 5.3173471e-002
 5.3217404e-002
 5.3268772e-002
 5.3326767e-002
 5.3390518e-002
 5.3459220e-002
 5.3532030e-002
 5.3608153e-002
 5.3686712e-002
 5.3766906e-002
 5.3847894e-002
 5.3928878e-002
 5.4008979e-002
 5.4087389e-002
 5.4163281e-002
 5.4235827e-002
 5.4304212e-002
 5.4367572e-002
 5.4425098e-002
 5.4475956e-002
 5.4519329e-002
 5.4554366e-002
 5.4580249e-002
 5.4596271e-002
 5.4602668e-002
 5.4600120e-002
 5.4589327e-002
