s07_ASD Record=16520: Quercetin SA-Q4951           ASDHRa AREF
-1.2300000e+034
 5.5981401e-002
 5.1756490e-002
 4.8427481e-002
 4.4848900e-002
 4.1645851e-002
 3.9120357e-002
 3.7246495e-002
 3.5514578e-002
 3.3751994e-002
 3.2044563e-002
 3.0564392e-002
 2.9481418e-002
 2.8376855e-002
 2.7328653e-002
 2.6723960e-002
 2.6034689e-002
 2.5213115e-002
 2.4373576e-002
 2.3769027e-002
 2.3194375e-002
 2.2659615e-002
 2.2232404e-002
 2.1977663e-002
 2.1781102e-002
 2.1576006e-002
 2.1330683e-002
 2.1003608e-002
 2.0767905e-002
 2.0640986e-002
 2.0429863e-002
 2.0175226e-002
 1.9972794e-002
 1.9853756e-002
 1.9631239e-002
 1.9508306e-002
 1.9452296e-002
 1.9337175e-002
 1.9175438e-002
 1.9000690e-002
 1.8863305e-002
 1.8818943e-002
 1.8728836e-002
 1.8614396e-002
 1.8517101e-002
 1.8455865e-002
 1.8365020e-002
 1.8264931e-002
 1.8192526e-002
 1.8091055e-002
 1.8019522e-002
 1.7960252e-002
 1.7837161e-002
 1.7794168e-002
 1.7731860e-002
 1.7610515e-002
 1.7583463e-002
 1.7518692e-002
 1.7451461e-002
 1.7439459e-002
 1.7397590e-002
 1.7356902e-002
 1.7324978e-002
 1.7290603e-002
 1.7291352e-002
 1.7290732e-002
 1.7283324e-002
 1.7341804e-002
 1.7368641e-002
 1.7387252e-002
 1.7438024e-002
 1.7458968e-002
 1.7538643e-002
 1.7665368e-002
 1.7759461e-002
 1.7903538e-002
 1.8085876e-002
 1.8291233e-002
 1.8521627e-002
 1.8794645e-002
 1.9102037e-002
 1.9438103e-002
 1.9842125e-002
 2.0306116e-002
 2.0835957e-002
 2.1449411e-002
 2.2147182e-002
 2.2961771e-002
 2.3915317e-002
 2.4998358e-002
 2.6253140e-002
 2.7695449e-002
 2.9333198e-002
 3.1185150e-002
 3.3303723e-002
 3.5721194e-002
 3.8455416e-002
 4.1545793e-002
 4.5000032e-002
 4.8820302e-002
 5.2998468e-002
 5.7630550e-002
 6.2722839e-002
 6.8247087e-002
 7.4196376e-002
 8.0593102e-002
 8.7429479e-002
 9.4663523e-002
 1.0230684e-001
 1.1033604e-001
 1.1871333e-001
 1.2740295e-001
 1.3641423e-001
 1.4569877e-001
 1.5519790e-001
 1.6487651e-001
 1.7471297e-001
 1.8468194e-001
 1.9473144e-001
 2.0479630e-001
 2.1484920e-001
 2.2484867e-001
 2.3472251e-001
 2.4449088e-001
 2.5411379e-001
 2.6352525e-001
 2.7268264e-001
 2.8157145e-001
 2.9016635e-001
 2.9842517e-001
 3.0637196e-001
 3.1399086e-001
 3.2125896e-001
 3.2815191e-001
 3.3468431e-001
 3.4086981e-001
 3.4671625e-001
 3.5222778e-001
 3.5740668e-001
 3.6227217e-001
 3.6687297e-001
 3.7118849e-001
 3.7523004e-001
 3.7901914e-001
 3.8256609e-001
 3.8590613e-001
 3.8905063e-001
 3.9199331e-001
 3.9478353e-001
 3.9743721e-001
 3.9995730e-001
 4.0232304e-001
 4.0457749e-001
 4.0673661e-001
 4.0879953e-001
 4.1076839e-001
 4.1265213e-001
 4.1445938e-001
 4.1620114e-001
 4.1789755e-001
 4.1955894e-001
 4.2119133e-001
 4.2279103e-001
 4.2434448e-001
 4.2586228e-001
 4.2736292e-001
 4.2882344e-001
 4.3026605e-001
 4.3170667e-001
 4.3314454e-001
 4.3455914e-001
 4.3594560e-001
 4.3730977e-001
 4.3867832e-001
 4.4003329e-001
 4.4137144e-001
 4.4270241e-001
 4.4399416e-001
 4.4526136e-001
 4.4651976e-001
 4.4776380e-001
 4.4900262e-001
 4.5023286e-001
 4.5144749e-001
 4.5265967e-001
 4.5385775e-001
 4.5504093e-001
 4.5622423e-001
 4.5739630e-001
 4.5855305e-001
 4.5969498e-001
 4.6083274e-001
 4.6196666e-001
 4.6309608e-001
 4.6422279e-001
 4.6536216e-001
 4.6649453e-001
 4.6760285e-001
 4.6867335e-001
 4.6974584e-001
 4.7082943e-001
 4.7192442e-001
 4.7304219e-001
 4.7416395e-001
 4.7528636e-001
 4.7642043e-001
 4.7754008e-001
 4.7863564e-001
 4.7971511e-001
 4.8081914e-001
 4.8193723e-001
 4.8304740e-001
 4.8412129e-001
 4.8513740e-001
 4.8615417e-001
 4.8719150e-001
 4.8821008e-001
 4.8919013e-001
 4.9015176e-001
 4.9112418e-001
 4.9213269e-001
 4.9314359e-001
 4.9413615e-001
 4.9510530e-001
 4.9608475e-001
 4.9709570e-001
 4.9813479e-001
 4.9915987e-001
 5.0020885e-001
 5.0128937e-001
 5.0240308e-001
 5.0357473e-001
 5.0476414e-001
 5.0593340e-001
 5.0705332e-001
 5.0818312e-001
 5.0931406e-001
 5.1041538e-001
 5.1144743e-001
 5.1240516e-001
 5.1331717e-001
 5.1422679e-001
 5.1512307e-001
 5.1599073e-001
 5.1683283e-001
 5.1767528e-001
 5.1851082e-001
 5.1934260e-001
 5.2017176e-001
 5.2098596e-001
 5.2180177e-001
 5.2260607e-001
 5.2337182e-001
 5.2413958e-001
 5.2491826e-001
 5.2572078e-001
 5.2657974e-001
 5.2746570e-001
 5.2836514e-001
 5.2927816e-001
 5.3023690e-001
 5.3125358e-001
 5.3232747e-001
 5.3344566e-001
 5.3459877e-001
 5.3578806e-001
 5.3701997e-001
 5.3830945e-001
 5.3963757e-001
 5.4100287e-001
 5.4240608e-001
 5.4379994e-001
 5.4519057e-001
 5.4658622e-001
 5.4799157e-001
 5.4938692e-001
 5.5075747e-001
 5.5209750e-001
 5.5342430e-001
 5.5472213e-001
 5.5597985e-001
 5.5718714e-001
 5.5832928e-001
 5.5942345e-001
 5.6047362e-001
 5.6145412e-001
 5.6233782e-001
 5.6311882e-001
 5.6380922e-001
 5.6443858e-001
 5.6497425e-001
 5.6539232e-001
 5.6568682e-001
 5.6587565e-001
 5.6594849e-001
 5.6589478e-001
 5.6570512e-001
 5.6538600e-001
 5.6495929e-001
 5.6445718e-001
 5.6388867e-001
 5.6327581e-001
 5.6263506e-001
 5.6196946e-001
 5.6128663e-001
 5.6064820e-001
 5.6009674e-001
 5.5959493e-001
 5.5917859e-001
 5.5887079e-001
 5.5868882e-001
 5.5868357e-001
 5.5880910e-001
 5.5905020e-001
 5.5944937e-001
 5.6003958e-001
 5.6081820e-001
 5.6177950e-001
 5.6295872e-001
 5.6431085e-001
 5.6584460e-001
 5.6759775e-001
 5.6952065e-001
 5.7161599e-001
 5.7388914e-001
 5.7633889e-001
 5.7892317e-001
 5.8161795e-001
 5.8441317e-001
 5.8732778e-001
 5.9032524e-001
 5.9337741e-001
 5.9646654e-001
 5.9959108e-001
 6.0272068e-001
 6.0582882e-001
 6.0889804e-001
 6.1191708e-001
 6.1487734e-001
 6.1777580e-001
 6.2063313e-001
 6.2342173e-001
 6.2612891e-001
 6.2875879e-001
 6.3129133e-001
 6.3373142e-001
 6.3608712e-001
 6.3836783e-001
 6.4056790e-001
 6.4268929e-001
 6.4473397e-001
 6.4669740e-001
 6.4858115e-001
 6.5039784e-001
 6.5216297e-001
 6.5383643e-001
 6.5543902e-001
 6.5699357e-001
 6.5851349e-001
 6.5998393e-001
 6.6142380e-001
 6.6285437e-001
 6.6423696e-001
 6.6558886e-001
 6.6692662e-001
 6.6825753e-001
 6.6954058e-001
 6.7079782e-001
 6.7205030e-001
 6.7329723e-001
 6.7452717e-001
 6.7574579e-001
 6.7696333e-001
 6.7818081e-001
 6.7938745e-001
 6.8057859e-001
 6.8175703e-001
 6.8292511e-001
 6.8407333e-001
 6.8519580e-001
 6.8629020e-001
 6.8739831e-001
 6.8852907e-001
 6.8967265e-001
 6.9080073e-001
 6.9188517e-001
 6.9293189e-001
 6.9397038e-001
 6.9499004e-001
 6.9602656e-001
 6.9709212e-001
 6.9815481e-001
 6.9919103e-001
 7.0020121e-001
 7.0119756e-001
 7.0220000e-001
 7.0317680e-001
 7.0411938e-001
 7.0503873e-001
 7.0598388e-001
 7.0693493e-001
 7.0786750e-001
 7.0876443e-001
 7.0964867e-001
 7.1053928e-001
 7.1143991e-001
 7.1230793e-001
 7.1315563e-001
 7.1399194e-001
 7.1482581e-001
 7.1567243e-001
 7.1649957e-001
 7.1729851e-001
 7.1808988e-001
 7.1889251e-001
 7.1968180e-001
 7.2044206e-001
 7.2119313e-001
 7.2197390e-001
 7.2277015e-001
 7.2355223e-001
 7.2431576e-001
 7.2506291e-001
 7.2580993e-001
 7.2657984e-001
 7.2736704e-001
 7.2814035e-001
 7.2888988e-001
 7.2964299e-001
 7.3040044e-001
 7.3114097e-001
 7.3185551e-001
 7.3257953e-001
 7.3331678e-001
 7.3405480e-001
 7.3477638e-001
 7.3549753e-001
 7.3621666e-001
 7.3693544e-001
 7.3765856e-001
 7.3838961e-001
 7.3909724e-001
 7.3977250e-001
 7.4044949e-001
 7.4113357e-001
 7.4183029e-001
 7.4253756e-001
 7.4322730e-001
 7.4391848e-001
 7.4462265e-001
 7.4534178e-001
 7.4603450e-001
 7.4670100e-001
 7.4735010e-001
 7.4799407e-001
 7.4864417e-001
 7.4929267e-001
 7.4994218e-001
 7.5062239e-001
 7.5128722e-001
 7.5192267e-001
 7.5254077e-001
 7.5319237e-001
 7.5385100e-001
 7.5449497e-001
 7.5511539e-001
 7.5576431e-001
 7.5642323e-001
 7.5706267e-001
 7.5765795e-001
 7.5826633e-001
 7.5887471e-001
 7.5946802e-001
 7.6004243e-001
 7.6062471e-001
 7.6121897e-001
 7.6182401e-001
 7.6244575e-001
 7.6304454e-001
 7.6362771e-001
 7.6421380e-001
 7.6478153e-001
 7.6534224e-001
 7.6590723e-001
 7.6648360e-001
 7.6706952e-001
 7.6764852e-001
 7.6822239e-001
 7.6881152e-001
 7.6939517e-001
 7.6996088e-001
 7.7049619e-001
 7.7098614e-001
 7.7149636e-001
 7.7202284e-001
 7.7254480e-001
 7.7305603e-001
 7.7358085e-001
 7.7412373e-001
 7.7466768e-001
 7.7514970e-001
 7.7564240e-001
 7.7616239e-001
 7.7668357e-001
 7.7718389e-001
 7.7765071e-001
 7.7810043e-001
 7.7857387e-001
 7.7906740e-001
 7.7959877e-001
 7.8015852e-001
 7.8069794e-001
 7.8122938e-001
 7.8175759e-001
 7.8228134e-001
 7.8278881e-001
 7.8328323e-001
 7.8377920e-001
 7.8429854e-001
 7.8486580e-001
 7.8544706e-001
 7.8603077e-001
 7.8661650e-001
 7.8720349e-001
 7.8777784e-001
 7.8834105e-001
 7.8890103e-001
 7.8944647e-001
 7.8997290e-001
 7.9047465e-001
 7.9095471e-001
 7.9146963e-001
 7.9200053e-001
 7.9252672e-001
 7.9303962e-001
 7.9356009e-001
 7.9406637e-001
 7.9455012e-001
 7.9503727e-001
 7.9553282e-001
 7.9600918e-001
 7.9646075e-001
 7.9693937e-001
 7.9741764e-001
 7.9788268e-001
 7.9834324e-001
 7.9885727e-001
 7.9938596e-001
 7.9991657e-001
 8.0044192e-001
 8.0093962e-001
 8.0145371e-001
 8.0198127e-001
 8.0249554e-001
 8.0298120e-001
 8.0348355e-001
 8.0399996e-001
 8.0450422e-001
 8.0499732e-001
 8.0549419e-001
 8.0598289e-001
 8.0644107e-001
 8.0689895e-001
 8.0737716e-001
 8.0786973e-001
 8.0835587e-001
 8.0886555e-001
 8.0935627e-001
 8.0982316e-001
 8.1030345e-001
 8.1081134e-001
 8.1131321e-001
 8.1180328e-001
 8.1231070e-001
 8.1283545e-001
 8.1334662e-001
 8.1382632e-001
 8.1427878e-001
 8.1473202e-001
 8.1520510e-001
 8.1569344e-001
 8.1616867e-001
 8.1666040e-001
 8.1715250e-001
 8.1763941e-001
 8.1814188e-001
 8.1862998e-001
 8.1909847e-001
 8.1955928e-001
 8.2004213e-001
 8.2052267e-001
 8.2099962e-001
 8.2147813e-001
 8.2196504e-001
 8.2244748e-001
 8.2289612e-001
 8.2331830e-001
 8.2378012e-001
 8.2423156e-001
 8.2465810e-001
 8.2507151e-001
 8.2551056e-001
 8.2595360e-001
 8.2638597e-001
 8.2679075e-001
 8.2715958e-001
 8.2757699e-001
 8.2800061e-001
 8.2838076e-001
 8.2870883e-001
 8.2904768e-001
 8.2937890e-001
 8.2971495e-001
 8.3012897e-001
 8.3048940e-001
 8.3081579e-001
 8.3112746e-001
 8.3140594e-001
 8.3176136e-001
 8.3206195e-001
 8.3226597e-001
 8.3249319e-001
 8.3275968e-001
 8.3299339e-001
 8.3319211e-001
 8.3343214e-001
 8.3359045e-001
 8.3378500e-001
 8.3401912e-001
 8.3417094e-001
 8.3429527e-001
 8.3441150e-001
 8.3451897e-001
 8.3461368e-001
 8.3479905e-001
 8.3490717e-001
 8.3494800e-001
 8.3505130e-001
 8.3515304e-001
 8.3518147e-001
 8.3518785e-001
 8.3525902e-001
 8.3531076e-001
 8.3528560e-001
 8.3530372e-001
 8.3546168e-001
 8.3546352e-001
 8.3559114e-001
 8.3571589e-001
 8.3570910e-001
 8.3586162e-001
 8.3603871e-001
 8.3617032e-001
 8.3631378e-001
 8.3646858e-001
 8.3663374e-001
 8.3680743e-001
 8.3698761e-001
 8.3717167e-001
 8.3735698e-001
 8.3754092e-001
 8.3772111e-001
 8.3789575e-001
 8.3806396e-001
 8.3822566e-001
 8.3838165e-001
 8.3853328e-001
 8.3868217e-001
 8.3883011e-001
 8.3897901e-001
 8.3913112e-001
 8.3928943e-001
 8.3945769e-001
 8.3964014e-001
 8.3984107e-001
 8.4006435e-001
 8.4031278e-001
 8.4058803e-001
 8.4089094e-001
 8.4122145e-001
 8.4157938e-001
 8.4196448e-001
 8.4237629e-001
 8.4281397e-001
 8.4327585e-001
 8.4375936e-001
 8.4426141e-001
 8.4477818e-001
 8.4530610e-001
 8.4584171e-001
 8.4638238e-001
 8.4692621e-001
 8.4747154e-001
 8.4801686e-001
 8.4856087e-001
 8.4910214e-001
 8.4963965e-001
 8.5017258e-001
 8.5070056e-001
 8.5122365e-001
 8.5174233e-001
 8.5225713e-001
 8.5276872e-001
 8.5327733e-001
 8.5378283e-001
 8.5428411e-001
 8.5478002e-001
 8.5526884e-001
 8.5574925e-001
 8.5622060e-001
 8.5668272e-001
 8.5713595e-001
 8.5758066e-001
 8.5801727e-001
 8.5844642e-001
 8.5886854e-001
 8.5928410e-001
 8.5969365e-001
 8.6009723e-001
 8.6049467e-001
 8.6088520e-001
 8.6126786e-001
 8.6164200e-001
 8.6200678e-001
 8.6236209e-001
 8.6270797e-001
 8.6304462e-001
 8.6337227e-001
 8.6369073e-001
 8.6399996e-001
 8.6429989e-001
 8.6459082e-001
 8.6487353e-001
 8.6514896e-001
 8.6541843e-001
 8.6568302e-001
 8.6594343e-001
 8.6620003e-001
 8.6645257e-001
 8.6670041e-001
 8.6694252e-001
 8.6717743e-001
 8.6740327e-001
 8.6761737e-001
 8.6781639e-001
 8.6799634e-001
 8.6815268e-001
 8.6828053e-001
 8.6837548e-001
 8.6843342e-001
 8.6845148e-001
 8.6842769e-001
 8.6836129e-001
 8.6825240e-001
 8.6810213e-001
 8.6791188e-001
 8.6768347e-001
 8.6741865e-001
 8.6711949e-001
 8.6678874e-001
 8.6643016e-001
 8.6604935e-001
 8.6565328e-001
 8.6525065e-001
 8.6485100e-001
 8.6446387e-001
 8.6409831e-001
 8.6376244e-001
 8.6346263e-001
 8.6320394e-001
 8.6298937e-001
 8.6282009e-001
 8.6269599e-001
 8.6261559e-001
 8.6257744e-001
 8.6258072e-001
 8.6262619e-001
 8.6271650e-001
 8.6285633e-001
 8.6305195e-001
 8.6331052e-001
 8.6363870e-001
 8.6404181e-001
 8.6452270e-001
 8.6508060e-001
 8.6571133e-001
 8.6640668e-001
 8.6715496e-001
 8.6794221e-001
 8.6875272e-001
 8.6957043e-001
 8.7038046e-001
 8.7116933e-001
 8.7192619e-001
 8.7264234e-001
 8.7331164e-001
 8.7393016e-001
 8.7449574e-001
 8.7500817e-001
 8.7546837e-001
 8.7587839e-001
 8.7624115e-001
 8.7655985e-001
 8.7683773e-001
 8.7707782e-001
 8.7728292e-001
 8.7745559e-001
 8.7759811e-001
 8.7771267e-001
 8.7780130e-001
 8.7786585e-001
 8.7790829e-001
 8.7793034e-001
 8.7793416e-001
 8.7792176e-001
 8.7789536e-001
 8.7785721e-001
 8.7780905e-001
 8.7775218e-001
 8.7768722e-001
 8.7761432e-001
 8.7753350e-001
 8.7744492e-001
 8.7734926e-001
 8.7724751e-001
 8.7714118e-001
 8.7703151e-001
 8.7691939e-001
 8.7680537e-001
 8.7668926e-001
 8.7657070e-001
 8.7644911e-001
 8.7632376e-001
 8.7619394e-001
 8.7605876e-001
 8.7591749e-001
 8.7576932e-001
 8.7561381e-001
 8.7545109e-001
 8.7528175e-001
 8.7510693e-001
 8.7492818e-001
 8.7474692e-001
 8.7456417e-001
 8.7438059e-001
 8.7419611e-001
 8.7401056e-001
 8.7382340e-001
 8.7363440e-001
 8.7344325e-001
 8.7325001e-001
 8.7305486e-001
 8.7285811e-001
 8.7266004e-001
 8.7246120e-001
 8.7226206e-001
 8.7206310e-001
 8.7186444e-001
 8.7166601e-001
 8.7146711e-001
 8.7126672e-001
 8.7106353e-001
 8.7085623e-001
 8.7064368e-001
 8.7042499e-001
 8.7019968e-001
 8.6996782e-001
 8.6972964e-001
 8.6948597e-001
 8.6923754e-001
 8.6898518e-001
 8.6872947e-001
 8.6847061e-001
 8.6820859e-001
 8.6794299e-001
 8.6767304e-001
 8.6739808e-001
 8.6711746e-001
 8.6683083e-001
 8.6653811e-001
 8.6623967e-001
 8.6593616e-001
 8.6562848e-001
 8.6531770e-001
 8.6500472e-001
 8.6469001e-001
 8.6437374e-001
 8.6405563e-001
 8.6373490e-001
 8.6341071e-001
 8.6308169e-001
 8.6274689e-001
 8.6240512e-001
 8.6205548e-001
 8.6169726e-001
 8.6133015e-001
 8.6095423e-001
 8.6057025e-001
 8.6017931e-001
 8.5978347e-001
 8.5938489e-001
 8.5898668e-001
 8.5859197e-001
 8.5820377e-001
 8.5782516e-001
 8.5745847e-001
 8.5710585e-001
 8.5676914e-001
 8.5644990e-001
 8.5614979e-001
 8.5587043e-001
 8.5561341e-001
 8.5538012e-001
 8.5517156e-001
 8.5498828e-001
 8.5483050e-001
 8.5469800e-001
 8.5459030e-001
 8.5450631e-001
 8.5444480e-001
 8.5440373e-001
 8.5438043e-001
 8.5437179e-001
 8.5437453e-001
 8.5438567e-001
 8.5440278e-001
 8.5442448e-001
 8.5445023e-001
 8.5448050e-001
 8.5451609e-001
 8.5455805e-001
 8.5460746e-001
 8.5466540e-001
 8.5473269e-001
 8.5481024e-001
 8.5489887e-001
 8.5499930e-001
 8.5511214e-001
 8.5523742e-001
 8.5537487e-001
 8.5552347e-001
 8.5568208e-001
 8.5584933e-001
 8.5602397e-001
 8.5620534e-001
 8.5639334e-001
 8.5658842e-001
 8.5679114e-001
 8.5700172e-001
 8.5721987e-001
 8.5744417e-001
 8.5767233e-001
 8.5790145e-001
 8.5812831e-001
 8.5835016e-001
 8.5856485e-001
 8.5877132e-001
 8.5896987e-001
 8.5916173e-001
 8.5934931e-001
 8.5953540e-001
 8.5972261e-001
 8.5991305e-001
 8.6010772e-001
 8.6030614e-001
 8.6050653e-001
 8.6070603e-001
 8.6090076e-001
 8.6108685e-001
 8.6126035e-001
 8.6141825e-001
 8.6155820e-001
 8.6167920e-001
 8.6178088e-001
 8.6186367e-001
 8.6192799e-001
 8.6197382e-001
 8.6200076e-001
 8.6200768e-001
 8.6199284e-001
 8.6195409e-001
 8.6188924e-001
 8.6179632e-001
 8.6167383e-001
 8.6152118e-001
 8.6133879e-001
 8.6112791e-001
 8.6089063e-001
 8.6062956e-001
 8.6034739e-001
 8.6004674e-001
 8.5972953e-001
 8.5939717e-001
 8.5905021e-001
 8.5868877e-001
 8.5831225e-001
 8.5792017e-001
 8.5751164e-001
 8.5708624e-001
 8.5664356e-001
 8.5618335e-001
 8.5570580e-001
 8.5521102e-001
 8.5469937e-001
 8.5417104e-001
 8.5362560e-001
 8.5306221e-001
 8.5247910e-001
 8.5187382e-001
 8.5124326e-001
 8.5058361e-001
 8.4989136e-001
 8.4916306e-001
 8.4839654e-001
 8.4759074e-001
 8.4674615e-001
 8.4586519e-001
 8.4495217e-001
 8.4401292e-001
 8.4305555e-001
 8.4208935e-001
 8.4112513e-001
 8.4017420e-001
 8.3924705e-001
 8.3835357e-001
 8.3750087e-001
 8.3669388e-001
 8.3593434e-001
 8.3522111e-001
 8.3455110e-001
 8.3391982e-001
 8.3332294e-001
 8.3275682e-001
 8.3221936e-001
 8.3171040e-001
 8.3123076e-001
 8.3078235e-001
 8.3036691e-001
 8.2998502e-001
 8.2963568e-001
 8.2931596e-001
 8.2902038e-001
 8.2874161e-001
 8.2847017e-001
 8.2819539e-001
 8.2790583e-001
 8.2758987e-001
 8.2723647e-001
 8.2683551e-001
 8.2637829e-001
 8.2585710e-001
 8.2526535e-001
 8.2459748e-001
 8.2384843e-001
 8.2301414e-001
 8.2209146e-001
 8.2107764e-001
 8.1997120e-001
 8.1877089e-001
 8.1747597e-001
 8.1608635e-001
 8.1460136e-001
 8.1302178e-001
 8.1134796e-001
 8.0958188e-001
 8.0772656e-001
 8.0578530e-001
 8.0376273e-001
 8.0166370e-001
 7.9949200e-001
 7.9725152e-001
 7.9494393e-001
 7.9257029e-001
 7.9013044e-001
 7.8762245e-001
 7.8504521e-001
 7.8239679e-001
 7.7967781e-001
 7.7689105e-001
 7.7404124e-001
 7.7113748e-001
 7.6818997e-001
 7.6521116e-001
 7.6221305e-001
 7.5920421e-001
 7.5619125e-001
 7.5317520e-001
 7.5015396e-001
 7.4712259e-001
 7.4407321e-001
 7.4099916e-001
 7.3789513e-001
 7.3475766e-001
 7.3158824e-001
 7.2839057e-001
 7.2517288e-001
 7.2194600e-001
 7.1872133e-001
 7.1551275e-001
 7.1233243e-001
 7.0919323e-001
 7.0610690e-001
 7.0308280e-001
 7.0013058e-001
 6.9725710e-001
 6.9446951e-001
 6.9177383e-001
 6.8917471e-001
 6.8667716e-001
 6.8428445e-001
 6.8199980e-001
 6.7982531e-001
 6.7776096e-001
 6.7580575e-001
 6.7395657e-001
 6.7220712e-001
 6.7054951e-001
 6.6897237e-001
 6.6746306e-001
 6.6600722e-001
 6.6458911e-001
 6.6319346e-001
 6.6180408e-001
 6.6040570e-001
 6.5898341e-001
 6.5752262e-001
 6.5601009e-001
 6.5443361e-001
 6.5278339e-001
 6.5105271e-001
 6.4923787e-001
 6.4734095e-001
 6.4536893e-001
 6.4333588e-001
 6.4126295e-001
 6.3917786e-001
 6.3711619e-001
 6.3511831e-001
 6.3322932e-001
 6.3149571e-001
 6.2996137e-001
 6.2866545e-001
 6.2763834e-001
 6.2689871e-001
 6.2645262e-001
 6.2629282e-001
 6.2639970e-001
 6.2674350e-001
 6.2728709e-001
 6.2798905e-001
 6.2880784e-001
 6.2970400e-001
 6.3064301e-001
 6.3159734e-001
 6.3254613e-001
 6.3347578e-001
 6.3437831e-001
 6.3525075e-001
 6.3609385e-001
 6.3691074e-001
 6.3770658e-001
 6.3848728e-001
 6.3925910e-001
 6.4002872e-001
 6.4080179e-001
 6.4158356e-001
 6.4237839e-001
 6.4318943e-001
 6.4401925e-001
 6.4486945e-001
 6.4574111e-001
 6.4663547e-001
 6.4755338e-001
 6.4849615e-001
 6.4946467e-001
 6.5045959e-001
 6.5148115e-001
 6.5252823e-001
 6.5359885e-001
 6.5468949e-001
 6.5579569e-001
 6.5691280e-001
 6.5803534e-001
 6.5915829e-001
 6.6027677e-001
 6.6138607e-001
 6.6248250e-001
 6.6356218e-001
 6.6462266e-001
 6.6566157e-001
 6.6667759e-001
 6.6767073e-001
 6.6864175e-001
 6.6959268e-001
 6.7052698e-001
 6.7144871e-001
 6.7236310e-001
 6.7327541e-001
 6.7419052e-001
 6.7511308e-001
 6.7604595e-001
 6.7699128e-001
 6.7794925e-001
 6.7891872e-001
 6.7989767e-001
 6.8088281e-001
 6.8187088e-001
 6.8285811e-001
 6.8384081e-001
 6.8481600e-001
 6.8578058e-001
 6.8673253e-001
 6.8767017e-001
 6.8859249e-001
 6.8949956e-001
 6.9039184e-001
 6.9127035e-001
 6.9213659e-001
 6.9299191e-001
 6.9383776e-001
 6.9467509e-001
 6.9550484e-001
 6.9632804e-001
 6.9714540e-001
 6.9795781e-001
 6.9876558e-001
 6.9956851e-001
 7.0036584e-001
 7.0115566e-001
 7.0193565e-001
 7.0270306e-001
 7.0345497e-001
 7.0418942e-001
 7.0490491e-001
 7.0560139e-001
 7.0628011e-001
 7.0694315e-001
 7.0759386e-001
 7.0823556e-001
 7.0887130e-001
 7.0950371e-001
 7.1013397e-001
 7.1076244e-001
 7.1138871e-001
 7.1201169e-001
 7.1263057e-001
 7.1324414e-001
 7.1385139e-001
 7.1445084e-001
 7.1504039e-001
 7.1561736e-001
 7.1617830e-001
 7.1671957e-001
 7.1723735e-001
 7.1772832e-001
 7.1819001e-001
 7.1862060e-001
 7.1901935e-001
 7.1938604e-001
 7.1972072e-001
 7.2002363e-001
 7.2029400e-001
 7.2053063e-001
 7.2073084e-001
 7.2089076e-001
 7.2100556e-001
 7.2106957e-001
 7.2107667e-001
 7.2102094e-001
 7.2089714e-001
 7.2070116e-001
 7.2043014e-001
 7.2008306e-001
 7.1966028e-001
 7.1916395e-001
 7.1859741e-001
 7.1796530e-001
 7.1727270e-001
 7.1652478e-001
 7.1572638e-001
 7.1488148e-001
 7.1399367e-001
 7.1306652e-001
 7.1210402e-001
 7.1111262e-001
 7.1010107e-001
 7.0908189e-001
 7.0807052e-001
 7.0708454e-001
 7.0614260e-001
 7.0526248e-001
 7.0445907e-001
 7.0374376e-001
 7.0312321e-001
 7.0260000e-001
 7.0217264e-001
 7.0183682e-001
 7.0158631e-001
 7.0141399e-001
 7.0131248e-001
 7.0127475e-001
 7.0129389e-001
 7.0136333e-001
 7.0147717e-001
 7.0163023e-001
 7.0181841e-001
 7.0204002e-001
 7.0229572e-001
 7.0258993e-001
 7.0293045e-001
 7.0332861e-001
 7.0379877e-001
 7.0435703e-001
 7.0501971e-001
 7.0580184e-001
 7.0671481e-001
 7.0776564e-001
 7.0895505e-001
 7.1027708e-001
 7.1172005e-001
 7.1326584e-001
 7.1489298e-001
 7.1657646e-001
 7.1829033e-001
 7.2000957e-001
 7.2171026e-001
 7.2337204e-001
 7.2497773e-001
 7.2651446e-001
 7.2797412e-001
 7.2935206e-001
 7.3064798e-001
 7.3186398e-001
 7.3300439e-001
 7.3407507e-001
 7.3508137e-001
 7.3602885e-001
 7.3692155e-001
 7.3776233e-001
 7.3855335e-001
 7.3929584e-001
 7.3999065e-001
 7.4063921e-001
 7.4124247e-001
 7.4180216e-001
 7.4232006e-001
 7.4279845e-001
 7.4324018e-001
 7.4364859e-001
 7.4402779e-001
 7.4438179e-001
 7.4471486e-001
 7.4503088e-001
 7.4533314e-001
 7.4562448e-001
 7.4590683e-001
 7.4618173e-001
 7.4645007e-001
 7.4671215e-001
 7.4696821e-001
 7.4721813e-001
 7.4746197e-001
 7.4770004e-001
 7.4793243e-001
 7.4815905e-001
 7.4837923e-001
 7.4859136e-001
 7.4879318e-001
 7.4898183e-001
 7.4915493e-001
 7.4931109e-001
 7.4945080e-001
 7.4957693e-001
 7.4969411e-001
 7.4980855e-001
 7.4992681e-001
 7.5005466e-001
 7.5019652e-001
 7.5035465e-001
 7.5052917e-001
 7.5071818e-001
 7.5091845e-001
 7.5112557e-001
 7.5133502e-001
 7.5154233e-001
 7.5174409e-001
 7.5193793e-001
 7.5212282e-001
 7.5229889e-001
 7.5246686e-001
 7.5262773e-001
 7.5278223e-001
 7.5293058e-001
 7.5307262e-001
 7.5320745e-001
 7.5333375e-001
 7.5344986e-001
 7.5355393e-001
 7.5364447e-001
 7.5372052e-001
 7.5378191e-001
 7.5382930e-001
 7.5386417e-001
 7.5388831e-001
 7.5390375e-001
 7.5391233e-001
 7.5391597e-001
 7.5391638e-001
 7.5391525e-001
 7.5391418e-001
 7.5391454e-001
 7.5391740e-001
 7.5392324e-001
 7.5393206e-001
 7.5394315e-001
 7.5395530e-001
 7.5396687e-001
 7.5397617e-001
 7.5398171e-001
 7.5398266e-001
 7.5397903e-001
 7.5397176e-001
 7.5396252e-001
 7.5395340e-001
 7.5394642e-001
 7.5394315e-001
 7.5394434e-001
 7.5394958e-001
 7.5395739e-001
 7.5396508e-001
 7.5396878e-001
 7.5396413e-001
 7.5394642e-001
 7.5391173e-001
 7.5385767e-001
 7.5378382e-001
 7.5369203e-001
 7.5358629e-001
 7.5347149e-001
 7.5335312e-001
 7.5323606e-001
 7.5312424e-001
 7.5302047e-001
 7.5292629e-001
 7.5284243e-001
 7.5276887e-001
 7.5270492e-001
 7.5264937e-001
 7.5260073e-001
 7.5255716e-001
 7.5251716e-001
 7.5247788e-001
 7.5244141e-001
 7.5240600e-001
 7.5237310e-001
 7.5234419e-001
 7.5232029e-001
 7.5230122e-001
 7.5228626e-001
 7.5227463e-001
 7.5226629e-001
 7.5226235e-001
 7.5226450e-001
 7.5227487e-001
 7.5229502e-001
 7.5232601e-001
 7.5236762e-001
 7.5241846e-001
 7.5247580e-001
 7.5253576e-001
 7.5259370e-001
 7.5264513e-001
 7.5268656e-001
 7.5271618e-001
 7.5273454e-001
 7.5274432e-001
 7.5274992e-001
 7.5275624e-001
 7.5276750e-001
 7.5278634e-001
 7.5281346e-001
 7.5284779e-001
 7.5288743e-001
 7.5292987e-001
 7.5297260e-001
 7.5301307e-001
 7.5304878e-001
 7.5307739e-001
 7.5309718e-001
 7.5310802e-001
 7.5311136e-001
 7.5310999e-001
 7.5310713e-001
 7.5310528e-001
 7.5310546e-001
 7.5310725e-001
 7.5310922e-001
 7.5310993e-001
 7.5310826e-001
 7.5310415e-001
 7.5309879e-001
 7.5309473e-001
 7.5309598e-001
 7.5310755e-001
 7.5313425e-001
 7.5317907e-001
 7.5324178e-001
 7.5331849e-001
 7.5340182e-001
 7.5348312e-001
 7.5355494e-001
 7.5361258e-001
 7.5365555e-001
 7.5368625e-001
 7.5370830e-001
 7.5372362e-001
 7.5373048e-001
 7.5372267e-001
 7.5369018e-001
 7.5362134e-001
 7.5350559e-001
 7.5333530e-001
 7.5310701e-001
 7.5282079e-001
 7.5247955e-001
 7.5208724e-001
 7.5164819e-001
 7.5116622e-001
 7.5064445e-001
 7.5008553e-001
 7.4949116e-001
 7.4886227e-001
 7.4819893e-001
 7.4749988e-001
 7.4676275e-001
 7.4598360e-001
 7.4515712e-001
 7.4427694e-001
 7.4333549e-001
 7.4232554e-001
 7.4124062e-001
 7.4007571e-001
 7.3882896e-001
 7.3750150e-001
 7.3609847e-001
 7.3462749e-001
 7.3309678e-001
 7.3151469e-001
 7.2988713e-001
 7.2821873e-001
 7.2651362e-001
 7.2477639e-001
 7.2301501e-001
 7.2123957e-001
 7.1946269e-001
 7.1769738e-001
 7.1595472e-001
 7.1424419e-001
 7.1257186e-001
 7.1094251e-001
 7.0935953e-001
 7.0782459e-001
 7.0633888e-001
 7.0490104e-001
 7.0350760e-001
 7.0215225e-001
 7.0082575e-001
 6.9951832e-001
 6.9822079e-001
 6.9692588e-001
 6.9563025e-001
 6.9433308e-001
 6.9303578e-001
 6.9173986e-001
 6.9044477e-001
 6.8914902e-001
 6.8784863e-001
 6.8653959e-001
 6.8521762e-001
 6.8387830e-001
 6.8251783e-001
 6.8113172e-001
 6.7971599e-001
 6.7826676e-001
 6.7678034e-001
 6.7525482e-001
 6.7368865e-001
 6.7208159e-001
 6.7043418e-001
 6.6874605e-001
 6.6701734e-001
 6.6524780e-001
 6.6343647e-001
 6.6158414e-001
 6.5969133e-001
 6.5776074e-001
 6.5579599e-001
 6.5380090e-001
 6.5178043e-001
 6.4973825e-001
 6.4767826e-001
 6.4560395e-001
 6.4351839e-001
 6.4142698e-001
 6.3933682e-001
 6.3725883e-001
 6.3520682e-001
 6.3319629e-001
 6.3124472e-001
 6.2936848e-001
 6.2758386e-001
 6.2590551e-001
 6.2434542e-001
 6.2291336e-001
 6.2161547e-001
 6.2045372e-001
 6.1942625e-001
 6.1852694e-001
 6.1774611e-001
 6.1707062e-001
 6.1648381e-001
 6.1596644e-001
 6.1549687e-001
 6.1505282e-001
 6.1461270e-001
 6.1415672e-001
 6.1366832e-001
 6.1313403e-001
 6.1254412e-001
 6.1189193e-001
 6.1117411e-001
 6.1039084e-001
 6.0954529e-001
 6.0864365e-001
 6.0769433e-001
 6.0670656e-001
 6.0568970e-001
 6.0465145e-001
 6.0359806e-001
 6.0253376e-001
 6.0146129e-001
 6.0038382e-001
 5.9930557e-001
 5.9823197e-001
 5.9717059e-001
 5.9612936e-001
 5.9511697e-001
 5.9414184e-001
 5.9321213e-001
 5.9233618e-001
 5.9152114e-001
 5.9077299e-001
 5.9009475e-001
 5.8948666e-001
 5.8894521e-001
 5.8846503e-001
 5.8804029e-001
 5.8766502e-001
 5.8733374e-001
 5.8704066e-001
 5.8677840e-001
 5.8653688e-001
 5.8630365e-001
 5.8606458e-001
 5.8580512e-001
 5.8551204e-001
 5.8517462e-001
 5.8478498e-001
 5.8433837e-001
 5.8383185e-001
 5.8326393e-001
 5.8263284e-001
 5.8193600e-001
 5.8117115e-001
 5.8033633e-001
 5.7943106e-001
 5.7845771e-001
 5.7741988e-001
 5.7632208e-001
 5.7516998e-001
 5.7396817e-001
 5.7272190e-001
 5.7143682e-001
 5.7012039e-001
 5.6878024e-001
 5.6742412e-001
 5.6606019e-001
 5.6469464e-001
 5.6333286e-001
 5.6198055e-001
 5.6064212e-001
 5.5932164e-001
 5.5802155e-001
 5.5674273e-001
 5.5548215e-001
 5.5423355e-001
 5.5298936e-001
 5.5173981e-001
 5.5047512e-001
 5.4918683e-001
 5.4786652e-001
 5.4650646e-001
 5.4510069e-001
 5.4364365e-001
 5.4213184e-001
 5.4056394e-001
 5.3894264e-001
 5.3727174e-001
 5.3555679e-001
 5.3380525e-001
 5.3202337e-001
 5.3021729e-001
 5.2839422e-001
 5.2656060e-001
 5.2472377e-001
 5.2289176e-001
 5.2107489e-001
 5.1928353e-001
 5.1752883e-001
 5.1582390e-001
 5.1418066e-001
 5.1261002e-001
 5.1112187e-001
 5.0972193e-001
 5.0841242e-001
 5.0719172e-001
 5.0605518e-001
 5.0499392e-001
 5.0399566e-001
 5.0304592e-001
 5.0212723e-001
 5.0122118e-001
 5.0031024e-001
 4.9937776e-001
 4.9840873e-001
 4.9739087e-001
 4.9631283e-001
 4.9516550e-001
 4.9394172e-001
 4.9263805e-001
 4.9125314e-001
 4.8978823e-001
 4.8824793e-001
 4.8663723e-001
 4.8496205e-001
 4.8323005e-001
 4.8144808e-001
 4.7962341e-001
 4.7776279e-001
 4.7587365e-001
 4.7396070e-001
 4.7202653e-001
 4.7007215e-001
 4.6809408e-001
 4.6608609e-001
 4.6404174e-001
 4.6195292e-001
 4.5981294e-001
 4.5761919e-001
 4.5537087e-001
 4.5307085e-001
 4.5072404e-001
 4.4833869e-001
 4.4592270e-001
 4.4348481e-001
 4.4103670e-001
 4.3858942e-001
 4.3615484e-001
 4.3374708e-001
 4.3137833e-001
 4.2906100e-001
 4.2680642e-001
 4.2462698e-001
 4.2253268e-001
 4.2053244e-001
 4.1863465e-001
 4.1684380e-001
 4.1516167e-001
 4.1358855e-001
 4.1212159e-001
 4.1075686e-001
 4.0949097e-001
 4.0831965e-001
 4.0723881e-001
 4.0624398e-001
 4.0533099e-001
 4.0449452e-001
 4.0372935e-001
 4.0303120e-001
 4.0239620e-001
 4.0182176e-001
 4.0130702e-001
 4.0085194e-001
 4.0045762e-001
 4.0012598e-001
 3.9985976e-001
 3.9966169e-001
 3.9953452e-001
 3.9948037e-001
 3.9950007e-001
 3.9959297e-001
 3.9975598e-001
 3.9998338e-001
 4.0026665e-001
 4.0059456e-001
 4.0095496e-001
 4.0133604e-001
 4.0172818e-001
 4.0212432e-001
 4.0252048e-001
 4.0291482e-001
 4.0330669e-001
 4.0369651e-001
 4.0408579e-001
 4.0447715e-001
 4.0487528e-001
 4.0528649e-001
 4.0571830e-001
 4.0617782e-001
 4.0667140e-001
 4.0720347e-001
 4.0777618e-001
 4.0839061e-001
 4.0904698e-001
 4.0974426e-001
 4.1048113e-001
 4.1125482e-001
 4.1206035e-001
 4.1289157e-001
 4.1374132e-001
 4.1460258e-001
 4.1546872e-001
 4.1633523e-001
 4.1719908e-001
 4.1805792e-001
 4.1891098e-001
 4.1975817e-001
 4.2059991e-001
 4.2143863e-001
 4.2227826e-001
 4.2312473e-001
 4.2398483e-001
 4.2486665e-001
 4.2577833e-001
 4.2672679e-001
 4.2771882e-001
 4.2876032e-001
 4.2985576e-001
 4.3100917e-001
 4.3222275e-001
 4.3349671e-001
 4.3482801e-001
 4.3621251e-001
 4.3764517e-001
 4.3911991e-001
 4.4063237e-001
 4.4217870e-001
 4.4375360e-001
 4.4535172e-001
 4.4696635e-001
 4.4858867e-001
 4.5021138e-001
 4.5182851e-001
 4.5343688e-001
 4.5503435e-001
 4.5662096e-001
 4.5819631e-001
 4.5975745e-001
 4.6130094e-001
 4.6282277e-001
 4.6431866e-001
 4.6578771e-001
 4.6723163e-001
 4.6865514e-001
 4.7006321e-001
 4.7146150e-001
 4.7285375e-001
 4.7423956e-001
 4.7561678e-001
 4.7698137e-001
 4.7832790e-001
 4.7965303e-001
 4.8095506e-001
 4.8223266e-001
 4.8348582e-001
 4.8471382e-001
 4.8591569e-001
 4.8708969e-001
 4.8823565e-001
 4.8935467e-001
 4.9044806e-001
 4.9151841e-001
 4.9256843e-001
 4.9360007e-001
 4.9461612e-001
 4.9561951e-001
 4.9661362e-001
 4.9760121e-001
 4.9858502e-001
 4.9956656e-001
 5.0054502e-001
 5.0151855e-001
 5.0248384e-001
 5.0343645e-001
 5.0437331e-001
 5.0529271e-001
 5.0619382e-001
 5.0707787e-001
 5.0794661e-001
 5.0880206e-001
 5.0964594e-001
 5.1048070e-001
 5.1130903e-001
 5.1213312e-001
 5.1295489e-001
 5.1377511e-001
 5.1459199e-001
 5.1540303e-001
 5.1620460e-001
 5.1699317e-001
 5.1776510e-001
 5.1851773e-001
 5.1924855e-001
 5.1995438e-001
 5.2063227e-001
 5.2127945e-001
 5.2189308e-001
 5.2247256e-001
 5.2301913e-001
 5.2353531e-001
 5.2402472e-001
 5.2448994e-001
 5.2493179e-001
 5.2534860e-001
 5.2573806e-001
 5.2609861e-001
 5.2643049e-001
 5.2673656e-001
 5.2702135e-001
 5.2728975e-001
 5.2754599e-001
 5.2779335e-001
 5.2803457e-001
 5.2827287e-001
 5.2851272e-001
 5.2875960e-001
 5.2901918e-001
 5.2929598e-001
 5.2959257e-001
 5.2990884e-001
 5.3024364e-001
 5.3059632e-001
 5.3096819e-001
 5.3136379e-001
 5.3178942e-001
 5.3225166e-001
 5.3275412e-001
 5.3329688e-001
 5.3387529e-001
 5.3448099e-001
 5.3510433e-001
 5.3573579e-001
 5.3636658e-001
 5.3698975e-001
 5.3759933e-001
 5.3819019e-001
 5.3875703e-001
 5.3929555e-001
 5.3980237e-001
 5.4027492e-001
 5.4071230e-001
 5.4111499e-001
 5.4148477e-001
 5.4182607e-001
 5.4214543e-001
 5.4245186e-001
 5.4275501e-001
 5.4306412e-001
 5.4338616e-001
 5.4372513e-001
 5.4408216e-001
 5.4445541e-001
 5.4483944e-001
 5.4522550e-001
 5.4560071e-001
 5.4594928e-001
 5.4625499e-001
 5.4650378e-001
 5.4668593e-001
 5.4679722e-001
 5.4683882e-001
 5.4681599e-001
 5.4673666e-001
 5.4660988e-001
 5.4644501e-001
 5.4625100e-001
 5.4603624e-001
 5.4580861e-001
 5.4557580e-001
 5.4534620e-001
 5.4512888e-001
 5.4493433e-001
 5.4477364e-001
 5.4465693e-001
 5.4459220e-001
 5.4458433e-001
 5.4463542e-001
 5.4474574e-001
 5.4491442e-001
 5.4513919e-001
 5.4541516e-001
 5.4573405e-001
 5.4608315e-001
 5.4644662e-001
 5.4680693e-001
 5.4714692e-001
 5.4745299e-001
 5.4771775e-001
 5.4794133e-001
 5.4813194e-001
 5.4830343e-001
 5.4847157e-001
 5.4865110e-001
 5.4885364e-001
 5.4908699e-001
 5.4935580e-001
 5.4966182e-001
 5.5000371e-001
 5.5037671e-001
 5.5077308e-001
 5.5118304e-001
 5.5159676e-001
 5.5200762e-001
 5.5241358e-001
 5.5281818e-001
 5.5322868e-001
 5.5365425e-001
 5.5410290e-001
 5.5457926e-001
 5.5508494e-001
 5.5561870e-001
 5.5617779e-001
 5.5675960e-001
 5.5736166e-001
 5.5798137e-001
 5.5861461e-001
 5.5925596e-001
 5.5989808e-001
 5.6053269e-001
 5.6115168e-001
 5.6174767e-001
 5.6231272e-001
 5.6283975e-001
 5.6332237e-001
 5.6375587e-001
 5.6413871e-001
 5.6447196e-001
 5.6475782e-001
 5.6499684e-001
 5.6518745e-001
 5.6532508e-001
 5.6540400e-001
 5.6541902e-001
 5.6536704e-001
 5.6524754e-001
 5.6506205e-001
 5.6481296e-001
 5.6450206e-001
 5.6412965e-001
 5.6369287e-001
 5.6318617e-001
 5.6260240e-001
 5.6193328e-001
 5.6117159e-001
 5.6031311e-001
 5.5935669e-001
 5.5830479e-001
 5.5716366e-001
 5.5594093e-001
 5.5464607e-001
 5.5328864e-001
 5.5187935e-001
 5.5042803e-001
 5.4894429e-001
 5.4743928e-001
 5.4592413e-001
 5.4441077e-001
 5.4291284e-001
 5.4144198e-001
 5.4000854e-001
 5.3861940e-001
 5.3727931e-001
 5.3598887e-001
 5.3474653e-001
 5.3355020e-001
 5.3239608e-001
 5.3127897e-001
 5.3019208e-001
 5.2912438e-001
 5.2806246e-001
 5.2699184e-001
 5.2590078e-001
 5.2478111e-001
 5.2363014e-001
 5.2245057e-001
 5.2124768e-001
 5.2002901e-001
 5.1880378e-001
 5.1758057e-001
 5.1636767e-001
 5.1517230e-001
 5.1399845e-001
 5.1284653e-001
 5.1171255e-001
 5.1058871e-001
 5.0946259e-001
 5.0831908e-001
 5.0714308e-001
 5.0592053e-001
 5.0464135e-001
 5.0330269e-001
 5.0190717e-001
 5.0046295e-001
 4.9897981e-001
 4.9746767e-001
 4.9593312e-001
 4.9438152e-001
 4.9282116e-001
 4.9126309e-001
 4.8972154e-001
 4.8821077e-001
 4.8673743e-001
 4.8529866e-001
 4.8388517e-001
 4.8248619e-001
 4.8109880e-001
 4.7973174e-001
 4.7840530e-001
 4.7714359e-001
 4.7596857e-001
 4.7489610e-001
 4.7393197e-001
 4.7307271e-001
 4.7230774e-001
 4.7162169e-001
 4.7100040e-001
 4.7043470e-001
 4.6992230e-001
 4.6946457e-001
 4.6906334e-001
-1.2300000e+034
