s07_ASD Record=1511: Antigorite NMNH96917.c 120um  BECKb AREF
 1.7440270e-001
 1.7423593e-001
 1.7431943e-001
 1.7462251e-001
 1.7509602e-001
 1.7569411e-001
 1.7638901e-001
 1.7716922e-001
 1.7802970e-001
 1.7896172e-001
 1.7994888e-001
 1.8096714e-001
 1.8198708e-001
 1.8297443e-001
 1.8389124e-001
 1.8469875e-001
 1.8536028e-001
 1.8584301e-001
 1.8612227e-001
 1.8618974e-001
 1.8606287e-001
 1.8578804e-001
 1.8543105e-001
 1.8505803e-001
 1.8471719e-001
 1.8442714e-001
 1.8417287e-001
 1.8391769e-001
 1.8362734e-001
 1.8328707e-001
 1.8290648e-001
 1.8251561e-001
 1.8215868e-001
 1.8189503e-001
 1.8179812e-001
 1.8193382e-001
 1.8233916e-001
 1.8301263e-001
 1.8391147e-001
 1.8496370e-001
 1.8609183e-001
 1.8723157e-001
 1.8833502e-001
 1.8936019e-001
 1.9025911e-001
 1.9097787e-001
 1.9147058e-001
 1.9171789e-001
 1.9173686e-001
 1.9157760e-001
 1.9131173e-001
 1.9102192e-001
 1.9079435e-001
 1.9070810e-001
 1.9081913e-001
 1.9114651e-001
 1.9166483e-001
 1.9231847e-001
 1.9306123e-001
 1.9388600e-001
 1.9483063e-001
 1.9589533e-001
 1.9705917e-001
 1.9829781e-001
 1.9952941e-001
 2.0063454e-001
 2.0156214e-001
 2.0233782e-001
 2.0303649e-001
 2.0376581e-001
 2.0462903e-001
 2.0568189e-001
 2.0691106e-001
 2.0824179e-001
 2.0956816e-001
 2.1079537e-001
 2.1187484e-001
 2.1281201e-001
 2.1364340e-001
 2.1440437e-001
 2.1511552e-001
 2.1579839e-001
 2.1650338e-001
 2.1731746e-001
 2.1833357e-001
 2.1959367e-001
 2.2104226e-001
 2.2252430e-001
 2.2383462e-001
 2.2479746e-001
 2.2533597e-001
 2.2549725e-001
 2.2541735e-001
 2.2524647e-001
 2.2508046e-001
 2.2493903e-001
 2.2480100e-001
 2.2466896e-001
 2.2460650e-001
 2.2471327e-001
 2.2506465e-001
 2.2567248e-001
 2.2649778e-001
 2.2749403e-001
 2.2863567e-001
 2.2989966e-001
 2.3121005e-001
 2.3241594e-001
 2.3336090e-001
 2.3401619e-001
 2.3455803e-001
 2.3528796e-001
 2.3643559e-001
 2.3800334e-001
 2.3978579e-001
 2.4153364e-001
 2.4311219e-001
 2.4454151e-001
 2.4592879e-001
 2.4737202e-001
 2.4888743e-001
 2.5038281e-001
 2.5169730e-001
 2.5271282e-001
 2.5347108e-001
 2.5418502e-001
 2.5511262e-001
 2.5639808e-001
 2.5801730e-001
 2.5983796e-001
 2.6169333e-001
 2.6341516e-001
 2.6486507e-001
 2.6599732e-001
 2.6689401e-001
 2.6770720e-001
 2.6853701e-001
 2.6935363e-001
 2.7003491e-001
 2.7048743e-001
 2.7074328e-001
 2.7094680e-001
 2.7124846e-001
 2.7170792e-001
 2.7228951e-001
 2.7292904e-001
 2.7359429e-001
 2.7429777e-001
 2.7507123e-001
 2.7591303e-001
 2.7673995e-001
 2.7741933e-001
 2.7790838e-001
 2.7837193e-001
 2.7911013e-001
 2.8032303e-001
 2.8192750e-001
 2.8358343e-001
 2.8487718e-001
 2.8552037e-001
 2.8547272e-001
 2.8496104e-001
 2.8437632e-001
 2.8407270e-001
 2.8417909e-001
 2.8456369e-001
 2.8496501e-001
 2.8514394e-001
 2.8494701e-001
 2.8435129e-001
 2.8354448e-001
 2.8287774e-001
 2.8258955e-001
 2.8259078e-001
 2.8262770e-001
 2.8258902e-001
 2.8249320e-001
 2.8224844e-001
 2.8167489e-001
 2.8080377e-001
 2.7995965e-001
 2.7946410e-001
 2.7936015e-001
 2.7945766e-001
 2.7952990e-001
 2.7939701e-001
 2.7892399e-001
 2.7810976e-001
 2.7722907e-001
 2.7675179e-001
 2.7696553e-001
 2.7770779e-001
 2.7857864e-001
 2.7933857e-001
 2.7994227e-001
 2.8029037e-001
 2.8021228e-001
 2.7968338e-001
 2.7883583e-001
 2.7775323e-001
 2.7646914e-001
 2.7518827e-001
 2.7428883e-001
 2.7397653e-001
 2.7402145e-001
 2.7396095e-001
 2.7358934e-001
 2.7316937e-001
 2.7308553e-001
 2.7335379e-001
 2.7359664e-001
 2.7346411e-001
 2.7294159e-001
 2.7225181e-001
 2.7158952e-001
 2.7100426e-001
 2.7046925e-001
 2.6996154e-001
 2.6943177e-001
 2.6874030e-001
 2.6770681e-001
 2.6626608e-001
 2.6458579e-001
 2.6305678e-001
 2.6213712e-001
 2.6204845e-001
 2.6248366e-001
 2.6273468e-001
 2.6236436e-001
 2.6172927e-001
 2.6158950e-001
 2.6219311e-001
 2.6294592e-001
 2.6297882e-001
 2.6192096e-001
 2.6020807e-001
 2.5878924e-001
 2.5842792e-001
 2.5903174e-001
 2.5963983e-001
 2.5927636e-001
 2.5785422e-001
 2.5609636e-001
 2.5466612e-001
 2.5361893e-001
 2.5266492e-001
 2.5172311e-001
 2.5106069e-001
 2.5088039e-001
 2.5091752e-001
 2.5068289e-001
 2.5002307e-001
 2.4920100e-001
 2.4847384e-001
 2.4778640e-001
 2.4696559e-001
 2.4606246e-001
 2.4530345e-001
 2.4482925e-001
 2.4463814e-001
 2.4463084e-001
 2.4456896e-001
 2.4413793e-001
 2.4321303e-001
 2.4203445e-001
 2.4102955e-001
 2.4044894e-001
 2.4018674e-001
 2.3988794e-001
 2.3916872e-001
 2.3785435e-001
 2.3622055e-001
 2.3494878e-001
 2.3456289e-001
 2.3487797e-001
 2.3515999e-001
 2.3480493e-001
 2.3380238e-001
 2.3266013e-001
 2.3196535e-001
 2.3192398e-001
 2.3214439e-001
 2.3192437e-001
 2.3096168e-001
 2.2962655e-001
 2.2840255e-001
 2.2733302e-001
 2.2613926e-001
 2.2480759e-001
 2.2389278e-001
 2.2394836e-001
 2.2461689e-001
 2.2477500e-001
 2.2376484e-001
 2.2194706e-001
 2.1997650e-001
 2.1832055e-001
 2.1759811e-001
 2.1833916e-001
 2.1996970e-001
 2.2097848e-001
 2.2062132e-001
 2.1968746e-001
 2.1922776e-001
 2.1926893e-001
 2.1907376e-001
 2.1814211e-001
 2.1672830e-001
 2.1558468e-001
 2.1530996e-001
 2.1588279e-001
 2.1668546e-001
 2.1690591e-001
 2.1604343e-001
 2.1425770e-001
 2.1234380e-001
 2.1119100e-001
 2.1114580e-001
 2.1188936e-001
 2.1283266e-001
 2.1361890e-001
 2.1415967e-001
 2.1437125e-001
 2.1413177e-001
 2.1348348e-001
 2.1275522e-001
 2.1238010e-001
 2.1247266e-001
 2.1256460e-001
 2.1190576e-001
 2.1019523e-001
 2.0805232e-001
 2.0665641e-001
 2.0678416e-001
 2.0814468e-001
 2.0967586e-001
 2.1049483e-001
 2.1056217e-001
 2.1046039e-001
 2.1058321e-001
 2.1058595e-001
 2.0967272e-001
 2.0746553e-001
 2.0458429e-001
 2.0228407e-001
 2.0140806e-001
 2.0168065e-001
 2.0212267e-001
 2.0217997e-001
 2.0237896e-001
 2.0371547e-001
 2.0619081e-001
 2.0805411e-001
 2.0738423e-001
 2.0503344e-001
 2.0323534e-001
 2.0293525e-001
 2.0352413e-001
 2.0387076e-001
 2.0348439e-001
 2.0282912e-001
 2.0253016e-001
 2.0261711e-001
 2.0279567e-001
 2.0297140e-001
 2.0315032e-001
 2.0315796e-001
 2.0276682e-001
 2.0202030e-001
 2.0136556e-001
 2.0144977e-001
 2.0261000e-001
 2.0449883e-001
 2.0626640e-001
 2.0717420e-001
 2.0724255e-001
 2.0715882e-001
 2.0716490e-001
 2.0658082e-001
 2.0513341e-001
 2.0392348e-001
 2.0411797e-001
 2.0541216e-001
 2.0647162e-001
 2.0628543e-001
 2.0483647e-001
 2.0291764e-001
 2.0145735e-001
 2.0098768e-001
 2.0165502e-001
 2.0335898e-001
 2.0563646e-001
 2.0766874e-001
 2.0875350e-001
 2.0874682e-001
 2.0803931e-001
 2.0713796e-001
 2.0628963e-001
 2.0550525e-001
 2.0483230e-001
 2.0500934e-001
 2.0730224e-001
 2.1144049e-001
 2.1503800e-001
 2.1599518e-001
 2.1440992e-001
 2.1225385e-001
 2.1161906e-001
 2.1296991e-001
 2.1506198e-001
 2.1643728e-001
 2.1663322e-001
 2.1620382e-001
 2.1592315e-001
 2.1621267e-001
 2.1709928e-001
 2.1844061e-001
 2.2000144e-001
 2.2148333e-001
 2.2264098e-001
 2.2342846e-001
 2.2399747e-001
 2.2453931e-001
 2.2514708e-001
 2.2581035e-001
 2.2649035e-001
 2.2715864e-001
 2.2780114e-001
 2.2841486e-001
 2.2893831e-001
 2.2968701e-001
 2.3068807e-001
 2.3201935e-001
 2.3345716e-001
 2.3465627e-001
 2.3527126e-001
 2.3503421e-001
 2.3418841e-001
 2.3318289e-001
 2.3246731e-001
 2.3241402e-001
 2.3288485e-001
 2.3353539e-001
 2.3402064e-001
 2.3406759e-001
 2.3388012e-001
 2.3385544e-001
 2.3439151e-001
 2.3580019e-001
 2.3782417e-001
 2.4031110e-001
 2.4199060e-001
 2.4275209e-001
 2.4255911e-001
 2.4180934e-001
 2.4091910e-001
 2.4030511e-001
 2.4036781e-001
 2.4114855e-001
 2.4233164e-001
 2.4358663e-001
 2.4458243e-001
 2.4500176e-001
 2.4482393e-001
 2.4432118e-001
 2.4377830e-001
 2.4347986e-001
 2.4369802e-001
 2.4442549e-001
 2.4538083e-001
 2.4627151e-001
 2.4680452e-001
 2.4668735e-001
 2.4572611e-001
 2.4411175e-001
 2.4212788e-001
 2.4005890e-001
 2.3818825e-001
 2.3680033e-001
 2.3609713e-001
 2.3596726e-001
 2.3622353e-001
 2.3667870e-001
 2.3714577e-001
 2.3743746e-001
 2.3736675e-001
 2.3681276e-001
 2.3590758e-001
 2.3484324e-001
 2.3381217e-001
 2.3300633e-001
 2.3261814e-001
 2.3283972e-001
 2.3386322e-001
 2.3579764e-001
 2.3843674e-001
 2.4150129e-001
 2.4471058e-001
 2.4778551e-001
 2.5044551e-001
 2.5241101e-001
 2.5340226e-001
 2.5323045e-001
 2.5204739e-001
 2.5008452e-001
 2.4757256e-001
 2.4474327e-001
 2.4182716e-001
 2.3905610e-001
 2.3666060e-001
 2.3481801e-001
 2.3350419e-001
 2.3264953e-001
 2.3218396e-001
 2.3203754e-001
 2.3214035e-001
 2.3242255e-001
 2.3281412e-001
 2.3324522e-001
 2.3364587e-001
 2.3394617e-001
 2.3407617e-001
 2.3398666e-001
 2.3370342e-001
 2.3326916e-001
 2.3272677e-001
 2.3211887e-001
 2.3148842e-001
 2.3087807e-001
 2.3033056e-001
 2.2988878e-001
 2.2959541e-001
 2.2949328e-001
 2.2962514e-001
 2.3001519e-001
 2.3062152e-001
 2.3138721e-001
 2.3225570e-001
 2.3317006e-001
 2.3407370e-001
 2.3490968e-001
 2.3562144e-001
 2.3615208e-001
 2.3644488e-001
 2.3644313e-001
 2.3611239e-001
 2.3549666e-001
 2.3465735e-001
 2.3365553e-001
 2.3255280e-001
 2.3141010e-001
 2.3028903e-001
 2.2925062e-001
 2.2835641e-001
 2.2766744e-001
 2.2722492e-001
 2.2699955e-001
 2.2694691e-001
 2.2702263e-001
 2.2718224e-001
 2.2738136e-001
 2.2757557e-001
 2.2772047e-001
 2.2777160e-001
 2.2768460e-001
 2.2743081e-001
 2.2703591e-001
 2.2653683e-001
 2.2597085e-001
 2.2537494e-001
 2.2478636e-001
 2.2424209e-001
 2.2377926e-001
 2.2343503e-001
 2.2324646e-001
 2.2324021e-001
 2.2340758e-001
 2.2373243e-001
 2.2419868e-001
 2.2479013e-001
 2.2549076e-001
 2.2628427e-001
 2.2715476e-001
 2.2808585e-001
 2.2905347e-001
 2.3000669e-001
 2.3088861e-001
 2.3164284e-001
 2.3221250e-001
 2.3254113e-001
 2.3257197e-001
 2.3224841e-001
 2.3154861e-001
 2.3056489e-001
 2.2941358e-001
 2.2821045e-001
 2.2707178e-001
 2.2611344e-001
 2.2545165e-001
 2.2520229e-001
 2.2543588e-001
 2.2607410e-001
 2.2700863e-001
 2.2813070e-001
 2.2933210e-001
 2.3050408e-001
 2.3153840e-001
 2.3232633e-001
 2.3279868e-001
 2.3301207e-001
 2.3304866e-001
 2.3299311e-001
 2.3294468e-001
 2.3298191e-001
 2.3315497e-001
 2.3346660e-001
 2.3387446e-001
 2.3430631e-001
 2.3467599e-001
 2.3489584e-001
 2.3489401e-001
 2.3464176e-001
 2.3417030e-001
 2.3355383e-001
 2.3288329e-001
 2.3224926e-001
 2.3172882e-001
 2.3137262e-001
 2.3120140e-001
 2.3121326e-001
 2.3139462e-001
 2.3172578e-001
 2.3218016e-001
 2.3272060e-001
 2.3329788e-001
 2.3385376e-001
 2.3432761e-001
 2.3466578e-001
 2.3483516e-001
 2.3483647e-001
 2.3470832e-001
 2.3451911e-001
 2.3435101e-001
 2.3428176e-001
 2.3436573e-001
 2.3461881e-001
 2.3501369e-001
 2.3548804e-001
 2.3596019e-001
 2.3634601e-001
 2.3657382e-001
 2.3538442e-001
 2.3515856e-001
 2.3482926e-001
 2.3440999e-001
 2.3392540e-001
 2.3340979e-001
 2.3290388e-001
 2.3245098e-001
 2.3209247e-001
 2.3186174e-001
 2.3177862e-001
 2.3184493e-001
 2.3204267e-001
 2.3233624e-001
 2.3267949e-001
 2.3302405e-001
 2.3332658e-001
 2.3355481e-001
 2.3368984e-001
 2.3372650e-001
 2.3367055e-001
 2.3353525e-001
 2.3333800e-001
 2.3309796e-001
 2.3283456e-001
 2.3256759e-001
 2.3231786e-001
 2.3210742e-001
 2.3195955e-001
 2.3189688e-001
 2.3193783e-001
 2.3209268e-001
 2.3235951e-001
 2.3272149e-001
 2.3314676e-001
 2.3359124e-001
 2.3400377e-001
 2.3433408e-001
 2.3454073e-001
 2.3459838e-001
 2.3450217e-001
 2.3426837e-001
 2.3393166e-001
 2.3353899e-001
 2.3314229e-001
 2.3279028e-001
 2.3252200e-001
 2.3236232e-001
 2.3232028e-001
 2.3239066e-001
 2.3255761e-001
 2.3279965e-001
 2.3309457e-001
 2.3342328e-001
 2.3377126e-001
 2.3412819e-001
 2.3448540e-001
 2.3483294e-001
 2.3515733e-001
 2.3544064e-001
 2.3566240e-001
 2.3580307e-001
 2.3584890e-001
 2.3579641e-001
 2.3565511e-001
 2.3544763e-001
 2.3520671e-001
 2.3497023e-001
 2.3477460e-001
 2.3464888e-001
 2.3461021e-001
 2.3466188e-001
 2.3479411e-001
 2.3498712e-001
 2.3521565e-001
 2.3545386e-001
 2.3567976e-001
 2.3587799e-001
 2.3604098e-001
 2.3616824e-001
 2.3626432e-001
 2.3633613e-001
 2.3639029e-001
 2.3643148e-001
 2.3646189e-001
 2.3648222e-001
 2.3649356e-001
 2.3649950e-001
 2.3650782e-001
 2.3653075e-001
 2.3658384e-001
 2.3668332e-001
 2.3684263e-001
 2.3706912e-001
 2.3736188e-001
 2.3771088e-001
 2.3809858e-001
 2.3850246e-001
 2.3889895e-001
 2.3926739e-001
 2.3959285e-001
 2.3986819e-001
 2.4009410e-001
 2.4027817e-001
 2.4043278e-001
 2.4057247e-001
 2.4071136e-001
 2.4086101e-001
 2.4102882e-001
 2.4121737e-001
 2.4142449e-001
 2.4164428e-001
 2.4186873e-001
 2.4208996e-001
 2.4230266e-001
 2.4250609e-001
 2.4270557e-001
 2.4291269e-001
 2.4314383e-001
 2.4341740e-001
 2.4374962e-001
 2.4415019e-001
 2.4461865e-001
 2.4514206e-001
 2.4569577e-001
 2.4624619e-001
 2.4675617e-001
 2.4719182e-001
 2.4752834e-001
 2.4775518e-001
 2.4787781e-001
 2.4791709e-001
 2.4790545e-001
 2.4788146e-001
 2.4788342e-001
 2.4794367e-001
 2.4808416e-001
 2.4831432e-001
 2.4863084e-001
 2.4901956e-001
 2.4945897e-001
 2.4992369e-001
 2.5038895e-001
 2.5083348e-001
 2.5124201e-001
 2.5160640e-001
 2.5192553e-001
 2.5220439e-001
 2.5245240e-001
 2.5268170e-001
 2.5290558e-001
 2.5313678e-001
 2.5338671e-001
 2.5366434e-001
 2.5397584e-001
 2.5432423e-001
 2.5470880e-001
 2.5512552e-001
 2.5556687e-001
 2.5602257e-001
 2.5648081e-001
 2.5692925e-001
 2.5735670e-001
 2.5775447e-001
 2.5811759e-001
 2.5844550e-001
 2.5874215e-001
 2.5901535e-001
 2.5927618e-001
 2.5953710e-001
 2.5981095e-001
 2.6010904e-001
 2.6044008e-001
 2.6080924e-001
 2.6121733e-001
 2.6166126e-001
 2.6213419e-001
 2.6262674e-001
 2.6312876e-001
 2.6363057e-001
 2.6412505e-001
 2.6460838e-001
 2.6508036e-001
 2.6554394e-001
 2.6600313e-001
 2.6646119e-001
 2.6691815e-001
 2.6736966e-001
 2.6780733e-001
 2.6822042e-001
 2.6859939e-001
 2.6894012e-001
 2.6924682e-001
 2.6953375e-001
 2.6982364e-001
 2.7014333e-001
 2.7051777e-001
 2.7096337e-001
 2.7148357e-001
 2.7206710e-001
 2.7269080e-001
 2.7332610e-001
 2.7394652e-001
 2.7453595e-001
 2.7509326e-001
 2.7563328e-001
 2.7618372e-001
 2.7677757e-001
 2.7744538e-001
 2.7820706e-001
 2.7906713e-001
 2.8001395e-001
 2.8102168e-001
 2.8205612e-001
 2.8308186e-001
 2.8406781e-001
 2.8499284e-001
 2.8584707e-001
 2.8663164e-001
 2.8735638e-001
 2.8803495e-001
 2.8868142e-001
 2.8930598e-001
 2.8991303e-001
 2.9050079e-001
 2.9106200e-001
 2.9158652e-001
 2.9206336e-001
 2.9248309e-001
 2.9283926e-001
 2.9312792e-001
 2.9334772e-001
 2.9349837e-001
 2.9358080e-001
 2.9359776e-001
 2.9355544e-001
 2.9346606e-001
 2.9334995e-001
 2.9323617e-001
 2.9316112e-001
 2.9316485e-001
 2.9328519e-001
 2.9355165e-001
 2.9397976e-001
 2.9456842e-001
 2.9529968e-001
 2.9614213e-001
 2.9705682e-001
 2.9800302e-001
 2.9894456e-001
 2.9985297e-001
 3.0070886e-001
 3.0150154e-001
 3.0222604e-001
 3.0288139e-001
 3.0346823e-001
 3.0398837e-001
 3.0444506e-001
 3.0484325e-001
 3.0519035e-001
 3.0549535e-001
 3.0576807e-001
 3.0601740e-001
 3.0624968e-001
 3.0646840e-001
 3.0667469e-001
 3.0686900e-001
 3.0705363e-001
 3.0723467e-001
 3.0742338e-001
 3.0763569e-001
 3.0789015e-001
 3.0820474e-001
 3.0859333e-001
 3.0906269e-001
 3.0961120e-001
 3.1022871e-001
 3.1089926e-001
 3.1160396e-001
 3.1232503e-001
 3.1304973e-001
 3.1377193e-001
 3.1449363e-001
 3.1522310e-001
 3.1597257e-001
 3.1675467e-001
 3.1757814e-001
 3.1844527e-001
 3.1934965e-001
 3.2027665e-001
 3.2120597e-001
 3.2211474e-001
 3.2298201e-001
 3.2379332e-001
 3.2454264e-001
 3.2523394e-001
 3.2587937e-001
 3.2649633e-001
 3.2710347e-001
 3.2771575e-001
 3.2834154e-001
 3.2897997e-001
 3.2962114e-001
 3.3024842e-001
 3.3084139e-001
 3.3138126e-001
 3.3185467e-001
 3.3225790e-001
 3.3259887e-001
 3.3289668e-001
 3.3317962e-001
 3.3348054e-001
 3.3383161e-001
 3.3425903e-001
 3.3477831e-001
 3.3539173e-001
 3.3608830e-001
 3.3684525e-001
 3.3763260e-001
 3.3841786e-001
 3.3917150e-001
 3.3987188e-001
 3.4050766e-001
 3.4107909e-001
 3.4159622e-001
 3.4207565e-001
 3.4253642e-001
 3.4299514e-001
 3.4346309e-001
 3.4394422e-001
 3.4443593e-001
 3.4493133e-001
 3.4542248e-001
 3.4590378e-001
 3.4637406e-001
 3.4683710e-001
 3.4730071e-001
 3.4777412e-001
 3.4826535e-001
 3.4877923e-001
 3.4931609e-001
 3.4987238e-001
 3.5044166e-001
 3.5101631e-001
 3.5158917e-001
 3.5215345e-001
 3.5270306e-001
 3.5323128e-001
 3.5373056e-001
 3.5419264e-001
 3.5460964e-001
 3.5497630e-001
 3.5529199e-001
 3.5556242e-001
 3.5579985e-001
 3.5602134e-001
 3.5624567e-001
 3.5648930e-001
 3.5676277e-001
 3.5706842e-001
 3.5739982e-001
 3.5774368e-001
 3.5808229e-001
 3.5839683e-001
 3.5866940e-001
 3.5888287e-001
 3.5901877e-001
 3.5905328e-001
 3.5895213e-001
 3.5866636e-001
 3.5813046e-001
 3.5726410e-001
 3.5597771e-001
 3.5418361e-001
 3.5180819e-001
 3.4880775e-001
 3.4518111e-001
 3.4097657e-001
 3.3629680e-001
 3.3128831e-001
 3.2613137e-001
 3.2101864e-001
 3.1613147e-001
 3.1162435e-001
 3.0760601e-001
 3.0413723e-001
 3.0123100e-001
 2.9886115e-001
 2.9697791e-001
 2.9552105e-001
 2.9443210e-001
 2.9366410e-001
 2.9318511e-001
 2.9297963e-001
 2.9304680e-001
 2.9339781e-001
 2.9405302e-001
 2.9503900e-001
 2.9638475e-001
 2.9811719e-001
 3.0025673e-001
 3.0280986e-001
 3.0576617e-001
 3.0909309e-001
 3.1273675e-001
 3.1662706e-001
 3.2068154e-001
 3.2481799e-001
 3.2896000e-001
 3.3304560e-001
 3.3703247e-001
 3.4089440e-001
 3.4462133e-001
 3.4821030e-001
 3.5166025e-001
 3.5496780e-001
 3.5812187e-001
 3.6110470e-001
 3.6389565e-001
 3.6647359e-001
 3.6882475e-001
 3.7094539e-001
 3.7284574e-001
 3.7455070e-001
 3.7609559e-001
 3.7752256e-001
 3.7887257e-001
 3.8017967e-001
 3.8146618e-001
 3.8273954e-001
 3.8399434e-001
 3.8521498e-001
 3.8638169e-001
 3.8747647e-001
 3.8848692e-001
 3.8940942e-001
 3.9024818e-001
 3.9101353e-001
 3.9171913e-001
 3.9237830e-001
 3.9300266e-001
 3.9360213e-001
 3.9418545e-001
 3.9476264e-001
 3.9534605e-001
 3.9595127e-001
 3.9659628e-001
 3.9729884e-001
 3.9807367e-001
 3.9892885e-001
 3.9986318e-001
 4.0086570e-001
 4.0191558e-001
 4.0298590e-001
 4.0404686e-001
 4.0507132e-001
 4.0603974e-001
 4.0694296e-001
 4.0778467e-001
 4.0857950e-001
 4.0935010e-001
 4.1012216e-001
 4.1091779e-001
 4.1175017e-001
 4.1262013e-001
 4.1351414e-001
 4.1440684e-001
 4.1526476e-001
 4.1605312e-001
 4.1674289e-001
 4.1731644e-001
 4.1777191e-001
 4.1812351e-001
 4.1839883e-001
 4.1863263e-001
 4.1885871e-001
 4.1910174e-001
 4.1937059e-001
 4.1965592e-001
 4.1993251e-001
 4.2016611e-001
 4.2032418e-001
 4.2038700e-001
 4.2035756e-001
 4.2026603e-001
 4.2016864e-001
 4.2013997e-001
 4.2026022e-001
 4.2060041e-001
 4.2120859e-001
 4.2209941e-001
 4.2325017e-001
 4.2460385e-001
 4.2607725e-001
 4.2757538e-001
 4.2900571e-001
 4.3029299e-001
 4.3139035e-001
 4.3228328e-001
 4.3298948e-001
 4.3355051e-001
 4.3402064e-001
 4.3445402e-001
 4.3489221e-001
 4.3535683e-001
 4.3584660e-001
 4.3634033e-001
 4.3680444e-001
 4.3720204e-001
 4.3750259e-001
 4.3768868e-001
 4.3775940e-001
 4.3773001e-001
 4.3762866e-001
 4.3749157e-001
 4.3735808e-001
 4.3726632e-001
 4.3724948e-001
 4.3733367e-001
 4.3753579e-001
 4.3786374e-001
 4.3831682e-001
 4.3888679e-001
 4.3955860e-001
 4.4031203e-001
 4.4112194e-001
 4.4195873e-001
 4.4279134e-001
 4.4358990e-001
 4.4432998e-001
 4.4499663e-001
 4.4558692e-001
 4.4611174e-001
 4.4659501e-001
 4.4707042e-001
 4.4757566e-001
 4.4814467e-001
 4.4880176e-001
 4.4955626e-001
 4.5040011e-001
 4.5130864e-001
 4.5224202e-001
 4.5314980e-001
 4.5397750e-001
 4.5467359e-001
 4.5519760e-001
 4.5552549e-001
 4.5565343e-001
 4.5559812e-001
 4.5539382e-001
 4.5508724e-001
 4.5473069e-001
 4.5437524e-001
 4.5406383e-001
 4.5382765e-001
 4.5368418e-001
 4.5363802e-001
 4.5368230e-001
 4.5380190e-001
 4.5397589e-001
 4.5418027e-001
 4.5439139e-001
 4.5458958e-001
 4.5476261e-001
 4.5490807e-001
 4.5503467e-001
 4.5516098e-001
 4.5531261e-001
 4.5551738e-001
 4.5579961e-001
 4.5617440e-001
 4.5664370e-001
 4.5719552e-001
 4.5780715e-001
 4.5844927e-001
 4.5909190e-001
 4.5970994e-001
 4.6028680e-001
 4.6081686e-001
 4.6130586e-001
 4.6176979e-001
 4.6223241e-001
 4.6272090e-001
 4.6326193e-001
 4.6387705e-001
 4.6457943e-001
 4.6537191e-001
 4.6624562e-001
 4.6718064e-001
 4.6814737e-001
 4.6910802e-001
 4.7001991e-001
 4.7083789e-001
 4.7151858e-001
 4.7202450e-001
 4.7232831e-001
 4.7241715e-001
 4.7229591e-001
 4.7198904e-001
 4.7153971e-001
 4.7100696e-001
 4.7045946e-001
 4.6996823e-001
 4.6959773e-001
 4.6939754e-001
 4.6939665e-001
 4.6959984e-001
 4.6998841e-001
 4.7052422e-001
 4.7115734e-001
 4.7183418e-001
 4.7250694e-001
 4.7314042e-001
 4.7371662e-001
 4.7423580e-001
 4.7471344e-001
 4.7517478e-001
 4.7564772e-001
 4.7615504e-001
 4.7670868e-001
 4.7730550e-001
 4.7792691e-001
 4.7854167e-001
 4.7911033e-001
 4.7959253e-001
 4.7995347e-001
 4.8017004e-001
 4.8023492e-001
 4.8015791e-001
 4.7996488e-001
 4.7969455e-001
 4.7939375e-001
 4.7911185e-001
 4.7889587e-001
 4.7878581e-001
 4.7881129e-001
 4.7898945e-001
 4.7932386e-001
 4.7980419e-001
 4.8040700e-001
 4.8109770e-001
 4.8183239e-001
 4.8256207e-001
 4.8323643e-001
 4.8380902e-001
 4.8424244e-001
 4.8451221e-001
 4.8461056e-001
 4.8454735e-001
 4.8434979e-001
 4.8405969e-001
 4.8372898e-001
 4.8341376e-001
 4.8316833e-001
 4.8303929e-001
 4.8306066e-001
 4.8325133e-001
 4.8361504e-001
 4.8414111e-001
 4.8480654e-001
 4.8557869e-001
 4.8641771e-001
 4.8727968e-001
 4.8811808e-001
 4.8888710e-001
 4.8954552e-001
 4.9005997e-001
 4.9040914e-001
 4.9058729e-001
 4.9060622e-001
 4.9049562e-001
 4.9030066e-001
 4.9007717e-001
 4.8988473e-001
 4.8977843e-001
 4.8980054e-001
 4.8997384e-001
 4.9029806e-001
 4.9075162e-001
 4.9129584e-001
 4.9188226e-001
 4.9245983e-001
 4.9298233e-001
 4.9341431e-001
 4.9373409e-001
 4.9393535e-001
 4.9402654e-001
 4.9402866e-001
 4.9397114e-001
 4.9388701e-001
 4.9380785e-001
 4.9375960e-001
 4.9375919e-001
 4.9381316e-001
 4.9391797e-001
 4.9406186e-001
 4.9422792e-001
 4.9439773e-001
 4.9455509e-001
 4.9468884e-001
 4.9479517e-001
 4.9487838e-001
 4.9495009e-001
 4.9502754e-001
 4.9513069e-001
 4.9527884e-001
 4.9548715e-001
 4.9576393e-001
 4.9610856e-001
 4.9651086e-001
 4.9695185e-001
 4.9740607e-001
 4.9784425e-001
 4.9823716e-001
 4.9855936e-001
 4.9879193e-001
 4.9892515e-001
 4.9895892e-001
 4.9890283e-001
 4.9877441e-001
 4.9859685e-001
 4.9839598e-001
 4.9819764e-001
 4.9802494e-001
 4.9789631e-001
 4.9782440e-001
 4.9781531e-001
 4.9786863e-001
 4.9797776e-001
 4.9813020e-001
 4.9830815e-001
 4.9848902e-001
 4.9864623e-001
 4.9875018e-001
 4.9877027e-001
 4.9867693e-001
 4.9844483e-001
 4.9805608e-001
 4.9750382e-001
 4.9679449e-001
 4.9594983e-001
 4.9500668e-001
 4.9401450e-001
 4.9303216e-001
 4.9212179e-001
 4.9134314e-001
 4.9074706e-001
 4.9036995e-001
 4.9023056e-001
 4.9032834e-001
 4.9064460e-001
 4.9114576e-001
 4.9178836e-001
 4.9252459e-001
 4.9330860e-001
 4.9410066e-001
 4.9487117e-001
 4.9560228e-001
 4.9628714e-001
 4.9692842e-001
 4.9753463e-001
 4.9811614e-001
 4.9868169e-001
 4.9923438e-001
 4.9977002e-001
 5.0027645e-001
 5.0073469e-001
 5.0112176e-001
 5.0141454e-001
 5.0159448e-001
 5.0165236e-001
 5.0159162e-001
 5.0143087e-001
 5.0120401e-001
 5.0095832e-001
 5.0074959e-001
 5.0063568e-001
 5.0066775e-001
 5.0088221e-001
 5.0129306e-001
 5.0188714e-001
 5.0262386e-001
 5.0344139e-001
 5.0426394e-001
 5.0501138e-001
 5.0560886e-001
 5.0599444e-001
 5.0612563e-001
 5.0598150e-001
 5.0556463e-001
 5.0490415e-001
 5.0405556e-001
 5.0309676e-001
 5.0212073e-001
 5.0122696e-001
 5.0050890e-001
 5.0004303e-001
 4.9987796e-001
 5.0002986e-001
 5.0048190e-001
 5.0098646e-001
 5.0197923e-001
 5.0308287e-001
 5.0421333e-001
 5.0529522e-001
 5.0626975e-001
 5.0709897e-001
 5.0776464e-001
 5.0826281e-001
 5.0859696e-001
 5.0877428e-001
 5.0880301e-001
 5.0869244e-001
 5.0845283e-001
 5.0809634e-001
 5.0763726e-001
 5.0709218e-001
 5.0648022e-001
 5.0582236e-001
 5.0514078e-001
 5.0445831e-001
 5.0379741e-001
 5.0318021e-001
 5.0262660e-001
 5.0215381e-001
 5.0177461e-001
 5.0149667e-001
 5.0132340e-001
 5.0125504e-001
 5.0128973e-001
 5.0142467e-001
 5.0165629e-001
 5.0198019e-001
 5.0239044e-001
 5.0287849e-001
 5.0343233e-001
 5.0403625e-001
 5.0467098e-001
 5.0531459e-001
 5.0594389e-001
 5.0653493e-001
 5.0706410e-001
 5.0750875e-001
 5.0784892e-001
 5.0806886e-001
 5.0815868e-001
 5.0811493e-001
 5.0793993e-001
 5.0764048e-001
 5.0722563e-001
 5.0670630e-001
 5.0609380e-001
 5.0540102e-001
 5.0464267e-001
 5.0383663e-001
 5.0300562e-001
 5.0217676e-001
 5.0138205e-001
 5.0065666e-001
 5.0003743e-001
 4.9956188e-001
 4.9926618e-001
 4.9918297e-001
 4.9933711e-001
 4.9974054e-001
 5.0038755e-001
 5.0125307e-001
 5.0229472e-001
 5.0345671e-001
 5.0467628e-001
 5.0588673e-001
 5.0702143e-001
 5.0801754e-001
 5.0881904e-001
 5.0938338e-001
 5.0968462e-001
 5.0971651e-001
 5.0948983e-001
 5.0902826e-001
 5.0836295e-001
 5.0752890e-001
 5.0656217e-001
 5.0549787e-001
 5.0436968e-001
 5.0320691e-001
 5.0203437e-001
 5.0087142e-001
 4.9973202e-001
 4.9862680e-001
 4.9756417e-001
 4.9655092e-001
 4.9559361e-001
 4.9469727e-001
 4.9386546e-001
 4.9309859e-001
 4.9239275e-001
 4.9173993e-001
 4.9112761e-001
 4.9054053e-001
 4.8996171e-001
 4.8937315e-001
 4.8875734e-001
 4.8809767e-001
 4.8738042e-001
 4.8659626e-001
 4.8574167e-001
 4.8482019e-001
 4.8384085e-001
 4.8281750e-001
 4.8176670e-001
 4.8070565e-001
 4.7965211e-001
 4.7862208e-001
 4.7762933e-001
 4.7668287e-001
 4.7578523e-001
 4.7493234e-001
 4.7411385e-001
 4.7331458e-001
 4.7251701e-001
 4.7170210e-001
 4.7085142e-001
 4.6994850e-001
 4.6898067e-001
 4.6794266e-001
 4.6683830e-001
 4.6568230e-001
 4.6449891e-001
 4.6331891e-001
 4.6217781e-001
 4.6111211e-001
 4.6015838e-001
 4.5935008e-001
 4.5871383e-001
 4.5826575e-001
 4.5800665e-001
 4.5792115e-001
 4.5797884e-001
 4.5813844e-001
 4.5835203e-001
 4.5856896e-001
 4.5873851e-001
 4.5881251e-001
 4.5874891e-001
 4.5851597e-001
 4.5809606e-001
 4.5748675e-001
 4.5670000e-001
 4.5575762e-001
 4.5468798e-001
 4.5352235e-001
 4.5229235e-001
 4.5102939e-001
 4.4976205e-001
 4.4851539e-001
 4.4730917e-001
 4.4615686e-001
 4.4506708e-001
 4.4404399e-001
 4.4308984e-001
 4.4220555e-001
 4.4139135e-001
 4.4064745e-001
 4.3997392e-001
 4.3937013e-001
 4.3883550e-001
 4.3836862e-001
 4.3796787e-001
 4.3763140e-001
 4.3735695e-001
 4.3714243e-001
 4.3698567e-001
 4.3688491e-001
 4.3683892e-001
 4.3684742e-001
 4.3691149e-001
 4.3703368e-001
 4.3721792e-001
 4.3746901e-001
 4.3779236e-001
 4.3819344e-001
 4.3867740e-001
 4.3924791e-001
 4.3990570e-001
 4.4064718e-001
 4.4146189e-001
 4.4233268e-001
 4.4323575e-001
 4.4414261e-001
 4.4502231e-001
 4.4584262e-001
 4.4657204e-001
 4.4718215e-001
 4.4765067e-001
 4.4796595e-001
 4.4813052e-001
 4.4816267e-001
 4.4809502e-001
 4.4797075e-001
 4.4783905e-001
 4.4775188e-001
 4.4776079e-001
 4.4791380e-001
 4.4825107e-001
 4.4879958e-001
 4.4956794e-001
 4.5054513e-001
 4.5170209e-001
 4.5299667e-001
 4.5437801e-001
 4.5579261e-001
 4.5718670e-001
 4.5850822e-001
 4.5971262e-001
 4.6076608e-001
 4.6164876e-001
 4.6235806e-001
 4.6290585e-001
 4.6331501e-001
 4.6361464e-001
 4.6383724e-001
 4.6401605e-001
 4.6418354e-001
 4.6436998e-001
 4.6460190e-001
 4.6490043e-001
 4.6528104e-001
 4.6575403e-001
 4.6632552e-001
 4.6699953e-001
 4.6777871e-001
 4.6866497e-001
 4.6965808e-001
 4.7075576e-001
 4.7195145e-001
 4.7323176e-001
 4.7457758e-001
 4.7596383e-001
 4.7736013e-001
 4.7873446e-001
 4.8005363e-001
 4.8128498e-001
 4.8239729e-001
 4.8336500e-001
 4.8417047e-001
 4.8480630e-001
 4.8527783e-001
 4.8560107e-001
 4.8579991e-001
 4.8590314e-001
 4.8594171e-001
 4.8594677e-001
 4.8594806e-001
 4.8597184e-001
 4.8603854e-001
 4.8616043e-001
 4.8634115e-001
 4.8657623e-001
 4.8685521e-001
 4.8716426e-001
 4.8748791e-001
 4.8780999e-001
 4.8811498e-001
 4.8838857e-001
 4.8861861e-001
 4.8879576e-001
 4.8891401e-001
 4.8897037e-001
 4.8896387e-001
 4.8889491e-001
 4.8876444e-001
 4.8857349e-001
 4.8832271e-001
 4.8801172e-001
 4.8763844e-001
 4.8719895e-001
 4.8668647e-001
 4.8609203e-001
 4.8540547e-001
 4.8461533e-001
 4.8370975e-001
 4.8267838e-001
 4.8151234e-001
 4.8020718e-001
 4.7876698e-001
 4.7720513e-001
 4.7554678e-001
 4.7382683e-001
 4.7208902e-001
 4.7038034e-001
 4.6874946e-001
 4.6724576e-001
 4.6591404e-001
 4.6479198e-001
 4.6390584e-001
 4.6326435e-001
 4.6285811e-001
 4.6266121e-001
 4.6263546e-001
 4.6273533e-001
 4.6291217e-001
 4.6311700e-001
 4.6330371e-001
 4.6343240e-001
 4.6347383e-001
 4.6341339e-001
 4.6325240e-001
 4.6300685e-001
 4.6270329e-001
 4.6237466e-001
 4.6205661e-001
 4.6178511e-001
 4.6159333e-001
 4.6150866e-001
 4.6154866e-001
 4.6171722e-001
 4.6200353e-001
 4.6238303e-001
 4.6282139e-001
 4.6327841e-001
 4.6371153e-001
 4.6407804e-001
 4.6433884e-001
 4.6446180e-001
 4.6442682e-001
 4.6423018e-001
 4.6388611e-001
 4.6342549e-001
 4.6289095e-001
 4.6233222e-001
 4.6180242e-001
 4.6135435e-001
 4.6103770e-001
 4.6089485e-001
 4.6095598e-001
 4.6123433e-001
 4.6172485e-001
 4.6240544e-001
 4.6324190e-001
 4.6419287e-001
 4.6521297e-001
 4.6625692e-001
 4.6728098e-001
 4.6824628e-001
 4.6912089e-001
 4.6988407e-001
 4.7052661e-001
 4.7104934e-001
 4.7146130e-001
 4.7177607e-001
 4.7200933e-001
 4.7217786e-001
 4.7229871e-001
 4.7238892e-001
 4.7246560e-001
 4.7254580e-001
 4.7264656e-001
 4.7278485e-001
 4.7297761e-001
 4.7324181e-001
 4.7359386e-001
 4.7404957e-001
 4.7462261e-001
 4.7532186e-001
 4.7614926e-001
 4.7709674e-001
 4.7814545e-001
 4.7926593e-001
 4.8042217e-001
 4.8157382e-001
 4.8267791e-001
 4.8369244e-001
 4.8457766e-001
 4.8529822e-001
 4.8582810e-001
 4.8615280e-001
 4.8627055e-001
 4.8619151e-001
 4.8593444e-001
 4.8552307e-001
 4.8498401e-001
 4.8434436e-001
 4.8363104e-001
 4.8287055e-001
 4.8208737e-001
 4.8130378e-001
 4.8054016e-001
 4.7981420e-001
 4.7914213e-001
 4.7853905e-001
 4.7801977e-001
 4.7759765e-001
 4.7728422e-001
 4.7708741e-001
 4.7700840e-001
 4.7703990e-001
 4.7716489e-001
 4.7735772e-001
 4.7758636e-001
 4.7781509e-001
 4.7800639e-001
 4.7812313e-001
 4.7813013e-001
 4.7799692e-001
 4.7770098e-001
 4.7723022e-001
 4.7658482e-001
 4.7577527e-001
 4.7481984e-001
 4.7374204e-001
 4.7256669e-001
 4.7131848e-001
 4.7001895e-001
 4.6868420e-001
 4.6731874e-001
 4.6591267e-001
 4.6444094e-001
 4.6286312e-001
 4.6112809e-001
 4.5917973e-001
 4.5695844e-001
 4.5440656e-001
 4.5147201e-001
 4.4811875e-001
 4.4433174e-001
 4.4012690e-001
 4.3555793e-001
 4.3070692e-001
 4.2567873e-001
 4.2059550e-001
 4.1558141e-001
 4.1075999e-001
 4.0625048e-001
 4.0215102e-001
 3.9853159e-001
 3.9542156e-001
 3.9280832e-001
 3.9063695e-001
 3.8882369e-001
 3.8726842e-001
 3.8586208e-001
 3.8449514e-001
 3.8306531e-001
 3.8148400e-001
 3.7968791e-001
 3.7764695e-001
 3.7537000e-001
 3.7289828e-001
 3.7029785e-001
 3.6765137e-001
 3.6504614e-001
 3.6257005e-001
 3.6030731e-001
 3.5832778e-001
 3.5668036e-001
 3.5538611e-001
 3.5443285e-001
 3.5378000e-001
 3.5336551e-001
 3.5311487e-001
 3.5294729e-001
 3.5278055e-001
 3.5253423e-001
 3.5213265e-001
 3.5150856e-001
 3.5060662e-001
 3.4938389e-001
 3.4780908e-001
 3.4585896e-001
 3.4351707e-001
 3.4076884e-001
 3.3760273e-001
 3.3401564e-001
 3.3001432e-001
 3.2562491e-001
 3.2090369e-001
 3.1593353e-001
 3.1082386e-001
 3.0570760e-001
 3.0072546e-001
 2.9602358e-001
 2.9174432e-001
 2.8802124e-001
 2.8495911e-001
 2.8262052e-001
 2.8101137e-001
 2.8007150e-001
 2.7968317e-001
 2.7968606e-001
 2.7989426e-001
 2.8011104e-001
 2.8014016e-001
 2.7979749e-001
 2.7892676e-001
 2.7741790e-001
 2.7522537e-001
 2.7237296e-001
 2.6894721e-001
 2.6508394e-001
 2.6094428e-001
 2.5670153e-001
 2.5253287e-001
 2.4860269e-001
 2.4505344e-001
 2.4198797e-001
 2.3945838e-001
 2.3745596e-001
 2.3591952e-001
 2.3475000e-001
 2.3382410e-001
 2.3300847e-001
 2.3216988e-001
 2.3118316e-001
 2.2994378e-001
 2.2838134e-001
 2.2647339e-001
 2.2424839e-001
 2.2178139e-001
 2.1918374e-001
 2.1658553e-001
 2.1412589e-001
 2.1194623e-001
 2.1017867e-001
 2.0893820e-001
 2.0830974e-001
 2.0833799e-001
 2.0902205e-001
 2.1032095e-001
 2.1216270e-001
 2.1445829e-001
 2.1711087e-001
 2.2002028e-001
 2.2309239e-001
 2.2624388e-001
 2.2940727e-001
 2.3254198e-001
 2.3563401e-001
 2.3869477e-001
 2.4175149e-001
 2.4484433e-001
 2.4801825e-001
 2.5131619e-001
 2.5477952e-001
 2.5844073e-001
 2.6231453e-001
 2.6639766e-001
 2.7066323e-001
 2.7506468e-001
 2.7953672e-001
 2.8400791e-001
 2.8840241e-001
 2.9264054e-001
 2.9664841e-001
 3.0035847e-001
 3.0371198e-001
 3.0666876e-001
 3.0920622e-001
 3.1131595e-001
 3.1300253e-001
 3.1427631e-001
 3.1515115e-001
 3.1564185e-001
 3.1576529e-001
 3.1553993e-001
 3.1498739e-001
 3.1413320e-001
 3.1300700e-001
 3.1164345e-001
 3.1007951e-001
 3.0835432e-001
 3.0650714e-001
 3.0457842e-001
 3.0260670e-001
 3.0062973e-001
 2.9868564e-001
 2.9687425e-001
 2.9553694e-001
 2.9390040e-001
 2.9239109e-001
 2.9101509e-001
 2.8977892e-001
 2.8868902e-001
 2.8775236e-001
 2.8697526e-001
 2.8636426e-001
 2.8592592e-001
 2.8566471e-001
 2.8556684e-001
 2.8560805e-001
 2.8576422e-001
 2.8601107e-001
 2.8632438e-001
 2.8667986e-001
 2.8705338e-001
 2.8742081e-001
 2.8775775e-001
 2.8803998e-001
 2.8824341e-001
 2.8834373e-001
 2.8831676e-001
 2.8814062e-001
 2.8781569e-001
 2.8735390e-001
 2.8676733e-001
 2.8606844e-001
 2.8526920e-001
 2.8438184e-001
 2.8341827e-001
 2.8239113e-001
 2.8131232e-001
 2.8019410e-001
 2.7904826e-001
 2.7788764e-001
 2.7672401e-001
 2.7556959e-001
 2.7443659e-001
 2.7333689e-001
 2.7228311e-001
 2.7128628e-001
 2.7034840e-001
 2.6946679e-001
 2.6863918e-001
 2.6786277e-001
 2.6713493e-001
 2.6645288e-001
 2.6581430e-001
 2.6521647e-001
 2.6465666e-001
 2.6413229e-001
 2.6364061e-001
 2.6317930e-001
 2.6274553e-001
 2.6233673e-001
 2.6195017e-001
 2.6158339e-001
 2.6123372e-001
 2.6089847e-001
 2.6057500e-001
 2.6026082e-001
 2.5995323e-001
 2.5964978e-001
 2.5934944e-001
 2.5905222e-001
 2.5875789e-001
 2.5846627e-001
 2.5817728e-001
 2.5789058e-001
 2.5760624e-001
 2.5732395e-001
 2.5704366e-001
 2.5676507e-001
 2.5648817e-001
 2.5621277e-001
 2.5593865e-001
 2.5566563e-001
 2.5539368e-001
 2.5512260e-001
 2.5485221e-001
 2.5458232e-001
 2.5431275e-001
 2.5404349e-001
 2.5377429e-001
 2.5350496e-001
 2.5323537e-001
 2.5296536e-001
 2.5269485e-001
 2.5242361e-001
 2.5215146e-001
 2.5187847e-001
 2.5160450e-001
 2.5132942e-001
 2.5105315e-001
 2.5077555e-001
 2.5049672e-001
 2.5021639e-001
 2.4993457e-001
 2.4965106e-001
 2.4936591e-001
 2.4907899e-001
 2.4879014e-001
 2.4849930e-001
 2.4820647e-001
 2.4791151e-001
 2.4761431e-001
 2.4731471e-001
 2.4701279e-001
 2.4670839e-001
 2.4640140e-001
 2.4609175e-001
 2.4577925e-001
 2.4546401e-001
 2.4514583e-001
 2.4482462e-001
 2.4450025e-001
 2.4417275e-001
 2.4384198e-001
 2.4350795e-001
 2.4317148e-001
 2.4283406e-001
 2.4249695e-001
