s07_ASD Record=15397: Ellagic_Acid SA-E2250        ASDHRa AREF
-1.2300000e+034
 1.0037297e-001
 9.4181411e-002
 8.9247577e-002
 8.3591528e-002
 7.9100259e-002
 7.4884310e-002
 7.0483692e-002
 6.7333400e-002
 6.4623237e-002
 6.2074713e-002
 5.9663914e-002
 5.7600379e-002
 5.5706169e-002
 5.4017622e-002
 5.2699968e-002
 5.1394723e-002
 5.0271034e-002
 4.9397010e-002
 4.8598871e-002
 4.7682006e-002
 4.6854191e-002
 4.6330318e-002
 4.5968432e-002
 4.5669243e-002
 4.5337278e-002
 4.4929989e-002
 4.4756386e-002
 4.4679612e-002
 4.4610076e-002
 4.4578589e-002
 4.4617970e-002
 4.4687986e-002
 4.4789195e-002
 4.5080800e-002
 4.5429744e-002
 4.5764841e-002
 4.6070181e-002
 4.6463430e-002
 4.6933036e-002
 4.7380764e-002
 4.7653381e-002
 4.8110191e-002
 4.8686415e-002
 4.9291655e-002
 4.9974538e-002
 5.0660148e-002
 5.1433403e-002
 5.2415296e-002
 5.3562533e-002
 5.5003814e-002
 5.6853376e-002
 5.9202261e-002
 6.2187538e-002
 6.5921538e-002
 7.0535414e-002
 7.6221205e-002
 8.2958639e-002
 9.0757743e-002
 9.9650711e-002
 1.0976436e-001
 1.2100906e-001
 1.3314801e-001
 1.4586616e-001
 1.5931441e-001
 1.7320049e-001
 1.8723640e-001
 2.0127419e-001
 2.1511853e-001
 2.2858579e-001
 2.4153551e-001
 2.5389183e-001
 2.6557258e-001
 2.7653670e-001
 2.8676948e-001
 2.9625666e-001
 3.0503631e-001
 3.1315356e-001
 3.2065365e-001
 3.2758695e-001
 3.3399847e-001
 3.3993736e-001
 3.4547868e-001
 3.5063019e-001
 3.5544267e-001
 3.6000013e-001
 3.6431959e-001
 3.6842170e-001
 3.7233365e-001
 3.7609169e-001
 3.7970126e-001
 3.8319403e-001
 3.8659668e-001
 3.8989332e-001
 3.9308724e-001
 3.9619595e-001
 3.9925268e-001
 4.0224403e-001
 4.0515670e-001
 4.0799591e-001
 4.1080955e-001
 4.1354632e-001
 4.1622159e-001
 4.1886532e-001
 4.2144403e-001
 4.2396975e-001
 4.2644981e-001
 4.2888454e-001
 4.3129182e-001
 4.3366250e-001
 4.3598461e-001
 4.3825653e-001
 4.4049653e-001
 4.4270632e-001
 4.4488320e-001
 4.4701540e-001
 4.4910029e-001
 4.5114237e-001
 4.5315149e-001
 4.5511976e-001
 4.5705757e-001
 4.5896697e-001
 4.6082309e-001
 4.6267185e-001
 4.6451199e-001
 4.6631610e-001
 4.6805599e-001
 4.6977818e-001
 4.7149011e-001
 4.7313064e-001
 4.7475892e-001
 4.7637525e-001
 4.7796604e-001
 4.7953704e-001
 4.8108140e-001
 4.8260430e-001
 4.8411748e-001
 4.8563659e-001
 4.8712379e-001
 4.8857605e-001
 4.9005985e-001
 4.9155432e-001
 4.9304822e-001
 4.9452972e-001
 4.9597371e-001
 4.9743953e-001
 4.9893925e-001
 5.0043887e-001
 5.0195253e-001
 5.0345993e-001
 5.0495017e-001
 5.0644916e-001
 5.0793469e-001
 5.0940984e-001
 5.1087976e-001
 5.1231259e-001
 5.1374185e-001
 5.1517111e-001
 5.1656401e-001
 5.1793981e-001
 5.1929855e-001
 5.2063918e-001
 5.2196354e-001
 5.2325010e-001
 5.2451146e-001
 5.2577269e-001
 5.2699155e-001
 5.2818453e-001
 5.2936941e-001
 5.3055865e-001
 5.3171986e-001
 5.3286821e-001
 5.3402668e-001
 5.3517729e-001
 5.3634024e-001
 5.3752607e-001
 5.3873610e-001
 5.3997868e-001
 5.4126269e-001
 5.4259598e-001
 5.4398084e-001
 5.4540098e-001
 5.4686797e-001
 5.4840332e-001
 5.5002171e-001
 5.5169743e-001
 5.5341005e-001
 5.5514854e-001
 5.5693144e-001
 5.5876076e-001
 5.6062305e-001
 5.6247807e-001
 5.6433868e-001
 5.6618756e-001
 5.6799698e-001
 5.6979805e-001
 5.7157761e-001
 5.7332492e-001
 5.7503277e-001
 5.7672185e-001
 5.7837719e-001
 5.7997841e-001
 5.8152878e-001
 5.8306158e-001
 5.8458561e-001
 5.8608818e-001
 5.8753419e-001
 5.8893740e-001
 5.9031039e-001
 5.9163666e-001
 5.9294647e-001
 5.9422565e-001
 5.9544677e-001
 5.9664166e-001
 5.9780759e-001
 5.9893686e-001
 6.0002035e-001
 6.0107642e-001
 6.0212535e-001
 6.0317630e-001
 6.0421437e-001
 6.0524791e-001
 6.0627836e-001
 6.0730231e-001
 6.0830414e-001
 6.0928327e-001
 6.1024976e-001
 6.1122364e-001
 6.1218452e-001
 6.1314070e-001
 6.1410534e-001
 6.1505884e-001
 6.1603069e-001
 6.1701548e-001
 6.1797291e-001
 6.1892354e-001
 6.1985302e-001
 6.2074518e-001
 6.2159693e-001
 6.2244207e-001
 6.2328374e-001
 6.2411374e-001
 6.2495887e-001
 6.2580526e-001
 6.2665319e-001
 6.2752622e-001
 6.2838340e-001
 6.2922007e-001
 6.3004708e-001
 6.3089257e-001
 6.3176614e-001
 6.3264769e-001
 6.3350356e-001
 6.3435018e-001
 6.3520229e-001
 6.3606423e-001
 6.3692445e-001
 6.3780242e-001
 6.3868880e-001
 6.3957012e-001
 6.4046645e-001
 6.4138496e-001
 6.4231235e-001
 6.4321828e-001
 6.4415735e-001
 6.4510792e-001
 6.4603972e-001
 6.4693880e-001
 6.4783287e-001
 6.4872861e-001
 6.4962286e-001
 6.5053207e-001
 6.5144235e-001
 6.5235674e-001
 6.5330797e-001
 6.5422434e-001
 6.5511948e-001
 6.5602422e-001
 6.5694284e-001
 6.5786707e-001
 6.5878540e-001
 6.5968359e-001
 6.6055244e-001
 6.6141039e-001
 6.6227561e-001
 6.6315067e-001
 6.6404271e-001
 6.6495091e-001
 6.6586989e-001
 6.6675854e-001
 6.6763914e-001
 6.6853034e-001
 6.6944683e-001
 6.7038649e-001
 6.7131412e-001
 6.7221397e-001
 6.7311853e-001
 6.7402935e-001
 6.7494375e-001
 6.7585981e-001
 6.7678559e-001
 6.7770940e-001
 6.7862207e-001
 6.7951703e-001
 6.8041992e-001
 6.8133336e-001
 6.8224931e-001
 6.8314934e-001
 6.8404824e-001
 6.8494946e-001
 6.8585294e-001
 6.8679142e-001
 6.8773323e-001
 6.8866664e-001
 6.8961793e-001
 6.9055182e-001
 6.9147140e-001
 6.9238472e-001
 6.9327074e-001
 6.9416511e-001
 6.9508445e-001
 6.9602603e-001
 6.9693995e-001
 6.9785434e-001
 6.9879550e-001
 6.9976759e-001
 7.0073295e-001
 7.0167691e-001
 7.0260030e-001
 7.0351398e-001
 7.0444077e-001
 7.0537841e-001
 7.0630860e-001
 7.0723891e-001
 7.0816761e-001
 7.0909673e-001
 7.1003538e-001
 7.1095896e-001
 7.1187067e-001
 7.1278185e-001
 7.1369028e-001
 7.1463883e-001
 7.1560794e-001
 7.1653563e-001
 7.1745592e-001
 7.1837568e-001
 7.1928418e-001
 7.2014487e-001
 7.2102952e-001
 7.2194481e-001
 7.2286898e-001
 7.2378403e-001
 7.2470325e-001
 7.2563773e-001
 7.2659004e-001
 7.2751409e-001
 7.2842115e-001
 7.2933495e-001
 7.3029095e-001
 7.3122841e-001
 7.3214245e-001
 7.3305142e-001
 7.3396909e-001
 7.3488730e-001
 7.3578596e-001
 7.3663908e-001
 7.3751569e-001
 7.3844492e-001
 7.3941064e-001
 7.4032950e-001
 7.4120325e-001
 7.4207067e-001
 7.4297243e-001
 7.4387079e-001
 7.4476957e-001
 7.4566942e-001
 7.4656767e-001
 7.4743474e-001
 7.4829823e-001
 7.4918324e-001
 7.5009018e-001
 7.5096989e-001
 7.5183755e-001
 7.5272024e-001
 7.5358152e-001
 7.5447303e-001
 7.5538546e-001
 7.5626391e-001
 7.5709724e-001
 7.5793123e-001
 7.5879264e-001
 7.5966626e-001
 7.6054627e-001
 7.6141971e-001
 7.6228517e-001
 7.6318097e-001
 7.6405841e-001
 7.6490843e-001
 7.6574802e-001
 7.6657760e-001
 7.6739502e-001
 7.6820749e-001
 7.6903754e-001
 7.6987523e-001
 7.7072650e-001
 7.7158678e-001
 7.7239531e-001
 7.7321678e-001
 7.7406418e-001
 7.7491480e-001
 7.7571934e-001
 7.7649772e-001
 7.7726799e-001
 7.7804261e-001
 7.7886146e-001
 7.7969277e-001
 7.8050226e-001
 7.8128386e-001
 7.8204054e-001
 7.8276849e-001
 7.8347176e-001
 7.8418356e-001
 7.8491342e-001
 7.8565907e-001
 7.8640997e-001
 7.8718650e-001
 7.8796530e-001
 7.8873098e-001
 7.8948981e-001
 7.9025638e-001
 7.9103392e-001
 7.9181892e-001
 7.9260492e-001
 7.9336262e-001
 7.9410297e-001
 7.9485399e-001
 7.9561859e-001
 7.9640919e-001
 7.9721230e-001
 7.9799253e-001
 7.9874420e-001
 7.9946917e-001
 8.0017900e-001
 8.0090088e-001
 8.0164188e-001
 8.0239540e-001
 8.0314928e-001
 8.0389822e-001
 8.0461359e-001
 8.0531192e-001
 8.0603391e-001
 8.0677819e-001
 8.0753297e-001
 8.0827510e-001
 8.0897748e-001
 8.0968857e-001
 8.1039679e-001
 8.1109703e-001
 8.1181598e-001
 8.1251317e-001
 8.1320745e-001
 8.1393111e-001
 8.1469828e-001
 8.1547683e-001
 8.1624115e-001
 8.1697154e-001
 8.1768024e-001
 8.1836796e-001
 8.1903684e-001
 8.1969392e-001
 8.2037085e-001
 8.2104379e-001
 8.2169992e-001
 8.2235360e-001
 8.2301795e-001
 8.2369328e-001
 8.2437211e-001
 8.2503515e-001
 8.2568717e-001
 8.2634979e-001
 8.2704061e-001
 8.2772601e-001
 8.2839423e-001
 8.2904994e-001
 8.2970738e-001
 8.3037007e-001
 8.3103943e-001
 8.3170021e-001
 8.3232325e-001
 8.3293599e-001
 8.3354205e-001
 8.3414143e-001
 8.3473152e-001
 8.3535784e-001
 8.3599561e-001
 8.3661413e-001
 8.3722943e-001
 8.3784622e-001
 8.3846503e-001
 8.3908081e-001
 8.3967310e-001
 8.4024483e-001
 8.4081197e-001
 8.4139675e-001
 8.4201187e-001
 8.4262395e-001
 8.4322578e-001
 8.4383690e-001
 8.4440708e-001
 8.4495455e-001
 8.4549457e-001
 8.4602511e-001
 8.4658426e-001
 8.4714860e-001
 8.4769356e-001
 8.4822726e-001
 8.4877515e-001
 8.4935123e-001
 8.4995073e-001
 8.5052335e-001
 8.5113657e-001
 8.5176677e-001
 8.5236448e-001
 8.5295409e-001
 8.5355997e-001
 8.5416603e-001
 8.5473502e-001
 8.5527825e-001
 8.5578507e-001
 8.5626674e-001
 8.5675651e-001
 8.5728765e-001
 8.5784334e-001
 8.5840082e-001
 8.5894150e-001
 8.5946691e-001
 8.5998040e-001
 8.6049432e-001
 8.6102897e-001
 8.6156374e-001
 8.6210108e-001
 8.6263865e-001
 8.6315662e-001
 8.6367697e-001
 8.6419326e-001
 8.6469996e-001
 8.6522132e-001
 8.6570090e-001
 8.6614138e-001
 8.6657476e-001
 8.6705077e-001
 8.6752874e-001
 8.6801291e-001
 8.6851305e-001
 8.6898714e-001
 8.6947691e-001
 8.6997366e-001
 8.7045181e-001
 8.7097138e-001
 8.7147230e-001
 8.7194359e-001
 8.7241316e-001
 8.7287366e-001
 8.7331396e-001
 8.7375689e-001
 8.7423772e-001
 8.7463546e-001
 8.7502098e-001
 8.7543219e-001
 8.7585056e-001
 8.7626398e-001
 8.7669647e-001
 8.7715155e-001
 8.7761015e-001
 8.7812483e-001
 8.7863541e-001
 8.7910914e-001
 8.7956333e-001
 8.7999552e-001
 8.8044530e-001
 8.8091636e-001
 8.8136214e-001
 8.8183093e-001
 8.8227159e-001
 8.8266814e-001
 8.8307589e-001
 8.8345671e-001
 8.8385665e-001
 8.8428956e-001
 8.8469595e-001
 8.8509732e-001
 8.8548738e-001
 8.8588488e-001
 8.8634717e-001
 8.8676095e-001
 8.8712698e-001
 8.8747525e-001
 8.8783407e-001
 8.8822567e-001
 8.8861054e-001
 8.8896430e-001
 8.8931423e-001
 8.8968289e-001
 8.9002568e-001
 8.9032435e-001
 8.9063168e-001
 8.9098489e-001
 8.9129615e-001
 8.9153022e-001
 8.9177573e-001
 8.9206880e-001
 8.9235419e-001
 8.9260209e-001
 8.9285159e-001
 8.9320862e-001
 8.9352363e-001
 8.9376718e-001
 8.9412022e-001
 8.9440513e-001
 8.9459854e-001
 8.9478278e-001
 8.9509946e-001
 8.9531255e-001
 8.9557868e-001
 8.9589590e-001
 8.9606190e-001
 8.9638406e-001
 8.9667124e-001
 8.9686036e-001
 8.9707375e-001
 8.9727324e-001
 8.9743298e-001
 8.9759576e-001
 8.9782226e-001
 8.9790481e-001
 8.9798164e-001
 8.9806187e-001
 8.9807159e-001
 8.9811867e-001
 8.9798462e-001
 8.9777929e-001
 8.9770204e-001
 8.9741611e-001
 8.9713430e-001
 8.9678818e-001
 8.9627540e-001
 8.9587659e-001
 8.9537543e-001
 8.9474809e-001
 8.9408219e-001
 8.9355808e-001
 8.9287984e-001
 8.9232922e-001
 8.9181554e-001
 8.9135897e-001
 8.9097935e-001
 8.9069533e-001
 8.9052331e-001
 8.9047664e-001
 8.9056516e-001
 8.9079452e-001
 8.9116597e-001
 8.9167619e-001
 8.9231724e-001
 8.9307714e-001
 8.9393991e-001
 8.9488733e-001
 8.9589942e-001
 8.9695638e-001
 8.9803946e-001
 8.9913231e-001
 9.0022177e-001
 9.0129703e-001
 9.0235013e-001
 9.0337491e-001
 9.0436667e-001
 9.0532231e-001
 9.0623951e-001
 9.0711713e-001
 9.0795451e-001
 9.0875143e-001
 9.0950811e-001
 9.1022474e-001
 9.1090184e-001
 9.1154027e-001
 9.1214103e-001
 9.1270572e-001
 9.1323596e-001
 9.1373390e-001
 9.1420150e-001
 9.1464102e-001
 9.1505510e-001
 9.1544628e-001
 9.1581774e-001
 9.1617244e-001
 9.1651309e-001
 9.1684151e-001
 9.1715837e-001
 9.1746354e-001
 9.1775638e-001
 9.1803616e-001
 9.1830301e-001
 9.1855752e-001
 9.1880107e-001
 9.1903555e-001
 9.1926265e-001
 9.1948420e-001
 9.1970140e-001
 9.1991526e-001
 9.2012644e-001
 9.2033511e-001
 9.2054164e-001
 9.2074621e-001
 9.2094922e-001
 9.2115170e-001
 9.2135471e-001
 9.2155939e-001
 9.2176658e-001
 9.2197657e-001
 9.2218918e-001
 9.2240363e-001
 9.2261904e-001
 9.2283428e-001
 9.2304820e-001
 9.2325950e-001
 9.2346722e-001
 9.2367059e-001
 9.2386991e-001
 9.2406619e-001
 9.2426163e-001
 9.2445868e-001
 9.2465955e-001
 9.2486548e-001
 9.2507631e-001
 9.2529058e-001
 9.2550570e-001
 9.2571890e-001
 9.2592746e-001
 9.2612940e-001
 9.2632324e-001
 9.2650861e-001
 9.2668581e-001
 9.2685586e-001
 9.2702043e-001
 9.2718148e-001
 9.2734104e-001
 9.2750090e-001
 9.2766243e-001
 9.2782629e-001
 9.2799258e-001
 9.2816085e-001
 9.2832994e-001
 9.2849839e-001
 9.2866457e-001
 9.2882675e-001
 9.2898345e-001
 9.2913359e-001
 9.2927682e-001
 9.2941350e-001
 9.2954439e-001
 9.2967051e-001
 9.2979223e-001
 9.2990869e-001
 9.3001747e-001
 9.3011397e-001
 9.3019199e-001
 9.3024367e-001
 9.3026030e-001
 9.3023252e-001
 9.3015069e-001
 9.3000537e-001
 9.2978841e-001
 9.2949414e-001
 9.2912102e-001
 9.2867333e-001
 9.2816234e-001
 9.2760670e-001
 9.2703193e-001
 9.2646873e-001
 9.2595094e-001
 9.2551214e-001
 9.2518312e-001
 9.2498881e-001
 9.2494547e-001
 9.2505950e-001
 9.2532665e-001
 9.2573243e-001
 9.2625421e-001
 9.2686361e-001
 9.2752969e-001
 9.2822176e-001
 9.2891216e-001
 9.2957735e-001
 9.3019927e-001
 9.3076521e-001
 9.3126762e-001
 9.3170381e-001
 9.3207455e-001
 9.3238372e-001
 9.3263650e-001
 9.3283898e-001
 9.3299711e-001
 9.3311679e-001
 9.3320310e-001
 9.3326062e-001
 9.3329340e-001
 9.3330491e-001
 9.3329811e-001
 9.3327588e-001
 9.3324089e-001
 9.3319607e-001
 9.3314421e-001
 9.3308824e-001
 9.3303066e-001
 9.3297398e-001
 9.3292052e-001
 9.3287247e-001
 9.3283254e-001
 9.3280327e-001
 9.3278742e-001
 9.3278718e-001
 9.3280417e-001
 9.3283886e-001
 9.3289065e-001
 9.3295795e-001
 9.3303812e-001
 9.3312794e-001
 9.3322372e-001
 9.3332177e-001
 9.3341833e-001
 9.3351007e-001
 9.3359417e-001
 9.3366820e-001
 9.3373054e-001
 9.3378007e-001
 9.3381673e-001
 9.3384117e-001
 9.3385482e-001
 9.3385988e-001
 9.3385911e-001
 9.3385535e-001
 9.3385136e-001
 9.3384933e-001
 9.3385088e-001
 9.3385673e-001
 9.3386686e-001
 9.3388045e-001
 9.3389624e-001
 9.3391258e-001
 9.3392748e-001
 9.3393922e-001
 9.3394613e-001
 9.3394679e-001
 9.3394017e-001
 9.3392545e-001
 9.3390167e-001
 9.3386751e-001
 9.3382102e-001
 9.3375933e-001
 9.3367898e-001
 9.3357641e-001
 9.3344820e-001
 9.3329179e-001
 9.3310595e-001
 9.3289101e-001
 9.3264854e-001
 9.3238151e-001
 9.3209326e-001
 9.3178761e-001
 9.3146783e-001
 9.3113643e-001
 9.3079525e-001
 9.3044525e-001
 9.3008745e-001
 9.2972314e-001
 9.2935443e-001
 9.2898446e-001
 9.2861718e-001
 9.2825747e-001
 9.2791009e-001
 9.2757934e-001
 9.2726845e-001
 9.2697877e-001
 9.2670971e-001
 9.2645866e-001
 9.2622072e-001
 9.2598933e-001
 9.2575675e-001
 9.2551482e-001
 9.2525619e-001
 9.2497510e-001
 9.2466897e-001
 9.2433918e-001
 9.2399132e-001
 9.2363542e-001
 9.2328477e-001
 9.2295462e-001
 9.2266005e-001
 9.2241418e-001
 9.2222643e-001
 9.2210132e-001
 9.2203850e-001
 9.2203289e-001
 9.2207599e-001
 9.2215747e-001
 9.2226684e-001
 9.2239523e-001
 9.2253649e-001
 9.2268783e-001
 9.2284966e-001
 9.2302477e-001
 9.2321742e-001
 9.2343140e-001
 9.2366916e-001
 9.2393035e-001
 9.2421120e-001
 9.2450476e-001
 9.2480129e-001
 9.2508942e-001
 9.2535716e-001
 9.2559332e-001
 9.2578846e-001
 9.2593575e-001
 9.2603171e-001
 9.2607641e-001
 9.2607361e-001
 9.2603022e-001
 9.2595577e-001
 9.2586154e-001
 9.2575920e-001
 9.2565984e-001
 9.2557245e-001
 9.2550349e-001
 9.2545587e-001
 9.2542905e-001
 9.2541963e-001
 9.2542166e-001
 9.2542815e-001
 9.2543179e-001
 9.2542642e-001
 9.2540747e-001
 9.2537254e-001
 9.2532134e-001
 9.2525542e-001
 9.2517757e-001
 9.2509127e-001
 9.2500061e-001
 9.2490983e-001
 9.2482358e-001
 9.2474616e-001
 9.2468196e-001
 9.2463458e-001
 9.2460668e-001
 9.2459965e-001
 9.2461371e-001
 9.2464769e-001
 9.2469966e-001
 9.2476714e-001
 9.2484742e-001
 9.2493814e-001
 9.2503685e-001
 9.2514163e-001
 9.2525023e-001
 9.2536062e-001
 9.2547029e-001
 9.2557663e-001
 9.2567694e-001
 9.2576879e-001
 9.2584997e-001
 9.2591864e-001
 9.2597336e-001
 9.2601252e-001
 9.2603469e-001
 9.2603791e-001
 9.2601997e-001
 9.2597866e-001
 9.2591232e-001
 9.2582029e-001
 9.2570370e-001
 9.2556524e-001
 9.2540890e-001
 9.2523980e-001
 9.2506284e-001
 9.2488253e-001
 9.2470229e-001
 9.2452437e-001
 9.2435026e-001
 9.2418092e-001
 9.2401695e-001
 9.2385930e-001
 9.2370880e-001
 9.2356640e-001
 9.2343295e-001
 9.2330903e-001
 9.2319512e-001
 9.2309129e-001
 9.2299753e-001
 9.2291343e-001
 9.2283815e-001
 9.2276996e-001
 9.2270601e-001
 9.2264193e-001
 9.2257166e-001
 9.2248726e-001
 9.2237872e-001
 9.2223400e-001
 9.2203939e-001
 9.2177963e-001
 9.2143899e-001
 9.2100215e-001
 9.2045522e-001
 9.1978699e-001
 9.1898948e-001
 9.1805917e-001
 9.1699725e-001
 9.1580981e-001
 9.1450924e-001
 9.1311437e-001
 9.1165078e-001
 9.1015184e-001
 9.0865678e-001
 9.0720987e-001
 9.0585726e-001
 9.0464282e-001
 9.0360504e-001
 9.0277243e-001
 9.0216106e-001
 9.0177250e-001
 9.0159369e-001
 9.0159881e-001
 9.0175229e-001
 9.0201300e-001
 9.0233886e-001
 9.0269130e-001
 9.0303767e-001
 9.0335339e-001
 9.0362167e-001
 9.0383261e-001
 9.0398115e-001
 9.0406537e-001
 9.0408450e-001
 9.0403783e-001
 9.0392435e-001
 9.0374261e-001
 9.0349144e-001
 9.0317035e-001
 9.0278023e-001
 9.0232354e-001
 9.0180397e-001
 9.0122646e-001
 9.0059626e-001
 8.9991856e-001
 8.9919817e-001
 8.9843911e-001
 8.9764458e-001
 8.9681685e-001
 8.9595687e-001
 8.9506477e-001
 8.9413905e-001
 8.9317709e-001
 8.9217526e-001
 8.9112818e-001
 8.9002991e-001
 8.8887286e-001
 8.8764888e-001
 8.8634896e-001
 8.8496327e-001
 8.8348234e-001
 8.8189673e-001
 8.8019675e-001
 8.7837392e-001
 8.7641901e-001
 8.7432367e-001
 8.7207985e-001
 8.6967963e-001
 8.6711740e-001
 8.6438924e-001
 8.6149651e-001
 8.5844660e-001
 8.5525399e-001
 8.5194391e-001
 8.4854960e-001
 8.4511399e-001
 8.4168553e-001
 8.3831251e-001
 8.3504099e-001
 8.3190566e-001
 8.2892776e-001
 8.2611018e-001
 8.2343453e-001
 8.2086378e-001
 8.1834376e-001
 8.1580728e-001
 8.1318271e-001
 8.1039828e-001
 8.0739093e-001
 8.0411100e-001
 8.0052477e-001
 7.9661888e-001
 7.9239661e-001
 7.8787863e-001
 7.8309834e-001
 7.7809495e-001
 7.7291268e-001
 7.6759124e-001
 7.6216590e-001
 7.5666326e-001
 7.5109714e-001
 7.4547368e-001
 7.3978692e-001
 7.3402625e-001
 7.2817725e-001
 7.2222227e-001
 7.1614659e-001
 7.0993733e-001
 7.0358217e-001
 6.9707602e-001
 6.9042009e-001
 6.8363506e-001
 6.7677116e-001
 6.6992027e-001
 6.6323507e-001
 6.5693080e-001
 6.5128928e-001
 6.4664072e-001
 6.4333332e-001
 6.4169550e-001
 6.4198691e-001
 6.4435750e-001
 6.4881527e-001
 6.5521801e-001
 6.6328084e-001
 6.7261493e-001
 6.8276900e-001
 6.9328511e-001
 7.0375234e-001
 7.1383548e-001
 7.2330481e-001
 7.3203057e-001
 7.3997486e-001
 7.4717247e-001
 7.5369930e-001
 7.5965142e-001
 7.6512712e-001
 7.7020901e-001
 7.7496302e-001
 7.7943254e-001
 7.8364301e-001
 7.8760737e-001
 7.9132777e-001
 7.9480362e-001
 7.9803246e-001
 8.0101413e-001
 8.0375308e-001
 8.0625683e-001
 8.0853760e-001
 8.1060910e-001
 8.1248593e-001
 8.1418264e-001
 8.1571108e-001
 8.1708157e-001
 8.1830156e-001
 8.1937635e-001
 8.2031018e-001
 8.2110626e-001
 8.2176733e-001
 8.2229650e-001
 8.2269710e-001
 8.2297307e-001
 8.2312912e-001
 8.2317108e-001
 8.2310617e-001
 8.2294351e-001
 8.2269448e-001
 8.2237267e-001
 8.2199419e-001
 8.2157630e-001
 8.2113707e-001
 8.2069308e-001
 8.2025844e-001
 8.1984288e-001
 8.1945109e-001
 8.1908286e-001
 8.1873304e-001
 8.1839323e-001
 8.1805301e-001
 8.1770122e-001
 8.1732762e-001
 8.1692356e-001
 8.1648260e-001
 8.1600064e-001
 8.1547540e-001
 8.1490666e-001
 8.1429565e-001
 8.1364459e-001
 8.1295681e-001
 8.1223619e-001
 8.1148702e-001
 8.1071371e-001
 8.0991983e-001
 8.0910885e-001
 8.0828273e-001
 8.0744272e-001
 8.0658942e-001
 8.0572230e-001
 8.0484080e-001
 8.0394405e-001
 8.0303133e-001
 8.0210221e-001
 8.0115581e-001
 8.0019146e-001
 7.9920763e-001
 7.9820287e-001
 7.9717529e-001
 7.9612297e-001
 7.9504496e-001
 7.9394126e-001
 7.9281265e-001
 7.9166192e-001
 7.9049218e-001
 7.8930771e-001
 7.8811324e-001
 7.8691250e-001
 7.8570944e-001
 7.8450650e-001
 7.8330570e-001
 7.8210837e-001
 7.8091472e-001
 7.7972484e-001
 7.7853745e-001
 7.7735060e-001
 7.7616137e-001
 7.7496547e-001
 7.7375895e-001
 7.7253711e-001
 7.7129662e-001
 7.7003509e-001
 7.6875114e-001
 7.6744539e-001
 7.6612002e-001
 7.6477778e-001
 7.6342303e-001
 7.6205963e-001
 7.6069164e-001
 7.5932235e-001
 7.5795352e-001
 7.5658655e-001
 7.5522119e-001
 7.5385714e-001
 7.5249404e-001
 7.5113130e-001
 7.4976969e-001
 7.4841028e-001
 7.4705559e-001
 7.4570912e-001
 7.4437433e-001
 7.4305576e-001
 7.4175680e-001
 7.4048066e-001
 7.3922926e-001
 7.3800230e-001
 7.3679823e-001
 7.3561329e-001
 7.3444271e-001
 7.3328137e-001
 7.3212397e-001
 7.3096681e-001
 7.2980797e-001
 7.2864676e-001
 7.2748506e-001
 7.2632527e-001
 7.2517073e-001
 7.2402495e-001
 7.2289020e-001
 7.2176832e-001
 7.2065961e-001
 7.1956378e-001
 7.1848005e-001
 7.1740693e-001
 7.1634376e-001
 7.1528953e-001
 7.1424413e-001
 7.1320778e-001
 7.1218061e-001
 7.1116358e-001
 7.1015733e-001
 7.0916337e-001
 7.0818353e-001
 7.0721936e-001
 7.0627278e-001
 7.0534527e-001
 7.0443708e-001
 7.0354784e-001
 7.0267528e-001
 7.0181566e-001
 7.0096356e-001
 7.0011157e-001
 6.9925082e-001
 6.9837040e-001
 6.9745815e-001
 6.9650006e-001
 6.9547999e-001
 6.9438052e-001
 6.9318169e-001
 6.9186288e-001
 6.9040364e-001
 6.8878573e-001
 6.8699819e-001
 6.8504077e-001
 6.8293071e-001
 6.8070656e-001
 6.7843014e-001
 6.7618716e-001
 6.7408019e-001
 6.7222142e-001
 6.7071980e-001
 6.6966718e-001
 6.6912800e-001
 6.6912967e-001
 6.6966033e-001
 6.7067105e-001
 6.7208415e-001
 6.7380351e-001
 6.7572683e-001
 6.7775798e-001
 6.7981315e-001
 6.8182778e-001
 6.8375570e-001
 6.8556815e-001
 6.8725103e-001
 6.8879944e-001
 6.9021577e-001
 6.9150555e-001
 6.9267660e-001
 6.9373798e-001
 6.9469875e-001
 6.9556874e-001
 6.9635767e-001
 6.9707507e-001
 6.9773078e-001
 6.9833380e-001
 6.9889230e-001
 6.9941372e-001
 6.9990396e-001
 7.0036811e-001
 7.0081031e-001
 7.0123446e-001
 7.0164466e-001
 7.0204532e-001
 7.0244157e-001
 7.0283842e-001
 7.0324051e-001
 7.0365179e-001
 7.0407474e-001
 7.0451021e-001
 7.0495731e-001
 7.0541358e-001
 7.0587540e-001
 7.0633799e-001
 7.0679629e-001
 7.0724493e-001
 7.0767891e-001
 7.0809340e-001
 7.0848393e-001
 7.0884651e-001
 7.0917767e-001
 7.0947450e-001
 7.0973516e-001
 7.0995897e-001
 7.1014625e-001
 7.1029836e-001
 7.1041715e-001
 7.1050513e-001
 7.1056497e-001
 7.1059978e-001
 7.1061295e-001
 7.1060812e-001
 7.1058923e-001
 7.1055996e-001
 7.1052414e-001
 7.1048510e-001
 7.1044624e-001
 7.1041071e-001
 7.1038133e-001
 7.1036041e-001
 7.1034932e-001
 7.1034813e-001
 7.1035540e-001
 7.1036804e-001
 7.1038169e-001
 7.1039099e-001
 7.1039021e-001
 7.1037418e-001
 7.1033847e-001
 7.1028054e-001
 7.1019942e-001
 7.1009642e-001
 7.0997435e-001
 7.0983744e-001
 7.0969075e-001
 7.0953912e-001
 7.0938706e-001
 7.0923835e-001
 7.0909548e-001
 7.0896012e-001
 7.0883292e-001
 7.0871401e-001
 7.0860332e-001
 7.0850050e-001
 7.0840573e-001
 7.0831925e-001
 7.0824158e-001
 7.0817351e-001
 7.0811558e-001
 7.0806837e-001
 7.0803213e-001
 7.0800734e-001
 7.0799452e-001
 7.0799476e-001
 7.0800972e-001
 7.0804137e-001
 7.0809191e-001
 7.0816350e-001
 7.0825762e-001
 7.0837474e-001
 7.0851445e-001
 7.0867497e-001
 7.0885384e-001
 7.0904809e-001
 7.0925474e-001
 7.0947099e-001
 7.0969433e-001
 7.0992291e-001
 7.1015531e-001
 7.1039063e-001
 7.1062875e-001
 7.1087009e-001
 7.1111584e-001
 7.1136779e-001
 7.1162820e-001
 7.1189934e-001
 7.1218348e-001
 7.1248221e-001
 7.1279657e-001
 7.1312660e-001
 7.1347177e-001
 7.1383083e-001
 7.1420223e-001
 7.1458417e-001
 7.1497536e-001
 7.1537459e-001
 7.1577162e-001
 7.1618509e-001
 7.1660531e-001
 7.1703267e-001
 7.1746761e-001
 7.1791095e-001
 7.1836442e-001
 7.1883059e-001
 7.1931320e-001
 7.1981621e-001
 7.2034353e-001
 7.2089809e-001
 7.2148103e-001
 7.2209126e-001
 7.2272509e-001
 7.2337651e-001
 7.2403842e-001
 7.2470355e-001
 7.2536606e-001
 7.2602195e-001
 7.2666943e-001
 7.2730881e-001
 7.2794163e-001
 7.2857034e-001
 7.2919703e-001
 7.2982371e-001
 7.3045224e-001
 7.3108435e-001
 7.3172277e-001
 7.3237067e-001
 7.3303109e-001
 7.3370606e-001
 7.3439431e-001
 7.3509175e-001
 7.3579091e-001
 7.3648268e-001
 7.3715848e-001
 7.3781121e-001
 7.3843700e-001
 7.3903567e-001
 7.3960996e-001
 7.4016517e-001
 7.4070776e-001
 7.4124378e-001
 7.4177873e-001
 7.4231583e-001
 7.4285597e-001
 7.4339753e-001
 7.4393654e-001
 7.4446827e-001
 7.4498844e-001
 7.4549490e-001
 7.4598795e-001
 7.4646980e-001
 7.4694371e-001
 7.4741215e-001
 7.4787694e-001
 7.4833912e-001
 7.4880075e-001
 7.4926585e-001
 7.4974054e-001
 7.5023204e-001
 7.5074625e-001
 7.5128448e-001
 7.5184155e-001
 7.5240380e-001
 7.5295013e-001
 7.5345451e-001
 7.5388879e-001
 7.5422704e-001
 7.5444853e-001
 7.5454080e-001
 7.5450158e-001
 7.5433904e-001
 7.5407082e-001
 7.5372064e-001
 7.5331426e-001
 7.5287443e-001
 7.5241816e-001
 7.5195467e-001
 7.5148594e-001
 7.5100809e-001
 7.5051337e-001
 7.4999231e-001
 7.4943489e-001
 7.4883235e-001
 7.4817771e-001
 7.4746603e-001
 7.4669480e-001
 7.4586332e-001
 7.4497187e-001
 7.4402153e-001
 7.4301243e-001
 7.4194342e-001
 7.4081093e-001
 7.3960733e-001
 7.3832196e-001
 7.3694038e-001
 7.3544687e-001
 7.3382598e-001
 7.3206383e-001
 7.3015088e-001
 7.2808111e-001
 7.2585332e-001
 7.2347003e-001
 7.2093540e-001
 7.1825713e-001
 7.1544343e-001
 7.1250588e-001
 7.0945865e-001
 7.0631737e-001
 7.0310092e-001
 6.9982731e-001
 6.9651514e-001
 6.9318211e-001
 6.8984407e-001
 6.8651861e-001
 6.8322569e-001
 6.7998761e-001
 6.7683196e-001
 6.7378819e-001
 6.7088872e-001
 6.6816646e-001
 6.6565299e-001
 6.6338050e-001
 6.6137904e-001
 6.5967780e-001
 6.5830255e-001
 6.5727305e-001
 6.5660173e-001
 6.5629154e-001
 6.5633553e-001
 6.5671700e-001
 6.5741014e-001
 6.5838069e-001
 6.5958744e-001
 6.6098309e-001
 6.6251671e-001
 6.6413665e-001
 6.6579068e-001
 6.6742647e-001
 6.6899025e-001
 6.7042291e-001
 6.7165893e-001
 6.7262453e-001
 6.7324001e-001
 6.7342442e-001
 6.7310268e-001
 6.7221516e-001
 6.7072898e-001
 6.6864902e-001
 6.6602665e-001
 6.6296667e-001
 6.5962565e-001
 6.5620726e-001
 6.5294671e-001
 6.5008706e-001
 6.4785385e-001
 6.4642268e-001
 6.4589632e-001
 6.4628738e-001
 6.4751607e-001
 6.4941984e-001
 6.5177470e-001
 6.5432596e-001
 6.5681928e-001
 6.5903562e-001
 6.6081661e-001
 6.6208380e-001
 6.6284508e-001
 6.6318679e-001
 6.6325641e-001
 6.6323483e-001
 6.6330624e-001
 6.6362864e-001
 6.6431129e-001
 6.6540080e-001
 6.6687757e-001
 6.6866189e-001
 6.7062885e-001
 6.7262542e-001
 6.7449343e-001
 6.7608821e-001
 6.7729640e-001
 6.7804772e-001
 6.7831987e-001
 6.7813790e-001
 6.7756689e-001
 6.7669994e-001
 6.7564362e-001
 6.7450356e-001
 6.7337155e-001
 6.7231566e-001
 6.7137617e-001
 6.7056412e-001
 6.6986549e-001
 6.6924864e-001
 6.6867447e-001
 6.6810769e-001
 6.6752636e-001
 6.6692746e-001
 6.6632694e-001
 6.6575640e-001
 6.6525376e-001
 6.6485512e-001
 6.6458672e-001
 6.6445810e-001
 6.6445935e-001
 6.6456038e-001
 6.6471338e-001
 6.6485739e-001
 6.6492379e-001
 6.6484249e-001
 6.6454685e-001
 6.6397578e-001
 6.6307563e-001
 6.6179824e-001
 6.6010141e-001
 6.5794963e-001
 6.5531999e-001
 6.5220541e-001
 6.4862233e-001
 6.4461887e-001
 6.4027190e-001
 6.3568646e-001
 6.3099217e-001
 6.2632501e-001
 6.2181646e-001
 6.1758244e-001
 6.1370450e-001
 6.1022758e-001
 6.0715795e-001
 6.0447121e-001
 6.0211885e-001
 6.0004276e-001
 5.9818769e-001
 5.9650594e-001
 5.9496236e-001
 5.9353322e-001
 5.9219921e-001
 5.9094137e-001
 5.8973628e-001
 5.8855677e-001
 5.8737397e-001
 5.8616447e-001
 5.8491760e-001
 5.8363724e-001
 5.8234191e-001
 5.8105958e-001
 5.7981664e-001
 5.7862812e-001
 5.7748991e-001
 5.7637173e-001
 5.7521772e-001
 5.7395017e-001
 5.7247800e-001
 5.7070374e-001
 5.6853324e-001
 5.6588459e-001
 5.6269145e-001
 5.5890834e-001
 5.5451763e-001
 5.4952705e-001
 5.4397559e-001
 5.3793317e-001
 5.3150767e-001
 5.2483600e-001
 5.1808566e-001
 5.1145524e-001
 5.0515682e-001
 4.9941185e-001
 4.9444246e-001
 4.9044961e-001
 4.8760405e-001
 4.8603052e-001
 4.8579705e-001
 4.8690557e-001
 4.8929322e-001
 4.9283358e-001
 4.9734962e-001
 5.0262499e-001
 5.0841200e-001
 5.1445282e-001
 5.2048951e-001
 5.2627349e-001
 5.3158832e-001
 5.3625464e-001
 5.4013985e-001
 5.4315537e-001
 5.4525852e-001
 5.4644072e-001
 5.4671681e-001
 5.4611528e-001
 5.4466498e-001
 5.4238796e-001
 5.3929055e-001
 5.3536367e-001
 5.3058583e-001
 5.2493787e-001
 5.1841110e-001
 5.1102579e-001
 5.0285268e-001
 4.9401283e-001
 4.8468581e-001
 4.7511277e-001
 4.6556994e-001
 4.5635581e-001
 4.4777247e-001
 4.4008604e-001
 4.3351072e-001
 4.2818695e-001
 4.2417654e-001
 4.2145607e-001
 4.1993341e-001
 4.1946641e-001
 4.1988337e-001
 4.2100689e-001
 4.2266983e-001
 4.2472884e-001
 4.2706922e-001
 4.2960680e-001
 4.3228251e-001
 4.3506065e-001
 4.3792009e-001
 4.4084463e-001
 4.4382060e-001
 4.4683048e-001
 4.4984853e-001
 4.5284486e-001
 4.5578372e-001
 4.5862201e-001
 4.6131310e-001
 4.6380368e-001
 4.6603513e-001
 4.6794307e-001
 4.6946391e-001
 4.7053710e-001
 4.7110930e-001
 4.7113976e-001
 4.7060159e-001
 4.6948406e-001
 4.6779183e-001
 4.6554434e-001
 4.6277264e-001
 4.5951959e-001
 4.5583308e-001
 4.5176628e-001
 4.4738185e-001
 4.4274956e-001
 4.3795413e-001
 4.3310463e-001
 4.2833123e-001
 4.2378834e-001
 4.1965306e-001
 4.1610861e-001
 4.1333571e-001
 4.1149607e-001
 4.1071892e-001
 4.1108531e-001
 4.1262153e-001
 4.1529274e-001
 4.1900724e-001
 4.2362350e-001
 4.2895716e-001
 4.3480131e-001
 4.4093710e-001
 4.4715151e-001
 4.5324552e-001
 4.5905519e-001
 4.6445501e-001
 4.6935818e-001
 4.7372314e-001
 4.7754446e-001
 4.8084354e-001
 4.8366612e-001
 4.8607096e-001
 4.8812196e-001
 4.8988575e-001
 4.9142545e-001
 4.9279889e-001
 4.9405593e-001
 4.9523932e-001
 4.9638280e-001
 4.9750915e-001
 4.9863043e-001
 4.9974573e-001
 5.0083929e-001
 5.0188166e-001
 5.0282943e-001
 5.0362724e-001
 5.0420976e-001
 5.0450599e-001
 5.0444168e-001
 5.0394326e-001
 5.0294191e-001
 5.0137752e-001
 4.9920627e-001
 4.9640471e-001
 4.9297747e-001
 4.8896083e-001
 4.8442963e-001
 4.7949067e-001
 4.7428119e-001
 4.6896634e-001
 4.6372342e-001
 4.5873782e-001
 4.5419902e-001
 4.5028645e-001
 4.4716665e-001
 4.4498691e-001
 4.4386199e-001
 4.4386840e-001
 4.4503582e-001
 4.4733953e-001
 4.5069891e-001
 4.5497984e-001
 4.5999819e-001
 4.6554035e-001
 4.7137946e-001
 4.7729090e-001
 4.8307917e-001
 4.8858550e-001
 4.9369761e-001
 4.9834535e-001
 5.0250375e-001
 5.0618124e-001
 5.0940847e-001
 5.1223469e-001
 5.1471680e-001
 5.1691252e-001
 5.1887929e-001
 5.2066958e-001
 5.2232778e-001
 5.2389097e-001
 5.2538681e-001
 5.2683389e-001
 5.2824193e-001
 5.2961510e-001
 5.3095353e-001
 5.3225374e-001
 5.3351200e-001
 5.3472418e-001
 5.3588611e-001
 5.3699577e-001
 5.3805315e-001
 5.3906107e-001
 5.4002446e-001
 5.4095125e-001
 5.4185110e-001
 5.4273367e-001
 5.4360849e-001
 5.4448336e-001
 5.4536265e-001
 5.4624856e-001
 5.4714054e-001
 5.4803526e-001
 5.4892808e-001
 5.4981250e-001
 5.5068046e-001
 5.5152094e-001
 5.5232072e-001
 5.5306226e-001
 5.5372298e-001
 5.5427521e-001
 5.5468601e-001
 5.5491787e-001
 5.5493194e-001
 5.5469114e-001
 5.5416518e-001
 5.5333692e-001
 5.5220741e-001
 5.5080068e-001
 5.4916769e-001
 5.4738450e-001
 5.4554939e-001
 5.4377741e-001
 5.4218757e-001
 5.4089147e-001
 5.3998166e-001
 5.3951931e-001
 5.3952903e-001
 5.3999811e-001
 5.4088026e-001
 5.4210478e-001
 5.4358774e-001
 5.4524225e-001
 5.4699069e-001
 5.4877281e-001
 5.5054915e-001
 5.5230618e-001
 5.5405241e-001
 5.5581498e-001
 5.5763024e-001
 5.5953825e-001
 5.6157297e-001
 5.6375468e-001
 5.6608862e-001
 5.6856257e-001
 5.7114708e-001
 5.7380235e-001
 5.7648206e-001
 5.7913685e-001
 5.8172321e-001
 5.8420533e-001
 5.8655858e-001
 5.8876836e-001
 5.9083217e-001
 5.9275615e-001
 5.9455103e-001
 5.9623301e-001
 5.9782070e-001
 5.9933287e-001
 6.0078883e-001
 6.0220474e-001
 6.0359216e-001
 6.0495538e-001
 6.0629427e-001
 6.0760587e-001
 6.0888594e-001
 6.1013329e-001
 6.1134940e-001
 6.1253768e-001
 6.1370462e-001
 6.1485815e-001
 6.1600727e-001
 6.1715966e-001
 6.1832142e-001
 6.1949408e-001
 6.2067235e-001
 6.2184548e-001
 6.2299716e-001
 6.2410587e-001
 6.2514853e-001
 6.2610114e-001
 6.2693971e-001
 6.2764353e-001
 6.2819564e-001
 6.2858593e-001
 6.2881225e-001
 6.2888187e-001
 6.2881029e-001
 6.2861890e-001
 6.2833261e-001
 6.2797731e-001
 6.2757790e-001
 6.2715602e-001
 6.2672776e-001
 6.2630188e-001
 6.2587905e-001
 6.2545246e-001
 6.2501127e-001
 6.2454516e-001
 6.2404794e-001
 6.2352079e-001
 6.2297451e-001
 6.2242830e-001
 6.2190837e-001
 6.2144512e-001
 6.2106931e-001
 6.2080938e-001
 6.2068897e-001
 6.2072647e-001
 6.2093359e-001
 6.2131554e-001
 6.2186897e-001
 6.2258148e-001
 6.2343097e-001
 6.2438560e-001
 6.2540811e-001
 6.2645930e-001
 6.2750256e-001
 6.2850523e-001
 6.2944067e-001
 6.3028574e-001
 6.3101846e-001
 6.3161737e-001
 6.3206053e-001
 6.3232541e-001
 6.3239127e-001
 6.3224041e-001
 6.3186067e-001
 6.3124657e-001
 6.3039953e-001
 6.2932676e-001
 6.2804067e-001
 6.2655669e-001
 6.2489504e-001
 6.2308449e-001
 6.2116295e-001
 6.1917979e-001
 6.1719620e-001
 6.1527920e-001
 6.1349797e-001
 6.1191863e-001
 6.1060035e-001
 6.0958934e-001
 6.0891688e-001
 6.0859704e-001
 6.0862476e-001
 6.0897744e-001
 6.0961705e-001
 6.1049443e-001
 6.1155427e-001
 6.1273831e-001
 6.1399072e-001
 6.1525869e-001
 6.1649394e-001
 6.1765122e-001
 6.1868995e-001
 6.1957192e-001
 6.2026024e-001
 6.2071925e-001
 6.2091255e-001
 6.2080246e-001
 6.2035078e-001
 6.1952102e-001
 6.1828327e-001
 6.1662185e-001
 6.1454052e-001
 6.1206836e-001
 6.0926408e-001
 6.0621011e-001
 6.0300940e-001
 5.9978092e-001
 5.9664881e-001
 5.9373838e-001
 5.9117037e-001
 5.8904725e-001
 5.8744407e-001
 5.8639711e-001
 5.8589858e-001
 5.8589667e-001
 5.8630443e-001
 5.8701187e-001
 5.8790052e-001
 5.8885652e-001
 5.8978027e-001
 5.9059590e-001
 5.9125376e-001
 5.9173107e-001
 5.9202719e-001
 5.9215838e-001
 5.9214932e-001
 5.9202653e-001
 5.9181422e-001
 5.9153223e-001
 5.9119701e-001
 5.9082204e-001
 5.9041768e-001
 5.8999008e-001
 5.8953995e-001
 5.8906287e-001
 5.8855212e-001
 5.8800346e-001
 5.8741784e-001
 5.8680177e-001
 5.8616501e-001
 5.8551437e-001
 5.8484972e-001
 5.8416235e-001
 5.8343619e-001
 5.8265203e-001
 5.8179200e-001
 5.8084303e-001
 5.7979631e-001
 5.7864535e-001
 5.7738328e-001
 5.7599872e-001
 5.7447499e-001
 5.7279390e-001
 5.7093734e-001
 5.6889367e-001
 5.6666017e-001
 5.6424618e-001
 5.6166935e-001
 5.5895460e-001
 5.5613458e-001
 5.5324417e-001
 5.5031979e-001
 5.4739755e-001
 5.4450268e-001
 5.4164666e-001
 5.3882790e-001
 5.3603125e-001
 5.3323746e-001
 5.3042674e-001
 5.2758282e-001
 5.2468628e-001
 5.2171522e-001
 5.1864922e-001
 5.1547134e-001
 5.1217878e-001
 5.0879353e-001
 5.0536531e-001
 5.0197607e-001
 4.9872881e-001
 4.9572918e-001
 4.9305585e-001
 4.9074790e-001
-1.2300000e+034
