s07_ASD Record=3147: Clintonite NMNH126553         BECKc AREF
 1.0887497e-001
 1.0968586e-001
 1.1052717e-001
 1.1139766e-001
 1.1228786e-001
 1.1318361e-001
 1.1407187e-001
 1.1494408e-001
 1.1579687e-001
 1.1662994e-001
 1.1744329e-001
 1.1823511e-001
 1.1900102e-001
 1.1973412e-001
 1.2042654e-001
 1.2107230e-001
 1.2166945e-001
 1.2221991e-001
 1.2272841e-001
 1.2320213e-001
 1.2365096e-001
 1.2408777e-001
 1.2452746e-001
 1.2498420e-001
 1.2546878e-001
 1.2598608e-001
 1.2653388e-001
 1.2710485e-001
 1.2769200e-001
 1.2829225e-001
 1.2890503e-001
 1.2952968e-001
 1.3016386e-001
 1.3080329e-001
 1.3144174e-001
 1.3207322e-001
 1.3269457e-001
 1.3330491e-001
 1.3390377e-001
 1.3448848e-001
 1.3505332e-001
 1.3559070e-001
 1.3609400e-001
 1.3656057e-001
 1.3699336e-001
 1.3740095e-001
 1.3779633e-001
 1.3819484e-001
 1.3861132e-001
 1.3905637e-001
 1.3953289e-001
 1.4003406e-001
 1.4054467e-001
 1.4104599e-001
 1.4152300e-001
 1.4197005e-001
 1.4239487e-001
 1.4281626e-001
 1.4325494e-001
 1.4373398e-001
 1.4426400e-001
 1.4482589e-001
 1.4540748e-001
 1.4600094e-001
 1.4659652e-001
 1.4718679e-001
 1.4776677e-001
 1.4832996e-001
 1.4886846e-001
 1.4937718e-001
 1.4985977e-001
 1.5033107e-001
 1.5081225e-001
 1.5132262e-001
 1.5187249e-001
 1.5246101e-001
 1.5307909e-001
 1.5371561e-001
 1.5436266e-001
 1.5501730e-001
 1.5567994e-001
 1.5635076e-001
 1.5702721e-001
 1.5770377e-001
 1.5837418e-001
 1.5903398e-001
 1.5968160e-001
 1.6031693e-001
 1.6093862e-001
 1.6154288e-001
 1.6212457e-001
 1.6268122e-001
 1.6321670e-001
 1.6374294e-001
 1.6427818e-001
 1.6484241e-001
 1.6545129e-001
 1.6610977e-001
 1.6680890e-001
 1.6752739e-001
 1.6823770e-001
 1.6891466e-001
 1.6954385e-001
 1.7012663e-001
 1.7068006e-001
 1.7122963e-001
 1.7179590e-001
 1.7238612e-001
 1.7299552e-001
 1.7361526e-001
 1.7423943e-001
 1.7486559e-001
 1.7549293e-001
 1.7612208e-001
 1.7675744e-001
 1.7740598e-001
 1.7807081e-001
 1.7874518e-001
 1.7941447e-001
 1.8006709e-001
 1.8070577e-001
 1.8135050e-001
 1.8202980e-001
 1.8276605e-001
 1.8356474e-001
 1.8441534e-001
 1.8530422e-001
 1.8622747e-001
 1.8719292e-001
 1.8821074e-001
 1.8928394e-001
 1.9040661e-001
 1.9156435e-001
 1.9273034e-001
 1.9386208e-001
 1.9491419e-001
 1.9586603e-001
 1.9673985e-001
 1.9758470e-001
 1.9843648e-001
 1.9929294e-001
 2.0012602e-001
 2.0091461e-001
 2.0166120e-001
 2.0238054e-001
 2.0307967e-001
 2.0375505e-001
 2.0440696e-001
 2.0504814e-001
 2.0569257e-001
 2.0633595e-001
 2.0695461e-001
 2.0752850e-001
 2.0806475e-001
 2.0859383e-001
 2.0914063e-001
 2.0969927e-001
 2.1023588e-001
 2.1071425e-001
 2.1112292e-001
 2.1148387e-001
 2.1183933e-001
 2.1222660e-001
 2.1265782e-001
 2.1311685e-001
 2.1357083e-001
 2.1398766e-001
 2.1435332e-001
 2.1468297e-001
 2.1501449e-001
 2.1538053e-001
 2.1577983e-001
 2.1617539e-001
 2.1652131e-001
 2.1679021e-001
 2.1698122e-001
 2.1711288e-001
 2.1721566e-001
 2.1732545e-001
 2.1746930e-001
 2.1764754e-001
 2.1783440e-001
 2.1800640e-001
 2.1816897e-001
 2.1834385e-001
 2.1852998e-001
 2.1869266e-001
 2.1880648e-001
 2.1890400e-001
 2.1905753e-001
 2.1929546e-001
 2.1955408e-001
 2.1974106e-001
 2.1983774e-001
 2.1990985e-001
 2.2002542e-001
 2.2019599e-001
 2.2039372e-001
 2.2058912e-001
 2.2076507e-001
 2.2092041e-001
 2.2107168e-001
 2.2123580e-001
 2.2140449e-001
 2.2154506e-001
 2.2163059e-001
 2.2166784e-001
 2.2170371e-001
 2.2181140e-001
 2.2204927e-001
 2.2240104e-001
 2.2275662e-001
 2.2298136e-001
 2.2301894e-001
 2.2292194e-001
 2.2279207e-001
 2.2270812e-001
 2.2269982e-001
 2.2275726e-001
 2.2284624e-001
 2.2292233e-001
 2.2295015e-001
 2.2292116e-001
 2.2284780e-001
 2.2273256e-001
 2.2255760e-001
 2.2232448e-001
 2.2208777e-001
 2.2191747e-001
 2.2183894e-001
 2.2184144e-001
 2.2191845e-001
 2.2204545e-001
 2.2213757e-001
 2.2210146e-001
 2.2194028e-001
 2.2176054e-001
 2.2166337e-001
 2.2165835e-001
 2.2169714e-001
 2.2177085e-001
 2.2192775e-001
 2.2216190e-001
 2.2233687e-001
 2.2230907e-001
 2.2211261e-001
 2.2193162e-001
 2.2189035e-001
 2.2193901e-001
 2.2195908e-001
 2.2193314e-001
 2.2195195e-001
 2.2206551e-001
 2.2219990e-001
 2.2225854e-001
 2.2225375e-001
 2.2225679e-001
 2.2226307e-001
 2.2220261e-001
 2.2205457e-001
 2.2185971e-001
 2.2167392e-001
 2.2156997e-001
 2.2155999e-001
 2.2150551e-001
 2.2128654e-001
 2.2100540e-001
 2.2083087e-001
 2.2073407e-001
 2.2055443e-001
 2.2025086e-001
 2.1992670e-001
 2.1965085e-001
 2.1940853e-001
 2.1920334e-001
 2.1907318e-001
 2.1900967e-001
 2.1894556e-001
 2.1881512e-001
 2.1857342e-001
 2.1819076e-001
 2.1771295e-001
 2.1729597e-001
 2.1707165e-001
 2.1699116e-001
 2.1687546e-001
 2.1659894e-001
 2.1620646e-001
 2.1584301e-001
 2.1557841e-001
 2.1536326e-001
 2.1515602e-001
 2.1499155e-001
 2.1489114e-001
 2.1479729e-001
 2.1464474e-001
 2.1443442e-001
 2.1420258e-001
 2.1395342e-001
 2.1365167e-001
 2.1328302e-001
 2.1291083e-001
 2.1264189e-001
 2.1252020e-001
 2.1248367e-001
 2.1243371e-001
 2.1231267e-001
 2.1211456e-001
 2.1186836e-001
 2.1162774e-001
 2.1143919e-001
 2.1129306e-001
 2.1112692e-001
 2.1090427e-001
 2.1069007e-001
 2.1062763e-001
 2.1078813e-001
 2.1104135e-001
 2.1111925e-001
 2.1086729e-001
 2.1043596e-001
 2.1011424e-001
 2.1002093e-001
 2.1005140e-001
 2.1005072e-001
 2.0995021e-001
 2.0978037e-001
 2.0961936e-001
 2.0954508e-001
 2.0960411e-001
 2.0978315e-001
 2.0999607e-001
 2.1012138e-001
 2.1008064e-001
 2.0989329e-001
 2.0965643e-001
 2.0947480e-001
 2.0940700e-001
 2.0945767e-001
 2.0959361e-001
 2.0975956e-001
 2.0989659e-001
 2.0996702e-001
 2.0996942e-001
 2.0992388e-001
 2.0983632e-001
 2.0968047e-001
 2.0943481e-001
 2.0915711e-001
 2.0900884e-001
 2.0913658e-001
 2.0945577e-001
 2.0959416e-001
 2.0931810e-001
 2.0905526e-001
 2.0924342e-001
 2.0970669e-001
 2.0999667e-001
 2.0999046e-001
 2.0995413e-001
 2.1019152e-001
 2.1069904e-001
 2.1115197e-001
 2.1133478e-001
 2.1142229e-001
 2.1164283e-001
 2.1192344e-001
 2.1210198e-001
 2.1223013e-001
 2.1244414e-001
 2.1273790e-001
 2.1303469e-001
 2.1334001e-001
 2.1369921e-001
 2.1409231e-001
 2.1444866e-001
 2.1472266e-001
 2.1493065e-001
 2.1514530e-001
 2.1546212e-001
 2.1592578e-001
 2.1643969e-001
 2.1680795e-001
 2.1697530e-001
 2.1715084e-001
 2.1756600e-001
 2.1819331e-001
 2.1878557e-001
 2.1914396e-001
 2.1935858e-001
 2.1972816e-001
 2.2030479e-001
 2.2072116e-001
 2.2073232e-001
 2.2064212e-001
 2.2090086e-001
 2.2150764e-001
 2.2216091e-001
 2.2257552e-001
 2.2263470e-001
 2.2253373e-001
 2.2266203e-001
 2.2316293e-001
 2.2378835e-001
 2.2426003e-001
 2.2450592e-001
 2.2463195e-001
 2.2478043e-001
 2.2502099e-001
 2.2534184e-001
 2.2571416e-001
 2.2613768e-001
 2.2663912e-001
 2.2722216e-001
 2.2779910e-001
 2.2819975e-001
 2.2829591e-001
 2.2815695e-001
 2.2803719e-001
 2.2816946e-001
 2.2855611e-001
 2.2897014e-001
 2.2917561e-001
 2.2915538e-001
 2.2909364e-001
 2.2917090e-001
 2.2943211e-001
 2.2976758e-001
 2.2998561e-001
 2.2998406e-001
 2.2985291e-001
 2.2971436e-001
 2.2967541e-001
 2.2972855e-001
 2.2982027e-001
 2.2989698e-001
 2.2991361e-001
 2.2988139e-001
 2.2983429e-001
 2.2980630e-001
 2.2982728e-001
 2.2989976e-001
 2.3001519e-001
 2.3016505e-001
 2.3033749e-001
 2.3049912e-001
 2.3060781e-001
 2.3062146e-001
 2.3050797e-001
 2.3030201e-001
 2.3002736e-001
 2.2983332e-001
 2.2974060e-001
 2.2975004e-001
 2.2980388e-001
 2.2984186e-001
 2.2980376e-001
 2.2963186e-001
 2.2932734e-001
 2.2894986e-001
 2.2856143e-001
 2.2822425e-001
 2.2799809e-001
 2.2789167e-001
 2.2786321e-001
 2.2786884e-001
 2.2786467e-001
 2.2780827e-001
 2.2768898e-001
 2.2752753e-001
 2.2734578e-001
 2.2716574e-001
 2.2700933e-001
 2.2689474e-001
 2.2682562e-001
 2.2680205e-001
 2.2682415e-001
 2.2689204e-001
 2.2700576e-001
 2.2716238e-001
 2.2734690e-001
 2.2754148e-001
 2.2772825e-001
 2.2788943e-001
 2.2800715e-001
 2.2806355e-001
 2.2804324e-001
 2.2793981e-001
 2.2774905e-001
 2.2746682e-001
 2.2708884e-001
 2.2661099e-001
 2.2602899e-001
 2.2533877e-001
 2.2454309e-001
 2.2367190e-001
 2.2276108e-001
 2.2184692e-001
 2.2096531e-001
 2.2015251e-001
 2.1944454e-001
 2.1887739e-001
 2.1847595e-001
 2.1822271e-001
 2.1809036e-001
 2.1805161e-001
 2.1807915e-001
 2.1814568e-001
 2.1822390e-001
 2.1828651e-001
 2.1831232e-001
 2.1830273e-001
 2.1826430e-001
 2.1820362e-001
 2.1812727e-001
 2.1804184e-001
 2.1795391e-001
 2.1787003e-001
 2.1779683e-001
 2.1774088e-001
 2.1770874e-001
 2.1770701e-001
 2.1773989e-001
 2.1780306e-001
 2.1789023e-001
 2.1799503e-001
 2.1811123e-001
 2.1823251e-001
 2.1835259e-001
 2.1846516e-001
 2.1856391e-001
 2.1864259e-001
 2.1869487e-001
 2.1871442e-001
 2.1869789e-001
 2.1865201e-001
 2.1858591e-001
 2.1850866e-001
 2.1842936e-001
 2.1835706e-001
 2.1830089e-001
 2.1826988e-001
 2.1827318e-001
 2.1831983e-001
 2.1841896e-001
 2.1857594e-001
 2.1878359e-001
 2.1903172e-001
 2.1931036e-001
 2.1960928e-001
 2.1991850e-001
 2.2022784e-001
 2.2052735e-001
 2.2080679e-001
 2.2105619e-001
 2.2126848e-001
 2.2144748e-001
 2.2159930e-001
 2.2172999e-001
 2.2184572e-001
 2.2195256e-001
 2.2205663e-001
 2.2216399e-001
 2.2228080e-001
 2.2241312e-001
 2.2256450e-001
 2.2272950e-001
 2.2290090e-001
 2.2307140e-001
 2.2323371e-001
 2.2338057e-001
 2.2350468e-001
 2.2359879e-001
 2.2365561e-001
 2.2366789e-001
 2.2363320e-001
 2.2356570e-001
 2.2348298e-001
 2.2340263e-001
 2.2334227e-001
 2.2331949e-001
 2.2335191e-001
 2.2345711e-001
 2.2365268e-001
 2.2394501e-001
 2.2430322e-001
 2.2468852e-001
 2.2506230e-001
 2.2538576e-001
 2.2562025e-001
 2.2572708e-001
 2.2566751e-001
 2.2542031e-001
 2.2502159e-001
 2.2451948e-001
 2.2396182e-001
 2.2339673e-001
 2.2287214e-001
 2.2243609e-001
 2.2213656e-001
 2.2200371e-001
 2.2200987e-001
 2.2211543e-001
 2.2228089e-001
 2.2246669e-001
 2.2263326e-001
 2.2274113e-001
 2.2275065e-001
 2.2263941e-001
 2.2243989e-001
 2.2219557e-001
 2.2197184e-001
 2.2178698e-001
 2.2169384e-001
 2.2172047e-001
 2.2186954e-001
 2.2212119e-001
 2.2244044e-001
 2.2278507e-001
 2.2311142e-001
 2.2338106e-001
 2.2357069e-001
 2.2367850e-001
 2.2371832e-001
 2.2371021e-001
 2.2367477e-001
 2.2362946e-001
 2.2358534e-001
 2.2354628e-001
 2.2351070e-001
 2.2347440e-001
 2.2343262e-001
 2.2338127e-001
 2.2331779e-001
 2.2324148e-001
 2.2315310e-001
 2.2305420e-001
 2.2294663e-001
 2.2283247e-001
 2.2271393e-001
 2.2259346e-001
 2.2247353e-001
 2.2235668e-001
 2.2224511e-001
 2.2214048e-001
 2.2204345e-001
 2.2195365e-001
 2.2186977e-001
 2.2178991e-001
 2.2171167e-001
 2.2163203e-001
 2.2147128e-001
 2.2134900e-001
 2.2121352e-001
 2.2106247e-001
 2.2089402e-001
 2.2070736e-001
 2.2050288e-001
 2.2028250e-001
 2.2005010e-001
 2.1981165e-001
 2.1957541e-001
 2.1935146e-001
 2.1915078e-001
 2.1898386e-001
 2.1885893e-001
 2.1878047e-001
 2.1874823e-001
 2.1875668e-001
 2.1879545e-001
 2.1885045e-001
 2.1890587e-001
 2.1894601e-001
 2.1895742e-001
 2.1893041e-001
 2.1885990e-001
 2.1874626e-001
 2.1859597e-001
 2.1842116e-001
 2.1823844e-001
 2.1806625e-001
 2.1792153e-001
 2.1781680e-001
 2.1775801e-001
 2.1774374e-001
 2.1776563e-001
 2.1781014e-001
 2.1786110e-001
 2.1790288e-001
 2.1792309e-001
 2.1791466e-001
 2.1787655e-001
 2.1781303e-001
 2.1773197e-001
 2.1764249e-001
 2.1755274e-001
 2.1746817e-001
 2.1739075e-001
 2.1731909e-001
 2.1724939e-001
 2.1717691e-001
 2.1709740e-001
 2.1700846e-001
 2.1691039e-001
 2.1680641e-001
 2.1670254e-001
 2.1660681e-001
 2.1652839e-001
 2.1647632e-001
 2.1645848e-001
 2.1648043e-001
 2.1654460e-001
 2.1664977e-001
 2.1679100e-001
 2.1696004e-001
 2.1714605e-001
 2.1733682e-001
 2.1752016e-001
 2.1768525e-001
 2.1782379e-001
 2.1793067e-001
 2.1800432e-001
 2.1804638e-001
 2.1806109e-001
 2.1805437e-001
 2.1803290e-001
 2.1800335e-001
 2.1797168e-001
 2.1794294e-001
 2.1792091e-001
 2.1790834e-001
 2.1790691e-001
 2.1791752e-001
 2.1794061e-001
 2.1797659e-001
 2.1802622e-001
 2.1809122e-001
 2.1817458e-001
 2.1828057e-001
 2.1841440e-001
 2.1858139e-001
 2.1878575e-001
 2.1902932e-001
 2.1931028e-001
 2.1962273e-001
 2.1995690e-001
 2.2030012e-001
 2.2063875e-001
 2.2095995e-001
 2.2125363e-001
 2.2151366e-001
 2.2173783e-001
 2.2192748e-001
 2.2208594e-001
 2.2221716e-001
 2.2232445e-001
 2.2240977e-001
 2.2247402e-001
 2.2251767e-001
 2.2254187e-001
 2.2254960e-001
 2.2254616e-001
 2.2253926e-001
 2.2253832e-001
 2.2255333e-001
 2.2259352e-001
 2.2266611e-001
 2.2277538e-001
 2.2292235e-001
 2.2310489e-001
 2.2331852e-001
 2.2355725e-001
 2.2381471e-001
 2.2408512e-001
 2.2436370e-001
 2.2464707e-001
 2.2493277e-001
 2.2521882e-001
 2.2550322e-001
 2.2578320e-001
 2.2605540e-001
 2.2631575e-001
 2.2656029e-001
 2.2678587e-001
 2.2699080e-001
 2.2717550e-001
 2.2734241e-001
 2.2749566e-001
 2.2764033e-001
 2.2778150e-001
 2.2792326e-001
 2.2806813e-001
 2.2821669e-001
 2.2836781e-001
 2.2851907e-001
 2.2866759e-001
 2.2881100e-001
 2.2894812e-001
 2.2907972e-001
 2.2920872e-001
 2.2934021e-001
 2.2948103e-001
 2.2963896e-001
 2.2982192e-001
 2.3003665e-001
 2.3028779e-001
 2.3057711e-001
 2.3090275e-001
 2.3125952e-001
 2.3163915e-001
 2.3203127e-001
 2.3242497e-001
 2.3280987e-001
 2.3317775e-001
 2.3352304e-001
 2.3384322e-001
 2.3413873e-001
 2.3441187e-001
 2.3466614e-001
 2.3490566e-001
 2.3513460e-001
 2.3535760e-001
 2.3558004e-001
 2.3580870e-001
 2.3605184e-001
 2.3631865e-001
 2.3661822e-001
 2.3695765e-001
 2.3734035e-001
 2.3776485e-001
 2.3822412e-001
 2.3870665e-001
 2.3919779e-001
 2.3968230e-001
 2.4014679e-001
 2.4058105e-001
 2.4097930e-001
 2.4133943e-001
 2.4166219e-001
 2.4194987e-001
 2.4220505e-001
 2.4243020e-001
 2.4262786e-001
 2.4280134e-001
 2.4295561e-001
 2.4309760e-001
 2.4323614e-001
 2.4338099e-001
 2.4354133e-001
 2.4372421e-001
 2.4393328e-001
 2.4416815e-001
 2.4442495e-001
 2.4469715e-001
 2.4497744e-001
 2.4525920e-001
 2.4553783e-001
 2.4581175e-001
 2.4608192e-001
 2.4635160e-001
 2.4662477e-001
 2.4690509e-001
 2.4719474e-001
 2.4749358e-001
 2.4779910e-001
 2.4810703e-001
 2.4841203e-001
 2.4870926e-001
 2.4899535e-001
 2.4926941e-001
 2.4953352e-001
 2.4979220e-001
 2.5005183e-001
 2.5031915e-001
 2.5059983e-001
 2.5089756e-001
 2.5121289e-001
 2.5154337e-001
 2.5188389e-001
 2.5222769e-001
 2.5256798e-001
 2.5289884e-001
 2.5321701e-001
 2.5352204e-001
 2.5381681e-001
 2.5410700e-001
 2.5439987e-001
 2.5470313e-001
 2.5502357e-001
 2.5536558e-001
 2.5573096e-001
 2.5611827e-001
 2.5652346e-001
 2.5694090e-001
 2.5736380e-001
 2.5778577e-001
 2.5820109e-001
 2.5860524e-001
 2.5899515e-001
 2.5936866e-001
 2.5972480e-001
 2.6006320e-001
 2.6038426e-001
 2.6068929e-001
 2.6098025e-001
 2.6126030e-001
 2.6153326e-001
 2.6180366e-001
 2.6207635e-001
 2.6235592e-001
 2.6264641e-001
 2.6295081e-001
 2.6327091e-001
 2.6360726e-001
 2.6395899e-001
 2.6432392e-001
 2.6469889e-001
 2.6507953e-001
 2.6546067e-001
 2.6583627e-001
 2.6619971e-001
 2.6654443e-001
 2.6686409e-001
 2.6715368e-001
 2.6740989e-001
 2.6763225e-001
 2.6782358e-001
 2.6799017e-001
 2.6814175e-001
 2.6829028e-001
 2.6844871e-001
 2.6862928e-001
 2.6884124e-001
 2.6908970e-001
 2.6937431e-001
 2.6968956e-001
 2.7002588e-001
 2.7037129e-001
 2.7071404e-001
 2.7104467e-001
 2.7135772e-001
 2.7165276e-001
 2.7193373e-001
 2.7220806e-001
 2.7248487e-001
 2.7277267e-001
 2.7307823e-001
 2.7340502e-001
 2.7375296e-001
 2.7411899e-001
 2.7449751e-001
 2.7488202e-001
 2.7526593e-001
 2.7564368e-001
 2.7601147e-001
 2.7636728e-001
 2.7671087e-001
 2.7704319e-001
 2.7736580e-001
 2.7768058e-001
 2.7798906e-001
 2.7829266e-001
 2.7859247e-001
 2.7888960e-001
 2.7918547e-001
 2.7948153e-001
 2.7977920e-001
 2.8007966e-001
 2.8038332e-001
 2.8068957e-001
 2.8099665e-001
 2.8130206e-001
 2.8160301e-001
 2.8189695e-001
 2.8218243e-001
 2.8245926e-001
 2.8272861e-001
 2.8299290e-001
 2.8325474e-001
 2.8351668e-001
 2.8378022e-001
 2.8404561e-001
 2.8431183e-001
 2.8457671e-001
 2.8483781e-001
 2.8509295e-001
 2.8534085e-001
 2.8558177e-001
 2.8581747e-001
 2.8605115e-001
 2.8628689e-001
 2.8652871e-001
 2.8677988e-001
 2.8704187e-001
 2.8731376e-001
 2.8759190e-001
 2.8786987e-001
 2.8813928e-001
 2.8839055e-001
 2.8861412e-001
 2.8880224e-001
 2.8894970e-001
 2.8905511e-001
 2.8912094e-001
 2.8915325e-001
 2.8916034e-001
 2.8915137e-001
 2.8913444e-001
 2.8911516e-001
 2.8909579e-001
 2.8907526e-001
 2.8905043e-001
 2.8901747e-001
 2.8897405e-001
 2.8892073e-001
 2.8886166e-001
 2.8880420e-001
 2.8875732e-001
 2.8872940e-001
 2.8872588e-001
 2.8874725e-001
 2.8878814e-001
 2.8883746e-001
 2.8887972e-001
 2.8889698e-001
 2.8887120e-001
 2.8878653e-001
 2.8863081e-001
 2.8839672e-001
 2.8808206e-001
 2.8768936e-001
 2.8722563e-001
 2.8670168e-001
 2.8613111e-001
 2.8553039e-001
 2.8491777e-001
 2.8431314e-001
 2.8373727e-001
 2.8321031e-001
 2.8275090e-001
 2.8237435e-001
 2.8209060e-001
 2.8190342e-001
 2.8180906e-001
 2.8179708e-001
 2.8185156e-001
 2.8195357e-001
 2.8208447e-001
 2.8222904e-001
 2.8237808e-001
 2.8252974e-001
 2.8268945e-001
 2.8286794e-001
 2.8307879e-001
 2.8333491e-001
 2.8364566e-001
 2.8401491e-001
 2.8444022e-001
 2.8491375e-001
 2.8542376e-001
 2.8595734e-001
 2.8650305e-001
 2.8705278e-001
 2.8760347e-001
 2.8815681e-001
 2.8871849e-001
 2.8929675e-001
 2.8989962e-001
 2.9053307e-001
 2.9119951e-001
 2.9189652e-001
 2.9261774e-001
 2.9335341e-001
 2.9409245e-001
 2.9482466e-001
 2.9554179e-001
 2.9623929e-001
 2.9691574e-001
 2.9757267e-001
 2.9821339e-001
 2.9884103e-001
 2.9945773e-001
 3.0006310e-001
 3.0065411e-001
 3.0122551e-001
 3.0177021e-001
 3.0228105e-001
 3.0275166e-001
 3.0317795e-001
 3.0355895e-001
 3.0389699e-001
 3.0419752e-001
 3.0446839e-001
 3.0471876e-001
 3.0495811e-001
 3.0519503e-001
 3.0543661e-001
 3.0568823e-001
 3.0595317e-001
 3.0623317e-001
 3.0652830e-001
 3.0683732e-001
 3.0715808e-001
 3.0748728e-001
 3.0782107e-001
 3.0815500e-001
 3.0848464e-001
 3.0880603e-001
 3.0911610e-001
 3.0941314e-001
 3.0969676e-001
 3.0996773e-001
 3.1022763e-001
 3.1047791e-001
 3.1071943e-001
 3.1095204e-001
 3.1117409e-001
 3.1138304e-001
 3.1157562e-001
 3.1174865e-001
 3.1190002e-001
 3.1202900e-001
 3.1213698e-001
 3.1222725e-001
 3.1230471e-001
 3.1237543e-001
 3.1244549e-001
 3.1252030e-001
 3.1260368e-001
 3.1269732e-001
 3.1280056e-001
 3.1291053e-001
 3.1302285e-001
 3.1313232e-001
 3.1323388e-001
 3.1332377e-001
 3.1339997e-001
 3.1346288e-001
 3.1351510e-001
 3.1356111e-001
 3.1360641e-001
 3.1365648e-001
 3.1371573e-001
 3.1378686e-001
 3.1387019e-001
 3.1396401e-001
 3.1406498e-001
 3.1416905e-001
 3.1427249e-001
 3.1437266e-001
 3.1446844e-001
 3.1456003e-001
 3.1464854e-001
 3.1473503e-001
 3.1481972e-001
 3.1490147e-001
 3.1497768e-001
 3.1504473e-001
 3.1509879e-001
 3.1513688e-001
 3.1515783e-001
 3.1516278e-001
 3.1515530e-001
 3.1514096e-001
 3.1512654e-001
 3.1511882e-001
 3.1512371e-001
 3.1514525e-001
 3.1518483e-001
 3.1524113e-001
 3.1531015e-001
 3.1538630e-001
 3.1546304e-001
 3.1553420e-001
 3.1559438e-001
 3.1563941e-001
 3.1566674e-001
 3.1567571e-001
 3.1566772e-001
 3.1564587e-001
 3.1561449e-001
 3.1557813e-001
 3.1554061e-001
 3.1550387e-001
 3.1546730e-001
 3.1542751e-001
 3.1537870e-001
 3.1531408e-001
 3.1522712e-001
 3.1511313e-001
 3.1497049e-001
 3.1480110e-001
 3.1461066e-001
 3.1440863e-001
 3.1420720e-001
 3.1402037e-001
 3.1386223e-001
 3.1374568e-001
 3.1368089e-001
 3.1367427e-001
 3.1372786e-001
 3.1383905e-001
 3.1400070e-001
 3.1420174e-001
 3.1442821e-001
 3.1466457e-001
 3.1489512e-001
 3.1510502e-001
 3.1528109e-001
 3.1541270e-001
 3.1549165e-001
 3.1551298e-001
 3.1547537e-001
 3.1538117e-001
 3.1523630e-001
 3.1504977e-001
 3.1483302e-001
 3.1459862e-001
 3.1435940e-001
 3.1412664e-001
 3.1390911e-001
 3.1371197e-001
 3.1353599e-001
 3.1337821e-001
 3.1323281e-001
 3.1309271e-001
 3.1295133e-001
 3.1280380e-001
 3.1264827e-001
 3.1248602e-001
 3.1232166e-001
 3.1216237e-001
 3.1201664e-001
 3.1189305e-001
 3.1179854e-001
 3.1173724e-001
 3.1170958e-001
 3.1171194e-001
 3.1173718e-001
 3.1177562e-001
 3.1181607e-001
 3.1184736e-001
 3.1185943e-001
 3.1184438e-001
 3.1179702e-001
 3.1171519e-001
 3.1159967e-001
 3.1145388e-001
 3.1128347e-001
 3.1109571e-001
 3.1089878e-001
 3.1070125e-001
 3.1051120e-001
 3.1033561e-001
 3.1017971e-001
 3.1004634e-001
 3.0993596e-001
 3.0984628e-001
 3.0977300e-001
 3.0971029e-001
 3.0965197e-001
 3.0959240e-001
 3.0952764e-001
 3.0945614e-001
 3.0937904e-001
 3.0929986e-001
 3.0922398e-001
 3.0915728e-001
 3.0910495e-001
 3.0907017e-001
 3.0905312e-001
 3.0905068e-001
 3.0905643e-001
 3.0906171e-001
 3.0905691e-001
 3.0903304e-001
 3.0898342e-001
 3.0890498e-001
 3.0879879e-001
 3.0867025e-001
 3.0852807e-001
 3.0838308e-001
 3.0824655e-001
 3.0812842e-001
 3.0803582e-001
 3.0797210e-001
 3.0793667e-001
 3.0792508e-001
 3.0793014e-001
 3.0794293e-001
 3.0795428e-001
 3.0795589e-001
 3.0794138e-001
 3.0790669e-001
 3.0785045e-001
 3.0777362e-001
 3.0767912e-001
 3.0757135e-001
 3.0745548e-001
 3.0733696e-001
 3.0722094e-001
 3.0711192e-001
 3.0701324e-001
 3.0692688e-001
 3.0685315e-001
 3.0679062e-001
 3.0673626e-001
 3.0668569e-001
 3.0663374e-001
 3.0657494e-001
 3.0650407e-001
 3.0641678e-001
 3.0630985e-001
 3.0618140e-001
 3.0603132e-001
 3.0586109e-001
 3.0567405e-001
 3.0547506e-001
 3.0527037e-001
 3.0506724e-001
 3.0487350e-001
 3.0469713e-001
 3.0454567e-001
 3.0442572e-001
 3.0434218e-001
 3.0429763e-001
 3.0429146e-001
 3.0431968e-001
 3.0437478e-001
 3.0444652e-001
 3.0452293e-001
 3.0459189e-001
 3.0464241e-001
 3.0466619e-001
 3.0465865e-001
 3.0461955e-001
 3.0455291e-001
 3.0446687e-001
 3.0437270e-001
 3.0428332e-001
 3.0421180e-001
 3.0416957e-001
 3.0416507e-001
 3.0420256e-001
 3.0428171e-001
 3.0439782e-001
 3.0454227e-001
 3.0470404e-001
 3.0487052e-001
 3.0502924e-001
 3.0516872e-001
 3.0527934e-001
 3.0535397e-001
 3.0538797e-001
 3.0537906e-001
 3.0532706e-001
 3.0523336e-001
 3.0510059e-001
 3.0493218e-001
 3.0473208e-001
 3.0450466e-001
 3.0425462e-001
 3.0398682e-001
 3.0370662e-001
 3.0341971e-001
 3.0313233e-001
 3.0285132e-001
 3.0258399e-001
 3.0233818e-001
 3.0212179e-001
 3.0194229e-001
 3.0180639e-001
 3.0171901e-001
 3.0168289e-001
 3.0169785e-001
 3.0176052e-001
 3.0186436e-001
 3.0199996e-001
 3.0215603e-001
 3.0232027e-001
 3.0248079e-001
 3.0262724e-001
 3.0275193e-001
 3.0285054e-001
 3.0292240e-001
 3.0297029e-001
 3.0299982e-001
 3.0301848e-001
 3.0303445e-001
 3.0305555e-001
 3.0308822e-001
 3.0313680e-001
 3.0320328e-001
 3.0328721e-001
 3.0338603e-001
 3.0349579e-001
 3.0361155e-001
 3.0372828e-001
 3.0384144e-001
 3.0394724e-001
 3.0404302e-001
 3.0412728e-001
 3.0419931e-001
 3.0425918e-001
 3.0430722e-001
 3.0434370e-001
 3.0436856e-001
 3.0438113e-001
 3.0438030e-001
 3.0436435e-001
 3.0433136e-001
 3.0427954e-001
 3.0420768e-001
 3.0411556e-001
 3.0400431e-001
 3.0387673e-001
 3.0373716e-001
 3.0359158e-001
 3.0344686e-001
 3.0331063e-001
 3.0319041e-001
 3.0309314e-001
 3.0302453e-001
 3.0298886e-001
 3.0298874e-001
 3.0302486e-001
 3.0309629e-001
 3.0320042e-001
 3.0333346e-001
 3.0349043e-001
 3.0366549e-001
 3.0385223e-001
 3.0404383e-001
 3.0423358e-001
 3.0441496e-001
 3.0458197e-001
 3.0472955e-001
 3.0485344e-001
 3.0495065e-001
 3.0501932e-001
 3.0505851e-001
 3.0506876e-001
 3.0505183e-001
 3.0501071e-001
 3.0494940e-001
 3.0487281e-001
 3.0478626e-001
 3.0469537e-001
 3.0460578e-001
 3.0452290e-001
 3.0445200e-001
 3.0436957e-001
 3.0433244e-001
 3.0432189e-001
 3.0434158e-001
 3.0439389e-001
 3.0447900e-001
 3.0459446e-001
 3.0473545e-001
 3.0489558e-001
 3.0506754e-001
 3.0524382e-001
 3.0541706e-001
 3.0558047e-001
 3.0572847e-001
 3.0585709e-001
 3.0596462e-001
 3.0605158e-001
 3.0612051e-001
 3.0617559e-001
 3.0622187e-001
 3.0626485e-001
 3.0631024e-001
 3.0636349e-001
 3.0642965e-001
 3.0651295e-001
 3.0661637e-001
 3.0674160e-001
 3.0688918e-001
 3.0705872e-001
 3.0724937e-001
 3.0745983e-001
 3.0768886e-001
 3.0793482e-001
 3.0819577e-001
 3.0846903e-001
 3.0875111e-001
 3.0903757e-001
 3.0932301e-001
 3.0960146e-001
 3.0986661e-001
 3.1011188e-001
 3.1033102e-001
 3.1051818e-001
 3.1066859e-001
 3.1077951e-001
 3.1085056e-001
 3.1088430e-001
 3.1088570e-001
 3.1086168e-001
 3.1082028e-001
 3.1076995e-001
 3.1071928e-001
 3.1067637e-001
 3.1064859e-001
 3.1064165e-001
 3.1065932e-001
 3.1070313e-001
 3.1077251e-001
 3.1086540e-001
 3.1097892e-001
 3.1110960e-001
 3.1125394e-001
 3.1140822e-001
 3.1156871e-001
 3.1173164e-001
 3.1189305e-001
 3.1204885e-001
 3.1219494e-001
 3.1232706e-001
 3.1244093e-001
 3.1253234e-001
 3.1259719e-001
 3.1263193e-001
 3.1263396e-001
 3.1260231e-001
 3.1253824e-001
 3.1244543e-001
 3.1232974e-001
 3.1219876e-001
 3.1206086e-001
 3.1192499e-001
 3.1179991e-001
 3.1169376e-001
 3.1161329e-001
 3.1156287e-001
 3.1154373e-001
 3.1155348e-001
 3.1158659e-001
 3.1163523e-001
 3.1169003e-001
 3.1174120e-001
 3.1177884e-001
 3.1179374e-001
 3.1177825e-001
 3.1172723e-001
 3.1163898e-001
 3.1151563e-001
 3.1136277e-001
 3.1118855e-001
 3.1100261e-001
 3.1081524e-001
 3.1063688e-001
 3.1047735e-001
 3.1034529e-001
 3.1024742e-001
 3.1018749e-001
 3.1016633e-001
 3.1018189e-001
 3.1023017e-001
 3.1030583e-001
 3.1040308e-001
 3.1051582e-001
 3.1063816e-001
 3.1076443e-001
 3.1088960e-001
 3.1100941e-001
 3.1112039e-001
 3.1121993e-001
 3.1130597e-001
 3.1137681e-001
 3.1143090e-001
 3.1146693e-001
 3.1148380e-001
 3.1148088e-001
 3.1145835e-001
 3.1141749e-001
 3.1136072e-001
 3.1129161e-001
 3.1121439e-001
 3.1113389e-001
 3.1105509e-001
 3.1098294e-001
 3.1092221e-001
 3.1087711e-001
 3.1085107e-001
 3.1084627e-001
 3.1086361e-001
 3.1090292e-001
 3.1096309e-001
 3.1104249e-001
 3.1113923e-001
 3.1125134e-001
 3.1137675e-001
 3.1151325e-001
 3.1165847e-001
 3.1180975e-001
 3.1196424e-001
 3.1211877e-001
 3.1227010e-001
 3.1241477e-001
 3.1254935e-001
 3.1267047e-001
 3.1277490e-001
 3.1285977e-001
 3.1292292e-001
 3.1296289e-001
 3.1297922e-001
 3.1297222e-001
 3.1294289e-001
 3.1289253e-001
 3.1282270e-001
 3.1273505e-001
 3.1263143e-001
 3.1251410e-001
 3.1238571e-001
 3.1224981e-001
 3.1211066e-001
 3.1197333e-001
 3.1184345e-001
 3.1172687e-001
 3.1162962e-001
 3.1155750e-001
 3.1151578e-001
 3.1150866e-001
 3.1153834e-001
 3.1160444e-001
 3.1170380e-001
 3.1183058e-001
 3.1197703e-001
 3.1213439e-001
 3.1229329e-001
 3.1244451e-001
 3.1257945e-001
 3.1269097e-001
 3.1277439e-001
 3.1282827e-001
 3.1285495e-001
 3.1285995e-001
 3.1285137e-001
 3.1283864e-001
 3.1283194e-001
 3.1284145e-001
 3.1287676e-001
 3.1294641e-001
 3.1305686e-001
 3.1321174e-001
 3.1341168e-001
 3.1365463e-001
 3.1393635e-001
 3.1425154e-001
 3.1459418e-001
 3.1495833e-001
 3.1533793e-001
 3.1572762e-001
 3.1612295e-001
 3.1652033e-001
 3.1691778e-001
 3.1731430e-001
 3.1770986e-001
 3.1810474e-001
 3.1849965e-001
 3.1889534e-001
 3.1929204e-001
 3.1968990e-001
 3.2008836e-001
 3.2048550e-001
 3.2087871e-001
 3.2126418e-001
 3.2163751e-001
 3.2199365e-001
 3.2232764e-001
 3.2263467e-001
 3.2291010e-001
 3.2315072e-001
 3.2335508e-001
 3.2352400e-001
 3.2366121e-001
 3.2377279e-001
 3.2386667e-001
 3.2395184e-001
 3.2403779e-001
 3.2413393e-001
 3.2424927e-001
 3.2439175e-001
 3.2456750e-001
 3.2478008e-001
 3.2503051e-001
 3.2531732e-001
 3.2563707e-001
 3.2598537e-001
 3.2635728e-001
 3.2674766e-001
 3.2715097e-001
 3.2756171e-001
 3.2797420e-001
 3.2838196e-001
 3.2877848e-001
 3.2915685e-001
 3.2950953e-001
 3.2982922e-001
 3.3010855e-001
 3.3034018e-001
 3.3051774e-001
 3.3063617e-001
 3.3069283e-001
 3.3068836e-001
 3.3062699e-001
 3.3051619e-001
 3.3036587e-001
 3.3018735e-001
 3.2999259e-001
 3.2979375e-001
 3.2960251e-001
 3.2942975e-001
 3.2928491e-001
 3.2917544e-001
 3.2910657e-001
 3.2908154e-001
 3.2910207e-001
 3.2916906e-001
 3.2928291e-001
 3.2944360e-001
 3.2965079e-001
 3.2990324e-001
 3.3019859e-001
 3.3053228e-001
 3.3089820e-001
 3.3128834e-001
 3.3169314e-001
 3.3210260e-001
 3.3250633e-001
 3.3289385e-001
 3.3325559e-001
 3.3358324e-001
 3.3387068e-001
 3.3411500e-001
 3.3431679e-001
 3.3447966e-001
 3.3460951e-001
 3.3471361e-001
 3.3479992e-001
 3.3487633e-001
 3.3495036e-001
 3.3502847e-001
 3.3511525e-001
 3.3521298e-001
 3.3532110e-001
 3.3543670e-001
 3.3555493e-001
 3.3567005e-001
 3.3577573e-001
 3.3586571e-001
 3.3593404e-001
 3.3597600e-001
 3.3598846e-001
 3.3597073e-001
 3.3592471e-001
 3.3585465e-001
 3.3576658e-001
 3.3566755e-001
 3.3556503e-001
 3.3546653e-001
 3.3537900e-001
 3.3530837e-001
 3.3525875e-001
 3.3523163e-001
 3.3522588e-001
 3.3523774e-001
 3.3526173e-001
 3.3529115e-001
 3.3531895e-001
 3.3533791e-001
 3.3534127e-001
 3.3532324e-001
 3.3527943e-001
 3.3520770e-001
 3.3510807e-001
 3.3498287e-001
 3.3483577e-001
 3.3467147e-001
 3.3449510e-001
 3.3431178e-001
 3.3412647e-001
 3.3394343e-001
 3.3376598e-001
 3.3359599e-001
 3.3343375e-001
 3.3327827e-001
 3.3312741e-001
 3.3297840e-001
 3.3282828e-001
 3.3267397e-001
 3.3251232e-001
 3.3234036e-001
 3.3215547e-001
 3.3195519e-001
 3.3173749e-001
 3.3150071e-001
 3.3124334e-001
 3.3096397e-001
 3.3066157e-001
 3.3033499e-001
 3.2998338e-001
 3.2960683e-001
 3.2920617e-001
 3.2878375e-001
 3.2834336e-001
 3.2789049e-001
 3.2743141e-001
 3.2697296e-001
 3.2652253e-001
 3.2608718e-001
 3.2567349e-001
 3.2528749e-001
 3.2493323e-001
 3.2461289e-001
 3.2432604e-001
 3.2407051e-001
 3.2384223e-001
 3.2363626e-001
 3.2344738e-001
 3.2327011e-001
 3.2309917e-001
 3.2292974e-001
 3.2275766e-001
 3.2257977e-001
 3.2239407e-001
 3.2219946e-001
 3.2199559e-001
 3.2178247e-001
 3.2156053e-001
 3.2133013e-001
 3.2109168e-001
 3.2084590e-001
 3.2059345e-001
 3.2033521e-001
 3.2007244e-001
 3.1980649e-001
 3.1953877e-001
 3.1927088e-001
 3.1900454e-001
 3.1874123e-001
 3.1848234e-001
 3.1822908e-001
 3.1798205e-001
 3.1774107e-001
 3.1750539e-001
 3.1727347e-001
 3.1704322e-001
 3.1681219e-001
 3.1657791e-001
 3.1633759e-001
 3.1608784e-001
 3.1582478e-001
 3.1554282e-001
 3.1523454e-001
 3.1489068e-001
 3.1449983e-001
 3.1404915e-001
 3.1352535e-001
 3.1291446e-001
 3.1220287e-001
 3.1137732e-001
 3.1042686e-001
 3.0934250e-001
 3.0811873e-001
 3.0675480e-001
 3.0525267e-001
 3.0361682e-001
 3.0185443e-001
 2.9997221e-001
 2.9797709e-001
 2.9587469e-001
 2.9367015e-001
 2.9136384e-001
 2.8895161e-001
 2.8642601e-001
 2.8377354e-001
 2.8097728e-001
 2.7802035e-001
 2.7488327e-001
 2.7154702e-001
 2.6799721e-001
 2.6422191e-001
 2.6021814e-001
 2.5599289e-001
 2.5156835e-001
 2.4697472e-001
 2.4225016e-001
 2.3744109e-001
 2.3259282e-001
 2.2775109e-001
 2.2296418e-001
 2.1827461e-001
 2.1372202e-001
 2.0933959e-001
 2.0515753e-001
 2.0119742e-001
 1.9747703e-001
 1.9401428e-001
 1.9082309e-001
 1.8791676e-001
 1.8530945e-001
 1.8301114e-001
 1.8102871e-001
 1.7936577e-001
 1.7801939e-001
 1.7698257e-001
 1.7624472e-001
 1.7579371e-001
 1.7561579e-001
 1.7569686e-001
 1.7602216e-001
 1.7657599e-001
 1.7734130e-001
 1.7829840e-001
 1.7942575e-001
 1.8069962e-001
 1.8209502e-001
 1.8358511e-001
 1.8514358e-001
 1.8674436e-001
 1.8836085e-001
 1.8996903e-001
 1.9154724e-001
 1.9307591e-001
 1.9454022e-001
 1.9592851e-001
 1.9723053e-001
 1.9843847e-001
 1.9954495e-001
 2.0054324e-001
 2.0142636e-001
 2.0218882e-001
 2.0282629e-001
 2.0333567e-001
 2.0371620e-001
 2.0396866e-001
 2.0409493e-001
 2.0409782e-001
 2.0398048e-001
 2.0374613e-001
 2.0339838e-001
 2.0294097e-001
 2.0237792e-001
 2.0171423e-001
 2.0095517e-001
 2.0010644e-001
 1.9917482e-001
 1.9816673e-001
 1.9708873e-001
 1.9594845e-001
 1.9475330e-001
 1.9351214e-001
 1.9223541e-001
 1.9093707e-001
 1.8963306e-001
 1.8834190e-001
 1.8708493e-001
 1.8588369e-001
 1.8476020e-001
 1.8373695e-001
 1.8283457e-001
 1.8207145e-001
 1.8146181e-001
 1.8101475e-001
 1.8073273e-001
 1.8061285e-001
 1.8064819e-001
 1.8082926e-001
 1.8114537e-001
 1.8158501e-001
 1.8213621e-001
 1.8278593e-001
 1.8351981e-001
 1.8432078e-001
 1.8516991e-001
 1.8604626e-001
 1.8692663e-001
 1.8778762e-001
 1.8860555e-001
 1.8935664e-001
 1.9001946e-001
 1.9057611e-001
 1.9101430e-001
 1.9133036e-001
 1.9152948e-001
 1.9162507e-001
 1.9163644e-001
 1.9158657e-001
 1.9149990e-001
 1.9140126e-001
 1.9131434e-001
 1.9126049e-001
 1.9125709e-001
 1.9131595e-001
 1.9144291e-001
 1.9163835e-001
 1.9189847e-001
 1.9221704e-001
 1.9258678e-001
 1.9299975e-001
 1.9344848e-001
 1.9392630e-001
 1.9442749e-001
 1.9494846e-001
 1.9548766e-001
 1.9604486e-001
 1.9662152e-001
 1.9721964e-001
 1.9784169e-001
 1.9848956e-001
 1.9916515e-001
 1.9986935e-001
 2.0060103e-001
 2.0135745e-001
 2.0213363e-001
 2.0292182e-001
 2.0371319e-001
 2.0449774e-001
 2.0526513e-001
 2.0600455e-001
 2.0670584e-001
 2.0735912e-001
 2.0795439e-001
 2.0846584e-001
 2.0880489e-001
 2.0918065e-001
 2.0949571e-001
 2.0975775e-001
 2.0997444e-001
 2.1015340e-001
 2.1030217e-001
 2.1042849e-001
 2.1053988e-001
 2.1064404e-001
 2.1074808e-001
 2.1085426e-001
 2.1096233e-001
 2.1107197e-001
 2.1118289e-001
 2.1129471e-001
 2.1140712e-001
 2.1151984e-001
 2.1163256e-001
 2.1174490e-001
 2.1185660e-001
 2.1196732e-001
 2.1207674e-001
 2.1218453e-001
 2.1229045e-001
 2.1239457e-001
 2.1249726e-001
 2.1259890e-001
 2.1269971e-001
 2.1280010e-001
 2.1290039e-001
 2.1300092e-001
 2.1310203e-001
 2.1320403e-001
 2.1330728e-001
 2.1341211e-001
 2.1351881e-001
 2.1362777e-001
 2.1373932e-001
 2.1385379e-001
 2.1397150e-001
 2.1409278e-001
 2.1421798e-001
 2.1434741e-001
 2.1448143e-001
 2.1462025e-001
 2.1476425e-001
 2.1491377e-001
 2.1506907e-001
 2.1523049e-001
 2.1539831e-001
 2.1557286e-001
 2.1575445e-001
 2.1594347e-001
 2.1614011e-001
 2.1634473e-001
 2.1655762e-001
 2.1677923e-001
 2.1700965e-001
 2.1724933e-001
 2.1749856e-001
 2.1775772e-001
 2.1802695e-001
 2.1830671e-001
 2.1859714e-001
 2.1889782e-001
 2.1920767e-001
 2.1952583e-001
 2.1985136e-001
 2.2018336e-001
 2.2052091e-001
 2.2086295e-001
 2.2120868e-001
 2.2155711e-001
 2.2190739e-001
 2.2225846e-001
 2.2260943e-001
 2.2295938e-001
 2.2330746e-001
 2.2365262e-001
 2.2399391e-001
 2.2433050e-001
 2.2466139e-001
 2.2498578e-001
 2.2530252e-001
 2.2561082e-001
 2.2590970e-001
 2.2619832e-001
 2.2647560e-001
 2.2674067e-001
 2.2699273e-001
 2.2723183e-001
 2.2745840e-001
 2.2767290e-001
 2.2787583e-001
 2.2806767e-001
 2.2824891e-001
 2.2841996e-001
 2.2858132e-001
 2.2873348e-001
 2.2887693e-001
 2.2901210e-001
 2.2913945e-001
 2.2925949e-001
 2.2937271e-001
 2.2947952e-001
 2.2958045e-001
 2.2967593e-001
 2.2976647e-001
 2.2985253e-001
 2.2993454e-001
 2.3001303e-001
 2.3008841e-001
 2.3016126e-001
 2.3023196e-001
 2.3030098e-001
 2.3036884e-001
 2.3043600e-001
 2.3050292e-001
 2.3057006e-001
 2.3063786e-001
 2.3070610e-001
 2.3077433e-001
 2.3084210e-001
