s07_ASD Record=15000: Benzopyrene SA-B1760         ASDHRa AREF
-1.2300000e+034
 1.0910057e-001
 1.1009812e-001
 1.0418635e-001
 1.0012594e-001
 9.5477320e-002
 8.8573463e-002
 8.7164603e-002
 8.3715945e-002
 8.1340894e-002
 8.3227277e-002
 7.6726660e-002
 7.1480840e-002
 7.1681514e-002
 7.3056944e-002
 6.9797896e-002
 6.5728150e-002
 6.4916298e-002
 6.6789150e-002
 6.6172615e-002
 6.4485349e-002
 6.4264163e-002
 6.4410254e-002
 6.2412202e-002
 6.0067903e-002
 6.0556650e-002
 6.1779853e-002
 6.1535876e-002
 6.0606427e-002
 6.0968827e-002
 5.8955293e-002
 5.8558118e-002
 6.0060747e-002
 5.9343573e-002
 6.0805336e-002
 6.1348509e-002
 5.9338555e-002
 5.9236478e-002
 5.9809349e-002
 5.9516709e-002
 5.8514640e-002
 6.0626708e-002
 6.0738761e-002
 5.8732674e-002
 5.8561534e-002
 5.8936730e-002
 5.9420802e-002
 5.9350498e-002
 5.8607757e-002
 5.8227219e-002
 5.8460917e-002
 5.8843300e-002
 5.8551628e-002
 5.8814000e-002
 5.9251670e-002
 5.9079655e-002
 5.9130844e-002
 5.8787465e-002
 5.8343031e-002
 5.8664143e-002
 5.8842923e-002
 5.8961246e-002
 5.9071366e-002
 5.9116930e-002
 5.9291158e-002
 5.9487209e-002
 5.9593014e-002
 5.9750617e-002
 5.9841543e-002
 5.9684165e-002
 5.9373353e-002
 5.9673660e-002
 5.9723441e-002
 5.9439920e-002
 5.9729211e-002
 5.9791811e-002
 6.0015239e-002
 6.0509119e-002
 6.0457602e-002
 6.0439046e-002
 6.0705513e-002
 6.1227471e-002
 6.1702270e-002
 6.2156223e-002
 6.2692501e-002
 6.3397370e-002
 6.4111054e-002
 6.5037355e-002
 6.6141926e-002
 6.6947326e-002
 6.7858502e-002
 6.8998471e-002
 7.0299588e-002
 7.1614519e-002
 7.3053673e-002
 7.4597895e-002
 7.6116376e-002
 7.7683389e-002
 7.9122223e-002
 8.0461137e-002
 8.2043320e-002
 8.3546415e-002
 8.4939197e-002
 8.6348183e-002
 8.7839790e-002
 8.9181706e-002
 9.0481289e-002
 9.2075676e-002
 9.3624823e-002
 9.5365122e-002
 9.7306602e-002
 9.9078901e-002
 1.0115463e-001
 1.0347910e-001
 1.0590545e-001
 1.0867953e-001
 1.1156160e-001
 1.1452589e-001
 1.1778550e-001
 1.2132140e-001
 1.2493059e-001
 1.2862432e-001
 1.3275327e-001
 1.3684006e-001
 1.4105996e-001
 1.4566307e-001
 1.5019186e-001
 1.5486695e-001
 1.5967718e-001
 1.6443066e-001
 1.6936973e-001
 1.7450817e-001
 1.7978111e-001
 1.8506688e-001
 1.9041534e-001
 1.9585994e-001
 2.0143040e-001
 2.0711264e-001
 2.1283625e-001
 2.1856037e-001
 2.2431275e-001
 2.3014989e-001
 2.3602878e-001
 2.4190132e-001
 2.4774128e-001
 2.5344029e-001
 2.5904888e-001
 2.6468515e-001
 2.7021986e-001
 2.7548712e-001
 2.8051525e-001
 2.8555644e-001
 2.9046863e-001
 2.9518405e-001
 2.9966491e-001
 3.0401495e-001
 3.0833960e-001
 3.1255433e-001
 3.1648672e-001
 3.2029921e-001
 3.2408696e-001
 3.2786229e-001
 3.3147556e-001
 3.3490565e-001
 3.3834547e-001
 3.4188846e-001
 3.4515768e-001
 3.4835199e-001
 3.5157159e-001
 3.5477221e-001
 3.5782930e-001
 3.6077306e-001
 3.6365971e-001
 3.6650211e-001
 3.6922938e-001
 3.7189794e-001
 3.7456048e-001
 3.7705985e-001
 3.7948972e-001
 3.8187635e-001
 3.8415447e-001
 3.8635668e-001
 3.8850686e-001
 3.9058256e-001
 3.9249748e-001
 3.9434496e-001
 3.9613837e-001
 3.9784330e-001
 3.9947197e-001
 4.0103319e-001
 4.0251061e-001
 4.0386546e-001
 4.0514547e-001
 4.0637356e-001
 4.0753442e-001
 4.0856966e-001
 4.0957227e-001
 4.1053924e-001
 4.1137984e-001
 4.1212597e-001
 4.1281196e-001
 4.1345847e-001
 4.1403902e-001
 4.1456771e-001
 4.1500038e-001
 4.1530457e-001
 4.1557220e-001
 4.1577864e-001
 4.1589466e-001
 4.1593716e-001
 4.1603515e-001
 4.1611359e-001
 4.1609851e-001
 4.1608644e-001
 4.1604879e-001
 4.1598946e-001
 4.1592342e-001
 4.1584271e-001
 4.1579428e-001
 4.1578439e-001
 4.1575471e-001
 4.1575208e-001
 4.1577277e-001
 4.1579437e-001
 4.1581738e-001
 4.1586778e-001
 4.1597143e-001
 4.1613576e-001
 4.1634104e-001
 4.1664195e-001
 4.1705146e-001
 4.1747367e-001
 4.1795614e-001
 4.1853580e-001
 4.1920090e-001
 4.1982332e-001
 4.2045075e-001
 4.2111018e-001
 4.2176455e-001
 4.2240101e-001
 4.2302826e-001
 4.2367789e-001
 4.2436013e-001
 4.2499045e-001
 4.2555347e-001
 4.2611465e-001
 4.2669109e-001
 4.2722601e-001
 4.2767480e-001
 4.2807430e-001
 4.2843762e-001
 4.2877063e-001
 4.2904174e-001
 4.2918703e-001
 4.2928731e-001
 4.2940757e-001
 4.2951074e-001
 4.2943898e-001
 4.2930284e-001
 4.2922750e-001
 4.2912400e-001
 4.2902792e-001
 4.2894047e-001
 4.2885712e-001
 4.2881873e-001
 4.2881814e-001
 4.2886832e-001
 4.2901143e-001
 4.2922285e-001
 4.2953083e-001
 4.2996198e-001
 4.3049169e-001
 4.3118906e-001
 4.3206191e-001
 4.3305105e-001
 4.3416709e-001
 4.3542978e-001
 4.3685192e-001
 4.3842104e-001
 4.4017714e-001
 4.4211623e-001
 4.4420469e-001
 4.4644630e-001
 4.4887671e-001
 4.5150664e-001
 4.5429492e-001
 4.5722449e-001
 4.6034026e-001
 4.6366757e-001
 4.6710825e-001
 4.7068161e-001
 4.7438371e-001
 4.7820473e-001
 4.8214763e-001
 4.8614785e-001
 4.9015456e-001
 4.9418467e-001
 4.9828783e-001
 5.0241399e-001
 5.0648588e-001
 5.1053798e-001
 5.1454198e-001
 5.1850152e-001
 5.2243102e-001
 5.2623397e-001
 5.2991098e-001
 5.3349471e-001
 5.3701031e-001
 5.4042274e-001
 5.4366887e-001
 5.4671687e-001
 5.4967541e-001
 5.5248386e-001
 5.5510783e-001
 5.5759209e-001
 5.5999041e-001
 5.6223893e-001
 5.6429857e-001
 5.6627774e-001
 5.6811070e-001
 5.6983781e-001
 5.7152325e-001
 5.7304084e-001
 5.7447439e-001
 5.7588905e-001
 5.7726032e-001
 5.7856613e-001
 5.7978737e-001
 5.8092409e-001
 5.8202565e-001
 5.8314681e-001
 5.8428252e-001
 5.8537811e-001
 5.8646572e-001
 5.8758515e-001
 5.8871967e-001
 5.8975750e-001
 5.9074330e-001
 5.9172732e-001
 5.9274149e-001
 5.9372592e-001
 5.9470427e-001
 5.9565192e-001
 5.9652817e-001
 5.9742475e-001
 5.9832573e-001
 5.9920281e-001
 6.0005248e-001
 6.0088164e-001
 6.0172975e-001
 6.0263020e-001
 6.0353696e-001
 6.0444075e-001
 6.0531425e-001
 6.0614222e-001
 6.0701638e-001
 6.0790390e-001
 6.0875243e-001
 6.0955089e-001
 6.1029154e-001
 6.1099434e-001
 6.1167443e-001
 6.1227983e-001
 6.1282289e-001
 6.1334097e-001
 6.1387062e-001
 6.1436766e-001
 6.1486202e-001
 6.1541677e-001
 6.1607814e-001
 6.1674768e-001
 6.1740988e-001
 6.1809993e-001
 6.1882138e-001
 6.1957002e-001
 6.2032568e-001
 6.2108099e-001
 6.2190527e-001
 6.2276167e-001
 6.2358719e-001
 6.2436461e-001
 6.2515855e-001
 6.2595373e-001
 6.2669402e-001
 6.2738478e-001
 6.2806016e-001
 6.2868756e-001
 6.2920153e-001
 6.2973529e-001
 6.3022351e-001
 6.3061231e-001
 6.3095284e-001
 6.3125598e-001
 6.3153881e-001
 6.3180619e-001
 6.3202739e-001
 6.3217497e-001
 6.3226753e-001
 6.3235861e-001
 6.3242072e-001
 6.3244581e-001
 6.3244110e-001
 6.3243914e-001
 6.3244110e-001
 6.3245457e-001
 6.3247949e-001
 6.3249671e-001
 6.3251787e-001
 6.3258344e-001
 6.3273031e-001
 6.3292342e-001
 6.3322735e-001
 6.3367915e-001
 6.3425201e-001
 6.3492113e-001
 6.3569945e-001
 6.3659370e-001
 6.3755554e-001
 6.3853401e-001
 6.3954717e-001
 6.4062911e-001
 6.4170277e-001
 6.4272898e-001
 6.4370447e-001
 6.4466095e-001
 6.4557981e-001
 6.4642555e-001
 6.4721310e-001
 6.4801389e-001
 6.4873505e-001
 6.4940917e-001
 6.5008092e-001
 6.5070897e-001
 6.5130001e-001
 6.5187550e-001
 6.5245140e-001
 6.5299159e-001
 6.5351182e-001
 6.5401953e-001
 6.5450859e-001
 6.5498674e-001
 6.5549093e-001
 6.5602231e-001
 6.5650642e-001
 6.5692830e-001
 6.5731776e-001
 6.5770543e-001
 6.5806437e-001
 6.5844119e-001
 6.5884465e-001
 6.5924132e-001
 6.5958208e-001
 6.5988666e-001
 6.6019517e-001
 6.6053116e-001
 6.6082829e-001
 6.6111076e-001
 6.6139370e-001
 6.6166759e-001
 6.6197002e-001
 6.6224754e-001
 6.6247755e-001
 6.6273928e-001
 6.6295630e-001
 6.6316628e-001
 6.6343272e-001
 6.6368955e-001
 6.6390872e-001
 6.6408682e-001
 6.6426319e-001
 6.6446674e-001
 6.6464996e-001
 6.6477394e-001
 6.6487885e-001
 6.6508311e-001
 6.6526586e-001
 6.6537976e-001
 6.6558290e-001
 6.6580439e-001
 6.6599202e-001
 6.6612512e-001
 6.6627139e-001
 6.6642708e-001
 6.6658396e-001
 6.6673028e-001
 6.6687584e-001
 6.6704202e-001
 6.6719729e-001
 6.6729885e-001
 6.6742599e-001
 6.6758454e-001
 6.6776246e-001
 6.6791570e-001
 6.6800117e-001
 6.6809398e-001
 6.6821361e-001
 6.6829509e-001
 6.6842788e-001
 6.6853648e-001
 6.6860813e-001
 6.6875702e-001
 6.6884738e-001
 6.6888762e-001
 6.6893309e-001
 6.6898972e-001
 6.6898829e-001
 6.6893929e-001
 6.6888231e-001
 6.6878754e-001
 6.6863143e-001
 6.6840935e-001
 6.6811520e-001
 6.6769224e-001
 6.6715467e-001
 6.6651481e-001
 6.6578346e-001
 6.6497672e-001
 6.6408497e-001
 6.6314256e-001
 6.6219479e-001
 6.6117483e-001
 6.6018426e-001
 6.5920603e-001
 6.5814942e-001
 6.5732926e-001
 6.5675545e-001
 6.5646636e-001
 6.5658909e-001
 6.5714461e-001
 6.5817249e-001
 6.5963846e-001
 6.6141015e-001
 6.6342086e-001
 6.6558325e-001
 6.6777080e-001
 6.6983694e-001
 6.7179561e-001
 6.7354786e-001
 6.7505985e-001
 6.7646992e-001
 6.7773581e-001
 6.7886543e-001
 6.7988557e-001
 6.8083066e-001
 6.8171734e-001
 6.8256092e-001
 6.8335944e-001
 6.8410850e-001
 6.8487817e-001
 6.8566746e-001
 6.8643552e-001
 6.8716526e-001
 6.8787414e-001
 6.8855375e-001
 6.8923169e-001
 6.9000715e-001
 6.9078916e-001
 6.9147807e-001
 6.9209200e-001
 6.9285041e-001
 6.9360274e-001
 6.9429332e-001
 6.9491965e-001
 6.9552070e-001
 6.9624203e-001
 6.9696480e-001
 6.9750851e-001
 6.9806719e-001
 6.9876432e-001
 6.9947577e-001
 7.0004451e-001
 7.0066178e-001
 7.0127642e-001
 7.0196056e-001
 7.0270365e-001
 7.0327300e-001
 7.0384872e-001
 7.0447153e-001
 7.0509118e-001
 7.0565218e-001
 7.0619673e-001
 7.0675910e-001
 7.0737743e-001
 7.0803320e-001
 7.0857829e-001
 7.0905858e-001
 7.0959669e-001
 7.1019441e-001
 7.1072930e-001
 7.1118075e-001
 7.1162963e-001
 7.1218979e-001
 7.1274918e-001
 7.1325082e-001
 7.1367961e-001
 7.1409935e-001
 7.1459502e-001
 7.1520764e-001
 7.1587902e-001
 7.1644104e-001
 7.1687269e-001
 7.1732497e-001
 7.1785283e-001
 7.1831429e-001
 7.1867031e-001
 7.1891803e-001
 7.1927798e-001
 7.1991134e-001
 7.2030449e-001
 7.2066694e-001
 7.2107917e-001
 7.2150350e-001
 7.2195184e-001
 7.2224456e-001
 7.2249073e-001
 7.2286898e-001
 7.2322983e-001
 7.2364670e-001
 7.2401541e-001
 7.2434890e-001
 7.2489518e-001
 7.2533172e-001
 7.2565132e-001
 7.2593951e-001
 7.2625846e-001
 7.2661400e-001
 7.2691697e-001
 7.2723639e-001
 7.2776121e-001
 7.2820741e-001
 7.2839564e-001
 7.2859573e-001
 7.2904843e-001
 7.2906524e-001
 7.2941482e-001
 7.3003829e-001
 7.3044878e-001
 7.3074496e-001
 7.3098171e-001
 7.3133814e-001
 7.3183465e-001
 7.3221296e-001
 7.3251277e-001
 7.3262608e-001
 7.3270535e-001
 7.3316258e-001
 7.3375833e-001
 7.3398155e-001
 7.3393077e-001
 7.3433256e-001
 7.3478717e-001
 7.3551023e-001
 7.3592556e-001
 7.3632956e-001
 7.3671043e-001
 7.3705924e-001
 7.3737091e-001
 7.3764467e-001
 7.3788351e-001
 7.3809320e-001
 7.3828125e-001
 7.3845559e-001
 7.3862416e-001
 7.3879445e-001
 7.3897356e-001
 7.3916823e-001
 7.3938453e-001
 7.3962760e-001
 7.3990095e-001
 7.4020505e-001
 7.4053705e-001
 7.4089086e-001
 7.4125761e-001
 7.4162775e-001
 7.4199247e-001
 7.4234533e-001
 7.4268275e-001
 7.4300385e-001
 7.4330968e-001
 7.4360263e-001
 7.4388611e-001
 7.4416393e-001
 7.4444014e-001
 7.4471796e-001
 7.4499923e-001
 7.4528342e-001
 7.4556786e-001
 7.4584782e-001
 7.4611884e-001
 7.4637741e-001
 7.4662274e-001
 7.4685693e-001
 7.4708420e-001
 7.4730927e-001
 7.4753553e-001
 7.4776375e-001
 7.4799097e-001
 7.4821121e-001
 7.4841678e-001
 7.4860108e-001
 7.4876094e-001
 7.4889863e-001
 7.4902225e-001
 7.4914396e-001
 7.4927729e-001
 7.4943328e-001
 7.4961793e-001
 7.4983060e-001
 7.5006533e-001
 7.5031316e-001
 7.5056505e-001
 7.5081456e-001
 7.5105852e-001
 7.5129700e-001
 7.5153136e-001
 7.5176251e-001
 7.5198978e-001
 7.5221074e-001
 7.5242162e-001
 7.5261903e-001
 7.5280064e-001
 7.5296527e-001
 7.5311244e-001
 7.5324160e-001
 7.5335187e-001
 7.5344235e-001
 7.5351310e-001
 7.5356555e-001
 7.5360268e-001
 7.5362760e-001
 7.5364298e-001
 7.5364971e-001
 7.5364721e-001
 7.5363362e-001
 7.5360709e-001
 7.5356561e-001
 7.5350779e-001
 7.5343198e-001
 7.5333631e-001
 7.5321871e-001
 7.5307679e-001
 7.5290859e-001
 7.5271231e-001
 7.5248682e-001
 7.5223082e-001
 7.5194257e-001
 7.5161940e-001
 7.5125760e-001
 7.5085247e-001
 7.5039929e-001
 7.4989349e-001
 7.4933207e-001
 7.4871361e-001
 7.4803835e-001
 7.4730748e-001
 7.4652141e-001
 7.4567920e-001
 7.4477655e-001
 7.4380612e-001
 7.4275726e-001
 7.4161565e-001
 7.4036509e-001
 7.3898602e-001
 7.3745710e-001
 7.3575491e-001
 7.3385298e-001
 7.3172325e-001
 7.2933513e-001
 7.2665495e-001
 7.2364879e-001
 7.2028118e-001
 7.1652037e-001
 7.1233988e-001
 7.0771927e-001
 7.0264918e-001
 6.9712740e-001
 6.9116235e-001
 6.8477082e-001
 6.7797506e-001
 6.7080802e-001
 6.6330749e-001
 6.5552223e-001
 6.4750999e-001
 6.3933492e-001
 6.3107479e-001
 6.2281358e-001
 6.1464924e-001
 6.0669118e-001
 5.9905779e-001
 5.9188175e-001
 5.8530521e-001
 5.7947439e-001
 5.7454014e-001
 5.7064509e-001
 5.6791973e-001
 5.6647092e-001
 5.6637251e-001
 5.6765938e-001
 5.7032198e-001
 5.7430428e-001
 5.7950550e-001
 5.8578801e-001
 5.9298038e-001
 6.0089320e-001
 6.0932446e-001
 6.1807245e-001
 6.2694949e-001
 6.3578248e-001
 6.4442754e-001
 6.5276551e-001
 6.6070557e-001
 6.6818637e-001
 6.7516577e-001
 6.8162459e-001
 6.8755674e-001
 6.9296962e-001
 6.9788343e-001
 7.0232552e-001
 7.0633078e-001
 7.0994055e-001
 7.1319681e-001
 7.1614313e-001
 7.1881944e-001
 7.2126180e-001
 7.2350210e-001
 7.2556645e-001
 7.2747791e-001
 7.2925580e-001
 7.3091710e-001
 7.3247772e-001
 7.3395050e-001
 7.3534703e-001
 7.3667562e-001
 7.3794246e-001
 7.3915190e-001
 7.4030650e-001
 7.4140811e-001
 7.4245775e-001
 7.4345601e-001
 7.4440372e-001
 7.4530178e-001
 7.4615139e-001
 7.4695438e-001
 7.4771237e-001
 7.4842733e-001
 7.4910039e-001
 7.4973238e-001
 7.5032383e-001
 7.5087506e-001
 7.5138670e-001
 7.5185966e-001
 7.5229543e-001
 7.5269634e-001
 7.5306469e-001
 7.5340366e-001
 7.5371629e-001
 7.5400609e-001
 7.5427681e-001
 7.5453210e-001
 7.5477558e-001
 7.5501072e-001
 7.5524026e-001
 7.5546670e-001
 7.5569177e-001
 7.5591725e-001
 7.5614476e-001
 7.5637639e-001
 7.5661463e-001
 7.5686216e-001
 7.5712186e-001
 7.5739670e-001
 7.5768942e-001
 7.5800270e-001
 7.5833857e-001
 7.5869834e-001
 7.5908178e-001
 7.5948673e-001
 7.5990880e-001
 7.6034153e-001
 7.6077688e-001
 7.6120669e-001
 7.6162302e-001
 7.6202029e-001
 7.6239485e-001
 7.6274627e-001
 7.6307660e-001
 7.6338935e-001
 7.6368898e-001
 7.6397943e-001
 7.6426381e-001
 7.6454419e-001
 7.6482171e-001
 7.6509649e-001
 7.6536822e-001
 7.6563555e-001
 7.6589674e-001
 7.6614934e-001
 7.6639074e-001
 7.6661867e-001
 7.6683134e-001
 7.6702803e-001
 7.6720852e-001
 7.6737344e-001
 7.6752383e-001
 7.6766104e-001
 7.6778680e-001
 7.6790303e-001
 7.6801163e-001
 7.6811391e-001
 7.6821023e-001
 7.6829958e-001
 7.6838005e-001
 7.6844907e-001
 7.6850426e-001
 7.6854378e-001
 7.6856637e-001
 7.6857138e-001
 7.6855844e-001
 7.6852733e-001
 7.6847816e-001
 7.6841158e-001
 7.6832920e-001
 7.6823354e-001
 7.6812756e-001
 7.6801437e-001
 7.6789623e-001
 7.6777428e-001
 7.6764828e-001
 7.6751673e-001
 7.6737720e-001
 7.6722640e-001
 7.6706094e-001
 7.6687723e-001
 7.6667207e-001
 7.6644266e-001
 7.6618677e-001
 7.6590246e-001
 7.6558787e-001
 7.6524109e-001
 7.6486057e-001
 7.6444525e-001
 7.6399517e-001
 7.6351160e-001
 7.6299769e-001
 7.6245779e-001
 7.6189792e-001
 7.6132512e-001
 7.6074749e-001
 7.6017386e-001
 7.5961304e-001
 7.5907373e-001
 7.5856316e-001
 7.5808614e-001
 7.5764436e-001
 7.5723565e-001
 7.5685465e-001
 7.5649309e-001
 7.5614154e-001
 7.5579000e-001
 7.5542885e-001
 7.5504982e-001
 7.5464571e-001
 7.5421113e-001
 7.5374210e-001
 7.5323600e-001
 7.5269198e-001
 7.5211114e-001
 7.5149643e-001
 7.5085390e-001
 7.5019175e-001
 7.4952066e-001
 7.4885207e-001
 7.4819702e-001
 7.4756551e-001
 7.4696517e-001
 7.4640197e-001
 7.4588031e-001
 7.4540347e-001
 7.4497396e-001
 7.4459273e-001
 7.4425888e-001
 7.4396831e-001
 7.4371308e-001
 7.4348152e-001
 7.4325889e-001
 7.4302864e-001
 7.4277431e-001
 7.4248099e-001
 7.4213696e-001
 7.4173474e-001
 7.4127102e-001
 7.4074709e-001
 7.4016780e-001
 7.3954123e-001
 7.3887765e-001
 7.3818839e-001
 7.3748457e-001
 7.3677570e-001
 7.3606837e-001
 7.3536575e-001
 7.3466712e-001
 7.3397011e-001
 7.3327148e-001
 7.3257023e-001
 7.3186868e-001
 7.3117316e-001
 7.3049426e-001
 7.2984463e-001
 7.2923762e-001
 7.2868520e-001
 7.2819620e-001
 7.2777587e-001
 7.2742563e-001
 7.2714406e-001
 7.2692758e-001
 7.2677112e-001
 7.2666925e-001
 7.2661585e-001
 7.2660428e-001
 7.2662705e-001
 7.2667593e-001
 7.2674203e-001
 7.2681600e-001
 7.2688860e-001
 7.2695124e-001
 7.2699630e-001
 7.2701770e-001
 7.2701126e-001
 7.2697490e-001
 7.2690821e-001
 7.2681189e-001
 7.2668689e-001
 7.2653317e-001
 7.2634906e-001
 7.2613126e-001
 7.2587502e-001
 7.2557580e-001
 7.2523034e-001
 7.2483760e-001
 7.2440040e-001
 7.2392511e-001
 7.2342157e-001
 7.2290230e-001
 7.2238046e-001
 7.2186822e-001
 7.2137517e-001
 7.2090691e-001
 7.2046530e-001
 7.2004843e-001
 7.1965253e-001
 7.1927267e-001
 7.1890402e-001
 7.1854252e-001
 7.1818513e-001
 7.1782982e-001
 7.1747535e-001
 7.1712095e-001
 7.1676672e-001
 7.1641302e-001
 7.1606147e-001
 7.1571511e-001
 7.1537852e-001
 7.1505892e-001
 7.1476609e-001
 7.1451312e-001
 7.1431613e-001
 7.1419352e-001
 7.1416509e-001
 7.1424973e-001
 7.1446347e-001
 7.1481729e-001
 7.1531558e-001
 7.1595508e-001
 7.1672469e-001
 7.1760708e-001
 7.1857917e-001
 7.1961492e-001
 7.2068697e-001
 7.2176832e-001
 7.2283435e-001
 7.2386295e-001
 7.2483587e-001
 7.2573823e-001
 7.2655886e-001
 7.2729063e-001
 7.2792953e-001
 7.2847503e-001
 7.2892898e-001
 7.2929537e-001
 7.2957981e-001
 7.2978884e-001
 7.2992951e-001
 7.3000914e-001
 7.3003501e-001
 7.3001438e-001
 7.2995490e-001
 7.2986478e-001
 7.2975260e-001
 7.2962737e-001
 7.2949773e-001
 7.2937167e-001
 7.2925574e-001
 7.2915429e-001
 7.2906977e-001
 7.2900230e-001
 7.2895044e-001
 7.2891146e-001
 7.2888201e-001
 7.2885889e-001
 7.2883922e-001
 7.2882152e-001
 7.2880596e-001
 7.2879475e-001
 7.2879249e-001
 7.2880512e-001
 7.2883946e-001
 7.2890216e-001
 7.2899872e-001
 7.2913301e-001
 7.2930688e-001
 7.2951990e-001
 7.2976929e-001
 7.3004967e-001
 7.3035353e-001
 7.3067147e-001
 7.3099339e-001
 7.3130947e-001
 7.3161143e-001
 7.3189306e-001
 7.3215050e-001
 7.3238254e-001
 7.3258960e-001
 7.3277366e-001
 7.3293734e-001
 7.3308355e-001
 7.3321533e-001
 7.3333573e-001
 7.3344809e-001
 7.3355663e-001
 7.3366702e-001
 7.3378706e-001
 7.3392677e-001
 7.3409855e-001
 7.3431641e-001
 7.3459482e-001
 7.3494750e-001
 7.3538536e-001
 7.3591518e-001
 7.3653859e-001
 7.3725104e-001
 7.3804283e-001
 7.3889917e-001
 7.3980236e-001
 7.4073350e-001
 7.4167383e-001
 7.4260676e-001
 7.4351841e-001
 7.4439871e-001
 7.4524182e-001
 7.4604505e-001
 7.4680895e-001
 7.4753547e-001
 7.4822736e-001
 7.4888742e-001
 7.4951774e-001
 7.5011969e-001
 7.5069463e-001
 7.5124317e-001
 7.5176591e-001
 7.5226277e-001
 7.5273335e-001
 7.5317675e-001
 7.5359172e-001
 7.5397688e-001
 7.5433093e-001
 7.5465310e-001
 7.5494331e-001
 7.5520194e-001
 7.5542998e-001
 7.5562835e-001
 7.5579792e-001
 7.5593930e-001
 7.5605315e-001
 7.5614047e-001
 7.5620258e-001
 7.5624120e-001
 7.5625855e-001
 7.5625694e-001
 7.5623953e-001
 7.5621045e-001
 7.5617528e-001
 7.5614095e-001
 7.5611508e-001
 7.5610507e-001
 7.5611722e-001
 7.5615585e-001
 7.5622320e-001
 7.5631928e-001
 7.5644213e-001
 7.5658822e-001
 7.5675267e-001
 7.5692976e-001
 7.5711304e-001
 7.5729650e-001
 7.5747454e-001
 7.5764269e-001
 7.5779772e-001
 7.5793719e-001
 7.5805926e-001
 7.5816214e-001
 7.5824332e-001
 7.5829965e-001
 7.5832707e-001
 7.5832087e-001
 7.5827616e-001
 7.5818801e-001
 7.5805205e-001
 7.5786412e-001
 7.5762087e-001
 7.5731921e-001
 7.5695688e-001
 7.5653225e-001
 7.5604475e-001
 7.5549483e-001
 7.5488406e-001
 7.5421500e-001
 7.5349051e-001
 7.5271350e-001
 7.5188720e-001
 7.5101417e-001
 7.5009763e-001
 7.4914098e-001
 7.4814796e-001
 7.4712342e-001
 7.4607253e-001
 7.4500132e-001
 7.4391598e-001
 7.4282175e-001
 7.4172330e-001
 7.4062330e-001
 7.3952156e-001
 7.3841566e-001
 7.3729926e-001
 7.3616332e-001
 7.3499626e-001
 7.3378366e-001
 7.3251051e-001
 7.3116070e-001
 7.2971916e-001
 7.2817224e-001
 7.2650778e-001
 7.2471744e-001
 7.2279572e-001
 7.2074151e-001
 7.1855772e-001
 7.1624947e-001
 7.1382409e-001
 7.1128732e-001
 7.0864308e-001
 7.0589107e-001
 7.0302498e-001
 7.0003468e-001
 6.9690305e-001
 6.9360948e-001
 6.9012922e-001
 6.8643343e-001
 6.8249345e-001
 6.7828149e-001
 6.7377031e-001
 6.6893834e-001
 6.6376621e-001
 6.5824085e-001
 6.5235460e-001
 6.4610362e-001
 6.3949347e-001
 6.3253409e-001
 6.2524599e-001
 6.1765856e-001
 6.0980755e-001
 6.0174167e-001
 5.9351504e-001
 5.8519471e-001
 5.7685834e-001
 5.6859183e-001
 5.6049603e-001
 5.5267674e-001
 5.4524785e-001
 5.3832221e-001
 5.3200155e-001
 5.2637303e-001
 5.2149826e-001
 5.1740450e-001
 5.1408362e-001
 5.1148659e-001
 5.0952786e-001
 5.0808990e-001
 5.0703180e-001
 5.0620174e-001
 5.0544691e-001
 5.0462496e-001
 5.0361115e-001
 5.0230300e-001
 5.0062233e-001
 4.9851340e-001
 4.9594072e-001
 4.9288520e-001
 4.8933846e-001
 4.8530200e-001
 4.8078123e-001
 4.7578770e-001
 4.7033805e-001
 4.6445346e-001
 4.5816612e-001
 4.5151538e-001
 4.4455314e-001
 4.3733996e-001
 4.2993829e-001
 4.2241168e-001
 4.1481557e-001
 4.0718871e-001
 3.9955604e-001
 3.9192203e-001
 3.8428155e-001
 3.7662575e-001
 3.6894983e-001
 3.6127061e-001
 3.5362870e-001
 3.4610108e-001
 3.3880040e-001
 3.3186972e-001
 3.2548162e-001
 3.1982061e-001
 3.1507486e-001
 3.1141803e-001
 3.0899304e-001
 3.0790201e-001
 3.0819464e-001
 3.0986583e-001
 3.1285641e-001
 3.1706175e-001
 3.2234049e-001
 3.2852784e-001
 3.3545181e-001
 3.4294003e-001
 3.5083625e-001
 3.5900128e-001
 3.6731961e-001
 3.7570298e-001
 3.8408172e-001
 3.9240849e-001
 4.0064630e-001
 4.0876603e-001
 4.1674462e-001
 4.2455471e-001
 4.3217021e-001
 4.3955967e-001
 4.4669032e-001
 4.5353317e-001
 4.6006027e-001
 4.6625417e-001
 4.7210523e-001
 4.7761542e-001
 4.8280063e-001
 4.8768550e-001
 4.9230313e-001
 4.9669302e-001
 5.0089324e-001
 5.0494075e-001
 5.0886476e-001
 5.1268691e-001
 5.1642245e-001
 5.2007830e-001
 5.2365887e-001
 5.2716529e-001
 5.3059834e-001
 5.3396082e-001
 5.3725433e-001
 5.4048139e-001
 5.4364121e-001
 5.4672933e-001
 5.4973781e-001
 5.5265236e-001
 5.5545634e-001
 5.5812961e-001
 5.6065208e-001
 5.6300700e-001
 5.6518120e-001
 5.6716895e-001
 5.6897151e-001
 5.7059771e-001
 5.7206357e-001
 5.7338959e-001
 5.7459897e-001
 5.7571596e-001
 5.7676232e-001
 5.7775605e-001
 5.7870883e-001
 5.7962549e-001
 5.8050448e-001
 5.8133811e-001
 5.8211589e-001
 5.8282608e-001
 5.8345878e-001
 5.8400846e-001
 5.8447474e-001
 5.8486432e-001
 5.8519018e-001
 5.8547074e-001
 5.8572805e-001
 5.8598453e-001
 5.8626026e-001
 5.8657026e-001
 5.8692330e-001
 5.8732146e-001
 5.8776128e-001
 5.8823502e-001
 5.8873272e-001
 5.8924329e-001
 5.8975613e-001
 5.9026200e-001
 5.9075415e-001
 5.9122956e-001
 5.9168893e-001
 5.9213728e-001
 5.9258312e-001
 5.9303719e-001
 5.9351116e-001
 5.9401554e-001
 5.9455776e-001
 5.9514052e-001
 5.9576082e-001
 5.9641123e-001
 5.9708107e-001
 5.9775990e-001
 5.9843963e-001
 5.9911668e-001
 5.9979242e-001
 6.0047144e-001
 6.0116023e-001
 6.0186470e-001
 6.0258877e-001
 6.0333383e-001
 6.0409886e-001
 6.0488117e-001
 6.0567868e-001
 6.0649085e-001
 6.0732085e-001
 6.0817546e-001
 6.0906488e-001
 6.1000127e-001
 6.1099434e-001
 6.1195540e-001
 6.1308795e-001
 6.1428016e-001
 6.1550397e-001
 6.1672157e-001
 6.1789364e-001
 6.1898571e-001
 6.1997360e-001
 6.2084532e-001
 6.2159801e-001
 6.2223411e-001
 6.2275678e-001
 6.2316859e-001
 6.2347263e-001
 6.2367529e-001
 6.2378955e-001
 6.2383664e-001
 6.2384462e-001
 6.2384564e-001
 6.2387085e-001
 6.2394673e-001
 6.2409174e-001
 6.2431544e-001
 6.2461889e-001
 6.2499607e-001
 6.2543517e-001
 6.2591928e-001
 6.2642574e-001
 6.2692630e-001
 6.2738878e-001
 6.2778199e-001
 6.2808192e-001
 6.2827706e-001
 6.2836969e-001
 6.2837332e-001
 6.2830770e-001
 6.2819421e-001
 6.2805212e-001
 6.2789607e-001
 6.2773430e-001
 6.2756813e-001
 6.2739354e-001
 6.2720537e-001
 6.2700212e-001
 6.2678879e-001
 6.2657720e-001
 6.2638229e-001
 6.2621737e-001
 6.2609011e-001
 6.2600118e-001
 6.2594515e-001
 6.2591445e-001
 6.2590384e-001
 6.2591380e-001
 6.2595028e-001
 6.2602121e-001
 6.2613004e-001
 6.2627089e-001
 6.2642705e-001
 6.2657517e-001
 6.2669200e-001
 6.2676167e-001
 6.2678015e-001
 6.2675565e-001
 6.2670660e-001
 6.2665796e-001
 6.2663788e-001
 6.2667471e-001
 6.2679428e-001
 6.2701660e-001
 6.2735325e-001
 6.2780464e-001
 6.2836117e-001
 6.2900567e-001
 6.2971920e-001
 6.3048488e-001
 6.3128889e-001
 6.3211894e-001
 6.3296074e-001
 6.3379771e-001
 6.3461363e-001
 6.3539767e-001
 6.3614798e-001
 6.3687044e-001
 6.3757455e-001
 6.3826716e-001
 6.3894922e-001
 6.3961571e-001
 6.4025748e-001
 6.4086515e-001
 6.4143175e-001
 6.4195406e-001
 6.4243370e-001
 6.4287639e-001
 6.4329082e-001
 6.4368725e-001
 6.4407516e-001
 6.4446276e-001
 6.4485663e-001
 6.4526254e-001
 6.4568639e-001
 6.4613372e-001
 6.4660841e-001
 6.4711052e-001
 6.4763516e-001
 6.4817244e-001
 6.4870912e-001
 6.4923173e-001
 6.4972883e-001
 6.5019268e-001
 6.5061951e-001
 6.5100759e-001
 6.5135646e-001
 6.5166503e-001
 6.5193158e-001
 6.5215433e-001
 6.5233260e-001
 6.5246886e-001
 6.5256953e-001
 6.5264457e-001
 6.5270597e-001
 6.5276527e-001
 6.5283191e-001
 6.5291321e-001
 6.5301532e-001
 6.5314478e-001
 6.5330881e-001
 6.5351385e-001
 6.5376329e-001
 6.5405452e-001
 6.5437925e-001
 6.5472519e-001
 6.5508032e-001
 6.5543604e-001
 6.5578824e-001
 6.5613568e-001
 6.5647715e-001
 6.5680939e-001
 6.5712702e-001
 6.5742385e-001
 6.5769416e-001
 6.5793347e-001
 6.5813839e-001
 6.5830719e-001
 6.5844041e-001
 6.5854150e-001
 6.5861630e-001
 6.5867168e-001
 6.5871376e-001
 6.5874630e-001
 6.5877068e-001
 6.5878654e-001
 6.5879309e-001
 6.5879023e-001
 6.5877903e-001
 6.5876228e-001
 6.5874434e-001
 6.5873152e-001
 6.5873152e-001
 6.5875244e-001
 6.5880096e-001
 6.5888089e-001
 6.5899241e-001
 6.5913224e-001
 6.5929580e-001
 6.5947837e-001
 6.5967578e-001
 6.5988326e-001
 6.6009349e-001
 6.6029555e-001
 6.6047543e-001
 6.6061878e-001
 6.6071552e-001
 6.6076332e-001
 6.6076916e-001
 6.6074753e-001
 6.6071522e-001
 6.6068631e-001
 6.6066700e-001
 6.6065443e-001
 6.6063762e-001
 6.6060126e-001
 6.6053033e-001
 6.6041380e-001
 6.6024685e-001
 6.6003072e-001
 6.5977079e-001
 6.5947497e-001
 6.5915126e-001
 6.5880680e-001
 6.5844673e-001
 6.5807247e-001
 6.5768069e-001
 6.5726280e-001
 6.5680689e-001
 6.5630162e-001
 6.5574038e-001
 6.5512443e-001
 6.5446216e-001
 6.5376502e-001
 6.5304154e-001
 6.5229160e-001
 6.5150523e-001
 6.5066493e-001
 6.4975232e-001
 6.4875656e-001
 6.4767849e-001
 6.4653307e-001
 6.4534658e-001
 6.4415288e-001
 6.4298576e-001
 6.4187449e-001
 6.4084184e-001
 6.3990188e-001
 6.3906300e-001
 6.3833165e-001
 6.3771385e-001
 6.3721597e-001
 6.3684171e-001
 6.3658875e-001
 6.3644475e-001
 6.3638842e-001
 6.3639325e-001
 6.3643372e-001
 6.3648993e-001
 6.3654971e-001
 6.3660723e-001
 6.3665968e-001
 6.3670444e-001
 6.3673806e-001
 6.3675708e-001
 6.3675934e-001
 6.3674474e-001
 6.3671452e-001
 6.3666928e-001
 6.3660741e-001
 6.3652331e-001
 6.3640803e-001
 6.3625079e-001
 6.3604176e-001
 6.3577443e-001
 6.3544756e-001
 6.3506502e-001
 6.3463414e-001
 6.3416392e-001
 6.3366377e-001
 6.3314182e-001
 6.3260430e-001
 6.3205481e-001
 6.3149154e-001
 6.3090593e-001
 6.3028163e-001
 6.2959468e-001
 6.2881762e-001
 6.2792540e-001
 6.2690234e-001
 6.2574548e-001
 6.2446576e-001
 6.2308639e-001
 6.2163585e-001
 6.2014353e-001
 6.1863714e-001
 6.1713928e-001
 6.1566895e-001
 6.1424112e-001
 6.1286646e-001
 6.1154634e-001
 6.1027169e-001
 6.0902375e-001
 6.0777587e-001
 6.0649985e-001
 6.0517251e-001
 6.0377628e-001
 6.0230070e-001
 6.0074025e-001
 5.9909421e-001
 5.9736329e-001
 5.9555024e-001
 5.9366047e-001
 5.9169799e-001
 5.8966458e-001
 5.8756083e-001
 5.8538389e-001
 5.8313221e-001
 5.8081019e-001
 5.7842773e-001
 5.7600236e-001
 5.7355624e-001
 5.7111448e-001
 5.6869733e-001
 5.6631845e-001
 5.6398541e-001
 5.6169653e-001
 5.5944419e-001
 5.5721784e-001
 5.5500108e-001
 5.5277348e-001
 5.5050927e-001
 5.4818130e-001
 5.4576117e-001
 5.4322708e-001
 5.4057109e-001
 5.3779906e-001
 5.3493035e-001
 5.3199297e-001
 5.2900988e-001
 5.2599263e-001
 5.2293926e-001
 5.1983142e-001
 5.1664180e-001
 5.1333916e-001
 5.0989628e-001
 5.0628871e-001
 5.0249684e-001
 4.9850670e-001
 4.9430114e-001
 4.8986033e-001
 4.8516539e-001
 4.8019472e-001
 4.7493219e-001
 4.6936843e-001
 4.6350873e-001
 4.5736656e-001
 4.5096767e-001
 4.4435465e-001
 4.3757653e-001
 4.3069026e-001
 4.2376158e-001
 4.1684866e-001
 4.1000044e-001
 4.0325546e-001
 3.9662984e-001
 3.9012617e-001
 3.8373733e-001
 3.7746134e-001
 3.7129965e-001
 3.6526546e-001
 3.5938641e-001
 3.5369071e-001
 3.4820542e-001
 3.4295535e-001
 3.3795393e-001
 3.3320993e-001
 3.2872817e-001
 3.2451609e-001
 3.2057786e-001
 3.1691614e-001
 3.1353107e-001
 3.1041196e-001
 3.0753851e-001
 3.0488405e-001
 3.0241525e-001
 3.0009976e-001
 2.9791337e-001
 2.9584113e-001
 2.9388303e-001
 2.9205543e-001
 2.9039395e-001
 2.8895026e-001
 2.8778982e-001
 2.8698567e-001
 2.8660697e-001
 2.8671017e-001
 2.8733000e-001
 2.8847513e-001
 2.9012761e-001
 2.9224691e-001
 2.9477328e-001
 2.9763740e-001
 3.0076498e-001
 3.0407900e-001
 3.0750796e-001
 3.1098694e-001
 3.1445712e-001
 3.1787241e-001
 3.2119662e-001
 3.2439950e-001
 3.2745790e-001
 3.3034915e-001
 3.3304980e-001
 3.3553293e-001
 3.3777422e-001
 3.3975342e-001
 3.4145647e-001
 3.4288022e-001
 3.4403011e-001
 3.4491795e-001
 3.4556115e-001
 3.4597826e-001
 3.4618551e-001
 3.4619185e-001
 3.4599552e-001
 3.4558344e-001
 3.4493625e-001
 3.4403637e-001
 3.4287766e-001
 3.4147367e-001
 3.3985847e-001
 3.3808511e-001
 3.3621949e-001
 3.3433494e-001
 3.3250296e-001
 3.3078918e-001
 3.2925031e-001
 3.2792830e-001
 3.2684836e-001
 3.2601616e-001
 3.2541391e-001
 3.2500201e-001
 3.2472408e-001
 3.2451430e-001
 3.2430729e-001
 3.2404521e-001
 3.2368320e-001
 3.2319206e-001
 3.2256028e-001
 3.2179567e-001
 3.2092363e-001
 3.1998408e-001
 3.1902644e-001
 3.1810087e-001
 3.1725129e-001
 3.1650877e-001
 3.1588820e-001
 3.1538758e-001
 3.1499261e-001
 3.1468394e-001
 3.1444377e-001
 3.1426153e-001
 3.1413585e-001
 3.1407374e-001
 3.1408837e-001
 3.1419626e-001
 3.1441429e-001
 3.1475624e-001
 3.1522945e-001
 3.1583086e-001
 3.1654623e-001
 3.1734973e-001
 3.1820536e-001
 3.1907177e-001
 3.1990707e-001
 3.2067448e-001
 3.2135117e-001
 3.2193416e-001
 3.2244509e-001
 3.2292992e-001
 3.2345381e-001
 3.2409081e-001
 3.2491165e-001
 3.2597423e-001
 3.2731673e-001
 3.2895312e-001
 3.3087507e-001
 3.3305329e-001
 3.3543965e-001
 3.3797571e-001
 3.4059781e-001
 3.4324548e-001
 3.4586573e-001
 3.4842166e-001
 3.5089085e-001
 3.5325903e-001
 3.5551426e-001
 3.5763440e-001
 3.5957864e-001
 3.6129022e-001
 3.6270222e-001
 3.6375120e-001
 3.6438954e-001
 3.6459571e-001
 3.6437458e-001
 3.6375275e-001
 3.6276883e-001
 3.6146417e-001
 3.5987809e-001
 3.5804427e-001
 3.5599181e-001
 3.5374808e-001
 3.5133564e-001
 3.4877375e-001
 3.4607747e-001
 3.4326279e-001
 3.4034705e-001
 3.3735591e-001
 3.3433115e-001
 3.3133075e-001
 3.2843342e-001
 3.2573956e-001
 3.2336181e-001
 3.2141834e-001
 3.2001963e-001
 3.1925693e-001
 3.1918851e-001
 3.1983265e-001
 3.2116196e-001
 3.2310548e-001
 3.2555676e-001
 3.2838508e-001
 3.3145595e-001
 3.3464497e-001
 3.3784643e-001
 3.4098244e-001
 3.4399861e-001
 3.4686095e-001
 3.4954703e-001
 3.5204497e-001
 3.5434753e-001
 3.5644838e-001
 3.5834363e-001
 3.6002797e-001
 3.6149174e-001
 3.6272222e-001
 3.6370236e-001
 3.6441445e-001
 3.6484405e-001
 3.6498585e-001
 3.6484602e-001
 3.6444277e-001
 3.6380377e-001
 3.6296308e-001
 3.6196131e-001
 3.6084637e-001
 3.5967758e-001
 3.5852563e-001
 3.5746896e-001
 3.5658243e-001
 3.5592717e-001
 3.5554120e-001
 3.5543391e-001
 3.5558724e-001
 3.5596061e-001
 3.5649979e-001
 3.5714728e-001
 3.5785079e-001
 3.5857067e-001
 3.5928166e-001
 3.5997099e-001
 3.6063153e-001
 3.6125451e-001
 3.6182219e-001
 3.6230531e-001
 3.6266762e-001
 3.6287290e-001
 3.6289340e-001
 3.6271524e-001
 3.6233941e-001
 3.6178011e-001
 3.6106369e-001
 3.6022750e-001
 3.5931998e-001
 3.5839853e-001
 3.5751975e-001
 3.5672712e-001
 3.5603872e-001
 3.5544041e-001
 3.5489237e-001
 3.5434544e-001
 3.5375896e-001
 3.5311383e-001
 3.5241318e-001
 3.5167456e-001
 3.5091704e-001
 3.5015321e-001
 3.4938782e-001
 3.4861952e-001
 3.4784555e-001
 3.4706464e-001
 3.4627414e-001
 3.4546655e-001
 3.4462434e-001
 3.4371898e-001
 3.4271353e-001
 3.4157160e-001
 3.4026673e-001
 3.3878481e-001
 3.3712173e-001
 3.3527878e-001
 3.3325678e-001
 3.3106020e-001
 3.2870641e-001
 3.2622966e-001
 3.2368466e-001
 3.2114089e-001
 3.1867641e-001
 3.1636518e-001
 3.1427172e-001
 3.1244829e-001
 3.1093150e-001
 3.0974597e-001
 3.0890650e-001
 3.0841473e-001
 3.0825490e-001
 3.0838823e-001
 3.0875394e-001
 3.0927926e-001
 3.0989507e-001
 3.1054845e-001
 3.1120750e-001
 3.1185535e-001
 3.1247944e-001
 3.1306553e-001
 3.1359774e-001
 3.1406528e-001
 3.1447122e-001
 3.1483459e-001
 3.1518531e-001
 3.1555206e-001
 3.1595066e-001
 3.1637666e-001
 3.1680670e-001
 3.1720948e-001
 3.1756106e-001
 3.1785932e-001
 3.1813216e-001
 3.1843364e-001
 3.1883007e-001
 3.1938115e-001
 3.2012457e-001
 3.2106873e-001
 3.2219297e-001
 3.2345581e-001
 3.2480305e-001
 3.2617408e-001
 3.2750961e-001
 3.2875484e-001
 3.2986274e-001
 3.3080047e-001
 3.3155388e-001
 3.3213055e-001
 3.3255455e-001
 3.3285296e-001
 3.3303666e-001
 3.3308846e-001
 3.3296716e-001
 3.3262640e-001
 3.3203900e-001
 3.3121076e-001
 3.3017868e-001
 3.2899454e-001
 3.2770857e-001
 3.2635999e-001
 3.2498330e-001
 3.2362247e-001
 3.2233685e-001
 3.2119575e-001
 3.2025999e-001
 3.1955925e-001
 3.1908387e-001
 3.1879213e-001
 3.1862924e-001
 3.1854632e-001
 3.1851238e-001
 3.1851691e-001
 3.1856591e-001
 3.1867319e-001
 3.1884831e-001
 3.1908524e-001
 3.1935614e-001
 3.1961471e-001
 3.1980893e-001
 3.1989732e-001
 3.1986162e-001
 3.1971207e-001
 3.1948295e-001
 3.1922081e-001
 3.1897026e-001
 3.1876439e-001
 3.1862614e-001
 3.1857902e-001
 3.1865516e-001
 3.1888890e-001
 3.1929350e-001
 3.1983557e-001
 3.2043284e-001
 3.2098371e-001
 3.2141340e-001
 3.2170472e-001
 3.2188746e-001
 3.2199788e-001
 3.2204628e-001
 3.2202598e-001
 3.2196182e-001
 3.2195738e-001
 3.2219410e-001
 3.2286897e-001
 3.2410273e-001
 3.2587844e-001
 3.2804897e-001
 3.3040786e-001
 3.3278492e-001
 3.3510080e-001
 3.3735704e-001
 3.3958307e-001
 3.4177560e-001
 3.4387997e-001
 3.4581172e-001
 3.4749955e-001
 3.4890944e-001
-1.2300000e+034
