s07_ASD Record=11311: Topaz Crystal_Park_#2         BECKb AREF
 7.5689870e-001
 7.6017743e-001
 7.6345265e-001
 7.6663101e-001
 7.6961446e-001
 7.7231681e-001
 7.7467847e-001
 7.7667379e-001
 7.7831537e-001
 7.7965117e-001
 7.8075236e-001
 7.8169978e-001
 7.8257239e-001
 7.8344029e-001
 7.8435606e-001
 7.8534490e-001
 7.8640407e-001
 7.8751504e-001
 7.8865719e-001
 7.8981739e-001
 7.9099238e-001
 7.9218459e-001
 7.9339397e-001
 7.9461157e-001
 7.9581851e-001
 7.9698765e-001
 7.9809141e-001
 7.9911065e-001
 8.0003935e-001
 8.0087894e-001
 8.0163312e-001
 8.0230737e-001
 8.0290997e-001
 8.0345535e-001
 8.0397290e-001
 8.0450672e-001
 8.0509955e-001
 8.0577433e-001
 8.0651939e-001
 8.0728740e-001
 8.0801177e-001
 8.0863208e-001
 8.0911434e-001
 8.0945820e-001
 8.0969054e-001
 8.0985457e-001
 8.1000042e-001
 8.1017798e-001
 8.1042749e-001
 8.1076837e-001
 8.1119055e-001
 8.1165445e-001
 8.1210357e-001
 8.1248635e-001
 8.1277937e-001
 8.1300080e-001
 8.1320953e-001
 8.1347781e-001
 8.1385851e-001
 8.1438810e-001
 8.1503451e-001
 8.1571287e-001
 8.1638390e-001
 8.1701601e-001
 8.1756979e-001
 8.1802553e-001
 8.1838435e-001
 8.1866211e-001
 8.1888890e-001
 8.1910872e-001
 8.1936574e-001
 8.1968766e-001
 8.2008559e-001
 8.2056648e-001
 8.2114226e-001
 8.2182318e-001
 8.2259876e-001
 8.2342213e-001
 8.2421422e-001
 8.2488918e-001
 8.2538968e-001
 8.2571340e-001
 8.2591659e-001
 8.2609403e-001
 8.2634252e-001
 8.2672614e-001
 8.2725585e-001
 8.2789344e-001
 8.2857502e-001
 8.2924324e-001
 8.2987332e-001
 8.3048177e-001
 8.3111262e-001
 8.3180863e-001
 8.3258140e-001
 8.3339512e-001
 8.3417493e-001
 8.3484197e-001
 8.3535981e-001
 8.3575797e-001
 8.3611321e-001
 8.3649957e-001
 8.3694291e-001
 8.3741158e-001
 8.3784431e-001
 8.3820051e-001
 8.3849317e-001
 8.3877838e-001
 8.3912253e-001
 8.3957356e-001
 8.4014726e-001
 8.4082109e-001
 8.4153289e-001
 8.4219456e-001
 8.4272379e-001
 8.4307373e-001
 8.4323955e-001
 8.4325016e-001
 8.4316748e-001
 8.4309083e-001
 8.4313852e-001
 8.4339690e-001
 8.4387040e-001
 8.4447968e-001
 8.4511846e-001
 8.4572577e-001
 8.4631467e-001
 8.4692961e-001
 8.4757328e-001
 8.4817749e-001
 8.4865469e-001
 8.4897625e-001
 8.4919435e-001
 8.4939355e-001
 8.4963250e-001
 8.4992474e-001
 8.5024619e-001
 8.5053992e-001
 8.5072476e-001
 8.5073459e-001
 8.5058039e-001
 8.5038394e-001
 8.5033399e-001
 8.5057330e-001
 8.5109854e-001
 8.5176456e-001
 8.5239249e-001
 8.5287440e-001
 8.5318267e-001
 8.5332155e-001
 8.5331744e-001
 8.5324860e-001
 8.5323012e-001
 8.5333675e-001
 8.5355085e-001
 8.5379785e-001
 8.5401934e-001
 8.5420614e-001
 8.5437989e-001
 8.5456795e-001
 8.5479373e-001
 8.5506064e-001
 8.5532027e-001
 8.5546488e-001
 8.5538864e-001
 8.5508657e-001
 8.5469514e-001
 8.5441536e-001
 8.5437262e-001
 8.5453522e-001
 8.5475814e-001
 8.5489476e-001
 8.5487431e-001
 8.5471028e-001
 8.5448045e-001
 8.5430461e-001
 8.5429585e-001
 8.5448152e-001
 8.5475606e-001
 8.5493684e-001
 8.5490203e-001
 8.5468918e-001
 8.5445392e-001
 8.5433239e-001
 8.5435039e-001
 8.5444874e-001
 8.5456228e-001
 8.5465497e-001
 8.5469645e-001
 8.5464430e-001
 8.5448062e-001
 8.5426396e-001
 8.5411566e-001
 8.5413641e-001
 8.5433549e-001
 8.5464889e-001
 8.5501885e-001
 8.5543269e-001
 8.5587728e-001
 8.5629433e-001
 8.5662311e-001
 8.5686409e-001
 8.5704726e-001
 8.5715961e-001
 8.5716623e-001
 8.5708439e-001
 8.5697412e-001
 8.5687804e-001
 8.5684288e-001
 8.5696274e-001
 8.5728866e-001
 8.5768718e-001
 8.5788858e-001
 8.5772240e-001
 8.5727417e-001
 8.5680014e-001
 8.5650903e-001
 8.5642785e-001
 8.5645241e-001
 8.5650384e-001
 8.5661715e-001
 8.5686541e-001
 8.5720289e-001
 8.5742748e-001
 8.5735923e-001
 8.5704720e-001
 8.5674578e-001
 8.5668641e-001
 8.5691065e-001
 8.5730720e-001
 8.5775310e-001
 8.5819846e-001
 8.5863352e-001
 8.5900486e-001
 8.5920376e-001
 8.5918641e-001
 8.5912001e-001
 8.5932297e-001
 8.5995400e-001
 8.6082941e-001
 8.6169499e-001
 8.6257648e-001
 8.6363065e-001
 8.6472785e-001
 8.6546689e-001
 8.6560589e-001
 8.6527562e-001
 8.6478227e-001
 8.6437225e-001
 8.6418509e-001
 8.6428255e-001
 8.6462498e-001
 8.6505443e-001
 8.6540014e-001
 8.6564481e-001
 8.6592638e-001
 8.6632389e-001
 8.6673206e-001
 8.6701441e-001
 8.6721176e-001
 8.6748332e-001
 8.6785561e-001
 8.6817384e-001
 8.6836243e-001
 8.6857152e-001
 8.6892337e-001
 8.6928821e-001
 8.6950606e-001
 8.6966777e-001
 8.6995882e-001
 8.7033474e-001
 8.7054819e-001
 8.7038755e-001
 8.6974639e-001
 8.6873019e-001
 8.6783940e-001
 8.6765075e-001
 8.6819011e-001
 8.6891651e-001
 8.6928940e-001
 8.6913168e-001
 8.6862445e-001
 8.6816537e-001
 8.6813080e-001
 8.6860758e-001
 8.6931771e-001
 8.6986583e-001
 8.7012327e-001
 8.7031955e-001
 8.7071359e-001
 8.7126178e-001
 8.7165403e-001
 8.7166435e-001
 8.7144887e-001
 8.7141609e-001
 8.7177032e-001
 8.7230712e-001
 8.7268847e-001
 8.7276888e-001
 8.7263805e-001
 8.7251145e-001
 8.7261295e-001
 8.7300408e-001
 8.7346512e-001
 8.7371415e-001
 8.7380129e-001
 8.7402344e-001
 8.7437028e-001
 8.7442470e-001
 8.7397802e-001
 8.7341422e-001
 8.7329948e-001
 8.7376195e-001
 8.7437612e-001
 8.7464601e-001
 8.7459934e-001
 8.7472171e-001
 8.7529802e-001
 8.7609446e-001
 8.7668020e-001
 8.7693107e-001
 8.7704104e-001
 8.7719214e-001
 8.7739760e-001
 8.7755734e-001
 8.7754017e-001
 8.7726808e-001
 8.7682855e-001
 8.7652820e-001
 8.7674409e-001
 8.7760985e-001
 8.7881613e-001
 8.7977844e-001
 8.8007259e-001
 8.7974221e-001
 8.7920099e-001
 8.7886614e-001
 8.7888843e-001
 8.7916887e-001
 8.7954783e-001
 8.7994468e-001
 8.8034689e-001
 8.8070709e-001
 8.8088346e-001
 8.8072950e-001
 8.8030386e-001
 8.7997741e-001
 8.8019443e-001
 8.8098818e-001
 8.8173413e-001
 8.8156968e-001
 8.8029522e-001
 8.7885934e-001
 8.7850630e-001
 8.7908173e-001
 8.7966782e-001
 8.7990701e-001
 8.7989795e-001
 8.7971824e-001
 8.7953269e-001
 8.7972927e-001
 8.8043058e-001
 8.8115197e-001
 8.8135499e-001
 8.8104355e-001
 8.8053071e-001
 8.7997025e-001
 8.7937403e-001
 8.7885535e-001
 8.7867415e-001
 8.7905985e-001
 8.7995154e-001
 8.8093340e-001
 8.8155234e-001
 8.8173181e-001
 8.8189709e-001
 8.8260204e-001
 8.8377160e-001
 8.8454616e-001
 8.8432944e-001
 8.8356102e-001
 8.8295674e-001
 8.8257796e-001
 8.8213712e-001
 8.8165140e-001
 8.8136786e-001
 8.8144094e-001
 8.8197726e-001
 8.8303167e-001
 8.8421100e-001
 8.8468921e-001
 8.8417107e-001
 8.8345569e-001
 8.8348109e-001
 8.8423681e-001
 8.8491189e-001
 8.8489038e-001
 8.8426012e-001
 8.8363034e-001
 8.8382316e-001
 8.8481873e-001
 8.8548481e-001
 8.8519961e-001
 8.8451958e-001
 8.8413918e-001
 8.8422018e-001
 8.8445908e-001
 8.8447183e-001
 8.8410819e-001
 8.8348198e-001
 8.8282609e-001
 8.8246685e-001
 8.8278896e-001
 8.8399673e-001
 8.8572234e-001
 8.8706928e-001
 8.8727212e-001
 8.8644248e-001
 8.8552868e-001
 8.8544416e-001
 8.8622779e-001
 8.8704300e-001
 8.8703012e-001
 8.8619089e-001
 8.8531333e-001
 8.8515961e-001
 8.8594460e-001
 8.8726503e-001
 8.8838428e-001
 8.8877481e-001
 8.8878417e-001
 8.8864523e-001
 8.8862896e-001
 8.8870484e-001
 8.8872117e-001
 8.8852602e-001
 8.8801122e-001
 8.8735443e-001
 8.8684857e-001
 8.8678700e-001
 8.8739532e-001
 8.8845170e-001
 8.8955337e-001
 8.9029753e-001
 8.9035356e-001
 8.8987350e-001
 8.8920474e-001
 8.8869512e-001
 8.8863724e-001
 8.8895333e-001
 8.8949096e-001
 8.8983530e-001
 8.8983917e-001
 8.8948756e-001
 8.8897008e-001
 8.8848484e-001
 8.8823009e-001
 8.8839597e-001
 8.8898408e-001
 8.8980895e-001
 8.9067745e-001
 8.9139605e-001
 8.9177823e-001
 8.9178902e-001
 8.9154285e-001
 8.9116061e-001
 8.9076310e-001
 8.9046770e-001
 8.9031124e-001
 8.9025223e-001
 8.9024556e-001
 8.9024627e-001
 8.9020967e-001
 8.9010143e-001
 8.8993013e-001
 8.8971424e-001
 8.8947272e-001
 8.8922387e-001
 8.8898659e-001
 8.8877589e-001
 8.8859314e-001
 8.8843620e-001
 8.8830334e-001
 8.8819242e-001
 8.8810164e-001
 8.8802892e-001
 8.8797772e-001
 8.8797235e-001
 8.8804197e-001
 8.8821578e-001
 8.8852304e-001
 8.8899297e-001
 8.8965476e-001
 8.9053756e-001
 8.9165485e-001
 8.9296108e-001
 8.9439690e-001
 8.9590234e-001
 8.9741814e-001
 8.9888448e-001
 9.0024197e-001
 9.0143120e-001
 9.0240926e-001
 9.0319693e-001
 9.0382892e-001
 9.0434074e-001
 9.0476727e-001
 9.0514386e-001
 9.0550548e-001
 9.0588748e-001
 9.0631509e-001
 9.0677851e-001
 9.0725976e-001
 9.0774053e-001
 9.0820277e-001
 9.0862834e-001
 9.0899932e-001
 9.0929723e-001
 9.0950429e-001
 9.0960228e-001
 9.0957284e-001
 9.0939826e-001
 9.0906888e-001
 9.0860671e-001
 9.0804082e-001
 9.0740037e-001
 9.0671432e-001
 9.0601218e-001
 9.0532261e-001
 9.0467495e-001
 9.0409827e-001
 9.0362173e-001
 9.0327430e-001
 9.0308523e-001
 9.0307355e-001
 9.0322244e-001
 9.0350688e-001
 9.0390211e-001
 9.0438336e-001
 9.0492588e-001
 9.0550458e-001
 9.0609485e-001
 9.0667158e-001
 9.0721005e-001
 9.0768552e-001
 9.0808010e-001
 9.0840089e-001
 9.0866023e-001
 9.0887076e-001
 9.0904486e-001
 9.0919501e-001
 9.0933365e-001
 9.0947336e-001
 9.0962648e-001
 9.0980560e-001
 9.1001898e-001
 9.1026056e-001
 9.1052115e-001
 9.1079128e-001
 9.1106188e-001
 9.1132373e-001
 9.1156757e-001
 9.1178411e-001
 9.1196412e-001
 9.1209847e-001
 9.1218048e-001
 9.1221273e-001
 9.1219950e-001
 9.1214538e-001
 9.1205460e-001
 9.1193175e-001
 9.1178119e-001
 9.1160738e-001
 9.1141474e-001
 9.1120768e-001
 9.1099435e-001
 9.1079628e-001
 9.1063696e-001
 9.1054052e-001
 9.1053098e-001
 9.1063195e-001
 9.1086745e-001
 9.1126162e-001
 9.1183794e-001
 9.1260284e-001
 9.1350263e-001
 9.1447139e-001
 9.1544360e-001
 9.1635287e-001
 9.1713393e-001
 9.1772038e-001
 9.1804671e-001
 9.1807681e-001
 9.1787314e-001
 9.1751832e-001
 9.1709518e-001
 9.1668618e-001
 9.1637427e-001
 9.1624177e-001
 9.1637158e-001
 9.1680962e-001
 9.1748166e-001
 9.1828948e-001
 9.1913450e-001
 9.1991818e-001
 9.2054212e-001
 9.2090797e-001
 9.2091721e-001
 9.2051870e-001
 9.1981351e-001
 9.1893333e-001
 9.1808414e-001
 9.1730124e-001
 9.1675782e-001
 9.1654575e-001
 9.1669196e-001
 9.1716802e-001
 9.1790825e-001
 9.1882938e-001
 9.1984236e-001
 9.2086029e-001
 9.2180687e-001
 9.2262357e-001
 9.2326552e-001
 9.2369443e-001
 9.2387944e-001
 9.2380738e-001
 9.2349803e-001
 9.2300892e-001
 9.2242616e-001
 9.2184830e-001
 9.2137039e-001
 9.2106563e-001
 9.2096698e-001
 9.2106074e-001
 9.2129695e-001
 9.2160821e-001
 9.2192847e-001
 9.2221016e-001
 9.2243880e-001
 9.2263716e-001
 9.2285734e-001
 9.2316431e-001
 9.2361724e-001
 9.2424875e-001
 9.2504835e-001
 9.2595762e-001
 9.2687970e-001
 9.2769921e-001
 9.2830640e-001
 9.2862147e-001
 9.2713612e-001
 9.2705745e-001
 9.2686808e-001
 9.2659116e-001
 9.2625642e-001
 9.2589653e-001
 9.2554373e-001
 9.2522740e-001
 9.2497247e-001
 9.2479813e-001
 9.2471766e-001
 9.2473918e-001
 9.2486650e-001
 9.2510009e-001
 9.2543852e-001
 9.2587894e-001
 9.2641658e-001
 9.2704451e-001
 9.2775184e-001
 9.2852288e-001
 9.2933708e-001
 9.3016839e-001
 9.3098700e-001
 9.3175995e-001
 9.3245333e-001
 9.3303412e-001
 9.3347311e-001
 9.3374950e-001
 9.3385404e-001
 9.3379283e-001
 9.3358725e-001
 9.3327159e-001
 9.3288875e-001
 9.3248528e-001
 9.3210584e-001
 9.3178749e-001
 9.3155581e-001
 9.3142128e-001
 9.3137914e-001
 9.3141055e-001
 9.3148667e-001
 9.3157375e-001
 9.3163931e-001
 9.3165755e-001
 9.3161356e-001
 9.3150526e-001
 9.3134344e-001
 9.3114924e-001
 9.3095005e-001
 9.3077469e-001
 9.3064845e-001
 9.3058878e-001
 9.3060327e-001
 9.3068820e-001
 9.3083066e-001
 9.3101078e-001
 9.3120587e-001
 9.3139446e-001
 9.3156004e-001
 9.3169332e-001
 9.3179303e-001
 9.3186504e-001
 9.3192023e-001
 9.3197161e-001
 9.3203092e-001
 9.3210649e-001
 9.3220127e-001
 9.3231314e-001
 9.3243551e-001
 9.3255931e-001
 9.3267578e-001
 9.3277854e-001
 9.3286550e-001
 9.3293995e-001
 9.3300974e-001
 9.3308628e-001
 9.3318182e-001
 9.3330693e-001
 9.3346798e-001
 9.3366545e-001
 9.3389332e-001
 9.3413979e-001
 9.3438911e-001
 9.3462425e-001
 9.3482924e-001
 9.3499172e-001
 9.3510449e-001
 9.3516618e-001
 9.3518013e-001
 9.3515342e-001
 9.3509430e-001
 9.3501008e-001
 9.3490511e-001
 9.3478006e-001
 9.3463159e-001
 9.3445396e-001
 9.3424106e-001
 9.3398941e-001
 9.3370086e-001
 9.3338466e-001
 9.3305850e-001
 9.3274760e-001
 9.3248278e-001
 9.3229657e-001
 9.3221879e-001
 9.3227214e-001
 9.3246794e-001
 9.3280411e-001
 9.3326437e-001
 9.3382043e-001
 9.3443537e-001
 9.3506926e-001
 9.3568391e-001
 9.3624794e-001
 9.3674004e-001
 9.3714923e-001
 9.3747395e-001
 9.3771964e-001
 9.3789530e-001
 9.3801039e-001
 9.3807346e-001
 9.3809134e-001
 9.3807012e-001
 9.3801677e-001
 9.3794036e-001
 9.3785316e-001
 9.3777019e-001
 9.3770772e-001
 9.3768084e-001
 9.3770087e-001
 9.3777263e-001
 9.3789297e-001
 9.3805027e-001
 9.3822598e-001
 9.3839693e-001
 9.3853921e-001
 9.3863201e-001
 9.3866122e-001
 9.3862206e-001
 9.3852001e-001
 9.3836969e-001
 9.3819261e-001
 9.3801349e-001
 9.3785632e-001
 9.3774104e-001
 9.3768090e-001
 9.3768167e-001
 9.3774205e-001
 9.3785548e-001
 9.3801224e-001
 9.3820214e-001
 9.3841606e-001
 9.3864751e-001
 9.3889201e-001
 9.3914664e-001
 9.3940824e-001
 9.3967146e-001
 9.3992770e-001
 9.4016451e-001
 9.4036609e-001
 9.4051540e-001
 9.4059664e-001
 9.4059831e-001
 9.4051558e-001
 9.4035196e-001
 9.4011927e-001
 9.3983620e-001
 9.3952596e-001
 9.3921262e-001
 9.3891841e-001
 9.3866080e-001
 9.3845099e-001
 9.3829334e-001
 9.3818575e-001
 9.3812108e-001
 9.3808854e-001
 9.3807572e-001
 9.3806982e-001
 9.3805969e-001
 9.3803668e-001
 9.3799603e-001
 9.3793732e-001
 9.3786514e-001
 9.3778878e-001
 9.3772173e-001
 9.3768042e-001
 9.3768227e-001
 9.3774378e-001
 9.3787831e-001
 9.3809348e-001
 9.3838984e-001
 9.3875992e-001
 9.3918765e-001
 9.3964982e-001
 9.4011730e-001
 9.4055790e-001
 9.4093943e-001
 9.4123250e-001
 9.4141358e-001
 9.4146734e-001
 9.4138813e-001
 9.4118071e-001
 9.4086003e-001
 9.4045055e-001
 9.3998480e-001
 9.3950117e-001
 9.3904173e-001
 9.3864924e-001
 9.3836355e-001
 9.3821847e-001
 9.3823755e-001
 9.3843132e-001
 9.3879479e-001
 9.3930697e-001
 9.3993217e-001
 9.4062293e-001
 9.4132519e-001
 9.4198388e-001
 9.4254887e-001
 9.4298059e-001
 9.4325340e-001
 9.4335800e-001
 9.4330078e-001
 9.4310278e-001
 9.4279581e-001
 9.4241917e-001
 9.4201487e-001
 9.4162410e-001
 9.4128323e-001
 9.4102079e-001
 9.4085574e-001
 9.4079614e-001
 9.4083959e-001
 9.4097430e-001
 9.4118166e-001
 9.4143969e-001
 9.4172651e-001
 9.4202381e-001
 9.4231981e-001
 9.4261026e-001
 9.4289863e-001
 9.4319409e-001
 9.4350868e-001
 9.4385368e-001
 9.4423592e-001
 9.4465488e-001
 9.4510102e-001
 9.4555563e-001
 9.4599229e-001
 9.4638002e-001
 9.4668686e-001
 9.4688469e-001
 9.4695330e-001
 9.4688386e-001
 9.4668084e-001
 9.4636238e-001
 9.4595855e-001
 9.4550759e-001
 9.4505119e-001
 9.4462860e-001
 9.4427127e-001
 9.4399863e-001
 9.4381565e-001
 9.4371325e-001
 9.4367164e-001
 9.4366515e-001
 9.4366884e-001
 9.4366449e-001
 9.4364446e-001
 9.4361317e-001
 9.4358498e-001
 9.4357944e-001
 9.4361520e-001
 9.4370377e-001
 9.4384569e-001
 9.4402933e-001
 9.4423276e-001
 9.4442880e-001
 9.4459051e-001
 9.4469702e-001
 9.4473755e-001
 9.4471300e-001
 9.4463474e-001
 9.4452178e-001
 9.4439644e-001
 9.4428015e-001
 9.4419008e-001
 9.4413692e-001
 9.4412410e-001
 9.4414902e-001
 9.4420409e-001
 9.4427878e-001
 9.4436175e-001
 9.4444221e-001
 9.4451070e-001
 9.4455963e-001
 9.4458318e-001
 9.4457710e-001
 9.4453901e-001
 9.4446838e-001
 9.4436717e-001
 9.4424045e-001
 9.4409662e-001
 9.4394702e-001
 9.4380480e-001
 9.4368321e-001
 9.4359273e-001
 9.4353920e-001
 9.4352162e-001
 9.4353187e-001
 9.4355565e-001
 9.4357491e-001
 9.4357121e-001
 9.4352961e-001
 9.4344175e-001
 9.4330800e-001
 9.4313794e-001
 9.4294888e-001
 9.4276321e-001
 9.4260454e-001
 9.4249356e-001
 9.4244450e-001
 9.4246250e-001
 9.4254249e-001
 9.4266999e-001
 9.4282287e-001
 9.4297475e-001
 9.4309807e-001
 9.4316798e-001
 9.4316387e-001
 9.4307137e-001
 9.4288194e-001
 9.4259238e-001
 9.4220364e-001
 9.4171983e-001
 9.4114786e-001
 9.4049722e-001
 9.3978083e-001
 9.3901551e-001
 9.3822157e-001
 9.3742347e-001
 9.3664724e-001
 9.3591917e-001
 9.3526322e-001
 9.3469828e-001
 9.3423688e-001
 9.3388414e-001
 9.3363798e-001
 9.3349105e-001
 9.3343252e-001
 9.3345106e-001
 9.3353683e-001
 9.3368316e-001
 9.3388623e-001
 9.3414378e-001
 9.3445230e-001
 9.3480444e-001
 9.3518615e-001
 9.3557549e-001
 9.3594426e-001
 9.3626070e-001
 9.3649477e-001
 9.3662345e-001
 9.3663561e-001
 9.3653506e-001
 9.3634009e-001
 9.3608075e-001
 9.3579346e-001
 9.3551457e-001
 9.3527389e-001
 9.3509024e-001
 9.3496889e-001
 9.3490207e-001
 9.3487191e-001
 9.3485475e-001
 9.3482655e-001
 9.3476707e-001
 9.3466330e-001
 9.3451029e-001
 9.3430978e-001
 9.3406725e-001
 9.3378723e-001
 9.3346828e-001
 9.3309909e-001
 9.3265462e-001
 9.3209362e-001
 9.3135697e-001
 9.3036526e-001
 9.2901796e-001
 9.2719215e-001
 9.2474306e-001
 9.2151225e-001
 9.1733855e-001
 9.1208327e-001
 9.0565974e-001
 8.9806551e-001
 8.8942057e-001
 8.7998182e-001
 8.7015355e-001
 8.6046332e-001
 8.5151291e-001
 8.4392107e-001
 8.3824116e-001
 8.3489758e-001
 8.3412868e-001
 8.3596075e-001
 8.4021127e-001
 8.4652269e-001
 8.5441142e-001
 8.6333191e-001
 8.7274200e-001
 8.8214809e-001
 8.9115036e-001
 8.9945394e-001
 9.0687519e-001
 9.1333336e-001
 9.1882616e-001
 9.2340982e-001
 9.2717749e-001
 9.3023580e-001
 9.3269384e-001
 9.3465078e-001
 9.3619245e-001
 9.3739122e-001
 9.3830585e-001
 9.3898565e-001
 9.3947202e-001
 9.3980157e-001
 9.4000757e-001
 9.4012046e-001
 9.4016898e-001
 9.4018006e-001
 9.4017875e-001
 9.4018769e-001
 9.4022644e-001
 9.4031030e-001
 9.4044918e-001
 9.4064647e-001
 9.4089895e-001
 9.4119674e-001
 9.4152468e-001
 9.4186461e-001
 9.4219750e-001
 9.4250619e-001
 9.4277704e-001
 9.4300133e-001
 9.4317567e-001
 9.4330150e-001
 9.4338453e-001
 9.4343388e-001
 9.4346124e-001
 9.4348007e-001
 9.4350463e-001
 9.4354880e-001
 9.4362408e-001
 9.4373751e-001
 9.4388974e-001
 9.4407362e-001
 9.4427431e-001
 9.4447106e-001
 9.4464046e-001
 9.4476122e-001
 9.4481850e-001
 9.4480735e-001
 9.4473410e-001
 9.4461507e-001
 9.4447309e-001
 9.4433284e-001
 9.4421589e-001
 9.4413704e-001
 9.4410288e-001
 9.4411248e-001
 9.4415957e-001
 9.4423610e-001
 9.4433510e-001
 9.4445217e-001
 9.4458586e-001
 9.4473654e-001
 9.4490457e-001
 9.4508886e-001
 9.4528604e-001
 9.4549048e-001
 9.4569564e-001
 9.4589514e-001
 9.4608414e-001
 9.4625926e-001
 9.4641829e-001
 9.4655895e-001
 9.4667780e-001
 9.4676948e-001
 9.4682717e-001
 9.4684380e-001
 9.4681442e-001
 9.4673818e-001
 9.4662035e-001
 9.4647241e-001
 9.4631159e-001
 9.4615847e-001
 9.4603348e-001
 9.4595355e-001
 9.4592881e-001
 9.4596058e-001
 9.4604063e-001
 9.4615281e-001
 9.4627547e-001
 9.4638574e-001
 9.4646382e-001
 9.4649726e-001
 9.4648355e-001
 9.4643122e-001
 9.4635856e-001
 9.4629061e-001
 9.4625390e-001
 9.4627172e-001
 9.4635886e-001
 9.4651788e-001
 9.4673711e-001
 9.4699109e-001
 9.4724393e-001
 9.4745570e-001
 9.4759011e-001
 9.4762033e-001
 9.4753343e-001
 9.4733167e-001
 9.4703126e-001
 9.4666207e-001
 9.4626504e-001
 9.4588685e-001
 9.4557303e-001
 9.4536048e-001
 9.4527102e-001
 9.4530898e-001
 9.4546193e-001
 9.4570494e-001
 9.4600689e-001
 9.4633782e-001
 9.4667339e-001
 9.4699657e-001
 9.4729704e-001
 9.4756877e-001
 9.4780821e-001
 9.4801259e-001
 9.4817924e-001
 9.4830608e-001
 9.4839227e-001
 9.4843936e-001
 9.4845217e-001
 9.4843894e-001
 9.4841051e-001
 9.4837880e-001
 9.4835478e-001
 9.4834632e-001
 9.4835651e-001
 9.4838291e-001
 9.4841844e-001
 9.4845295e-001
 9.4847488e-001
 9.4847375e-001
 9.4844115e-001
 9.4837230e-001
 9.4826710e-001
 9.4813025e-001
 9.4797164e-001
 9.4780505e-001
 9.4764733e-001
 9.4751662e-001
 9.4743055e-001
 9.4740480e-001
 9.4745207e-001
 9.4758087e-001
 9.4779503e-001
 9.4809294e-001
 9.4846779e-001
 9.4890851e-001
 9.4940025e-001
 9.4992501e-001
 9.5046258e-001
 9.5099127e-001
 9.5148897e-001
 9.5193350e-001
 9.5230395e-001
 9.5258206e-001
 9.5275348e-001
 9.5280874e-001
 9.5274425e-001
 9.5256281e-001
 9.5227289e-001
 9.5188797e-001
 9.5142508e-001
 9.5090294e-001
 9.5034093e-001
 9.4975698e-001
 9.4916731e-001
 9.4858611e-001
 9.4802535e-001
 9.4749606e-001
 9.4700885e-001
 9.4657481e-001
 9.4620615e-001
 9.4591576e-001
 9.4571692e-001
 9.4562143e-001
 9.4563776e-001
 9.4576901e-001
 9.4601077e-001
 9.4634992e-001
 9.4676453e-001
 9.4722474e-001
 9.4769502e-001
 9.4813764e-001
 9.4851631e-001
 9.4880021e-001
 9.4896692e-001
 9.4900483e-001
 9.4891351e-001
 9.4870353e-001
 9.4839436e-001
 9.4801193e-001
 9.4758582e-001
 9.4714612e-001
 9.4672137e-001
 9.4633657e-001
 9.4601136e-001
 9.4575983e-001
 9.4558960e-001
 9.4550222e-001
 9.4549310e-001
 9.4555259e-001
 9.4566685e-001
 9.4581950e-001
 9.4599295e-001
 9.4617069e-001
 9.4633859e-001
 9.4648629e-001
 9.4660777e-001
 9.4670171e-001
 9.4677067e-001
 9.4682014e-001
 9.4685709e-001
 9.4688857e-001
 9.4692016e-001
 9.4695574e-001
 9.4699651e-001
 9.4704163e-001
 9.4708854e-001
 9.4713408e-001
 9.4717515e-001
 9.4720966e-001
 9.4723701e-001
 9.4725811e-001
 9.4727540e-001
 9.4729197e-001
 9.4731098e-001
 9.4733489e-001
 9.4736439e-001
 9.4739819e-001
 9.4743264e-001
 9.4746208e-001
 9.4747889e-001
 9.4747418e-001
 9.4743812e-001
 9.4736028e-001
 9.4722956e-001
 9.4703442e-001
 9.4676286e-001
 9.4640225e-001
 9.4593918e-001
 9.4535953e-001
 9.4464815e-001
 9.4378978e-001
 9.4276959e-001
 9.4157517e-001
 9.4019914e-001
 9.3864143e-001
 9.3691450e-001
 9.3504512e-001
 9.3307811e-001
 9.3107527e-001
 9.2911094e-001
 9.2726821e-001
 9.2562962e-001
 9.2427099e-001
 9.2325318e-001
 9.2261583e-001
 9.2237562e-001
 9.2252469e-001
 9.2303199e-001
 9.2384619e-001
 9.2490262e-001
 9.2612916e-001
 9.2745376e-001
 9.2881119e-001
 9.3014663e-001
 9.3141991e-001
 9.3260455e-001
 9.3368763e-001
 9.3466723e-001
 9.3554896e-001
 9.3634337e-001
 9.3706316e-001
 9.3772072e-001
 9.3832773e-001
 9.3889302e-001
 9.3942344e-001
 9.3992275e-001
 9.4039196e-001
 9.4082969e-001
 9.4123161e-001
 9.4159138e-001
 9.4190031e-001
 9.4214839e-001
 9.4232506e-001
 9.4242024e-001
 9.4242549e-001
 9.4233537e-001
 9.4214833e-001
 9.4186741e-001
 9.4150072e-001
 9.4106108e-001
 9.4056511e-001
 9.4003266e-001
 9.3948519e-001
 9.3894500e-001
 9.3843371e-001
 9.3797159e-001
 9.3757689e-001
 9.3726474e-001
 9.3704712e-001
 9.3693191e-001
 9.3692207e-001
 9.3701530e-001
 9.3720305e-001
 9.3747085e-001
 9.3779814e-001
 9.3815976e-001
 9.3852717e-001
 9.3887115e-001
 9.3916386e-001
 9.3938190e-001
 9.3950808e-001
 9.3953323e-001
 9.3945688e-001
 9.3928683e-001
 9.3903846e-001
 9.3873286e-001
 9.3839502e-001
 9.3805206e-001
 9.3773103e-001
 9.3745798e-001
 9.3725634e-001
 9.3714607e-001
 9.3714249e-001
 9.3725526e-001
 9.3748719e-001
 9.3783331e-001
 9.3827975e-001
 9.3880367e-001
 9.3937433e-001
 9.3995434e-001
 9.4050330e-001
 9.4098175e-001
 9.4135571e-001
 9.4160175e-001
 9.4171059e-001
 9.4168943e-001
 9.4156229e-001
 9.4136792e-001
 9.4115484e-001
 9.4097573e-001
 9.4088000e-001
 9.4090688e-001
 9.4107962e-001
 9.4140178e-001
 9.4185591e-001
 9.4240493e-001
 9.4299662e-001
 9.4357026e-001
 9.4406551e-001
 9.4443059e-001
 9.4463021e-001
 9.4465119e-001
 9.4450408e-001
 9.4421953e-001
 9.4384277e-001
 9.4342715e-001
 9.4302690e-001
 9.4269156e-001
 9.4246083e-001
 9.4236284e-001
 9.4241273e-001
 9.4261044e-001
 9.4294089e-001
 9.4337535e-001
 9.4387513e-001
 9.4439602e-001
 9.4489431e-001
 9.4533217e-001
 9.4568288e-001
 9.4593334e-001
 9.4608426e-001
 9.4621903e-001
 9.4618458e-001
 9.4611120e-001
 9.4602728e-001
 9.4595671e-001
 9.4591492e-001
 9.4590724e-001
 9.4592929e-001
 9.4597000e-001
 9.4601464e-001
 9.4604719e-001
 9.4605190e-001
 9.4601470e-001
 9.4592476e-001
 9.4577652e-001
 9.4557089e-001
 9.4531560e-001
 9.4502473e-001
 9.4471711e-001
 9.4441432e-001
 9.4413942e-001
 9.4391501e-001
 9.4376212e-001
 9.4369745e-001
 9.4373053e-001
 9.4386077e-001
 9.4407648e-001
 9.4435573e-001
 9.4466925e-001
 9.4498354e-001
 9.4526309e-001
 9.4547296e-001
 9.4558066e-001
 9.4555938e-001
 9.4539195e-001
 9.4507402e-001
 9.4461530e-001
 9.4403845e-001
 9.4337565e-001
 9.4266450e-001
 9.4194537e-001
 9.4125843e-001
 9.4064176e-001
 9.4012862e-001
 9.3974310e-001
 9.3949801e-001
 9.3939275e-001
 9.3941510e-001
 9.3954408e-001
 9.3975365e-001
 9.4001526e-001
 9.4029999e-001
 9.4058007e-001
 9.4083053e-001
 9.4103158e-001
 9.4116992e-001
 9.4123989e-001
 9.4124252e-001
 9.4118381e-001
 9.4107276e-001
 9.4091976e-001
 9.4073558e-001
 9.4053072e-001
 9.4031489e-001
 9.4009614e-001
 9.3988055e-001
 9.3967170e-001
 9.3947119e-001
 9.3927902e-001
 9.3909425e-001
 9.3891543e-001
 9.3874103e-001
 9.3856919e-001
 9.3839794e-001
 9.3822497e-001
 9.3804759e-001
 9.3786263e-001
 9.3766636e-001
 9.3745500e-001
 9.3722439e-001
 9.3697047e-001
 9.3668926e-001
 9.3637753e-001
 9.3603313e-001
 9.3565601e-001
 9.3524885e-001
 9.3481737e-001
 9.3436998e-001
 9.3391716e-001
 9.3347067e-001
 9.3304265e-001
 9.3264520e-001
 9.3228978e-001
 9.3198651e-001
 9.3174303e-001
 9.3156368e-001
 9.3144929e-001
 9.3139726e-001
 9.3140268e-001
 9.3145913e-001
 9.3155944e-001
 9.3169624e-001
 9.3186176e-001
 9.3204790e-001
 9.3224615e-001
 9.3244731e-001
 9.3264151e-001
 9.3281800e-001
 9.3296587e-001
 9.3307358e-001
 9.3312997e-001
 9.3312395e-001
 9.3304569e-001
 9.3288755e-001
 9.3264556e-001
 9.3232089e-001
 9.3192029e-001
 9.3145543e-001
 9.3094188e-001
 9.3039727e-001
 9.2984027e-001
 9.2928958e-001
 9.2876327e-001
 9.2827731e-001
 9.2784476e-001
 9.2747426e-001
 9.2716986e-001
 9.2693132e-001
 9.2675513e-001
 9.2663604e-001
 9.2656785e-001
 9.2654401e-001
 9.2655766e-001
 9.2660218e-001
 9.2667079e-001
 9.2675674e-001
 9.2685330e-001
 9.2695367e-001
 9.2705131e-001
 9.2713934e-001
 9.2721128e-001
 9.2726064e-001
 9.2728156e-001
 9.2726946e-001
 9.2722148e-001
 9.2713743e-001
 9.2701989e-001
 9.2687416e-001
 9.2670733e-001
 9.2652756e-001
 9.2634368e-001
 9.2616451e-001
 9.2599857e-001
 9.2585367e-001
 9.2573643e-001
 9.2565173e-001
 9.2560261e-001
 9.2559046e-001
 9.2561531e-001
 9.2567670e-001
 9.2577362e-001
 9.2590493e-001
 9.2606950e-001
 9.2626631e-001
 9.2649442e-001
 9.2675304e-001
 9.2704171e-001
 9.2735994e-001
 9.2770743e-001
 9.2808402e-001
 9.2848933e-001
 9.2892295e-001
 9.2938352e-001
 9.2986840e-001
 9.3037254e-001
 9.3088770e-001
 9.3140209e-001
 9.3190062e-001
 9.3236595e-001
 9.3277931e-001
 9.3312156e-001
 9.3337399e-001
 9.3351984e-001
 9.3354625e-001
 9.3344706e-001
 9.3322510e-001
 9.3289322e-001
 9.3247324e-001
 9.3199372e-001
 9.3148690e-001
 9.3098694e-001
 9.3052751e-001
 9.3013972e-001
 9.2984945e-001
 9.2967314e-001
 9.2961478e-001
 9.2966467e-001
 9.2980033e-001
 9.2999029e-001
 9.3019754e-001
 9.3038285e-001
 9.3050712e-001
 9.3053424e-001
 9.3043488e-001
 9.3019074e-001
 9.2979890e-001
 9.2927319e-001
 9.2864263e-001
 9.2794734e-001
 9.2723447e-001
 9.2655355e-001
 9.2595404e-001
 9.2548251e-001
 9.2517757e-001
 9.2506552e-001
 9.2515546e-001
 9.2543781e-001
 9.2588580e-001
 9.2646021e-001
 9.2711407e-001
 9.2779744e-001
 9.2846000e-001
 9.2905343e-001
 9.2953575e-001
 9.2987472e-001
 9.3005121e-001
 9.3006128e-001
 9.2991424e-001
 9.2962921e-001
 9.2923135e-001
 9.2874831e-001
 9.2820799e-001
 9.2763722e-001
 9.2705834e-001
 9.2648709e-001
 9.2593026e-001
 9.2538428e-001
 9.2483646e-001
 9.2426771e-001
 9.2365450e-001
 9.2297179e-001
 9.2219424e-001
 9.2129862e-001
 9.2026502e-001
 9.1907960e-001
 9.1773808e-001
 9.1624463e-001
 9.1461211e-001
 9.1286063e-001
 9.1101283e-001
 9.0909249e-001
 9.0712351e-001
 9.0512365e-001
 9.0310085e-001
 9.0104550e-001
 8.9892656e-001
 8.9668560e-001
 8.9424115e-001
 8.9149642e-001
 8.8834262e-001
 8.8466567e-001
 8.8035196e-001
 8.7528521e-001
 8.6934990e-001
 8.6242956e-001
 8.5441357e-001
 8.4518743e-001
 8.3463663e-001
 8.2265514e-001
 8.0913144e-001
 7.9395747e-001
 7.7705181e-001
 7.5836045e-001
 7.3791021e-001
 7.1585125e-001
 6.9252437e-001
 6.6844821e-001
 6.4431518e-001
 6.2096334e-001
 5.9928811e-001
 5.8021528e-001
 5.6467038e-001
 5.5349714e-001
 5.4739678e-001
 5.4682952e-001
 5.5191749e-001
 5.6241697e-001
 5.7775563e-001
 5.9710455e-001
 6.1949909e-001
 6.4391166e-001
 6.6928756e-001
 6.9462979e-001
 7.1903932e-001
 7.4176681e-001
 7.6230770e-001
 7.8040302e-001
 7.9602408e-001
 8.0929881e-001
 8.2046705e-001
 8.2981485e-001
 8.3763754e-001
 8.4423316e-001
 8.4987885e-001
 8.5481292e-001
 8.5922962e-001
 8.6326939e-001
 8.6702186e-001
 8.7054396e-001
 8.7387007e-001
 8.7702459e-001
 8.8002419e-001
 8.8288325e-001
 8.8560963e-001
 8.8819867e-001
 8.9063364e-001
 8.9288223e-001
 8.9489633e-001
 8.9661926e-001
 8.9798778e-001
 8.9893651e-001
 8.9940065e-001
 8.9932191e-001
 8.9865404e-001
 8.9737183e-001
 8.9547807e-001
 8.9300603e-001
 8.9001918e-001
 8.8659990e-001
 8.8284254e-001
 8.7884974e-001
 8.7472218e-001
 8.7055790e-001
 8.6644512e-001
 8.6246014e-001
 8.5865605e-001
 8.5506397e-001
 8.5169709e-001
 8.4855127e-001
 8.4561360e-001
 8.4286922e-001
 8.4030032e-001
 8.3789134e-001
 8.3563083e-001
 8.3351660e-001
 8.3155513e-001
 8.2976466e-001
 8.2817525e-001
 8.2682306e-001
 8.2574910e-001
 8.2499671e-001
 8.2460761e-001
 8.2461941e-001
 8.2506019e-001
 8.2594252e-001
 8.2725757e-001
 8.2897353e-001
 8.3103585e-001
 8.3337557e-001
 8.3591479e-001
 8.3856946e-001
 8.4125710e-001
 8.4389871e-001
 8.4642106e-001
 8.4876621e-001
 8.5089356e-001
 8.5278279e-001
 8.5443038e-001
 8.5584754e-001
 8.5705310e-001
 8.5806900e-001
 8.5891974e-001
 8.5962987e-001
 8.6022353e-001
 8.6072499e-001
 8.6115783e-001
 8.6154503e-001
 8.6190921e-001
 8.6227250e-001
 8.6265689e-001
 8.6308354e-001
 8.6357266e-001
 8.6414170e-001
 8.6480153e-001
 8.6555380e-001
 8.6638665e-001
 8.6727285e-001
 8.6817253e-001
 8.6903548e-001
 8.6980623e-001
 8.7042624e-001
 8.7083858e-001
 8.7099046e-001
 8.7083930e-001
 8.7035936e-001
 8.6954749e-001
 8.6842638e-001
 8.6704099e-001
 8.6545336e-001
 8.6373508e-001
 8.6196357e-001
 8.6021608e-001
 8.5856766e-001
 8.5708940e-001
 8.5584205e-001
 8.5487425e-001
 8.5422170e-001
 8.5390693e-001
 8.5394377e-001
 8.5434037e-001
 8.5510164e-001
 8.5623038e-001
 8.5772580e-001
 8.5957944e-001
 8.6177272e-001
 8.6427200e-001
 8.6702543e-001
 8.6996758e-001
 8.7302208e-001
 8.7610406e-001
 8.7912816e-001
 8.8200963e-001
 8.8467008e-001
 8.8704193e-001
 8.8908088e-001
 8.9077091e-001
 8.9212698e-001
 8.9319384e-001
 8.9403737e-001
 8.9473522e-001
 8.9537114e-001
 8.9602822e-001
 8.9678234e-001
 8.9769500e-001
 8.9880204e-001
 9.0010524e-001
 9.0156734e-001
 9.0311772e-001
 9.0466040e-001
 9.0608329e-001
 9.0726900e-001
 9.0810007e-001
 9.0846568e-001
 9.0827161e-001
 9.0745074e-001
 9.0597212e-001
 9.0384704e-001
 9.0112245e-001
 8.9787221e-001
 8.9418864e-001
 8.9016992e-001
 8.8591689e-001
 8.8153386e-001
 8.7712139e-001
 8.7277794e-001
 8.6860251e-001
 8.6468810e-001
 8.6112612e-001
 8.5800523e-001
 8.5541469e-001
 8.5343951e-001
 8.5216099e-001
 8.5165030e-001
 8.5195625e-001
 8.5309231e-001
 8.5502249e-001
 8.5765767e-001
 8.6085987e-001
 8.6445624e-001
 8.6825025e-001
 8.7203890e-001
 8.7562072e-001
 8.7880379e-001
 8.8142657e-001
 8.8337314e-001
 8.8458920e-001
 8.8509172e-001
 8.8495982e-001
 8.8431913e-001
 8.8332278e-001
 8.8213605e-001
 8.8092482e-001
 8.7984622e-001
 8.7903351e-001
 8.7858135e-001
 8.7853199e-001
 8.7886888e-001
 8.7952310e-001
 8.8038635e-001
 8.8132775e-001
 8.8220614e-001
 8.8287997e-001
 8.8321584e-001
 8.8310111e-001
 8.8245726e-001
 8.8125271e-001
 8.7950730e-001
 8.7728697e-001
 8.7469357e-001
 8.7184787e-001
 8.6887950e-001
 8.6592060e-001
 8.6309367e-001
 8.6050415e-001
 8.5822713e-001
 8.5629839e-001
 8.5470700e-001
 8.5340148e-001
 8.5230136e-001
 8.5130745e-001
 8.5031277e-001
 8.4921122e-001
 8.4790367e-001
 8.4630901e-001
 8.4437573e-001
 8.4209460e-001
 8.3950019e-001
 8.3666760e-001
 8.3370417e-001
 8.3073288e-001
 8.2788438e-001
 8.2529128e-001
 8.2307565e-001
 8.2134169e-001
 8.2016152e-001
 8.1956512e-001
 8.1953377e-001
 8.2000637e-001
 8.2088953e-001
 8.2207125e-001
 8.2343149e-001
 8.2484794e-001
 8.2620525e-001
 8.2740211e-001
 8.2836002e-001
 8.2903391e-001
 8.2941425e-001
 8.2952380e-001
 8.2940912e-001
 8.2913101e-001
 8.2875627e-001
 8.2835311e-001
 8.2798541e-001
 8.2770753e-001
 8.2755804e-001
 8.2755345e-001
 8.2768625e-001
 8.2792699e-001
 8.2822961e-001
 8.2853848e-001
 8.2879347e-001
 8.2893389e-001
 8.2890320e-001
 8.2865340e-001
 8.2815224e-001
 8.2738841e-001
 8.2637405e-001
 8.2514268e-001
 8.2374156e-001
 8.2222611e-001
 8.2065481e-001
 8.1908709e-001
 8.1757820e-001
 8.1617713e-001
 8.1492382e-001
 8.1384408e-001
 8.1294930e-001
 8.1223792e-001
 8.1169677e-001
 8.1130636e-001
 8.1104374e-001
 8.1088513e-001
 8.1080669e-001
 8.1078494e-001
 8.1079721e-001
 8.1082064e-001
 8.1083238e-001
 8.1083328e-001
 8.1081784e-001
 8.1078351e-001
 8.1072789e-001
 8.1064856e-001
 8.1054336e-001
 8.1040955e-001
 8.1024486e-001
 8.1004697e-001
 8.0981332e-001
 8.0954188e-001
 8.0923057e-001
 8.0887705e-001
 8.0847931e-001
 8.0803537e-001
 8.0754310e-001
 8.0700016e-001
 8.0640453e-001
 8.0575430e-001
 8.0504727e-001
 8.0428135e-001
 8.0345404e-001
 8.0256379e-001
 8.0160904e-001
 8.0059558e-001
 7.9953271e-001
 7.9842973e-001
 7.9729676e-001
 7.9614300e-001
 7.9497784e-001
 7.9381078e-001
 7.9265177e-001
 7.9150987e-001
 7.9039484e-001
 7.8931582e-001
 7.8828281e-001
 7.8730512e-001
 7.8639221e-001
 7.8555375e-001
 7.8479886e-001
 7.8413749e-001
 7.8357774e-001
 7.8311557e-001
 7.8274095e-001
 7.8244376e-001
 7.8221387e-001
 7.8204101e-001
 7.8191513e-001
 7.8182596e-001
 7.8176343e-001
 7.8171730e-001
 7.8167737e-001
 7.8163356e-001
 7.8157562e-001
 7.8149348e-001
 7.8137684e-001
 7.8121573e-001
 7.8099978e-001
 7.8071898e-001
 7.8036308e-001
 7.7992195e-001
 7.7938527e-001
 7.7874321e-001
 7.7798641e-001
 7.7711546e-001
 7.7613646e-001
 7.7505487e-001
 7.7387625e-001
 7.7260625e-001
 7.7125043e-001
 7.6981479e-001
 7.6830488e-001
 7.6672626e-001
 7.6508427e-001
 7.6338547e-001
 7.6163495e-001
 7.5983834e-001
 7.5800109e-001
 7.5612956e-001
 7.5422901e-001
 7.5230515e-001
 7.5036365e-001
 7.4840963e-001
 7.4644977e-001
 7.4448925e-001
 7.4253368e-001
 7.4058837e-001
 7.3865980e-001
 7.3675323e-001
 7.3487371e-001
 7.3302007e-001
 7.3118997e-001
 7.2937959e-001
 7.2758555e-001
 7.2580463e-001
 7.2403276e-001
 7.2226781e-001
 7.2050565e-001
 7.1874315e-001
 7.1697658e-001
 7.1520329e-001
 7.1341956e-001
 7.1162188e-001
 7.0980680e-001
 7.0797157e-001
 7.0611256e-001
 7.0422632e-001
 7.0230889e-001
 7.0035821e-001
 6.9837028e-001
 6.9634163e-001
 6.9426906e-001
 6.9214875e-001
 6.8997806e-001
 6.8775350e-001
 6.8547159e-001
 6.8312836e-001
 6.8072158e-001
 6.7824739e-001
 6.7570317e-001
 6.7309088e-001
 6.7041701e-001
 6.6768634e-001
