s07_ASD Record=3082: Clinochlore_Fe SC-CCa-1.c     BECKa AREF
 1.0848896e-001
 1.0942597e-001
 1.1035805e-001
 1.1132003e-001
 1.1236433e-001
 1.1353504e-001
 1.1484437e-001
 1.1626040e-001
 1.1770940e-001
 1.1909178e-001
 1.2030762e-001
 1.2127931e-001
 1.2196576e-001
 1.2237390e-001
 1.2257507e-001
 1.2270045e-001
 1.2290380e-001
 1.2331218e-001
 1.2399002e-001
 1.2492365e-001
 1.2602745e-001
 1.2717353e-001
 1.2823446e-001
 1.2911829e-001
 1.2978379e-001
 1.3024229e-001
 1.3055393e-001
 1.3080589e-001
 1.3107522e-001
 1.3140051e-001
 1.3177735e-001
 1.3217545e-001
 1.3256310e-001
 1.3292424e-001
 1.3327771e-001
 1.3368571e-001
 1.3422824e-001
 1.3496616e-001
 1.3591067e-001
 1.3701384e-001
 1.3818759e-001
 1.3933682e-001
 1.4038804e-001
 1.4130218e-001
 1.4207119e-001
 1.4270799e-001
 1.4323768e-001
 1.4369114e-001
 1.4409679e-001
 1.4447035e-001
 1.4480942e-001
 1.4510173e-001
 1.4534600e-001
 1.4557269e-001
 1.4584817e-001
 1.4625981e-001
 1.4688489e-001
 1.4774968e-001
 1.4883257e-001
 1.5008779e-001
 1.5140529e-001
 1.5269165e-001
 1.5391746e-001
 1.5505743e-001
 1.5609336e-001
 1.5705287e-001
 1.5798759e-001
 1.5894933e-001
 1.5998639e-001
 1.6113441e-001
 1.6240047e-001
 1.6375265e-001
 1.6512758e-001
 1.6645262e-001
 1.6767378e-001
 1.6878082e-001
 1.6981430e-001
 1.7084819e-001
 1.7195395e-001
 1.7316796e-001
 1.7448309e-001
 1.7586789e-001
 1.7729817e-001
 1.7877389e-001
 1.8030870e-001
 1.8190102e-001
 1.8351112e-001
 1.8506297e-001
 1.8646784e-001
 1.8765453e-001
 1.8859059e-001
 1.8929403e-001
 1.8983784e-001
 1.9034448e-001
 1.9095723e-001
 1.9178317e-001
 1.9282371e-001
 1.9394530e-001
 1.9494271e-001
 1.9566277e-001
 1.9608828e-001
 1.9631985e-001
 1.9648856e-001
 1.9668524e-001
 1.9694680e-001
 1.9728164e-001
 1.9768573e-001
 1.9812533e-001
 1.9852549e-001
 1.9880943e-001
 1.9896969e-001
 1.9910350e-001
 1.9937782e-001
 1.9995455e-001
 2.0092863e-001
 2.0229451e-001
 2.0393178e-001
 2.0562381e-001
 2.0713662e-001
 2.0833728e-001
 2.0926134e-001
 2.1005812e-001
 2.1085197e-001
 2.1165201e-001
 2.1240309e-001
 2.1312520e-001
 2.1399020e-001
 2.1523894e-001
 2.1700314e-001
 2.1919352e-001
 2.2155087e-001
 2.2380255e-001
 2.2578566e-001
 2.2746573e-001
 2.2888350e-001
 2.3009551e-001
 2.3112975e-001
 2.3195614e-001
 2.3248819e-001
 2.3264445e-001
 2.3245326e-001
 2.3212212e-001
 2.3198627e-001
 2.3233476e-001
 2.3323223e-001
 2.3448898e-001
 2.3581427e-001
 2.3701681e-001
 2.3807739e-001
 2.3906589e-001
 2.4002659e-001
 2.4095084e-001
 2.4183516e-001
 2.4274580e-001
 2.4381948e-001
 2.4518341e-001
 2.4683838e-001
 2.4860081e-001
 2.5017682e-001
 2.5133720e-001
 2.5206265e-001
 2.5254610e-001
 2.5304586e-001
 2.5369412e-001
 2.5440830e-001
 2.5498667e-001
 2.5531471e-001
 2.5548166e-001
 2.5567982e-001
 2.5599575e-001
 2.5632340e-001
 2.5647342e-001
 2.5633538e-001
 2.5593677e-001
 2.5539398e-001
 2.5484949e-001
 2.5444192e-001
 2.5427097e-001
 2.5433478e-001
 2.5450587e-001
 2.5461057e-001
 2.5454918e-001
 2.5433078e-001
 2.5401300e-001
 2.5366357e-001
 2.5340047e-001
 2.5341177e-001
 2.5383264e-001
 2.5454625e-001
 2.5515947e-001
 2.5528148e-001
 2.5486517e-001
 2.5425458e-001
 2.5392109e-001
 2.5417638e-001
 2.5503865e-001
 2.5621161e-001
 2.5716659e-001
 2.5740135e-001
 2.5678888e-001
 2.5570685e-001
 2.5472516e-001
 2.5408292e-001
 2.5354683e-001
 2.5288826e-001
 2.5236472e-001
 2.5248277e-001
 2.5333035e-001
 2.5439277e-001
 2.5504220e-001
 2.5502363e-001
 2.5446293e-001
 2.5359979e-001
 2.5260815e-001
 2.5159729e-001
 2.5068229e-001
 2.5001201e-001
 2.4971521e-001
 2.4979572e-001
 2.5005257e-001
 2.5012350e-001
 2.4970494e-001
 2.4883178e-001
 2.4792165e-001
 2.4743414e-001
 2.4746127e-001
 2.4771488e-001
 2.4790186e-001
 2.4802576e-001
 2.4829014e-001
 2.4873139e-001
 2.4898505e-001
 2.4846986e-001
 2.4686292e-001
 2.4444214e-001
 2.4198264e-001
 2.4027455e-001
 2.3966567e-001
 2.3996273e-001
 2.4059248e-001
 2.4078918e-001
 2.3994082e-001
 2.3815319e-001
 2.3634668e-001
 2.3535860e-001
 2.3504491e-001
 2.3472314e-001
 2.3427135e-001
 2.3416170e-001
 2.3449023e-001
 2.3466438e-001
 2.3416056e-001
 2.3310889e-001
 2.3200454e-001
 2.3109102e-001
 2.3024477e-001
 2.2935545e-001
 2.2843654e-001
 2.2742841e-001
 2.2627658e-001
 2.2519694e-001
 2.2452208e-001
 2.2424236e-001
 2.2395763e-001
 2.2323920e-001
 2.2187641e-001
 2.2010882e-001
 2.1872638e-001
 2.1835427e-001
 2.1865000e-001
 2.1872130e-001
 2.1803056e-001
 2.1663226e-001
 2.1505952e-001
 2.1400058e-001
 2.1364808e-001
 2.1352157e-001
 2.1304823e-001
 2.1208967e-001
 2.1100633e-001
 2.1030015e-001
 2.1000633e-001
 2.0961258e-001
 2.0893973e-001
 2.0843594e-001
 2.0817626e-001
 2.0756692e-001
 2.0642565e-001
 2.0540717e-001
 2.0491953e-001
 2.0451991e-001
 2.0379514e-001
 2.0306623e-001
 2.0280772e-001
 2.0288096e-001
 2.0265788e-001
 2.0169000e-001
 2.0014706e-001
 1.9866547e-001
 1.9773419e-001
 1.9711585e-001
 1.9591719e-001
 1.9358481e-001
 1.9096716e-001
 1.8981980e-001
 1.9091885e-001
 1.9321513e-001
 1.9506942e-001
 1.9576198e-001
 1.9565831e-001
 1.9535159e-001
 1.9489026e-001
 1.9387767e-001
 1.9218090e-001
 1.9015282e-001
 1.8812355e-001
 1.8618982e-001
 1.8462953e-001
 1.8399939e-001
 1.8449691e-001
 1.8542068e-001
 1.8578179e-001
 1.8534017e-001
 1.8464556e-001
 1.8421768e-001
 1.8397506e-001
 1.8340427e-001
 1.8220347e-001
 1.8074334e-001
 1.7985894e-001
 1.8017198e-001
 1.8160212e-001
 1.8347916e-001
 1.8504049e-001
 1.8582000e-001
 1.8571918e-001
 1.8491380e-001
 1.8375681e-001
 1.8264644e-001
 1.8183568e-001
 1.8131080e-001
 1.8087637e-001
 1.8038276e-001
 1.7987718e-001
 1.7952763e-001
 1.7938678e-001
 1.7924722e-001
 1.7879850e-001
 1.7798775e-001
 1.7721187e-001
 1.7703912e-001
 1.7759782e-001
 1.7825484e-001
 1.7822166e-001
 1.7770393e-001
 1.7738757e-001
 1.7745592e-001
 1.7761487e-001
 1.7752959e-001
 1.7706208e-001
 1.7631184e-001
 1.7562397e-001
 1.7541373e-001
 1.7572615e-001
 1.7606097e-001
 1.7587915e-001
 1.7516127e-001
 1.7436165e-001
 1.7401887e-001
 1.7442748e-001
 1.7546032e-001
 1.7657833e-001
 1.7713727e-001
 1.7695735e-001
 1.7652909e-001
 1.7643569e-001
 1.7685172e-001
 1.7782420e-001
 1.7943609e-001
 1.8116076e-001
 1.8177049e-001
 1.8078095e-001
 1.7928125e-001
 1.7839801e-001
 1.7786555e-001
 1.7703244e-001
 1.7626393e-001
 1.7645958e-001
 1.7780514e-001
 1.7945580e-001
 1.8025465e-001
 1.7988090e-001
 1.7924233e-001
 1.7943490e-001
 1.8060790e-001
 1.8194829e-001
 1.8259108e-001
 1.8233185e-001
 1.8158509e-001
 1.8120828e-001
 1.8165939e-001
 1.8256101e-001
 1.8357702e-001
 1.8481965e-001
 1.8637221e-001
 1.8786137e-001
 1.8852565e-001
 1.8781124e-001
 1.8623099e-001
 1.8533143e-001
 1.8645722e-001
 1.8940425e-001
 1.9247709e-001
 1.9394942e-001
 1.9345188e-001
 1.9198708e-001
 1.9079195e-001
 1.9043368e-001
 1.9076610e-001
 1.9142120e-001
 1.9210117e-001
 1.9262637e-001
 1.9299743e-001
 1.9358875e-001
 1.9502173e-001
 1.9762044e-001
 2.0091824e-001
 2.0352581e-001
 2.0358671e-001
 2.0101522e-001
 1.9672200e-001
 1.9347261e-001
 1.9319847e-001
 1.9543494e-001
 1.9875553e-001
 2.0173146e-001
 2.0314275e-001
 2.0314825e-001
 2.0246185e-001
 2.0179893e-001
 2.0177837e-001
 2.0238188e-001
 2.0333351e-001
 2.0435679e-001
 2.0520675e-001
 2.0584950e-001
 2.0633663e-001
 2.0671992e-001
 2.0705637e-001
 2.0743774e-001
 2.0808084e-001
 2.0892371e-001
 2.1013859e-001
 2.1162114e-001
 2.1306469e-001
 2.1415448e-001
 2.1457523e-001
 2.1402904e-001
 2.1260192e-001
 2.1076170e-001
 2.0899193e-001
 2.0777687e-001
 2.0757964e-001
 2.0840167e-001
 2.0978886e-001
 2.1126746e-001
 2.1236423e-001
 2.1262315e-001
 2.1198139e-001
 2.1076147e-001
 2.0930165e-001
 2.0794076e-001
 2.0701709e-001
 2.0677727e-001
 2.0711158e-001
 2.0782384e-001
 2.0871761e-001
 2.0959689e-001
 2.1026517e-001
 2.1056944e-001
 2.1052182e-001
 2.1017429e-001
 2.0957901e-001
 2.0878784e-001
 2.0785300e-001
 2.0682640e-001
 2.0575485e-001
 2.0466606e-001
 2.0358261e-001
 2.0252760e-001
 2.0152357e-001
 2.0059359e-001
-1.2300000e+034
-1.2300000e+034
 1.9847549e-001
 1.9806959e-001
 1.9785176e-001
 1.9784488e-001
 1.9807175e-001
 1.9855520e-001
 1.9931804e-001
 2.0038322e-001
 2.0175348e-001
 2.0335805e-001
 2.0510824e-001
 2.0691606e-001
 2.0869286e-001
 2.1035062e-001
 2.1180066e-001
 2.1295498e-001
 2.1374874e-001
 2.1420518e-001
 2.1436737e-001
 2.1427865e-001
 2.1398221e-001
 2.1352132e-001
 2.1293908e-001
 2.1227890e-001
 2.1158385e-001
 2.1089733e-001
 2.1026234e-001
 2.0972237e-001
 2.0930982e-001
 2.0901872e-001
 2.0883423e-001
 2.0874158e-001
 2.0872593e-001
 2.0877253e-001
 2.0886649e-001
 2.0899312e-001
 2.0913754e-001
 2.0928501e-001
 2.0942065e-001
 2.0952973e-001
 2.0960215e-001
 2.0964484e-001
 2.0966846e-001
 2.0968370e-001
 2.0970127e-001
 2.0973182e-001
 2.0978603e-001
 2.0987457e-001
 2.1000817e-001
 2.1019746e-001
 2.1045315e-001
 2.1078092e-001
 2.1116914e-001
 2.1160212e-001
 2.1206447e-001
 2.1254048e-001
 2.1301472e-001
 2.1347152e-001
 2.1389548e-001
 2.1427090e-001
 2.1458235e-001
 2.1481614e-001
 2.1496548e-001
 2.1502507e-001
 2.1498953e-001
 2.1485347e-001
 2.1461162e-001
 2.1425855e-001
 2.1378900e-001
 2.1319750e-001
 2.1247888e-001
 2.1163905e-001
 2.1072347e-001
 2.0978563e-001
 2.0887934e-001
 2.0805803e-001
 2.0737556e-001
 2.0688544e-001
 2.0664133e-001
 2.0669690e-001
 2.0710583e-001
 2.0789185e-001
 2.0897889e-001
 2.1026912e-001
 2.1166542e-001
 2.1306995e-001
 2.1438552e-001
 2.1551439e-001
 2.1635933e-001
 2.1682264e-001
 2.1685149e-001
 2.1654113e-001
 2.1601787e-001
 2.1540773e-001
 2.1483700e-001
 2.1443181e-001
 2.1431835e-001
 2.1462281e-001
 2.1542029e-001
 2.1661809e-001
 2.1808849e-001
 2.1970436e-001
 2.2133787e-001
 2.2286196e-001
 2.2414885e-001
 2.2507128e-001
 2.2554356e-001
 2.2561578e-001
 2.2536583e-001
 2.2487165e-001
 2.2421092e-001
 2.2346172e-001
 2.2270171e-001
 2.2200896e-001
 2.2145668e-001
 2.2110409e-001
 2.2100723e-001
 2.2124809e-001
 2.2188729e-001
 2.2294609e-001
 2.2443335e-001
 2.2627613e-001
 2.2832339e-001
 2.3036914e-001
 2.3218104e-001
 2.3352632e-001
 2.3421663e-001
 2.3418301e-001
 2.3352253e-001
 2.3245054e-001
 2.3122801e-001
 2.3011072e-001
 2.2930370e-001
 2.2891410e-001
 2.2893709e-001
 2.2928390e-001
 2.2982557e-001
 2.3042679e-001
 2.3097089e-001
 2.3137921e-001
 2.3161791e-001
 2.3168835e-001
 2.3161148e-001
 2.3141715e-001
 2.3114097e-001
 2.3082483e-001
 2.3051728e-001
 2.3027155e-001
 2.3014124e-001
 2.3017319e-001
 2.3039761e-001
 2.3081890e-001
 2.3141292e-001
 2.3213199e-001
 2.3291467e-001
 2.3369490e-001
 2.3440929e-001
 2.3406821e-001
 2.3432529e-001
 2.3449573e-001
 2.3458421e-001
 2.3460890e-001
 2.3460031e-001
 2.3459840e-001
 2.3464812e-001
 2.3479316e-001
 2.3506787e-001
 2.3548900e-001
 2.3604931e-001
 2.3671567e-001
 2.3743287e-001
 2.3813482e-001
 2.3875755e-001
 2.3925045e-001
 2.3958491e-001
 2.3975691e-001
 2.3978524e-001
 2.3970461e-001
 2.3955759e-001
 2.3938680e-001
 2.3922895e-001
 2.3911166e-001
 2.3905227e-001
 2.3905784e-001
 2.3912710e-001
 2.3925377e-001
 2.3943000e-001
 2.3964933e-001
 2.3990752e-001
 2.4020179e-001
 2.4052876e-001
 2.4088289e-001
 2.4125569e-001
 2.4163570e-001
 2.4201007e-001
 2.4236628e-001
 2.4269398e-001
 2.4298608e-001
 2.4323873e-001
 2.4345034e-001
 2.4362031e-001
 2.4374737e-001
 2.4382886e-001
 2.4386042e-001
 2.4383681e-001
 2.4375309e-001
 2.4360621e-001
 2.4339631e-001
 2.4312779e-001
 2.4280977e-001
 2.4245594e-001
 2.4208440e-001
 2.4171656e-001
 2.4137641e-001
 2.4108897e-001
 2.4087843e-001
 2.4076615e-001
 2.4076787e-001
 2.4089126e-001
 2.4113353e-001
 2.4147992e-001
 2.4190354e-001
 2.4236678e-001
 2.4282484e-001
 2.4323040e-001
 2.4354017e-001
 2.4372098e-001
 2.4375576e-001
 2.4364743e-001
 2.4341987e-001
 2.4311556e-001
 2.4278982e-001
 2.4250239e-001
 2.4230765e-001
 2.4224584e-001
 2.4233660e-001
 2.4257667e-001
 2.4294204e-001
 2.4339435e-001
 2.4388927e-001
 2.4438600e-001
 2.4485403e-001
 2.4527723e-001
 2.4565373e-001
 2.4599187e-001
 2.4630411e-001
 2.4660051e-001
 2.4688290e-001
 2.4714227e-001
 2.4735872e-001
 2.4750492e-001
 2.4755158e-001
 2.4747401e-001
 2.4725839e-001
 2.4690643e-001
 2.4643742e-001
 2.4588718e-001
 2.4530451e-001
 2.4474479e-001
 2.4426310e-001
 2.4390699e-001
 2.4371068e-001
 2.4369183e-001
 2.4385069e-001
 2.4417205e-001
 2.4462907e-001
 2.4518877e-001
 2.4581693e-001
 2.4648307e-001
 2.4716303e-001
 2.4784026e-001
 2.4850534e-001
 2.4915321e-001
 2.4978048e-001
 2.5038266e-001
 2.5095162e-001
 2.5147560e-001
 2.5193974e-001
 2.5232869e-001
 2.5262979e-001
 2.5283575e-001
 2.5294703e-001
 2.5297195e-001
 2.5292605e-001
 2.5282955e-001
 2.5270459e-001
 2.5257224e-001
 2.5245064e-001
 2.5235400e-001
 2.5229278e-001
 2.5227466e-001
 2.5230598e-001
 2.5239259e-001
 2.5254044e-001
 2.5275519e-001
 2.5304085e-001
 2.5339824e-001
 2.5382346e-001
 2.5430661e-001
 2.5483224e-001
 2.5538021e-001
 2.5592858e-001
 2.5645745e-001
 2.5695211e-001
 2.5740665e-001
 2.5782511e-001
 2.5822103e-001
 2.5861490e-001
 2.5902942e-001
 2.5948495e-001
 2.5999436e-001
 2.6056024e-001
 2.6117426e-001
 2.6181796e-001
 2.6246676e-001
 2.6309335e-001
 2.6367217e-001
 2.6418275e-001
 2.6461130e-001
 2.6495227e-001
 2.6520801e-001
 2.6538891e-001
 2.6551306e-001
 2.6560578e-001
 2.6569825e-001
 2.6582554e-001
 2.6602271e-001
 2.6632014e-001
 2.6673818e-001
 2.6728272e-001
 2.6794297e-001
 2.6869163e-001
 2.6948953e-001
 2.7029172e-001
 2.7105561e-001
 2.7174860e-001
 2.7235231e-001
 2.7286473e-001
 2.7329755e-001
 2.7367130e-001
 2.7400941e-001
 2.7433205e-001
 2.7465284e-001
 2.7497718e-001
 2.7530396e-001
 2.7562848e-001
 2.7594590e-001
 2.7625418e-001
 2.7655602e-001
 2.7685854e-001
 2.7717257e-001
 2.7751043e-001
 2.7788430e-001
 2.7830431e-001
 2.7877730e-001
 2.7930623e-001
 2.7988937e-001
 2.8052005e-001
 2.8118679e-001
 2.8187323e-001
 2.8255963e-001
 2.8322428e-001
 2.8384644e-001
 2.8440952e-001
 2.8490368e-001
 2.8532839e-001
 2.8569266e-001
 2.8601432e-001
 2.8631753e-001
 2.8662911e-001
 2.8697497e-001
 2.8737709e-001
 2.8785121e-001
 2.8840640e-001
 2.8904495e-001
 2.8976312e-001
 2.9055232e-001
 2.9139870e-001
 2.9228419e-001
 2.9318559e-001
 2.9407564e-001
 2.9492486e-001
 2.9570350e-001
 2.9638624e-001
 2.9695591e-001
 2.9740742e-001
 2.9775062e-001
 2.9800999e-001
 2.9822266e-001
 2.9843348e-001
 2.9868835e-001
 2.9902700e-001
 2.9947606e-001
 3.0004457e-001
 3.0072185e-001
 3.0147961e-001
 3.0227762e-001
 3.0307117e-001
 3.0382064e-001
 3.0450001e-001
 3.0510187e-001
 3.0563951e-001
 3.0614322e-001
 3.0665338e-001
 3.0721089e-001
 3.0784705e-001
 3.0857632e-001
 3.0939165e-001
 3.1026533e-001
 3.1115422e-001
 3.1200695e-001
 3.1277424e-001
 3.1341693e-001
 3.1391326e-001
 3.1426260e-001
 3.1448510e-001
 3.1461909e-001
 3.1471500e-001
 3.1482837e-001
 3.1501260e-001
 3.1531230e-001
 3.1575844e-001
 3.1636605e-001
 3.1713355e-001
 3.1804535e-001
 3.1907463e-001
 3.2018805e-001
 3.2135063e-001
 3.2252905e-001
 3.2369557e-001
 3.2482916e-001
 3.2591629e-001
 3.2695082e-001
 3.2793158e-001
 3.2886133e-001
 3.2974392e-001
 3.3058298e-001
 3.3138078e-001
 3.3213747e-001
 3.3285207e-001
 3.3352301e-001
 3.3414993e-001
 3.3473521e-001
 3.3528471e-001
 3.3580846e-001
 3.3631942e-001
 3.3683199e-001
 3.3735958e-001
 3.3791170e-001
 3.3849204e-001
 3.3909753e-001
 3.3971882e-001
 3.4034276e-001
 3.4095532e-001
 3.4154552e-001
 3.4210855e-001
 3.4264693e-001
 3.4317058e-001
 3.4369448e-001
 3.4423545e-001
 3.4480894e-001
 3.4542590e-001
 3.4609178e-001
 3.4680608e-001
 3.4756392e-001
 3.4835801e-001
 3.4917957e-001
 3.5001996e-001
 3.5087013e-001
 3.5172001e-001
 3.5255849e-001
 3.5337248e-001
 3.5414806e-001
 3.5487255e-001
 3.5553598e-001
 3.5613406e-001
 3.5666901e-001
 3.5715020e-001
 3.5759306e-001
 3.5801667e-001
 3.5844165e-001
 3.5888726e-001
 3.5936970e-001
 3.5990128e-001
 3.6048979e-001
 3.6113891e-001
 3.6184812e-001
 3.6261255e-001
 3.6342317e-001
 3.6426562e-001
 3.6512113e-001
 3.6596656e-001
 3.6677676e-001
 3.6752781e-001
 3.6820018e-001
 3.6878267e-001
 3.6927581e-001
 3.6969268e-001
 3.7005898e-001
 3.7040970e-001
 3.7078443e-001
 3.7122113e-001
 3.7174913e-001
 3.7238380e-001
 3.7312254e-001
 3.7394464e-001
 3.7481460e-001
 3.7568760e-001
 3.7651852e-001
 3.7726942e-001
 3.7791654e-001
 3.7845382e-001
 3.7889189e-001
 3.7925446e-001
 3.7957129e-001
 3.7987134e-001
 3.8017684e-001
 3.8050014e-001
 3.8084412e-001
 3.8120496e-001
 3.8157713e-001
 3.8195854e-001
 3.8235405e-001
 3.8277715e-001
 3.8324904e-001
 3.8379475e-001
 3.8443905e-001
 3.8520035e-001
 3.8608643e-001
 3.8709146e-001
 3.8819394e-001
 3.8935864e-001
 3.9053872e-001
 3.9168057e-001
 3.9273009e-001
 3.9363763e-001
 3.9436457e-001
 3.9488700e-001
 3.9519855e-001
 3.9531109e-001
 3.9525226e-001
 3.9506161e-001
 3.9478505e-001
 3.9446816e-001
 3.9415011e-001
 3.9385912e-001
 3.9360964e-001
 3.9340255e-001
 3.9322779e-001
 3.9306873e-001
 3.9290792e-001
 3.9273238e-001
 3.9253795e-001
 3.9233169e-001
 3.9213184e-001
 3.9196575e-001
 3.9186603e-001
 3.9186558e-001
 3.9199275e-001
 3.9226735e-001
 3.9269808e-001
 3.9328220e-001
 3.9400715e-001
 3.9485317e-001
 3.9579779e-001
 3.9681870e-001
 3.9789680e-001
 3.9901784e-001
 4.0017113e-001
 4.0134907e-001
 4.0254405e-001
 4.0374652e-001
 4.0494418e-001
 4.0612048e-001
 4.0725574e-001
 4.0832910e-001
 4.0931961e-001
 4.1020957e-001
 4.1098583e-001
 4.1164249e-001
 4.1218275e-001
 4.1261974e-001
 4.1297778e-001
 4.1329148e-001
 4.1360387e-001
 4.1396260e-001
 4.1441417e-001
 4.1499746e-001
 4.1573673e-001
 4.1663629e-001
 4.1767821e-001
 4.1882300e-001
 4.2001557e-001
 4.2119274e-001
 4.2229363e-001
 4.2326945e-001
 4.2408985e-001
 4.2474687e-001
 4.2525426e-001
 4.2564312e-001
 4.2595604e-001
 4.2624006e-001
 4.2654085e-001
 4.2689833e-001
 4.2734340e-001
 4.2789677e-001
 4.2856741e-001
 4.2935193e-001
 4.3023440e-001
 4.3118614e-001
 4.3216845e-001
 4.3313584e-001
 4.3404210e-001
 4.3484780e-001
 4.3552649e-001
 4.3607014e-001
 4.3649057e-001
 4.3681732e-001
 4.3709219e-001
 4.3736067e-001
 4.3766382e-001
 4.3803158e-001
 4.3847856e-001
 4.3900454e-001
 4.3959707e-001
 4.4023693e-001
 4.4090384e-001
 4.4158056e-001
 4.4225597e-001
 4.4292474e-001
 4.4358578e-001
 4.4423983e-001
 4.4488576e-001
 4.4551936e-001
 4.4613191e-001
 4.4671139e-001
 4.4724491e-001
 4.4772136e-001
 4.4813550e-001
 4.4849020e-001
 4.4879878e-001
 4.4908518e-001
 4.4938231e-001
 4.4972891e-001
 4.5016474e-001
 4.5072475e-001
 4.5143357e-001
 4.5229998e-001
 4.5331356e-001
 4.5444381e-001
 4.5564106e-001
 4.5684204e-001
 4.5797589e-001
 4.5897323e-001
 4.5977566e-001
 4.6034276e-001
 4.6065882e-001
 4.6073446e-001
 4.6060586e-001
 4.6032989e-001
 4.5997688e-001
 4.5962146e-001
 4.5933405e-001
 4.5917299e-001
 4.5917928e-001
 4.5937458e-001
 4.5976207e-001
 4.6033028e-001
 4.6105829e-001
 4.6192169e-001
 4.6289620e-001
 4.6396029e-001
 4.6509534e-001
 4.6628281e-001
 4.6750236e-001
 4.6872857e-001
 4.6993145e-001
 4.7107929e-001
 4.7214180e-001
 4.7309500e-001
 4.7392336e-001
 4.7462046e-001
 4.7519025e-001
 4.7564602e-001
 4.7600761e-001
 4.7629660e-001
 4.7653145e-001
 4.7672400e-001
 4.7687936e-001
 4.7699991e-001
 4.7709188e-001
 4.7717172e-001
 4.7726846e-001
 4.7742006e-001
 4.7766572e-001
 4.7803593e-001
 4.7854421e-001
 4.7918320e-001
 4.7992405e-001
 4.8072025e-001
 4.8151609e-001
 4.8225716e-001
 4.8290229e-001
 4.8343176e-001
 4.8385194e-001
 4.8419398e-001
 4.8450658e-001
 4.8484591e-001
 4.8526344e-001
 4.8579532e-001
 4.8645627e-001
 4.8723865e-001
 4.8811719e-001
 4.8905501e-001
 4.9001127e-001
 4.9094784e-001
 4.9183291e-001
 4.9264529e-001
 4.9337533e-001
 4.9402505e-001
 4.9460563e-001
 4.9513325e-001
 4.9562514e-001
 4.9609610e-001
 4.9655628e-001
 4.9701160e-001
 4.9746460e-001
 4.9791700e-001
 4.9837178e-001
 4.9883398e-001
 4.9931109e-001
 4.9981156e-001
 5.0034344e-001
 5.0091285e-001
 5.0152230e-001
 5.0217056e-001
 5.0285202e-001
 5.0355732e-001
 5.0427443e-001
 5.0498980e-001
 5.0569028e-001
 5.0636417e-001
 5.0700217e-001
 5.0759840e-001
 5.0814986e-001
 5.0865591e-001
 5.0911790e-001
 5.0953805e-001
 5.0991911e-001
 5.1026374e-001
 5.1057506e-001
 5.1085687e-001
 5.1111466e-001
 5.1135635e-001
 5.1159322e-001
 5.1183987e-001
 5.1211393e-001
 5.1243454e-001
 5.1282054e-001
 5.1328743e-001
 5.1384437e-001
 5.1449221e-001
 5.1522094e-001
 5.1601058e-001
 5.1683170e-001
 5.1764899e-001
 5.1842612e-001
 5.1913005e-001
 5.1973671e-001
 5.2023405e-001
 5.2062440e-001
 5.2092409e-001
 5.2116078e-001
 5.2136928e-001
 5.2158624e-001
 5.2184451e-001
 5.2216882e-001
 5.2257299e-001
 5.2305877e-001
 5.2361745e-001
 5.2423245e-001
 5.2488381e-001
 5.2555156e-001
 5.2621996e-001
 5.2687997e-001
 5.2752924e-001
 5.2817261e-001
 5.2881914e-001
 5.2947974e-001
 5.3016448e-001
 5.3087962e-001
 5.3162652e-001
 5.3240108e-001
 5.3319460e-001
 5.3399581e-001
 5.3479290e-001
 5.3557605e-001
 5.3633964e-001
 5.3708255e-001
 5.3780848e-001
 5.3852409e-001
 5.3923678e-001
 5.3995246e-001
 5.4067206e-001
 5.4139090e-001
 5.4209709e-001
 5.4277325e-001
 5.4339898e-001
 5.4395401e-001
 5.4442370e-001
 5.4480219e-001
 5.4509598e-001
 5.4532492e-001
 5.4551965e-001
 5.4571766e-001
 5.4595757e-001
 5.4627329e-001
 5.4668891e-001
 5.4721481e-001
 5.4784662e-001
 5.4856366e-001
 5.4933095e-001
 5.5010289e-001
 5.5082881e-001
 5.5146044e-001
 5.5195946e-001
 5.5230337e-001
 5.5249000e-001
 5.5253762e-001
 5.5248290e-001
 5.5237532e-001
 5.5227035e-001
 5.5222237e-001
 5.5227786e-001
 5.5247051e-001
 5.5281997e-001
 5.5333161e-001
 5.5399871e-001
 5.5480385e-001
 5.5572110e-001
 5.5671817e-001
 5.5775726e-001
 5.5879766e-001
 5.5979627e-001
 5.6071055e-001
 5.6150180e-001
 5.6213790e-001
 5.6259698e-001
 5.6287038e-001
 5.6296438e-001
 5.6290048e-001
 5.6271386e-001
 5.6245005e-001
 5.6216061e-001
 5.6189770e-001
 5.6170928e-001
 5.6163454e-001
 5.6170076e-001
 5.6192195e-001
 5.6229883e-001
 5.6282049e-001
 5.6346679e-001
 5.6421149e-001
 5.6502581e-001
 5.6588030e-001
 5.6674790e-001
 5.6760454e-001
 5.6843007e-001
 5.6920862e-001
 5.6992793e-001
 5.7057917e-001
 5.7115674e-001
 5.7165754e-001
 5.7208097e-001
 5.7242870e-001
 5.7270479e-001
 5.7291538e-001
 5.7306904e-001
 5.7317698e-001
 5.7325280e-001
 5.7331306e-001
 5.7337683e-001
 5.7346535e-001
 5.7360131e-001
 5.7380730e-001
 5.7410449e-001
 5.7451063e-001
 5.7503796e-001
 5.7569188e-001
 5.7646972e-001
 5.7736027e-001
 5.7834506e-001
 5.7939863e-001
 5.8049190e-001
 5.8159316e-001
 5.8267105e-001
 5.8369708e-001
 5.8464617e-001
 5.8549845e-001
 5.8623976e-001
 5.8686149e-001
 5.8736104e-001
 5.8774120e-001
 5.8801025e-001
 5.8818191e-001
 5.8827478e-001
 5.8831179e-001
 5.8831906e-001
 5.8832431e-001
 5.8835506e-001
 5.8843625e-001
 5.8858794e-001
 5.8882368e-001
 5.8914930e-001
 5.8956230e-001
 5.9005278e-001
 5.9060496e-001
 5.9119910e-001
 5.9181428e-001
 5.9243137e-001
 5.9303457e-001
 5.9361327e-001
 5.9416318e-001
 5.9468526e-001
 5.9518534e-001
 5.9567237e-001
 5.9615630e-001
 5.9664649e-001
 5.9714985e-001
 5.9766996e-001
 5.9820598e-001
 5.9875304e-001
 5.9930247e-001
 5.9984249e-001
 6.0035980e-001
 6.0084015e-001
 6.0126972e-001
 6.0163641e-001
 6.0193044e-001
 6.0214466e-001
 6.0227466e-001
 6.0231894e-001
 6.0227907e-001
 6.0215962e-001
 6.0196823e-001
 6.0171521e-001
 6.0141361e-001
 6.0107970e-001
 6.0073268e-001
 6.0039407e-001
 6.0008621e-001
 5.9983152e-001
 5.9965032e-001
 5.9955925e-001
 5.9956944e-001
 5.9968585e-001
 5.9990734e-001
 6.0012436e-001
 6.0054934e-001
 6.0105020e-001
 6.0161215e-001
 6.0222042e-001
 6.0286099e-001
 6.0352051e-001
 6.0418653e-001
 6.0484779e-001
 6.0549319e-001
 6.0611230e-001
 6.0669494e-001
 6.0723156e-001
 6.0771400e-001
 6.0813558e-001
 6.0849172e-001
 6.0877997e-001
 6.0899985e-001
 6.0915232e-001
 6.0923928e-001
 6.0926330e-001
 6.0922736e-001
 6.0913527e-001
 6.0899234e-001
 6.0880637e-001
 6.0858870e-001
 6.0835439e-001
 6.0812211e-001
 6.0791290e-001
 6.0774916e-001
 6.0765392e-001
 6.0764945e-001
 6.0775620e-001
 6.0799032e-001
 6.0836095e-001
 6.0886776e-001
 6.0950029e-001
 6.1023831e-001
 6.1105478e-001
 6.1191875e-001
 6.1279708e-001
 6.1365694e-001
 6.1446691e-001
 6.1519939e-001
 6.1583358e-001
 6.1635715e-001
 6.1676806e-001
 6.1707282e-001
 6.1728454e-001
 6.1742038e-001
 6.1749917e-001
 6.1754042e-001
 6.1756277e-001
 6.1758351e-001
 6.1761719e-001
 6.1767459e-001
 6.1776245e-001
 6.1788392e-001
 6.1803925e-001
 6.1822718e-001
 6.1844546e-001
 6.1869127e-001
 6.1896110e-001
 6.1924988e-001
 6.1955047e-001
 6.1985254e-001
 6.2014240e-001
 6.2040341e-001
 6.2061650e-001
 6.2076151e-001
 6.2081778e-001
 6.2076551e-001
 6.2058705e-001
 6.2026978e-001
 6.1980909e-001
 6.1921161e-001
 6.1849606e-001
 6.1769223e-001
 6.1683816e-001
 6.1597645e-001
 6.1515200e-001
 6.1440963e-001
 6.1379123e-001
 6.1333358e-001
 6.1306369e-001
 6.1299598e-001
 6.1313063e-001
 6.1345488e-001
 6.1394680e-001
 6.1457837e-001
 6.1531949e-001
 6.1613899e-001
 6.1700678e-001
 6.1789507e-001
 6.1877996e-001
 6.1964345e-001
 6.2047338e-001
 6.2126333e-001
 6.2201083e-001
 6.2271583e-001
 6.2337983e-001
 6.2400424e-001
 6.2459117e-001
 6.2514234e-001
 6.2565935e-001
 6.2614381e-001
 6.2659699e-001
 6.2702012e-001
 6.2741417e-001
 6.2778008e-001
 6.2811881e-001
 6.2843120e-001
 6.2871790e-001
 6.2897956e-001
 6.2921619e-001
 6.2942755e-001
 6.2961274e-001
 6.2977034e-001
 6.2989867e-001
 6.2999582e-001
 6.3005972e-001
 6.3008845e-001
 6.3008034e-001
 6.3003415e-001
 6.2994945e-001
 6.2982708e-001
 6.2966907e-001
 6.2947857e-001
 6.2925965e-001
 6.2901682e-001
 6.2875479e-001
 6.2847853e-001
 6.2819284e-001
 6.2790245e-001
 6.2761199e-001
 6.2732589e-001
 6.2704831e-001
 6.2678337e-001
 6.2653476e-001
 6.2630630e-001
 6.2610167e-001
 6.2592435e-001
 6.2577772e-001
 6.2566435e-001
 6.2558609e-001
 6.2554353e-001
 6.2553573e-001
 6.2556076e-001
 6.2561548e-001
 6.2569648e-001
 6.2579995e-001
 6.2592238e-001
 6.2606090e-001
 6.2621391e-001
 6.2638205e-001
 6.2656909e-001
 6.2678212e-001
 6.2703127e-001
 6.2732899e-001
 6.2768888e-001
 6.2812501e-001
 6.2865072e-001
 6.2927717e-001
 6.3001055e-001
 6.3084948e-001
 6.3178152e-001
 6.3278276e-001
 6.3381803e-001
 6.3484460e-001
 6.3581520e-001
 6.3668042e-001
 6.3739204e-001
 6.3790536e-001
 6.3818401e-001
 6.3820606e-001
 6.3796836e-001
 6.3748890e-001
 6.3680500e-001
 6.3596791e-001
 6.3503700e-001
 6.3407576e-001
 6.3314736e-001
 6.3231212e-001
 6.3162273e-001
 6.3111907e-001
 6.3082385e-001
 6.3074058e-001
 6.3085568e-001
 6.3114262e-001
 6.3156742e-001
 6.3209248e-001
 6.3267946e-001
 6.3329148e-001
 6.3389498e-001
 6.3446289e-001
 6.3497633e-001
 6.3542563e-001
 6.3580984e-001
 6.3613391e-001
 6.3640672e-001
 6.3663882e-001
 6.3684165e-001
 6.3702673e-001
 6.3720572e-001
 6.3739049e-001
 6.3759261e-001
 6.3782400e-001
 6.3809633e-001
 6.3842165e-001
 6.3881147e-001
 6.3927746e-001
 6.3983071e-001
 6.4048010e-001
 6.4123166e-001
 6.4208573e-001
 6.4303452e-001
 6.4406228e-001
 6.4514554e-001
 6.4625531e-001
 6.4735866e-001
 6.4842206e-001
 6.4941245e-001
 6.5029871e-001
 6.5105617e-001
 6.5166950e-001
 6.5213609e-001
 6.5246803e-001
 6.5269035e-001
 6.5283757e-001
 6.5294993e-001
 6.5307009e-001
 6.5324056e-001
 6.5350085e-001
 6.5388429e-001
 6.5441340e-001
 6.5509558e-001
 6.5592247e-001
 6.5687090e-001
 6.5790641e-001
 6.5898860e-001
 6.6007423e-001
 6.6111994e-001
 6.6208410e-001
 6.6293168e-001
 6.6363704e-001
 6.6418707e-001
 6.6458368e-001
 6.6484177e-001
 6.6498566e-001
 6.6504544e-001
 6.6505402e-001
 6.6504449e-001
 6.6504878e-001
 6.6509521e-001
 6.6520637e-001
 6.6539669e-001
 6.6567194e-001
 6.6602975e-001
 6.6646177e-001
 6.6695631e-001
 6.6750002e-001
 6.6807896e-001
 6.6867971e-001
 6.6929042e-001
 6.6990143e-001
 6.7050612e-001
 6.7110163e-001
 6.7168838e-001
 6.7226875e-001
 6.7284697e-001
 6.7342776e-001
 6.7401552e-001
 6.7461461e-001
 6.7522800e-001
 6.7585677e-001
 6.7649883e-001
 6.7714942e-001
 6.7780101e-001
 6.7844361e-001
 6.7906660e-001
 6.7965853e-001
 6.8020779e-001
 6.8070352e-001
 6.8113613e-001
 6.8149745e-001
 6.8178242e-001
 6.8198878e-001
 6.8211681e-001
 6.8216884e-001
 6.8214828e-001
 6.8205935e-001
 6.8190646e-001
 6.8169475e-001
 6.8143010e-001
 6.8112022e-001
 6.8077451e-001
 6.8040496e-001
 6.8002540e-001
 6.7965150e-001
 6.7929953e-001
 6.7898613e-001
 6.7872792e-001
 6.7854053e-001
 6.7843783e-001
 6.7843050e-001
 6.7852527e-001
 6.7872411e-001
 6.7902476e-001
 6.7942214e-001
 6.7990911e-001
 6.8047768e-001
 6.8111897e-001
 6.8182367e-001
 6.8258137e-001
 6.8337888e-001
 6.8420100e-001
 6.8502927e-001
 6.8584198e-001
 6.8661600e-001
 6.8732679e-001
 6.8794972e-001
 6.8846035e-001
 6.8883687e-001
 6.8906206e-001
 6.8912637e-001
 6.8903089e-001
 6.8878818e-001
 6.8842161e-001
 6.8796211e-001
 6.8744504e-001
 6.8690836e-001
 6.8638957e-001
 6.8592441e-001
 6.8554437e-001
 6.8527400e-001
 6.8512774e-001
 6.8510926e-001
 6.8521243e-001
 6.8542391e-001
 6.8572617e-001
 6.8609917e-001
 6.8652236e-001
 6.8697512e-001
 6.8743694e-001
 6.8788773e-001
 6.8830824e-001
 6.8868005e-001
 6.8898511e-001
 6.8920618e-001
 6.8932647e-001
 6.8932927e-001
 6.8919909e-001
 6.8892229e-001
 6.8848968e-001
 6.8789881e-001
 6.8715668e-001
 6.8628061e-001
 6.8529797e-001
 6.8424237e-001
 6.8315160e-001
 6.8206590e-001
 6.8102461e-001
 6.8006521e-001
 6.7922115e-001
 6.7851746e-001
 6.7796898e-001
 6.7757875e-001
 6.7733961e-001
 6.7723632e-001
 6.7724919e-001
 6.7735624e-001
 6.7753488e-001
 6.7776304e-001
 6.7801988e-001
 6.7828727e-001
 6.7855030e-001
 6.7879766e-001
 6.7902172e-001
 6.7921698e-001
 6.7937976e-001
 6.7950690e-001
 6.7959565e-001
 6.7964363e-001
 6.7964858e-001
 6.7960888e-001
 6.7952347e-001
 6.7939216e-001
 6.7921531e-001
 6.7899382e-001
 6.7872882e-001
 6.7842180e-001
 6.7807448e-001
 6.7768896e-001
 6.7726898e-001
 6.7681980e-001
 6.7634928e-001
 6.7586851e-001
 6.7539072e-001
 6.7493141e-001
 6.7450684e-001
 6.7413390e-001
 6.7382848e-001
 6.7360401e-001
 6.7346942e-001
 6.7342526e-001
 6.7346114e-001
 6.7355424e-001
 6.7367107e-001
 6.7376977e-001
 6.7380369e-001
 6.7372453e-001
 6.7348415e-001
 6.7303783e-001
 6.7234850e-001
 6.7139119e-001
 6.7015731e-001
 6.6865784e-001
 6.6691977e-001
 6.6498196e-001
 6.6289216e-001
 6.6069984e-001
 6.5845484e-001
 6.5620273e-001
 6.5398288e-001
 6.5181935e-001
 6.4971787e-001
 6.4766526e-001
 6.4562857e-001
 6.4356118e-001
 6.4140993e-001
 6.3911724e-001
 6.3662595e-001
 6.3388664e-001
 6.3086039e-001
 6.2752974e-001
 6.2390471e-001
 6.2002921e-001
 6.1597300e-001
 6.1182642e-001
 6.0769522e-001
 6.0368752e-001
 5.9991163e-001
 5.9647316e-001
 5.9346282e-001
 5.9095156e-001
 5.8898181e-001
 5.8756649e-001
 5.8668882e-001
 5.8631194e-001
 5.8638662e-001
 5.8685744e-001
 5.8766729e-001
 5.8875817e-001
 5.9007430e-001
 5.9156275e-001
 5.9317291e-001
 5.9485960e-001
 5.9658080e-001
 5.9829760e-001
 5.9997165e-001
 6.0156673e-001
 6.0304767e-001
 6.0438019e-001
 6.0553467e-001
 6.0648727e-001
 6.0722190e-001
 6.0773212e-001
 6.0801929e-001
 6.0809100e-001
 6.0795838e-001
 6.0763437e-001
 6.0713273e-001
 6.0646802e-001
 6.0565495e-001
 6.0470927e-001
 6.0364860e-001
 6.0249120e-001
 6.0125673e-001
 5.9996647e-001
 5.9864146e-001
 5.9730309e-001
 5.9597200e-001
 5.9466863e-001
 5.9340990e-001
 5.9220850e-001
 5.9107214e-001
 5.9000134e-001
 5.8899075e-001
 5.8803171e-001
 5.8711201e-001
 5.8621871e-001
 5.8533865e-001
 5.8445972e-001
 5.8357120e-001
 5.8266532e-001
 5.8173919e-001
 5.8079386e-001
 5.7983428e-001
 5.7886952e-001
 5.7790941e-001
 5.7696480e-001
 5.7604706e-001
 5.7516599e-001
 5.7432961e-001
 5.7354218e-001
 5.7280391e-001
 5.7210928e-001
 5.7144797e-001
 5.7080680e-001
 5.7017004e-001
 5.6952101e-001
 5.6884378e-001
 5.6812298e-001
 5.6734616e-001
 5.6650496e-001
 5.6559777e-001
 5.6462896e-001
 5.6360888e-001
 5.6255311e-001
 5.6147903e-001
 5.6040525e-001
 5.5935115e-001
 5.5833441e-001
 5.5737084e-001
 5.5647212e-001
 5.5564541e-001
 5.5489171e-001
 5.5420673e-001
 5.5358303e-001
 5.5301040e-001
 5.5247766e-001
 5.5197406e-001
 5.5148977e-001
 5.5101734e-001
 5.5055428e-001
 5.5010331e-001
 5.4967421e-001
 5.4928231e-001
 5.4894763e-001
 5.4869241e-001
 5.4854012e-001
 5.4851401e-001
 5.4863578e-001
 5.4892385e-001
 5.4939097e-001
 5.5004227e-001
 5.5087471e-001
 5.5187774e-001
 5.5303442e-001
 5.5432510e-001
 5.5572861e-001
 5.5722243e-001
 5.5878580e-001
 5.6040007e-001
 5.6204897e-001
 5.6372213e-001
 5.6541461e-001
 5.6712484e-001
 5.6885594e-001
 5.7061261e-001
 5.7240057e-001
 5.7422441e-001
 5.7608891e-001
 5.7799715e-001
 5.7994771e-001
 5.8193660e-001
 5.8395535e-001
 5.8598989e-001
 5.8802432e-001
 5.9004045e-001
 5.9201944e-001
 5.9394127e-001
 5.9578741e-001
 5.9753990e-001
 5.9918028e-001
 6.0064197e-001
 6.0167217e-001
 6.0289401e-001
 6.0400069e-001
 6.0500741e-001
 6.0592896e-001
 6.0678035e-001
 6.0757601e-001
 6.0833102e-001
 6.0906017e-001
 6.0977834e-001
 6.1049944e-001
 6.1122692e-001
 6.1195922e-001
 6.1269462e-001
 6.1343163e-001
 6.1416817e-001
 6.1490268e-001
 6.1563319e-001
 6.1635846e-001
 6.1707634e-001
 6.1778510e-001
 6.1848319e-001
 6.1916900e-001
 6.1984044e-001
 6.2049592e-001
 6.2113321e-001
 6.2174994e-001
 6.2234384e-001
 6.2291235e-001
 6.2345314e-001
 6.2396371e-001
 6.2444192e-001
 6.2488508e-001
 6.2529093e-001
 6.2565714e-001
 6.2598121e-001
 6.2626082e-001
 6.2649345e-001
 6.2667686e-001
 6.2680852e-001
 6.2688607e-001
 6.2690723e-001
 6.2687004e-001
 6.2677640e-001
 6.2663054e-001
 6.2643677e-001
 6.2619925e-001
 6.2592214e-001
 6.2560964e-001
 6.2526602e-001
 6.2489539e-001
 6.2450200e-001
 6.2409002e-001
 6.2366354e-001
 6.2322700e-001
 6.2278444e-001
 6.2234008e-001
 6.2189806e-001
 6.2146264e-001
 6.2103814e-001
 6.2062860e-001
 6.2023818e-001
 6.1987120e-001
 6.1953175e-001
 6.1922365e-001
 6.1894625e-001
 6.1869675e-001
 6.1847234e-001
 6.1827028e-001
 6.1808777e-001
 6.1792183e-001
 6.1776990e-001
 6.1762911e-001
 6.1749649e-001
 6.1736947e-001
 6.1724514e-001
 6.1712080e-001
 6.1699343e-001
 6.1686039e-001
 6.1671889e-001
 6.1656612e-001
 6.1639929e-001
 6.1621553e-001
 6.1601198e-001
 6.1578596e-001
 6.1553472e-001
 6.1525542e-001
 6.1494505e-001
 6.1460114e-001
 6.1422068e-001
 6.1380130e-001
 6.1334383e-001
 6.1285102e-001
 6.1232525e-001
 6.1176914e-001
 6.1118513e-001
 6.1057568e-001
 6.0994357e-001
 6.0929120e-001
 6.0862106e-001
 6.0793573e-001
 6.0723794e-001
 6.0652989e-001
 6.0581440e-001
 6.0509372e-001
 6.0437071e-001
 6.0364783e-001
 6.0292751e-001
 6.0221201e-001
 6.0150450e-001
 6.0080725e-001
 6.0012269e-001
 5.9945333e-001
 5.9880173e-001
 5.9817064e-001
 5.9756237e-001
 5.9697962e-001
 5.9642476e-001
 5.9590048e-001
 5.9540921e-001
 5.9495330e-001
 5.9453213e-001
 5.9414428e-001
 5.9378809e-001
