s07_ASD Record=3573: Dickite NMNH106242           ASDNGb AREF
-1.2300000e+034
 4.0966699e-001
 4.1338131e-001
 4.1698515e-001
 4.2005527e-001
 4.2314869e-001
 4.2633170e-001
 4.2977473e-001
 4.3353492e-001
 4.3733576e-001
 4.4120166e-001
 4.4518355e-001
 4.4931749e-001
 4.5335150e-001
 4.5720586e-001
 4.6099019e-001
 4.6501377e-001
 4.6884286e-001
 4.7260836e-001
 4.7647855e-001
 4.8027056e-001
 4.8408049e-001
 4.8785019e-001
 4.9146977e-001
 4.9515936e-001
 4.9884355e-001
 5.0252604e-001
 5.0636911e-001
 5.1008844e-001
 5.1373917e-001
 5.1744151e-001
 5.2122420e-001
 5.2493596e-001
 5.2864230e-001
 5.3250307e-001
 5.3631592e-001
 5.4009634e-001
 5.4387474e-001
 5.4766548e-001
 5.5148649e-001
 5.5527651e-001
 5.5898070e-001
 5.6262702e-001
 5.6620109e-001
 5.6976157e-001
 5.7339388e-001
 5.7697457e-001
 5.8056194e-001
 5.8410072e-001
 5.8732760e-001
 5.9048969e-001
 5.9368753e-001
 5.9690958e-001
 5.9990925e-001
 6.0283375e-001
 6.0577977e-001
 6.0877299e-001
 6.1151975e-001
 6.1414325e-001
 6.1675912e-001
 6.1937004e-001
 6.2184888e-001
 6.2421572e-001
 6.2652886e-001
 6.2878978e-001
 6.3100451e-001
 6.3315183e-001
 6.3518822e-001
 6.3711339e-001
 6.3896239e-001
 6.4074820e-001
 6.4240718e-001
 6.4400482e-001
 6.4555222e-001
 6.4702225e-001
 6.4829129e-001
 6.4949155e-001
 6.5065700e-001
 6.5171170e-001
 6.5268427e-001
 6.5360117e-001
 6.5450191e-001
 6.5545487e-001
 6.5647262e-001
 6.5756434e-001
 6.5874386e-001
 6.6009235e-001
 6.6153491e-001
 6.6306448e-001
 6.6477776e-001
 6.6653591e-001
 6.6831964e-001
 6.7013782e-001
 6.7200208e-001
 6.7387366e-001
 6.7571300e-001
 6.7749846e-001
 6.7933023e-001
 6.8112409e-001
 6.8283594e-001
 6.8453598e-001
 6.8626159e-001
 6.8795151e-001
 6.8953812e-001
 6.9111085e-001
 6.9265091e-001
 6.9415909e-001
 6.9565600e-001
 6.9709420e-001
 6.9848949e-001
 6.9986337e-001
 7.0122361e-001
 7.0255613e-001
 7.0387334e-001
 7.0519894e-001
 7.0650423e-001
 7.0777702e-001
 7.0902270e-001
 7.1026593e-001
 7.1149188e-001
 7.1271890e-001
 7.1395868e-001
 7.1518886e-001
 7.1639276e-001
 7.1758044e-001
 7.1877956e-001
 7.2000265e-001
 7.2121614e-001
 7.2240043e-001
 7.2357202e-001
 7.2475922e-001
 7.2593784e-001
 7.2708166e-001
 7.2825336e-001
 7.2943628e-001
 7.3060828e-001
 7.3174524e-001
 7.3290163e-001
 7.3404133e-001
 7.3515314e-001
 7.3632401e-001
 7.3747349e-001
 7.3858547e-001
 7.3967904e-001
 7.4079990e-001
 7.4190873e-001
 7.4299401e-001
 7.4409539e-001
 7.4518698e-001
 7.4626726e-001
 7.4733853e-001
 7.4839491e-001
 7.4946958e-001
 7.5055206e-001
 7.5159717e-001
 7.5262839e-001
 7.5365341e-001
 7.5467628e-001
 7.5569457e-001
 7.5671852e-001
 7.5773251e-001
 7.5872117e-001
 7.5971001e-001
 7.6068115e-001
 7.6163810e-001
 7.6260203e-001
 7.6354229e-001
 7.6448005e-001
 7.6542777e-001
 7.6634461e-001
 7.6725310e-001
 7.6815206e-001
 7.6903105e-001
 7.6991564e-001
 7.7078944e-001
 7.7164799e-001
 7.7251470e-001
 7.7339387e-001
 7.7425414e-001
 7.7506936e-001
 7.7589160e-001
 7.7669567e-001
 7.7747667e-001
 7.7825177e-001
 7.7903396e-001
 7.7981949e-001
 7.8059959e-001
 7.8136736e-001
 7.8211331e-001
 7.8284979e-001
 7.8359437e-001
 7.8434741e-001
 7.8508472e-001
 7.8580368e-001
 7.8653324e-001
 7.8725004e-001
 7.8795111e-001
 7.8864181e-001
 7.8932887e-001
 7.9000121e-001
 7.9066408e-001
 7.9133421e-001
 7.9199576e-001
 7.9265773e-001
 7.9332256e-001
 7.9397911e-001
 7.9462147e-001
 7.9524738e-001
 7.9585606e-001
 7.9643553e-001
 7.9701543e-001
 7.9761183e-001
 7.9822272e-001
 7.9881972e-001
 7.9940027e-001
 7.9996008e-001
 8.0047435e-001
 8.0095023e-001
 8.0139166e-001
 8.0180115e-001
 8.0220956e-001
 8.0263323e-001
 8.0307871e-001
 8.0354029e-001
 8.0402678e-001
 8.0453295e-001
 8.0505180e-001
 8.0558664e-001
 8.0611300e-001
 8.0662686e-001
 8.0714059e-001
 8.0765831e-001
 8.0815864e-001
 8.0862308e-001
 8.0904520e-001
 8.0945802e-001
 8.0987215e-001
 8.1028837e-001
 8.1072766e-001
 8.1117487e-001
 8.1162590e-001
 8.1209576e-001
 8.1256300e-001
 8.1301320e-001
 8.1344020e-001
 8.1384921e-001
 8.1425142e-001
 8.1465250e-001
 8.1505173e-001
 8.1543541e-001
 8.1580716e-001
 8.1616843e-001
 8.1651461e-001
 8.1685346e-001
 8.1719631e-001
 8.1754798e-001
 8.1789112e-001
 8.1823272e-001
 8.1856447e-001
 8.1886327e-001
 8.1916380e-001
 8.1949705e-001
 8.1987125e-001
 8.2024521e-001
 8.2060182e-001
 8.2093883e-001
 8.2126391e-001
 8.2159036e-001
 8.2190961e-001
 8.2221824e-001
 8.2252008e-001
 8.2283103e-001
 8.2314247e-001
 8.2344353e-001
 8.2373339e-001
 8.2402569e-001
 8.2431871e-001
 8.2460356e-001
 8.2488668e-001
 8.2516849e-001
 8.2544923e-001
 8.2572651e-001
 8.2599986e-001
 8.2627028e-001
 8.2654107e-001
 8.2680506e-001
 8.2706058e-001
 8.2731175e-001
 8.2757354e-001
 8.2783037e-001
 8.2808560e-001
 8.2833815e-001
 8.2858706e-001
 8.2883942e-001
 8.2909000e-001
 8.2933229e-001
 8.2956898e-001
 8.2979858e-001
 8.3002198e-001
 8.3025116e-001
 8.3046997e-001
 8.3067864e-001
 8.3088702e-001
 8.3110529e-001
 8.3132017e-001
 8.3153391e-001
 8.3175403e-001
 8.3197862e-001
 8.3220214e-001
 8.3242452e-001
 8.3264434e-001
 8.3286792e-001
 8.3309078e-001
 8.3330595e-001
 8.3351868e-001
 8.3372575e-001
 8.3392799e-001
 8.3413196e-001
 8.3433568e-001
 8.3454210e-001
 8.3474970e-001
 8.3494645e-001
 8.3514005e-001
 8.3533007e-001
 8.3551490e-001
 8.3570099e-001
 8.3588821e-001
 8.3607131e-001
 8.3624244e-001
 8.3640379e-001
 8.3656764e-001
 8.3673888e-001
 8.3690751e-001
 8.3707231e-001
 8.3723897e-001
 8.3741403e-001
 8.3758944e-001
 8.3776736e-001
 8.3794242e-001
 8.3810085e-001
 8.3825231e-001
 8.3840448e-001
 8.3855677e-001
 8.3869958e-001
 8.3884144e-001
 8.3898592e-001
 8.3913040e-001
 8.3926129e-001
 8.3938229e-001
 8.3949822e-001
 8.3961016e-001
 8.3971208e-001
 8.3980983e-001
 8.3990514e-001
 8.3997566e-001
 8.4003347e-001
 8.4008026e-001
 8.4011966e-001
 8.4018773e-001
 8.4027892e-001
 8.4037846e-001
 8.4046793e-001
 8.4055942e-001
 8.4065962e-001
 8.4076852e-001
 8.4087449e-001
 8.4097081e-001
 8.4104651e-001
 8.4109497e-001
 8.4113580e-001
 8.4115678e-001
 8.4115696e-001
 8.4114897e-001
 8.4111351e-001
 8.4106916e-001
 8.4104067e-001
 8.4104854e-001
 8.4111553e-001
 8.4123605e-001
 8.4138793e-001
 8.4153950e-001
 8.4166908e-001
 8.4177297e-001
 8.4186339e-001
 8.4194463e-001
 8.4202284e-001
 8.4209687e-001
 8.4215152e-001
 8.4216219e-001
 8.4208846e-001
 8.4186047e-001
 8.4131134e-001
 8.4048426e-001
 8.3974290e-001
 8.3965373e-001
 8.4033167e-001
 8.4123528e-001
 8.4192055e-001
 8.4227479e-001
 8.4248877e-001
 8.4264481e-001
 8.4278768e-001
 8.4294212e-001
 8.4310699e-001
 8.4328324e-001
 8.4347385e-001
 8.4365964e-001
 8.4383744e-001
 8.4400707e-001
 8.4416658e-001
 8.4431249e-001
 8.4443790e-001
 8.4454012e-001
 8.4462750e-001
 8.4471595e-001
 8.4480488e-001
 8.4488553e-001
 8.4494376e-001
 8.4499526e-001
 8.4504819e-001
 8.4510303e-001
 8.4514391e-001
 8.4518087e-001
 8.4522134e-001
 8.4525979e-001
 8.4528995e-001
 8.4531474e-001
 8.4533757e-001
 8.4535015e-001
 8.4537071e-001
 8.4539676e-001
 8.4541315e-001
 8.4542322e-001
 8.4542823e-001
 8.4543204e-001
 8.4544420e-001
 8.4545743e-001
 8.4546655e-001
 8.4547418e-001
 8.4549880e-001
 8.4551090e-001
 8.4551412e-001
 8.4552211e-001
 8.4553790e-001
 8.4555000e-001
 8.4555036e-001
 8.4554011e-001
 8.4552556e-001
 8.4552062e-001
 8.4553337e-001
 8.4555972e-001
 8.4560961e-001
 8.4566534e-001
 8.4570932e-001
 8.4573698e-001
 8.4574193e-001
 8.4574103e-001
 8.4575677e-001
 8.4577978e-001
 8.4581095e-001
 8.4584647e-001
 8.4587991e-001
 8.4591687e-001
 8.4594482e-001
 8.4596306e-001
 8.4598768e-001
 8.4601355e-001
 8.4603792e-001
 8.4606153e-001
 8.4608787e-001
 8.4612739e-001
 8.4617090e-001
 8.4620661e-001
 8.4624821e-001
 8.4629107e-001
 8.4633255e-001
 8.4637237e-001
 8.4641033e-001
 8.4644288e-001
 8.4647441e-001
 8.4651464e-001
 8.4654188e-001
 8.4656936e-001
 8.4660512e-001
 8.4662968e-001
 8.4665328e-001
 8.4667677e-001
 8.4669888e-001
 8.4672409e-001
 8.4675550e-001
 8.4678358e-001
 8.4680063e-001
 8.4683150e-001
 8.4686255e-001
 8.4689206e-001
 8.4692740e-001
 8.4695876e-001
 8.4699082e-001
 8.4702438e-001
 8.4705490e-001
 8.4708542e-001
 8.4711289e-001
 8.4713912e-001
 8.4717375e-001
 8.4721011e-001
 8.4723961e-001
 8.4725654e-001
 8.4726763e-001
 8.4727883e-001
 8.4727979e-001
 8.4725624e-001
 8.4723800e-001
 8.4721285e-001
 8.4718734e-001
 8.4717846e-001
 8.4715253e-001
 8.4713012e-001
 8.4712189e-001
 8.4712082e-001
 8.4710747e-001
 8.4709740e-001
 8.4710258e-001
 8.4711844e-001
 8.4714180e-001
 8.4716588e-001
 8.4718496e-001
 8.4719598e-001
 8.4720737e-001
 8.4720856e-001
 8.4718513e-001
 8.4712589e-001
 8.4707522e-001
 8.4702724e-001
 8.4695613e-001
 8.4685951e-001
 8.4678072e-001
 8.4673041e-001
 8.4669715e-001
 8.4669507e-001
 8.4670079e-001
 8.4671372e-001
 8.4675443e-001
 8.4680337e-001
 8.4683871e-001
 8.4685224e-001
 8.4685361e-001
 8.4683353e-001
 8.4677958e-001
 8.4667748e-001
 8.4651136e-001
 8.4629321e-001
 8.4601390e-001
 8.4567028e-001
 8.4527117e-001
 8.4480643e-001
 8.4428936e-001
 8.4374642e-001
 8.4322232e-001
 8.4270453e-001
 8.4220642e-001
 8.4175688e-001
 8.4140158e-001
 8.4108424e-001
 8.4081846e-001
 8.4064591e-001
 8.4057033e-001
 8.4058899e-001
 8.4068859e-001
 8.4084570e-001
 8.4101808e-001
 8.4114563e-001
 8.4120792e-001
 8.4120750e-001
 8.4108776e-001
 8.4091133e-001
 8.4068650e-001
 8.4037876e-001
 8.4004605e-001
 8.3967972e-001
 8.3923429e-001
 8.3865446e-001
 8.3802581e-001
 8.3723283e-001
 8.3620989e-001
 8.3497298e-001
 8.3344793e-001
 8.3166713e-001
 8.2968539e-001
 8.2755852e-001
 8.2534885e-001
 8.2323110e-001
 8.2134932e-001
 8.1978381e-001
 8.1875455e-001
 8.1830668e-001
 8.1848121e-001
 8.1935859e-001
 8.2072443e-001
 8.2245404e-001
 8.2437569e-001
 8.2622868e-001
 8.2798529e-001
 8.2947934e-001
 8.3061832e-001
 8.3146310e-001
 8.3181810e-001
 8.3158094e-001
 8.3064556e-001
 8.2886881e-001
 8.2644141e-001
 8.2353705e-001
 8.2030797e-001
 8.1686902e-001
 8.1356359e-001
 8.1051630e-001
 8.0790144e-001
 8.0607158e-001
 8.0524379e-001
 8.0577755e-001
 8.0791181e-001
 8.1163269e-001
 8.1645745e-001
 8.2177138e-001
 8.2689565e-001
 8.3116043e-001
 8.3467114e-001
 8.3755428e-001
 8.3998853e-001
 8.4217137e-001
 8.4424824e-001
 8.4607595e-001
 8.4761107e-001
 8.4905213e-001
 8.5031021e-001
 8.5136825e-001
 8.5227686e-001
 8.5314232e-001
 8.5378373e-001
 8.5437423e-001
 8.5501355e-001
 8.5561663e-001
 8.5602623e-001
 8.5638863e-001
 8.5678971e-001
 8.5717064e-001
 8.5736758e-001
 8.5757959e-001
 8.5787743e-001
 8.5814947e-001
 8.5830998e-001
 8.5847801e-001
 8.5856080e-001
 8.5873848e-001
 8.5890394e-001
 8.5905862e-001
 8.5920399e-001
 8.5934120e-001
 8.5947150e-001
 8.5959584e-001
 8.5971516e-001
 8.5983026e-001
 8.5994160e-001
 8.6004966e-001
 8.6015487e-001
 8.6025733e-001
 8.6035740e-001
 8.6045516e-001
 8.6055076e-001
 8.6064446e-001
 8.6073649e-001
 8.6082703e-001
 8.6091644e-001
 8.6100495e-001
 8.6109275e-001
 8.6118001e-001
 8.6126667e-001
 8.6135262e-001
 8.6143756e-001
 8.6152130e-001
 8.6160362e-001
 8.6168438e-001
 8.6176360e-001
 8.6184138e-001
 8.6191791e-001
 8.6199349e-001
 8.6206836e-001
 8.6214268e-001
 8.6221665e-001
 8.6229032e-001
 8.6236352e-001
 8.6243606e-001
 8.6250770e-001
 8.6257803e-001
 8.6264694e-001
 8.6271423e-001
 8.6277986e-001
 8.6284393e-001
 8.6290675e-001
 8.6296850e-001
 8.6302954e-001
 8.6308998e-001
 8.6315000e-001
 8.6320961e-001
 8.6326855e-001
 8.6332685e-001
 8.6338419e-001
 8.6344039e-001
 8.6349547e-001
 8.6354917e-001
 8.6360168e-001
 8.6365294e-001
 8.6370301e-001
 8.6375213e-001
 8.6380011e-001
 8.6384708e-001
 8.6389285e-001
 8.6393732e-001
 8.6398029e-001
 8.6402172e-001
 8.6406165e-001
 8.6410022e-001
 8.6413753e-001
 8.6417389e-001
 8.6420959e-001
 8.6424476e-001
 8.6427957e-001
 8.6431390e-001
 8.6434758e-001
 8.6438036e-001
 8.6441183e-001
 8.6444163e-001
 8.6446947e-001
 8.6449498e-001
 8.6451793e-001
 8.6453813e-001
 8.6455530e-001
 8.6456943e-001
 8.6458033e-001
 8.6458808e-001
 8.6459255e-001
 8.6459392e-001
 8.6459219e-001
 8.6458755e-001
 8.6457998e-001
 8.6456949e-001
 8.6455578e-001
 8.6453873e-001
 8.6451793e-001
 8.6449307e-001
 8.6446387e-001
 8.6443019e-001
 8.6439210e-001
 8.6434990e-001
 8.6430418e-001
 8.6425602e-001
 8.6420679e-001
 8.6415845e-001
 8.6411297e-001
 8.6407280e-001
 8.6404032e-001
 8.6401761e-001
 8.6400658e-001
 8.6400861e-001
 8.6402452e-001
 8.6405462e-001
 8.6409849e-001
 8.6415541e-001
 8.6422414e-001
 8.6430311e-001
 8.6439079e-001
 8.6448538e-001
 8.6458516e-001
 8.6468840e-001
 8.6479354e-001
 8.6489916e-001
 8.6500394e-001
 8.6510670e-001
 8.6520654e-001
 8.6530262e-001
 8.6539429e-001
 8.6548090e-001
 8.6556172e-001
 8.6563599e-001
 8.6570311e-001
 8.6576229e-001
 8.6581302e-001
 8.6585498e-001
 8.6588818e-001
 8.6591291e-001
 8.6592954e-001
 8.6593860e-001
 8.6594033e-001
 8.6593497e-001
 8.6592245e-001
 8.6590260e-001
 8.6587512e-001
 8.6583984e-001
 8.6579663e-001
 8.6574566e-001
 8.6568743e-001
 8.6562288e-001
 8.6555314e-001
 8.6547977e-001
 8.6540455e-001
 8.6532927e-001
 8.6525565e-001
 8.6518514e-001
 8.6511844e-001
 8.6505592e-001
 8.6499715e-001
 8.6494112e-001
 8.6488664e-001
 8.6483246e-001
 8.6477757e-001
 8.6472130e-001
 8.6466348e-001
 8.6460447e-001
 8.6454499e-001
 8.6448580e-001
 8.6442757e-001
 8.6437064e-001
 8.6431485e-001
 8.6425954e-001
 8.6420363e-001
 8.6414546e-001
 8.6408323e-001
 8.6401510e-001
 8.6393923e-001
 8.6385417e-001
 8.6375874e-001
 8.6365217e-001
 8.6353391e-001
 8.6340398e-001
 8.6326236e-001
 8.6310911e-001
 8.6294454e-001
 8.6276871e-001
 8.6258155e-001
 8.6238319e-001
 8.6217326e-001
 8.6195165e-001
 8.6171806e-001
 8.6147213e-001
 8.6121345e-001
 8.6094153e-001
 8.6065596e-001
 8.6035627e-001
 8.6004210e-001
 8.5971320e-001
 8.5936934e-001
 8.5901034e-001
 8.5863620e-001
 8.5824651e-001
 8.5784048e-001
 8.5741675e-001
 8.5697323e-001
 8.5650718e-001
 8.5601521e-001
 8.5549384e-001
 8.5493976e-001
 8.5435033e-001
 8.5372418e-001
 8.5306078e-001
 8.5236120e-001
 8.5162771e-001
 8.5086268e-001
 8.5006922e-001
 8.4924936e-001
 8.4840459e-001
 8.4753484e-001
 8.4663808e-001
 8.4571105e-001
 8.4474832e-001
 8.4374404e-001
 8.4269214e-001
 8.4158695e-001
 8.4042513e-001
 8.3920550e-001
 8.3793026e-001
 8.3660460e-001
 8.3523518e-001
 8.3383071e-001
 8.3239883e-001
 8.3094728e-001
 8.2948285e-001
 8.2801253e-001
 8.2654613e-001
 8.2509762e-001
 8.2368797e-001
 8.2234585e-001
 8.2110620e-001
 8.2000875e-001
 8.1909329e-001
 8.1839389e-001
 8.1793493e-001
 8.1772596e-001
 8.1776077e-001
 8.1801730e-001
 8.1846178e-001
 8.1905329e-001
 8.1975049e-001
 8.2051688e-001
 8.2132500e-001
 8.2215810e-001
 8.2300854e-001
 8.2387465e-001
 8.2475603e-001
 8.2564849e-001
 8.2654154e-001
 8.2741582e-001
 8.2824498e-001
 8.2899761e-001
 8.2964146e-001
 8.3014798e-001
 8.3049530e-001
 8.3067131e-001
 8.3067405e-001
 8.3051115e-001
 8.3019733e-001
 8.2975203e-001
 8.2919544e-001
 8.2854575e-001
 8.2781690e-001
 8.2701665e-001
 8.2614666e-001
 8.2520294e-001
 8.2417667e-001
 8.2305640e-001
 8.2182896e-001
 8.2048166e-001
 8.1900364e-001
 8.1738639e-001
 8.1562603e-001
 8.1372261e-001
 8.1168222e-001
 8.0951589e-001
 8.0723834e-001
 8.0486792e-001
 8.0242181e-001
 7.9991555e-001
 7.9735929e-001
 7.9475534e-001
 7.9210007e-001
 7.8938454e-001
 7.8659695e-001
 7.8372949e-001
 7.8078032e-001
 7.7776033e-001
 7.7469420e-001
 7.7162033e-001
 7.6859158e-001
 7.6566875e-001
 7.6291853e-001
 7.6040590e-001
 7.5818747e-001
 7.5630742e-001
 7.5479043e-001
 7.5364017e-001
 7.5283718e-001
 7.5233990e-001
 7.5208908e-001
 7.5201285e-001
 7.5203401e-001
 7.5207746e-001
 7.5207734e-001
 7.5198215e-001
 7.5175869e-001
 7.5139326e-001
 7.5089043e-001
 7.5027031e-001
 7.4956417e-001
 7.4880958e-001
 7.4804431e-001
 7.4730271e-001
 7.4661046e-001
 7.4598289e-001
 7.4542332e-001
 7.4492288e-001
 7.4446279e-001
 7.4401635e-001
 7.4355227e-001
 7.4303800e-001
 7.4244249e-001
 7.4173898e-001
 7.4090552e-001
 7.3992586e-001
 7.3878831e-001
 7.3748404e-001
 7.3600596e-001
 7.3434669e-001
 7.3249686e-001
 7.3044598e-001
 7.2818071e-001
 7.2568655e-001
 7.2294784e-001
 7.1994662e-001
 7.1666473e-001
 7.1308148e-001
 7.0917737e-001
 7.0493674e-001
 7.0035118e-001
 6.9543123e-001
 6.9021016e-001
 6.8475431e-001
 6.7916435e-001
 6.7356849e-001
 6.6811520e-001
 6.6294843e-001
 6.5818828e-001
 6.5390438e-001
 6.5009427e-001
 6.4667624e-001
 6.4348531e-001
 6.4028895e-001
 6.3680804e-001
 6.3274407e-001
 6.2781239e-001
 6.2176943e-001
 6.1443305e-001
 6.0570431e-001
 5.9557062e-001
 5.8411711e-001
 5.7152539e-001
 5.5806607e-001
 5.4410404e-001
 5.3007627e-001
 5.1648772e-001
 5.0388271e-001
 4.9280968e-001
 4.8379305e-001
 4.7728109e-001
 4.7361323e-001
 4.7298107e-001
 4.7540787e-001
 4.8074219e-001
 4.8867184e-001
 4.9874783e-001
 5.1042444e-001
 5.2311027e-001
 5.3620499e-001
 5.4914296e-001
 5.6142843e-001
 5.7264352e-001
 5.8246732e-001
 5.9066278e-001
 5.9707141e-001
 6.0159814e-001
 6.0418797e-001
 6.0481095e-001
 6.0344267e-001
 6.0005385e-001
 5.9460276e-001
 5.8704346e-001
 5.7733625e-001
 5.6548190e-001
 5.5155939e-001
 5.3576499e-001
 5.1846790e-001
 5.0022697e-001
 4.8181203e-001
 4.6417323e-001
 4.4837296e-001
 4.3550670e-001
 4.2657480e-001
 4.2237923e-001
 4.2342079e-001
 4.2984387e-001
 4.4142488e-001
 4.5760709e-001
 4.7758493e-001
 5.0038844e-001
 5.2500534e-001
 5.5045652e-001
 5.7587457e-001
 6.0055864e-001
 6.2397218e-001
 6.4576352e-001
 6.6572791e-001
 6.8378937e-001
 6.9997573e-001
 7.1437407e-001
 7.2711980e-001
 7.3836327e-001
 7.4825972e-001
 7.5696236e-001
 7.6460838e-001
 7.7132571e-001
 7.7722615e-001
 7.8241062e-001
 7.8697294e-001
 7.9099882e-001
 7.9456979e-001
 7.9776567e-001
 8.0066240e-001
 8.0333400e-001
 8.0584866e-001
 8.0826747e-001
 8.1064242e-001
 8.1301171e-001
 8.1540048e-001
 8.1781834e-001
 8.2026070e-001
 8.2271206e-001
 8.2514703e-001
 8.2753617e-001
 8.2984793e-001
 8.3205283e-001
 8.3412653e-001
 8.3605045e-001
 8.3781421e-001
 8.3941442e-001
 8.4085524e-001
 8.4214735e-001
 8.4330577e-001
 8.4434867e-001
 8.4529567e-001
 8.4616536e-001
 8.4697437e-001
 8.4773588e-001
 8.4845895e-001
 8.4914905e-001
 8.4980768e-001
 8.5043377e-001
 8.5102445e-001
 8.5157651e-001
 8.5208756e-001
 8.5255659e-001
 8.5298491e-001
 8.5337621e-001
 8.5373592e-001
 8.5407120e-001
 8.5438919e-001
 8.5469675e-001
 8.5499901e-001
 8.5529923e-001
 8.5559833e-001
 8.5589528e-001
 8.5618758e-001
 8.5647207e-001
 8.5674596e-001
 8.5700744e-001
 8.5725635e-001
 8.5749418e-001
 8.5772419e-001
 8.5795069e-001
 8.5817826e-001
 8.5841107e-001
 8.5865206e-001
 8.5890245e-001
 8.5916156e-001
 8.5942692e-001
 8.5969484e-001
 8.5996068e-001
 8.6022002e-001
 8.6046875e-001
 8.6070377e-001
 8.6092281e-001
 8.6112475e-001
 8.6130929e-001
 8.6147666e-001
 8.6162764e-001
 8.6176312e-001
 8.6188412e-001
 8.6199182e-001
 8.6208737e-001
 8.6217213e-001
 8.6224723e-001
 8.6231399e-001
 8.6237329e-001
 8.6242592e-001
 8.6247206e-001
 8.6251140e-001
 8.6254293e-001
 8.6256510e-001
 8.6257589e-001
 8.6257309e-001
 8.6255455e-001
 8.6251855e-001
 8.6246419e-001
 8.6239159e-001
 8.6230195e-001
 8.6219770e-001
 8.6208206e-001
 8.6195922e-001
 8.6183363e-001
 8.6170954e-001
 8.6159098e-001
 8.6148119e-001
 8.6138242e-001
 8.6129576e-001
 8.6122143e-001
 8.6115849e-001
 8.6110526e-001
 8.6105967e-001
 8.6101919e-001
 8.6098140e-001
 8.6094409e-001
 8.6090541e-001
 8.6086404e-001
 8.6081940e-001
 8.6077142e-001
 8.6072069e-001
 8.6066848e-001
 8.6061645e-001
 8.6056674e-001
 8.6052161e-001
 8.6048371e-001
 8.6045545e-001
 8.6043924e-001
 8.6043698e-001
 8.6045027e-001
 8.6048007e-001
 8.6052674e-001
 8.6058980e-001
 8.6066824e-001
 8.6076021e-001
 8.6086357e-001
 8.6097580e-001
 8.6109436e-001
 8.6121702e-001
 8.6134195e-001
 8.6146778e-001
 8.6159396e-001
 8.6172050e-001
 8.6184788e-001
 8.6197692e-001
 8.6210859e-001
 8.6224389e-001
 8.6238360e-001
 8.6252815e-001
 8.6267769e-001
 8.6283183e-001
 8.6298990e-001
 8.6315072e-001
 8.6331278e-001
 8.6347437e-001
 8.6363351e-001
 8.6378837e-001
 8.6393696e-001
 8.6407763e-001
 8.6420906e-001
 8.6433023e-001
 8.6444068e-001
 8.6454016e-001
 8.6462873e-001
 8.6470675e-001
 8.6477458e-001
 8.6483252e-001
 8.6488092e-001
 8.6491972e-001
 8.6494899e-001
 8.6496860e-001
 8.6497849e-001
 8.6497837e-001
 8.6496824e-001
 8.6494792e-001
 8.6491728e-001
 8.6487603e-001
 8.6482406e-001
 8.6476105e-001
 8.6468691e-001
 8.6460167e-001
 8.6450553e-001
 8.6439890e-001
 8.6428255e-001
 8.6415738e-001
 8.6402458e-001
 8.6388552e-001
 8.6374182e-001
 8.6359501e-001
 8.6344683e-001
 8.6329889e-001
 8.6315286e-001
 8.6301005e-001
 8.6287153e-001
 8.6273783e-001
 8.6260909e-001
 8.6248475e-001
 8.6236376e-001
 8.6224455e-001
 8.6212552e-001
 8.6200494e-001
 8.6188155e-001
 8.6175454e-001
 8.6162376e-001
 8.6148947e-001
 8.6135274e-001
 8.6121482e-001
 8.6107707e-001
 8.6094099e-001
 8.6080778e-001
 8.6067837e-001
 8.6055350e-001
 8.6043352e-001
 8.6031860e-001
 8.6020863e-001
 8.6010331e-001
 8.6000210e-001
 8.5990435e-001
 8.5980922e-001
 8.5971570e-001
 8.5962284e-001
 8.5952950e-001
 8.5943455e-001
 8.5933703e-001
 8.5923630e-001
 8.5913175e-001
 8.5902327e-001
 8.5891116e-001
 8.5879582e-001
 8.5867816e-001
 8.5855901e-001
 8.5843933e-001
 8.5832000e-001
 8.5820150e-001
 8.5808420e-001
 8.5796821e-001
 8.5785311e-001
 8.5773855e-001
 8.5762370e-001
 8.5750771e-001
 8.5738975e-001
 8.5726881e-001
 8.5714412e-001
 8.5701483e-001
 8.5688043e-001
 8.5674042e-001
 8.5659450e-001
 8.5644245e-001
 8.5628402e-001
 8.5611910e-001
 8.5594738e-001
 8.5576862e-001
 8.5558265e-001
 8.5538924e-001
 8.5518849e-001
 8.5498029e-001
 8.5476482e-001
 8.5454232e-001
 8.5431296e-001
 8.5407692e-001
 8.5383421e-001
 8.5358500e-001
 8.5332918e-001
 8.5306686e-001
 8.5279804e-001
 8.5252291e-001
 8.5224140e-001
 8.5195386e-001
 8.5166025e-001
 8.5136086e-001
 8.5105586e-001
 8.5074562e-001
 8.5043079e-001
 8.5011202e-001
 8.4979063e-001
 8.4946781e-001
 8.4914500e-001
 8.4882361e-001
 8.4850460e-001
 8.4818876e-001
 8.4787595e-001
 8.4756523e-001
 8.4725493e-001
 8.4694231e-001
 8.4662390e-001
 8.4629554e-001
 8.4595275e-001
 8.4559095e-001
 8.4520590e-001
 8.4479356e-001
 8.4435087e-001
 8.4387529e-001
 8.4336525e-001
 8.4282011e-001
 8.4223962e-001
 8.4162480e-001
 8.4097689e-001
 8.4029818e-001
 8.3959150e-001
 8.3886027e-001
 8.3810878e-001
 8.3734149e-001
 8.3656383e-001
 8.3578128e-001
 8.3499944e-001
 8.3422422e-001
 8.3346093e-001
 8.3271480e-001
 8.3199054e-001
 8.3129197e-001
 8.3062220e-001
 8.2998323e-001
 8.2937580e-001
 8.2879949e-001
 8.2825226e-001
 8.2773101e-001
 8.2723141e-001
 8.2674819e-001
 8.2627583e-001
 8.2580823e-001
 8.2533973e-001
 8.2486504e-001
 8.2437897e-001
 8.2387668e-001
 8.2335335e-001
 8.2280397e-001
 8.2222331e-001
 8.2160527e-001
 8.2094377e-001
 8.2023233e-001
 8.1946480e-001
 8.1863582e-001
 8.1774074e-001
 8.1677669e-001
 8.1574255e-001
 8.1463850e-001
 8.1346685e-001
 8.1223065e-001
 8.1093436e-001
 8.0958253e-001
 8.0817896e-001
 8.0672717e-001
 8.0522847e-001
 8.0368280e-001
 8.0208856e-001
 8.0044180e-001
 7.9873854e-001
 7.9697359e-001
 7.9514295e-001
 7.9324406e-001
 7.9127568e-001
 7.8924006e-001
 7.8714180e-001
 7.8498924e-001
 7.8279376e-001
 7.8056902e-001
 7.7833194e-001
 7.7609998e-001
 7.7389270e-001
 7.7172989e-001
 7.6963061e-001
 7.6761389e-001
 7.6569778e-001
 7.6389861e-001
 7.6223224e-001
 7.6071233e-001
 7.5935191e-001
 7.5816226e-001
 7.5715262e-001
 7.5633037e-001
 7.5560409e-001
 7.5516701e-001
 7.5491989e-001
 7.5485277e-001
 7.5494915e-001
 7.5518560e-001
 7.5553250e-001
 7.5595468e-001
 7.5641358e-001
 7.5686878e-001
 7.5728118e-001
 7.5761491e-001
 7.5784034e-001
 7.5793576e-001
 7.5788921e-001
 7.5769925e-001
 7.5737512e-001
 7.5693643e-001
 7.5641155e-001
 7.5583601e-001
 7.5524986e-001
 7.5469434e-001
 7.5420940e-001
 7.5383019e-001
 7.5358504e-001
 7.5349319e-001
 7.5356370e-001
 7.5379521e-001
 7.5417626e-001
 7.5468659e-001
 7.5529933e-001
 7.5598443e-001
 7.5671268e-001
 7.5746113e-001
 7.5821722e-001
 7.5898349e-001
 7.5977969e-001
 7.6064128e-001
 7.6161551e-001
 7.6275462e-001
 7.6410586e-001
 7.6570296e-001
 7.6755792e-001
 7.6965702e-001
 7.7196234e-001
 7.7441442e-001
 7.7694237e-001
 7.7947080e-001
 7.8192967e-001
 7.8426123e-001
 7.8642225e-001
 7.8838652e-001
 7.9014152e-001
 7.9168653e-001
 7.9302984e-001
 7.9418427e-001
 7.9516673e-001
 7.9599553e-001
 7.9668987e-001
 7.9726934e-001
 7.9775250e-001
 7.9815596e-001
 7.9849321e-001
 7.9877299e-001
 7.9899877e-001
 7.9916853e-001
 7.9927510e-001
 7.9930812e-001
 7.9925603e-001
 7.9910868e-001
 7.9885942e-001
 7.9850721e-001
 7.9805696e-001
 7.9751974e-001
 7.9691124e-001
 7.9624981e-001
 7.9555458e-001
 7.9484248e-001
 7.9412711e-001
 7.9341722e-001
 7.9271662e-001
 7.9202461e-001
 7.9133677e-001
 7.9064637e-001
 7.8994554e-001
 7.8922635e-001
 7.8848219e-001
 7.8770739e-001
 7.8689873e-001
 7.8605491e-001
 7.8517622e-001
 7.8426480e-001
 7.8332311e-001
 7.8235376e-001
 7.8135860e-001
 7.8033763e-001
 7.7928996e-001
 7.7821279e-001
 7.7710325e-001
 7.7595890e-001
 7.7477819e-001
 7.7356225e-001
 7.7231419e-001
 7.7104014e-001
 7.6974827e-001
 7.6844805e-001
 7.6715004e-001
 7.6586372e-001
 7.6459789e-001
 7.6335931e-001
 7.6215219e-001
 7.6097888e-001
 7.5983930e-001
 7.5873178e-001
 7.5765371e-001
 7.5660080e-001
 7.5556874e-001
 7.5455308e-001
 7.5354928e-001
 7.5255406e-001
 7.5156486e-001
 7.5058055e-001
 7.4960142e-001
 7.4862796e-001
 7.4766153e-001
 7.4670303e-001
 7.4575311e-001
 7.4481213e-001
 7.4387974e-001
 7.4295580e-001
 7.4204022e-001
 7.4113369e-001
 7.4023741e-001
 7.3935312e-001
 7.3848343e-001
 7.3763120e-001
 7.3679978e-001
 7.3599285e-001
 7.3521370e-001
 7.3446578e-001
 7.3375201e-001
 7.3307455e-001
 7.3243505e-001
 7.3183411e-001
 7.3127216e-001
 7.3074907e-001
 7.3026454e-001
 7.2981882e-001
 7.2941214e-001
 7.2904545e-001
 7.2872007e-001
 7.2843742e-001
 7.2819889e-001
 7.2800529e-001
 7.2785676e-001
 7.2775215e-001
 7.2768915e-001
 7.2766382e-001
 7.2767109e-001
 7.2770464e-001
 7.2775733e-001
 7.2782177e-001
 7.2789031e-001
 7.2795552e-001
 7.2801048e-001
 7.2804886e-001
 7.2806519e-001
 7.2805482e-001
 7.2801429e-001
 7.2794127e-001
 7.2783452e-001
 7.2769397e-001
 7.2752035e-001
 7.2731549e-001
 7.2708160e-001
 7.2682136e-001
 7.2653759e-001
 7.2623301e-001
 7.2591007e-001
 7.2557050e-001
 7.2521526e-001
 7.2484428e-001
 7.2445679e-001
 7.2405106e-001
 7.2362483e-001
 7.2317582e-001
 7.2270197e-001
 7.2220212e-001
 7.2167647e-001
 7.2112650e-001
 7.2055560e-001
 7.1996886e-001
 7.1937263e-001
 7.1877456e-001
 7.1818233e-001
 7.1760368e-001
 7.1704531e-001
 7.1651202e-001
 7.1600664e-001
 7.1552920e-001
 7.1507716e-001
 7.1464515e-001
 7.1422595e-001
 7.1381050e-001
 7.1338910e-001
 7.1295232e-001
 7.1249139e-001
 7.1199888e-001
 7.1146876e-001
 7.1089685e-001
 7.1028024e-001
 7.0961708e-001
 7.0890725e-001
 7.0815092e-001
 7.0734912e-001
 7.0650393e-001
 7.0561755e-001
 7.0469230e-001
 7.0373058e-001
 7.0273530e-001
 7.0170891e-001
 7.0065355e-001
 6.9957268e-001
 6.9846910e-001
 6.9734615e-001
 6.9620806e-001
 6.9505823e-001
 6.9389945e-001
 6.9273442e-001
 6.9156343e-001
 6.9038558e-001
 6.8919796e-001
 6.8799716e-001
 6.8677771e-001
 6.8553370e-001
 6.8425989e-001
 6.8295062e-001
 6.8160057e-001
 6.8020624e-001
 6.7876357e-001
 6.7726910e-001
 6.7571896e-001
 6.7410988e-001
 6.7243731e-001
 6.7069668e-001
 6.6888535e-001
 6.6700137e-001
 6.6504598e-001
 6.6302621e-001
 6.6095322e-001
 6.5884417e-001
 6.5672344e-001
 6.5461910e-001
 6.5256268e-001
 6.5058601e-001
 6.4872015e-001
 6.4698917e-001
 6.4540911e-001
 6.4398676e-001
 6.4271623e-001
 6.4157999e-001
 6.4055079e-001
 6.3959217e-001
 6.3866258e-001
 6.3771826e-001
 6.3671792e-001
 6.3562506e-001
 6.3441199e-001
 6.3306314e-001
 6.3157493e-001
 6.2995678e-001
 6.2823081e-001
 6.2642658e-001
 6.2457865e-001
 6.2272096e-001
 6.2088382e-001
 6.1908764e-001
 6.1734217e-001
 6.1564738e-001
 6.1399287e-001
 6.1236250e-001
 6.1073995e-001
 6.0911053e-001
 6.0746628e-001
 6.0580915e-001
 6.0414892e-001
 6.0250372e-001
 6.0089576e-001
 5.9934944e-001
 5.9788418e-001
 5.9651190e-001
 5.9523439e-001
 5.9403956e-001
 5.9290171e-001
 5.9178305e-001
 5.9063429e-001
 5.8939880e-001
 5.8801609e-001
 5.8642793e-001
 5.8458179e-001
 5.8243698e-001
 5.7997227e-001
 5.7718831e-001
 5.7411301e-001
 5.7080662e-001
 5.6735694e-001
 5.6387758e-001
 5.6050247e-001
 5.5736953e-001
 5.5460995e-001
 5.5233175e-001
 5.5060840e-001
 5.4946554e-001
 5.4887867e-001
 5.4877418e-001
 5.4903632e-001
 5.4951978e-001
 5.5006391e-001
 5.5050862e-001
 5.5070752e-001
 5.5053794e-001
 5.4990733e-001
 5.4875499e-001
 5.4705024e-001
 5.4479021e-001
 5.4199237e-001
 5.3868979e-001
 5.3492886e-001
 5.3076071e-001
 5.2623945e-001
 5.2142376e-001
 5.1636869e-001
 5.1112884e-001
 5.0575566e-001
 5.0030220e-001
 4.9481574e-001
 4.8934126e-001
 4.8392516e-001
 4.7860664e-001
 4.7342056e-001
 4.6839938e-001
 4.6356365e-001
 4.5892486e-001
 4.5448086e-001
 4.5021832e-001
 4.4610494e-001
 4.4209224e-001
 4.3811899e-001
 4.3410712e-001
 4.2996788e-001
 4.2560941e-001
 4.2093661e-001
 4.1586083e-001
 4.1031072e-001
 4.0423229e-001
 3.9759982e-001
 3.9041743e-001
 3.8272831e-001
 3.7460396e-001
 3.6614537e-001
 3.5748312e-001
 3.4875649e-001
 3.4010941e-001
 3.3168605e-001
 3.2360891e-001
 3.1597948e-001
 3.0886990e-001
 3.0232841e-001
 2.9637152e-001
 2.9099524e-001
 2.8618634e-001
 2.8192392e-001
 2.7819362e-001
 2.7499801e-001
 2.7235749e-001
 2.7031621e-001
 2.6894179e-001
 2.6831648e-001
 2.6852983e-001
 2.6966584e-001
 2.7178732e-001
 2.7492368e-001
 2.7905932e-001
 2.8412148e-001
 2.8998277e-001
 2.9646069e-001
 3.0331796e-001
 3.1028160e-001
 3.1704846e-001
 3.2330081e-001
 3.2871377e-001
 3.3297759e-001
 3.3580586e-001
 3.3695015e-001
 3.3622140e-001
 3.3350557e-001
 3.2878870e-001
 3.2217297e-001
 3.1389460e-001
 3.0432776e-001
 2.9398701e-001
 2.8349000e-001
 2.7352244e-001
 2.6478893e-001
 2.5793317e-001
 2.5348249e-001
 2.5179580e-001
 2.5302455e-001
 2.5711292e-001
 2.6381332e-001
 2.7273640e-001
 2.8340587e-001
 2.9532290e-001
 3.0800819e-001
 3.2105777e-001
 3.3415523e-001
 3.4706482e-001
 3.5963914e-001
 3.7179047e-001
 3.8346103e-001
 3.9462119e-001
 4.0524402e-001
 4.1530275e-001
 4.2475939e-001
 4.3358099e-001
 4.4173586e-001
 4.4919273e-001
 4.5593569e-001
 4.6195912e-001
 4.6726415e-001
 4.7186539e-001
 4.7578368e-001
 4.7904131e-001
 4.8166534e-001
 4.8368201e-001
 4.8511714e-001
 4.8599485e-001
 4.8634005e-001
 4.8617780e-001
 4.8553517e-001
 4.8444229e-001
 4.8293296e-001
 4.8104721e-001
 4.7882983e-001
 4.7633168e-001
 4.7360852e-001
 4.7072279e-001
 4.6773833e-001
 4.6472052e-001
 4.6173662e-001
 4.5884967e-001
 4.5611882e-001
 4.5359972e-001
 4.5133892e-001
 4.4937438e-001
 4.4773507e-001
 4.4643629e-001
 4.4547993e-001
 4.4485283e-001
 4.4452703e-001
 4.4445983e-001
 4.4459662e-001
 4.4487384e-001
 4.4522351e-001
 4.4557756e-001
 4.4587180e-001
 4.4604984e-001
 4.4606516e-001
 4.4588190e-001
 4.4547489e-001
 4.4482806e-001
 4.4393227e-001
 4.4278407e-001
 4.4138271e-001
 4.3972898e-001
 4.3782592e-001
 4.3567643e-001
 4.3328437e-001
 4.3065706e-001
 4.2780221e-001
 4.2473075e-001
 4.2145568e-001
 4.1799557e-001
 4.1437003e-001
 4.1060215e-001
 4.0672132e-001
 4.0275809e-001
 3.9874628e-001
 3.9472565e-001
 3.9073542e-001
 3.8681710e-001
 3.8301170e-001
 3.7936190e-001
 3.7590536e-001
 3.7267619e-001
 3.6970577e-001
 3.6701685e-001
 3.6462536e-001
 3.6254132e-001
 3.6076549e-001
 3.5929197e-001
 3.5811025e-001
 3.5720447e-001
 3.5655650e-001
 3.5614708e-001
 3.5595718e-001
 3.5596803e-001
 3.5616156e-001
 3.5651928e-001
 3.5702157e-001
 3.5764644e-001
 3.5836768e-001
 3.5915557e-001
 3.5997629e-001
 3.6079386e-001
 3.6157131e-001
 3.6227483e-001
 3.6287603e-001
 3.6335462e-001
 3.6370093e-001
 3.6391637e-001
 3.6401260e-001
 3.6400983e-001
 3.6393332e-001
 3.6380950e-001
 3.6366159e-001
 3.6350563e-001
 3.6334723e-001
 3.6317977e-001
 3.6298373e-001
 3.6272800e-001
 3.6237267e-001
 3.6187267e-001
 3.6118248e-001
 3.6026141e-001
 3.5907713e-001
 3.5760948e-001
 3.5585201e-001
 3.5381445e-001
 3.5151947e-001
 3.4900191e-001
 3.4630877e-001
 3.4349263e-001
 3.4061095e-001
 3.3772564e-001
 3.3489683e-001
 3.3218387e-001
 3.2964230e-001
 3.2732496e-001
 3.2527655e-001
 3.2353416e-001
 3.2212615e-001
 3.2106733e-001
 3.2035834e-001
 3.1998348e-001
 3.1990853e-001
 3.2008103e-001
 3.2043144e-001
 3.2087624e-001
 3.2132265e-001
 3.2167476e-001
 3.2183993e-001
 3.2173589e-001
 3.2129616e-001
 3.2047513e-001
 3.1924999e-001
 3.1762123e-001
 3.1561309e-001
 3.1326827e-001
 3.1064537e-001
 3.0781329e-001
 3.0484921e-001
 3.0183038e-001
 2.9883263e-001
 2.9592994e-001
 2.9318875e-001
 2.9066911e-001
 2.8842595e-001
 2.8650460e-001
 2.8494245e-001
 2.8376845e-001
 2.8299990e-001
 2.8264308e-001
 2.8269258e-001
 2.8313172e-001
 2.8393427e-001
 2.8506711e-001
 2.8649214e-001
 2.8817052e-001
 2.9006448e-001
 2.9213691e-001
 2.9435408e-001
 2.9668322e-001
 2.9909205e-001
 3.0154529e-001
 3.0400735e-001
 3.0644074e-001
 3.0880523e-001
 3.1106317e-001
 3.1317994e-001
 3.1512460e-001
 3.1687495e-001
 3.1841677e-001
 3.1974345e-001
 3.2085758e-001
 3.2176858e-001
 3.2249156e-001
 3.2304513e-001
 3.2345060e-001
 3.2372954e-001
 3.2390219e-001
 3.2398653e-001
 3.2399669e-001
 3.2394248e-001
 3.2382885e-001
 3.2365566e-001
 3.2341811e-001
 3.2310724e-001
 3.2271063e-001
 3.2221347e-001
 3.2160029e-001
 3.2085553e-001
 3.1996515e-001
 3.1891844e-001
 3.1770769e-001
 3.1632936e-001
 3.1478581e-001
 3.1308389e-001
 3.1123650e-001
 3.0926251e-001
 3.0718881e-001
 3.0504757e-001
 3.0287692e-001
 3.0072108e-001
 2.9862508e-001
 2.9663339e-001
 2.9478803e-001
 2.9312259e-001
 2.9166189e-001
 2.9041958e-001
 2.8939918e-001
 2.8859288e-001
 2.8798443e-001
 2.8755152e-001
 2.8726709e-001
 2.8710246e-001
 2.8702924e-001
 2.8702056e-001
 2.8705251e-001
 2.8710437e-001
 2.8715864e-001
 2.8720072e-001
 2.8721833e-001
 2.8720099e-001
 2.8713971e-001
 2.8702688e-001
 2.8685656e-001
 2.8662446e-001
 2.8632811e-001
 2.8596705e-001
 2.8554183e-001
 2.8505346e-001
 2.8450254e-001
 2.8388873e-001
 2.8320965e-001
 2.8246093e-001
 2.8163731e-001
 2.8073207e-001
 2.7973828e-001
 2.7865040e-001
 2.7746341e-001
 2.7617404e-001
 2.7478039e-001
 2.7328345e-001
 2.7168557e-001
 2.6999196e-001
 2.6821330e-001
 2.6636484e-001
 2.6446903e-001
 2.6255801e-001
 2.6067108e-001
 2.5885484e-001
 2.5716156e-001
 2.5564253e-001
 2.5434437e-001
 2.5330311e-001
 2.5254020e-001
 2.5205803e-001
 2.5183985e-001
 2.5185135e-001
 2.5204468e-001
 2.5236470e-001
 2.5275573e-001
 2.5316849e-001
 2.5356439e-001
 2.5391787e-001
 2.5421533e-001
 2.5445351e-001
 2.5463578e-001
-1.2300000e+034
