s07_ASD Record=1571: Antigorite NMNH96917.a >250  ASDNGb AREF
-1.2300000e+034
 1.3817391e-001
 1.3965391e-001
 1.4093669e-001
 1.4230289e-001
 1.4322104e-001
 1.4456394e-001
 1.4622581e-001
 1.4777555e-001
 1.4847714e-001
 1.4899327e-001
 1.4965563e-001
 1.5054385e-001
 1.5129383e-001
 1.5170930e-001
 1.5164942e-001
 1.5097168e-001
 1.5110330e-001
 1.5160614e-001
 1.5187699e-001
 1.5203595e-001
 1.5221640e-001
 1.5231453e-001
 1.5215255e-001
 1.5189138e-001
 1.5176770e-001
 1.5177062e-001
 1.5159176e-001
 1.5140831e-001
 1.5126020e-001
 1.5116778e-001
 1.5118551e-001
 1.5125389e-001
 1.5134230e-001
 1.5145808e-001
 1.5176986e-001
 1.5212892e-001
 1.5247019e-001
 1.5287951e-001
 1.5331797e-001
 1.5382944e-001
 1.5441592e-001
 1.5490995e-001
 1.5528569e-001
 1.5561157e-001
 1.5597945e-001
 1.5617166e-001
 1.5637757e-001
 1.5662912e-001
 1.5667421e-001
 1.5665694e-001
 1.5667854e-001
 1.5678266e-001
 1.5684623e-001
 1.5700918e-001
 1.5727180e-001
 1.5754572e-001
 1.5786001e-001
 1.5820904e-001
 1.5859924e-001
 1.5905875e-001
 1.5961358e-001
 1.6018814e-001
 1.6071184e-001
 1.6127339e-001
 1.6181704e-001
 1.6239093e-001
 1.6311203e-001
 1.6387738e-001
 1.6466053e-001
 1.6544674e-001
 1.6621380e-001
 1.6698039e-001
 1.6770868e-001
 1.6836147e-001
 1.6900343e-001
 1.6964008e-001
 1.7026259e-001
 1.7085432e-001
 1.7145537e-001
 1.7205122e-001
 1.7263582e-001
 1.7324568e-001
 1.7392184e-001
 1.7464064e-001
 1.7534681e-001
 1.7601910e-001
 1.7664275e-001
 1.7718111e-001
 1.7756790e-001
 1.7784336e-001
 1.7799346e-001
 1.7800230e-001
 1.7787760e-001
 1.7772228e-001
 1.7756830e-001
 1.7740433e-001
 1.7729613e-001
 1.7728777e-001
 1.7739142e-001
 1.7757529e-001
 1.7783737e-001
 1.7818584e-001
 1.7862444e-001
 1.7912532e-001
 1.7965797e-001
 1.8020476e-001
 1.8076129e-001
 1.8133561e-001
 1.8192016e-001
 1.8250467e-001
 1.8307859e-001
 1.8363561e-001
 1.8421173e-001
 1.8485270e-001
 1.8550800e-001
 1.8619819e-001
 1.8694045e-001
 1.8773888e-001
 1.8860251e-001
 1.8951160e-001
 1.9044232e-001
 1.9139333e-001
 1.9235496e-001
 1.9330177e-001
 1.9420670e-001
 1.9512193e-001
 1.9601648e-001
 1.9687091e-001
 1.9770727e-001
 1.9853920e-001
 1.9935463e-001
 2.0014018e-001
 2.0092736e-001
 2.0167533e-001
 2.0236830e-001
 2.0301324e-001
 2.0355070e-001
 2.0399807e-001
 2.0436090e-001
 2.0456927e-001
 2.0466720e-001
 2.0468757e-001
 2.0467417e-001
 2.0474100e-001
 2.0494823e-001
 2.0533052e-001
 2.0590064e-001
 2.0659751e-001
 2.0735574e-001
 2.0811275e-001
 2.0881999e-001
 2.0947635e-001
 2.1007892e-001
 2.1062110e-001
 2.1110494e-001
 2.1152425e-001
 2.1187994e-001
 2.1218784e-001
 2.1245472e-001
 2.1267870e-001
 2.1285377e-001
 2.1296977e-001
 2.1303093e-001
 2.1303748e-001
 2.1298303e-001
 2.1289906e-001
 2.1277367e-001
 2.1259183e-001
 2.1235871e-001
 2.1208435e-001
 2.1176617e-001
 2.1139942e-001
 2.1101978e-001
 2.1060717e-001
 2.1016662e-001
 2.0975277e-001
 2.0934807e-001
 2.0895082e-001
 2.0857023e-001
 2.0824428e-001
 2.0794988e-001
 2.0766872e-001
 2.0739138e-001
 2.0713896e-001
 2.0690514e-001
 2.0668155e-001
 2.0646662e-001
 2.0625804e-001
 2.0605557e-001
 2.0586120e-001
 2.0568828e-001
 2.0550217e-001
 2.0529144e-001
 2.0507930e-001
 2.0483495e-001
 2.0457062e-001
 2.0429973e-001
 2.0399660e-001
 2.0368592e-001
 2.0337696e-001
 2.0306593e-001
 2.0273356e-001
 2.0239235e-001
 2.0205458e-001
 2.0172311e-001
 2.0136909e-001
 2.0098609e-001
 2.0058361e-001
 2.0020427e-001
 1.9982481e-001
 1.9942516e-001
 1.9899559e-001
 1.9856095e-001
 1.9814356e-001
 1.9775698e-001
 1.9740202e-001
 1.9701982e-001
 1.9660376e-001
 1.9617960e-001
 1.9573261e-001
 1.9526593e-001
 1.9479734e-001
 1.9436415e-001
 1.9395420e-001
 1.9355570e-001
 1.9315115e-001
 1.9270977e-001
 1.9222626e-001
 1.9172618e-001
 1.9126102e-001
 1.9082111e-001
 1.9038101e-001
 1.8991776e-001
 1.8942693e-001
 1.8891610e-001
 1.8840806e-001
 1.8792893e-001
 1.8746774e-001
 1.8700255e-001
 1.8653983e-001
 1.8612336e-001
 1.8568811e-001
 1.8521969e-001
 1.8472394e-001
 1.8421438e-001
 1.8372791e-001
 1.8326302e-001
 1.8279126e-001
 1.8232085e-001
 1.8184170e-001
 1.8134736e-001
 1.8083860e-001
 1.8034028e-001
 1.7985868e-001
 1.7938985e-001
 1.7891970e-001
 1.7843993e-001
 1.7795418e-001
 1.7747647e-001
 1.7700386e-001
 1.7653275e-001
 1.7605986e-001
 1.7558207e-001
 1.7513120e-001
 1.7470413e-001
 1.7427494e-001
 1.7380731e-001
 1.7332017e-001
 1.7282590e-001
 1.7231832e-001
 1.7182148e-001
 1.7132995e-001
 1.7083821e-001
 1.7037128e-001
 1.6992258e-001
 1.6948123e-001
 1.6903362e-001
 1.6858104e-001
 1.6812728e-001
 1.6767886e-001
 1.6724938e-001
 1.6682854e-001
 1.6640538e-001
 1.6597389e-001
 1.6554405e-001
 1.6511905e-001
 1.6469972e-001
 1.6428517e-001
 1.6386153e-001
 1.6344199e-001
 1.6303445e-001
 1.6262282e-001
 1.6221590e-001
 1.6182484e-001
 1.6145703e-001
 1.6108407e-001
 1.6071732e-001
 1.6035581e-001
 1.5998147e-001
 1.5962827e-001
 1.5929110e-001
 1.5895693e-001
 1.5861958e-001
 1.5826206e-001
 1.5789877e-001
 1.5755755e-001
 1.5721002e-001
 1.5687551e-001
 1.5656352e-001
 1.5625955e-001
 1.5594897e-001
 1.5563591e-001
 1.5532897e-001
 1.5502848e-001
 1.5472488e-001
 1.5441629e-001
 1.5410747e-001
 1.5381172e-001
 1.5353753e-001
 1.5328059e-001
 1.5301676e-001
 1.5275709e-001
 1.5250267e-001
 1.5225273e-001
 1.5201446e-001
 1.5178272e-001
 1.5154605e-001
 1.5129162e-001
 1.5105703e-001
 1.5083376e-001
 1.5060718e-001
 1.5036541e-001
 1.5013430e-001
 1.4992030e-001
 1.4971820e-001
 1.4950520e-001
 1.4928810e-001
 1.4906916e-001
 1.4884555e-001
 1.4862561e-001
 1.4841691e-001
 1.4822701e-001
 1.4806695e-001
 1.4792001e-001
 1.4777952e-001
 1.4764035e-001
 1.4748290e-001
 1.4731817e-001
 1.4715962e-001
 1.4701907e-001
 1.4687704e-001
 1.4674038e-001
 1.4661269e-001
 1.4647675e-001
 1.4634129e-001
 1.4621921e-001
 1.4612404e-001
 1.4606124e-001
 1.4599487e-001
 1.4591534e-001
 1.4584255e-001
 1.4577319e-001
 1.4570244e-001
 1.4563252e-001
 1.4558405e-001
 1.4554735e-001
 1.4552072e-001
 1.4550562e-001
 1.4550860e-001
 1.4550561e-001
 1.4549670e-001
 1.4550643e-001
 1.4551698e-001
 1.4552802e-001
 1.4554317e-001
 1.4556757e-001
 1.4560676e-001
 1.4565361e-001
 1.4569943e-001
 1.4576036e-001
 1.4580458e-001
 1.4583907e-001
 1.4590532e-001
 1.4598349e-001
 1.4607300e-001
 1.4617455e-001
 1.4628498e-001
 1.4640133e-001
 1.4652976e-001
 1.4667004e-001
 1.4678131e-001
 1.4688629e-001
 1.4700127e-001
 1.4713383e-001
 1.4727086e-001
 1.4743130e-001
 1.4762256e-001
 1.4782709e-001
 1.4802387e-001
 1.4821513e-001
 1.4841111e-001
 1.4862187e-001
 1.4882734e-001
 1.4903003e-001
 1.4924645e-001
 1.4946973e-001
 1.4971006e-001
 1.4997429e-001
 1.5026243e-001
 1.5054002e-001
 1.5079945e-001
 1.5105145e-001
 1.5133372e-001
 1.5162860e-001
 1.5193227e-001
 1.5224351e-001
 1.5254498e-001
 1.5285265e-001
 1.5317094e-001
 1.5349288e-001
 1.5383223e-001
 1.5416767e-001
 1.5448615e-001
 1.5479968e-001
 1.5511769e-001
 1.5544647e-001
 1.5578698e-001
 1.5612713e-001
 1.5648344e-001
 1.5684979e-001
 1.5720785e-001
 1.5755740e-001
 1.5791452e-001
 1.5827347e-001
 1.5860060e-001
 1.5891212e-001
 1.5920407e-001
 1.5948254e-001
 1.5979096e-001
 1.6008405e-001
 1.6035317e-001
 1.6060057e-001
 1.6080911e-001
 1.6100374e-001
 1.6120704e-001
 1.6143163e-001
 1.6163048e-001
 1.6181508e-001
 1.6199526e-001
 1.6216855e-001
 1.6233544e-001
 1.6249509e-001
 1.6264229e-001
 1.6275994e-001
 1.6286361e-001
 1.6295311e-001
 1.6302234e-001
 1.6307002e-001
 1.6310400e-001
 1.6313025e-001
 1.6315159e-001
 1.6316079e-001
 1.6315608e-001
 1.6313672e-001
 1.6310231e-001
 1.6306889e-001
 1.6301832e-001
 1.6293703e-001
 1.6284114e-001
 1.6273968e-001
 1.6262223e-001
 1.6248243e-001
 1.6236411e-001
 1.6224769e-001
 1.6211881e-001
 1.6197035e-001
 1.6180792e-001
 1.6163749e-001
 1.6146882e-001
 1.6131429e-001
 1.6115949e-001
 1.6098936e-001
 1.6079493e-001
 1.6057736e-001
 1.6036999e-001
 1.6017048e-001
 1.5996809e-001
 1.5976913e-001
 1.5955208e-001
 1.5931024e-001
 1.5905429e-001
 1.5883781e-001
 1.5862601e-001
 1.5840682e-001
 1.5818895e-001
 1.5795156e-001
 1.5770292e-001
 1.5745950e-001
 1.5723948e-001
 1.5700006e-001
 1.5675876e-001
 1.5653227e-001
 1.5631004e-001
 1.5608266e-001
 1.5585293e-001
 1.5562662e-001
 1.5540259e-001
 1.5518403e-001
 1.5497091e-001
 1.5476203e-001
 1.5456699e-001
 1.5436047e-001
 1.5414813e-001
 1.5395482e-001
 1.5375757e-001
 1.5357010e-001
 1.5338455e-001
 1.5317193e-001
 1.5298194e-001
 1.5280940e-001
 1.5263669e-001
 1.5244335e-001
 1.5226144e-001
 1.5209952e-001
 1.5195677e-001
 1.5182900e-001
 1.5167667e-001
 1.5150674e-001
 1.5134269e-001
 1.5120384e-001
 1.5105778e-001
 1.5090060e-001
 1.5074496e-001
 1.5060765e-001
 1.5048583e-001
 1.5037023e-001
 1.5025258e-001
 1.5015736e-001
 1.5006098e-001
 1.4996368e-001
 1.4988722e-001
 1.4981450e-001
 1.4974396e-001
 1.4967787e-001
 1.4961967e-001
 1.4955455e-001
 1.4949812e-001
 1.4946008e-001
 1.4943178e-001
 1.4938192e-001
 1.4933260e-001
 1.4930342e-001
 1.4927763e-001
 1.4928064e-001
 1.4928542e-001
 1.4926594e-001
 1.4923982e-001
 1.4924291e-001
 1.4927392e-001
 1.4931232e-001
 1.4933081e-001
 1.4934425e-001
 1.4936969e-001
 1.4941415e-001
 1.4944050e-001
 1.4947502e-001
 1.4951935e-001
 1.4956370e-001
 1.4962304e-001
 1.4968777e-001
 1.4976306e-001
 1.4985707e-001
 1.4992668e-001
 1.4999826e-001
 1.5008375e-001
 1.5017538e-001
 1.5024972e-001
 1.5033236e-001
 1.5044339e-001
 1.5058435e-001
 1.5070106e-001
 1.5080415e-001
 1.5092270e-001
 1.5108618e-001
 1.5122551e-001
 1.5134339e-001
 1.5145862e-001
 1.5159069e-001
 1.5169288e-001
 1.5176970e-001
 1.5184714e-001
 1.5196165e-001
 1.5206735e-001
 1.5214972e-001
 1.5222459e-001
 1.5233926e-001
 1.5246823e-001
 1.5260093e-001
 1.5273987e-001
 1.5290244e-001
 1.5304625e-001
 1.5318669e-001
 1.5334088e-001
 1.5350263e-001
 1.5364307e-001
 1.5379265e-001
 1.5396608e-001
 1.5412605e-001
 1.5429324e-001
 1.5448412e-001
 1.5468821e-001
 1.5485185e-001
 1.5502492e-001
 1.5523311e-001
 1.5545659e-001
 1.5561198e-001
 1.5574060e-001
 1.5586121e-001
 1.5598945e-001
 1.5613991e-001
 1.5628017e-001
 1.5640511e-001
 1.5652017e-001
 1.5663612e-001
 1.5671426e-001
 1.5679443e-001
 1.5690321e-001
 1.5701438e-001
 1.5714319e-001
 1.5726657e-001
 1.5738302e-001
 1.5752956e-001
 1.5762039e-001
 1.5768793e-001
 1.5776008e-001
 1.5782277e-001
 1.5788218e-001
 1.5796185e-001
 1.5804777e-001
 1.5808524e-001
 1.5813783e-001
 1.5820891e-001
 1.5826999e-001
 1.5828077e-001
 1.5832070e-001
 1.5832940e-001
 1.5830714e-001
 1.5832639e-001
 1.5841629e-001
 1.5847173e-001
 1.5844919e-001
 1.5847068e-001
 1.5848938e-001
 1.5850492e-001
 1.5851706e-001
 1.5852571e-001
 1.5853089e-001
 1.5853283e-001
 1.5853176e-001
 1.5852802e-001
 1.5852192e-001
 1.5851370e-001
 1.5850358e-001
 1.5849169e-001
 1.5847814e-001
 1.5846305e-001
 1.5844652e-001
 1.5842862e-001
 1.5840942e-001
 1.5838896e-001
 1.5836722e-001
 1.5834422e-001
 1.5832001e-001
 1.5829472e-001
 1.5826857e-001
 1.5824182e-001
 1.5821478e-001
 1.5818761e-001
 1.5816039e-001
 1.5813294e-001
 1.5810487e-001
 1.5807559e-001
 1.5804440e-001
 1.5801057e-001
 1.5797350e-001
 1.5793276e-001
 1.5788817e-001
 1.5783988e-001
 1.5778825e-001
 1.5773384e-001
 1.5767729e-001
 1.5761928e-001
 1.5756036e-001
 1.5750100e-001
 1.5744160e-001
 1.5738246e-001
 1.5732393e-001
 1.5726639e-001
 1.5721028e-001
 1.5715612e-001
 1.5710446e-001
 1.5705587e-001
 1.5701079e-001
 1.5696955e-001
 1.5693234e-001
 1.5689915e-001
 1.5686990e-001
 1.5684435e-001
 1.5682222e-001
 1.5680324e-001
 1.5678714e-001
 1.5677363e-001
 1.5676247e-001
 1.5675344e-001
 1.5674634e-001
 1.5674110e-001
 1.5673763e-001
 1.5673593e-001
 1.5673597e-001
 1.5673766e-001
 1.5674078e-001
 1.5674508e-001
 1.5675013e-001
 1.5675563e-001
 1.5676132e-001
 1.5676713e-001
 1.5677319e-001
 1.5677981e-001
 1.5678741e-001
 1.5679647e-001
 1.5680744e-001
 1.5682073e-001
 1.5683670e-001
 1.5685563e-001
 1.5687768e-001
 1.5690291e-001
 1.5693122e-001
 1.5696238e-001
 1.5699600e-001
 1.5703160e-001
 1.5706863e-001
 1.5710659e-001
 1.5714508e-001
 1.5718375e-001
 1.5722238e-001
 1.5726079e-001
 1.5729889e-001
 1.5733659e-001
 1.5737389e-001
 1.5741085e-001
 1.5744761e-001
 1.5748447e-001
 1.5752187e-001
 1.5756030e-001
 1.5760030e-001
 1.5764244e-001
 1.5768725e-001
 1.5773520e-001
 1.5778668e-001
 1.5784204e-001
 1.5790151e-001
 1.5796520e-001
 1.5803309e-001
 1.5810499e-001
 1.5818061e-001
 1.5825956e-001
 1.5834135e-001
 1.5842561e-001
 1.5851198e-001
 1.5860023e-001
 1.5869027e-001
 1.5878212e-001
 1.5887597e-001
 1.5897204e-001
 1.5907069e-001
 1.5917224e-001
 1.5927699e-001
 1.5938523e-001
 1.5949710e-001
 1.5961261e-001
 1.5973167e-001
 1.5985405e-001
 1.5997955e-001
 1.6010793e-001
 1.6023910e-001
 1.6037305e-001
 1.6050990e-001
 1.6064991e-001
 1.6079332e-001
 1.6094038e-001
 1.6109124e-001
 1.6124588e-001
 1.6140425e-001
 1.6156609e-001
 1.6173103e-001
 1.6189881e-001
 1.6206908e-001
 1.6224168e-001
 1.6241655e-001
 1.6259372e-001
 1.6277340e-001
 1.6295575e-001
 1.6314095e-001
 1.6332904e-001
 1.6351981e-001
 1.6371304e-001
 1.6390821e-001
 1.6410489e-001
 1.6430257e-001
 1.6450092e-001
 1.6469981e-001
 1.6489919e-001
 1.6509925e-001
 1.6530015e-001
 1.6550206e-001
 1.6570516e-001
 1.6590951e-001
 1.6611513e-001
 1.6632217e-001
 1.6653071e-001
 1.6674109e-001
 1.6695364e-001
 1.6716880e-001
 1.6738704e-001
 1.6760868e-001
 1.6783403e-001
 1.6806313e-001
 1.6829593e-001
 1.6853231e-001
 1.6877201e-001
 1.6901483e-001
 1.6926052e-001
 1.6950880e-001
 1.6975959e-001
 1.7001264e-001
 1.7026785e-001
 1.7052501e-001
 1.7078397e-001
 1.7104465e-001
 1.7130692e-001
 1.7157075e-001
 1.7183621e-001
 1.7210335e-001
 1.7237243e-001
 1.7264368e-001
 1.7291737e-001
 1.7319393e-001
 1.7347366e-001
 1.7375699e-001
 1.7404418e-001
 1.7433542e-001
 1.7463090e-001
 1.7493051e-001
 1.7523424e-001
 1.7554186e-001
 1.7585304e-001
 1.7616758e-001
 1.7648509e-001
 1.7680539e-001
 1.7712823e-001
 1.7745346e-001
 1.7778115e-001
 1.7811130e-001
 1.7844404e-001
 1.7877959e-001
 1.7911805e-001
 1.7945965e-001
 1.7980440e-001
 1.8015230e-001
 1.8050332e-001
 1.8085723e-001
 1.8121374e-001
 1.8157233e-001
 1.8193236e-001
 1.8229318e-001
 1.8265395e-001
 1.8301407e-001
 1.8337290e-001
 1.8373007e-001
 1.8408555e-001
 1.8443942e-001
 1.8479213e-001
 1.8514416e-001
 1.8549599e-001
 1.8584828e-001
 1.8620141e-001
 1.8655576e-001
 1.8691146e-001
 1.8726845e-001
 1.8762670e-001
 1.8798593e-001
 1.8834583e-001
 1.8870631e-001
 1.8906708e-001
 1.8942818e-001
 1.8978955e-001
 1.9015121e-001
 1.9051331e-001
 1.9087581e-001
 1.9123882e-001
 1.9160230e-001
 1.9196616e-001
 1.9233043e-001
 1.9269492e-001
 1.9305959e-001
 1.9342424e-001
 1.9378862e-001
 1.9415255e-001
 1.9451568e-001
 1.9487780e-001
 1.9523861e-001
 1.9559777e-001
 1.9595510e-001
 1.9631021e-001
 1.9666266e-001
 1.9701210e-001
 1.9735786e-001
 1.9769946e-001
 1.9803634e-001
 1.9836807e-001
 1.9869456e-001
 1.9901586e-001
 1.9933252e-001
 1.9964536e-001
 1.9995551e-001
 2.0026457e-001
 2.0057431e-001
 2.0088682e-001
 2.0120434e-001
 2.0152928e-001
 2.0186426e-001
 2.0221178e-001
 2.0257440e-001
 2.0295428e-001
 2.0335308e-001
 2.0377199e-001
 2.0421116e-001
 2.0467007e-001
 2.0514713e-001
 2.0564002e-001
 2.0614600e-001
 2.0666188e-001
 2.0718443e-001
 2.0771079e-001
 2.0823824e-001
 2.0876475e-001
 2.0928857e-001
 2.0980845e-001
 2.1032371e-001
 2.1083380e-001
 2.1133871e-001
 2.1183854e-001
 2.1233365e-001
 2.1282478e-001
 2.1331261e-001
 2.1379815e-001
 2.1428229e-001
 2.1476585e-001
 2.1524972e-001
 2.1573444e-001
 2.1622059e-001
 2.1670836e-001
 2.1719776e-001
 2.1768877e-001
 2.1818104e-001
 2.1867408e-001
 2.1916749e-001
 2.1966058e-001
 2.2015296e-001
 2.2064410e-001
 2.2113363e-001
 2.2162144e-001
 2.2210735e-001
 2.2259153e-001
 2.2307405e-001
 2.2355503e-001
 2.2403485e-001
 2.2451361e-001
 2.2499172e-001
 2.2546946e-001
 2.2594696e-001
 2.2642453e-001
 2.2690205e-001
 2.2737937e-001
 2.2785586e-001
 2.2833057e-001
 2.2880238e-001
 2.2926973e-001
 2.2973086e-001
 2.3018405e-001
 2.3062734e-001
 2.3105894e-001
 2.3147689e-001
 2.3187913e-001
 2.3226357e-001
 2.3262760e-001
 2.3296840e-001
 2.3328252e-001
 2.3356605e-001
 2.3381479e-001
 2.3402426e-001
 2.3419020e-001
 2.3430885e-001
 2.3437762e-001
 2.3439568e-001
 2.3436451e-001
 2.3428845e-001
 2.3417498e-001
 2.3403464e-001
 2.3388055e-001
 2.3372754e-001
 2.3359066e-001
 2.3348367e-001
 2.3341711e-001
 2.3339628e-001
 2.3341951e-001
 2.3347627e-001
 2.3354565e-001
 2.3359498e-001
 2.3357920e-001
 2.3344091e-001
 2.3311217e-001
 2.3251794e-001
 2.3158255e-001
 2.3023750e-001
 2.2843222e-001
 2.2614424e-001
 2.2338665e-001
 2.2021450e-001
 2.1672103e-001
 2.1303245e-001
 2.0929360e-001
 2.0564969e-001
 2.0223226e-001
 1.9914168e-001
 1.9644172e-001
 1.9415660e-001
 1.9227549e-001
 1.9076402e-001
 1.8957537e-001
 1.8866162e-001
 1.8798369e-001
 1.8751566e-001
 1.8724677e-001
 1.8717924e-001
 1.8732455e-001
 1.8769890e-001
 1.8831922e-001
 1.8919981e-001
 1.9035044e-001
 1.9177608e-001
 1.9347565e-001
 1.9544345e-001
 1.9766784e-001
 2.0013151e-001
 2.0281214e-001
 2.0568033e-001
 2.0870234e-001
 2.1183872e-001
 2.1504685e-001
 2.1828419e-001
 2.2150785e-001
 2.2467980e-001
 2.2776593e-001
 2.3073836e-001
 2.3357692e-001
 2.3626697e-001
 2.3879986e-001
 2.4117297e-001
 2.4338676e-001
 2.4544615e-001
 2.4735788e-001
 2.4913082e-001
 2.5077602e-001
 2.5230491e-001
 2.5373039e-001
 2.5506520e-001
 2.5632203e-001
 2.5751358e-001
 2.5865114e-001
 2.5974524e-001
 2.6080474e-001
 2.6183686e-001
 2.6284757e-001
 2.6384091e-001
 2.6482004e-001
 2.6578665e-001
 2.6674172e-001
 2.6768610e-001
 2.6862010e-001
 2.6954409e-001
 2.7045897e-001
 2.7136540e-001
 2.7226475e-001
 2.7315804e-001
 2.7404633e-001
 2.7493066e-001
 2.7581140e-001
 2.7668881e-001
 2.7756247e-001
 2.7843153e-001
 2.7929524e-001
 2.8015229e-001
 2.8100181e-001
 2.8184286e-001
 2.8267464e-001
 2.8349695e-001
 2.8430948e-001
 2.8511247e-001
 2.8590611e-001
 2.8669059e-001
 2.8746656e-001
 2.8823438e-001
 2.8899440e-001
 2.8974724e-001
 2.9049304e-001
 2.9123223e-001
 2.9196480e-001
 2.9269069e-001
 2.9340988e-001
 2.9412201e-001
 2.9482689e-001
 2.9552418e-001
 2.9621342e-001
 2.9689452e-001
 2.9756719e-001
 2.9823154e-001
 2.9888758e-001
 2.9953527e-001
 3.0017492e-001
 3.0080640e-001
 3.0142984e-001
 3.0204499e-001
 3.0265158e-001
 3.0324975e-001
 3.0383939e-001
 3.0442101e-001
 3.0499527e-001
 3.0556312e-001
 3.0612597e-001
 3.0668506e-001
 3.0724162e-001
 3.0779687e-001
 3.0835140e-001
 3.0890575e-001
 3.0945989e-001
 3.1001362e-001
 3.1056669e-001
 3.1111866e-001
 3.1166944e-001
 3.1221893e-001
 3.1276712e-001
 3.1331444e-001
 3.1386098e-001
 3.1440717e-001
 3.1495321e-001
 3.1549919e-001
 3.1604525e-001
 3.1659141e-001
 3.1713772e-001
 3.1768423e-001
 3.1823096e-001
 3.1877822e-001
 3.1932613e-001
 3.1987491e-001
 3.2042497e-001
 3.2097644e-001
 3.2152969e-001
 3.2208484e-001
 3.2264203e-001
 3.2320139e-001
 3.2376283e-001
 3.2432628e-001
 3.2489136e-001
 3.2545757e-001
 3.2602441e-001
 3.2659116e-001
 3.2715738e-001
 3.2772252e-001
 3.2828626e-001
 3.2884872e-001
 3.2940990e-001
 3.2997024e-001
 3.3053002e-001
 3.3108944e-001
 3.3164889e-001
 3.3220822e-001
 3.3276749e-001
 3.3332631e-001
 3.3388424e-001
 3.3444089e-001
 3.3499572e-001
 3.3554822e-001
 3.3609825e-001
 3.3664557e-001
 3.3719054e-001
 3.3773342e-001
 3.3827484e-001
 3.3881566e-001
 3.3935645e-001
 3.3989808e-001
 3.4044096e-001
 3.4098530e-001
 3.4153125e-001
 3.4207845e-001
 3.4262669e-001
 3.4317541e-001
 3.4372416e-001
 3.4427276e-001
 3.4482095e-001
 3.4536901e-001
 3.4591717e-001
 3.4646580e-001
 3.4701526e-001
 3.4756562e-001
 3.4811655e-001
 3.4866750e-001
 3.4921736e-001
 3.4976503e-001
 3.5030916e-001
 3.5084856e-001
 3.5138252e-001
 3.5191047e-001
 3.5243258e-001
 3.5294923e-001
 3.5346121e-001
 3.5396966e-001
 3.5447553e-001
 3.5497999e-001
 3.5548374e-001
 3.5598731e-001
 3.5649115e-001
 3.5699522e-001
 3.5749969e-001
 3.5800445e-001
 3.5850936e-001
 3.5901451e-001
 3.5951972e-001
 3.6002463e-001
 3.6052889e-001
 3.6103177e-001
 3.6153263e-001
 3.6203063e-001
 3.6252511e-001
 3.6301586e-001
 3.6350280e-001
 3.6398637e-001
 3.6446720e-001
 3.6494589e-001
 3.6542323e-001
 3.6589953e-001
 3.6637509e-001
 3.6684978e-001
 3.6732340e-001
 3.6779594e-001
 3.6826730e-001
 3.6873803e-001
 3.6920866e-001
 3.6968011e-001
 3.7015349e-001
 3.7062964e-001
 3.7110946e-001
 3.7159324e-001
 3.7208086e-001
 3.7257203e-001
 3.7306586e-001
 3.7356123e-001
 3.7405711e-001
 3.7455231e-001
 3.7504596e-001
 3.7553725e-001
 3.7602556e-001
 3.7651068e-001
 3.7699234e-001
 3.7747070e-001
 3.7794581e-001
 3.7841785e-001
 3.7888721e-001
 3.7935409e-001
 3.7981895e-001
 3.8028207e-001
 3.8074368e-001
 3.8120410e-001
 3.8166332e-001
 3.8212153e-001
 3.8257861e-001
 3.8303447e-001
 3.8348919e-001
 3.8394275e-001
 3.8439515e-001
 3.8484666e-001
 3.8529733e-001
 3.8574740e-001
 3.8619688e-001
 3.8664562e-001
 3.8709354e-001
 3.8754028e-001
 3.8798562e-001
 3.8842919e-001
 3.8887081e-001
 3.8931057e-001
 3.8974851e-001
 3.9018509e-001
 3.9062068e-001
 3.9105570e-001
 3.9149061e-001
 3.9192551e-001
 3.9236051e-001
 3.9279515e-001
 3.9322880e-001
 3.9366069e-001
 3.9408985e-001
 3.9451554e-001
 3.9493725e-001
 3.9535478e-001
 3.9576855e-001
 3.9617926e-001
 3.9658782e-001
 3.9699543e-001
 3.9740291e-001
 3.9781108e-001
 3.9822009e-001
 3.9862967e-001
 3.9903927e-001
 3.9944780e-001
 3.9985418e-001
 4.0025708e-001
 4.0065533e-001
 4.0104815e-001
 4.0143484e-001
 4.0181535e-001
 4.0218979e-001
 4.0255851e-001
 4.0292209e-001
 4.0328106e-001
 4.0363604e-001
 4.0398747e-001
 4.0433583e-001
 4.0468168e-001
 4.0502563e-001
 4.0536839e-001
 4.0571085e-001
 4.0605369e-001
 4.0639773e-001
 4.0674341e-001
 4.0709087e-001
 4.0744010e-001
 4.0779066e-001
 4.0814206e-001
 4.0849349e-001
 4.0884405e-001
 4.0919286e-001
 4.0953872e-001
 4.0988046e-001
 4.1021678e-001
 4.1054630e-001
 4.1086781e-001
 4.1118020e-001
 4.1148284e-001
 4.1177541e-001
 4.1205803e-001
 4.1233143e-001
 4.1259655e-001
 4.1285449e-001
 4.1310662e-001
 4.1335407e-001
 4.1359788e-001
 4.1383892e-001
 4.1407788e-001
 4.1431540e-001
 4.1455197e-001
 4.1478825e-001
 4.1502467e-001
 4.1526181e-001
 4.1550013e-001
 4.1573989e-001
 4.1598117e-001
 4.1622370e-001
 4.1646683e-001
 4.1670972e-001
 4.1695118e-001
 4.1719010e-001
 4.1742533e-001
 4.1765597e-001
 4.1788152e-001
 4.1810179e-001
 4.1831696e-001
 4.1852748e-001
 4.1873387e-001
 4.1893667e-001
 4.1913629e-001
 4.1933286e-001
 4.1952649e-001
 4.1971704e-001
 4.1990453e-001
 4.2008907e-001
 4.2027104e-001
 4.2045125e-001
 4.2063081e-001
 4.2081118e-001
 4.2099386e-001
 4.2118043e-001
 4.2137229e-001
 4.2157051e-001
 4.2177582e-001
 4.2198855e-001
 4.2220870e-001
 4.2243603e-001
 4.2267010e-001
 4.2291036e-001
 4.2315617e-001
 4.2340687e-001
 4.2366174e-001
 4.2392001e-001
 4.2418087e-001
 4.2444351e-001
 4.2470708e-001
 4.2497084e-001
 4.2523390e-001
 4.2549542e-001
 4.2575452e-001
 4.2601031e-001
 4.2626199e-001
 4.2650864e-001
 4.2674947e-001
 4.2698386e-001
 4.2721131e-001
 4.2743158e-001
 4.2764461e-001
 4.2785051e-001
 4.2804986e-001
 4.2824313e-001
 4.2843097e-001
 4.2861390e-001
 4.2879215e-001
 4.2896569e-001
 4.2913407e-001
 4.2929661e-001
 4.2945227e-001
 4.2959994e-001
 4.2973843e-001
 4.2986646e-001
 4.2998260e-001
 4.3008518e-001
 4.3017220e-001
 4.3024141e-001
 4.3029034e-001
 4.3031678e-001
 4.3031898e-001
 4.3029642e-001
 4.3026075e-001
 4.3019077e-001
 4.3010288e-001
 4.3000290e-001
 4.2989746e-001
 4.2979327e-001
 4.2969665e-001
 4.2961279e-001
 4.2954543e-001
 4.2949703e-001
 4.2946869e-001
 4.2946044e-001
 4.2947146e-001
 4.2950028e-001
 4.2954496e-001
 4.2960319e-001
 4.2967230e-001
 4.2974937e-001
 4.2983124e-001
 4.2991447e-001
 4.2999563e-001
 4.3007123e-001
 4.3013799e-001
 4.3019289e-001
 4.3023309e-001
 4.3025622e-001
 4.3026015e-001
 4.3024313e-001
 4.3020397e-001
 4.3014228e-001
 4.3005896e-001
 4.2995623e-001
 4.2983815e-001
 4.2971027e-001
 4.2957941e-001
 4.2945275e-001
 4.2933705e-001
 4.2923790e-001
 4.2915908e-001
 4.2910245e-001
 4.2906818e-001
 4.2905533e-001
 4.2906240e-001
 4.2908794e-001
 4.2913073e-001
 4.2918983e-001
 4.2926437e-001
 4.2935315e-001
 4.2945457e-001
 4.2956674e-001
 4.2968777e-001
 4.2981601e-001
 4.2995045e-001
 4.3009052e-001
 4.3023598e-001
 4.3038625e-001
 4.3053970e-001
 4.3069312e-001
 4.3084154e-001
 4.3097836e-001
 4.3109611e-001
 4.3118739e-001
 4.3124625e-001
 4.3126914e-001
 4.3125570e-001
 4.3120891e-001
 4.3113446e-001
 4.3103972e-001
 4.3093222e-001
 4.3081811e-001
 4.3070078e-001
 4.3058002e-001
 4.3045175e-001
 4.3030837e-001
 4.3013957e-001
 4.2993361e-001
 4.2967862e-001
 4.2936382e-001
 4.2898053e-001
 4.2852259e-001
 4.2798662e-001
 4.2737174e-001
 4.2667869e-001
 4.2590982e-001
 4.2506772e-001
 4.2415544e-001
 4.2317575e-001
 4.2213058e-001
 4.2102149e-001
 4.1984940e-001
 4.1861409e-001
 4.1731578e-001
 4.1595432e-001
 4.1453111e-001
 4.1304937e-001
 4.1151422e-001
 4.0993425e-001
 4.0831977e-001
 4.0668371e-001
 4.0504006e-001
 4.0340230e-001
 4.0178379e-001
 4.0019542e-001
 3.9864632e-001
 3.9714319e-001
 3.9568955e-001
 3.9428750e-001
 3.9293659e-001
 3.9163566e-001
 3.9038271e-001
 3.8917500e-001
 3.8801044e-001
 3.8688654e-001
 3.8580161e-001
 3.8475433e-001
 3.8374323e-001
 3.8276729e-001
 3.8182521e-001
 3.8091478e-001
 3.8003328e-001
 3.7917632e-001
 3.7833855e-001
 3.7751338e-001
 3.7669328e-001
 3.7587085e-001
 3.7503859e-001
 3.7418997e-001
 3.7331960e-001
 3.7242299e-001
 3.7149739e-001
 3.7054104e-001
 3.6955383e-001
 3.6853710e-001
 3.6749294e-001
 3.6642504e-001
 3.6533707e-001
 3.6423329e-001
 3.6311764e-001
 3.6199313e-001
 3.6086231e-001
 3.5972694e-001
 3.5858768e-001
 3.5744518e-001
 3.5629916e-001
 3.5514966e-001
 3.5399652e-001
 3.5283944e-001
 3.5167888e-001
 3.5051513e-001
 3.4934962e-001
 3.4818432e-001
 3.4702143e-001
 3.4586421e-001
 3.4471551e-001
 3.4357867e-001
 3.4245688e-001
 3.4135276e-001
 3.4026930e-001
 3.3920905e-001
 3.3817527e-001
 3.3717164e-001
 3.3620194e-001
 3.3527085e-001
 3.3438334e-001
 3.3354416e-001
 3.3275840e-001
 3.3203027e-001
 3.3136380e-001
 3.3076230e-001
 3.3022809e-001
 3.2976291e-001
 3.2936761e-001
 3.2904246e-001
 3.2878727e-001
 3.2860142e-001
 3.2848418e-001
 3.2843474e-001
 3.2845241e-001
 3.2853636e-001
 3.2868570e-001
 3.2889915e-001
 3.2917491e-001
 3.2951057e-001
 3.2990286e-001
 3.3034810e-001
 3.3084196e-001
 3.3138004e-001
 3.3195785e-001
 3.3257100e-001
 3.3321565e-001
 3.3388808e-001
 3.3458480e-001
 3.3530277e-001
 3.3603859e-001
 3.3678916e-001
 3.3755112e-001
 3.3832124e-001
 3.3909693e-001
 3.3987588e-001
 3.4065709e-001
 3.4144038e-001
 3.4222740e-001
 3.4302038e-001
 3.4382337e-001
 3.4464133e-001
 3.4547931e-001
 3.4634319e-001
 3.4723860e-001
 3.4817103e-001
 3.4914455e-001
 3.5016301e-001
 3.5122913e-001
 3.5234359e-001
 3.5350668e-001
 3.5471743e-001
 3.5597301e-001
 3.5727054e-001
 3.5860625e-001
 3.5997626e-001
 3.6137545e-001
 3.6279964e-001
 3.6424464e-001
 3.6570528e-001
 3.6717752e-001
 3.6865744e-001
 3.7014028e-001
 3.7162262e-001
 3.7310156e-001
 3.7457374e-001
 3.7603757e-001
 3.7749186e-001
 3.7893632e-001
 3.8037005e-001
 3.8179326e-001
 3.8320619e-001
 3.8460770e-001
 3.8599747e-001
 3.8737479e-001
 3.8873771e-001
 3.9008507e-001
 3.9141518e-001
 3.9272630e-001
 3.9401561e-001
 3.9528084e-001
 3.9651966e-001
 3.9772901e-001
 3.9890701e-001
 4.0005240e-001
 4.0116376e-001
 4.0224117e-001
 4.0328509e-001
 4.0429533e-001
 4.0527222e-001
 4.0621531e-001
 4.0712342e-001
 4.0799373e-001
 4.0882289e-001
 4.0960625e-001
 4.1033736e-001
 4.1100913e-001
 4.1161355e-001
 4.1214138e-001
 4.1258344e-001
 4.1293031e-001
 4.1317278e-001
 4.1330180e-001
 4.1330904e-001
 4.1318658e-001
 4.1292724e-001
 4.1252428e-001
 4.1197145e-001
 4.1126350e-001
 4.1039559e-001
 4.0936387e-001
 4.0816537e-001
 4.0679953e-001
 4.0526733e-001
 4.0357247e-001
 4.0172371e-001
 3.9973325e-001
 3.9761814e-001
 3.9540228e-001
 3.9311290e-001
 3.9078104e-001
 3.8844195e-001
 3.8612977e-001
 3.8387790e-001
 3.8171601e-001
 3.7967050e-001
 3.7776035e-001
 3.7599832e-001
 3.7439218e-001
 3.7294289e-001
 3.7164682e-001
 3.7049752e-001
 3.6948499e-001
 3.6859769e-001
 3.6782289e-001
 3.6714816e-001
 3.6656088e-001
 3.6604983e-001
 3.6560610e-001
 3.6522308e-001
 3.6489749e-001
 3.6462942e-001
 3.6442170e-001
 3.6427915e-001
 3.6420742e-001
 3.6421114e-001
 3.6429280e-001
 3.6445150e-001
 3.6468223e-001
 3.6497611e-001
 3.6532110e-001
 3.6570239e-001
 3.6610427e-001
 3.6651096e-001
 3.6690691e-001
 3.6727828e-001
 3.6761257e-001
 3.6789924e-001
 3.6812937e-001
 3.6829662e-001
 3.6839718e-001
 3.6843035e-001
 3.6839926e-001
 3.6831114e-001
 3.6817735e-001
 3.6801293e-001
 3.6783576e-001
 3.6766535e-001
 3.6752102e-001
 3.6742058e-001
 3.6737925e-001
 3.6740854e-001
 3.6751631e-001
 3.6770689e-001
 3.6798164e-001
 3.6833996e-001
 3.6878014e-001
 3.6929959e-001
 3.6989605e-001
 3.7056726e-001
 3.7131113e-001
 3.7212476e-001
 3.7300509e-001
 3.7394819e-001
 3.7494820e-001
 3.7599891e-001
 3.7709320e-001
 3.7822264e-001
 3.7937948e-001
 3.8055608e-001
 3.8174438e-001
 3.8293767e-001
 3.8412941e-001
 3.8531387e-001
 3.8648516e-001
 3.8763875e-001
 3.8877085e-001
 3.8987759e-001
 3.9095664e-001
 3.9200625e-001
 3.9302436e-001
 3.9400977e-001
 3.9496073e-001
 3.9587533e-001
 3.9675027e-001
 3.9758223e-001
 3.9836735e-001
 3.9910084e-001
 3.9977849e-001
 4.0039635e-001
 4.0095061e-001
 4.0143868e-001
 4.0185854e-001
 4.0220881e-001
 4.0248895e-001
 4.0269893e-001
 4.0283927e-001
 4.0291062e-001
 4.0291402e-001
 4.0285060e-001
 4.0272173e-001
 4.0252909e-001
 4.0227482e-001
 4.0196195e-001
 4.0159446e-001
 4.0117750e-001
 4.0071729e-001
 4.0022129e-001
 3.9969715e-001
 3.9915243e-001
 3.9859438e-001
 3.9802864e-001
 3.9745918e-001
 3.9688846e-001
 3.9631656e-001
 3.9574164e-001
 3.9516005e-001
 3.9456674e-001
 3.9395475e-001
 3.9331564e-001
 3.9263999e-001
 3.9191657e-001
 3.9113256e-001
 3.9027411e-001
 3.8932532e-001
 3.8826871e-001
 3.8708627e-001
 3.8575831e-001
 3.8426471e-001
 3.8258472e-001
 3.8069883e-001
 3.7858665e-001
 3.7622803e-001
 3.7360543e-001
 3.7070072e-001
 3.6749750e-001
 3.6398453e-001
 3.6015239e-001
 3.5599795e-001
 3.5152394e-001
 3.4674466e-001
 3.4168071e-001
 3.3636248e-001
 3.3083433e-001
 3.2514614e-001
 3.1935528e-001
 3.1352854e-001
 3.0773076e-001
 3.0202574e-001
 2.9647687e-001
 2.9113638e-001
 2.8604859e-001
 2.8124607e-001
 2.7675387e-001
 2.7258265e-001
 2.6873350e-001
 2.6520145e-001
 2.6197168e-001
 2.5902429e-001
 2.5633806e-001
 2.5388786e-001
 2.5164914e-001
 2.4959798e-001
 2.4771374e-001
 2.4597658e-001
 2.4436891e-001
 2.4287589e-001
 2.4148224e-001
 2.4017255e-001
 2.3893097e-001
 2.3773851e-001
 2.3657346e-001
 2.3541218e-001
 2.3422788e-001
 2.3299284e-001
 2.3167938e-001
 2.3026292e-001
 2.2872213e-001
 2.2704142e-001
 2.2521378e-001
 2.2323900e-001
 2.2112492e-001
 2.1888827e-001
 2.1655042e-001
 2.1413736e-001
 2.1167648e-001
 2.0919655e-001
 2.0672205e-001
 2.0427303e-001
 2.0186563e-001
 1.9950794e-001
 1.9720179e-001
 1.9494523e-001
 1.9273035e-001
 1.9054666e-001
 1.8838419e-001
 1.8623191e-001
 1.8408105e-001
 1.8192483e-001
 1.7976107e-001
 1.7758903e-001
 1.7541091e-001
 1.7323294e-001
 1.7106155e-001
 1.6890423e-001
 1.6677007e-001
 1.6466582e-001
 1.6259696e-001
 1.6056621e-001
 1.5857497e-001
 1.5662041e-001
 1.5469733e-001
 1.5279996e-001
 1.5092003e-001
 1.4904891e-001
 1.4717972e-001
 1.4530535e-001
 1.4342037e-001
 1.4152277e-001
 1.3961151e-001
 1.3768847e-001
 1.3575737e-001
 1.3382545e-001
 1.3190039e-001
 1.2999129e-001
 1.2810981e-001
 1.2626691e-001
 1.2447393e-001
 1.2274349e-001
 1.2108650e-001
 1.1951371e-001
 1.1803485e-001
 1.1666036e-001
 1.1539973e-001
 1.1426350e-001
 1.1326474e-001
 1.1241780e-001
 1.1173942e-001
 1.1124835e-001
 1.1096315e-001
 1.1090120e-001
 1.1107679e-001
 1.1149932e-001
 1.1217251e-001
 1.1309422e-001
 1.1425592e-001
 1.1564504e-001
 1.1724593e-001
 1.1904000e-001
 1.2100940e-001
 1.2313721e-001
 1.2540652e-001
 1.2780389e-001
 1.3031736e-001
 1.3293718e-001
 1.3565272e-001
 1.3845521e-001
 1.4133507e-001
 1.4427869e-001
 1.4727189e-001
 1.5029767e-001
 1.5333420e-001
 1.5635994e-001
 1.5935187e-001
 1.6228817e-001
 1.6514668e-001
 1.6790992e-001
 1.7056336e-001
 1.7309363e-001
 1.7549214e-001
 1.7775244e-001
 1.7986836e-001
 1.8183681e-001
 1.8365559e-001
 1.8532193e-001
 1.8683472e-001
 1.8819238e-001
 1.8939304e-001
 1.9043283e-001
 1.9130711e-001
 1.9200906e-001
 1.9252925e-001
 1.9285707e-001
 1.9298095e-001
 1.9288976e-001
 1.9257487e-001
 1.9203173e-001
 1.9126172e-001
 1.9027454e-001
 1.8908830e-001
 1.8773042e-001
 1.8623857e-001
 1.8465760e-001
 1.8303829e-001
 1.8143579e-001
 1.7990378e-001
 1.7849191e-001
 1.7724319e-001
 1.7618890e-001
 1.7534810e-001
 1.7472628e-001
 1.7431659e-001
 1.7410067e-001
 1.7405201e-001
 1.7413872e-001
 1.7432652e-001
 1.7458141e-001
 1.7487139e-001
 1.7516798e-001
 1.7544666e-001
 1.7568693e-001
 1.7587180e-001
 1.7598768e-001
 1.7602348e-001
 1.7597029e-001
 1.7582107e-001
 1.7557052e-001
 1.7521556e-001
 1.7475529e-001
 1.7419162e-001
 1.7352989e-001
 1.7277820e-001
 1.7194736e-001
 1.7104976e-001
 1.7009917e-001
 1.6910833e-001
 1.6808888e-001
 1.6705187e-001
 1.6600654e-001
 1.6496179e-001
 1.6392758e-001
 1.6291393e-001
 1.6193181e-001
 1.6099240e-001
 1.6010708e-001
 1.5928549e-001
 1.5853556e-001
 1.5786383e-001
 1.5727434e-001
 1.5676945e-001
 1.5635039e-001
 1.5601654e-001
 1.5576568e-001
 1.5559378e-001
 1.5549412e-001
 1.5545729e-001
 1.5547100e-001
 1.5552048e-001
 1.5558922e-001
 1.5565996e-001
 1.5571563e-001
 1.5574050e-001
 1.5572080e-001
 1.5564525e-001
 1.5550540e-001
 1.5529580e-001
 1.5501401e-001
 1.5466094e-001
 1.5424053e-001
 1.5375973e-001
 1.5322866e-001
 1.5265955e-001
 1.5206636e-001
 1.5146457e-001
 1.5086934e-001
 1.5029548e-001
 1.4975655e-001
 1.4926508e-001
 1.4883183e-001
 1.4846633e-001
 1.4817727e-001
 1.4797191e-001
 1.4785625e-001
 1.4783446e-001
 1.4790808e-001
 1.4807548e-001
 1.4833127e-001
 1.4866632e-001
 1.4906803e-001
 1.4952128e-001
 1.5000921e-001
 1.5051514e-001
 1.5102334e-001
 1.5151946e-001
 1.5199141e-001
 1.5242894e-001
 1.5282285e-001
 1.5316522e-001
 1.5344863e-001
 1.5366605e-001
 1.5381059e-001
 1.5387581e-001
 1.5385546e-001
 1.5374368e-001
 1.5353541e-001
 1.5322687e-001
 1.5281670e-001
 1.5230653e-001
 1.5170170e-001
 1.5101193e-001
 1.5025005e-001
 1.4943142e-001
 1.4857242e-001
 1.4768991e-001
 1.4679943e-001
 1.4591539e-001
 1.4505202e-001
 1.4422229e-001
 1.4343846e-001
 1.4271206e-001
 1.4205182e-001
 1.4146335e-001
 1.4094841e-001
 1.4050540e-001
 1.4012928e-001
 1.3981314e-001
-1.2300000e+034
