s07_ASD Record=12277: Zunyite GDS241B <150um        BECKu AREF
 4.5036179e-001
 4.5038220e-001
 4.5042765e-001
 4.5047367e-001
 4.5049682e-001
 4.5048362e-001
 4.5043460e-001
 4.5036235e-001
 4.5028573e-001
 4.5022306e-001
 4.5018718e-001
 4.5018345e-001
 4.5021054e-001
 4.5026183e-001
 4.5032746e-001
 4.5039845e-001
 4.5047104e-001
 4.5054796e-001
 4.5063683e-001
 4.5074722e-001
 4.5088774e-001
 4.5106468e-001
 4.5128229e-001
 4.5154437e-001
 4.5185563e-001
 4.5222130e-001
 4.5264414e-001
 4.5312136e-001
 4.5364571e-001
 4.5421079e-001
 4.5481476e-001
 4.5546100e-001
 4.5615682e-001
 4.5691377e-001
 4.5774493e-001
 4.5865926e-001
 4.5966092e-001
 4.6075058e-001
 4.6192685e-001
 4.6318772e-001
 4.6453369e-001
 4.6596885e-001
 4.6750021e-001
 4.6913522e-001
 4.7087795e-001
 4.7272718e-001
 4.7467509e-001
 4.7670844e-001
 4.7880906e-001
 4.8095518e-001
 4.8312199e-001
 4.8528236e-001
 4.8740906e-001
 4.8947799e-001
 4.9147290e-001
 4.9338779e-001
 4.9522880e-001
 4.9701023e-001
 4.9874210e-001
 5.0041562e-001
 5.0200003e-001
 5.0348920e-001
 5.0488347e-001
 5.0617284e-001
 5.0735128e-001
 5.0844139e-001
 5.0946528e-001
 5.1043141e-001
 5.1133883e-001
 5.1218420e-001
 5.1296693e-001
 5.1369166e-001
 5.1436675e-001
 5.1500225e-001
 5.1560801e-001
 5.1619256e-001
 5.1676184e-001
 5.1731867e-001
 5.1786309e-001
 5.1839298e-001
 5.1890624e-001
 5.1940191e-001
 5.1988089e-001
 5.2034509e-001
 5.2079648e-001
 5.2123588e-001
 5.2166456e-001
 5.2208555e-001
 5.2250445e-001
 5.2292752e-001
 5.2335757e-001
 5.2379215e-001
 5.2422601e-001
 5.2465856e-001
 5.2509898e-001
 5.2556413e-001
 5.2606809e-001
 5.2660918e-001
 5.2716690e-001
 5.2771169e-001
 5.2821898e-001
 5.2867609e-001
 5.2908021e-001
 5.2943295e-001
 5.2973962e-001
 5.3001302e-001
 5.3027427e-001
 5.3054661e-001
 5.3084457e-001
 5.3116691e-001
 5.3150088e-001
 5.3183281e-001
 5.3215426e-001
 5.3245896e-001
 5.3273791e-001
 5.3298146e-001
 5.3319001e-001
 5.3337967e-001
 5.3357458e-001
 5.3378981e-001
 5.3402126e-001
 5.3425270e-001
 5.3447175e-001
 5.3467929e-001
 5.3488505e-001
 5.3509647e-001
 5.3531468e-001
 5.3553879e-001
 5.3577101e-001
 5.3601646e-001
 5.3627825e-001
 5.3655213e-001
 5.3682542e-001
 5.3708339e-001
 5.3731936e-001
 5.3753835e-001
 5.3774792e-001
 5.3794622e-001
 5.3812343e-001
 5.3827733e-001
 5.3842402e-001
 5.3858864e-001
 5.3878468e-001
 5.3900218e-001
 5.3921789e-001
 5.3941786e-001
 5.3961080e-001
 5.3981692e-001
 5.4004282e-001
 5.4027265e-001
 5.4048747e-001
 5.4068971e-001
 5.4090041e-001
 5.4113120e-001
 5.4136658e-001
 5.4157680e-001
 5.4174489e-001
 5.4188216e-001
 5.4202050e-001
 5.4219073e-001
 5.4240191e-001
 5.4263651e-001
 5.4286760e-001
 5.4308158e-001
 5.4328501e-001
 5.4349029e-001
 5.4369795e-001
 5.4389584e-001
 5.4407489e-001
 5.4424268e-001
 5.4441971e-001
 5.4462004e-001
 5.4483616e-001
 5.4504603e-001
 5.4523736e-001
 5.4542518e-001
 5.4564017e-001
 5.4589635e-001
 5.4617161e-001
 5.4642487e-001
 5.4663563e-001
 5.4682022e-001
 5.4700714e-001
 5.4720753e-001
 5.4741853e-001
 5.4763830e-001
 5.4785842e-001
 5.4806048e-001
 5.4824984e-001
 5.4847670e-001
 5.4878050e-001
 5.4912031e-001
 5.4940671e-001
 5.4960346e-001
 5.4976082e-001
 5.4994661e-001
 5.5018359e-001
 5.5046338e-001
 5.5078703e-001
 5.5116737e-001
 5.5159611e-001
 5.5203062e-001
 5.5242652e-001
 5.5278468e-001
 5.5315536e-001
 5.5358219e-001
 5.5404174e-001
 5.5445957e-001
 5.5480921e-001
 5.5517894e-001
 5.5569899e-001
 5.5639452e-001
 5.5713332e-001
 5.5773127e-001
 5.5810261e-001
 5.5831206e-001
 5.5849439e-001
 5.5873436e-001
 5.5902445e-001
 5.5931991e-001
 5.5960929e-001
 5.5991924e-001
 5.6025809e-001
 5.6058007e-001
 5.6083184e-001
 5.6102717e-001
 5.6124938e-001
 5.6157267e-001
 5.6198943e-001
 5.6241083e-001
 5.6273168e-001
 5.6291074e-001
 5.6300962e-001
 5.6314856e-001
 5.6340188e-001
 5.6374335e-001
 5.6411386e-001
 5.6450987e-001
 5.6495279e-001
 5.6540585e-001
 5.6580108e-001
 5.6613821e-001
 5.6648207e-001
 5.6686670e-001
 5.6726539e-001
 5.6766075e-001
 5.6809092e-001
 5.6860280e-001
 5.6917566e-001
 5.6972206e-001
 5.7018578e-001
 5.7059646e-001
 5.7101178e-001
 5.7146925e-001
 5.7200336e-001
 5.7261044e-001
 5.7318115e-001
 5.7359052e-001
 5.7386452e-001
 5.7415152e-001
 5.7453799e-001
 5.7499689e-001
 5.7549357e-001
 5.7601297e-001
 5.7649255e-001
 5.7687759e-001
 5.7724470e-001
 5.7775426e-001
 5.7847095e-001
 5.7927608e-001
 5.7996708e-001
 5.8045942e-001
 5.8086544e-001
 5.8132976e-001
 5.8185488e-001
 5.8236283e-001
 5.8284396e-001
 5.8335036e-001
 5.8388174e-001
 5.8435637e-001
 5.8471060e-001
 5.8499432e-001
 5.8533883e-001
 5.8581156e-001
 5.8635247e-001
 5.8687603e-001
 5.8737338e-001
 5.8789539e-001
 5.8846968e-001
 5.8906317e-001
 5.8963418e-001
 5.9020901e-001
 5.9085768e-001
 5.9158349e-001
 5.9229761e-001
 5.9292078e-001
 5.9343791e-001
 5.9384143e-001
 5.9412032e-001
 5.9434253e-001
 5.9465444e-001
 5.9514081e-001
 5.9574169e-001
 5.9633625e-001
 5.9686232e-001
 5.9734380e-001
 5.9784657e-001
 5.9842205e-001
 5.9906644e-001
 5.9971756e-001
 6.0030830e-001
 6.0082883e-001
 6.0130078e-001
 6.0169268e-001
 6.0194552e-001
 6.0211015e-001
 6.0234582e-001
 6.0274231e-001
 6.0323095e-001
 6.0368258e-001
 6.0405833e-001
 6.0441351e-001
 6.0479909e-001
 6.0522079e-001
 6.0566705e-001
 6.0613519e-001
 6.0663277e-001
 6.0716271e-001
 6.0771060e-001
 6.0824221e-001
 6.0870785e-001
 6.0905194e-001
 6.0924244e-001
 6.0932118e-001
 6.0942930e-001
 6.0974246e-001
 6.1033320e-001
 6.1108232e-001
 6.1174971e-001
 6.1216098e-001
 6.1233920e-001
 6.1246204e-001
 6.1270535e-001
 6.1312628e-001
 6.1366487e-001
 6.1421430e-001
 6.1467963e-001
 6.1500072e-001
 6.1515927e-001
 6.1517984e-001
 6.1511481e-001
 6.1501849e-001
 6.1494249e-001
 6.1497366e-001
 6.1521780e-001
 6.1565244e-001
 6.1609566e-001
 6.1638749e-001
 6.1656237e-001
 6.1675686e-001
 6.1703271e-001
 6.1734742e-001
 6.1762828e-001
 6.1785090e-001
 6.1806828e-001
 6.1836803e-001
 6.1880362e-001
 6.1934936e-001
 6.1990005e-001
 6.2032467e-001
 6.2055349e-001
 6.2065697e-001
 6.2081933e-001
 6.2116450e-001
 6.2162507e-001
 6.2202728e-001
 6.2225866e-001
 6.2234753e-001
 6.2242764e-001
 6.2262553e-001
 6.2297940e-001
 6.2346292e-001
 6.2402624e-001
 6.2457812e-001
 6.2499636e-001
 6.2523645e-001
 6.2539691e-001
 6.2561530e-001
 6.2593466e-001
 6.2629879e-001
 6.2663978e-001
 6.2696779e-001
 6.2738198e-001
 6.2797070e-001
 6.2869275e-001
 6.2933999e-001
 6.2969506e-001
 6.2974757e-001
 6.2971729e-001
 6.2998134e-001
 6.3064849e-001
 6.3137275e-001
 6.3185912e-001
 6.3210768e-001
 6.3221699e-001
 6.3230526e-001
 6.3250393e-001
 6.3291216e-001
 6.3350886e-001
 6.3415271e-001
 6.3469040e-001
 6.3504678e-001
 6.3522965e-001
 6.3529909e-001
 6.3538438e-001
 6.3567078e-001
 6.3629198e-001
 6.3718343e-001
 6.3809353e-001
 6.3877618e-001
 6.3917321e-001
 6.3941807e-001
 6.3967872e-001
 6.4001840e-001
 6.4039552e-001
 6.4075822e-001
 6.4110333e-001
 6.4148659e-001
 6.4199263e-001
 6.4253318e-001
 6.4319515e-001
 6.4373416e-001
 6.4403707e-001
 6.4417523e-001
 6.4429384e-001
 6.4453846e-001
 6.4502770e-001
 6.4570427e-001
 6.4643997e-001
 6.4710641e-001
 6.4759612e-001
 6.4794010e-001
 6.4822549e-001
 6.4853948e-001
 6.4895582e-001
 6.4945900e-001
 6.4999723e-001
 6.5051877e-001
 6.5097922e-001
 6.5138477e-001
 6.5182400e-001
 6.5220201e-001
 6.5260828e-001
 6.5304506e-001
 6.5349120e-001
 6.5392435e-001
 6.5432221e-001
 6.5466410e-001
 6.5495932e-001
 6.5524727e-001
 6.5556872e-001
 6.5596431e-001
 6.5647274e-001
 6.5708435e-001
 6.5774238e-001
 6.5838778e-001
 6.5896165e-001
 6.5940744e-001
 6.5971875e-001
 6.5993869e-001
 6.6011256e-001
 6.6028541e-001
 6.6050261e-001
 6.6079855e-001
 6.6116601e-001
 6.6158777e-001
 6.6204661e-001
 6.6252518e-001
 6.6300619e-001
 6.6347730e-001
 6.6394502e-001
 6.6442001e-001
 6.6491312e-001
 6.6543531e-001
 6.6599745e-001
 6.6661024e-001
 6.6727155e-001
 6.6792750e-001
 6.6851276e-001
 6.6896158e-001
 6.6920841e-001
 6.6918766e-001
 6.6883361e-001
 6.6808093e-001
 6.6689724e-001
 6.6537774e-001
 6.6364676e-001
 6.6182911e-001
 6.6004926e-001
 6.5843219e-001
 6.5710223e-001
 6.5618408e-001
 6.5576553e-001
 6.5579665e-001
 6.5619510e-001
 6.5687901e-001
 6.5776604e-001
 6.5877438e-001
 6.5982169e-001
 6.6082603e-001
 6.6172248e-001
 6.6251016e-001
 6.6320270e-001
 6.6381377e-001
 6.6435719e-001
 6.6484654e-001
 6.6529560e-001
 6.6571796e-001
 6.6612750e-001
 6.6653776e-001
 6.6696250e-001
 6.6741544e-001
 6.6790688e-001
 6.6843456e-001
 6.6899377e-001
 6.6957933e-001
 6.7018634e-001
 6.7081010e-001
 6.7144525e-001
 6.7208731e-001
 6.7273098e-001
 6.7337161e-001
 6.7400396e-001
 6.7462337e-001
 6.7522603e-001
 6.7581356e-001
 6.7638820e-001
 6.7695266e-001
 6.7750931e-001
 6.7806071e-001
 6.7860907e-001
 6.7915726e-001
 6.7970759e-001
 6.8026245e-001
 6.8082452e-001
 6.8139446e-001
 6.8196750e-001
 6.8253726e-001
 6.8309772e-001
 6.8364257e-001
 6.8416578e-001
 6.8466085e-001
 6.8512195e-001
 6.8554258e-001
 6.8591672e-001
 6.8624115e-001
 6.8652332e-001
 6.8677282e-001
 6.8699926e-001
 6.8721241e-001
 6.8742192e-001
 6.8763733e-001
 6.8786848e-001
 6.8812490e-001
 6.8841636e-001
 6.8874967e-001
 6.8912274e-001
 6.8953121e-001
 6.8997097e-001
 6.9043785e-001
 6.9092757e-001
 6.9143587e-001
 6.9195873e-001
 6.9249177e-001
 6.9303095e-001
 6.9357270e-001
 6.9411719e-001
 6.9466448e-001
 6.9521528e-001
 6.9576979e-001
 6.9632876e-001
 6.9689226e-001
 6.9746113e-001
 6.9803536e-001
 6.9861335e-001
 6.9918472e-001
 6.9973779e-001
 7.0026082e-001
 7.0074177e-001
 7.0116931e-001
 7.0153123e-001
 7.0181584e-001
 7.0201308e-001
 7.0211744e-001
 7.0212477e-001
 7.0203090e-001
 7.0183158e-001
 7.0152265e-001
 7.0109987e-001
 7.0055908e-001
 6.9989908e-001
 6.9912887e-001
 6.9825947e-001
 6.9730210e-001
 6.9626749e-001
 6.9516706e-001
 6.9401157e-001
 6.9281226e-001
 6.9160652e-001
 6.9051808e-001
 6.8968713e-001
 6.8934447e-001
 6.8955302e-001
 6.9044423e-001
 6.9208813e-001
 6.9443452e-001
 6.9732445e-001
 7.0052302e-001
 7.0375878e-001
 7.0675492e-001
 7.0927340e-001
 7.1118468e-001
 7.1251249e-001
 7.1339089e-001
 7.1399754e-001
 7.1450996e-001
 7.1507162e-001
 7.1575987e-001
 7.1657574e-001
 7.1746355e-001
 7.1834105e-001
 7.1912485e-001
 7.1975267e-001
 7.2020251e-001
 7.2049969e-001
 7.2070616e-001
 7.2090155e-001
 7.2116488e-001
 7.2155780e-001
 7.2211099e-001
 7.2281963e-001
 7.2365105e-001
 7.2455704e-001
 7.2548610e-001
 7.2639269e-001
 7.2724289e-001
 7.2801685e-001
 7.2870612e-001
 7.2930956e-001
 7.2982997e-001
 7.3027253e-001
 7.3021007e-001
 7.3057979e-001
 7.3090380e-001
 7.3118883e-001
 7.3144251e-001
 7.3167306e-001
 7.3188901e-001
 7.3209912e-001
 7.3231244e-001
 7.3253846e-001
 7.3278660e-001
 7.3306602e-001
 7.3338485e-001
 7.3374885e-001
 7.3416072e-001
 7.3461956e-001
 7.3512012e-001
 7.3565400e-001
 7.3620975e-001
 7.3677516e-001
 7.3733872e-001
 7.3789102e-001
 7.3842591e-001
 7.3894066e-001
 7.3943555e-001
 7.3991376e-001
 7.4037969e-001
 7.4083847e-001
 7.4129337e-001
 7.4174511e-001
 7.4219114e-001
 7.4262589e-001
 7.4304211e-001
 7.4343222e-001
 7.4379003e-001
 7.4411237e-001
 7.4439943e-001
 7.4465537e-001
 7.4488795e-001
 7.4510717e-001
 7.4532419e-001
 7.4554974e-001
 7.4579251e-001
 7.4605840e-001
 7.4634951e-001
 7.4666435e-001
 7.4699777e-001
 7.4734217e-001
 7.4768865e-001
 7.4802804e-001
 7.4835271e-001
 7.4865687e-001
 7.4893802e-001
 7.4919665e-001
 7.4943590e-001
 7.4966079e-001
 7.4987721e-001
 7.5009060e-001
 7.5030535e-001
 7.5052381e-001
 7.5074673e-001
 7.5097340e-001
 7.5120246e-001
 7.5143272e-001
 7.5166368e-001
 7.5189579e-001
 7.5213045e-001
 7.5236917e-001
 7.5261313e-001
 7.5286216e-001
 7.5311428e-001
 7.5336558e-001
 7.5361037e-001
 7.5384212e-001
 7.5405478e-001
 7.5424367e-001
 7.5440723e-001
 7.5454748e-001
 7.5467062e-001
 7.5478631e-001
 7.5490689e-001
 7.5504559e-001
 7.5521439e-001
 7.5542253e-001
 7.5567484e-001
 7.5597072e-001
 7.5630432e-001
 7.5666511e-001
 7.5703919e-001
 7.5741154e-001
 7.5776750e-001
 7.5809485e-001
 7.5838548e-001
 7.5863606e-001
 7.5884843e-001
 7.5902921e-001
 7.5918889e-001
 7.5933987e-001
 7.5949538e-001
 7.5966704e-001
 7.5986367e-001
 7.6009017e-001
 7.6034677e-001
 7.6062924e-001
 7.6093006e-001
 7.6123935e-001
 7.6154685e-001
 7.6184368e-001
 7.6212347e-001
 7.6238370e-001
 7.6262552e-001
 7.6285356e-001
 7.6307464e-001
 7.6329672e-001
 7.6352715e-001
 7.6377183e-001
 7.6403397e-001
 7.6431429e-001
 7.6461089e-001
 7.6492000e-001
 7.6523679e-001
 7.6555622e-001
 7.6587385e-001
 7.6618606e-001
 7.6649040e-001
 7.6678509e-001
 7.6706851e-001
 7.6733893e-001
 7.6759374e-001
 7.6782966e-001
 7.6804262e-001
 7.6822859e-001
 7.6838404e-001
 7.6850706e-001
 7.6859760e-001
 7.6865810e-001
 7.6869297e-001
 7.6870859e-001
 7.6871210e-001
 7.6871073e-001
 7.6871097e-001
 7.6871789e-001
 7.6873505e-001
 7.6876420e-001
 7.6880622e-001
 7.6886123e-001
 7.6892978e-001
 7.6901299e-001
 7.6911306e-001
 7.6923341e-001
 7.6937771e-001
 7.6954955e-001
 7.6975149e-001
 7.6998389e-001
 7.7024448e-001
 7.7052832e-001
 7.7082747e-001
 7.7113217e-001
 7.7143127e-001
 7.7171350e-001
 7.7196878e-001
 7.7218860e-001
 7.7236736e-001
 7.7250218e-001
 7.7259380e-001
 7.7264607e-001
 7.7266598e-001
 7.7266318e-001
 7.7264947e-001
 7.7263820e-001
 7.7264339e-001
 7.7267897e-001
 7.7275765e-001
 7.7289021e-001
 7.7308446e-001
 7.7334481e-001
 7.7367151e-001
 7.7406055e-001
 7.7450418e-001
 7.7499074e-001
 7.7550614e-001
 7.7603430e-001
 7.7655852e-001
 7.7706271e-001
 7.7753198e-001
 7.7795398e-001
 7.7831918e-001
 7.7862108e-001
 7.7885693e-001
 7.7902728e-001
 7.7913594e-001
 7.7918977e-001
 7.7919793e-001
 7.7917141e-001
 7.7912182e-001
 7.7906042e-001
 7.7899718e-001
 7.7893960e-001
 7.7889240e-001
 7.7885705e-001
 7.7883238e-001
 7.7881485e-001
 7.7879965e-001
 7.7878153e-001
 7.7875549e-001
 7.7871692e-001
 7.7866220e-001
 7.7858794e-001
 7.7849108e-001
 7.7836853e-001
 7.7821708e-001
 7.7803302e-001
 7.7781236e-001
 7.7755028e-001
 7.7724099e-001
 7.7687722e-001
 7.7644980e-001
 7.7594829e-001
 7.7536160e-001
 7.7468008e-001
 7.7389824e-001
 7.7301753e-001
 7.7204925e-001
 7.7101654e-001
 7.6995367e-001
 7.6890534e-001
 7.6792198e-001
 7.6705575e-001
 7.6635468e-001
 7.6585752e-001
 7.6559061e-001
 7.6556528e-001
 7.6577765e-001
 7.6620996e-001
 7.6683336e-001
 7.6761061e-001
 7.6850009e-001
 7.6945859e-001
 7.7044433e-001
 7.7141970e-001
 7.7235252e-001
 7.7321756e-001
 7.7399778e-001
 7.7468377e-001
 7.7527422e-001
 7.7577430e-001
 7.7619487e-001
 7.7655059e-001
 7.7685750e-001
 7.7713132e-001
 7.7738523e-001
 7.7762842e-001
 7.7786553e-001
 7.7809626e-001
 7.7831632e-001
 7.7851897e-001
 7.7869672e-001
 7.7884346e-001
 7.7895558e-001
 7.7903330e-001
 7.7908021e-001
 7.7910280e-001
 7.7910870e-001
 7.7910519e-001
 7.7909780e-001
 7.7908915e-001
 7.7907860e-001
 7.7906263e-001
 7.7903581e-001
 7.7899188e-001
 7.7892494e-001
 7.7883065e-001
 7.7870661e-001
 7.7855271e-001
 7.7837080e-001
 7.7816397e-001
 7.7793598e-001
 7.7769041e-001
 7.7743000e-001
 7.7715641e-001
 7.7687019e-001
 7.7657098e-001
 7.7625781e-001
 7.7592975e-001
 7.7558613e-001
 7.7522677e-001
 7.7485192e-001
 7.7446204e-001
 7.7405751e-001
 7.7363855e-001
 7.7320451e-001
 7.7275449e-001
 7.7228713e-001
 7.7180070e-001
 7.7129418e-001
 7.7076674e-001
 7.7021867e-001
 7.6965106e-001
 7.6906544e-001
 7.6846385e-001
 7.6784784e-001
 7.6721829e-001
 7.6657504e-001
 7.6591635e-001
 7.6523983e-001
 7.6454258e-001
 7.6382208e-001
 7.6307750e-001
 7.6230967e-001
 7.6152229e-001
 7.6072127e-001
 7.5991476e-001
 7.5911224e-001
 7.5832295e-001
 7.5755572e-001
 7.5681770e-001
 7.5611359e-001
 7.5544596e-001
 7.5481445e-001
 7.5421655e-001
 7.5364774e-001
 7.5310177e-001
 7.5257164e-001
 7.5204992e-001
 7.5153035e-001
 7.5100827e-001
 7.5048172e-001
 7.4995226e-001
 7.4942452e-001
 7.4890608e-001
 7.4840623e-001
 7.4793392e-001
 7.4749678e-001
 7.4709904e-001
 7.4674118e-001
 7.4641973e-001
 7.4612784e-001
 7.4585676e-001
 7.4559712e-001
 7.4534005e-001
 7.4507803e-001
 7.4480480e-001
 7.4451548e-001
 7.4420542e-001
 7.4386984e-001
 7.4350393e-001
 7.4310237e-001
 7.4266046e-001
 7.4217457e-001
 7.4164307e-001
 7.4106729e-001
 7.4045098e-001
 7.3980051e-001
 7.3912382e-001
 7.3842859e-001
 7.3772138e-001
 7.3700541e-001
 7.3627973e-001
 7.3553836e-001
 7.3477000e-001
 7.3395890e-001
 7.3308551e-001
 7.3212844e-001
 7.3106605e-001
 7.2987729e-001
 7.2854406e-001
 7.2705185e-001
 7.2538984e-001
 7.2355270e-001
 7.2153908e-001
 7.1935344e-001
 7.1700478e-001
 7.1450490e-001
 7.1186942e-001
 7.0911300e-001
 7.0624900e-001
 7.0328617e-001
 7.0022446e-001
 6.9705570e-001
 6.9375896e-001
 6.9030297e-001
 6.8664503e-001
 6.8273062e-001
 6.7849731e-001
 6.7387229e-001
 6.6877687e-001
 6.6312701e-001
 6.5683353e-001
 6.4981031e-001
 6.4197785e-001
 6.3326657e-001
 6.2363005e-001
 6.1304247e-001
 6.0150951e-001
 5.8906692e-001
 5.7577479e-001
 5.6172699e-001
 5.4703933e-001
 5.3186446e-001
 5.1639473e-001
 5.0086606e-001
 4.8558024e-001
 4.7089431e-001
 4.5722809e-001
 4.4503990e-001
 4.3479207e-001
 4.2691946e-001
 4.2177564e-001
 4.1959938e-001
 4.2048159e-001
 4.2435512e-001
 4.3100041e-001
 4.4007364e-001
 4.5113873e-001
 4.6371132e-001
 4.7730607e-001
 4.9146268e-001
 5.0577569e-001
 5.1991451e-001
 5.3361613e-001
 5.4669559e-001
 5.5902600e-001
 5.7053268e-001
 5.8118528e-001
 5.9097749e-001
 5.9992760e-001
 6.0806298e-001
 6.1541873e-001
 6.2203628e-001
 6.2795591e-001
 6.3322252e-001
 6.3788092e-001
 6.4197916e-001
 6.4557111e-001
 6.4871371e-001
 6.5147126e-001
 6.5391189e-001
 6.5610707e-001
 6.5812957e-001
 6.6004771e-001
 6.6192114e-001
 6.6379642e-001
 6.6570091e-001
 6.6764092e-001
 6.6959870e-001
 6.7153436e-001
 6.7338961e-001
 6.7509216e-001
 6.7656463e-001
 6.7773134e-001
 6.7852658e-001
 6.7890120e-001
 6.7882651e-001
 6.7829543e-001
 6.7732114e-001
 6.7593187e-001
 6.7416328e-001
 6.7205048e-001
 6.6961765e-001
 6.6687119e-001
 6.6379374e-001
 6.6034043e-001
 6.5644312e-001
 6.5201622e-001
 6.4696580e-001
 6.4120811e-001
 6.3468182e-001
 6.2737042e-001
 6.1931676e-001
 6.1063218e-001
 6.0150993e-001
 5.9221572e-001
 5.8308458e-001
 5.7449818e-001
 5.6685454e-001
 5.6054157e-001
 5.5589569e-001
 5.5317461e-001
 5.5252934e-001
 5.5398983e-001
 5.5746359e-001
 5.6274778e-001
 5.6954968e-001
 5.7751739e-001
 5.8627784e-001
 5.9546286e-001
 6.0474569e-001
 6.1385471e-001
 6.2258798e-001
 6.3081902e-001
 6.3848460e-001
 6.4557624e-001
 6.5212685e-001
 6.5818888e-001
 6.6382527e-001
 6.6909277e-001
 6.7403692e-001
 6.7868978e-001
 6.8306661e-001
 6.8717271e-001
 6.9100386e-001
 6.9455212e-001
 6.9781059e-001
 7.0077282e-001
 7.0343751e-001
 7.0580602e-001
 7.0788324e-001
 7.0967716e-001
 7.1119648e-001
 7.1245116e-001
 7.1345085e-001
 7.1420473e-001
 7.1472156e-001
 7.1500927e-001
 7.1507460e-001
 7.1492344e-001
 7.1456099e-001
 7.1399200e-001
 7.1322203e-001
 7.1225911e-001
 7.1111393e-001
 7.0980096e-001
 7.0833766e-001
 7.0674515e-001
 7.0504612e-001
 7.0326436e-001
 7.0142406e-001
 6.9954574e-001
 6.9764441e-001
 6.9572586e-001
 6.9378501e-001
 6.9180810e-001
 6.8977374e-001
 6.8765956e-001
 6.8544734e-001
 6.8312699e-001
 6.8069983e-001
 6.7817545e-001
 6.7557186e-001
 6.7291105e-001
 6.7021596e-001
 6.6751051e-001
 6.6481829e-001
 6.6216159e-001
 6.5956461e-001
 6.5705180e-001
 6.5465122e-001
 6.5239358e-001
 6.5031135e-001
 6.4843923e-001
 6.4681017e-001
 6.4545459e-001
 6.4439690e-001
 6.4365292e-001
 6.4323068e-001
 6.4313024e-001
 6.4334464e-001
 6.4386094e-001
 6.4466256e-001
 6.4573026e-001
 6.4704239e-001
 6.4857501e-001
 6.5030283e-001
 6.5220141e-001
 6.5424597e-001
 6.5641272e-001
 6.5867972e-001
 6.6102505e-001
 6.6342807e-001
 6.6586703e-001
 6.6831946e-001
 6.7076284e-001
 6.7317355e-001
 6.7553002e-001
 6.7781210e-001
 6.8000329e-001
 6.8209273e-001
 6.8407398e-001
 6.8594676e-001
 6.8771529e-001
 6.8938816e-001
 6.9097751e-001
 6.9249594e-001
 6.9395620e-001
 6.9536841e-001
 6.9673985e-001
 6.9807500e-001
 6.9937503e-001
 7.0063943e-001
 7.0186770e-001
 7.0305973e-001
 7.0421815e-001
 7.0534801e-001
 7.0645726e-001
 7.0755672e-001
 7.0865816e-001
 7.0977384e-001
 7.1091461e-001
 7.1208888e-001
 7.1330214e-001
 7.1455574e-001
 7.1584815e-001
 7.1717411e-001
 7.1852624e-001
 7.1989602e-001
 7.2127390e-001
 7.2265100e-001
 7.2401887e-001
 7.2537023e-001
 7.2669977e-001
 7.2800326e-001
 7.2927862e-001
 7.3052508e-001
 7.3174304e-001
 7.3293447e-001
 7.3410147e-001
 7.3524624e-001
 7.3637098e-001
 7.3747641e-001
 7.3856252e-001
 7.3962742e-001
 7.4066776e-001
 7.4167949e-001
 7.4265712e-001
 7.4359560e-001
 7.4448967e-001
 7.4533498e-001
 7.4612868e-001
 7.4686885e-001
 7.4755561e-001
 7.4819016e-001
 7.4877512e-001
 7.4931455e-001
 7.4981314e-001
 7.5027668e-001
 7.5071150e-001
 7.5112444e-001
 7.5152302e-001
 7.5191498e-001
 7.5230819e-001
 7.5271076e-001
 7.5313014e-001
 7.5357324e-001
 7.5404567e-001
 7.5455076e-001
 7.5508976e-001
 7.5566059e-001
 7.5625801e-001
 7.5687343e-001
 7.5749540e-001
 7.5811052e-001
 7.5870419e-001
 7.5926232e-001
 7.5977254e-001
 7.6022500e-001
 7.6061404e-001
 7.6093775e-001
 7.6119798e-001
 7.6139957e-001
 7.6154947e-001
 7.6165634e-001
 7.6172924e-001
 7.6177716e-001
 7.6180893e-001
 7.6183224e-001
 7.6185375e-001
 7.6187855e-001
 7.6190984e-001
 7.6194888e-001
 7.6199490e-001
 7.6204532e-001
 7.6209623e-001
 7.6214284e-001
 7.6218045e-001
 7.6220542e-001
 7.6221603e-001
 7.6221323e-001
 7.6220077e-001
 7.6218486e-001
 7.6217335e-001
 7.6217443e-001
 7.6219547e-001
 7.6224178e-001
 7.6231563e-001
 7.6241553e-001
 7.6253659e-001
 7.6267004e-001
 7.6280445e-001
 7.6292634e-001
 7.6302159e-001
 7.6307648e-001
 7.6307893e-001
 7.6301914e-001
 7.6289022e-001
 7.6268786e-001
 7.6241058e-001
 7.6205844e-001
 7.6163298e-001
 7.6113611e-001
 7.6056987e-001
 7.5993580e-001
 7.5923467e-001
 7.5846660e-001
 7.5763094e-001
 7.5672680e-001
 7.5575322e-001
 7.5470901e-001
 7.5359404e-001
 7.5240827e-001
 7.5115293e-001
 7.4983031e-001
 7.4844337e-001
 7.4699670e-001
 7.4549627e-001
 7.4394882e-001
 7.4236327e-001
 7.4074924e-001
 7.3911810e-001
 7.3748183e-001
 7.3585218e-001
 7.3424089e-001
 7.3265725e-001
 7.3110873e-001
 7.2959930e-001
 7.2812879e-001
 7.2669411e-001
 7.2528797e-001
 7.2390175e-001
 7.2252589e-001
 7.2115123e-001
 7.1977180e-001
 7.1838480e-001
 7.1699244e-001
 7.1560174e-001
 7.1422321e-001
 7.1287054e-001
 7.1155709e-001
 7.1029490e-001
 7.0909142e-001
 7.0794731e-001
 7.0685601e-001
 7.0580298e-001
 7.0476621e-001
 7.0371950e-001
 7.0263404e-001
 7.0148277e-001
 7.0024353e-001
 6.9890124e-001
 6.9745106e-001
 6.9589722e-001
 6.9425362e-001
 6.9254065e-001
 6.9078118e-001
 6.8899792e-001
 6.8720782e-001
 6.8541998e-001
 6.8363303e-001
 6.8183398e-001
 6.8000084e-001
 6.7810374e-001
 6.7611098e-001
 6.7399311e-001
 6.7172766e-001
 6.6930455e-001
 6.6672868e-001
 6.6402030e-001
 6.6121590e-001
 6.5836370e-001
 6.5552175e-001
 6.5275294e-001
 6.5011930e-001
 6.4768100e-001
 6.4549094e-001
 6.4359581e-001
 6.4203387e-001
 6.4083529e-001
 6.4002401e-001
 6.3961816e-001
 6.3963205e-001
 6.4007670e-001
 6.4095956e-001
 6.4228338e-001
 6.4404845e-001
 6.4625043e-001
 6.4887935e-001
 6.5191960e-001
 6.5534610e-001
 6.5912682e-001
 6.6322076e-001
 6.6757852e-001
 6.7214125e-001
 6.7683887e-001
 6.8159354e-001
 6.8632489e-001
 6.9095099e-001
 6.9539857e-001
 6.9960529e-001
 7.0352733e-001
 7.0714295e-001
 7.1044928e-001
 7.1377295e-001
 7.1647561e-001
 7.1894979e-001
 7.2123694e-001
 7.2337306e-001
 7.2538722e-001
 7.2729784e-001
 7.2911340e-001
 7.3083609e-001
 7.3246306e-001
 7.3399097e-001
 7.3541540e-001
 7.3673266e-001
 7.3794097e-001
 7.3904014e-001
 7.4003285e-001
 7.4092489e-001
 7.4172437e-001
 7.4244195e-001
 7.4308926e-001
 7.4367857e-001
 7.4422234e-001
 7.4473226e-001
 7.4521899e-001
 7.4569058e-001
 7.4615198e-001
 7.4660456e-001
 7.4704635e-001
 7.4747300e-001
 7.4787873e-001
 7.4825692e-001
 7.4860114e-001
 7.4890482e-001
 7.4916202e-001
 7.4936754e-001
 7.4951744e-001
 7.4960905e-001
 7.4964070e-001
 7.4961168e-001
 7.4952179e-001
 7.4937117e-001
 7.4915993e-001
 7.4888861e-001
 7.4855834e-001
 7.4817085e-001
 7.4772906e-001
 7.4723697e-001
 7.4669987e-001
 7.4612379e-001
 7.4551499e-001
 7.4488020e-001
 7.4422580e-001
 7.4355793e-001
 7.4288148e-001
 7.4219966e-001
 7.4151343e-001
 7.4082094e-001
 7.4011821e-001
 7.3939949e-001
 7.3865783e-001
 7.3788607e-001
 7.3707682e-001
 7.3622340e-001
 7.3532027e-001
 7.3436350e-001
 7.3335212e-001
 7.3228788e-001
 7.3117483e-001
 7.3001945e-001
 7.2882885e-001
 7.2761095e-001
 7.2637385e-001
 7.2512501e-001
 7.2387159e-001
 7.2261930e-001
 7.2137254e-001
 7.2013414e-001
 7.1890485e-001
 7.1768498e-001
 7.1647346e-001
 7.1526945e-001
 7.1407205e-001
 7.1288019e-001
 7.1169406e-001
 7.1051431e-001
 7.0934343e-001
 7.0818561e-001
 7.0704597e-001
 7.0593113e-001
 7.0484841e-001
 7.0380491e-001
 7.0280844e-001
 7.0186609e-001
 7.0098507e-001
 7.0017195e-001
 6.9943237e-001
 6.9877142e-001
 6.9819319e-001
 6.9770151e-001
 6.9729948e-001
 6.9698983e-001
 6.9677389e-001
 6.9664985e-001
 6.9660956e-001
 6.9663435e-001
 6.9669127e-001
 6.9673151e-001
 6.9669199e-001
 6.9649911e-001
 6.9607341e-001
 6.9533324e-001
 6.9419974e-001
 6.9260240e-001
 6.9048977e-001
 6.8784159e-001
 6.8467897e-001
 6.8107069e-001
 6.7712784e-001
 6.7299128e-001
 6.6882199e-001
 6.6478705e-001
 6.6105443e-001
 6.5778327e-001
 6.5511084e-001
 6.5314168e-001
 6.5193242e-001
 6.5148872e-001
 6.5176928e-001
 6.5269840e-001
 6.5417963e-001
 6.5610725e-001
 6.5837228e-001
 6.6086775e-001
 6.6349411e-001
 6.6616201e-001
 6.6879886e-001
 6.7134833e-001
 6.7376983e-001
 6.7603505e-001
 6.7812169e-001
 6.8001121e-001
 6.8168783e-001
 6.8313706e-001
 6.8434864e-001
 6.8531775e-001
 6.8604732e-001
 6.8654937e-001
 6.8684340e-001
 6.8695474e-001
 6.8691218e-001
 6.8674606e-001
 6.8648702e-001
 6.8616456e-001
 6.8580604e-001
 6.8543482e-001
 6.8506885e-001
 6.8472022e-001
 6.8439573e-001
 6.8409801e-001
 6.8382746e-001
 6.8358338e-001
 6.8336445e-001
 6.8316936e-001
 6.8299663e-001
 6.8284494e-001
 6.8271297e-001
 6.8259948e-001
 6.8250322e-001
 6.8242317e-001
 6.8235809e-001
 6.8230683e-001
 6.8226826e-001
 6.8224096e-001
 6.8222320e-001
 6.8221265e-001
 6.8220609e-001
 6.8219948e-001
 6.8218791e-001
 6.8216592e-001
 6.8212765e-001
 6.8206710e-001
 6.8197852e-001
 6.8185645e-001
 6.8169647e-001
 6.8149567e-001
 6.8125331e-001
 6.8097115e-001
 6.8065286e-001
 6.8030387e-001
 6.7993051e-001
 6.7953938e-001
 6.7913747e-001
 6.7873085e-001
 6.7832518e-001
 6.7792434e-001
 6.7753035e-001
 6.7714304e-001
 6.7676008e-001
 6.7637783e-001
 6.7599154e-001
 6.7559648e-001
 6.7518759e-001
 6.7476118e-001
 6.7431480e-001
 6.7384863e-001
 6.7336714e-001
 6.7287856e-001
 6.7239499e-001
 6.7193109e-001
 6.7150360e-001
 6.7112958e-001
 6.7082578e-001
 6.7060828e-001
 6.7049021e-001
 6.7048043e-001
 6.7058223e-001
 6.7079216e-001
 6.7110127e-001
 6.7149615e-001
 6.7196083e-001
 6.7247808e-001
 6.7303079e-001
 6.7360175e-001
 6.7417526e-001
 6.7473787e-001
 6.7527848e-001
 6.7578959e-001
 6.7626631e-001
 6.7670572e-001
 6.7710638e-001
 6.7746729e-001
 6.7778760e-001
 6.7806619e-001
 6.7830133e-001
 6.7849016e-001
 6.7862839e-001
 6.7870992e-001
 6.7872727e-001
 6.7867190e-001
 6.7853457e-001
 6.7830580e-001
 6.7797637e-001
 6.7753804e-001
 6.7698437e-001
 6.7631179e-001
 6.7552161e-001
 6.7461926e-001
 6.7361432e-001
 6.7252022e-001
 6.7135155e-001
 6.7012334e-001
 6.6885132e-001
 6.6754806e-001
 6.6622269e-001
 6.6487694e-001
 6.6350424e-001
 6.6208673e-001
 6.6059715e-001
 6.5900254e-001
 6.5726489e-001
 6.5534413e-001
 6.5320188e-001
 6.5080035e-001
 6.4810717e-001
 6.4509696e-001
 6.4175737e-001
 6.3808602e-001
 6.3409090e-001
 6.2979102e-001
 6.2520725e-001
 6.2036258e-001
 6.1528462e-001
 6.0999793e-001
 6.0452861e-001
 5.9890193e-001
 5.9314793e-001
 5.8729357e-001
 5.8136642e-001
 5.7539868e-001
 5.6941873e-001
 5.6345469e-001
 5.5753821e-001
 5.5169451e-001
 5.4594445e-001
 5.4030567e-001
 5.3478175e-001
 5.2936655e-001
 5.2404279e-001
 5.1878959e-001
 5.1357794e-001
 5.0837690e-001
 5.0315869e-001
 4.9789286e-001
 4.9255118e-001
 4.8711339e-001
 4.8156077e-001
 4.7588196e-001
 4.7006968e-001
 4.6412486e-001
 4.5804673e-001
 4.5183563e-001
 4.4549692e-001
 4.3903220e-001
 4.3244365e-001
 4.2573950e-001
 4.1892493e-001
 4.1200700e-001
 4.0499941e-001
 3.9791217e-001
 3.9075765e-001
 3.8354701e-001
 3.7629667e-001
 3.6901814e-001
 3.6172315e-001
 3.5442919e-001
 3.4714913e-001
 3.3989656e-001
 3.3269086e-001
 3.2554671e-001
 3.1848091e-001
 3.1150901e-001
 3.0465245e-001
 2.9792973e-001
 2.9136372e-001
 2.8498915e-001
 2.7884552e-001
 2.7298316e-001
 2.6746622e-001
 2.6236162e-001
 2.5774074e-001
 2.5367981e-001
 2.5025085e-001
 2.4752313e-001
 2.4555728e-001
 2.4440117e-001
 2.4408218e-001
 2.4460743e-001
 2.4596459e-001
 2.4812752e-001
 2.5106236e-001
 2.5472850e-001
 2.5908452e-001
 2.6408502e-001
 2.6968002e-001
 2.7580568e-001
 2.8238890e-001
 2.8934243e-001
 2.9656088e-001
 3.0393419e-001
 3.1134668e-001
 3.1867549e-001
 3.2580480e-001
 3.3262518e-001
 3.3903661e-001
 3.4496772e-001
 3.5037771e-001
 3.5526264e-001
 3.5964727e-001
 3.6358377e-001
 3.6713803e-001
 3.7038025e-001
 3.7338510e-001
 3.7622559e-001
 3.7896827e-001
 3.8167405e-001
 3.8439265e-001
 3.8716263e-001
 3.9001012e-001
 3.9295542e-001
 3.9601409e-001
 3.9919677e-001
 4.0251422e-001
 4.0597385e-001
 4.0957454e-001
 4.1330716e-001
 4.1714892e-001
 4.2105877e-001
 4.2498460e-001
 4.2886317e-001
 4.3262598e-001
 4.3619943e-001
 4.3951291e-001
 4.4249907e-001
 4.4509608e-001
 4.4725734e-001
 4.4895348e-001
 4.5017353e-001
 4.5092535e-001
 4.5122939e-001
 4.5111394e-001
 4.5061138e-001
 4.4975632e-001
 4.4858494e-001
 4.4713765e-001
 4.4545913e-001
 4.4360089e-001
 4.4162351e-001
 4.3959329e-001
 4.3758199e-001
 4.3566385e-001
 4.3391532e-001
 4.3240985e-001
 4.3121591e-001
 4.3039170e-001
 4.2997602e-001
 4.2998311e-001
 4.3039942e-001
 4.3118632e-001
 4.3228713e-001
 4.3363327e-001
 4.3515199e-001
 4.3676952e-001
 4.3841505e-001
 4.4002348e-001
 4.4154230e-001
 4.4293466e-001
 4.4417998e-001
 4.4527441e-001
 4.4622552e-001
 4.4704708e-001
 4.4775710e-001
 4.4837454e-001
 4.4891909e-001
 4.4940999e-001
 4.4986692e-001
 4.5030940e-001
 4.5075655e-001
 4.5122772e-001
 4.5174217e-001
 4.5231876e-001
 4.5297647e-001
 4.5373386e-001
 4.5460773e-001
 4.5561278e-001
 4.5675936e-001
 4.5805243e-001
 4.5948958e-001
 4.6106362e-001
 4.6276325e-001
 4.6457341e-001
 4.6647894e-001
 4.6846443e-001
 4.7051305e-001
 4.7260964e-001
 4.7473928e-001
 4.7688833e-001
 4.7904253e-001
 4.8119006e-001
 4.8331967e-001
 4.8541895e-001
 4.8747724e-001
 4.8948404e-001
 4.9142757e-001
 4.9329799e-001
 4.9508601e-001
 4.9678206e-001
 4.9837881e-001
 4.9986956e-001
 5.0124842e-001
 5.0250918e-001
 5.0364679e-001
 5.0465649e-001
 5.0553364e-001
 5.0627583e-001
 5.0688303e-001
 5.0735825e-001
 5.0770873e-001
 5.0794506e-001
 5.0808018e-001
 5.0812876e-001
 5.0810587e-001
 5.0802660e-001
 5.0790542e-001
 5.0775492e-001
 5.0758451e-001
 5.0739998e-001
 5.0720239e-001
 5.0698870e-001
 5.0675309e-001
 5.0648797e-001
 5.0618482e-001
 5.0583524e-001
 5.0543177e-001
 5.0496870e-001
 5.0444347e-001
 5.0385809e-001
 5.0321913e-001
 5.0253737e-001
 5.0182730e-001
 5.0110477e-001
 5.0038660e-001
 4.9968922e-001
 4.9902833e-001
 4.9841639e-001
 4.9786133e-001
 4.9736509e-001
 4.9692243e-001
 4.9652177e-001
 4.9614725e-001
 4.9577996e-001
 4.9539983e-001
 4.9498695e-001
 4.9452227e-001
 4.9398920e-001
 4.9337518e-001
 4.9267370e-001
 4.9188402e-001
 4.9101105e-001
 4.9006441e-001
 4.8905560e-001
 4.8799726e-001
 4.8690334e-001
 4.8578700e-001
 4.8466161e-001
 4.8354003e-001
 4.8243549e-001
 4.8136005e-001
 4.8032543e-001
 4.7934383e-001
 4.7842649e-001
 4.7758439e-001
 4.7682863e-001
 4.7616833e-001
 4.7561020e-001
 4.7515628e-001
 4.7480306e-001
 4.7453991e-001
 4.7435033e-001
 4.7421342e-001
 4.7410560e-001
 4.7400206e-001
 4.7387806e-001
 4.7370964e-001
 4.7347516e-001
 4.7315690e-001
 4.7274217e-001
 4.7222415e-001
 4.7160095e-001
 4.7087505e-001
 4.7005075e-001
 4.6913332e-001
 4.6812919e-001
 4.6704412e-001
 4.6588376e-001
 4.6465430e-001
 4.6336067e-001
 4.6200773e-001
 4.6059957e-001
 4.5914108e-001
 4.5763594e-001
 4.5608783e-001
 4.5450160e-001
 4.5288157e-001
 4.5123279e-001
 4.4956300e-001
 4.4788086e-001
 4.4619715e-001
 4.4452581e-001
 4.4288078e-001
 4.4127703e-001
 4.3972930e-001
 4.3825305e-001
 4.3686134e-001
 4.3556517e-001
 4.3437299e-001
 4.3328774e-001
 4.3230748e-001
 4.3142614e-001
 4.3063328e-001
 4.2991638e-001
 4.2926171e-001
 4.2865571e-001
 4.2808443e-001
 4.2753419e-001
 4.2699203e-001
 4.2646486e-001
 4.2603174e-001
 4.2542872e-001
 4.2478523e-001
 4.2409253e-001
 4.2334241e-001
 4.2252612e-001
 4.2163572e-001
 4.2066249e-001
 4.1959804e-001
 4.1843396e-001
 4.1716248e-001
 4.1578606e-001
 4.1431120e-001
 4.1274479e-001
 4.1109335e-001
 4.0936449e-001
 4.0756476e-001
 4.0570104e-001
 4.0377977e-001
 4.0180874e-001
 3.9979437e-001
 3.9774358e-001
 3.9566272e-001
 3.9355972e-001
 3.9144084e-001
 3.8931105e-001
 3.8717473e-001
 3.8503554e-001
 3.8289884e-001
 3.8076836e-001
 3.7864828e-001
 3.7654245e-001
 3.7445605e-001
 3.7239289e-001
 3.7035713e-001
 3.6835271e-001
 3.6638466e-001
 3.6445683e-001
 3.6257350e-001
 3.6073893e-001
 3.5895687e-001
 3.5723251e-001
 3.5556898e-001
 3.5396445e-001
 3.5241359e-001
 3.5091239e-001
 3.4945554e-001
 3.4803820e-001
 3.4665516e-001
 3.4530225e-001
 3.4397426e-001
 3.4266630e-001
 3.4137350e-001
 3.4009078e-001
 3.3881375e-001
 3.3753735e-001
 3.3625671e-001
 3.3496657e-001
 3.3366275e-001
 3.3234009e-001
 3.3099365e-001
 3.2961830e-001
 3.2820979e-001
 3.2676300e-001
 3.2527363e-001
 3.2374251e-001
 3.2217425e-001
 3.2057244e-001
 3.1894100e-001
 3.1728390e-001
 3.1560466e-001
 3.1390798e-001
 3.1219745e-001
 3.1047696e-001
 3.0875003e-001
 3.0702150e-001
 3.0529484e-001
 3.0357391e-001
 3.0186239e-001
 3.0016488e-001
 2.9848501e-001
 2.9682669e-001
 2.9519385e-001
 2.9359001e-001
 2.9201990e-001
 2.9048714e-001
 2.8899553e-001
 2.8754878e-001
 2.8615144e-001
 2.8480718e-001
 2.8351939e-001
 2.8228784e-001
 2.8111133e-001
 2.7998787e-001
 2.7891561e-001
 2.7789277e-001
 2.7691740e-001
 2.7598819e-001
 2.7510315e-001
 2.7426040e-001
 2.7345812e-001
 2.7269492e-001
 2.7196872e-001
 2.7127782e-001
 2.7062035e-001
 2.6999474e-001
 2.6939914e-001
 2.6883173e-001
 2.6829067e-001
 2.6777446e-001
 2.6728112e-001
 2.6680893e-001
 2.6635611e-001
 2.6592085e-001
 2.6550147e-001
 2.6509616e-001
 2.6470312e-001
 2.6432058e-001
 2.6394686e-001
 2.6358014e-001
 2.6321882e-001
 2.6286232e-001
 2.6251104e-001
 2.6216513e-001
