s07_ASD Record=4883: Halloysite KLH503             BECKb AREF
 6.2212694e-001
 6.2524545e-001
 6.2825948e-001
 6.3112652e-001
 6.3381219e-001
 6.3630366e-001
 6.3861275e-001
 6.4076751e-001
 6.4280313e-001
 6.4475167e-001
 6.4663661e-001
 6.4847159e-001
 6.5026224e-001
 6.5200907e-001
 6.5371150e-001
 6.5537244e-001
 6.5700012e-001
 6.5860689e-001
 6.6020578e-001
 6.6180831e-001
 6.6342121e-001
 6.6504496e-001
 6.6667384e-001
 6.6829693e-001
 6.6990191e-001
 6.7147821e-001
 6.7302370e-001
 6.7454779e-001
 6.7606717e-001
 6.7759651e-001
 6.7914212e-001
 6.8070197e-001
 6.8226916e-001
 6.8383443e-001
 6.8538803e-001
 6.8692219e-001
 6.8843329e-001
 6.8992049e-001
 6.9138604e-001
 6.9283468e-001
 6.9427115e-001
 6.9569707e-001
 6.9710755e-001
 6.9849217e-001
 6.9983906e-001
 7.0114183e-001
 7.0240211e-001
 7.0362729e-001
 7.0482314e-001
 7.0598841e-001
 7.0711392e-001
 7.0818615e-001
 7.0919311e-001
 7.1012908e-001
 7.1099764e-001
 7.1181333e-001
 7.1260309e-001
 7.1339977e-001
 7.1422893e-001
 7.1510738e-001
 7.1601552e-001
 7.1691096e-001
 7.1777421e-001
 7.1858805e-001
 7.1934128e-001
 7.2005373e-001
 7.2074991e-001
 7.2143692e-001
 7.2210377e-001
 7.2272557e-001
 7.2327483e-001
 7.2373587e-001
 7.2411257e-001
 7.2442687e-001
 7.2471184e-001
 7.2500318e-001
 7.2532880e-001
 7.2570086e-001
 7.2611088e-001
 7.2653258e-001
 7.2693270e-001
 7.2728807e-001
 7.2760022e-001
 7.2789860e-001
 7.2822946e-001
 7.2863537e-001
 7.2913635e-001
 7.2972268e-001
 7.3036224e-001
 7.3101789e-001
 7.3166454e-001
 7.3229825e-001
 7.3293191e-001
 7.3358136e-001
 7.3425156e-001
 7.3493057e-001
 7.3559487e-001
 7.3622066e-001
 7.3679310e-001
 7.3730719e-001
 7.3776537e-001
 7.3817521e-001
 7.3854715e-001
 7.3888886e-001
 7.3919851e-001
 7.3946393e-001
 7.3967516e-001
 7.3984343e-001
 7.4000967e-001
 7.4023074e-001
 7.4054861e-001
 7.4096328e-001
 7.4143028e-001
 7.4188596e-001
 7.4228412e-001
 7.4261546e-001
 7.4289423e-001
 7.4312478e-001
 7.4328059e-001
 7.4331927e-001
 7.4322218e-001
 7.4302220e-001
 7.4279112e-001
 7.4259770e-001
 7.4246979e-001
 7.4238592e-001
 7.4229735e-001
 7.4216431e-001
 7.4198759e-001
 7.4181628e-001
 7.4172878e-001
 7.4180281e-001
 7.4209362e-001
 7.4262393e-001
 7.4337798e-001
 7.4430734e-001
 7.4536139e-001
 7.4652672e-001
 7.4783033e-001
 7.4928659e-001
 7.5083661e-001
 7.5235146e-001
 7.5371599e-001
 7.5491560e-001
 7.5603956e-001
 7.5719762e-001
 7.5843203e-001
 7.5970113e-001
 7.6092815e-001
 7.6205552e-001
 7.6306266e-001
 7.6395494e-001
 7.6475137e-001
 7.6548082e-001
 7.6617938e-001
 7.6688510e-001
 7.6763380e-001
 7.6845562e-001
 7.6936311e-001
 7.7033818e-001
 7.7133530e-001
 7.7231067e-001
 7.7325201e-001
 7.7417535e-001
 7.7508748e-001
 7.7595943e-001
 7.7674896e-001
 7.7745146e-001
 7.7811718e-001
 7.7881259e-001
 7.7956802e-001
 7.8036952e-001
 7.8119564e-001
 7.8205049e-001
 7.8295016e-001
 7.8388447e-001
 7.8480613e-001
 7.8566289e-001
 7.8643364e-001
 7.8712761e-001
 7.8776324e-001
 7.8837246e-001
 7.8903008e-001
 7.8983700e-001
 7.9082698e-001
 7.9189569e-001
 7.9286551e-001
 7.9362893e-001
 7.9420912e-001
 7.9469758e-001
 7.9517031e-001
 7.9565275e-001
 7.9612255e-001
 7.9654753e-001
 7.9695332e-001
 7.9743117e-001
 7.9803056e-001
 7.9866886e-001
 7.9922056e-001
 7.9968494e-001
 8.0018926e-001
 8.0082208e-001
 8.0152392e-001
 8.0215085e-001
 8.0260324e-001
 8.0290264e-001
 8.0319083e-001
 8.0364352e-001
 8.0432802e-001
 8.0513728e-001
 8.0590659e-001
 8.0658609e-001
 8.0725318e-001
 8.0796862e-001
 8.0868149e-001
 8.0928302e-001
 8.0971450e-001
 8.1001741e-001
 8.1030792e-001
 8.1070310e-001
 8.1123966e-001
 8.1184554e-001
 8.1240124e-001
 8.1284237e-001
 8.1321090e-001
 8.1361735e-001
 8.1415904e-001
 8.1485391e-001
 8.1562996e-001
 8.1638604e-001
 8.1708282e-001
 8.1775951e-001
 8.1843263e-001
 8.1901121e-001
 8.1937909e-001
 8.1955349e-001
 8.1969601e-001
 8.1996381e-001
 8.2038987e-001
 8.2089967e-001
 8.2140750e-001
 8.2189882e-001
 8.2244533e-001
 8.2312459e-001
 8.2389033e-001
 8.2455069e-001
 8.2494622e-001
 8.2514322e-001
 8.2537568e-001
 8.2577389e-001
 8.2622373e-001
 8.2654870e-001
 8.2677072e-001
 8.2709533e-001
 8.2763630e-001
 8.2827497e-001
 8.2885766e-001
 8.2937479e-001
 8.2986659e-001
 8.3026439e-001
 8.3043611e-001
 8.3038718e-001
 8.3034199e-001
 8.3055544e-001
 8.3106405e-001
 8.3169216e-001
 8.3227396e-001
 8.3278579e-001
 8.3327276e-001
 8.3372188e-001
 8.3405405e-001
 8.3423650e-001
 8.3435690e-001
 8.3454609e-001
 8.3486223e-001
 8.3532178e-001
 8.3599865e-001
 8.3691943e-001
 8.3784419e-001
 8.3840913e-001
 8.3854127e-001
 8.3853436e-001
 8.3869374e-001
 8.3906406e-001
 8.3954495e-001
 8.4009856e-001
 8.4072220e-001
 8.4129161e-001
 8.4161824e-001
 8.4172207e-001
 8.4187108e-001
 8.4225971e-001
 8.4278131e-001
 8.4318388e-001
 8.4334964e-001
 8.4338474e-001
 8.4349269e-001
 8.4378529e-001
 8.4420264e-001
 8.4459239e-001
 8.4485120e-001
 8.4500843e-001
 8.4519696e-001
 8.4553659e-001
 8.4601957e-001
 8.4649557e-001
 8.4679884e-001
 8.4693438e-001
 8.4713131e-001
 8.4766066e-001
 8.4854156e-001
 8.4942538e-001
 8.4991246e-001
 8.5003626e-001
 8.5021555e-001
 8.5065383e-001
 8.5111660e-001
 8.5138983e-001
 8.5159039e-001
 8.5194170e-001
 8.5240227e-001
 8.5272896e-001
 8.5280824e-001
 8.5274875e-001
 8.5273010e-001
 8.5287172e-001
 8.5320306e-001
 8.5367835e-001
 8.5419708e-001
 8.5464144e-001
 8.5493314e-001
 8.5507303e-001
 8.5513020e-001
 8.5519904e-001
 8.5536253e-001
 8.5566974e-001
 8.5611242e-001
 8.5661572e-001
 8.5707414e-001
 8.5742533e-001
 8.5769832e-001
 8.5798287e-001
 8.5834253e-001
 8.5875458e-001
 8.5913199e-001
 8.5940093e-001
 8.5955644e-001
 8.5964566e-001
 8.5970777e-001
 8.5973942e-001
 8.5972655e-001
 8.5971707e-001
 8.5984129e-001
 8.6016816e-001
 8.6053067e-001
 8.6075282e-001
 8.6086106e-001
 8.6097550e-001
 8.6114365e-001
 8.6136794e-001
 8.6167306e-001
 8.6202836e-001
 8.6230332e-001
 8.6242366e-001
 8.6250013e-001
 8.6270142e-001
 8.6305159e-001
 8.6338657e-001
 8.6348641e-001
 8.6330223e-001
 8.6305797e-001
 8.6306614e-001
 8.6344653e-001
 8.6400336e-001
 8.6437923e-001
 8.6444372e-001
 8.6445260e-001
 8.6466068e-001
 8.6495095e-001
 8.6501920e-001
 8.6474413e-001
 8.6427808e-001
 8.6391884e-001
 8.6393541e-001
 8.6439598e-001
 8.6505127e-001
 8.6545497e-001
 8.6537385e-001
 8.6501771e-001
 8.6472970e-001
 8.6461812e-001
 8.6461103e-001
 8.6466187e-001
 8.6475974e-001
 8.6486793e-001
 8.6497724e-001
 8.6516994e-001
 8.6555403e-001
 8.6620653e-001
 8.6711609e-001
 8.6809802e-001
 8.6885947e-001
 8.6928272e-001
 8.6952031e-001
 8.6974496e-001
 8.6998272e-001
 8.7013465e-001
 8.7011367e-001
 8.6999702e-001
 8.7002242e-001
 8.7038261e-001
 8.7099028e-001
 8.7149340e-001
 8.7156922e-001
 8.7123519e-001
 8.7084281e-001
 8.7075806e-001
 8.7106341e-001
 8.7155533e-001
 8.7197977e-001
 8.7221193e-001
 8.7226945e-001
 8.7223089e-001
 8.7219584e-001
 8.7226427e-001
 8.7249678e-001
 8.7287581e-001
 8.7329674e-001
 8.7360799e-001
 8.7370956e-001
 8.7370723e-001
 8.7367237e-001
 8.7368566e-001
 8.7374717e-001
 8.7382436e-001
 8.7388510e-001
 8.7390423e-001
 8.7390661e-001
 8.7393677e-001
 8.7403965e-001
 8.7424737e-001
 8.7450981e-001
 8.7474364e-001
 8.7486547e-001
 8.7481046e-001
 8.7463683e-001
 8.7445247e-001
 8.7436604e-001
 8.7446660e-001
 8.7471682e-001
 8.7508005e-001
 8.7535071e-001
 8.7549317e-001
 8.7549973e-001
 8.7544048e-001
 8.7538844e-001
 8.7541705e-001
 8.7559646e-001
 8.7592512e-001
 8.7633008e-001
 8.7673545e-001
 8.7706530e-001
 8.7724668e-001
 8.7726957e-001
 8.7718660e-001
 8.7705284e-001
 8.7692356e-001
 8.7685215e-001
 8.7685513e-001
 8.7691319e-001
 8.7700504e-001
 8.7710965e-001
 8.7720603e-001
 8.7727815e-001
 8.7733018e-001
 8.7737095e-001
 8.7740964e-001
 8.7745500e-001
 8.7751609e-001
 8.7759787e-001
 8.7769073e-001
 8.7778127e-001
 8.7785608e-001
 8.7790185e-001
 8.7790519e-001
 8.7785268e-001
 8.7773645e-001
 8.7756824e-001
 8.7736470e-001
 8.7714255e-001
 8.7691838e-001
 8.7670887e-001
 8.7653089e-001
 8.7640083e-001
 8.7632847e-001
 8.7629765e-001
 8.7628585e-001
 8.7627047e-001
 8.7622905e-001
 8.7613922e-001
 8.7597853e-001
 8.7572426e-001
 8.7536240e-001
 8.7490964e-001
 8.7438959e-001
 8.7382615e-001
 8.7324321e-001
 8.7266433e-001
 8.7211365e-001
 8.7161475e-001
 8.7118649e-001
 8.7082833e-001
 8.7053579e-001
 8.7030417e-001
 8.7012893e-001
 8.7000519e-001
 8.6992848e-001
 8.6989403e-001
 8.6989731e-001
 8.6993366e-001
 8.6999828e-001
 8.7008667e-001
 8.7019414e-001
 8.7031597e-001
 8.7044746e-001
 8.7058401e-001
 8.7072086e-001
 8.7085336e-001
 8.7097675e-001
 8.7108654e-001
 8.7117779e-001
 8.7124598e-001
 8.7128645e-001
 8.7129432e-001
 8.7126690e-001
 8.7120819e-001
 8.7112343e-001
 8.7101811e-001
 8.7089765e-001
 8.7076718e-001
 8.7063241e-001
 8.7049860e-001
 8.7037116e-001
 8.7025547e-001
 8.7015682e-001
 8.7007707e-001
 8.7000465e-001
 8.6992520e-001
 8.6982423e-001
 8.6968756e-001
 8.6950076e-001
 8.6924940e-001
 8.6891925e-001
 8.6849582e-001
 8.6796480e-001
 8.6731893e-001
 8.6657524e-001
 8.6575574e-001
 8.6488301e-001
 8.6397916e-001
 8.6306667e-001
 8.6216754e-001
 8.6130440e-001
 8.6049926e-001
 8.5977465e-001
 8.5914719e-001
 8.5861570e-001
 8.5817450e-001
 8.5781837e-001
 8.5754174e-001
 8.5733932e-001
 8.5720551e-001
 8.5713512e-001
 8.5712254e-001
 8.5716254e-001
 8.5724199e-001
 8.5732341e-001
 8.5736334e-001
 8.5731882e-001
 8.5714674e-001
 8.5680377e-001
 8.5624695e-001
 8.5543311e-001
 8.5431921e-001
 8.5287905e-001
 8.5114294e-001
 8.4915358e-001
 8.4695286e-001
 8.4458357e-001
 8.4208751e-001
 8.3950740e-001
 8.3688515e-001
 8.3426774e-001
 8.3171433e-001
 8.2928830e-001
 8.2705170e-001
 8.2506770e-001
 8.2339859e-001
 8.2210743e-001
 8.2125652e-001
 8.2086992e-001
 8.2084578e-001
 8.2105619e-001
 8.2137370e-001
 8.2167053e-001
 8.2181907e-001
 8.2169157e-001
 8.2116044e-001
 8.2015157e-001
 8.1876457e-001
 8.1713325e-001
 8.1551588e-001
 8.1384772e-001
 8.1235921e-001
 8.1117606e-001
 8.1041205e-001
 8.1018287e-001
 8.1060696e-001
 8.1180388e-001
 8.1388342e-001
 8.1690544e-001
 8.2080507e-001
 8.2534868e-001
 8.3018488e-001
 8.3491945e-001
 8.3917505e-001
 8.4265882e-001
 8.4523970e-001
 8.4697127e-001
 8.4804559e-001
 8.4872001e-001
 8.4925622e-001
 8.4986901e-001
 8.5068232e-001
 8.5171318e-001
 8.5289538e-001
 8.5412079e-001
 8.5527492e-001
 8.5626531e-001
 8.5704148e-001
 8.5760105e-001
 8.5798037e-001
 8.5823673e-001
 8.5843182e-001
 8.5861927e-001
 8.5883623e-001
 8.5910082e-001
 8.5941517e-001
 8.5977161e-001
 8.6015743e-001
 8.6055791e-001
 8.6084348e-001
 8.6114109e-001
 8.6141753e-001
 8.6166751e-001
 8.6188745e-001
 8.6207598e-001
 8.6223441e-001
 8.6236644e-001
 8.6247802e-001
 8.6257678e-001
 8.6267126e-001
 8.6277014e-001
 8.6288118e-001
 8.6301094e-001
 8.6316401e-001
 8.6334372e-001
 8.6355168e-001
 8.6378843e-001
 8.6405295e-001
 8.6434287e-001
 8.6465424e-001
 8.6498171e-001
 8.6531872e-001
 8.6565787e-001
 8.6599129e-001
 8.6631143e-001
 8.6661130e-001
 8.6688572e-001
 8.6713141e-001
 8.6734766e-001
 8.6753571e-001
 8.6769789e-001
 8.6783707e-001
 8.6795568e-001
 8.6805594e-001
 8.6813998e-001
 8.6821067e-001
 8.6827230e-001
 8.6833113e-001
 8.6839509e-001
 8.6847311e-001
 8.6857361e-001
 8.6870271e-001
 8.6886287e-001
 8.6905187e-001
 8.6926299e-001
 8.6948568e-001
 8.6970764e-001
 8.6991686e-001
 8.7010324e-001
 8.7026036e-001
 8.7038583e-001
 8.7048072e-001
 8.7054890e-001
 8.7059528e-001
 8.7062442e-001
 8.7063926e-001
 8.7064099e-001
 8.7062901e-001
 8.7060201e-001
 8.7055904e-001
 8.7050116e-001
 8.7043196e-001
 8.7035805e-001
 8.7028837e-001
 8.7023240e-001
 8.7019843e-001
 8.7019140e-001
 8.7021154e-001
 8.7025398e-001
 8.7030935e-001
 8.7036580e-001
 8.7041146e-001
 8.7043679e-001
 8.7043667e-001
 8.7041128e-001
 8.7036550e-001
 8.7030762e-001
 8.7024754e-001
 8.7019426e-001
 8.7015462e-001
 8.7013209e-001
 8.7012678e-001
 8.7013602e-001
 8.7015557e-001
 8.7018061e-001
 8.7020683e-001
 8.7023067e-001
 8.7024963e-001
 8.7026143e-001
 8.7026376e-001
 8.7025326e-001
 8.7022555e-001
 8.7017530e-001
 8.7009698e-001
 8.6998618e-001
 8.6984104e-001
 8.6966330e-001
 8.6945915e-001
 8.6923844e-001
 8.6901379e-001
 8.6879855e-001
 8.6860454e-001
 8.6843997e-001
 8.6830837e-001
 8.6820811e-001
 8.6813331e-001
 8.6807543e-001
 8.6802465e-001
 8.6797190e-001
 8.6790949e-001
 8.6783177e-001
 8.6773455e-001
 8.6761498e-001
 8.6747086e-001
 8.6730063e-001
 8.6710358e-001
 8.6688006e-001
 8.6663210e-001
 8.6636335e-001
 8.6607832e-001
 8.6578190e-001
 8.6547792e-001
 8.6516827e-001
 8.6485213e-001
 8.6452639e-001
 8.6418623e-001
 8.6382627e-001
 8.6344182e-001
 8.6302978e-001
 8.6258870e-001
 8.6211878e-001
 8.6162031e-001
 8.6109298e-001
 8.6053467e-001
 8.5994095e-001
 8.5930538e-001
 8.5861975e-001
 8.5787576e-001
 8.5706615e-001
 8.5618538e-001
 8.5523117e-001
 8.5420424e-001
 8.5310900e-001
 8.5195285e-001
 8.5074568e-001
 8.4950000e-001
 8.4822947e-001
 8.4694952e-001
 8.4567612e-001
 8.4442526e-001
 8.4321320e-001
 8.4205502e-001
 8.4096539e-001
 8.3995765e-001
 8.3904368e-001
 8.3823442e-001
 8.3753908e-001
 8.3696550e-001
 8.3651930e-001
 8.3620334e-001
 8.3601701e-001
 8.3595562e-001
 8.3601010e-001
 8.3616704e-001
 8.3640939e-001
 8.3671772e-001
 8.3707148e-001
 8.3745104e-001
 8.3783865e-001
 8.3822036e-001
 8.3858621e-001
 8.3893061e-001
 8.3925265e-001
 8.3955520e-001
 8.3984429e-001
 8.4012812e-001
 8.4041572e-001
 8.4071541e-001
 8.4103280e-001
 8.4136933e-001
 8.4172076e-001
 8.4207636e-001
 8.4241939e-001
 8.4272856e-001
 8.4298080e-001
 8.4315455e-001
 8.4323335e-001
 8.4320873e-001
 8.4308207e-001
 8.4286451e-001
 8.4257555e-001
 8.4224033e-001
 8.4188563e-001
 8.4153670e-001
 8.4121400e-001
 8.4093124e-001
 8.4069479e-001
 8.4050369e-001
 8.4035128e-001
 8.4022659e-001
 8.4011626e-001
 8.4000629e-001
 8.3988363e-001
 8.3973742e-001
 8.3955938e-001
 8.3934462e-001
 8.3909118e-001
 8.3879977e-001
 8.3847278e-001
 8.3811319e-001
 8.3772314e-001
 8.3730304e-001
 8.3685088e-001
 8.3636147e-001
 8.3582717e-001
 8.3523864e-001
 8.3458614e-001
 8.3386117e-001
 8.3305734e-001
 8.3217210e-001
 8.3120662e-001
 8.3016634e-001
 8.2906044e-001
 8.2790053e-001
 8.2670045e-001
 8.2547474e-001
 8.2423848e-001
 8.2300669e-001
 8.2179379e-001
 8.2061481e-001
 8.1948411e-001
 8.1841660e-001
 8.1742674e-001
 8.1652761e-001
 8.1573057e-001
 8.1504291e-001
 8.1446767e-001
 8.1400239e-001
 8.1363928e-001
 8.1336629e-001
 8.1316859e-001
 8.1303090e-001
 8.1293982e-001
 8.1288558e-001
 8.1286365e-001
 8.1287467e-001
 8.1292427e-001
 8.1302124e-001
 8.1317610e-001
 8.1339848e-001
 8.1369531e-001
 8.1406903e-001
 8.1451619e-001
 8.1502706e-001
 8.1558561e-001
 8.1616980e-001
 8.1675375e-001
 8.1730855e-001
 8.1780523e-001
 8.1821668e-001
 8.1851977e-001
 8.1869745e-001
 8.1873947e-001
 8.1864262e-001
 8.1841022e-001
 8.1805038e-001
 8.1757367e-001
 8.1699085e-001
 8.1631058e-001
 8.1553733e-001
 8.1467050e-001
 8.1370389e-001
 8.1262726e-001
 8.1142730e-001
 8.1008977e-001
 8.0860269e-001
 8.0695730e-001
 8.0515110e-001
 8.0318826e-001
 8.0107903e-001
 7.9884082e-001
 7.9649484e-001
 7.9406655e-001
 7.9158306e-001
 7.8907120e-001
 7.8655797e-001
 7.8406733e-001
 7.8162140e-001
 7.7923846e-001
 7.7693117e-001
 7.7470714e-001
 7.7256721e-001
 7.7050436e-001
 7.6850539e-001
 7.6655030e-001
 7.6461577e-001
 7.6267755e-001
 7.6071286e-001
 7.5870562e-001
 7.5664747e-001
 7.5454164e-001
 7.5240296e-001
 7.5025576e-001
 7.4813342e-001
 7.4607193e-001
 7.4410731e-001
 7.4226975e-001
 7.4057913e-001
 7.3904413e-001
 7.3765963e-001
 7.3640978e-001
 7.3526990e-001
 7.3421019e-001
 7.3320043e-001
 7.3221332e-001
 7.3122680e-001
 7.3022622e-001
 7.2920376e-001
 7.2815853e-001
 7.2709477e-001
 7.2601956e-001
 7.2494185e-001
 7.2386992e-001
 7.2281075e-001
 7.2176880e-001
 7.2074503e-001
 7.1973795e-001
 7.1874237e-001
 7.1775126e-001
 7.1675563e-001
 7.1574497e-001
 7.1470863e-001
 7.1363527e-001
 7.1251369e-001
 7.1133244e-001
 7.1007854e-001
 7.0873791e-001
 7.0729387e-001
 7.0572621e-001
 7.0401192e-001
 7.0212454e-001
 7.0003694e-001
 6.9772315e-001
 6.9516093e-001
 6.9233739e-001
 6.8924999e-001
 6.8591112e-001
 6.8234795e-001
 6.7859936e-001
 6.7471558e-001
 6.7074895e-001
 6.6675097e-001
 6.6276538e-001
 6.5882182e-001
 6.5493685e-001
 6.5110964e-001
 6.4732713e-001
 6.4356512e-001
 6.3979018e-001
 6.3596547e-001
 6.3204896e-001
 6.2799776e-001
 6.2376690e-001
 6.1930776e-001
 6.1457145e-001
 6.0950792e-001
 6.0406578e-001
 5.9819818e-001
 5.9186077e-001
 5.8501887e-001
 5.7764930e-001
 5.6974059e-001
 5.6130314e-001
 5.5236495e-001
 5.4298174e-001
 5.3323615e-001
 5.2323496e-001
 5.1311570e-001
 5.0303316e-001
 4.9316126e-001
 4.8368043e-001
 4.7476405e-001
 4.6657532e-001
 4.5924887e-001
 4.5288950e-001
 4.4756308e-001
 4.4329235e-001
 4.4006109e-001
 4.3781438e-001
 4.3646327e-001
 4.3589249e-001
 4.3596566e-001
 4.3653238e-001
 4.3743366e-001
 4.3850726e-001
 4.3959099e-001
 4.4052717e-001
 4.4116533e-001
 4.4136718e-001
 4.4101226e-001
 4.4000596e-001
 4.3828884e-001
 4.3584901e-001
 4.3273357e-001
 4.2905691e-001
 4.2500871e-001
 4.2084828e-001
 4.1689637e-001
 4.1351241e-001
 4.1106284e-001
 4.0988821e-001
 4.1026431e-001
 4.1237220e-001
 4.1627520e-001
 4.2191342e-001
 4.2910802e-001
 4.3758228e-001
 4.4699612e-001
 4.5697439e-001
 4.6715152e-001
 4.7719443e-001
 4.8682928e-001
 4.9585843e-001
 5.0415599e-001
 5.1167119e-001
 5.1840967e-001
 5.2442139e-001
 5.2978551e-001
 5.3459060e-001
 5.3892756e-001
 5.4287684e-001
 5.4650635e-001
 5.4987127e-001
 5.5301237e-001
 5.5596155e-001
 5.5874205e-001
 5.6137192e-001
 5.6386691e-001
 5.6623954e-001
 5.6850100e-001
 5.7066220e-001
 5.7273191e-001
 5.7471919e-001
 5.7663095e-001
 5.7847297e-001
 5.8024979e-001
 5.8196306e-001
 5.8361304e-001
 5.8519703e-001
 5.8671081e-001
 5.8814955e-001
 5.8950782e-001
 5.9078205e-001
 5.9197056e-001
 5.9307498e-001
 5.9410101e-001
 5.9505808e-001
 5.9595948e-001
 5.9682113e-001
 5.9766096e-001
 5.9849817e-001
 5.9935111e-001
 6.0023731e-001
 6.0117227e-001
 6.0216886e-001
 6.0323733e-001
 6.0438442e-001
 6.0561341e-001
 6.0692424e-001
 6.0831213e-001
 6.0976905e-001
 6.1128253e-001
 6.1283690e-001
 6.1441523e-001
 6.1599964e-001
 6.1757457e-001
 6.1912698e-001
 6.2064838e-001
 6.2213516e-001
 6.2358695e-001
 6.2500650e-001
 6.2639678e-001
 6.2775975e-001
 6.2909627e-001
 6.3040435e-001
 6.3168162e-001
 6.3292557e-001
 6.3413554e-001
 6.3531458e-001
 6.3646901e-001
 6.3760889e-001
 6.3874692e-001
 6.3989621e-001
 6.4106977e-001
 6.4227772e-001
 6.4352691e-001
 6.4482081e-001
 6.4615840e-001
 6.4753574e-001
 6.4894563e-001
 6.5037829e-001
 6.5182316e-001
 6.5326816e-001
 6.5470219e-001
 6.5611476e-001
 6.5749735e-001
 6.5884447e-001
 6.6015261e-001
 6.6142106e-001
 6.6264981e-001
 6.6383910e-001
 6.6498858e-001
 6.6609597e-001
 6.6715759e-001
 6.6816980e-001
 6.6912949e-001
 6.7003679e-001
 6.7089576e-001
 6.7171478e-001
 6.7250603e-001
 6.7328221e-001
 6.7405546e-001
 6.7483491e-001
 6.7562592e-001
 6.7642987e-001
 6.7724341e-001
 6.7806017e-001
 6.7887163e-001
 6.7966974e-001
 6.8044937e-001
 6.8120843e-001
 6.8194896e-001
 6.8267465e-001
 6.8338960e-001
 6.8409705e-001
 6.8479794e-001
 6.8549281e-001
 6.8618208e-001
 6.8686801e-001
 6.8755537e-001
 6.8825084e-001
 6.8896264e-001
 6.8969864e-001
 6.9046372e-001
 6.9125849e-001
 6.9207722e-001
 6.9290787e-001
 6.9373375e-001
 6.9453526e-001
 6.9529366e-001
 6.9599366e-001
 6.9662666e-001
 6.9719183e-001
 6.9769520e-001
 6.9814807e-001
 6.9856429e-001
 6.9895804e-001
 6.9934183e-001
 6.9972497e-001
 7.0011318e-001
 7.0050806e-001
 7.0090777e-001
 7.0130849e-001
 7.0170575e-001
 7.0209634e-001
 7.0247924e-001
 7.0285589e-001
 7.0322996e-001
 7.0360607e-001
 7.0398802e-001
 7.0437813e-001
 7.0477569e-001
 7.0517755e-001
 7.0557827e-001
 7.0597118e-001
 7.0634949e-001
 7.0670676e-001
 7.0703799e-001
 7.0733970e-001
 7.0761061e-001
 7.0785183e-001
 7.0806640e-001
 7.0825988e-001
 7.0843947e-001
 7.0861375e-001
 7.0879221e-001
 7.0898449e-001
 7.0919943e-001
 7.0944452e-001
 7.0972490e-001
 7.1004307e-001
 7.1039844e-001
 7.1078736e-001
 7.1120346e-001
 7.1163827e-001
 7.1208191e-001
 7.1252382e-001
 7.1295357e-001
 7.1336186e-001
 7.1374083e-001
 7.1408451e-001
 7.1438944e-001
 7.1465451e-001
 7.1488142e-001
 7.1507406e-001
 7.1523881e-001
 7.1538329e-001
 7.1551627e-001
 7.1564609e-001
 7.1578014e-001
 7.1592379e-001
 7.1607965e-001
 7.1624738e-001
 7.1642399e-001
 7.1660411e-001
 7.1678114e-001
 7.1694821e-001
 7.1709955e-001
 7.1723115e-001
 7.1734148e-001
 7.1743166e-001
 7.1750504e-001
 7.1756667e-001
 7.1762246e-001
 7.1767813e-001
 7.1773869e-001
 7.1780741e-001
 7.1788585e-001
 7.1797383e-001
 7.1806961e-001
 7.1817034e-001
 7.1827257e-001
 7.1837276e-001
 7.1846777e-001
 7.1855491e-001
 7.1863222e-001
 7.1869862e-001
 7.1875358e-001
 7.1879745e-001
 7.1883082e-001
 7.1885502e-001
 7.1887177e-001
 7.1888310e-001
 7.1889156e-001
 7.1890020e-001
 7.1891224e-001
 7.1893126e-001
 7.1896082e-001
 7.1900392e-001
 7.1906263e-001
 7.1913731e-001
 7.1922606e-001
 7.1932405e-001
 7.1942353e-001
 7.1951395e-001
 7.1958286e-001
 7.1961731e-001
 7.1960515e-001
 7.1953660e-001
 7.1940553e-001
 7.1921009e-001
 7.1895301e-001
 7.1864152e-001
 7.1828729e-001
 7.1790481e-001
 7.1750981e-001
 7.1711731e-001
 7.1673930e-001
 7.1638322e-001
 7.1605092e-001
 7.1573895e-001
 7.1543980e-001
 7.1514380e-001
 7.1484214e-001
 7.1452940e-001
 7.1420574e-001
 7.1387786e-001
 7.1355814e-001
 7.1326333e-001
 7.1301156e-001
 7.1281976e-001
 7.1270049e-001
 7.1266019e-001
 7.1269786e-001
 7.1280479e-001
 7.1296513e-001
 7.1315753e-001
 7.1335781e-001
 7.1354151e-001
 7.1368730e-001
 7.1377933e-001
 7.1380919e-001
 7.1377659e-001
 7.1368861e-001
 7.1355796e-001
 7.1340036e-001
 7.1323156e-001
 7.1306390e-001
 7.1290433e-001
 7.1275246e-001
 7.1259993e-001
 7.1243173e-001
 7.1222782e-001
 7.1196663e-001
 7.1162832e-001
 7.1119839e-001
 7.1067101e-001
 7.1005040e-001
 7.0935202e-001
 7.0860106e-001
 7.0782983e-001
 7.0707422e-001
 7.0636910e-001
 7.0574379e-001
 7.0521867e-001
 7.0480216e-001
 7.0448989e-001
 7.0426536e-001
 7.0410180e-001
 7.0396578e-001
 7.0382082e-001
 7.0363134e-001
 7.0336610e-001
 7.0300061e-001
 7.0251870e-001
 7.0191288e-001
 7.0118380e-001
 7.0033932e-001
 6.9939291e-001
 6.9836253e-001
 6.9726896e-001
 6.9613522e-001
 6.9498539e-001
 6.9384313e-001
 6.9273192e-001
 6.9167238e-001
 6.9068241e-001
 6.8977559e-001
 6.8895954e-001
 6.8823636e-001
 6.8760175e-001
 6.8704581e-001
 6.8655407e-001
 6.8610865e-001
 6.8569046e-001
 6.8528038e-001
 6.8486089e-001
 6.8441719e-001
 6.8393767e-001
 6.8341458e-001
 6.8284345e-001
 6.8222290e-001
 6.8155456e-001
 6.8084204e-001
 6.8009108e-001
 6.7930901e-001
 6.7850387e-001
 6.7768472e-001
 6.7686039e-001
 6.7603916e-001
 6.7522788e-001
 6.7443085e-001
 6.7364991e-001
 6.7288357e-001
 6.7212677e-001
 6.7137206e-001
 6.7060947e-001
 6.6982841e-001
 6.6901857e-001
 6.6817087e-001
 6.6727912e-001
 6.6634011e-001
 6.6535437e-001
 6.6432607e-001
 6.6326207e-001
 6.6217196e-001
 6.6106623e-001
 6.5995580e-001
 6.5885097e-001
 6.5776014e-001
 6.5669036e-001
 6.5564620e-001
 6.5463096e-001
 6.5364665e-001
 6.5269417e-001
 6.5177429e-001
 6.5088713e-001
 6.5003324e-001
 6.4921355e-001
 6.4842898e-001
 6.4768070e-001
 6.4697021e-001
 6.4629859e-001
 6.4566696e-001
 6.4507544e-001
 6.4452344e-001
 6.4400893e-001
 6.4352852e-001
 6.4307749e-001
 6.4263231e-001
 6.4222986e-001
 6.4183682e-001
 6.4144617e-001
 6.4105183e-001
 6.4064944e-001
 6.4023691e-001
 6.3981408e-001
 6.3938206e-001
 6.3894308e-001
 6.3849932e-001
 6.3805342e-001
 6.3760787e-001
 6.3716531e-001
 6.3672864e-001
 6.3630116e-001
 6.3588631e-001
 6.3548809e-001
 6.3511062e-001
 6.3475817e-001
 6.3443512e-001
 6.3414532e-001
 6.3389212e-001
 6.3367707e-001
 6.3349903e-001
 6.3335311e-001
 6.3323027e-001
 6.3311762e-001
 6.3299936e-001
 6.3285840e-001
 6.3267690e-001
 6.3243741e-001
 6.3212419e-001
 6.3172495e-001
 6.3123333e-001
 6.3065088e-001
 6.2998778e-001
 6.2926221e-001
 6.2849820e-001
 6.2772304e-001
 6.2696564e-001
 6.2625450e-001
 6.2561613e-001
 6.2507242e-001
 6.2463707e-001
 6.2431324e-001
 6.2409210e-001
 6.2395400e-001
 6.2387151e-001
 6.2381220e-001
 6.2374169e-001
 6.2362480e-001
 6.2342703e-001
 6.2311590e-001
 6.2266153e-001
 6.2203878e-001
 6.2122673e-001
 6.2020886e-001
 6.1897194e-001
 6.1750406e-001
 6.1579502e-001
 6.1383474e-001
 6.1161447e-001
 6.0912758e-001
 6.0636938e-001
 6.0333997e-001
 6.0004407e-001
 5.9648913e-001
 5.9268719e-001
 5.8865029e-001
 5.8439279e-001
 5.7992935e-001
 5.7527351e-001
 5.7044137e-001
 5.6544733e-001
 5.6030834e-001
 5.5504233e-001
 5.4966617e-001
 5.4419994e-001
 5.3866136e-001
 5.3307003e-001
 5.2744496e-001
 5.2180129e-001
 5.1615310e-001
 5.1050556e-001
 5.0485718e-001
 4.9919745e-001
 4.9350509e-001
 4.8775470e-001
 4.8191726e-001
 4.7596031e-001
 4.6985522e-001
 4.6357411e-001
 4.5709950e-001
 4.5042753e-001
 4.4357055e-001
 4.3656451e-001
 4.2946047e-001
 4.2232567e-001
 4.1523549e-001
 4.0826643e-001
 4.0149882e-001
 3.9500755e-001
 3.8886440e-001
 3.8313186e-001
 3.7785783e-001
 3.7307885e-001
 3.6881647e-001
 3.6508474e-001
 3.6189175e-001
 3.5924143e-001
 3.5713693e-001
 3.5557747e-001
 3.5455763e-001
 3.5406315e-001
 3.5406792e-001
 3.5453302e-001
 3.5540766e-001
 3.5663274e-001
 3.5814360e-001
 3.5987401e-001
 3.6175725e-001
 3.6372903e-001
 3.6573118e-001
 3.6771387e-001
 3.6964083e-001
 3.7148896e-001
 3.7324780e-001
 3.7491679e-001
 3.7650010e-001
 3.7800547e-001
 3.7944102e-001
 3.8081524e-001
 3.8213679e-001
 3.8341337e-001
 3.8465255e-001
 3.8586083e-001
 3.8704407e-001
 3.8820809e-001
 3.8935792e-001
 3.9049852e-001
 3.9163482e-001
 3.9277086e-001
 3.9390996e-001
 3.9505339e-001
 3.9619991e-001
 3.9734614e-001
 3.9848563e-001
 3.9961076e-001
 4.0071243e-001
 4.0178126e-001
 4.0280828e-001
 4.0378511e-001
 4.0470579e-001
 4.0556747e-001
 4.0637192e-001
 4.0712634e-001
 4.0784213e-001
 4.0853456e-001
 4.0922049e-001
 4.0991777e-001
 4.1064435e-001
 4.1141677e-001
 4.1224906e-001
 4.1315123e-001
 4.1412714e-001
 4.1517469e-001
 4.1628560e-001
 4.1744733e-001
 4.1864523e-001
 4.1986290e-001
 4.2108443e-001
 4.2229417e-001
 4.2347836e-001
 4.2462668e-001
 4.2573243e-001
 4.2679420e-001
 4.2781422e-001
 4.2879793e-001
 4.2975292e-001
 4.3068722e-001
 4.3160954e-001
 4.3252805e-001
 4.3345031e-001
 4.3438315e-001
 4.3533152e-001
 4.3629920e-001
 4.3728817e-001
 4.3829930e-001
 4.3933329e-001
 4.4039005e-001
 4.4146925e-001
 4.4257081e-001
 4.4369376e-001
 4.4483703e-001
 4.4599846e-001
 4.4717494e-001
 4.4836304e-001
 4.4955820e-001
 4.5075604e-001
 4.5195156e-001
 4.5314041e-001
 4.5431751e-001
 4.5547912e-001
 4.5662221e-001
 4.5774412e-001
 4.5884410e-001
 4.5992228e-001
 4.6097985e-001
 4.6201766e-001
 4.6303761e-001
 4.6404162e-001
 4.6503094e-001
 4.6600744e-001
 4.6697292e-001
 4.6792832e-001
 4.6887517e-001
 4.6981454e-001
 4.7074768e-001
 4.7167513e-001
 4.7259799e-001
 4.7351715e-001
 4.7443265e-001
 4.7534436e-001
 4.7625121e-001
 4.7714981e-001
 4.7803587e-001
 4.7890353e-001
 4.7974527e-001
 4.8055348e-001
 4.8132011e-001
 4.8203743e-001
 4.8269776e-001
 4.8329514e-001
 4.8382580e-001
 4.8428833e-001
 4.8468497e-001
 4.8502067e-001
 4.8530233e-001
 4.8553833e-001
 4.8573756e-001
 4.8590904e-001
 4.8606151e-001
 4.8620325e-001
 4.8634151e-001
 4.8648211e-001
 4.8662952e-001
 4.8678678e-001
 4.8695588e-001
 4.8713830e-001
 4.8733523e-001
 4.8754749e-001
 4.8777577e-001
 4.8802030e-001
 4.8828053e-001
 4.8855484e-001
 4.8884058e-001
 4.8913410e-001
 4.8943087e-001
 4.8972604e-001
 4.9001455e-001
 4.9029109e-001
 4.9055055e-001
 4.9078774e-001
 4.9099764e-001
 4.9117512e-001
 4.9131536e-001
 4.9141356e-001
 4.9146500e-001
 4.9146500e-001
 4.9140900e-001
 4.9129263e-001
 4.9111208e-001
 4.9086457e-001
 4.9054900e-001
 4.9016687e-001
 4.8972216e-001
 4.8922113e-001
 4.8867214e-001
 4.8808429e-001
 4.8746711e-001
 4.8683080e-001
 4.8618487e-001
 4.8553851e-001
 4.8490086e-001
 4.8427963e-001
 4.8368180e-001
 4.8311335e-001
 4.8258013e-001
 4.8208702e-001
 4.8163873e-001
 4.8123962e-001
 4.8089254e-001
 4.8059782e-001
 4.8035187e-001
 4.8014519e-001
 4.7996214e-001
 4.7978139e-001
 4.7957757e-001
 4.7932279e-001
 4.7898823e-001
 4.7854596e-001
 4.7797036e-001
 4.7724122e-001
 4.7634813e-001
 4.7529280e-001
 4.7409070e-001
 4.7277069e-001
 4.7137007e-001
 4.6993187e-001
 4.6850106e-001
 4.6712342e-001
 4.6584067e-001
 4.6468779e-001
 4.6368915e-001
 4.6285278e-001
 4.6216965e-001
 4.6161574e-001
 4.6115503e-001
 4.6074492e-001
 4.6033958e-001
 4.5989302e-001
 4.5936060e-001
 4.5870206e-001
 4.5788479e-001
 4.5688578e-001
 4.5569286e-001
 4.5430470e-001
 4.5272645e-001
 4.5096752e-001
 4.4904065e-001
 4.4695792e-001
 4.4473132e-001
 4.4237089e-001
 4.3988585e-001
 4.3728039e-001
 4.3455473e-001
 4.3170780e-001
 4.2873397e-001
 4.2562610e-001
 4.2237872e-001
 4.1898441e-001
 4.1543785e-001
 4.1173559e-001
 4.0788159e-001
 4.0388379e-001
 3.9975709e-001
 3.9552581e-001
 3.9121613e-001
 3.8685703e-001
 3.8248193e-001
 3.7812155e-001
 3.7380633e-001
 3.6956885e-001
 3.6543712e-001
 3.6143792e-001
 3.5759482e-001
 3.5393199e-001
 3.5046920e-001
 3.4722537e-001
 3.4422091e-001
 3.4147272e-001
 3.3899540e-001
 3.3680013e-001
 3.3488795e-001
 3.3324897e-001
 3.3186039e-001
 3.3068892e-001
 3.2969186e-001
 3.2882166e-001
 3.2802925e-001
 3.2726502e-001
 3.2648182e-001
 3.2563850e-001
 3.2470265e-001
 3.2365432e-001
 3.2248819e-001
 3.2121074e-001
 3.1983796e-001
 3.1839088e-001
 3.1689385e-001
 3.1536976e-001
 3.1383818e-001
 3.1231219e-001
 3.1079119e-001
 3.0925754e-001
 3.0767566e-001
 3.0599180e-001
 3.0414003e-001
 3.0204675e-001
 2.9963726e-001
 2.9683796e-001
 2.9358429e-001
 2.8983405e-001
 2.8557613e-001
 2.8084436e-001
 2.7572608e-001
 2.7035072e-001
 2.6488206e-001
 2.5950232e-001
 2.5440627e-001
 2.4978469e-001
 2.4582013e-001
 2.4267790e-001
 2.4048656e-001
 2.3932981e-001
 2.3924126e-001
 2.4020775e-001
 2.4218324e-001
 2.4509977e-001
 2.4888046e-001
 2.5344342e-001
 2.5870505e-001
 2.6457417e-001
 2.7095744e-001
 2.7775431e-001
 2.8485078e-001
 2.9212987e-001
 2.9946920e-001
 3.0673793e-001
 3.1380987e-001
 3.2055983e-001
 3.2687211e-001
 3.3264339e-001
 3.3780318e-001
 3.4231859e-001
 3.4619582e-001
 3.4948254e-001
 3.5225409e-001
 3.5460058e-001
 3.5662177e-001
 3.5841814e-001
 3.6008427e-001
 3.6170483e-001
 3.6334470e-001
 3.6504316e-001
 3.6680925e-001
 3.6862713e-001
 3.7046170e-001
 3.7226516e-001
 3.7398568e-001
 3.7557063e-001
 3.7696913e-001
 3.7813881e-001
 3.7904921e-001
 3.7968686e-001
 3.8005641e-001
 3.8017997e-001
 3.8009170e-001
 3.7983334e-001
 3.7944996e-001
 3.7898722e-001
 3.7848964e-001
 3.7799770e-001
 3.7754521e-001
 3.7715748e-001
 3.7684968e-001
 3.7662819e-001
 3.7649280e-001
 3.7643945e-001
 3.7646192e-001
 3.7655309e-001
 3.7670499e-001
 3.7690839e-001
 3.7715232e-001
 3.7742296e-001
 3.7770388e-001
 3.7797600e-001
 3.7821841e-001
 3.7840891e-001
 3.7852520e-001
 3.7854525e-001
 3.7844858e-001
 3.7821794e-001
 3.7784123e-001
 3.7731403e-001
 3.7663966e-001
 3.7582850e-001
 3.7489697e-001
 3.7386402e-001
 3.7275031e-001
 3.7157619e-001
 3.7036180e-001
 3.6912388e-001
 3.6787462e-001
 3.6662120e-001
 3.6536309e-001
 3.6409390e-001
 3.6280361e-001
 3.6147869e-001
 3.6010480e-001
 3.5866737e-001
 3.5715416e-001
 3.5555494e-001
 3.5386458e-001
 3.5208601e-001
 3.5022876e-001
 3.4830913e-001
 3.4634992e-001
 3.4437567e-001
 3.4241220e-001
 3.4048674e-001
 3.3862385e-001
 3.3684582e-001
 3.3516967e-001
 3.3360711e-001
 3.3216134e-001
 3.3082920e-001
 3.2960364e-001
 3.2847381e-001
 3.2742751e-001
 3.2645312e-001
 3.2553887e-001
 3.2467481e-001
 3.2385349e-001
 3.2307169e-001
 3.2232961e-001
 3.2163119e-001
 3.2098356e-001
 3.2039487e-001
 3.1987396e-001
 3.1942961e-001
 3.1906873e-001
 3.1879506e-001
 3.1860667e-001
 3.1849429e-001
 3.1844014e-001
 3.1841886e-001
 3.1839964e-001
 3.1834832e-001
 3.1822944e-001
 3.1800801e-001
 3.1765142e-001
 3.1713229e-001
 3.1643260e-001
 3.1554627e-001
 3.1448081e-001
 3.1325564e-001
 3.1190008e-001
 3.1044784e-001
 3.0893499e-001
 3.0739912e-001
 3.0587545e-001
 3.0439615e-001
 3.0298918e-001
 3.0167428e-001
 3.0046362e-001
 2.9936209e-001
 2.9836997e-001
 2.9748353e-001
 2.9669741e-001
 2.9600608e-001
 2.9540285e-001
 2.9488024e-001
 2.9442984e-001
 2.9404104e-001
 2.9370129e-001
 2.9339665e-001
 2.9311177e-001
 2.9283091e-001
 2.9253814e-001
 2.9221809e-001
 2.9185608e-001
 2.9143909e-001
 2.9095694e-001
 2.9040265e-001
 2.8977290e-001
 2.8906837e-001
 2.8829208e-001
 2.8744903e-001
 2.8654474e-001
 2.8558579e-001
 2.8457806e-001
 2.8352737e-001
 2.8244030e-001
 2.8136316e-001
 2.8049484e-001
 2.7934214e-001
 2.7819106e-001
 2.7705187e-001
 2.7593514e-001
 2.7485129e-001
 2.7381140e-001
 2.7282572e-001
 2.7190489e-001
 2.7105951e-001
 2.7029878e-001
 2.6962194e-001
 2.6902181e-001
 2.6849142e-001
 2.6802355e-001
 2.6761138e-001
 2.6724777e-001
 2.6692572e-001
 2.6663813e-001
 2.6637807e-001
 2.6613846e-001
 2.6591223e-001
 2.6569232e-001
 2.6547179e-001
 2.6524395e-001
 2.6500511e-001
 2.6475358e-001
 2.6448733e-001
 2.6420462e-001
 2.6390362e-001
 2.6358241e-001
 2.6323909e-001
 2.6287195e-001
 2.6247910e-001
 2.6205865e-001
 2.6160866e-001
 2.6112753e-001
 2.6061317e-001
 2.6006389e-001
 2.5947776e-001
 2.5885275e-001
 2.5818735e-001
 2.5747994e-001
 2.5673202e-001
 2.5594664e-001
 2.5512737e-001
 2.5427723e-001
 2.5339943e-001
 2.5249696e-001
 2.5157350e-001
 2.5063196e-001
 2.4967560e-001
 2.4870764e-001
 2.4773100e-001
 2.4674939e-001
 2.4576579e-001
 2.4478337e-001
 2.4380517e-001
 2.4283478e-001
 2.4187523e-001
 2.4092971e-001
 2.4000123e-001
 2.3909338e-001
 2.3820920e-001
 2.3735157e-001
 2.3652041e-001
 2.3571479e-001
 2.3493330e-001
 2.3417458e-001
 2.3343739e-001
 2.3272020e-001
 2.3202211e-001
 2.3134165e-001
 2.3067750e-001
 2.3002821e-001
 2.2939283e-001
 2.2876990e-001
 2.2815810e-001
 2.2755602e-001
 2.2696264e-001
 2.2637655e-001
 2.2579642e-001
 2.2522095e-001
 2.2464874e-001
 2.2407876e-001
 2.2350956e-001
 2.2293989e-001
 2.2236829e-001
 2.2179373e-001
 2.2121480e-001
 2.2063032e-001
 2.2003987e-001
 2.1944402e-001
 2.1884283e-001
 2.1823652e-001
 2.1762533e-001
 2.1700931e-001
 2.1638903e-001
 2.1576457e-001
 2.1513611e-001
 2.1450379e-001
 2.1386813e-001
 2.1322915e-001
 2.1258712e-001
 2.1194214e-001
 2.1129470e-001
 2.1064492e-001
 2.0999299e-001
 2.0933901e-001
 2.0868351e-001
 2.0802654e-001
 2.0736837e-001
 2.0670921e-001
 2.0604913e-001
 2.0538868e-001
 2.0472793e-001
 2.0406711e-001
 2.0340632e-001
 2.0274602e-001
 2.0208636e-001
 2.0142756e-001
 2.0076975e-001
 2.0011358e-001
 1.9945921e-001
