s07_ASD Record=11443: Topaz HS184.1B               ASDNGb AREF
-1.2300000e+034
 7.4220699e-001
 7.4075723e-001
 7.4023443e-001
 7.4063373e-001
 7.3944157e-001
 7.3872131e-001
 7.3871052e-001
 7.3908585e-001
 7.3911768e-001
 7.3924917e-001
 7.3969215e-001
 7.4048108e-001
 7.4143517e-001
 7.4212003e-001
 7.4219215e-001
 7.4139965e-001
 7.4141711e-001
 7.4205929e-001
 7.4286592e-001
 7.4384415e-001
 7.4551225e-001
 7.4724686e-001
 7.4806899e-001
 7.4887025e-001
 7.4976110e-001
 7.5074506e-001
 7.5181353e-001
 7.5205076e-001
 7.5255424e-001
 7.5416863e-001
 7.5562584e-001
 7.5687659e-001
 7.5803405e-001
 7.5927258e-001
 7.6044488e-001
 7.6160395e-001
 7.6285744e-001
 7.6436806e-001
 7.6568323e-001
 7.6695853e-001
 7.6837444e-001
 7.6965308e-001
 7.7109295e-001
 7.7248442e-001
 7.7344120e-001
 7.7473128e-001
 7.7632880e-001
 7.7791494e-001
 7.7888536e-001
 7.8008193e-001
 7.8155333e-001
 7.8306657e-001
 7.8422689e-001
 7.8546232e-001
 7.8682685e-001
 7.8811991e-001
 7.8932446e-001
 7.9054868e-001
 7.9181230e-001
 7.9294902e-001
 7.9415447e-001
 7.9536468e-001
 7.9649574e-001
 7.9773152e-001
 7.9897189e-001
 8.0021554e-001
 8.0152643e-001
 8.0270529e-001
 8.0381286e-001
 8.0491620e-001
 8.0598754e-001
 8.0706549e-001
 8.0817121e-001
 8.0929571e-001
 8.1028789e-001
 8.1132215e-001
 8.1239647e-001
 8.1333029e-001
 8.1441230e-001
 8.1552446e-001
 8.1653535e-001
 8.1748062e-001
 8.1841964e-001
 8.1937206e-001
 8.2033652e-001
 8.2128644e-001
 8.2228684e-001
 8.2330096e-001
 8.2414955e-001
 8.2506722e-001
 8.2605046e-001
 8.2701361e-001
 8.2781124e-001
 8.2872492e-001
 8.2970190e-001
 8.3050078e-001
 8.3138388e-001
 8.3228523e-001
 8.3313388e-001
 8.3392584e-001
 8.3481544e-001
 8.3574200e-001
 8.3658677e-001
 8.3734995e-001
 8.3817762e-001
 8.3906639e-001
 8.3987242e-001
 8.4066075e-001
 8.4143323e-001
 8.4220618e-001
 8.4306359e-001
 8.4391069e-001
 8.4472108e-001
 8.4550422e-001
 8.4624475e-001
 8.4702706e-001
 8.4786415e-001
 8.4867334e-001
 8.4947580e-001
 8.5024679e-001
 8.5098398e-001
 8.5181302e-001
 8.5260868e-001
 8.5335833e-001
 8.5412329e-001
 8.5487455e-001
 8.5563129e-001
 8.5640270e-001
 8.5717016e-001
 8.5798937e-001
 8.5879725e-001
 8.5952413e-001
 8.6027682e-001
 8.6101317e-001
 8.6174202e-001
 8.6251736e-001
 8.6326653e-001
 8.6399204e-001
 8.6471528e-001
 8.6544800e-001
 8.6617947e-001
 8.6690408e-001
 8.6761916e-001
 8.6832368e-001
 8.6908400e-001
 8.6987901e-001
 8.7056273e-001
 8.7127900e-001
 8.7201428e-001
 8.7273473e-001
 8.7350059e-001
 8.7424886e-001
 8.7496227e-001
 8.7565380e-001
 8.7633502e-001
 8.7701339e-001
 8.7769449e-001
 8.7837893e-001
 8.7904996e-001
 8.7970942e-001
 8.8036960e-001
 8.8103986e-001
 8.8170058e-001
 8.8234395e-001
 8.8296723e-001
 8.8356799e-001
 8.8415742e-001
 8.8474792e-001
 8.8534808e-001
 8.8596749e-001
 8.8658649e-001
 8.8717037e-001
 8.8770634e-001
 8.8826180e-001
 8.8885629e-001
 8.8942140e-001
 8.9001828e-001
 8.9060384e-001
 8.9112765e-001
 8.9165294e-001
 8.9215297e-001
 8.9263564e-001
 8.9313817e-001
 8.9362228e-001
 8.9409459e-001
 8.9457220e-001
 8.9507580e-001
 8.9559734e-001
 8.9613080e-001
 8.9666283e-001
 8.9714593e-001
 8.9760184e-001
 8.9805049e-001
 8.9849979e-001
 8.9893055e-001
 8.9936066e-001
 8.9980263e-001
 9.0020609e-001
 9.0061641e-001
 9.0104890e-001
 9.0149403e-001
 9.0191805e-001
 9.0231407e-001
 9.0269065e-001
 9.0308154e-001
 9.0347129e-001
 9.0385592e-001
 9.0423924e-001
 9.0464318e-001
 9.0503401e-001
 9.0539467e-001
 9.0573311e-001
 9.0605605e-001
 9.0638489e-001
 9.0673518e-001
 9.0710396e-001
 9.0741736e-001
 9.0770507e-001
 9.0805238e-001
 9.0842700e-001
 9.0877366e-001
 9.0905964e-001
 9.0929037e-001
 9.0953374e-001
 9.0980130e-001
 9.1007996e-001
 9.1034436e-001
 9.1059333e-001
 9.1083825e-001
 9.1110134e-001
 9.1145062e-001
 9.1181940e-001
 9.1214603e-001
 9.1244972e-001
 9.1271746e-001
 9.1295713e-001
 9.1319078e-001
 9.1347069e-001
 9.1375309e-001
 9.1401190e-001
 9.1425848e-001
 9.1451097e-001
 9.1476053e-001
 9.1499865e-001
 9.1525114e-001
 9.1551113e-001
 9.1577250e-001
 9.1603434e-001
 9.1631883e-001
 9.1657877e-001
 9.1679382e-001
 9.1701210e-001
 9.1726041e-001
 9.1751415e-001
 9.1774428e-001
 9.1800773e-001
 9.1829824e-001
 9.1859317e-001
 9.1885602e-001
 9.1906762e-001
 9.1926378e-001
 9.1948080e-001
 9.1971755e-001
 9.1995829e-001
 9.2019832e-001
 9.2044193e-001
 9.2071491e-001
 9.2100292e-001
 9.2127591e-001
 9.2149311e-001
 9.2165184e-001
 9.2178923e-001
 9.2195225e-001
 9.2217255e-001
 9.2244476e-001
 9.2271447e-001
 9.2290425e-001
 9.2311120e-001
 9.2335254e-001
 9.2360228e-001
 9.2377532e-001
 9.2396015e-001
 9.2415440e-001
 9.2433119e-001
 9.2449385e-001
 9.2469519e-001
 9.2493320e-001
 9.2515755e-001
 9.2532939e-001
 9.2546833e-001
 9.2560565e-001
 9.2578465e-001
 9.2598259e-001
 9.2619359e-001
 9.2641115e-001
 9.2655653e-001
 9.2667431e-001
 9.2682445e-001
 9.2707503e-001
 9.2723066e-001
 9.2732710e-001
 9.2745394e-001
 9.2765981e-001
 9.2785335e-001
 9.2802435e-001
 9.2820024e-001
 9.2831588e-001
 9.2843765e-001
 9.2859232e-001
 9.2871451e-001
 9.2886043e-001
 9.2903262e-001
 9.2921054e-001
 9.2935795e-001
 9.2949367e-001
 9.2963874e-001
 9.2980683e-001
 9.2992383e-001
 9.3002486e-001
 9.3013978e-001
 9.3026274e-001
 9.3039757e-001
 9.3052292e-001
 9.3062907e-001
 9.3079913e-001
 9.3094021e-001
 9.3104565e-001
 9.3118763e-001
 9.3134254e-001
 9.3149537e-001
 9.3161726e-001
 9.3163526e-001
 9.3175304e-001
 9.3191171e-001
 9.3198580e-001
 9.3205190e-001
 9.3220276e-001
 9.3242890e-001
 9.3262309e-001
 9.3275076e-001
 9.3285888e-001
 9.3298686e-001
 9.3312895e-001
 9.3323392e-001
 9.3327016e-001
 9.3323576e-001
 9.3321919e-001
 9.3325865e-001
 9.3335986e-001
 9.3349212e-001
 9.3359905e-001
 9.3365473e-001
 9.3367332e-001
 9.3374157e-001
 9.3381590e-001
 9.3391401e-001
 9.3405986e-001
 9.3418258e-001
 9.3428504e-001
 9.3438399e-001
 9.3450356e-001
 9.3462205e-001
 9.3471855e-001
 9.3478650e-001
 9.3485242e-001
 9.3492293e-001
 9.3499553e-001
 9.3506247e-001
 9.3512315e-001
 9.3520510e-001
 9.3530810e-001
 9.3539959e-001
 9.3547243e-001
 9.3549287e-001
 9.3547827e-001
 9.3557185e-001
 9.3565863e-001
 9.3573886e-001
 9.3584377e-001
 9.3594092e-001
 9.3602878e-001
 9.3611115e-001
 9.3619275e-001
 9.3623918e-001
 9.3629056e-001
 9.3637222e-001
 9.3645525e-001
 9.3651646e-001
 9.3656766e-001
 9.3663198e-001
 9.3671578e-001
 9.3677318e-001
 9.3681777e-001
 9.3690276e-001
 9.3699574e-001
 9.3705750e-001
 9.3708938e-001
 9.3716371e-001
 9.3725443e-001
 9.3732119e-001
 9.3734258e-001
 9.3737763e-001
 9.3744546e-001
 9.3751937e-001
 9.3756253e-001
 9.3765956e-001
 9.3775654e-001
 9.3781763e-001
 9.3785107e-001
 9.3790519e-001
 9.3796259e-001
 9.3800086e-001
 9.3802166e-001
 9.3806440e-001
 9.3812305e-001
 9.3816745e-001
 9.3815333e-001
 9.3817574e-001
 9.3825686e-001
 9.3833631e-001
 9.3837523e-001
 9.3838495e-001
 9.3839848e-001
 9.3846428e-001
 9.3853074e-001
 9.3858403e-001
 9.3862307e-001
 9.3865108e-001
 9.3867403e-001
 9.3869209e-001
 9.3870741e-001
 9.3877751e-001
 9.3886787e-001
 9.3894315e-001
 9.3898636e-001
 9.3906313e-001
 9.3915266e-001
 9.3922937e-001
 9.3930364e-001
 9.3934953e-001
 9.3937689e-001
 9.3941712e-001
 9.3951851e-001
 9.3963057e-001
 9.3970150e-001
 9.3969822e-001
 9.3968087e-001
 9.3965888e-001
 9.3964589e-001
 9.3967021e-001
 9.3976074e-001
 9.3987137e-001
 9.3995333e-001
 9.3999308e-001
 9.4006211e-001
 9.4015944e-001
 9.4024503e-001
 9.4026607e-001
 9.4025850e-001
 9.4024509e-001
 9.4023532e-001
 9.4023973e-001
 9.4024640e-001
 9.4024771e-001
 9.4024795e-001
 9.4024831e-001
 9.4024676e-001
 9.4025153e-001
 9.4030297e-001
 9.4037807e-001
 9.4045645e-001
 9.4051731e-001
 9.4053954e-001
 9.4056791e-001
 9.4061702e-001
 9.4067419e-001
 9.4070333e-001
 9.4074857e-001
 9.4082063e-001
 9.4088125e-001
 9.4091773e-001
 9.4093668e-001
 9.4095880e-001
 9.4102174e-001
 9.4107425e-001
 9.4111198e-001
 9.4114661e-001
 9.4119370e-001
 9.4125205e-001
 9.4129330e-001
 9.4128788e-001
 9.4127387e-001
 9.4126523e-001
 9.4126689e-001
 9.4127691e-001
 9.4130152e-001
 9.4133377e-001
 9.4137853e-001
 9.4145393e-001
 9.4151855e-001
 9.4154525e-001
 9.4153851e-001
 9.4155604e-001
 9.4156629e-001
 9.4156337e-001
 9.4155437e-001
 9.4155955e-001
 9.4158655e-001
 9.4163728e-001
 9.4170922e-001
 9.4181812e-001
 9.4191325e-001
 9.4197643e-001
 9.4201267e-001
 9.4199860e-001
 9.4196361e-001
 9.4193262e-001
 9.4191837e-001
 9.4192356e-001
 9.4195193e-001
 9.4199830e-001
 9.4204557e-001
 9.4206142e-001
 9.4206977e-001
 9.4209105e-001
 9.4210404e-001
 9.4210577e-001
 9.4209975e-001
 9.4209999e-001
 9.4214630e-001
 9.4218671e-001
 9.4221562e-001
 9.4224852e-001
 9.4229025e-001
 9.4235194e-001
 9.4242507e-001
 9.4248909e-001
 9.4254404e-001
 9.4260728e-001
 9.4267708e-001
 9.4273555e-001
 9.4278663e-001
 9.4281536e-001
 9.4282478e-001
 9.4284278e-001
 9.4289684e-001
 9.4291824e-001
 9.4288331e-001
 9.4286537e-001
 9.4283378e-001
 9.4281578e-001
 9.4283003e-001
 9.4284433e-001
 9.4283038e-001
 9.4283640e-001
 9.4289744e-001
 9.4294643e-001
 9.4302154e-001
 9.4307458e-001
 9.4306511e-001
 9.4308281e-001
 9.4308382e-001
 9.4310176e-001
 9.4317937e-001
 9.4326359e-001
 9.4328016e-001
 9.4326055e-001
 9.4327825e-001
 9.4328010e-001
 9.4326693e-001
 9.4326031e-001
 9.4328928e-001
 9.4334692e-001
 9.4339806e-001
 9.4341284e-001
 9.4338393e-001
 9.4340891e-001
 9.4344538e-001
 9.4348335e-001
 9.4354910e-001
 9.4355506e-001
 9.4354236e-001
 9.4355232e-001
 9.4359910e-001
 9.4362092e-001
 9.4364613e-001
 9.4367456e-001
 9.4365597e-001
 9.4363821e-001
 9.4363433e-001
 9.4364333e-001
 9.4365442e-001
 9.4369340e-001
 9.4373560e-001
 9.4376200e-001
 9.4377685e-001
 9.4379801e-001
 9.4378054e-001
 9.4370633e-001
 9.4362259e-001
 9.4362032e-001
 9.4360042e-001
 9.4349211e-001
 9.4334888e-001
 9.4329119e-001
 9.4316643e-001
 9.4293368e-001
 9.4285423e-001
 9.4276279e-001
 9.4267511e-001
 9.4266003e-001
 9.4279945e-001
 9.4290262e-001
 9.4305521e-001
 9.4332480e-001
 9.4362468e-001
 9.4380444e-001
 9.4397521e-001
 9.4419062e-001
 9.4428378e-001
 9.4439024e-001
 9.4443494e-001
 9.4440627e-001
 9.4447154e-001
 9.4447964e-001
 9.4445777e-001
 9.4446766e-001
 9.4454342e-001
 9.4455743e-001
 9.4463420e-001
 9.4476628e-001
 9.4469482e-001
 9.4472533e-001
 9.4476694e-001
 9.4475335e-001
 9.4475901e-001
 9.4480211e-001
 9.4486612e-001
 9.4494104e-001
 9.4502759e-001
 9.4501817e-001
 9.4503558e-001
 9.4507217e-001
 9.4497931e-001
 9.4511753e-001
 9.4514656e-001
 9.4504488e-001
 9.4513243e-001
 9.4521636e-001
 9.4526011e-001
 9.4524217e-001
 9.4526333e-001
 9.4528204e-001
 9.4529849e-001
 9.4531316e-001
 9.4532698e-001
 9.4534099e-001
 9.4535631e-001
 9.4537383e-001
 9.4539398e-001
 9.4541657e-001
 9.4544095e-001
 9.4546604e-001
 9.4549048e-001
 9.4551301e-001
 9.4553268e-001
 9.4554895e-001
 9.4556212e-001
 9.4557285e-001
 9.4558227e-001
 9.4559151e-001
 9.4560182e-001
 9.4561410e-001
 9.4562900e-001
 9.4564688e-001
 9.4566804e-001
 9.4569254e-001
 9.4572026e-001
 9.4575083e-001
 9.4578362e-001
 9.4581765e-001
 9.4585168e-001
 9.4588447e-001
 9.4591480e-001
 9.4594198e-001
 9.4596559e-001
 9.4598567e-001
 9.4600278e-001
 9.4601744e-001
 9.4603050e-001
 9.4604266e-001
 9.4605452e-001
 9.4606674e-001
 9.4607991e-001
 9.4609463e-001
 9.4611144e-001
 9.4613063e-001
 9.4615209e-001
 9.4617546e-001
 9.4619977e-001
 9.4622386e-001
 9.4624603e-001
 9.4626486e-001
 9.4627899e-001
 9.4628781e-001
 9.4629109e-001
 9.4628960e-001
 9.4628459e-001
 9.4627774e-001
 9.4627094e-001
 9.4626582e-001
 9.4626373e-001
 9.4626552e-001
 9.4627136e-001
 9.4628090e-001
 9.4629335e-001
 9.4630742e-001
 9.4632179e-001
 9.4633508e-001
 9.4634587e-001
 9.4635308e-001
 9.4635606e-001
 9.4635427e-001
 9.4634783e-001
 9.4633710e-001
 9.4632292e-001
 9.4630641e-001
 9.4628894e-001
 9.4627213e-001
 9.4625741e-001
 9.4624615e-001
 9.4623929e-001
 9.4623768e-001
 9.4624156e-001
 9.4625098e-001
 9.4626546e-001
 9.4628447e-001
 9.4630724e-001
 9.4633269e-001
 9.4635969e-001
 9.4638693e-001
 9.4641310e-001
 9.4643682e-001
 9.4645697e-001
 9.4647253e-001
 9.4648308e-001
 9.4648844e-001
 9.4648886e-001
 9.4648510e-001
 9.4647825e-001
 9.4646955e-001
 9.4646043e-001
 9.4645220e-001
 9.4644624e-001
 9.4644338e-001
 9.4644409e-001
 9.4644850e-001
 9.4645613e-001
 9.4646633e-001
 9.4647819e-001
 9.4649106e-001
 9.4650465e-001
 9.4651884e-001
 9.4653398e-001
 9.4655061e-001
 9.4656909e-001
 9.4658959e-001
 9.4661194e-001
 9.4663543e-001
 9.4665891e-001
 9.4668096e-001
 9.4670022e-001
 9.4671518e-001
 9.4672489e-001
 9.4672900e-001
 9.4672769e-001
 9.4672179e-001
 9.4671261e-001
 9.4670182e-001
 9.4669092e-001
 9.4668120e-001
 9.4667327e-001
 9.4666702e-001
 9.4666165e-001
 9.4665605e-001
 9.4664896e-001
 9.4663930e-001
 9.4662648e-001
 9.4661051e-001
 9.4659203e-001
 9.4657218e-001
 9.4655240e-001
 9.4653416e-001
 9.4651878e-001
 9.4650722e-001
 9.4650018e-001
 9.4649774e-001
 9.4649959e-001
 9.4650495e-001
 9.4651276e-001
 9.4652152e-001
 9.4652987e-001
 9.4653618e-001
 9.4653898e-001
 9.4653678e-001
 9.4652855e-001
 9.4651341e-001
 9.4649082e-001
 9.4646096e-001
 9.4642413e-001
 9.4638133e-001
 9.4633365e-001
 9.4628268e-001
 9.4623011e-001
 9.4617760e-001
 9.4612706e-001
 9.4608021e-001
 9.4603878e-001
 9.4600421e-001
 9.4597745e-001
 9.4595879e-001
 9.4594789e-001
 9.4594347e-001
 9.4594371e-001
 9.4594634e-001
 9.4594902e-001
 9.4594991e-001
 9.4594783e-001
 9.4594246e-001
 9.4593430e-001
 9.4592452e-001
 9.4591475e-001
 9.4590634e-001
 9.4590038e-001
 9.4589734e-001
 9.4589698e-001
 9.4589847e-001
 9.4590050e-001
 9.4590139e-001
 9.4589955e-001
 9.4589335e-001
 9.4588149e-001
 9.4586265e-001
 9.4583607e-001
 9.4580096e-001
 9.4575691e-001
 9.4570339e-001
 9.4564009e-001
 9.4556648e-001
 9.4548225e-001
 9.4538730e-001
 9.4528228e-001
 9.4516885e-001
 9.4504994e-001
 9.4493032e-001
 9.4481611e-001
 9.4471437e-001
 9.4463241e-001
 9.4457668e-001
 9.4455189e-001
 9.4456017e-001
 9.4460088e-001
 9.4467068e-001
 9.4476408e-001
 9.4487447e-001
 9.4499463e-001
 9.4511783e-001
 9.4523829e-001
 9.4535148e-001
 9.4545424e-001
 9.4554460e-001
 9.4562179e-001
 9.4568586e-001
 9.4573766e-001
 9.4577867e-001
 9.4581056e-001
 9.4583523e-001
 9.4585431e-001
 9.4586933e-001
 9.4588119e-001
 9.4589055e-001
 9.4589770e-001
 9.4590282e-001
 9.4590616e-001
 9.4590801e-001
 9.4590896e-001
 9.4590968e-001
 9.4591123e-001
 9.4591451e-001
 9.4592065e-001
 9.4593066e-001
 9.4594532e-001
 9.4596559e-001
 9.4599211e-001
 9.4602525e-001
 9.4606501e-001
 9.4611096e-001
 9.4616205e-001
 9.4621640e-001
 9.4627196e-001
 9.4632608e-001
 9.4637626e-001
 9.4642025e-001
 9.4645649e-001
 9.4648397e-001
 9.4650263e-001
 9.4651288e-001
 9.4651586e-001
 9.4651282e-001
 9.4650513e-001
 9.4649416e-001
 9.4648093e-001
 9.4646633e-001
 9.4645095e-001
 9.4643533e-001
 9.4641989e-001
 9.4640511e-001
 9.4639122e-001
 9.4637865e-001
 9.4636738e-001
 9.4635731e-001
 9.4634801e-001
 9.4633865e-001
 9.4632816e-001
 9.4631541e-001
 9.4629925e-001
 9.4627857e-001
 9.4625258e-001
 9.4622058e-001
 9.4618213e-001
 9.4613689e-001
 9.4608492e-001
 9.4602638e-001
 9.4596201e-001
 9.4589281e-001
 9.4582015e-001
 9.4574577e-001
 9.4567144e-001
 9.4559890e-001
 9.4552964e-001
 9.4546485e-001
 9.4540536e-001
 9.4535166e-001
 9.4530374e-001
 9.4526130e-001
 9.4522369e-001
 9.4518977e-001
 9.4515824e-001
 9.4512743e-001
 9.4509566e-001
 9.4506133e-001
 9.4502312e-001
 9.4498003e-001
 9.4493175e-001
 9.4487840e-001
 9.4482058e-001
 9.4475925e-001
 9.4469577e-001
 9.4463146e-001
 9.4456792e-001
 9.4450641e-001
 9.4444817e-001
 9.4439411e-001
 9.4434494e-001
 9.4430083e-001
 9.4426191e-001
 9.4422764e-001
 9.4419718e-001
 9.4416940e-001
 9.4414288e-001
 9.4411600e-001
 9.4408703e-001
 9.4405419e-001
 9.4401568e-001
 9.4397002e-001
 9.4391567e-001
 9.4385135e-001
 9.4377625e-001
 9.4368970e-001
 9.4359171e-001
 9.4348240e-001
 9.4336241e-001
 9.4323260e-001
 9.4309378e-001
 9.4294703e-001
 9.4279319e-001
 9.4263321e-001
 9.4246793e-001
 9.4229853e-001
 9.4212651e-001
 9.4195396e-001
 9.4178343e-001
 9.4161832e-001
 9.4146228e-001
 9.4131941e-001
 9.4119370e-001
 9.4108886e-001
 9.4100791e-001
 9.4095331e-001
 9.4092625e-001
 9.4092691e-001
 9.4095415e-001
 9.4100559e-001
 9.4107729e-001
 9.4116426e-001
 9.4126010e-001
 9.4135779e-001
 9.4144970e-001
 9.4152832e-001
 9.4158685e-001
 9.4161969e-001
 9.4162309e-001
 9.4159549e-001
 9.4153756e-001
 9.4145232e-001
 9.4134468e-001
 9.4122076e-001
 9.4108754e-001
 9.4095188e-001
 9.4081986e-001
 9.4069636e-001
 9.4058472e-001
 9.4048625e-001
 9.4040048e-001
 9.4032526e-001
 9.4025713e-001
 9.4019127e-001
 9.4012213e-001
 9.4004357e-001
 9.3994874e-001
 9.3983048e-001
 9.3968081e-001
 9.3949062e-001
 9.3924940e-001
 9.3894368e-001
 9.3855655e-001
 9.3806565e-001
 9.3744141e-001
 9.3664622e-001
 9.3563348e-001
 9.3434757e-001
 9.3272781e-001
 9.3071228e-001
 9.2824727e-001
 9.2529798e-001
 9.2185974e-001
 9.1797298e-001
 9.1372931e-001
 9.0927869e-001
 9.0482324e-001
 9.0060192e-001
 8.9687175e-001
 8.9387530e-001
 8.9181471e-001
 8.9082390e-001
 8.9095265e-001
 8.9216208e-001
 8.9433312e-001
 8.9728409e-001
 9.0079582e-001
 9.0463990e-001
 9.0859979e-001
 9.1249156e-001
 9.1617137e-001
 9.1954005e-001
 9.2254126e-001
 9.2515320e-001
 9.2738122e-001
 9.2925072e-001
 9.3079764e-001
 9.3206435e-001
 9.3309391e-001
 9.3392754e-001
 9.3460310e-001
 9.3515325e-001
 9.3560594e-001
 9.3598384e-001
 9.3630487e-001
 9.3658286e-001
 9.3682802e-001
 9.3704760e-001
 9.3724650e-001
 9.3742800e-001
 9.3759441e-001
 9.3774748e-001
 9.3788892e-001
 9.3802053e-001
 9.3814427e-001
 9.3826234e-001
 9.3837690e-001
 9.3848985e-001
 9.3860263e-001
 9.3871599e-001
 9.3882996e-001
 9.3894392e-001
 9.3905669e-001
 9.3916667e-001
 9.3927222e-001
 9.3937182e-001
 9.3946415e-001
 9.3954819e-001
 9.3962324e-001
 9.3968874e-001
 9.3974459e-001
 9.3979067e-001
 9.3982732e-001
 9.3985504e-001
 9.3987501e-001
 9.3988866e-001
 9.3989825e-001
 9.3990618e-001
 9.3991542e-001
 9.3992883e-001
 9.3994927e-001
 9.3997914e-001
 9.4002008e-001
 9.4007319e-001
 9.4013852e-001
 9.4021535e-001
 9.4030213e-001
 9.4039690e-001
 9.4049722e-001
 9.4060069e-001
 9.4070512e-001
 9.4080871e-001
 9.4091016e-001
 9.4100869e-001
 9.4110394e-001
 9.4119596e-001
 9.4128495e-001
 9.4137114e-001
 9.4145441e-001
 9.4153470e-001
 9.4161153e-001
 9.4168448e-001
 9.4175297e-001
 9.4181663e-001
 9.4187528e-001
 9.4192898e-001
 9.4197822e-001
 9.4202352e-001
 9.4206548e-001
 9.4210458e-001
 9.4214100e-001
 9.4217473e-001
 9.4220525e-001
 9.4223195e-001
 9.4225407e-001
 9.4227117e-001
 9.4228292e-001
 9.4228965e-001
 9.4229198e-001
 9.4229096e-001
 9.4228792e-001
 9.4228429e-001
 9.4228125e-001
 9.4227993e-001
 9.4228113e-001
 9.4228554e-001
 9.4229352e-001
 9.4230556e-001
 9.4232202e-001
 9.4234359e-001
 9.4237101e-001
 9.4240499e-001
 9.4244623e-001
 9.4249505e-001
 9.4255126e-001
 9.4261402e-001
 9.4268167e-001
 9.4275212e-001
 9.4282293e-001
 9.4289154e-001
 9.4295537e-001
 9.4301242e-001
 9.4306093e-001
 9.4309992e-001
 9.4312876e-001
 9.4314730e-001
 9.4315600e-001
 9.4315559e-001
 9.4314742e-001
 9.4313306e-001
 9.4311446e-001
 9.4309407e-001
 9.4307423e-001
 9.4305748e-001
 9.4304615e-001
 9.4304216e-001
 9.4304681e-001
 9.4306070e-001
 9.4308347e-001
 9.4311380e-001
 9.4314957e-001
 9.4318795e-001
 9.4322592e-001
 9.4326037e-001
 9.4328862e-001
 9.4330865e-001
 9.4331950e-001
 9.4332141e-001
 9.4331551e-001
 9.4330388e-001
 9.4328940e-001
 9.4327515e-001
 9.4326448e-001
 9.4326043e-001
 9.4326574e-001
 9.4328254e-001
 9.4331229e-001
 9.4335550e-001
 9.4341183e-001
 9.4347990e-001
 9.4355762e-001
 9.4364196e-001
 9.4372940e-001
 9.4381624e-001
 9.4389886e-001
 9.4397384e-001
 9.4403863e-001
 9.4409126e-001
 9.4413066e-001
 9.4415659e-001
 9.4416928e-001
 9.4416964e-001
 9.4415885e-001
 9.4413823e-001
 9.4410914e-001
 9.4407290e-001
 9.4403046e-001
 9.4398290e-001
 9.4393098e-001
 9.4387543e-001
 9.4381708e-001
 9.4375676e-001
 9.4369555e-001
 9.4363457e-001
 9.4357502e-001
 9.4351810e-001
 9.4346488e-001
 9.4341624e-001
 9.4337308e-001
 9.4333601e-001
 9.4330567e-001
 9.4328243e-001
 9.4326651e-001
 9.4325811e-001
 9.4325691e-001
 9.4326222e-001
 9.4327301e-001
 9.4328779e-001
 9.4330478e-001
 9.4332218e-001
 9.4333816e-001
 9.4335127e-001
 9.4336033e-001
 9.4336474e-001
 9.4336426e-001
 9.4335938e-001
 9.4335073e-001
 9.4333965e-001
 9.4332731e-001
 9.4331527e-001
 9.4330496e-001
 9.4329768e-001
 9.4329447e-001
 9.4329613e-001
 9.4330317e-001
 9.4331563e-001
 9.4333315e-001
 9.4335514e-001
 9.4338053e-001
 9.4340807e-001
 9.4343644e-001
 9.4346458e-001
 9.4349140e-001
 9.4351602e-001
 9.4353783e-001
 9.4355613e-001
 9.4357038e-001
 9.4357991e-001
 9.4358426e-001
 9.4358313e-001
 9.4357657e-001
 9.4356531e-001
 9.4355059e-001
 9.4353402e-001
 9.4351751e-001
 9.4350314e-001
 9.4349265e-001
 9.4348747e-001
 9.4348848e-001
 9.4349599e-001
 9.4350988e-001
 9.4352967e-001
 9.4355446e-001
 9.4358313e-001
 9.4361430e-001
 9.4364625e-001
 9.4367689e-001
 9.4370377e-001
 9.4372416e-001
 9.4373530e-001
 9.4373471e-001
 9.4372058e-001
 9.4369209e-001
 9.4364947e-001
 9.4359416e-001
 9.4352823e-001
 9.4345438e-001
 9.4337481e-001
 9.4329113e-001
 9.4320375e-001
 9.4311160e-001
 9.4301188e-001
 9.4290054e-001
 9.4277215e-001
 9.4262058e-001
 9.4243920e-001
 9.4222176e-001
 9.4196278e-001
 9.4165856e-001
 9.4130778e-001
 9.4091243e-001
 9.4047844e-001
 9.4001609e-001
 9.3954021e-001
 9.3906987e-001
 9.3862700e-001
 9.3823552e-001
 9.3791878e-001
 9.3769759e-001
 9.3758780e-001
 9.3759853e-001
 9.3773091e-001
 9.3797773e-001
 9.3832421e-001
 9.3874955e-001
 9.3922925e-001
 9.3973720e-001
 9.4024855e-001
 9.4074184e-001
 9.4119972e-001
 9.4161046e-001
 9.4196707e-001
 9.4226748e-001
 9.4251323e-001
 9.4270831e-001
 9.4285834e-001
 9.4296968e-001
 9.4304836e-001
 9.4310004e-001
 9.4312966e-001
 9.4314110e-001
 9.4313747e-001
 9.4312125e-001
 9.4309407e-001
 9.4305742e-001
 9.4301230e-001
 9.4295949e-001
 9.4289988e-001
 9.4283408e-001
 9.4276285e-001
 9.4268668e-001
 9.4260621e-001
 9.4252193e-001
 9.4243431e-001
 9.4234383e-001
 9.4225103e-001
 9.4215673e-001
 9.4206220e-001
 9.4196880e-001
 9.4187868e-001
 9.4179404e-001
 9.4171721e-001
 9.4165033e-001
 9.4159496e-001
 9.4155163e-001
 9.4151962e-001
 9.4149727e-001
 9.4148165e-001
 9.4146931e-001
 9.4145650e-001
 9.4143975e-001
 9.4141614e-001
 9.4138360e-001
 9.4134074e-001
 9.4128710e-001
 9.4122285e-001
 9.4114852e-001
 9.4106519e-001
 9.4097430e-001
 9.4087756e-001
 9.4077700e-001
 9.4067478e-001
 9.4057304e-001
 9.4047397e-001
 9.4037950e-001
 9.4029135e-001
 9.4021070e-001
 9.4013846e-001
 9.4007522e-001
 9.4002140e-001
 9.3997747e-001
 9.3994385e-001
 9.3992144e-001
 9.3991119e-001
 9.3991435e-001
 9.3993193e-001
 9.3996465e-001
 9.4001251e-001
 9.4007474e-001
 9.4014978e-001
 9.4023550e-001
 9.4032937e-001
 9.4042897e-001
 9.4053227e-001
 9.4063741e-001
 9.4074339e-001
 9.4084918e-001
 9.4095427e-001
 9.4105798e-001
 9.4115943e-001
 9.4125754e-001
 9.4135082e-001
 9.4143772e-001
 9.4151646e-001
 9.4158548e-001
 9.4164336e-001
 9.4168931e-001
 9.4172299e-001
 9.4174480e-001
 9.4175565e-001
 9.4175702e-001
 9.4175082e-001
 9.4173902e-001
 9.4172394e-001
 9.4170785e-001
 9.4169307e-001
 9.4168198e-001
 9.4167697e-001
 9.4168007e-001
 9.4169301e-001
 9.4171697e-001
 9.4175231e-001
 9.4179881e-001
 9.4185555e-001
 9.4192117e-001
 9.4199383e-001
 9.4207168e-001
 9.4215214e-001
 9.4223464e-001
 9.4231498e-001
 9.4239044e-001
 9.4245821e-001
 9.4251597e-001
 9.4256204e-001
 9.4259572e-001
 9.4261754e-001
 9.4262886e-001
 9.4263178e-001
 9.4262850e-001
 9.4262093e-001
 9.4261020e-001
 9.4259650e-001
 9.4257909e-001
 9.4255680e-001
 9.4252795e-001
 9.4249135e-001
 9.4244605e-001
 9.4239193e-001
 9.4232935e-001
 9.4225937e-001
 9.4218332e-001
 9.4210279e-001
 9.4201976e-001
 9.4193631e-001
 9.4185483e-001
 9.4177806e-001
 9.4170898e-001
 9.4165051e-001
 9.4160533e-001
 9.4157535e-001
 9.4156128e-001
 9.4156235e-001
 9.4157618e-001
 9.4159901e-001
 9.4162625e-001
 9.4165283e-001
 9.4167435e-001
 9.4168741e-001
 9.4169015e-001
 9.4168222e-001
 9.4166476e-001
 9.4163954e-001
 9.4160891e-001
 9.4157493e-001
 9.4153917e-001
 9.4150287e-001
 9.4146675e-001
 9.4143152e-001
 9.4139785e-001
 9.4136661e-001
 9.4133860e-001
 9.4131470e-001
 9.4129562e-001
 9.4128180e-001
 9.4127363e-001
 9.4127113e-001
 9.4127423e-001
 9.4128257e-001
 9.4129539e-001
 9.4131106e-001
 9.4132745e-001
 9.4134146e-001
 9.4134933e-001
 9.4134700e-001
 9.4133073e-001
 9.4129729e-001
 9.4124442e-001
 9.4117129e-001
 9.4107783e-001
 9.4096482e-001
 9.4083315e-001
 9.4068360e-001
 9.4051635e-001
 9.4033128e-001
 9.4012773e-001
 9.3990511e-001
 9.3966281e-001
 9.3940067e-001
 9.3911856e-001
 9.3881625e-001
 9.3849367e-001
 9.3815029e-001
 9.3778539e-001
 9.3739825e-001
 9.3698782e-001
 9.3655306e-001
 9.3609279e-001
 9.3560541e-001
 9.3508959e-001
 9.3454391e-001
 9.3396783e-001
 9.3336225e-001
 9.3272972e-001
 9.3207544e-001
 9.3140632e-001
 9.3073094e-001
 9.3005884e-001
 9.2939866e-001
 9.2875832e-001
 9.2814380e-001
 9.2755926e-001
 9.2700750e-001
 9.2649019e-001
 9.2600864e-001
 9.2556405e-001
 9.2515785e-001
 9.2479122e-001
 9.2446470e-001
 9.2417783e-001
 9.2392892e-001
 9.2371464e-001
 9.2353058e-001
 9.2337155e-001
 9.2323208e-001
 9.2310733e-001
 9.2299342e-001
 9.2288792e-001
 9.2279005e-001
 9.2270064e-001
 9.2262179e-001
 9.2255634e-001
 9.2250764e-001
 9.2247874e-001
 9.2247218e-001
 9.2248946e-001
 9.2253113e-001
 9.2259657e-001
 9.2268437e-001
 9.2279214e-001
 9.2291719e-001
 9.2305630e-001
 9.2320621e-001
 9.2336339e-001
 9.2352420e-001
 9.2368466e-001
 9.2384088e-001
 9.2398858e-001
 9.2412370e-001
 9.2424268e-001
 9.2434257e-001
 9.2442203e-001
 9.2448103e-001
 9.2452139e-001
 9.2454636e-001
 9.2456013e-001
 9.2456740e-001
 9.2457253e-001
 9.2457885e-001
 9.2458850e-001
 9.2460191e-001
 9.2461818e-001
 9.2463505e-001
 9.2464960e-001
 9.2465889e-001
 9.2466044e-001
 9.2465317e-001
 9.2463768e-001
 9.2461669e-001
 9.2459452e-001
 9.2457682e-001
 9.2456973e-001
 9.2457849e-001
 9.2460728e-001
 9.2465818e-001
 9.2473137e-001
 9.2482525e-001
 9.2493707e-001
 9.2506337e-001
 9.2520070e-001
 9.2534578e-001
 9.2549562e-001
 9.2564774e-001
 9.2579973e-001
 9.2594939e-001
 9.2609465e-001
 9.2623365e-001
 9.2636484e-001
 9.2648757e-001
 9.2660189e-001
 9.2670888e-001
 9.2681068e-001
 9.2690963e-001
 9.2700827e-001
 9.2710817e-001
 9.2721003e-001
 9.2731285e-001
 9.2741460e-001
 9.2751223e-001
 9.2760259e-001
 9.2768294e-001
 9.2775172e-001
 9.2780906e-001
 9.2785668e-001
 9.2789787e-001
 9.2793715e-001
 9.2797971e-001
 9.2803055e-001
 9.2809385e-001
 9.2817253e-001
 9.2826766e-001
 9.2837870e-001
 9.2850345e-001
 9.2863870e-001
 9.2878085e-001
 9.2892653e-001
 9.2907292e-001
 9.2921811e-001
 9.2936099e-001
 9.2950135e-001
 9.2963928e-001
 9.2977548e-001
 9.2991090e-001
 9.3004686e-001
 9.3018490e-001
 9.3032658e-001
 9.3047333e-001
 9.3062568e-001
 9.3078327e-001
 9.3094432e-001
 9.3110579e-001
 9.3126380e-001
 9.3141413e-001
 9.3155318e-001
 9.3167824e-001
 9.3178797e-001
 9.3188220e-001
 9.3196160e-001
 9.3202686e-001
 9.3207854e-001
 9.3211645e-001
 9.3213958e-001
 9.3214661e-001
 9.3213618e-001
 9.3210709e-001
 9.3205875e-001
 9.3199080e-001
 9.3190271e-001
 9.3179303e-001
 9.3165880e-001
 9.3149531e-001
 9.3129569e-001
 9.3105209e-001
 9.3075627e-001
 9.3040055e-001
 9.2997879e-001
 9.2948687e-001
 9.2892194e-001
 9.2828137e-001
 9.2756200e-001
 9.2675757e-001
 9.2585808e-001
 9.2484808e-001
 9.2370760e-001
 9.2241025e-001
 9.2092353e-001
 9.1921031e-001
 9.1722560e-001
 9.1491663e-001
 9.1222376e-001
 9.0907580e-001
 9.0539163e-001
 9.0107870e-001
 8.9603895e-001
 8.9016616e-001
 8.8335383e-001
 8.7550920e-001
 8.6655486e-001
 8.5644603e-001
 8.4519488e-001
 8.3287317e-001
 8.1963784e-001
 8.0573767e-001
 7.9153275e-001
 7.7746940e-001
 7.6407236e-001
 7.5192243e-001
 7.4159276e-001
 7.3360866e-001
 7.2839880e-001
 7.2623825e-001
 7.2722745e-001
 7.3127759e-001
 7.3812389e-001
 7.4735606e-001
 7.5846559e-001
 7.7088606e-001
 7.8405893e-001
 7.9746920e-001
 8.1066555e-001
 8.2329774e-001
 8.3511174e-001
 8.4593773e-001
 8.5569572e-001
 8.6436909e-001
 8.7199318e-001
 8.7863290e-001
 8.8438028e-001
 8.8933736e-001
 8.9360553e-001
 8.9728636e-001
 9.0047401e-001
 9.0325052e-001
 9.0568930e-001
 9.0785170e-001
 9.0978551e-001
 9.1152889e-001
 9.1310912e-001
 9.1454476e-001
 9.1584623e-001
 9.1701967e-001
 9.1806775e-001
 9.1899031e-001
 9.1978723e-001
 9.2045772e-001
 9.2100012e-001
 9.2141229e-001
 9.2169052e-001
 9.2182976e-001
 9.2182332e-001
 9.2166418e-001
 9.2134595e-001
 9.2086458e-001
 9.2021918e-001
 9.1941327e-001
 9.1845530e-001
 9.1735762e-001
 9.1613573e-001
 9.1480863e-001
 9.1339594e-001
 9.1191816e-001
 9.1039622e-001
 9.0885222e-001
 9.0730739e-001
 9.0578246e-001
 9.0429807e-001
 9.0287125e-001
 9.0151525e-001
 9.0023959e-001
 8.9904773e-001
 8.9793897e-001
 8.9690977e-001
 8.9595670e-001
 8.9507771e-001
 8.9427471e-001
 8.9355558e-001
 8.9293242e-001
 8.9242113e-001
 8.9203948e-001
 8.9180344e-001
 8.9172524e-001
 8.9181101e-001
 8.9205962e-001
 8.9246184e-001
 8.9300114e-001
 8.9365375e-001
 8.9439136e-001
 8.9518237e-001
 8.9599389e-001
 8.9679497e-001
 8.9755803e-001
 8.9826024e-001
 8.9888525e-001
 8.9942342e-001
 8.9987153e-001
 9.0023208e-001
 9.0051281e-001
 9.0072560e-001
 9.0088463e-001
 9.0100604e-001
 9.0110630e-001
 9.0120101e-001
 9.0130419e-001
 9.0142751e-001
 9.0157926e-001
 9.0176451e-001
 9.0198475e-001
 9.0223753e-001
 9.0251684e-001
 9.0281337e-001
 9.0311491e-001
 9.0340704e-001
 9.0367442e-001
 9.0390188e-001
 9.0407562e-001
 9.0418488e-001
 9.0422231e-001
 9.0418458e-001
 9.0407264e-001
 9.0389097e-001
 9.0364712e-001
 9.0335155e-001
 9.0301609e-001
 9.0265417e-001
 9.0227973e-001
 9.0190673e-001
 9.0154815e-001
 9.0121549e-001
 9.0091836e-001
 9.0066338e-001
 9.0045446e-001
 9.0029299e-001
 9.0017796e-001
 9.0010703e-001
 9.0007716e-001
 9.0008599e-001
 9.0013236e-001
 9.0021741e-001
 9.0034503e-001
 9.0052170e-001
 9.0075618e-001
 9.0105826e-001
 9.0143722e-001
 9.0190053e-001
 9.0245134e-001
 9.0308797e-001
 9.0380311e-001
 9.0458310e-001
 9.0541011e-001
 9.0626329e-001
 9.0712094e-001
 9.0796238e-001
 9.0877062e-001
 9.0953314e-001
 9.1024184e-001
 9.1089314e-001
 9.1148674e-001
 9.1202384e-001
 9.1250670e-001
 9.1293758e-001
 9.1331840e-001
 9.1365123e-001
 9.1393834e-001
 9.1418236e-001
 9.1438591e-001
 9.1455138e-001
 9.1468000e-001
 9.1477191e-001
 9.1482556e-001
 9.1483784e-001
 9.1480446e-001
 9.1471982e-001
 9.1457689e-001
 9.1436678e-001
 9.1407853e-001
 9.1369897e-001
 9.1321290e-001
 9.1260564e-001
 9.1186440e-001
 9.1098219e-001
 9.0996176e-001
 9.0881789e-001
 9.0757954e-001
 9.0629107e-001
 9.0500832e-001
 9.0379554e-001
 9.0271872e-001
 9.0183961e-001
 9.0120769e-001
 9.0085572e-001
 9.0079653e-001
 9.0102220e-001
 9.0150630e-001
 9.0220720e-001
 9.0307397e-001
 9.0405130e-001
 9.0508538e-001
 9.0612674e-001
 9.0713507e-001
 9.0807998e-001
 9.0894032e-001
 9.0970480e-001
 9.1036928e-001
 9.1093379e-001
 9.1140127e-001
 9.1177475e-001
 9.1205591e-001
 9.1224521e-001
 9.1234183e-001
 9.1234457e-001
 9.1225314e-001
 9.1206884e-001
 9.1179496e-001
 9.1143662e-001
 9.1100025e-001
 9.1049266e-001
 9.0992165e-001
 9.0929496e-001
 9.0862143e-001
 9.0791130e-001
 9.0717691e-001
 9.0643197e-001
 9.0569073e-001
 9.0496749e-001
 9.0427393e-001
 9.0361834e-001
 9.0300554e-001
 9.0243554e-001
 9.0190524e-001
 9.0140939e-001
 9.0094113e-001
 9.0049362e-001
 9.0006024e-001
 8.9963561e-001
 8.9921522e-001
 8.9879525e-001
 8.9837325e-001
 8.9794689e-001
 8.9751422e-001
 8.9707363e-001
 8.9662266e-001
 8.9615846e-001
 8.9567745e-001
 8.9517635e-001
 8.9465225e-001
 8.9410365e-001
 8.9353192e-001
 8.9294147e-001
 8.9234066e-001
 8.9174169e-001
 8.9115983e-001
 8.9061224e-001
 8.9011621e-001
 8.8968784e-001
 8.8933915e-001
 8.8907725e-001
 8.8890308e-001
 8.8881093e-001
 8.8878918e-001
 8.8882130e-001
 8.8888764e-001
 8.8896745e-001
 8.8904119e-001
 8.8909250e-001
 8.8911003e-001
 8.8908827e-001
 8.8902783e-001
 8.8893485e-001
 8.8881940e-001
 8.8869375e-001
 8.8857037e-001
 8.8845998e-001
 8.8837039e-001
 8.8830566e-001
 8.8826591e-001
 8.8824767e-001
 8.8824487e-001
 8.8824958e-001
 8.8825333e-001
 8.8824809e-001
 8.8822681e-001
 8.8818431e-001
 8.8811725e-001
 8.8802385e-001
 8.8790357e-001
 8.8775629e-001
 8.8758188e-001
 8.8737941e-001
 8.8714725e-001
 8.8688368e-001
 8.8658684e-001
 8.8625580e-001
 8.8589144e-001
 8.8549650e-001
 8.8507551e-001
 8.8463527e-001
 8.8418376e-001
 8.8373023e-001
 8.8328445e-001
 8.8285649e-001
 8.8245547e-001
 8.8208890e-001
 8.8176203e-001
 8.8147670e-001
 8.8123125e-001
 8.8102043e-001
 8.8083559e-001
 8.8066524e-001
 8.8049597e-001
 8.8031346e-001
 8.8010353e-001
 8.7985379e-001
 8.7955493e-001
 8.7920183e-001
 8.7879443e-001
 8.7833798e-001
 8.7784237e-001
 8.7732077e-001
 8.7678838e-001
 8.7625951e-001
 8.7574607e-001
 8.7525547e-001
 8.7478995e-001
 8.7434584e-001
 8.7391436e-001
 8.7348378e-001
 8.7304026e-001
 8.7257028e-001
 8.7206239e-001
 8.7150729e-001
 8.7089866e-001
 8.7023330e-001
 8.6951017e-001
 8.6873072e-001
 8.6789858e-001
 8.6702108e-001
 8.6610824e-001
 8.6517352e-001
 8.6423427e-001
 8.6330950e-001
 8.6241853e-001
 8.6157995e-001
 8.6080801e-001
 8.6011177e-001
 8.5949397e-001
 8.5895151e-001
 8.5847557e-001
 8.5805386e-001
 8.5767335e-001
 8.5732180e-001
 8.5698998e-001
 8.5667336e-001
 8.5637188e-001
 8.5608995e-001
 8.5583544e-001
 8.5561752e-001
 8.5544485e-001
 8.5532314e-001
 8.5525364e-001
 8.5523123e-001
 8.5524464e-001
 8.5527653e-001
 8.5530555e-001
 8.5530823e-001
 8.5526198e-001
 8.5514736e-001
 8.5495025e-001
 8.5466284e-001
 8.5428464e-001
 8.5382056e-001
 8.5327935e-001
 8.5267144e-001
 8.5200489e-001
 8.5128313e-001
 8.5050452e-001
 8.4966105e-001
 8.4874058e-001
 8.4772909e-001
 8.4661490e-001
 8.4538990e-001
 8.4405231e-001
 8.4260845e-001
 8.4107089e-001
 8.3945787e-001
 8.3779275e-001
 8.3609974e-001
 8.3440298e-001
 8.3272588e-001
 8.3108789e-001
 8.2950485e-001
 8.2798839e-001
 8.2654768e-001
 8.2518786e-001
 8.2391256e-001
 8.2272536e-001
 8.2162881e-001
 8.2062536e-001
 8.1971717e-001
 8.1890327e-001
 8.1817919e-001
 8.1753510e-001
 8.1695551e-001
 8.1641889e-001
 8.1589913e-001
 8.1536835e-001
 8.1479877e-001
 8.1416577e-001
 8.1345111e-001
 8.1264299e-001
 8.1173694e-001
 8.1073523e-001
 8.0964363e-001
 8.0846947e-001
 8.0721903e-001
 8.0589730e-001
 8.0450600e-001
 8.0304635e-001
 8.0152291e-001
 7.9994464e-001
 7.9832834e-001
 7.9670024e-001
 7.9509121e-001
 7.9353452e-001
 7.9206032e-001
 7.9069316e-001
 7.8944790e-001
 7.8833073e-001
-1.2300000e+034
