s07_ASD Record=390: Albite NMNHC5390 74-250um     BECKb AREF
 7.4247068e-001
 7.4196512e-001
 7.4142981e-001
 7.4102587e-001
 7.4088854e-001
 7.4108833e-001
 7.4162358e-001
 7.4244016e-001
 7.4345934e-001
 7.4460167e-001
 7.4580270e-001
 7.4701613e-001
 7.4821055e-001
 7.4936438e-001
 7.5046170e-001
 7.5149119e-001
 7.5244653e-001
 7.5332856e-001
 7.5414735e-001
 7.5492239e-001
 7.5567961e-001
 7.5644469e-001
 7.5723577e-001
 7.5805849e-001
 7.5890642e-001
 7.5976479e-001
 7.6061910e-001
 7.6146871e-001
 7.6233375e-001
 7.6324719e-001
 7.6423723e-001
 7.6531392e-001
 7.6646793e-001
 7.6767492e-001
 7.6889604e-001
 7.7009094e-001
 7.7123463e-001
 7.7232152e-001
 7.7336138e-001
 7.7437049e-001
 7.7536124e-001
 7.7633524e-001
 7.7728224e-001
 7.7818495e-001
 7.7902663e-001
 7.7979720e-001
 7.8049290e-001
 7.8111029e-001
 7.8163755e-001
 7.8205115e-001
 7.8232378e-001
 7.8244114e-001
 7.8241926e-001
 7.8230995e-001
 7.8219038e-001
 7.8214723e-001
 7.8226119e-001
 7.8258508e-001
 7.8314215e-001
 7.8394979e-001
 7.8493971e-001
 7.8597450e-001
 7.8699124e-001
 7.8793931e-001
 7.8876531e-001
 7.8946716e-001
 7.9007417e-001
 7.9061687e-001
 7.9112434e-001
 7.9162741e-001
 7.9215139e-001
 7.9270780e-001
 7.9329211e-001
 7.9389119e-001
 7.9449099e-001
 7.9508072e-001
 7.9565352e-001
 7.9620779e-001
 7.9675061e-001
 7.9729825e-001
 7.9786801e-001
 7.9846209e-001
 7.9905730e-001
 7.9961258e-001
 8.0009544e-001
 8.0050701e-001
 8.0088466e-001
 8.0127466e-001
 8.0169588e-001
 8.0212587e-001
 8.0252337e-001
 8.0287087e-001
 8.0320257e-001
 8.0359262e-001
 8.0411279e-001
 8.0478847e-001
 8.0558115e-001
 8.0641013e-001
 8.0720103e-001
 8.0792361e-001
 8.0859411e-001
 8.0924487e-001
 8.0989051e-001
 8.1051487e-001
 8.1108224e-001
 8.1156653e-001
 8.1197071e-001
 8.1232440e-001
 8.1266975e-001
 8.1304908e-001
 8.1349748e-001
 8.1403267e-001
 8.1464434e-001
 8.1529254e-001
 8.1592298e-001
 8.1648999e-001
 8.1697029e-001
 8.1736207e-001
 8.1767690e-001
 8.1793475e-001
 8.1816363e-001
 8.1840014e-001
 8.1868690e-001
 8.1906050e-001
 8.1953061e-001
 8.2006109e-001
 8.2057691e-001
 8.2100278e-001
 8.2131261e-001
 8.2154733e-001
 8.2178682e-001
 8.2209992e-001
 8.2251179e-001
 8.2300335e-001
 8.2352799e-001
 8.2403433e-001
 8.2449210e-001
 8.2491219e-001
 8.2534057e-001
 8.2582307e-001
 8.2636803e-001
 8.2693899e-001
 8.2748085e-001
 8.2795370e-001
 8.2834625e-001
 8.2866693e-001
 8.2893002e-001
 8.2915324e-001
 8.2935983e-001
 8.2957172e-001
 8.2979661e-001
 8.3002979e-001
 8.3027565e-001
 8.3055812e-001
 8.3089596e-001
 8.3126956e-001
 8.3162618e-001
 8.3192164e-001
 8.3215064e-001
 8.3233982e-001
 8.3252269e-001
 8.3271837e-001
 8.3291751e-001
 8.3308786e-001
 8.3320665e-001
 8.3329219e-001
 8.3338892e-001
 8.3351403e-001
 8.3362806e-001
 8.3367413e-001
 8.3364439e-001
 8.3359486e-001
 8.3359027e-001
 8.3364886e-001
 8.3375484e-001
 8.3390838e-001
 8.3412790e-001
 8.3439994e-001
 8.3465135e-001
 8.3479005e-001
 8.3477229e-001
 8.3463806e-001
 8.3448952e-001
 8.3442485e-001
 8.3446920e-001
 8.3456433e-001
 8.3463579e-001
 8.3466822e-001
 8.3470201e-001
 8.3476686e-001
 8.3483815e-001
 8.3484960e-001
 8.3473188e-001
 8.3446586e-001
 8.3413965e-001
 8.3393824e-001
 8.3401084e-001
 8.3432305e-001
 8.3466673e-001
 8.3483142e-001
 8.3475751e-001
 8.3453584e-001
 8.3429283e-001
 8.3409852e-001
 8.3397079e-001
 8.3392280e-001
 8.3396208e-001
 8.3404040e-001
 8.3403772e-001
 8.3382964e-001
 8.3338726e-001
 8.3281368e-001
 8.3227640e-001
 8.3190030e-001
 8.3172458e-001
 8.3174354e-001
 8.3195734e-001
 8.3235639e-001
 8.3285868e-001
 8.3330154e-001
 8.3354264e-001
 8.3356655e-001
 8.3346051e-001
 8.3330238e-001
 8.3311433e-001
 8.3290964e-001
 8.3272392e-001
 8.3257931e-001
 8.3245176e-001
 8.3230555e-001
 8.3216280e-001
 8.3210534e-001
 8.3217835e-001
 8.3232445e-001
 8.3246297e-001
 8.3259195e-001
 8.3273298e-001
 8.3282286e-001
 8.3277905e-001
 8.3264863e-001
 8.3257318e-001
 8.3260727e-001
 8.3266449e-001
 8.3262968e-001
 8.3244675e-001
 8.3212459e-001
 8.3174253e-001
 8.3141965e-001
 8.3118987e-001
 8.3094984e-001
 8.3064276e-001
 8.3038002e-001
 8.3025295e-001
 8.3017498e-001
 8.3003455e-001
 8.2986230e-001
 8.2970768e-001
 8.2951474e-001
 8.2924646e-001
 8.2899743e-001
 8.2886803e-001
 8.2883543e-001
 8.2884598e-001
 8.2890874e-001
 8.2901853e-001
 8.2910764e-001
 8.2911503e-001
 8.2903302e-001
 8.2890552e-001
 8.2881564e-001
 8.2881534e-001
 8.2884103e-001
 8.2877433e-001
 8.2860565e-001
 8.2842374e-001
 8.2826126e-001
 8.2813901e-001
 8.2819557e-001
 8.2849830e-001
 8.2878071e-001
 8.2863128e-001
 8.2797116e-001
 8.2723647e-001
 8.2695913e-001
 8.2724130e-001
 8.2775146e-001
 8.2814616e-001
 8.2842916e-001
 8.2884103e-001
 8.2942420e-001
 8.2992166e-001
 8.3015454e-001
 8.3024293e-001
 8.3036220e-001
 8.3051562e-001
 8.3064198e-001
 8.3075726e-001
 8.3089608e-001
 8.3104241e-001
 8.3118582e-001
 8.3135521e-001
 8.3155262e-001
 8.3174258e-001
 8.3194292e-001
 8.3223730e-001
 8.3265084e-001
 8.3308858e-001
 8.3342832e-001
 8.3361161e-001
 8.3363563e-001
 8.3354723e-001
 8.3347863e-001
 8.3360761e-001
 8.3401310e-001
 8.3457911e-001
 8.3506453e-001
 8.3529395e-001
 8.3528930e-001
 8.3522964e-001
 8.3528119e-001
 8.3545071e-001
 8.3565259e-001
 8.3586878e-001
 8.3615994e-001
 8.3653975e-001
 8.3689237e-001
 8.3703697e-001
 8.3689910e-001
 8.3662570e-001
 8.3649576e-001
 8.3668178e-001
 8.3709049e-001
 8.3745050e-001
 8.3757406e-001
 8.3753812e-001
 8.3761066e-001
 8.3800238e-001
 8.3868945e-001
 8.3945918e-001
 8.4010023e-001
 8.4054345e-001
 8.4084678e-001
 8.4108633e-001
 8.4127951e-001
 8.4140849e-001
 8.4150994e-001
 8.4172124e-001
 8.4218216e-001
 8.4283215e-001
 8.4331411e-001
 8.4318483e-001
 8.4235728e-001
 8.4136647e-001
 8.4102225e-001
 8.4147376e-001
 8.4215862e-001
 8.4248245e-001
 8.4236532e-001
 8.4229994e-001
 8.4262508e-001
 8.4303790e-001
 8.4315932e-001
 8.4316266e-001
 8.4346324e-001
 8.4414613e-001
 8.4495956e-001
 8.4559482e-001
 8.4582394e-001
 8.4558803e-001
 8.4514838e-001
 8.4500593e-001
 8.4540522e-001
 8.4606200e-001
 8.4661877e-001
 8.4707767e-001
 8.4752876e-001
 8.4785908e-001
 8.4808147e-001
 8.4853059e-001
 8.4927911e-001
 8.4977436e-001
 8.4956867e-001
 8.4902644e-001
 8.4887475e-001
 8.4935570e-001
 8.5001826e-001
 8.5022438e-001
 8.4994900e-001
 8.4991008e-001
 8.5056001e-001
 8.5139310e-001
 8.5174054e-001
 8.5168087e-001
 8.5166293e-001
 8.5178262e-001
 8.5181665e-001
 8.5165846e-001
 8.5139394e-001
 8.5116243e-001
 8.5105377e-001
 8.5094452e-001
 8.5055631e-001
 8.4993088e-001
 8.4956414e-001
 8.4986949e-001
 8.5072756e-001
 8.5156399e-001
 8.5181206e-001
 8.5141951e-001
 8.5086620e-001
 8.5069114e-001
 8.5110408e-001
 8.5197401e-001
 8.5305041e-001
 8.5406947e-001
 8.5477883e-001
 8.5501289e-001
 8.5483843e-001
 8.5453880e-001
 8.5439718e-001
 8.5449529e-001
 8.5471100e-001
 8.5490060e-001
 8.5507202e-001
 8.5536611e-001
 8.5588324e-001
 8.5654938e-001
 8.5708541e-001
 8.5710770e-001
 8.5659027e-001
 8.5571337e-001
 8.5503131e-001
 8.5492897e-001
 8.5529536e-001
 8.5581988e-001
 8.5619211e-001
 8.5615659e-001
 8.5582113e-001
 8.5544032e-001
 8.5526907e-001
 8.5551506e-001
 8.5607564e-001
 8.5672241e-001
 8.5722697e-001
 8.5739219e-001
 8.5723162e-001
 8.5684335e-001
 8.5632634e-001
 8.5577512e-001
 8.5525626e-001
 8.5476506e-001
 8.5450500e-001
 8.5444945e-001
 8.5459268e-001
 8.5487008e-001
 8.5521513e-001
 8.5556084e-001
 8.5584205e-001
 8.5602903e-001
 8.5612714e-001
 8.5614383e-001
 8.5608590e-001
 8.5596174e-001
 8.5579932e-001
 8.5564739e-001
 8.5555512e-001
 8.5557204e-001
 8.5574418e-001
 8.5604596e-001
 8.5638171e-001
 8.5665280e-001
 8.5676044e-001
 8.5660613e-001
 8.5612351e-001
 8.5537195e-001
 8.5444134e-001
 8.5342175e-001
 8.5240287e-001
 8.5147470e-001
 8.5070950e-001
 8.5011256e-001
 8.4967256e-001
 8.4937829e-001
 8.4921867e-001
-1.2300000e+034
-1.2300000e+034
 8.4943646e-001
 8.4970397e-001
 8.5005039e-001
 8.5046458e-001
 8.5093546e-001
 8.5145158e-001
-1.2300000e+034
-1.2300000e+034
 8.5316145e-001
 8.5374779e-001
 8.5432398e-001
 8.5487854e-001
 8.5540056e-001
 8.5587877e-001
 8.5630202e-001
 8.5665929e-001
 8.5694206e-001
 8.5715282e-001
 8.5729629e-001
 8.5737729e-001
 8.5740072e-001
 8.5737109e-001
 8.5729367e-001
 8.5717285e-001
 8.5701424e-001
 8.5682547e-001
 8.5661471e-001
 8.5639012e-001
 8.5615999e-001
 8.5593241e-001
 8.5571569e-001
 8.5551786e-001
 8.5534728e-001
 8.5521203e-001
 8.5512030e-001
 8.5508025e-001
 8.5509753e-001
 8.5516733e-001
 8.5528290e-001
 8.5543734e-001
 8.5562384e-001
 8.5583574e-001
 8.5606587e-001
 8.5630763e-001
 8.5655415e-001
 8.5679847e-001
 8.5703391e-001
 8.5725349e-001
 8.5745281e-001
 8.5763550e-001
 8.5780728e-001
 8.5797369e-001
 8.5814029e-001
 8.5831273e-001
 8.5849649e-001
 8.5869735e-001
 8.5892075e-001
 8.5917234e-001
 8.5945779e-001
 8.5977817e-001
 8.6011910e-001
 8.6046267e-001
 8.6079127e-001
 8.6108691e-001
 8.6133188e-001
 8.6150819e-001
 8.6159813e-001
 8.6158395e-001
 8.6144775e-001
 8.6117893e-001
 8.6079246e-001
 8.6030853e-001
 8.5974759e-001
 8.5912967e-001
 8.5847533e-001
 8.5780448e-001
 8.5713786e-001
 8.5649550e-001
 8.5589778e-001
 8.5536194e-001
 8.5489511e-001
 8.5450214e-001
 8.5418791e-001
 8.5395712e-001
 8.5381496e-001
 8.5376596e-001
 8.5381544e-001
 8.5396779e-001
 8.5422826e-001
 8.5459435e-001
 8.5504031e-001
 8.5553473e-001
 8.5604668e-001
 8.5654515e-001
 8.5699886e-001
 8.5737675e-001
 8.5764802e-001
 8.5778123e-001
 8.5775733e-001
 8.5759652e-001
 8.5732752e-001
 8.5697895e-001
 8.5657924e-001
 8.5615700e-001
 8.5574096e-001
 8.5535949e-001
 8.5503358e-001
 8.5475808e-001
 8.5452294e-001
 8.5431784e-001
 8.5413265e-001
 8.5395706e-001
 8.5378098e-001
 8.5359412e-001
 8.5339117e-001
 8.5318255e-001
 8.5298204e-001
 8.5280353e-001
 8.5266054e-001
 8.5256684e-001
 8.5253614e-001
 8.5258228e-001
 8.5270959e-001
 8.5289216e-001
 8.5309798e-001
 8.5327673e-001
 8.5341841e-001
 8.5348368e-001
 8.5345429e-001
 8.5333538e-001
 8.5315323e-001
 8.5294867e-001
 8.5276937e-001
 8.5266322e-001
 8.5266900e-001
 8.5279989e-001
 8.5303432e-001
 8.5332561e-001
 8.5361749e-001
 8.5385531e-001
 8.5399640e-001
 8.5402137e-001
 8.5393757e-001
 8.5377216e-001
 8.5356194e-001
 8.5334480e-001
 8.5315335e-001
 8.5300934e-001
 8.5292178e-001
 8.5289001e-001
 8.5290784e-001
 8.5296679e-001
 8.5305804e-001
 8.5317230e-001
 8.5330021e-001
 8.5343236e-001
 8.5355920e-001
 8.5367167e-001
 8.5376120e-001
 8.5382020e-001
 8.5384214e-001
 8.5382152e-001
 8.5375404e-001
 8.5363746e-001
 8.5347283e-001
 8.5308880e-001
 8.5292035e-001
 8.5273761e-001
 8.5254562e-001
 8.5234857e-001
 8.5214943e-001
 8.5194999e-001
 8.5175061e-001
 8.5155082e-001
 8.5134959e-001
 8.5114646e-001
 8.5094190e-001
 8.5073769e-001
 8.5053700e-001
 8.5034370e-001
 8.5016137e-001
 8.4999287e-001
 8.4983975e-001
 8.4970254e-001
 8.4958112e-001
 8.4947532e-001
 8.4938580e-001
 8.4931427e-001
 8.4926361e-001
 8.4923768e-001
 8.4924054e-001
 8.4927559e-001
 8.4934419e-001
 8.4944409e-001
 8.4956878e-001
 8.4970725e-001
 8.4984481e-001
 8.4996498e-001
 8.5005146e-001
 8.5009015e-001
 8.5007143e-001
 8.4999156e-001
 8.4985375e-001
 8.4966826e-001
 8.4945148e-001
 8.4922415e-001
 8.4900916e-001
 8.4882843e-001
 8.4870040e-001
 8.4863746e-001
 8.4864402e-001
 8.4871596e-001
 8.4884065e-001
 8.4899849e-001
 8.4916538e-001
 8.4931594e-001
 8.4942693e-001
 8.4948051e-001
 8.4946644e-001
 8.4938347e-001
 8.4923893e-001
 8.4904724e-001
 8.4882712e-001
 8.4859848e-001
 8.4837925e-001
 8.4818256e-001
 8.4801549e-001
 8.4787810e-001
 8.4776431e-001
 8.4766352e-001
 8.4756285e-001
 8.4744972e-001
 8.4731418e-001
 8.4715074e-001
 8.4695965e-001
 8.4674668e-001
 8.4652287e-001
 8.4630269e-001
 8.4610224e-001
 8.4593725e-001
 8.4582078e-001
 8.4576178e-001
 8.4576392e-001
 8.4582502e-001
 8.4593749e-001
 8.4608912e-001
 8.4626448e-001
 8.4644705e-001
 8.4662080e-001
 8.4677261e-001
 8.4689349e-001
 8.4697986e-001
 8.4703350e-001
 8.4706080e-001
 8.4707105e-001
 8.4707403e-001
 8.4707773e-001
 8.4708613e-001
 8.4709787e-001
 8.4710622e-001
 8.4710062e-001
 8.4706861e-001
 8.4699923e-001
 8.4688538e-001
 8.4672618e-001
 8.4652770e-001
 8.4630251e-001
 8.4606785e-001
 8.4584343e-001
 8.4564859e-001
 8.4550017e-001
 8.4541053e-001
 8.4538651e-001
 8.4542936e-001
 8.4553474e-001
 8.4569311e-001
 8.4589106e-001
 8.4611195e-001
 8.4633768e-001
 8.4655041e-001
 8.4673429e-001
 8.4687752e-001
 8.4697384e-001
 8.4702319e-001
 8.4703147e-001
 8.4700930e-001
 8.4696978e-001
 8.4692627e-001
 8.4688991e-001
 8.4686786e-001
 8.4686297e-001
 8.4687400e-001
 8.4689689e-001
 8.4692633e-001
 8.4695721e-001
 8.4698564e-001
 8.4700930e-001
 8.4702712e-001
 8.4703904e-001
 8.4704500e-001
 8.4704489e-001
 8.4703863e-001
 8.4702635e-001
 8.4700936e-001
 8.4698993e-001
 8.4697199e-001
 8.4696031e-001
 8.4696001e-001
 8.4697568e-001
 8.4701043e-001
 8.4706503e-001
 8.4713805e-001
 8.4722584e-001
 8.4732324e-001
 8.4742433e-001
 8.4752369e-001
 8.4761679e-001
 8.4770095e-001
 8.4777522e-001
 8.4784043e-001
 8.4789866e-001
 8.4795260e-001
 8.4800476e-001
 8.4805709e-001
 8.4811062e-001
 8.4816539e-001
 8.4822088e-001
 8.4827626e-001
 8.4833097e-001
 8.4838521e-001
 8.4843993e-001
 8.4849668e-001
 8.4855765e-001
 8.4862471e-001
 8.4869921e-001
 8.4878176e-001
 8.4887183e-001
 8.4896827e-001
 8.4906989e-001
 8.4917641e-001
 8.4928906e-001
 8.4941137e-001
 8.4954900e-001
 8.4970921e-001
 8.4989917e-001
 8.5012436e-001
 8.5038626e-001
 8.5068095e-001
 8.5099870e-001
 8.5132444e-001
 8.5164046e-001
 8.5192895e-001
 8.5217583e-001
 8.5237342e-001
 8.5252208e-001
 8.5262984e-001
 8.5271084e-001
 8.5278189e-001
 8.5285872e-001
 8.5295290e-001
 8.5306948e-001
 8.5320657e-001
 8.5335612e-001
 8.5350651e-001
 8.5364544e-001
 8.5376287e-001
 8.5385376e-001
 8.5391891e-001
 8.5396522e-001
 8.5400420e-001
 8.5404980e-001
 8.5411537e-001
 8.5421133e-001
 8.5434306e-001
 8.5450977e-001
 8.5470510e-001
 8.5491800e-001
 8.5513520e-001
 8.5534316e-001
 8.5553026e-001
 8.5568810e-001
 8.5581201e-001
 8.5590088e-001
 8.5595626e-001
 8.5598147e-001
 8.5598063e-001
 8.5595840e-001
 8.5591936e-001
 8.5586888e-001
 8.5581279e-001
 8.5575849e-001
 8.5571438e-001
 8.5569006e-001
 8.5569555e-001
 8.5574001e-001
 8.5583103e-001
 8.5597289e-001
 8.5616577e-001
 8.5640508e-001
 8.5668159e-001
 8.5698181e-001
 8.5728937e-001
 8.5758680e-001
 8.5785729e-001
 8.5808700e-001
 8.5826659e-001
 8.5839248e-001
 8.5846728e-001
 8.5849929e-001
 8.5850173e-001
 8.5849065e-001
 8.5848284e-001
 8.5849380e-001
 8.5853553e-001
 8.5861528e-001
 8.5873497e-001
 8.5889107e-001
 8.5907578e-001
 8.5927796e-001
 8.5948491e-001
 8.5968387e-001
 8.5986346e-001
 8.6001456e-001
 8.6013091e-001
 8.6020964e-001
 8.6025059e-001
 8.6025643e-001
 8.6023176e-001
 8.6018264e-001
 8.6011577e-001
 8.6003792e-001
 8.5995555e-001
 8.5987395e-001
 8.5979766e-001
 8.5972995e-001
 8.5967308e-001
 8.5962868e-001
 8.5959804e-001
 8.5958219e-001
 8.5958236e-001
 8.5959989e-001
 8.5963625e-001
 8.5969287e-001
 8.5977083e-001
 8.5987055e-001
 8.5999155e-001
 8.6013234e-001
 8.6029023e-001
 8.6046159e-001
 8.6064196e-001
 8.6082625e-001
 8.6100936e-001
 8.6118609e-001
 8.6135179e-001
 8.6150211e-001
 8.6163348e-001
 8.6174309e-001
 8.6182904e-001
 8.6189067e-001
 8.6192858e-001
 8.6194539e-001
 8.6194557e-001
 8.6193550e-001
 8.6192298e-001
 8.6191660e-001
 8.6192423e-001
 8.6195195e-001
 8.6200291e-001
 8.6207628e-001
 8.6216736e-001
 8.6226833e-001
 8.6236942e-001
 8.6246091e-001
 8.6253494e-001
 8.6258686e-001
 8.6261630e-001
 8.6262709e-001
 8.6262673e-001
 8.6262476e-001
 8.6263144e-001
 8.6265612e-001
 8.6270559e-001
 8.6278343e-001
 8.6288953e-001
 8.6302012e-001
 8.6316836e-001
 8.6332554e-001
 8.6348170e-001
 8.6362761e-001
 8.6375540e-001
 8.6385983e-001
 8.6393887e-001
 8.6399388e-001
 8.6402905e-001
 8.6405045e-001
 8.6406487e-001
 8.6407822e-001
 8.6409444e-001
 8.6411488e-001
 8.6413819e-001
 8.6416113e-001
 8.6417967e-001
 8.6419052e-001
 8.6419207e-001
 8.6418504e-001
 8.6417204e-001
 8.6415654e-001
 8.6414188e-001
 8.6412984e-001
 8.6412007e-001
 8.6411011e-001
 8.6409616e-001
 8.6407435e-001
 8.6404198e-001
 8.6399859e-001
 8.6394590e-001
 8.6388791e-001
 8.6382926e-001
 8.6377460e-001
 8.6372763e-001
 8.6369038e-001
 8.6366367e-001
 8.6364770e-001
 8.6364263e-001
 8.6364931e-001
 8.6366934e-001
 8.6370468e-001
 8.6375684e-001
 8.6382622e-001
 8.6391121e-001
 8.6400825e-001
 8.6411178e-001
 8.6421525e-001
 8.6431205e-001
 8.6439627e-001
 8.6446357e-001
 8.6451155e-001
 8.6453944e-001
 8.6454833e-001
 8.6454046e-001
 8.6451918e-001
 8.6448884e-001
 8.6445457e-001
 8.6442190e-001
 8.6439675e-001
 8.6438423e-001
 8.6438823e-001
 8.6441004e-001
 8.6444777e-001
 8.6449587e-001
 8.6454529e-001
 8.6458427e-001
 8.6459959e-001
 8.6457849e-001
 8.6451042e-001
 8.6438870e-001
 8.6421186e-001
 8.6398393e-001
 8.6371446e-001
 8.6341733e-001
 8.6310941e-001
 8.6280835e-001
 8.6253065e-001
 8.6228991e-001
 8.6209530e-001
 8.6195076e-001
 8.6185497e-001
 8.6180139e-001
 8.6177945e-001
 8.6177534e-001
 8.6177355e-001
 8.6175805e-001
 8.6171430e-001
 8.6163080e-001
 8.6150110e-001
 8.6132526e-001
 8.6111116e-001
 8.6087424e-001
 8.6063671e-001
 8.6042452e-001
 8.6026376e-001
 8.6017621e-001
 8.6017543e-001
 8.6026347e-001
 8.6043048e-001
 8.6065561e-001
 8.6091077e-001
 8.6116546e-001
 8.6139196e-001
 8.6156988e-001
 8.6168891e-001
 8.6174941e-001
 8.6176109e-001
 8.6173975e-001
 8.6170340e-001
 8.6166811e-001
 8.6164522e-001
 8.6163956e-001
 8.6164916e-001
 8.6166710e-001
 8.6168337e-001
 8.6168832e-001
 8.6167490e-001
 8.6164069e-001
 8.6158836e-001
 8.6152500e-001
 8.6146039e-001
 8.6140448e-001
 8.6136574e-001
 8.6134899e-001
 8.6135542e-001
 8.6138278e-001
 8.6142653e-001
 8.6148161e-001
 8.6154336e-001
 8.6160839e-001
 8.6167425e-001
 8.6173886e-001
 8.6179990e-001
 8.6185366e-001
 8.6189574e-001
 8.6192089e-001
 8.6192477e-001
 8.6190468e-001
 8.6186099e-001
 8.6179733e-001
 8.6172038e-001
 8.6163878e-001
 8.6156142e-001
 8.6149561e-001
 8.6144578e-001
 8.6141235e-001
 8.6139160e-001
 8.6137688e-001
 8.6136001e-001
 8.6133373e-001
 8.6129391e-001
 8.6124146e-001
 8.6118382e-001
 8.6113465e-001
 8.6111289e-001
 8.6114049e-001
 8.6123943e-001
 8.6142844e-001
 8.6171991e-001
 8.6211789e-001
 8.6261714e-001
 8.6320299e-001
 8.6385304e-001
 8.6453992e-001
 8.6523360e-001
 8.6590493e-001
 8.6652792e-001
 8.6708146e-001
 8.6755031e-001
 8.6792445e-001
 8.6819839e-001
 8.6836994e-001
 8.6843902e-001
 8.6840755e-001
 8.6827952e-001
 8.6806196e-001
 8.6776578e-001
 8.6740720e-001
 8.6700702e-001
 8.6659014e-001
 8.6618346e-001
 8.6581302e-001
 8.6550164e-001
 8.6526579e-001
 8.6511487e-001
 8.6505008e-001
 8.6506546e-001
 8.6514920e-001
 8.6528587e-001
 8.6545813e-001
 8.6564893e-001
 8.6584288e-001
 8.6602718e-001
 8.6619234e-001
 8.6633277e-001
 8.6644650e-001
 8.6653531e-001
 8.6660409e-001
 8.6665988e-001
 8.6671007e-001
 8.6676121e-001
 8.6681795e-001
 8.6688262e-001
 8.6695498e-001
 8.6703300e-001
 8.6711299e-001
 8.6719108e-001
 8.6726457e-001
 8.6733335e-001
 8.6740035e-001
 8.6747152e-001
 8.6755389e-001
 8.6765373e-001
 8.6777395e-001
 8.6791283e-001
 8.6806440e-001
 8.6822027e-001
 8.6837208e-001
 8.6851341e-001
 8.6864156e-001
 8.6875802e-001
 8.6886787e-001
 8.6897874e-001
 8.6909842e-001
 8.6923289e-001
 8.6938429e-001
 8.6954981e-001
 8.6972189e-001
 8.6988890e-001
 8.7003738e-001
 8.7015396e-001
 8.7022781e-001
 8.7025237e-001
 8.7022573e-001
 8.7015033e-001
 8.7003225e-001
 8.6988032e-001
 8.6970448e-001
 8.6951542e-001
 8.6932373e-001
 8.6913925e-001
 8.6897069e-001
 8.6882508e-001
 8.6870778e-001
 8.6862224e-001
 8.6856997e-001
 8.6855030e-001
 8.6856019e-001
 8.6859429e-001
 8.6864454e-001
 8.6870098e-001
 8.6875266e-001
 8.6878890e-001
 8.6880100e-001
 8.6878365e-001
 8.6873615e-001
 8.6866277e-001
 8.6857277e-001
 8.6847967e-001
 8.6839980e-001
 8.6834985e-001
 8.6834496e-001
 8.6839575e-001
 8.6850661e-001
 8.6867446e-001
 8.6888921e-001
 8.6913490e-001
 8.6939186e-001
 8.6963964e-001
 8.6985958e-001
 8.7003732e-001
 8.7016416e-001
 8.7023747e-001
 8.7026066e-001
 8.7024122e-001
 8.7018943e-001
 8.7011623e-001
 8.7003136e-001
 8.6994225e-001
 8.6985338e-001
 8.6976665e-001
 8.6968184e-001
 8.6959773e-001
 8.6951351e-001
 8.6942923e-001
 8.6934710e-001
 8.6927116e-001
 8.6920696e-001
 8.6916113e-001
 8.6914003e-001
 8.6914891e-001
 8.6919087e-001
 8.6926603e-001
 8.6937153e-001
 8.6950123e-001
 8.6964637e-001
 8.6979598e-001
 8.6993778e-001
 8.7005925e-001
 8.7014818e-001
 8.7019414e-001
 8.7018913e-001
 8.7012887e-001
 8.7001330e-001
 8.6984748e-001
 8.6964142e-001
 8.6940980e-001
 8.6917078e-001
 8.6894423e-001
 8.6874932e-001
 8.6860240e-001
 8.6851442e-001
 8.6848950e-001
 8.6852449e-001
 8.6860913e-001
 8.6872804e-001
 8.6886328e-001
 8.6899728e-001
 8.6911589e-001
 8.6921090e-001
 8.6928111e-001
 8.6933231e-001
 8.6937594e-001
 8.6942649e-001
 8.6949855e-001
 8.6960381e-001
 8.6974829e-001
 8.6993116e-001
 8.7014413e-001
 8.7037265e-001
 8.7059736e-001
 8.7079757e-001
 8.7095356e-001
 8.7104958e-001
 8.7107605e-001
 8.7102997e-001
 8.7091494e-001
 8.7073988e-001
 8.7051779e-001
 8.7026381e-001
 8.6999398e-001
 8.6972404e-001
 8.6946851e-001
 8.6923987e-001
 8.6904764e-001
 8.6889791e-001
 8.6879295e-001
 8.6873078e-001
 8.6870533e-001
 8.6870700e-001
 8.6872363e-001
 8.6874205e-001
 8.6874992e-001
 8.6873794e-001
 8.6870193e-001
 8.6864465e-001
 8.6857575e-001
 8.6851096e-001
 8.6847001e-001
 8.6847365e-001
 8.6854047e-001
 8.6868382e-001
 8.6890966e-001
 8.6921525e-001
 8.6958903e-001
 8.7001121e-001
 8.7045568e-001
 8.7089300e-001
 8.7129396e-001
 8.7163270e-001
 8.7189025e-001
 8.7205642e-001
 8.7213099e-001
 8.7212294e-001
 8.7204891e-001
 8.7193060e-001
 8.7179166e-001
 8.7165475e-001
 8.7153882e-001
 8.7145728e-001
 8.7141711e-001
 8.7141883e-001
 8.7145752e-001
 8.7152410e-001
 8.7160730e-001
 8.7169540e-001
 8.7177783e-001
 8.7184638e-001
 8.7189573e-001
 8.7192374e-001
 8.7193114e-001
 8.7192070e-001
 8.7189668e-001
 8.7186402e-001
 8.7182754e-001
 8.7179166e-001
 8.7175971e-001
 8.7173450e-001
 8.7171775e-001
 8.7171084e-001
 8.7171489e-001
 8.7173128e-001
 8.7176162e-001
 8.7180811e-001
 8.7187350e-001
 8.7196088e-001
 8.7207311e-001
 8.7221265e-001
 8.7238073e-001
 8.7257648e-001
 8.7279701e-001
 8.7303662e-001
 8.7328690e-001
 8.7353748e-001
 8.7377620e-001
 8.7399071e-001
 8.7416935e-001
 8.7430227e-001
 8.7438285e-001
 8.7440807e-001
 8.7437880e-001
 8.7429976e-001
 8.7417901e-001
 8.7402654e-001
 8.7385386e-001
 8.7367243e-001
 8.7349278e-001
 8.7332410e-001
 8.7317324e-001
 8.7304503e-001
 8.7294185e-001
 8.7286407e-001
 8.7280995e-001
 8.7277615e-001
 8.7275743e-001
 8.7274748e-001
 8.7273872e-001
 8.7272298e-001
 8.7269211e-001
 8.7263858e-001
 8.7255645e-001
 8.7244207e-001
 8.7229502e-001
 8.7211823e-001
 8.7191844e-001
 8.7170571e-001
 8.7149262e-001
 8.7129378e-001
 8.7112439e-001
 8.7099934e-001
 8.7093234e-001
 8.7093502e-001
 8.7101638e-001
 8.7118238e-001
 8.7143540e-001
 8.7177366e-001
 8.7219083e-001
 8.7267548e-001
 8.7321073e-001
 8.7377435e-001
 8.7433970e-001
 8.7487781e-001
 8.7535918e-001
 8.7575620e-001
 8.7604564e-001
 8.7621027e-001
 8.7624037e-001
 8.7613398e-001
 8.7589711e-001
 8.7554497e-001
 8.7510163e-001
 8.7459850e-001
 8.7407196e-001
 8.7356019e-001
 8.7309867e-001
 8.7271667e-001
 8.7243330e-001
 8.7225568e-001
 8.7217909e-001
 8.7212056e-001
 8.7222666e-001
 8.7236935e-001
 8.7251985e-001
 8.7265319e-001
 8.7275124e-001
 8.7280422e-001
 8.7281054e-001
 8.7277406e-001
 8.7270194e-001
 8.7260234e-001
 8.7248397e-001
 8.7235528e-001
 8.7222409e-001
 8.7209767e-001
 8.7198257e-001
 8.7188435e-001
 8.7180799e-001
 8.7175792e-001
 8.7173820e-001
 8.7175274e-001
 8.7180507e-001
 8.7189811e-001
 8.7203342e-001
 8.7221032e-001
 8.7242508e-001
 8.7267065e-001
 8.7293673e-001
 8.7321097e-001
 8.7347949e-001
 8.7372804e-001
 8.7394267e-001
 8.7411046e-001
 8.7422103e-001
 8.7426782e-001
 8.7425005e-001
 8.7417269e-001
 8.7404621e-001
 8.7388527e-001
 8.7370676e-001
 8.7352854e-001
 8.7336862e-001
 8.7324363e-001
 8.7316775e-001
 8.7315071e-001
 8.7319607e-001
 8.7330079e-001
 8.7345588e-001
 8.7364775e-001
 8.7386024e-001
 8.7407601e-001
 8.7427765e-001
 8.7444866e-001
 8.7457460e-001
 8.7464488e-001
 8.7465364e-001
 8.7460071e-001
 8.7449074e-001
 8.7433213e-001
 8.7413538e-001
 8.7391210e-001
 8.7367380e-001
 8.7343162e-001
 8.7319517e-001
 8.7297142e-001
 8.7276405e-001
 8.7257302e-001
 8.7239468e-001
 8.7222302e-001
 8.7205046e-001
 8.7186885e-001
 8.7166989e-001
 8.7144589e-001
 8.7119055e-001
 8.7089968e-001
 8.7057227e-001
 8.7021059e-001
 8.6981982e-001
 8.6940771e-001
 8.6898291e-001
 8.6855489e-001
 8.6813295e-001
 8.6772525e-001
 8.6733824e-001
 8.6697471e-001
 8.6663282e-001
 8.6630583e-001
 8.6598206e-001
 8.6564660e-001
 8.6528260e-001
 8.6487222e-001
 8.6439812e-001
 8.6384439e-001
 8.6319888e-001
 8.6245525e-001
 8.6161500e-001
 8.6068898e-001
 8.5969561e-001
 8.5865951e-001
 8.5760885e-001
 8.5657293e-001
 8.5558158e-001
 8.5466236e-001
 8.5383958e-001
 8.5313100e-001
 8.5254586e-001
 8.5208398e-001
 8.5173637e-001
 8.5148805e-001
 8.5132015e-001
 8.5121197e-001
 8.5114282e-001
 8.5109293e-001
 8.5104531e-001
 8.5098749e-001
 8.5091305e-001
 8.5082263e-001
 8.5072279e-001
 8.5062474e-001
 8.5054237e-001
 8.5049075e-001
 8.5048479e-001
 8.5053825e-001
 8.5066181e-001
 8.5086131e-001
 8.5113579e-001
 8.5147685e-001
 8.5186929e-001
 8.5229307e-001
 8.5272521e-001
 8.5314143e-001
 8.5351753e-001
 8.5383081e-001
 8.5406202e-001
 8.5419768e-001
 8.5423201e-001
 8.5416788e-001
 8.5401601e-001
 8.5379273e-001
 8.5351783e-001
 8.5321283e-001
 8.5289907e-001
 8.5259724e-001
 8.5232532e-001
 8.5209739e-001
 8.5192186e-001
 8.5180068e-001
 8.5173064e-001
 8.5170394e-001
 8.5171062e-001
 8.5173959e-001
 8.5177946e-001
 8.5181987e-001
 8.5185236e-001
 8.5187155e-001
 8.5187668e-001
 8.5187179e-001
 8.5186547e-001
 8.5186952e-001
 8.5189754e-001
 8.5196412e-001
 8.5208368e-001
 8.5226953e-001
 8.5253239e-001
 8.5287899e-001
 8.5331017e-001
 8.5382068e-001
 8.5439950e-001
 8.5503131e-001
 8.5569859e-001
 8.5638231e-001
 8.5706377e-001
 8.5772467e-001
 8.5834867e-001
 8.5892272e-001
 8.5943776e-001
 8.5988975e-001
 8.6027873e-001
 8.6060780e-001
 8.6088216e-001
 8.6110789e-001
 8.6129141e-001
 8.6143941e-001
 8.6155862e-001
 8.6165613e-001
 8.6173934e-001
 8.6181587e-001
 8.6189377e-001
 8.6198121e-001
 8.6208653e-001
 8.6221790e-001
 8.6238307e-001
 8.6258841e-001
 8.6283773e-001
 8.6313039e-001
 8.6345989e-001
 8.6381304e-001
 8.6417073e-001
 8.6450958e-001
 8.6480355e-001
 8.6502576e-001
 8.6515003e-001
 8.6515290e-001
 8.6501718e-001
 8.6473560e-001
 8.6431503e-001
 8.6377722e-001
 8.6315793e-001
 8.6250281e-001
 8.6186403e-001
 8.6129558e-001
 8.6085117e-001
 8.6058074e-001
 8.6052507e-001
 8.6071056e-001
 8.6114323e-001
 8.6180741e-001
 8.6266708e-001
 8.6367196e-001
 8.6476231e-001
 8.6587512e-001
 8.6694741e-001
 8.6791879e-001
 8.6873758e-001
 8.6936551e-001
 8.6978227e-001
 8.6998814e-001
 8.7000179e-001
 8.6985511e-001
 8.6958826e-001
 8.6924499e-001
 8.6886966e-001
 8.6850506e-001
 8.6818880e-001
 8.6795056e-001
 8.6780936e-001
 8.6777157e-001
 8.6783290e-001
 8.6798078e-001
 8.6819798e-001
 8.6846477e-001
 8.6876112e-001
 8.6906731e-001
 8.6936569e-001
 8.6964178e-001
 8.6988527e-001
 8.7009072e-001
 8.7025708e-001
 8.7038642e-001
 8.7048274e-001
 8.7055099e-001
 8.7059647e-001
 8.7062454e-001
 8.7064075e-001
 8.7065023e-001
 8.7065828e-001
 8.7066984e-001
 8.7068987e-001
 8.7072319e-001
 8.7077451e-001
 8.7084848e-001
 8.7094927e-001
 8.7108040e-001
 8.7124366e-001
 8.7143821e-001
 8.7165952e-001
 8.7189901e-001
 8.7214446e-001
 8.7238079e-001
 8.7259156e-001
 8.7275976e-001
 8.7286860e-001
 8.7290311e-001
 8.7285179e-001
 8.7270916e-001
 8.7247789e-001
 8.7216955e-001
 8.7180376e-001
 8.7140632e-001
 8.7100637e-001
 8.7063444e-001
 8.7032127e-001
 8.7009537e-001
 8.6998099e-001
 8.6999518e-001
 8.7014502e-001
 8.7042677e-001
 8.7082672e-001
 8.7132382e-001
 8.7189293e-001
 8.7250674e-001
 8.7313747e-001
 8.7375855e-001
 8.7434602e-001
 8.7487960e-001
 8.7534535e-001
 8.7573564e-001
 8.7604851e-001
 8.7628621e-001
 8.7645370e-001
 8.7655735e-001
 8.7660408e-001
 8.7660152e-001
 8.7655824e-001
 8.7648475e-001
 8.7639344e-001
 8.7629938e-001
 8.7621993e-001
 8.7617385e-001
 8.7618107e-001
 8.7626153e-001
 8.7643433e-001
 8.7671608e-001
 8.7711829e-001
 8.7764359e-001
 8.7828302e-001
 8.7901473e-001
 8.7980467e-001
 8.8061059e-001
 8.8138497e-001
 8.8207847e-001
 8.8264197e-001
 8.8303083e-001
 8.8320869e-001
 8.8315362e-001
 8.8286322e-001
 8.8235670e-001
 8.8167304e-001
 8.8086534e-001
 8.7999499e-001
 8.7912780e-001
 8.7832892e-001
 8.7766010e-001
 8.7717438e-001
 8.7691075e-001
 8.7688822e-001
 8.7710458e-001
 8.7753773e-001
 8.7815130e-001
 8.7890059e-001
 8.7973636e-001
 8.8060904e-001
 8.8147056e-001
 8.8227761e-001
 8.8299388e-001
 8.8359404e-001
 8.8406408e-001
 8.8440007e-001
 8.8460600e-001
 8.8469052e-001
 8.8466436e-001
 8.8453889e-001
 8.8432544e-001
 8.8403481e-001
 8.8367617e-001
 8.8325679e-001
 8.8278186e-001
 8.8225496e-001
 8.8167793e-001
 8.8105178e-001
 8.8037771e-001
 8.7965661e-001
 8.7889028e-001
 8.7808287e-001
 8.7724090e-001
 8.7637550e-001
 8.7550193e-001
 8.7464041e-001
 8.7381357e-001
 8.7304580e-001
 8.7236255e-001
 8.7178826e-001
 8.7134528e-001
 8.7105131e-001
 8.7091595e-001
 8.7093812e-001
 8.7110478e-001
 8.7139213e-001
 8.7176836e-001
 8.7219715e-001
 8.7263983e-001
 8.7305802e-001
 8.7341553e-001
 8.7368053e-001
 8.7382966e-001
 8.7385058e-001
 8.7374300e-001
 8.7351769e-001
 8.7319362e-001
 8.7279433e-001
 8.7234598e-001
 8.7187505e-001
 8.7140679e-001
 8.7096465e-001
 8.7056738e-001
 8.7022817e-001
 8.6995417e-001
 8.6974663e-001
 8.6960262e-001
 8.6951673e-001
 8.6948240e-001
 8.6949235e-001
 8.6953920e-001
 8.6961508e-001
 8.6971188e-001
 8.6982089e-001
 8.6993271e-001
 8.7003750e-001
 8.7012494e-001
 8.7018460e-001
 8.7020606e-001
 8.7017936e-001
 8.7009597e-001
 8.6995018e-001
 8.6974066e-001
 8.6947262e-001
 8.6915815e-001
 8.6881548e-001
 8.6846751e-001
 8.6813998e-001
 8.6785948e-001
 8.6765236e-001
 8.6754262e-001
 8.6754966e-001
 8.6768484e-001
 8.6794877e-001
 8.6832976e-001
 8.6880559e-001
 8.6934614e-001
 8.6991608e-001
 8.7047851e-001
 8.7099653e-001
 8.7143505e-001
 8.7176418e-001
 8.7196225e-001
 8.7201893e-001
 8.7193614e-001
 8.7172717e-001
 8.7141359e-001
 8.7102199e-001
 8.7058115e-001
 8.7012023e-001
 8.6966771e-001
 8.6924917e-001
 8.6888587e-001
 8.6859298e-001
 8.6837924e-001
 8.6824709e-001
 8.6819458e-001
 8.6821717e-001
 8.6830902e-001
 8.6846358e-001
 8.6867410e-001
 8.6893368e-001
 8.6923516e-001
 8.6957061e-001
 8.6993206e-001
 8.7031096e-001
 8.7069857e-001
 8.7108576e-001
 8.7146348e-001
 8.7182295e-001
 8.7215531e-001
 8.7245262e-001
 8.7270790e-001
 8.7291545e-001
 8.7307137e-001
 8.7317300e-001
 8.7321883e-001
 8.7320793e-001
 8.7313992e-001
 8.7301481e-001
 8.7283385e-001
 8.7260044e-001
 8.7232137e-001
 8.7200862e-001
 8.7167919e-001
 8.7135500e-001
 8.7106174e-001
 8.7082684e-001
 8.7067860e-001
 8.7064463e-001
 8.7074977e-001
 8.7101346e-001
 8.7144572e-001
 8.7204355e-001
 8.7279016e-001
 8.7365621e-001
 8.7460232e-001
 8.7558424e-001
 8.7655497e-001
 8.7746793e-001
 8.7827820e-001
 8.7894732e-001
 8.7944615e-001
 8.7975824e-001
 8.7988174e-001
 8.7982780e-001
 8.7961709e-001
 8.7927598e-001
 8.7883335e-001
 8.7831926e-001
 8.7776279e-001
 8.7719101e-001
 8.7662756e-001
 8.7609190e-001
 8.7559772e-001
 8.7515420e-001
 8.7476742e-001
 8.7444097e-001
 8.7417746e-001
 8.7397897e-001
 8.7384671e-001
 8.7378055e-001
 8.7377852e-001
 8.7383562e-001
 8.7394387e-001
 8.7409252e-001
 8.7426871e-001
 8.7445831e-001
 8.7464708e-001
 8.7482065e-001
 8.7496626e-001
 8.7507397e-001
 8.7513864e-001
 8.7516141e-001
 8.7515068e-001
 8.7512124e-001
 8.7509274e-001
 8.7508750e-001
 8.7512892e-001
 8.7523979e-001
 8.7544036e-001
 8.7574512e-001
 8.7615877e-001
 8.7667328e-001
 8.7726605e-001
 8.7790179e-001
 8.7853509e-001
 8.7911546e-001
 8.7959039e-001
 8.7990773e-001
 8.8002014e-001
 8.7988991e-001
 8.7949562e-001
 8.7883770e-001
 8.7794083e-001
 8.7685156e-001
 8.7563372e-001
 8.7436038e-001
 8.7310886e-001
 8.7195742e-001
 8.7097889e-001
 8.7023544e-001
 8.6977124e-001
 8.6960447e-001
 8.6972517e-001
 8.7009865e-001
 8.7067282e-001
 8.7138575e-001
 8.7217188e-001
 8.7296510e-001
 8.7370372e-001
 8.7433392e-001
 8.7481374e-001
 8.7511802e-001
 8.7523955e-001
 8.7518817e-001
 8.7498695e-001
 8.7466735e-001
 8.7426472e-001
 8.7381583e-001
 8.7335676e-001
 8.7292290e-001
 8.7254852e-001
 8.7227327e-001
 8.7215704e-001
 8.7211072e-001
 8.7214988e-001
 8.7225676e-001
 8.7241369e-001
 8.7260318e-001
 8.7280726e-001
 8.7300849e-001
 8.7318879e-001
 8.7333095e-001
 8.7341845e-001
 8.7344915e-001
 8.7342852e-001
 8.7336206e-001
 8.7325513e-001
 8.7311333e-001
 8.7294227e-001
 8.7274724e-001
 8.7253374e-001
 8.7230730e-001
 8.7207359e-001
 8.7183791e-001
 8.7160563e-001
 8.7138259e-001
 8.7117362e-001
 8.7097907e-001
 8.7079698e-001
 8.7062532e-001
 8.7046212e-001
 8.7030530e-001
 8.7015271e-001
 8.7000251e-001
 8.6985266e-001
 8.6970085e-001
 8.6954528e-001
 8.6938393e-001
 8.6921471e-001
 8.6903560e-001
 8.6884439e-001
 8.6863947e-001
 8.6841828e-001
 8.6817914e-001
 8.6792022e-001
 8.6764175e-001
 8.6734486e-001
 8.6703134e-001
 8.6670232e-001
 8.6635923e-001
 8.6600339e-001
 8.6563635e-001
 8.6525929e-001
 8.6487371e-001
 8.6448091e-001
 8.6408222e-001
 8.6367923e-001
 8.6327320e-001
 8.6286545e-001
 8.6245733e-001
 8.6205035e-001
 8.6164588e-001
 8.6124516e-001
 8.6084968e-001
 8.6046076e-001
 8.6007988e-001
 8.5970825e-001
 8.5934615e-001
 8.5899377e-001
 8.5865122e-001
 8.5831827e-001
 8.5799509e-001
 8.5768139e-001
 8.5737765e-001
 8.5708350e-001
 8.5679913e-001
 8.5652435e-001
 8.5625941e-001
 8.5600418e-001
 8.5575861e-001
 8.5552275e-001
 8.5529667e-001
 8.5508043e-001
 8.5487390e-001
 8.5467702e-001
 8.5448986e-001
 8.5431254e-001
 8.5414499e-001
 8.5398710e-001
 8.5383910e-001
 8.5370076e-001
 8.5357225e-001
 8.5345340e-001
 8.5334408e-001
 8.5324347e-001
 8.5315144e-001
 8.5306716e-001
 8.5299033e-001
 8.5292029e-001
 8.5285670e-001
 8.5279894e-001
 8.5274661e-001
 8.5269910e-001
 8.5265601e-001
 8.5261673e-001
 8.5258079e-001
 8.5254776e-001
 8.5251701e-001
 8.5248822e-001
 8.5246074e-001
 8.5243410e-001
 8.5240787e-001
 8.5238141e-001
 8.5235441e-001
 8.5232610e-001
 8.5229623e-001
 8.5226411e-001
 8.5222942e-001
 8.5219151e-001
 8.5214990e-001
 8.5210419e-001
 8.5205376e-001
 8.5199821e-001
 8.5193747e-001
 8.5187167e-001
 8.5180080e-001
