s07_ASD Record=5768: Illite IMt-1.a                BECKb AREF
 1.5958454e-001
 1.6219284e-001
 1.6491342e-001
 1.6760804e-001
 1.7014867e-001
 1.7244785e-001
 1.7447139e-001
 1.7622967e-001
 1.7776126e-001
 1.7911468e-001
 1.8033412e-001
 1.8145275e-001
 1.8249220e-001
 1.8346524e-001
 1.8438062e-001
 1.8524797e-001
 1.8608028e-001
 1.8689300e-001
 1.8770175e-001
 1.8852109e-001
 1.8936501e-001
 1.9024892e-001
 1.9119209e-001
 1.9221862e-001
 1.9335808e-001
 1.9464441e-001
 1.9610934e-001
 1.9776899e-001
 1.9961114e-001
 2.0159531e-001
 2.0365910e-001
 2.0573428e-001
 2.0775953e-001
 2.0968293e-001
 2.1147066e-001
 2.1312407e-001
 2.1467720e-001
 2.1618266e-001
 2.1769671e-001
 2.1926139e-001
 2.2089063e-001
 2.2256449e-001
 2.2423479e-001
 2.2584282e-001
 2.2734277e-001
 2.2872239e-001
 2.3000933e-001
 2.3126090e-001
 2.3254140e-001
 2.3389792e-001
 2.3534246e-001
 2.3684582e-001
 2.3834530e-001
 2.3976502e-001
 2.4104458e-001
 2.4216227e-001
 2.4315010e-001
 2.4408263e-001
 2.4503830e-001
 2.4609861e-001
 2.4731357e-001
 2.4863598e-001
 2.5002390e-001
 2.5143871e-001
 2.5280085e-001
 2.5402683e-001
 2.5509620e-001
 2.5604591e-001
 2.5694895e-001
 2.5789961e-001
 2.5898099e-001
 2.6023287e-001
 2.6164487e-001
 2.6317155e-001
 2.6475272e-001
 2.6632965e-001
 2.6785317e-001
 2.6928654e-001
 2.7060744e-001
 2.7181283e-001
 2.7292576e-001
 2.7399528e-001
 2.7508375e-001
 2.7623942e-001
 2.7746606e-001
 2.7870831e-001
 2.7986896e-001
 2.8085515e-001
 2.8162917e-001
 2.8223369e-001
 2.8277537e-001
 2.8337929e-001
 2.8414181e-001
 2.8510627e-001
 2.8626278e-001
 2.8755739e-001
 2.8890023e-001
 2.9017854e-001
 2.9128635e-001
 2.9216218e-001
 2.9281518e-001
 2.9332474e-001
 2.9381758e-001
 2.9444060e-001
 2.9532966e-001
 2.9656130e-001
 2.9810703e-001
 2.9982749e-001
 3.0152303e-001
 3.0302551e-001
 3.0427414e-001
 3.0532271e-001
 3.0628428e-001
 3.0726007e-001
 3.0829933e-001
 3.0939901e-001
 3.1052563e-001
 3.1163958e-001
 3.1271285e-001
 3.1373808e-001
 3.1472364e-001
 3.1567803e-001
 3.1660125e-001
 3.1750008e-001
 3.1841177e-001
 3.1939596e-001
 3.2048777e-001
 3.2166493e-001
 3.2287890e-001
 3.2411590e-001
 3.2540324e-001
 3.2674494e-001
 3.2807058e-001
 3.2927635e-001
 3.3032286e-001
 3.3128235e-001
 3.3227751e-001
 3.3337116e-001
 3.3451083e-001
 3.3557072e-001
 3.3644745e-001
 3.3713359e-001
 3.3772349e-001
 3.3835086e-001
 3.3910576e-001
 3.3999780e-001
 3.4098625e-001
 3.4202287e-001
 3.4305498e-001
 3.4402385e-001
 3.4490865e-001
 3.4576923e-001
 3.4670082e-001
 3.4773344e-001
 3.4880283e-001
 3.4982806e-001
 3.5078609e-001
 3.5170227e-001
 3.5260627e-001
 3.5353458e-001
 3.5455912e-001
 3.5575664e-001
 3.5711622e-001
 3.5850158e-001
 3.5975498e-001
 3.6084327e-001
 3.6186513e-001
 3.6289677e-001
 3.6386353e-001
 3.6460909e-001
 3.6509421e-001
 3.6548465e-001
 3.6601117e-001
 3.6676770e-001
 3.6768118e-001
 3.6863819e-001
 3.6956406e-001
 3.7038386e-001
 3.7100354e-001
 3.7139508e-001
 3.7167686e-001
 3.7204909e-001
 3.7262201e-001
 3.7332329e-001
 3.7399107e-001
 3.7453517e-001
 3.7498069e-001
 3.7538892e-001
 3.7579727e-001
 3.7623173e-001
 3.7671560e-001
 3.7724575e-001
 3.7780124e-001
 3.7840280e-001
 3.7913844e-001
 3.8008270e-001
 3.8116938e-001
 3.8216817e-001
 3.8284078e-001
 3.8314804e-001
 3.8328072e-001
 3.8344535e-001
 3.8362074e-001
 3.8359696e-001
 3.8330698e-001
 3.8302869e-001
 3.8311726e-001
 3.8357782e-001
 3.8405070e-001
 3.8419843e-001
 3.8397798e-001
 3.8358128e-001
 3.8327903e-001
 3.8331535e-001
 3.8376346e-001
 3.8437176e-001
 3.8461784e-001
 3.8405246e-001
 3.8269395e-001
 3.8110209e-001
 3.7999681e-001
 3.7973133e-001
 3.8009200e-001
 3.8056511e-001
 3.8077894e-001
 3.8072878e-001
 3.8063213e-001
 3.8060829e-001
 3.8052416e-001
 3.8015920e-001
 3.7949634e-001
 3.7876979e-001
 3.7816614e-001
 3.7760118e-001
 3.7695885e-001
 3.7641969e-001
 3.7627193e-001
 3.7646136e-001
 3.7661895e-001
 3.7651426e-001
 3.7623459e-001
 3.7593284e-001
 3.7561733e-001
 3.7521833e-001
 3.7471586e-001
 3.7414101e-001
 3.7350491e-001
 3.7277517e-001
 3.7193087e-001
 3.7101921e-001
 3.7011987e-001
 3.6925992e-001
 3.6841774e-001
 3.6763462e-001
 3.6704743e-001
 3.6669132e-001
 3.6635369e-001
 3.6582580e-001
 3.6524031e-001
 3.6493579e-001
 3.6500487e-001
 3.6516351e-001
 3.6507356e-001
 3.6461493e-001
 3.6381283e-001
 3.6272421e-001
 3.6154214e-001
 3.6065060e-001
 3.6032748e-001
 3.6039403e-001
 3.6032954e-001
 3.5974699e-001
 3.5864514e-001
 3.5724479e-001
 3.5580570e-001
 3.5464716e-001
 3.5407197e-001
 3.5406944e-001
 3.5422629e-001
 3.5412487e-001
 3.5373017e-001
 3.5325652e-001
 3.5277039e-001
 3.5211509e-001
 3.5119909e-001
 3.5014755e-001
 3.4910166e-001
 3.4810215e-001
 3.4718776e-001
 3.4644201e-001
 3.4592286e-001
 3.4553650e-001
 3.4506264e-001
 3.4440443e-001
 3.4379628e-001
 3.4366867e-001
 3.4415883e-001
 3.4473377e-001
 3.4457543e-001
 3.4348896e-001
 3.4213290e-001
 3.4122595e-001
 3.4085464e-001
 3.4064540e-001
 3.4029844e-001
 3.3980882e-001
 3.3928671e-001
 3.3870733e-001
 3.3796692e-001
 3.3715135e-001
 3.3648235e-001
 3.3593246e-001
 3.3521876e-001
 3.3430293e-001
 3.3356273e-001
 3.3329839e-001
 3.3333242e-001
 3.3322743e-001
 3.3266774e-001
 3.3166206e-001
 3.3050841e-001
 3.2956085e-001
 3.2900161e-001
 3.2879794e-001
 3.2879046e-001
 3.2877222e-001
 3.2854843e-001
 3.2801095e-001
 3.2718998e-001
 3.2622671e-001
 3.2529208e-001
 3.2451668e-001
 3.2394457e-001
 3.2348543e-001
 3.2290757e-001
 3.2196993e-001
 3.2067832e-001
 3.1943229e-001
 3.1881139e-001
 3.1908074e-001
 3.1986740e-001
 3.2039440e-001
 3.2011074e-001
 3.1912383e-001
 3.1802186e-001
 3.1727636e-001
 3.1682739e-001
 3.1625599e-001
 3.1532395e-001
 3.1430227e-001
 3.1372806e-001
 3.1377852e-001
 3.1392729e-001
 3.1351042e-001
 3.1280351e-001
 3.1250885e-001
 3.1275886e-001
 3.1303838e-001
 3.1273502e-001
 3.1183764e-001
 3.1099048e-001
 3.1060737e-001
 3.1032747e-001
 3.0981964e-001
 3.0945349e-001
 3.0950621e-001
 3.0944845e-001
 3.0877632e-001
 3.0783692e-001
 3.0712339e-001
 3.0650678e-001
 3.0585638e-001
 3.0561778e-001
 3.0599204e-001
 3.0632555e-001
 3.0616584e-001
 3.0609757e-001
 3.0663601e-001
 3.0716607e-001
 3.0687433e-001
 3.0595180e-001
 3.0517736e-001
 3.0494720e-001
 3.0514008e-001
 3.0542970e-001
 3.0541417e-001
 3.0481657e-001
 3.0394596e-001
 3.0359703e-001
 3.0395532e-001
 3.0414480e-001
 3.0357230e-001
 3.0292118e-001
 3.0296555e-001
 3.0335140e-001
 3.0336374e-001
 3.0309179e-001
 3.0294168e-001
 3.0297208e-001
 3.0281320e-001
 3.0237725e-001
 3.0225423e-001
 3.0275828e-001
 3.0350679e-001
 3.0401602e-001
 3.0405647e-001
 3.0362281e-001
 3.0283692e-001
 3.0198604e-001
 3.0149639e-001
 3.0170476e-001
 3.0256298e-001
 3.0365404e-001
 3.0453354e-001
 3.0503607e-001
 3.0528226e-001
 3.0545336e-001
 3.0562416e-001
 3.0575639e-001
 3.0579895e-001
 3.0577224e-001
 3.0576873e-001
 3.0586597e-001
 3.0602509e-001
 3.0611047e-001
 3.0602121e-001
 3.0579180e-001
 3.0561307e-001
 3.0575794e-001
 3.0624819e-001
 3.0707574e-001
 3.0790323e-001
 3.0850911e-001
 3.0884969e-001
 3.0895260e-001
 3.0884561e-001
 3.0857697e-001
 3.0832902e-001
 3.0833820e-001
 3.0884120e-001
 3.1000999e-001
 3.1159109e-001
 3.1315896e-001
 3.1428775e-001
 3.1463015e-001
 3.1436139e-001
 3.1386837e-001
 3.1353861e-001
 3.1370082e-001
 3.1429258e-001
 3.1523049e-001
 3.1599286e-001
 3.1648988e-001
 3.1669813e-001
 3.1678438e-001
 3.1692368e-001
 3.1729105e-001
 3.1805250e-001
 3.1917045e-001
 3.2040432e-001
 3.2150567e-001
 3.2222527e-001
 3.2232630e-001
 3.2183492e-001
 3.2103714e-001
 3.2023013e-001
 3.1971082e-001
 3.1976449e-001
 3.2041162e-001
 3.2141319e-001
 3.2251954e-001
 3.2348070e-001
 3.2404700e-001
 3.2404396e-001
 3.2358924e-001
 3.2287133e-001
 3.2207891e-001
 3.2140040e-001
 3.2102442e-001
 3.2109129e-001
 3.2155558e-001
 3.2232741e-001
 3.2331654e-001
 3.2443327e-001
 3.2558724e-001
 3.2668865e-001
 3.2766467e-001
 3.2850733e-001
 3.2922456e-001
 3.2982400e-001
 3.3031350e-001
 3.3070073e-001
-1.2300000e+034
-1.2300000e+034
 3.3132669e-001
 3.3138263e-001
 3.3137512e-001
 3.3131191e-001
 3.3120081e-001
 3.3104959e-001
 3.3086595e-001
 3.3065769e-001
 3.3043179e-001
 3.3019260e-001
 3.2994378e-001
 3.2968897e-001
 3.2943189e-001
 3.2917610e-001
 3.2892543e-001
 3.2868347e-001
 3.2845247e-001
 3.2822964e-001
 3.2801107e-001
 3.2779276e-001
 3.2757071e-001
 3.2734099e-001
 3.2709956e-001
 3.2684252e-001
 3.2656583e-001
 3.2626563e-001
 3.2593781e-001
 3.2557851e-001
 3.2518589e-001
 3.2476637e-001
 3.2432792e-001
 3.2387874e-001
 3.2342684e-001
 3.2298052e-001
 3.2254770e-001
 3.2213658e-001
 3.2175535e-001
 3.2141194e-001
 3.2111463e-001
 3.2087144e-001
 3.2068709e-001
 3.2055378e-001
 3.2046112e-001
 3.2039866e-001
 3.2035592e-001
 3.2032245e-001
 3.2028776e-001
 3.2024142e-001
 3.2017297e-001
 3.2007197e-001
 3.1992787e-001
 3.1973493e-001
 3.1950346e-001
 3.1924739e-001
 3.1898060e-001
 3.1871706e-001
 3.1847057e-001
 3.1825516e-001
 3.1808469e-001
 3.1797305e-001
 3.1793419e-001
 3.1797448e-001
 3.1807432e-001
 3.1820849e-001
 3.1835169e-001
 3.1847861e-001
 3.1856409e-001
 3.1858283e-001
 3.1850958e-001
 3.1831905e-001
 3.1798604e-001
 3.1749630e-001
 3.1687385e-001
 3.1615040e-001
 3.1535810e-001
 3.1452873e-001
 3.1369436e-001
 3.1288686e-001
 3.1213814e-001
 3.1148019e-001
 3.1094494e-001
 3.1055400e-001
 3.1029370e-001
 3.1014320e-001
 3.1008157e-001
 3.1008786e-001
 3.1014118e-001
 3.1022060e-001
 3.1030518e-001
 3.1037399e-001
 3.1041136e-001
 3.1041884e-001
 3.1040165e-001
 3.1036502e-001
 3.1031409e-001
 3.1025413e-001
 3.1019029e-001
 3.1012785e-001
 3.1006986e-001
 3.1001258e-001
 3.0995083e-001
 3.0987945e-001
 3.0979314e-001
 3.0968690e-001
 3.0955544e-001
 3.0939358e-001
 3.0920017e-001
 3.0898708e-001
 3.0876881e-001
 3.0855995e-001
 3.0837494e-001
 3.0822846e-001
 3.0813485e-001
 3.0810878e-001
 3.0815497e-001
 3.0824685e-001
 3.0835152e-001
 3.0842426e-001
 3.0844000e-001
 3.0836624e-001
 3.0818751e-001
 3.0791765e-001
 3.0759805e-001
 3.0728909e-001
 3.0706000e-001
 3.0697986e-001
 3.0710265e-001
 3.0744177e-001
 3.0795512e-001
 3.0856085e-001
 3.0916208e-001
 3.0966473e-001
 3.0999511e-001
 3.1011859e-001
 3.1004512e-001
 3.0981836e-001
 3.0949739e-001
 3.0914235e-001
 3.0880114e-001
 3.0849841e-001
 3.0823150e-001
 3.0797678e-001
 3.0770096e-001
 3.0737317e-001
 3.0697766e-001
 3.0652452e-001
 3.0605328e-001
 3.0562600e-001
 3.0531412e-001
 3.0518153e-001
 3.0526564e-001
 3.0556110e-001
 3.0601525e-001
 3.0653757e-001
 3.0701965e-001
 3.0735907e-001
 3.0748418e-001
 3.0656105e-001
 3.0648860e-001
 3.0637684e-001
 3.0624074e-001
 3.0609676e-001
 3.0595961e-001
 3.0583966e-001
 3.0574146e-001
 3.0566406e-001
 3.0560216e-001
 3.0554891e-001
 3.0549878e-001
 3.0544987e-001
 3.0540457e-001
 3.0536807e-001
 3.0534557e-001
 3.0533934e-001
 3.0534649e-001
 3.0535808e-001
 3.0536026e-001
 3.0533627e-001
 3.0526960e-001
 3.0514678e-001
 3.0495986e-001
 3.0470765e-001
 3.0439678e-001
 3.0404249e-001
 3.0366740e-001
 3.0329925e-001
 3.0296692e-001
 3.0269527e-001
 3.0250174e-001
 3.0239385e-001
 3.0236876e-001
 3.0241463e-001
 3.0251327e-001
 3.0264387e-001
 3.0278677e-001
 3.0292684e-001
 3.0305508e-001
 3.0316889e-001
 3.0327031e-001
 3.0336332e-001
 3.0345109e-001
 3.0353352e-001
 3.0360624e-001
 3.0366102e-001
 3.0368742e-001
 3.0367500e-001
 3.0361548e-001
 3.0350459e-001
 3.0334243e-001
 3.0313331e-001
 3.0288437e-001
 3.0260435e-001
 3.0230188e-001
 3.0198485e-001
 3.0165988e-001
 3.0133247e-001
 3.0100769e-001
 3.0069056e-001
 3.0038670e-001
 3.0010217e-001
 2.9984310e-001
 2.9961503e-001
 2.9942194e-001
 2.9926535e-001
 2.9914403e-001
 2.9905382e-001
 2.9898852e-001
 2.9894111e-001
 2.9890516e-001
 2.9887629e-001
 2.9885307e-001
 2.9883713e-001
 2.9883260e-001
 2.9884467e-001
 2.9887804e-001
 2.9893562e-001
 2.9901764e-001
 2.9912177e-001
 2.9924408e-001
 2.9938030e-001
 2.9952744e-001
 2.9968444e-001
 2.9985243e-001
 3.0003393e-001
 3.0023098e-001
 3.0044341e-001
 3.0066681e-001
 3.0089158e-001
 3.0110300e-001
 3.0128247e-001
 3.0141002e-001
 3.0146778e-001
 3.0144316e-001
 3.0133200e-001
 3.0114043e-001
 3.0088508e-001
 3.0059123e-001
 3.0028990e-001
 3.0001304e-001
 2.9978925e-001
 2.9963937e-001
 2.9957396e-001
 2.9959235e-001
 2.9968384e-001
 2.9983020e-001
 3.0000913e-001
 3.0019793e-001
 3.0037633e-001
 3.0052873e-001
 3.0064520e-001
 3.0072168e-001
 3.0075967e-001
 3.0076548e-001
 3.0074930e-001
 3.0072421e-001
 3.0070469e-001
 3.0070508e-001
 3.0073750e-001
 3.0081001e-001
 3.0092505e-001
 3.0107892e-001
 3.0126217e-001
 3.0146146e-001
 3.0166221e-001
 3.0185166e-001
 3.0202121e-001
 3.0216816e-001
 3.0229545e-001
 3.0241027e-001
 3.0252159e-001
 3.0263713e-001
 3.0276117e-001
 3.0289301e-001
 3.0302721e-001
 3.0315486e-001
 3.0326590e-001
 3.0335173e-001
 3.0340752e-001
 3.0343363e-001
 3.0343598e-001
 3.0342546e-001
 3.0341619e-001
 3.0342349e-001
 3.0346152e-001
 3.0354139e-001
 3.0366978e-001
 3.0384845e-001
 3.0407438e-001
 3.0434081e-001
 3.0463865e-001
 3.0495763e-001
 3.0528787e-001
 3.0562076e-001
 3.0594906e-001
 3.0626735e-001
 3.0657119e-001
 3.0685705e-001
 3.0712184e-001
 3.0736262e-001
 3.0757684e-001
 3.0776235e-001
 3.0791801e-001
 3.0804393e-001
 3.0814186e-001
 3.0821544e-001
 3.0827028e-001
 3.0831379e-001
 3.0835488e-001
 3.0840346e-001
 3.0846959e-001
 3.0856267e-001
 3.0869034e-001
 3.0885759e-001
 3.0906597e-001
 3.0931318e-001
 3.0959359e-001
 3.0989873e-001
 3.1021917e-001
 3.1054571e-001
 3.1087112e-001
 3.1119150e-001
 3.1150603e-001
 3.1181696e-001
 3.1212798e-001
 3.1244248e-001
 3.1276217e-001
 3.1308573e-001
 3.1340867e-001
 3.1372431e-001
 3.1402522e-001
 3.1430572e-001
 3.1456378e-001
 3.1480265e-001
 3.1503159e-001
 3.1526476e-001
 3.1551942e-001
 3.1581247e-001
 3.1615701e-001
 3.1655917e-001
 3.1701550e-001
 3.1751287e-001
 3.1802970e-001
 3.1853932e-001
 3.1901485e-001
 3.1943369e-001
 3.1978190e-001
 3.2005632e-001
 3.2026485e-001
 3.2042447e-001
 3.2055777e-001
 3.2068908e-001
 3.2084087e-001
 3.2103130e-001
 3.2127339e-001
 3.2157475e-001
 3.2193831e-001
 3.2236302e-001
 3.2284355e-001
 3.2337052e-001
 3.2392967e-001
 3.2450238e-001
 3.2506719e-001
 3.2560176e-001
 3.2608694e-001
 3.2650965e-001
 3.2686582e-001
 3.2716122e-001
 3.2740968e-001
 3.2763007e-001
 3.2784143e-001
 3.2805854e-001
 3.2828882e-001
 3.2853115e-001
 3.2877743e-001
 3.2901612e-001
 3.2923654e-001
 3.2943359e-001
 3.2961035e-001
 3.2977900e-001
 3.2995924e-001
 3.3017448e-001
 3.3044702e-001
 3.3079290e-001
 3.3121791e-001
 3.3171585e-001
 3.3226877e-001
 3.3285064e-001
 3.3343202e-001
 3.3398625e-001
 3.3449513e-001
 3.3495182e-001
 3.3536205e-001
 3.3574119e-001
 3.3610952e-001
 3.3648601e-001
 3.3688250e-001
 3.3730027e-001
 3.3772907e-001
 3.3814964e-001
 3.3853889e-001
 3.3887565e-001
 3.3914629e-001
 3.3934864e-001
 3.3949292e-001
 3.3960021e-001
 3.3969843e-001
 3.3981749e-001
 3.3998409e-001
 3.4021765e-001
 3.4052786e-001
 3.4091431e-001
 3.4136766e-001
 3.4187278e-001
 3.4241179e-001
 3.4296769e-001
 3.4352681e-001
 3.4408024e-001
 3.4462416e-001
 3.4515822e-001
 3.4568399e-001
 3.4620246e-001
 3.4671205e-001
 3.4720793e-001
 3.4768149e-001
 3.4812176e-001
 3.4851682e-001
 3.4885630e-001
 3.4913349e-001
 3.4934685e-001
 3.4950081e-001
 3.4960574e-001
 3.4967676e-001
 3.4973195e-001
 3.4979028e-001
 3.4986946e-001
 3.4998438e-001
 3.5014614e-001
 3.5036194e-001
 3.5063532e-001
 3.5096690e-001
 3.5135531e-001
 3.5179698e-001
 3.5228667e-001
 3.5281643e-001
 3.5337558e-001
 3.5395056e-001
 3.5452515e-001
 3.5508248e-001
 3.5560644e-001
 3.5608414e-001
 3.5650811e-001
 3.5687697e-001
 3.5719579e-001
 3.5747480e-001
 3.5772729e-001
 3.5796744e-001
 3.5820800e-001
 3.5845885e-001
 3.5872671e-001
 3.5901517e-001
 3.5932600e-001
 3.5966021e-001
 3.6001903e-001
 3.6040470e-001
 3.6081994e-001
 3.6126748e-001
 3.6174884e-001
 3.6226290e-001
 3.6280549e-001
 3.6336827e-001
 3.6393982e-001
 3.6450621e-001
 3.6505285e-001
 3.6556670e-001
 3.6603773e-001
 3.6646053e-001
 3.6683494e-001
 3.6716539e-001
 3.6746010e-001
 3.6772934e-001
 3.6798373e-001
 3.6823305e-001
 3.6848533e-001
 3.6874679e-001
 3.6902207e-001
 3.6931491e-001
 3.6962864e-001
 3.6996606e-001
 3.7032959e-001
 3.7072030e-001
 3.7113753e-001
 3.7157860e-001
 3.7203839e-001
 3.7251037e-001
 3.7298709e-001
 3.7346134e-001
 3.7392741e-001
 3.7438154e-001
 3.7482229e-001
 3.7525007e-001
 3.7566647e-001
 3.7607333e-001
 3.7647155e-001
 3.7686038e-001
 3.7723723e-001
 3.7759769e-001
 3.7793663e-001
 3.7824896e-001
 3.7853122e-001
 3.7878278e-001
 3.7900615e-001
 3.7920740e-001
 3.7939516e-001
 3.7957931e-001
 3.7976938e-001
 3.7997276e-001
 3.8019353e-001
 3.8043168e-001
 3.8068330e-001
 3.8094169e-001
 3.8119838e-001
 3.8144508e-001
 3.8167483e-001
 3.8188308e-001
 3.8206786e-001
 3.8222918e-001
 3.8236782e-001
 3.8248381e-001
 3.8257486e-001
 3.8263530e-001
 3.8265574e-001
 3.8262406e-001
 3.8252702e-001
 3.8235280e-001
 3.8209370e-001
 3.8174862e-001
 3.8132444e-001
 3.8083604e-001
 3.8030589e-001
 3.7976146e-001
 3.7923318e-001
 3.7875158e-001
 3.7834483e-001
 3.7803742e-001
 3.7784860e-001
 3.7779209e-001
 3.7787542e-001
 3.7809998e-001
 3.7846088e-001
 3.7894738e-001
 3.7954316e-001
 3.8022766e-001
 3.8097805e-001
 3.8177082e-001
 3.8258404e-001
 3.8339972e-001
 3.8420430e-001
 3.8498965e-001
 3.8575211e-001
 3.8649169e-001
 3.8721102e-001
 3.8791361e-001
 3.8860384e-001
 3.8928619e-001
 3.8996592e-001
 3.9064959e-001
 3.9134482e-001
 3.9206067e-001
 3.9280626e-001
 3.9358941e-001
 3.9441505e-001
 3.9528269e-001
 3.9618573e-001
 3.9711055e-001
 3.9803746e-001
 3.9894354e-001
 3.9980534e-001
 4.0060332e-001
 4.0132615e-001
 4.0197262e-001
 4.0255332e-001
 4.0308839e-001
 4.0360406e-001
 4.0412742e-001
 4.0468013e-001
 4.0527439e-001
 4.0590972e-001
 4.0657365e-001
 4.0724516e-001
 4.0789950e-001
 4.0851483e-001
 4.0907744e-001
 4.0958545e-001
 4.1005006e-001
 4.1049334e-001
 4.1094425e-001
 4.1143280e-001
 4.1198415e-001
 4.1261357e-001
 4.1332266e-001
 4.1409814e-001
 4.1491351e-001
 4.1573161e-001
 4.1651058e-001
 4.1720897e-001
 4.1779193e-001
 4.1823623e-001
 4.1853312e-001
 4.1868985e-001
 4.1872829e-001
 4.1868198e-001
 4.1859144e-001
 4.1849869e-001
 4.1844186e-001
 4.1845071e-001
 4.1854382e-001
 4.1872761e-001
 4.1899762e-001
 4.1934150e-001
 4.1974279e-001
 4.2018503e-001
 4.2065525e-001
 4.2114577e-001
 4.2165482e-001
 4.2218512e-001
 4.2274147e-001
 4.2332804e-001
 4.2394534e-001
 4.2458826e-001
 4.2524582e-001
 4.2590129e-001
 4.2653504e-001
 4.2712712e-001
 4.2766085e-001
 4.2812645e-001
 4.2852274e-001
 4.2885849e-001
 4.2915145e-001
 4.2942604e-001
 4.2971027e-001
 4.3003148e-001
 4.3041292e-001
 4.3087050e-001
 4.3141094e-001
 4.3203145e-001
 4.3271986e-001
 4.3345687e-001
 4.3421802e-001
 4.3497655e-001
 4.3570656e-001
 4.3638462e-001
 4.3699223e-001
 4.3751732e-001
 4.3795490e-001
 4.3830782e-001
 4.3858615e-001
 4.3880633e-001
 4.3898872e-001
 4.3915480e-001
 4.3932539e-001
 4.3951848e-001
 4.3974850e-001
 4.4002524e-001
 4.4035244e-001
 4.4072741e-001
 4.4114068e-001
 4.4157743e-001
 4.4202009e-001
 4.4245136e-001
 4.4285855e-001
 4.4323635e-001
 4.4358909e-001
 4.4393018e-001
 4.4427806e-001
 4.4465190e-001
 4.4506639e-001
 4.4552824e-001
 4.4603476e-001
 4.4657409e-001
 4.4712740e-001
 4.4767326e-001
 4.4819215e-001
 4.4867176e-001
 4.4910979e-001
 4.4951522e-001
 4.4990644e-001
 4.5030659e-001
 4.5073807e-001
 4.5121634e-001
 4.5174542e-001
 4.5231655e-001
 4.5290968e-001
 4.5349815e-001
 4.5405340e-001
 4.5455027e-001
 4.5497102e-001
 4.5530707e-001
 4.5556155e-001
 4.5574889e-001
 4.5589304e-001
 4.5602408e-001
 4.5617333e-001
 4.5636860e-001
 4.5663056e-001
 4.5697021e-001
 4.5738891e-001
 4.5787925e-001
 4.5842731e-001
 4.5901564e-001
 4.5962578e-001
 4.6024078e-001
 4.6084613e-001
 4.6143067e-001
 4.6198693e-001
 4.6251085e-001
 4.6300164e-001
 4.6346110e-001
 4.6389329e-001
 4.6430379e-001
 4.6469861e-001
 4.6508372e-001
 4.6546385e-001
 4.6584219e-001
 4.6622008e-001
 4.6659663e-001
 4.6696907e-001
 4.6733305e-001
 4.6768281e-001
 4.6801201e-001
 4.6831399e-001
 4.6858263e-001
 4.6881306e-001
 4.6900213e-001
 4.6914947e-001
 4.6925771e-001
 4.6933287e-001
 4.6938419e-001
 4.6942371e-001
 4.6946517e-001
 4.6952280e-001
 4.6960995e-001
 4.6973771e-001
 4.6991372e-001
 4.7014189e-001
 4.7042209e-001
 4.7075087e-001
 4.7112265e-001
 4.7153062e-001
 4.7196847e-001
 4.7243118e-001
 4.7291574e-001
 4.7342137e-001
 4.7394893e-001
 4.7450003e-001
 4.7507632e-001
 4.7567767e-001
 4.7630182e-001
 4.7694331e-001
 4.7759354e-001
 4.7824121e-001
 4.7887263e-001
 4.7947332e-001
 4.8002866e-001
 4.8052526e-001
 4.8095214e-001
 4.8130137e-001
 4.8156899e-001
 4.8175544e-001
 4.8186585e-001
 4.8191035e-001
 4.8190367e-001
 4.8186463e-001
 4.8181522e-001
 4.8177919e-001
 4.8178038e-001
 4.8184088e-001
 4.8197916e-001
 4.8220858e-001
 4.8253617e-001
 4.8296222e-001
 4.8348024e-001
 4.8407724e-001
 4.8473519e-001
 4.8543143e-001
 4.8614103e-001
 4.8683760e-001
 4.8749548e-001
 4.8809204e-001
 4.8860925e-001
 4.8903656e-001
 4.8937196e-001
 4.8962316e-001
 4.8980746e-001
 4.8994926e-001
 4.9007708e-001
 4.9021980e-001
 4.9040285e-001
 4.9064502e-001
 4.9095625e-001
 4.9133688e-001
 4.9177724e-001
 4.9225873e-001
 4.9275663e-001
 4.9324372e-001
 4.9369517e-001
 4.9409330e-001
 4.9443111e-001
 4.9471468e-001
 4.9496233e-001
 4.9520186e-001
 4.9546546e-001
 4.9578336e-001
 4.9617755e-001
 4.9665633e-001
 4.9721181e-001
 4.9782133e-001
 4.9845061e-001
 4.9905980e-001
 4.9960902e-001
 5.0006473e-001
 5.0040418e-001
 5.0061774e-001
 5.0071031e-001
 5.0070041e-001
 5.0061798e-001
 5.0050038e-001
 5.0038773e-001
 5.0031829e-001
 5.0032407e-001
 5.0042778e-001
 5.0064123e-001
 5.0096524e-001
 5.0139117e-001
 5.0190336e-001
 5.0248188e-001
 5.0310564e-001
 5.0375468e-001
 5.0441194e-001
 5.0506467e-001
 5.0570387e-001
 5.0632471e-001
 5.0692487e-001
 5.0750345e-001
 5.0806022e-001
 5.0859380e-001
 5.0910163e-001
 5.0957942e-001
 5.1002121e-001
 5.1042086e-001
 5.1077217e-001
 5.1107079e-001
 5.1131541e-001
 5.1150864e-001
 5.1165795e-001
 5.1177520e-001
 5.1187629e-001
 5.1197970e-001
 5.1210427e-001
 5.1226699e-001
 5.1248085e-001
 5.1275265e-001
 5.1308179e-001
 5.1345998e-001
 5.1387197e-001
 5.1429689e-001
 5.1471072e-001
 5.1508939e-001
 5.1541072e-001
 5.1565772e-001
 5.1581961e-001
 5.1589292e-001
 5.1588160e-001
 5.1579607e-001
 5.1565170e-001
 5.1546752e-001
 5.1526439e-001
 5.1506352e-001
 5.1488531e-001
 5.1474857e-001
 5.1466972e-001
 5.1466262e-001
 5.1473814e-001
 5.1490360e-001
 5.1516283e-001
 5.1551551e-001
 5.1595730e-001
 5.1648015e-001
 5.1707232e-001
 5.1771939e-001
 5.1840550e-001
 5.1911402e-001
 5.1982909e-001
 5.2053636e-001
 5.2122355e-001
 5.2188134e-001
 5.2250254e-001
 5.2308267e-001
 5.2361864e-001
 5.2410859e-001
 5.2455109e-001
 5.2494478e-001
 5.2528787e-001
 5.2557838e-001
 5.2581412e-001
 5.2599376e-001
 5.2611715e-001
 5.2618653e-001
 5.2620757e-001
 5.2618998e-001
 5.2614796e-001
 5.2610004e-001
 5.2606857e-001
 5.2607787e-001
 5.2615255e-001
 5.2631474e-001
 5.2658129e-001
 5.2696174e-001
 5.2745634e-001
 5.2805561e-001
 5.2874207e-001
 5.2949226e-001
 5.3027874e-001
 5.3107327e-001
 5.3184795e-001
 5.3257787e-001
 5.3324091e-001
 5.3381854e-001
 5.3429681e-001
 5.3466618e-001
 5.3492218e-001
 5.3506523e-001
 5.3510028e-001
 5.3503644e-001
 5.3488719e-001
 5.3467029e-001
 5.3440732e-001
 5.3412342e-001
 5.3378904e-001
 5.3351396e-001
 5.3330731e-001
 5.3319681e-001
 5.3320378e-001
 5.3333849e-001
 5.3359759e-001
 5.3396571e-001
 5.3441888e-001
 5.3492850e-001
 5.3546464e-001
 5.3599781e-001
 5.3650069e-001
 5.3695083e-001
 5.3733242e-001
 5.3763837e-001
 5.3787094e-001
 5.3804034e-001
 5.3816313e-001
 5.3825963e-001
 5.3835195e-001
 5.3846252e-001
 5.3861225e-001
 5.3881907e-001
 5.3909534e-001
 5.3944552e-001
 5.3986561e-001
 5.4034358e-001
 5.4086196e-001
 5.4139966e-001
 5.4193407e-001
 5.4244298e-001
 5.4290503e-001
 5.4330218e-001
 5.4362142e-001
 5.4385662e-001
 5.4400939e-001
 5.4408813e-001
 5.4410636e-001
 5.4408067e-001
 5.4402888e-001
 5.4396909e-001
 5.4391849e-001
 5.4389173e-001
 5.4389983e-001
 5.4394841e-001
 5.4403716e-001
 5.4416054e-001
 5.4430902e-001
 5.4447085e-001
 5.4463315e-001
 5.4478300e-001
 5.4490811e-001
 5.4499799e-001
 5.4504508e-001
 5.4504591e-001
 5.4500133e-001
 5.4491621e-001
 5.4479855e-001
 5.4465789e-001
 5.4450452e-001
 5.4434884e-001
 5.4420030e-001
 5.4406637e-001
 5.4395139e-001
 5.4385507e-001
 5.4377246e-001
 5.4369390e-001
 5.4360658e-001
 5.4349583e-001
 5.4334593e-001
 5.4314113e-001
 5.4286599e-001
 5.4250646e-001
 5.4205024e-001
 5.4148793e-001
 5.4081303e-001
 5.4002160e-001
 5.3911209e-001
 5.3808367e-001
 5.3693640e-001
 5.3567106e-001
 5.3428823e-001
 5.3279012e-001
 5.3117985e-001
 5.2946287e-001
 5.2764702e-001
 5.2574152e-001
 5.2375752e-001
 5.2170736e-001
 5.1960301e-001
 5.1745760e-001
 5.1528388e-001
 5.1309586e-001
 5.1090872e-001
 5.0873822e-001
 5.0660288e-001
 5.0452167e-001
 5.0251532e-001
 5.0060523e-001
 4.9881235e-001
 4.9715823e-001
 4.9566296e-001
 4.9434561e-001
 4.9322259e-001
 4.9230632e-001
 4.9160579e-001
 4.9112606e-001
 4.9086982e-001
 4.9083799e-001
 4.9103063e-001
 4.9144685e-001
 4.9208465e-001
 4.9293923e-001
 4.9400148e-001
 4.9525684e-001
 4.9668413e-001
 4.9825621e-001
 4.9994227e-001
 5.0170827e-001
 5.0351983e-001
 5.0534189e-001
 5.0714016e-001
 5.0888306e-001
 5.1054156e-001
 5.1209217e-001
 5.1351601e-001
 5.1479882e-001
 5.1593024e-001
 5.1690161e-001
 5.1770592e-001
 5.1833695e-001
 5.1879060e-001
 5.1906657e-001
 5.1917070e-001
 5.1911730e-001
 5.1893002e-001
 5.1864082e-001
 5.1828790e-001
 5.1791310e-001
 5.1755983e-001
 5.1727098e-001
 5.1708740e-001
 5.1704443e-001
 5.1716864e-001
 5.1747477e-001
 5.1796436e-001
 5.1862681e-001
 5.1944304e-001
 5.2038836e-001
 5.2143556e-001
 5.2255702e-001
 5.2372473e-001
 5.2491236e-001
 5.2609485e-001
 5.2724969e-001
 5.2835768e-001
 5.2940142e-001
 5.3036600e-001
 5.3123724e-001
 5.3200191e-001
 5.3264797e-001
 5.3316522e-001
 5.3354740e-001
 5.3379530e-001
 5.3391850e-001
 5.3393674e-001
 5.3387874e-001
 5.3377992e-001
 5.3367966e-001
 5.3361875e-001
 5.3363752e-001
 5.3377318e-001
 5.3405589e-001
 5.3450465e-001
 5.3512263e-001
 5.3589594e-001
 5.3679502e-001
 5.3777874e-001
 5.3879952e-001
 5.3980649e-001
 5.4074925e-001
 5.4158050e-001
 5.4226029e-001
 5.4276174e-001
 5.4307473e-001
 5.4320818e-001
 5.4318827e-001
 5.4305369e-001
 5.4285055e-001
 5.4262853e-001
 5.4243720e-001
 5.4232329e-001
 5.4232687e-001
 5.4247653e-001
 5.4278535e-001
 5.4324913e-001
 5.4384851e-001
 5.4455227e-001
 5.4532284e-001
 5.4611921e-001
 5.4690057e-001
 5.4762793e-001
 5.4826832e-001
 5.4879797e-001
 5.4920578e-001
 5.4949492e-001
 5.4968131e-001
 5.4979026e-001
 5.4985255e-001
 5.4990166e-001
 5.4997140e-001
 5.5009389e-001
 5.5029750e-001
 5.5060410e-001
 5.5102652e-001
 5.5156785e-001
 5.5222237e-001
 5.5297798e-001
 5.5381805e-001
 5.5472451e-001
 5.5567878e-001
 5.5666137e-001
 5.5765373e-001
 5.5863786e-001
 5.5959570e-001
 5.6051058e-001
 5.6136650e-001
 5.6214738e-001
 5.6283826e-001
 5.6342411e-001
 5.6389129e-001
 5.6422806e-001
 5.6442750e-001
 5.6449062e-001
 5.6442875e-001
 5.6426489e-001
 5.6403255e-001
 5.6377304e-001
 5.6353211e-001
 5.6335723e-001
 5.6329507e-001
 5.6338835e-001
 5.6367105e-001
 5.6416297e-001
 5.6486362e-001
 5.6575131e-001
 5.6678462e-001
 5.6790704e-001
 5.6905419e-001
 5.7015800e-001
 5.7115006e-001
 5.7196712e-001
 5.7255572e-001
 5.7287937e-001
 5.7292455e-001
 5.7270318e-001
 5.7225025e-001
 5.7161784e-001
 5.7086784e-001
 5.7006657e-001
 5.6928134e-001
 5.6857562e-001
 5.6800491e-001
 5.6761152e-001
 5.6741953e-001
 5.6743258e-001
 5.6763631e-001
 5.6800258e-001
 5.6849557e-001
 5.6907558e-001
 5.6970197e-001
 5.7033569e-001
 5.7094175e-001
 5.7149178e-001
 5.7196629e-001
 5.7235628e-001
 5.7266176e-001
 5.7288933e-001
 5.7304972e-001
 5.7315570e-001
 5.7322037e-001
 5.7325661e-001
 5.7327610e-001
 5.7328838e-001
 5.7330030e-001
 5.7331538e-001
 5.7333440e-001
 5.7335609e-001
 5.7337791e-001
 5.7339674e-001
 5.7340932e-001
 5.7341290e-001
 5.7340544e-001
 5.7338643e-001
 5.7335728e-001
 5.7332158e-001
 5.7328492e-001
 5.7325429e-001
 5.7323754e-001
 5.7324278e-001
 5.7327807e-001
 5.7335031e-001
 5.7346481e-001
 5.7362342e-001
 5.7382363e-001
 5.7405847e-001
 5.7431608e-001
 5.7458192e-001
 5.7483923e-001
 5.7507068e-001
 5.7525891e-001
 5.7538795e-001
 5.7544470e-001
 5.7542056e-001
 5.7531321e-001
 5.7512748e-001
 5.7487452e-001
 5.7457000e-001
 5.7423240e-001
 5.7388145e-001
 5.7353729e-001
 5.7321888e-001
 5.7294345e-001
 5.7272500e-001
 5.7257295e-001
 5.7249194e-001
 5.7248199e-001
 5.7253999e-001
 5.7266074e-001
 5.7283807e-001
 5.7306522e-001
 5.7333517e-001
 5.7364017e-001
 5.7397127e-001
 5.7431823e-001
 5.7466948e-001
 5.7501155e-001
 5.7533032e-001
 5.7561105e-001
 5.7583869e-001
 5.7599860e-001
 5.7607722e-001
 5.7606310e-001
 5.7594872e-001
 5.7573140e-001
 5.7541406e-001
 5.7500494e-001
 5.7451570e-001
 5.7396013e-001
 5.7335347e-001
 5.7271039e-001
 5.7204485e-001
 5.7136869e-001
 5.7068998e-001
 5.7001144e-001
 5.6933033e-001
 5.6863928e-001
 5.6792653e-001
 5.6717825e-001
 5.6638008e-001
 5.6551731e-001
 5.6457591e-001
 5.6354505e-001
 5.6241679e-001
 5.6118876e-001
 5.5986387e-001
 5.5845124e-001
 5.5696273e-001
 5.5541259e-001
 5.5381697e-001
 5.5219132e-001
 5.5055028e-001
 5.4890817e-001
 5.4727566e-001
 5.4565990e-001
 5.4406542e-001
 5.4249197e-001
 5.4093724e-001
 5.3939706e-001
 5.3786755e-001
 5.3634351e-001
 5.3482014e-001
 5.3329414e-001
 5.3176236e-001
 5.3022295e-001
 5.2867681e-001
 5.2712518e-001
 5.2557075e-001
 5.2401644e-001
 5.2246666e-001
 5.2092469e-001
 5.1939398e-001
 5.1787901e-001
 5.1638317e-001
 5.1490980e-001
 5.1346326e-001
 5.1204669e-001
 5.1066375e-001
 5.0931758e-001
 5.0801247e-001
 5.0675172e-001
 5.0553894e-001
 5.0437903e-001
 5.0327694e-001
 5.0223863e-001
 5.0127202e-001
 5.0038546e-001
 4.9958810e-001
 4.9888998e-001
 4.9830082e-001
 4.9783009e-001
 4.9748608e-001
 4.9727499e-001
 4.9719882e-001
 4.9725443e-001
 4.9743283e-001
 4.9771971e-001
 4.9809697e-001
 4.9854401e-001
 4.9903935e-001
 4.9956170e-001
 5.0009084e-001
 5.0060898e-001
 5.0110286e-001
 5.0156546e-001
 5.0199574e-001
 5.0239921e-001
 5.0278562e-001
 5.0316703e-001
 5.0355703e-001
 5.0396907e-001
 5.0441533e-001
 5.0490558e-001
 5.0544524e-001
 5.0603384e-001
 5.0666404e-001
 5.0732285e-001
 5.0799304e-001
 5.0865436e-001
 5.0928599e-001
 5.0986713e-001
 5.1037836e-001
 5.1080430e-001
 5.1113534e-001
 5.1137030e-001
 5.1151687e-001
 5.1159114e-001
 5.1161528e-001
 5.1161504e-001
 5.1161778e-001
 5.1165116e-001
 5.1174182e-001
 5.1191419e-001
 5.1218873e-001
 5.1258028e-001
 5.1309794e-001
 5.1374537e-001
 5.1452243e-001
 5.1542610e-001
 5.1645237e-001
 5.1759690e-001
 5.1885355e-001
 5.2021545e-001
 5.2167380e-001
 5.2321535e-001
 5.2482462e-001
 5.2648252e-001
 5.2816826e-001
 5.2985835e-001
 5.3152978e-001
 5.3315943e-001
 5.3472310e-001
 5.3619790e-001
 5.3756142e-001
 5.3879112e-001
 5.3986597e-001
 5.4076576e-001
 5.4146993e-001
 5.4195917e-001
 5.4221433e-001
 5.4221749e-001
 5.4195338e-001
 5.4141235e-001
 5.4059362e-001
 5.3950948e-001
 5.3818536e-001
 5.3665900e-001
 5.3497839e-001
 5.3319573e-001
 5.3136611e-001
 5.2954394e-001
 5.2778274e-001
 5.2612907e-001
 5.2462035e-001
 5.2328229e-001
 5.2212554e-001
 5.2114832e-001
 5.2034009e-001
 5.1968396e-001
 5.1916045e-001
 5.1874930e-001
 5.1842940e-001
 5.1817936e-001
 5.1797754e-001
 5.1780188e-001
 5.1762962e-001
 5.1743752e-001
 5.1720220e-001
 5.1689994e-001
 5.1650727e-001
 5.1600170e-001
 5.1536298e-001
 5.1457554e-001
 5.1363128e-001
 5.1253343e-001
 5.1129633e-001
 5.0994462e-001
 5.0851184e-001
 5.0703508e-001
 5.0555331e-001
 5.0410670e-001
 5.0273180e-001
 5.0146073e-001
 5.0031662e-001
 4.9931186e-001
 4.9844524e-001
 4.9770397e-001
 4.9706724e-001
 4.9650866e-001
 4.9599957e-001
 4.9551138e-001
 4.9501666e-001
 4.9449170e-001
 4.9391940e-001
 4.9329081e-001
 4.9260658e-001
 4.9187565e-001
 4.9111375e-001
 4.9033982e-001
 4.8957446e-001
 4.8883918e-001
 4.8815399e-001
 4.8753691e-001
 4.8700273e-001
 4.8656097e-001
 4.8621586e-001
 4.8596674e-001
 4.8580945e-001
 4.8573738e-001
 4.8574290e-001
 4.8581779e-001
 4.8595351e-001
 4.8614097e-001
 4.8637024e-001
 4.8663035e-001
 4.8690927e-001
 4.8719373e-001
 4.8747012e-001
 4.8772451e-001
 4.8794311e-001
 4.8811248e-001
 4.8822075e-001
 4.8825833e-001
 4.8821944e-001
 4.8810336e-001
 4.8791477e-001
 4.8766381e-001
 4.8736444e-001
 4.8703319e-001
 4.8668766e-001
 4.8634598e-001
 4.8602566e-001
 4.8574391e-001
 4.8551753e-001
 4.8536560e-001
 4.8531845e-001
 4.8533678e-001
 4.8542431e-001
 4.8557225e-001
 4.8577192e-001
 4.8601463e-001
 4.8629159e-001
 4.8659405e-001
 4.8691332e-001
 4.8724070e-001
 4.8756781e-001
 4.8788878e-001
 4.8819935e-001
 4.8849532e-001
 4.8877248e-001
 4.8902637e-001
 4.8925287e-001
 4.8944765e-001
 4.8960659e-001
 4.8972526e-001
 4.8979947e-001
 4.8982495e-001
 4.8979741e-001
 4.8971269e-001
 4.8956692e-001
 4.8936135e-001
 4.8909968e-001
 4.8878556e-001
 4.8842302e-001
 4.8801565e-001
 4.8756725e-001
 4.8708147e-001
 4.8656237e-001
 4.8601356e-001
 4.8543876e-001
 4.8484173e-001
 4.8422638e-001
 4.8359641e-001
 4.8295560e-001
 4.8230770e-001
 4.8165631e-001
 4.8100555e-001
 4.8035881e-001
 4.7971770e-001
 4.7908264e-001
 4.7845465e-001
 4.7783408e-001
 4.7722158e-001
 4.7661760e-001
 4.7602308e-001
 4.7543842e-001
 4.7486424e-001
 4.7430116e-001
 4.7374964e-001
 4.7321057e-001
 4.7268441e-001
 4.7217175e-001
 4.7167316e-001
 4.7118929e-001
 4.7072092e-001
 4.7026837e-001
 4.6983230e-001
 4.6941349e-001
 4.6901244e-001
 4.6862969e-001
 4.6826503e-001
 4.6791813e-001
 4.6758854e-001
 4.6727574e-001
 4.6697935e-001
 4.6669874e-001
 4.6643367e-001
 4.6618357e-001
 4.6594805e-001
 4.6572652e-001
 4.6551880e-001
 4.6532416e-001
 4.6514228e-001
 4.6497265e-001
 4.6481490e-001
 4.6466851e-001
 4.6453303e-001
 4.6440804e-001
 4.6429300e-001
 4.6418753e-001
 4.6409118e-001
 4.6400350e-001
 4.6392402e-001
 4.6385226e-001
 4.6378779e-001
 4.6373022e-001
 4.6367925e-001
 4.6363479e-001
 4.6359676e-001
 4.6356499e-001
 4.6353936e-001
 4.6351972e-001
 4.6350598e-001
 4.6349803e-001
 4.6349567e-001
 4.6349895e-001
 4.6350750e-001
 4.6352139e-001
 4.6354038e-001
 4.6356449e-001
 4.6359342e-001
 4.6362719e-001
 4.6366554e-001
 4.6370843e-001
 4.6375582e-001
 4.6380743e-001
 4.6386316e-001
 4.6392295e-001
 4.6398669e-001
 4.6405417e-001
 4.6412534e-001
 4.6420002e-001
 4.6427813e-001
 4.6435955e-001
 4.6444407e-001
 4.6453166e-001
 4.6462187e-001
 4.6471408e-001
 4.6480778e-001
