s07_ASD Record=976: Amphibole NMNH78662           BECKb AREF
 2.4212973e-001
 2.4462569e-001
 2.4716559e-001
 2.4965584e-001
 2.5202715e-001
 2.5425836e-001
 2.5637451e-001
 2.5842351e-001
 2.6045161e-001
 2.6248589e-001
 2.6453072e-001
 2.6657215e-001
 2.6858556e-001
 2.7054051e-001
 2.7240592e-001
 2.7415603e-001
 2.7577278e-001
 2.7724421e-001
 2.7856332e-001
 2.7972925e-001
 2.8075013e-001
 2.8164485e-001
 2.8244135e-001
 2.8317043e-001
 2.8386003e-001
 2.8453058e-001
 2.8519255e-001
 2.8584737e-001
 2.8649235e-001
 2.8712699e-001
 2.8775537e-001
 2.8838584e-001
 2.8902897e-001
 2.8969720e-001
 2.9040340e-001
 2.9115593e-001
 2.9195637e-001
 2.9279944e-001
 2.9367325e-001
 2.9456064e-001
 2.9544181e-001
 2.9629725e-001
 2.9711053e-001
 2.9787108e-001
 2.9857531e-001
 2.9922634e-001
 2.9983199e-001
 3.0040202e-001
 3.0094576e-001
 3.0147141e-001
 3.0198643e-001
 3.0249813e-001
 3.0301434e-001
 3.0354294e-001
 3.0409259e-001
 3.0467379e-001
 3.0530015e-001
 3.0598578e-001
 3.0674499e-001
 3.0760592e-001
 3.0859366e-001
 3.0968490e-001
 3.1086475e-001
 3.1213191e-001
 3.1348360e-001
 3.1490317e-001
 3.1637701e-001
 3.1789690e-001
 3.1945768e-001
 3.2105473e-001
 3.2268649e-001
 3.2435483e-001
 3.2606128e-001
 3.2780170e-001
 3.2956478e-001
 3.3133835e-001
 3.3311859e-001
 3.3491582e-001
 3.3674955e-001
 3.3863550e-001
 3.4057286e-001
 3.4253767e-001
 3.4448600e-001
 3.4636116e-001
 3.4810129e-001
 3.4964296e-001
 3.5092363e-001
 3.5188675e-001
 3.5249332e-001
 3.5273889e-001
 3.5267028e-001
 3.5239106e-001
 3.5204706e-001
 3.5179320e-001
 3.5175502e-001
 3.5200146e-001
 3.5253662e-001
 3.5331491e-001
 3.5427254e-001
 3.5535768e-001
 3.5654235e-001
 3.5781565e-001
 3.5916778e-001
 3.6057636e-001
 3.6199978e-001
 3.6338395e-001
 3.6467931e-001
 3.6585742e-001
 3.6691985e-001
 3.6789727e-001
 3.6883941e-001
 3.6979878e-001
 3.7081447e-001
 3.7190047e-001
 3.7304518e-001
 3.7422317e-001
 3.7541428e-001
 3.7661844e-001
 3.7785438e-001
 3.7914395e-001
 3.8049531e-001
 3.8190040e-001
 3.8334614e-001
 3.8482448e-001
 3.8632965e-001
 3.8784617e-001
 3.8934517e-001
 3.9079496e-001
 3.9217600e-001
 3.9348611e-001
 3.9473569e-001
 3.9594367e-001
 3.9713553e-001
 3.9833429e-001
 3.9953938e-001
 4.0071225e-001
 4.0178841e-001
 4.0271202e-001
 4.0346324e-001
 4.0405893e-001
 4.0453520e-001
 4.0493107e-001
 4.0528432e-001
 4.0563798e-001
 4.0604827e-001
 4.0657932e-001
 4.0727890e-001
 4.0814972e-001
 4.0914440e-001
 4.1019556e-001
 4.1125774e-001
 4.1232297e-001
 4.1339695e-001
 4.1446254e-001
 4.1546994e-001
 4.1636422e-001
 4.1712156e-001
 4.1776255e-001
 4.1833368e-001
 4.1887549e-001
 4.1940230e-001
 4.1990644e-001
 4.2037672e-001
 4.2080718e-001
 4.2118716e-001
 4.2149267e-001
 4.2170414e-001
 4.2184064e-001
 4.2196959e-001
 4.2216763e-001
 4.2245755e-001
 4.2277503e-001
 4.2299709e-001
 4.2301500e-001
 4.2279938e-001
 4.2241716e-001
 4.2199489e-001
 4.2165470e-001
 4.2145997e-001
 4.2140263e-001
 4.2143703e-001
 4.2153129e-001
 4.2169046e-001
 4.2192984e-001
 4.2222661e-001
 4.2250898e-001
 4.2270476e-001
 4.2280054e-001
 4.2284161e-001
 4.2287254e-001
 4.2289037e-001
 4.2286432e-001
 4.2279530e-001
 4.2273781e-001
 4.2274830e-001
 4.2281628e-001
 4.2286363e-001
 4.2282107e-001
 4.2270124e-001
 4.2258969e-001
 4.2255959e-001
 4.2259395e-001
 4.2259601e-001
 4.2248142e-001
 4.2226160e-001
 4.2203078e-001
 4.2186368e-001
 4.2173418e-001
 4.2155042e-001
 4.2126712e-001
 4.2094365e-001
 4.2068422e-001
 4.2053130e-001
 4.2042875e-001
 4.2028987e-001
 4.2008239e-001
 4.1982904e-001
 4.1954625e-001
 4.1922030e-001
 4.1884398e-001
 4.1844472e-001
 4.1806561e-001
 4.1773254e-001
 4.1744834e-001
 4.1721040e-001
 4.1701770e-001
 4.1685277e-001
 4.1666886e-001
 4.1641492e-001
 4.1606992e-001
 4.1564149e-001
 4.1514757e-001
 4.1462576e-001
 4.1414243e-001
 4.1374794e-001
 4.1342261e-001
 4.1309944e-001
 4.1273677e-001
 4.1233900e-001
 4.1191533e-001
 4.1145721e-001
 4.1096148e-001
 4.1044724e-001
 4.0992841e-001
 4.0937570e-001
 4.0873632e-001
 4.0801898e-001
 4.0733203e-001
 4.0678605e-001
 4.0637240e-001
 4.0600616e-001
 4.0565309e-001
 4.0533260e-001
 4.0502691e-001
 4.0466845e-001
 4.0423733e-001
 4.0380195e-001
 4.0341911e-001
 4.0305427e-001
 4.0264174e-001
 4.0216672e-001
 4.0166906e-001
 4.0122098e-001
 4.0089121e-001
 4.0066576e-001
 4.0040269e-001
 3.9993072e-001
 3.9923963e-001
 3.9854008e-001
 3.9805627e-001
 3.9776659e-001
 3.9745167e-001
 3.9698097e-001
 3.9642918e-001
 3.9595014e-001
 3.9563575e-001
 3.9544120e-001
 3.9521626e-001
 3.9486665e-001
 3.9444110e-001
 3.9401978e-001
 3.9360881e-001
 3.9316955e-001
 3.9268893e-001
 3.9218432e-001
 3.9167771e-001
 3.9120340e-001
 3.9082050e-001
 3.9055642e-001
 3.9032871e-001
 3.9000556e-001
 3.8957509e-001
 3.8916218e-001
 3.8884655e-001
 3.8857627e-001
 3.8829461e-001
 3.8802674e-001
 3.8779125e-001
 3.8753480e-001
 3.8720977e-001
 3.8684326e-001
 3.8649383e-001
 3.8619500e-001
 3.8596082e-001
 3.8579342e-001
 3.8565731e-001
 3.8548449e-001
 3.8523185e-001
 3.8491580e-001
 3.8458598e-001
 3.8429233e-001
 3.8406277e-001
 3.8384959e-001
 3.8350686e-001
 3.8294598e-001
 3.8234794e-001
 3.8201398e-001
 3.8195363e-001
 3.8181293e-001
 3.8129133e-001
 3.8055748e-001
 3.8002831e-001
 3.7985048e-001
 3.7981629e-001
 3.7967980e-001
 3.7939814e-001
 3.7911484e-001
 3.7899348e-001
 3.7908414e-001
 3.7931725e-001
 3.7957343e-001
 3.7974301e-001
 3.7975433e-001
 3.7959287e-001
 3.7931049e-001
 3.7900105e-001
 3.7875044e-001
 3.7859923e-001
 3.7854153e-001
 3.7854382e-001
 3.7856171e-001
 3.7855524e-001
 3.7850758e-001
 3.7843511e-001
 3.7837017e-001
 3.7832275e-001
 3.7825790e-001
 3.7812352e-001
 3.7791282e-001
 3.7769896e-001
 3.7759236e-001
 3.7763980e-001
 3.7775511e-001
 3.7776431e-001
 3.7759405e-001
 3.7735656e-001
 3.7726414e-001
 3.7748408e-001
 3.7797916e-001
 3.7846506e-001
 3.7858537e-001
 3.7828010e-001
 3.7791872e-001
 3.7788078e-001
 3.7814671e-001
 3.7844244e-001
 3.7857893e-001
 3.7854266e-001
 3.7842852e-001
 3.7838891e-001
 3.7855980e-001
 3.7892348e-001
 3.7928978e-001
 3.7951770e-001
 3.7966835e-001
 3.7983602e-001
 3.7998962e-001
 3.8012311e-001
 3.8036922e-001
 3.8077000e-001
 3.8111368e-001
 3.8121316e-001
 3.8119322e-001
 3.8133058e-001
 3.8171208e-001
 3.8211191e-001
 3.8220638e-001
 3.8200232e-001
 3.8192868e-001
 3.8228735e-001
 3.8286921e-001
 3.8338402e-001
 3.8390779e-001
 3.8458714e-001
 3.8527319e-001
 3.8576987e-001
 3.8616568e-001
 3.8660502e-001
 3.8705724e-001
 3.8731766e-001
 3.8736722e-001
 3.8754094e-001
 3.8802937e-001
 3.8866267e-001
 3.8923103e-001
 3.8969567e-001
 3.9016533e-001
 3.9075571e-001
 3.9145076e-001
 3.9210105e-001
 3.9257056e-001
 3.9288735e-001
 3.9323637e-001
 3.9378798e-001
 3.9451948e-001
 3.9522010e-001
 3.9568806e-001
 3.9592856e-001
 3.9615020e-001
 3.9657959e-001
 3.9730224e-001
 3.9825395e-001
 3.9931330e-001
 4.0035814e-001
 4.0128386e-001
 4.0202057e-001
 4.0255257e-001
 4.0291947e-001
 4.0319529e-001
 4.0342173e-001
 4.0377396e-001
 4.0429556e-001
 4.0504986e-001
 4.0596011e-001
 4.0689301e-001
 4.0771520e-001
 4.0831697e-001
 4.0874559e-001
 4.0911150e-001
 4.0952531e-001
 4.1007808e-001
 4.1073221e-001
 4.1139820e-001
 4.1198644e-001
 4.1242221e-001
 4.1273096e-001
 4.1297868e-001
 4.1323146e-001
 4.1354856e-001
 4.1394460e-001
 4.1450140e-001
 4.1505590e-001
 4.1567615e-001
 4.1632977e-001
 4.1695669e-001
 4.1749585e-001
 4.1788599e-001
 4.1806924e-001
 4.1806060e-001
 4.1794753e-001
 4.1782042e-001
 4.1776988e-001
 4.1788277e-001
 4.1816559e-001
 4.1854545e-001
 4.1894600e-001
 4.1929108e-001
 4.1950712e-001
 4.1958043e-001
 4.1955641e-001
 4.1948271e-001
 4.1940710e-001
 4.1937739e-001
 4.1942832e-001
 4.1954502e-001
 4.1970050e-001
 4.1986760e-001
 4.2001942e-001
 4.2012876e-001
 4.2017454e-001
 4.2015812e-001
 4.2008612e-001
 4.1996545e-001
 4.1980278e-001
 4.1960490e-001
 4.1937849e-001
 4.1913024e-001
 4.1886607e-001
 4.1859183e-001
 4.1831338e-001
 4.1803649e-001
 4.1776702e-001
 4.1751078e-001
 4.1727370e-001
 4.1705868e-001
 4.1685814e-001
 4.1666189e-001
 4.1645977e-001
 4.1624162e-001
 4.1599736e-001
 4.1571677e-001
 4.1538972e-001
 4.1501084e-001
 4.1459227e-001
 4.1415054e-001
 4.1370189e-001
 4.1326278e-001
 4.1284952e-001
 4.1247863e-001
 4.1216630e-001
 4.1192377e-001
 4.1174299e-001
 4.1161138e-001
 4.1151649e-001
 4.1144577e-001
 4.1138673e-001
 4.1132686e-001
 4.1125357e-001
 4.1115445e-001
 4.1101697e-001
 4.1082856e-001
 4.1057676e-001
 4.1025361e-001
 4.0986833e-001
 4.0943366e-001
 4.0896249e-001
 4.0846765e-001
 4.0796217e-001
 4.0745875e-001
 4.0697023e-001
 4.0650970e-001
 4.0608972e-001
 4.0572345e-001
 4.0542355e-001
 4.0519884e-001
 4.0504318e-001
 4.0494713e-001
 4.0490127e-001
 4.0489620e-001
 4.0492249e-001
 4.0497071e-001
 4.0503144e-001
 4.0509531e-001
 4.0515280e-001
 4.0519458e-001
 4.0521291e-001
 4.0520653e-001
 4.0517536e-001
 4.0511945e-001
 4.0503877e-001
 4.0493336e-001
 4.0480313e-001
 4.0464818e-001
 4.0446848e-001
 4.0426400e-001
 4.0403566e-001
 4.0378711e-001
 4.0352264e-001
 4.0324676e-001
 4.0296367e-001
 4.0267786e-001
 4.0239352e-001
 4.0211514e-001
 4.0184695e-001
 4.0159342e-001
 4.0135899e-001
 4.0114895e-001
 4.0096852e-001
 4.0082315e-001
 4.0071809e-001
 4.0065876e-001
 4.0065035e-001
 4.0069836e-001
 4.0080804e-001
 4.0098479e-001
 4.0122941e-001
 4.0152836e-001
 4.0186462e-001
 4.0222132e-001
 4.0258166e-001
 4.0292871e-001
 4.0324560e-001
 4.0351549e-001
 4.0372142e-001
 4.0385202e-001
 4.0391350e-001
 4.0391585e-001
 4.0386921e-001
 4.0378347e-001
 4.0366876e-001
 4.0353507e-001
 4.0339237e-001
 4.0324908e-001
 4.0310803e-001
 4.0297112e-001
 4.0283999e-001
 4.0271640e-001
 4.0260220e-001
 4.0249914e-001
 4.0240896e-001
 4.0233451e-001
 4.0228218e-001
 4.0225914e-001
 4.0227237e-001
 4.0232915e-001
 4.0243647e-001
 4.0260154e-001
 4.0283132e-001
 4.0313122e-001
 4.0350026e-001
 4.0393651e-001
 4.0440977e-001
 4.0497822e-001
 4.0560588e-001
 4.0627933e-001
 4.0696785e-001
 4.0762150e-001
 4.0817681e-001
 4.0856397e-001
 4.0871483e-001
 4.0858030e-001
 4.0816054e-001
 4.0752310e-001
 4.0678325e-001
 4.0607399e-001
 4.0552351e-001
 4.0523115e-001
 4.0524128e-001
 4.0553546e-001
 4.0604791e-001
 4.0669057e-001
 4.0737319e-001
 4.0802017e-001
 4.0858412e-001
 4.0905118e-001
 4.0943322e-001
 4.0975523e-001
 4.1004339e-001
 4.1031542e-001
 4.1057339e-001
 4.1080135e-001
 4.1096961e-001
 4.1104248e-001
 4.1098842e-001
 4.1079101e-001
 4.1045830e-001
 4.1002554e-001
 4.0954971e-001
 4.0909818e-001
 4.0873498e-001
 4.0850690e-001
 4.0905589e-001
 4.0900645e-001
 4.0899548e-001
 4.0901354e-001
 4.0904859e-001
 4.0908843e-001
 4.0912300e-001
 4.0914619e-001
 4.0915716e-001
 4.0916127e-001
 4.0916973e-001
 4.0919858e-001
 4.0926591e-001
 4.0938866e-001
 4.0957901e-001
 4.0984184e-001
 4.1017330e-001
 4.1056088e-001
 4.1098481e-001
 4.1142109e-001
 4.1184503e-001
 4.1223431e-001
 4.1257179e-001
 4.1284674e-001
 4.1305503e-001
 4.1319892e-001
 4.1328657e-001
 4.1333053e-001
 4.1334558e-001
 4.1334683e-001
 4.1334790e-001
 4.1336009e-001
 4.1339257e-001
 4.1345277e-001
 4.1354668e-001
 4.1367874e-001
 4.1385117e-001
 4.1406354e-001
 4.1431186e-001
 4.1458869e-001
 4.1488394e-001
 4.1518614e-001
 4.1548431e-001
 4.1577011e-001
 4.1603893e-001
 4.1629085e-001
 4.1653004e-001
 4.1676396e-001
 4.1700172e-001
 4.1725245e-001
 4.1752401e-001
 4.1782206e-001
 4.1814977e-001
 4.1850796e-001
 4.1889513e-001
 4.1930819e-001
 4.1974247e-001
 4.2019215e-001
 4.2065087e-001
 4.2111182e-001
 4.2156887e-001
 4.2201710e-001
 4.2245367e-001
 4.2287844e-001
 4.2329368e-001
 4.2370376e-001
 4.2411435e-001
 4.2453086e-001
 4.2495769e-001
 4.2539692e-001
 4.2584828e-001
 4.2630944e-001
 4.2677644e-001
 4.2724508e-001
 4.2771152e-001
 4.2817309e-001
 4.2862901e-001
 4.2907962e-001
 4.2952669e-001
 4.2997241e-001
 4.3041888e-001
 4.3086803e-001
 4.3132085e-001
 4.3177789e-001
 4.3223906e-001
 4.3270382e-001
 4.3317187e-001
 4.3364275e-001
 4.3411621e-001
 4.3459228e-001
 4.3507084e-001
 4.3555191e-001
 4.3603513e-001
 4.3651980e-001
 4.3700507e-001
 4.3748960e-001
 4.3797201e-001
 4.3845052e-001
 4.3892333e-001
 4.3938875e-001
 4.3984482e-001
 4.4028974e-001
 4.4072163e-001
 4.4113886e-001
 4.4154045e-001
 4.4192624e-001
 4.4229746e-001
 4.4265687e-001
 4.4300881e-001
 4.4335926e-001
 4.4371480e-001
 4.4408220e-001
 4.4446737e-001
 4.4487432e-001
 4.4530505e-001
 4.4575885e-001
 4.4623271e-001
 4.4672215e-001
 4.4722161e-001
 4.4772589e-001
 4.4823059e-001
 4.4873282e-001
 4.4923180e-001
 4.4972828e-001
 4.5022488e-001
 4.5072493e-001
 4.5123222e-001
 4.5175049e-001
 4.5228246e-001
 4.5282999e-001
 4.5339328e-001
 4.5397115e-001
 4.5456108e-001
 4.5515886e-001
 4.5575923e-001
 4.5635572e-001
 4.5694098e-001
 4.5750779e-001
 4.5804927e-001
 4.5856017e-001
 4.5903811e-001
 4.5948416e-001
 4.5990372e-001
 4.6030608e-001
 4.6070364e-001
 4.6111032e-001
 4.6153927e-001
 4.6200073e-001
 4.6250021e-001
 4.6303752e-001
 4.6360716e-001
 4.6419913e-001
 4.6480149e-001
 4.6540222e-001
 4.6599150e-001
 4.6656376e-001
 4.6711770e-001
 4.6765679e-001
 4.6818793e-001
 4.6872032e-001
 4.6926397e-001
 4.6982798e-001
 4.7041956e-001
 4.7104269e-001
 4.7169763e-001
 4.7238079e-001
 4.7308463e-001
 4.7379842e-001
 4.7450992e-001
 4.7520652e-001
 4.7587800e-001
 4.7651803e-001
 4.7712582e-001
 4.7770709e-001
 4.7827268e-001
 4.7883737e-001
 4.7941661e-001
 4.8002356e-001
 4.8066652e-001
 4.8134664e-001
 4.8205826e-001
 4.8278955e-001
 4.8352513e-001
 4.8424947e-001
 4.8494932e-001
 4.8561671e-001
 4.8624963e-001
 4.8685211e-001
 4.8743328e-001
 4.8800462e-001
 4.8857790e-001
 4.8916301e-001
 4.8976573e-001
 4.9038777e-001
 4.9102643e-001
 4.9167597e-001
 4.9232963e-001
 4.9298099e-001
 4.9362606e-001
 4.9426365e-001
 4.9489567e-001
 4.9552655e-001
 4.9616155e-001
 4.9680585e-001
 4.9746296e-001
 4.9813434e-001
 4.9881980e-001
 4.9951744e-001
 5.0022537e-001
 5.0094199e-001
 5.0166696e-001
 5.0240165e-001
 5.0314820e-001
 5.0390929e-001
 5.0468767e-001
 5.0548428e-001
 5.0629884e-001
 5.0712860e-001
 5.0796831e-001
 5.0881106e-001
 5.0964791e-001
 5.1046920e-001
 5.1126498e-001
 5.1202631e-001
 5.1274663e-001
 5.1342249e-001
 5.1405531e-001
 5.1465106e-001
 5.1522076e-001
 5.1577950e-001
 5.1634461e-001
 5.1693362e-001
 5.1756191e-001
 5.1824009e-001
 5.1897323e-001
 5.1975954e-001
 5.2059126e-001
 5.2145582e-001
 5.2233803e-001
 5.2322274e-001
 5.2409679e-001
 5.2495092e-001
 5.2578151e-001
 5.2658999e-001
 5.2738339e-001
 5.2817208e-001
 5.2896869e-001
 5.2978617e-001
 5.3063482e-001
 5.3152168e-001
 5.3244811e-001
 5.3340977e-001
 5.3439707e-001
 5.3539532e-001
 5.3638756e-001
 5.3735596e-001
 5.3828472e-001
 5.3916240e-001
 5.3998280e-001
 5.4074639e-001
 5.4145956e-001
 5.4213309e-001
 5.4278094e-001
 5.4341698e-001
 5.4405355e-001
 5.4469967e-001
 5.4535979e-001
 5.4603457e-001
 5.4672074e-001
 5.4741299e-001
 5.4810566e-001
 5.4879379e-001
 5.4947490e-001
 5.5014920e-001
 5.5081964e-001
 5.5149186e-001
 5.5217224e-001
 5.5286747e-001
 5.5358273e-001
 5.5432099e-001
 5.5508262e-001
 5.5586487e-001
 5.5666310e-001
 5.5747056e-001
 5.5827975e-001
 5.5908328e-001
 5.5987406e-001
 5.6064641e-001
 5.6139624e-001
 5.6212109e-001
 5.6282097e-001
 5.6349796e-001
 5.6415623e-001
 5.6480205e-001
 5.6544244e-001
 5.6608522e-001
 5.6673712e-001
 5.6740320e-001
 5.6808627e-001
 5.6878638e-001
 5.6950128e-001
 5.7022679e-001
 5.7095802e-001
 5.7169044e-001
 5.7241994e-001
 5.7314420e-001
 5.7386190e-001
 5.7457274e-001
 5.7527745e-001
 5.7597673e-001
 5.7667232e-001
 5.7736605e-001
 5.7806087e-001
 5.7876056e-001
 5.7946956e-001
 5.8019233e-001
 5.8093286e-001
 5.8169287e-001
 5.8247209e-001
 5.8326685e-001
 5.8407074e-001
 5.8487570e-001
 5.8567256e-001
 5.8645332e-001
 5.8721161e-001
 5.8794409e-001
 5.8865076e-001
 5.8933419e-001
 5.8999956e-001
 5.9065300e-001
 5.9130085e-001
 5.9194893e-001
 5.9260154e-001
 5.9326124e-001
 5.9392864e-001
 5.9460229e-001
 5.9527922e-001
 5.9595478e-001
 5.9662324e-001
 5.9727830e-001
 5.9791344e-001
 5.9852260e-001
 5.9910077e-001
 5.9964424e-001
 6.0015154e-001
 6.0062301e-001
 6.0106182e-001
 6.0147303e-001
 6.0186404e-001
 6.0224402e-001
 6.0262334e-001
 6.0301340e-001
 6.0342509e-001
 6.0386842e-001
 6.0435140e-001
 6.0487866e-001
 6.0545123e-001
 6.0606515e-001
 6.0671204e-001
 6.0737944e-001
 6.0805190e-001
 6.0871273e-001
 6.0934567e-001
 6.0993695e-001
 6.1047679e-001
 6.1096013e-001
 6.1138713e-001
 6.1176282e-001
 6.1209565e-001
 6.1239612e-001
 6.1267471e-001
 6.1293942e-001
 6.1319357e-001
 6.1343324e-001
 6.1364460e-001
 6.1380130e-001
 6.1386216e-001
 6.1376953e-001
 6.1344856e-001
 6.1280847e-001
 6.1174631e-001
 6.1015475e-001
 6.0793191e-001
 6.0499793e-001
 6.0130918e-001
 5.9687769e-001
 5.9178436e-001
 5.8618444e-001
 5.8030945e-001
 5.7445276e-001
 5.6894433e-001
 5.6412387e-001
 5.6030089e-001
 5.5772579e-001
 5.5656135e-001
 5.5686814e-001
 5.5860347e-001
 5.6163216e-001
 5.6574619e-001
 5.7069105e-001
 5.7619566e-001
 5.8199394e-001
 5.8784962e-001
 5.9356523e-001
 5.9899086e-001
 6.0402620e-001
 6.0861212e-001
 6.1272794e-001
 6.1637914e-001
 6.1959082e-001
 6.2240100e-001
 6.2485290e-001
 6.2699288e-001
 6.2886626e-001
 6.3051605e-001
 6.3198256e-001
 6.3330120e-001
 6.3450223e-001
 6.3561094e-001
 6.3664603e-001
 6.3762116e-001
 6.3854432e-001
 6.3941973e-001
 6.4024872e-001
 6.4103067e-001
 6.4176458e-001
 6.4244920e-001
 6.4308411e-001
 6.4367008e-001
 6.4420915e-001
 6.4470530e-001
 6.4516455e-001
 6.4559507e-001
 6.4600712e-001
 6.4641249e-001
 6.4682388e-001
 6.4725310e-001
 6.4771008e-001
 6.4820164e-001
 6.4873028e-001
 6.4929390e-001
 6.4988631e-001
 6.5049797e-001
 6.5111762e-001
 6.5173358e-001
 6.5233564e-001
 6.5291619e-001
 6.5347064e-001
 6.5399796e-001
 6.5449929e-001
 6.5497750e-001
 6.5543586e-001
 6.5587652e-001
 6.5630043e-001
 6.5670657e-001
 6.5709299e-001
 6.5745741e-001
 6.5779823e-001
 6.5811568e-001
 6.5841162e-001
 6.5868974e-001
 6.5895468e-001
 6.5921098e-001
 6.5946203e-001
 6.5971017e-001
 6.5995634e-001
 6.6020131e-001
 6.6044658e-001
 6.6069525e-001
 6.6095287e-001
 6.6122669e-001
 6.6152519e-001
 6.6185629e-001
 6.6222596e-001
 6.6263711e-001
 6.6308874e-001
 6.6357642e-001
 6.6409290e-001
 6.6462910e-001
 6.6517568e-001
 6.6572332e-001
 6.6626394e-001
 6.6679066e-001
 6.6729802e-001
 6.6778278e-001
 6.6824383e-001
 6.6868329e-001
 6.6910630e-001
 6.6952127e-001
 6.6993904e-001
 6.7037106e-001
 6.7082733e-001
 6.7131448e-001
 6.7183352e-001
 6.7237943e-001
 6.7294109e-001
 6.7350280e-001
 6.7404670e-001
 6.7455512e-001
 6.7501324e-001
 6.7541039e-001
 6.7574108e-001
 6.7600495e-001
 6.7620641e-001
 6.7635369e-001
 6.7645836e-001
 6.7653495e-001
 6.7659998e-001
 6.7667180e-001
 6.7676908e-001
 6.7690957e-001
 6.7710775e-001
 6.7737335e-001
 6.7770964e-001
 6.7811251e-001
 6.7857099e-001
 6.7906791e-001
 6.7958277e-001
 6.8009388e-001
 6.8058211e-001
 6.8103337e-001
 6.8143946e-001
 6.8179822e-001
 6.8211269e-001
 6.8238980e-001
 6.8263984e-001
 6.8287522e-001
 6.8310934e-001
 6.8335497e-001
 6.8362302e-001
 6.8392158e-001
 6.8425524e-001
 6.8462509e-001
 6.8502897e-001
 6.8546176e-001
 6.8591642e-001
 6.8638474e-001
 6.8685824e-001
 6.8732870e-001
 6.8778843e-001
 6.8823075e-001
 6.8864983e-001
 6.8904108e-001
 6.8940139e-001
 6.8972886e-001
 6.9002342e-001
 6.9028664e-001
 6.9052154e-001
 6.9073296e-001
 6.9092697e-001
 6.9111097e-001
 6.9129300e-001
 6.9148153e-001
 6.9168413e-001
 6.9190735e-001
 6.9215566e-001
 6.9243121e-001
 6.9273353e-001
 6.9305980e-001
 6.9340467e-001
 6.9376081e-001
 6.9411945e-001
 6.9447106e-001
 6.9480687e-001
 6.9511962e-001
 6.9540489e-001
 6.9566184e-001
 6.9589305e-001
 6.9610453e-001
 6.9630492e-001
 6.9650429e-001
 6.9671333e-001
 6.9694132e-001
 6.9719571e-001
 6.9748098e-001
 6.9779813e-001
 6.9814450e-001
 6.9851381e-001
 6.9889671e-001
 6.9928169e-001
 6.9965583e-001
 7.0000714e-001
 7.0032561e-001
 7.0060521e-001
 7.0084506e-001
 7.0104969e-001
 7.0122868e-001
 7.0139539e-001
 7.0156461e-001
 7.0175028e-001
 7.0196331e-001
 7.0220953e-001
 7.0248896e-001
 7.0279574e-001
 7.0311910e-001
 7.0344543e-001
 7.0376068e-001
 7.0405233e-001
 7.0431197e-001
 7.0453608e-001
 7.0472676e-001
 7.0489073e-001
 7.0503819e-001
 7.0518070e-001
 7.0532960e-001
 7.0549381e-001
 7.0567918e-001
 7.0588773e-001
 7.0611823e-001
 7.0636678e-001
 7.0662838e-001
 7.0689809e-001
 7.0717216e-001
 7.0744860e-001
 7.0772773e-001
 7.0801103e-001
 7.0830083e-001
 7.0859909e-001
 7.0890617e-001
 7.0922005e-001
 7.0953631e-001
 7.0984811e-001
 7.1014756e-001
 7.1042693e-001
 7.1068048e-001
 7.1090591e-001
 7.1110547e-001
 7.1128637e-001
 7.1146005e-001
 7.1164078e-001
 7.1184325e-001
 7.1208018e-001
 7.1235985e-001
 7.1268427e-001
 7.1304858e-001
 7.1344113e-001
 7.1384555e-001
 7.1424359e-001
 7.1461761e-001
 7.1495438e-001
 7.1524739e-001
 7.1549785e-001
 7.1571475e-001
 7.1591318e-001
 7.1611142e-001
 7.1632802e-001
 7.1657777e-001
 7.1686941e-001
 7.1720386e-001
 7.1757352e-001
 7.1796364e-001
 7.1835417e-001
 7.1872276e-001
 7.1904796e-001
 7.1931225e-001
 7.1950412e-001
 7.1961910e-001
 7.1965945e-001
 7.1963304e-001
 7.1955180e-001
 7.1943015e-001
 7.1928352e-001
 7.1912724e-001
 7.1897560e-001
 7.1884149e-001
 7.1873552e-001
 7.1866590e-001
 7.1863830e-001
 7.1865588e-001
 7.1871907e-001
 7.1882635e-001
 7.1897399e-001
 7.1915716e-001
 7.1936995e-001
 7.1960628e-001
 7.1986037e-001
 7.2012728e-001
 7.2040308e-001
 7.2068512e-001
 7.2097164e-001
 7.2126198e-001
 7.2155547e-001
 7.2185200e-001
 7.2215116e-001
 7.2245222e-001
 7.2275442e-001
 7.2305644e-001
 7.2335684e-001
 7.2365415e-001
 7.2394705e-001
 7.2423458e-001
 7.2451639e-001
 7.2479272e-001
 7.2506458e-001
 7.2533351e-001
 7.2560155e-001
 7.2587085e-001
 7.2614354e-001
 7.2642130e-001
 7.2670507e-001
 7.2699505e-001
 7.2729039e-001
 7.2758925e-001
 7.2788894e-001
 7.2818595e-001
 7.2847605e-001
 7.2875452e-001
 7.2901648e-001
 7.2925669e-001
 7.2947025e-001
 7.2965270e-001
 7.2980064e-001
 7.2991216e-001
 7.2998780e-001
 7.3003095e-001
 7.3004872e-001
 7.3005158e-001
 7.3005360e-001
 7.3007154e-001
 7.3012316e-001
 7.3022568e-001
 7.3039347e-001
 7.3063594e-001
 7.3095584e-001
 7.3134798e-001
 7.3179919e-001
 7.3228937e-001
 7.3279303e-001
 7.3328209e-001
 7.3372930e-001
 7.3411095e-001
 7.3440981e-001
 7.3461688e-001
 7.3473209e-001
 7.3476434e-001
 7.3472971e-001
 7.3464954e-001
 7.3454797e-001
 7.3444939e-001
 7.3437613e-001
 7.3434699e-001
 7.3437589e-001
 7.3447192e-001
 7.3463887e-001
 7.3487598e-001
 7.3517841e-001
 7.3553771e-001
 7.3594248e-001
 7.3637867e-001
 7.3683053e-001
 7.3728102e-001
 7.3771274e-001
 7.3810917e-001
 7.3845571e-001
 7.3874110e-001
 7.3895818e-001
 7.3910457e-001
 7.3918313e-001
 7.3920137e-001
 7.3917091e-001
 7.3910612e-001
 7.3902297e-001
 7.3893768e-001
 7.3886538e-001
 7.3881960e-001
 7.3881114e-001
 7.3884827e-001
 7.3893648e-001
 7.3907864e-001
 7.3927492e-001
 7.3952341e-001
 7.3981977e-001
 7.4015784e-001
 7.4052948e-001
 7.4092484e-001
 7.4133307e-001
 7.4174231e-001
 7.4214077e-001
 7.4251693e-001
 7.4286026e-001
 7.4316186e-001
 7.4341464e-001
 7.4361384e-001
 7.4375629e-001
 7.4384087e-001
 7.4386835e-001
 7.4384099e-001
 7.4376303e-001
 7.4363989e-001
 7.4347836e-001
 7.4328691e-001
 7.4307567e-001
 7.4285579e-001
 7.4263918e-001
 7.4243784e-001
 7.4226314e-001
 7.4212486e-001
 7.4203050e-001
 7.4198502e-001
 7.4199063e-001
 7.4198812e-001
 7.4209857e-001
 7.4225551e-001
 7.4245435e-001
 7.4268895e-001
 7.4295139e-001
 7.4323136e-001
 7.4351656e-001
 7.4379367e-001
 7.4404854e-001
 7.4426711e-001
 7.4443597e-001
 7.4454302e-001
 7.4457932e-001
 7.4454010e-001
 7.4442613e-001
 7.4424392e-001
 7.4400526e-001
 7.4372607e-001
 7.4342471e-001
 7.4312067e-001
 7.4283350e-001
 7.4258184e-001
 7.4238205e-001
 7.4224651e-001
 7.4218196e-001
 7.4218875e-001
 7.4226165e-001
 7.4239129e-001
 7.4256575e-001
 7.4277210e-001
 7.4299723e-001
 7.4322861e-001
 7.4345547e-001
 7.4366963e-001
 7.4386650e-001
 7.4404567e-001
 7.4421012e-001
 7.4436569e-001
 7.4451983e-001
 7.4468046e-001
 7.4485576e-001
 7.4505287e-001
 7.4527735e-001
 7.4553180e-001
 7.4581486e-001
 7.4612081e-001
 7.4643975e-001
 7.4675900e-001
 7.4706423e-001
 7.4734014e-001
 7.4757189e-001
 7.4774557e-001
 7.4784976e-001
 7.4787718e-001
 7.4782622e-001
 7.4770153e-001
 7.4751323e-001
 7.4727583e-001
 7.4700606e-001
 7.4672180e-001
 7.4644107e-001
 7.4618071e-001
 7.4595541e-001
 7.4577582e-001
 7.4564725e-001
 7.4556929e-001
 7.4553609e-001
 7.4553782e-001
 7.4556237e-001
 7.4559665e-001
 7.4562734e-001
 7.4564201e-001
 7.4562979e-001
 7.4558282e-001
 7.4549735e-001
 7.4537385e-001
 7.4521697e-001
 7.4503428e-001
 7.4483502e-001
 7.4462932e-001
 7.4442732e-001
 7.4423844e-001
 7.4407065e-001
 7.4392921e-001
 7.4381596e-001
 7.4372888e-001
 7.4366236e-001
 7.4360818e-001
 7.4355668e-001
 7.4349737e-001
 7.4342006e-001
 7.4331516e-001
 7.4317497e-001
 7.4299479e-001
 7.4277395e-001
 7.4251646e-001
 7.4223024e-001
 7.4192631e-001
 7.4161768e-001
 7.4131781e-001
 7.4104047e-001
 7.4079847e-001
 7.4060333e-001
 7.4046361e-001
 7.4038428e-001
 7.4036616e-001
 7.4040639e-001
 7.4049938e-001
 7.4063790e-001
 7.4081397e-001
 7.4101919e-001
 7.4124527e-001
 7.4148393e-001
 7.4172717e-001
 7.4196732e-001
 7.4219704e-001
 7.4240923e-001
 7.4259728e-001
 7.4275446e-001
 7.4287444e-001
 7.4295115e-001
 7.4297953e-001
 7.4295616e-001
 7.4288082e-001
 7.4275726e-001
 7.4259382e-001
 7.4240285e-001
 7.4219978e-001
 7.4200165e-001
 7.4182647e-001
 7.4169183e-001
 7.4161404e-001
 7.4160677e-001
 7.4167877e-001
 7.4183249e-001
 7.4206328e-001
 7.4235994e-001
 7.4270678e-001
 7.4308509e-001
 7.4347502e-001
 7.4385673e-001
 7.4421126e-001
 7.4452227e-001
 7.4477756e-001
 7.4497050e-001
 7.4510098e-001
 7.4517435e-001
 7.4520016e-001
 7.4519068e-001
 7.4515903e-001
 7.4511874e-001
 7.4508280e-001
 7.4506259e-001
 7.4506742e-001
 7.4510312e-001
 7.4517214e-001
 7.4527353e-001
 7.4540412e-001
 7.4555916e-001
 7.4573326e-001
 7.4592084e-001
 7.4611634e-001
 7.4631423e-001
 7.4650949e-001
 7.4669760e-001
 7.4687457e-001
 7.4703670e-001
 7.4718094e-001
 7.4730426e-001
 7.4740380e-001
 7.4747699e-001
 7.4752140e-001
 7.4753511e-001
 7.4751711e-001
 7.4746752e-001
 7.4738783e-001
 7.4728066e-001
 7.4714947e-001
 7.4699831e-001
 7.4683136e-001
 7.4665308e-001
 7.4646783e-001
 7.4628007e-001
 7.4609435e-001
 7.4591529e-001
 7.4574745e-001
 7.4559563e-001
 7.4546462e-001
 7.4535912e-001
 7.4528396e-001
 7.4524343e-001
 7.4524122e-001
 7.4527943e-001
 7.4535751e-001
 7.4547142e-001
 7.4561334e-001
 7.4577177e-001
 7.4593276e-001
 7.4608082e-001
 7.4619991e-001
 7.4627441e-001
 7.4629027e-001
 7.4623680e-001
 7.4610901e-001
 7.4590987e-001
 7.4565077e-001
 7.4535090e-001
 7.4503511e-001
 7.4473172e-001
 7.4447036e-001
 7.4428034e-001
 7.4418896e-001
 7.4421853e-001
 7.4438339e-001
 7.4468690e-001
 7.4512017e-001
 7.4566352e-001
 7.4628925e-001
 7.4696451e-001
 7.4765462e-001
 7.4832481e-001
 7.4894172e-001
 7.4947625e-001
 7.4990624e-001
 7.5021863e-001
 7.5041080e-001
 7.5048947e-001
 7.5046808e-001
 7.5036436e-001
 7.5019789e-001
 7.4998850e-001
 7.4975568e-001
 7.4951690e-001
 7.4928653e-001
 7.4907482e-001
 7.4888718e-001
 7.4872476e-001
 7.4858570e-001
 7.4846619e-001
 7.4836159e-001
 7.4826670e-001
 7.4817652e-001
 7.4808615e-001
 7.4799097e-001
 7.4788684e-001
 7.4777007e-001
 7.4763733e-001
 7.4748582e-001
 7.4731272e-001
 7.4711543e-001
 7.4689174e-001
 7.4663997e-001
 7.4635947e-001
 7.4605143e-001
 7.4571985e-001
 7.4537140e-001
 7.4501508e-001
 7.4466211e-001
 7.4432468e-001
 7.4401534e-001
 7.4374682e-001
 7.4353093e-001
 7.4337828e-001
 7.4329698e-001
 7.4329197e-001
 7.4336457e-001
 7.4351293e-001
 7.4373269e-001
 7.4401808e-001
 7.4436271e-001
 7.4475932e-001
 7.4520034e-001
 7.4567670e-001
 7.4617761e-001
 7.4668914e-001
 7.4719483e-001
 7.4767536e-001
 7.4810916e-001
 7.4847388e-001
 7.4874687e-001
 7.4890572e-001
 7.4893057e-001
 7.4880570e-001
 7.4852282e-001
 7.4808359e-001
 7.4750066e-001
 7.4679643e-001
 7.4600112e-001
 7.4514884e-001
 7.4427545e-001
 7.4341708e-001
 7.4260700e-001
 7.4187261e-001
 7.4123281e-001
 7.4069297e-001
 7.4024481e-001
 7.3986709e-001
 7.3952955e-001
 7.3919612e-001
 7.3882842e-001
 7.3838860e-001
 7.3784173e-001
 7.3715961e-001
 7.3632622e-001
 7.3534089e-001
 7.3422045e-001
 7.3299831e-001
 7.3171866e-001
 7.3043305e-001
 7.2919548e-001
 7.2806084e-001
 7.2707981e-001
 7.2629571e-001
 7.2573954e-001
 7.2542477e-001
 7.2534579e-001
 7.2547990e-001
 7.2579163e-001
 7.2623789e-001
 7.2677255e-001
 7.2734863e-001
 7.2792196e-001
 7.2845435e-001
 7.2891706e-001
 7.2929519e-001
 7.2958887e-001
 7.2981125e-001
 7.2998583e-001
 7.3014194e-001
 7.3031133e-001
 7.3052609e-001
 7.3081613e-001
 7.3120660e-001
 7.3171365e-001
 7.3234242e-001
 7.3308545e-001
 7.3392314e-001
 7.3482794e-001
 7.3576748e-001
 7.3670638e-001
 7.3760957e-001
 7.3844349e-001
 7.3917842e-001
 7.3979050e-001
 7.4026507e-001
 7.4059689e-001
 7.4078918e-001
 7.4085176e-001
 7.4079829e-001
 7.4064422e-001
 7.4040580e-001
 7.4009955e-001
 7.3974234e-001
 7.3935103e-001
 7.3894274e-001
 7.3853481e-001
 7.3814505e-001
 7.3779112e-001
 7.3749077e-001
 7.3726171e-001
 7.3712081e-001
 7.3708296e-001
 7.3715913e-001
 7.3735386e-001
 7.3766273e-001
 7.3807168e-001
 7.3855740e-001
 7.3909050e-001
 7.3963773e-001
 7.4016380e-001
 7.4063402e-001
 7.4101567e-001
 7.4128056e-001
 7.4140877e-001
 7.4139106e-001
 7.4123007e-001
 7.4093944e-001
 7.4054056e-001
 7.4005955e-001
 7.3952514e-001
 7.3896593e-001
 7.3840958e-001
 7.3788142e-001
 7.3740160e-001
 7.3698425e-001
 7.3663664e-001
 7.3635948e-001
 7.3614901e-001
 7.3599863e-001
 7.3590046e-001
 7.3584598e-001
 7.3582685e-001
 7.3583513e-001
 7.3586339e-001
 7.3590529e-001
 7.3595542e-001
 7.3600948e-001
 7.3606360e-001
 7.3611468e-001
 7.3615950e-001
 7.3619539e-001
 7.3621988e-001
 7.3623133e-001
 7.3622930e-001
 7.3621505e-001
 7.3619181e-001
 7.3616427e-001
 7.3613846e-001
 7.3612130e-001
 7.3611963e-001
 7.3614025e-001
 7.3618907e-001
 7.3626995e-001
 7.3638356e-001
 7.3652625e-001
 7.3668939e-001
 7.3686004e-001
 7.3702204e-001
 7.3715717e-001
 7.3724669e-001
 7.3727167e-001
 7.3721439e-001
 7.3705959e-001
 7.3679584e-001
 7.3641723e-001
 7.3592418e-001
 7.3532224e-001
 7.3462099e-001
 7.3383272e-001
 7.3297071e-001
 7.3204815e-001
 7.3107880e-001
 7.3007506e-001
 7.2904789e-001
 7.2800642e-001
 7.2695810e-001
 7.2590804e-001
 7.2485971e-001
 7.2381669e-001
 7.2278112e-001
 7.2175515e-001
 7.2074109e-001
 7.1974009e-001
 7.1875274e-001
 7.1777803e-001
 7.1681452e-001
 7.1585864e-001
 7.1490616e-001
 7.1395284e-001
 7.1299350e-001
 7.1202272e-001
 7.1103531e-001
 7.1002460e-001
 7.0898247e-001
 7.0789975e-001
 7.0676452e-001
 7.0556337e-001
 7.0428109e-001
 7.0290267e-001
 7.0141190e-001
 6.9979262e-001
 6.9803071e-001
 6.9611245e-001
 6.9402689e-001
 6.9176835e-001
 6.8933398e-001
 6.8672514e-001
 6.8394536e-001
 6.8100178e-001
 6.7790037e-001
 6.7464662e-001
 6.7124730e-001
 6.6770428e-001
 6.6401529e-001
 6.6017467e-001
 6.5616804e-001
 6.5197492e-001
 6.4757377e-001
 6.4293772e-001
 6.3804042e-001
 6.3285589e-001
 6.2736750e-001
 6.2156653e-001
 6.1546314e-001
 6.0909796e-001
 6.0253620e-001
 5.9586900e-001
 5.8921146e-001
 5.8268523e-001
 5.7641774e-001
 5.7053381e-001
 5.6515360e-001
 5.6037396e-001
 5.5626029e-001
 5.5283725e-001
 5.5007869e-001
 5.4791540e-001
 5.4624778e-001
 5.4495555e-001
 5.4391068e-001
 5.4298532e-001
 5.4205865e-001
 5.4102772e-001
 5.3981906e-001
 5.3840053e-001
 5.3678417e-001
 5.3502208e-001
 5.3319782e-001
 5.3141123e-001
 5.2977067e-001
 5.2838737e-001
 5.2736825e-001
 5.2681231e-001
 5.2680415e-001
 5.2740884e-001
 5.2866948e-001
 5.3061026e-001
 5.3323948e-001
 5.3655779e-001
 5.4056162e-001
 5.4524106e-001
 5.5058384e-001
 5.5656785e-001
 5.6315726e-001
 5.7029122e-001
 5.7789093e-001
 5.8585763e-001
 5.9407175e-001
 6.0241055e-001
 6.1074758e-001
 6.1895066e-001
 6.2689841e-001
 6.3447970e-001
 6.4159602e-001
 6.4817834e-001
 6.5418297e-001
 6.5959173e-001
 6.6440034e-001
 6.6861939e-001
 6.7226428e-001
 6.7535061e-001
 6.7789888e-001
 6.7993236e-001
 6.8147802e-001
 6.8257129e-001
 6.8325460e-001
 6.8357736e-001
 6.8359405e-001
 6.8336260e-001
 6.8294191e-001
 6.8239009e-001
 6.8176121e-001
 6.8110049e-001
 6.8043876e-001
 6.7978615e-001
 6.7913055e-001
 6.7844087e-001
 6.7767161e-001
 6.7676967e-001
 6.7567873e-001
 6.7434341e-001
 6.7271113e-001
 6.7073601e-001
 6.6838455e-001
 6.6563648e-001
 6.6248709e-001
 6.5894938e-001
 6.5504575e-001
 6.5080678e-001
 6.4626569e-001
 6.4146000e-001
 6.3642418e-001
 6.3119227e-001
 6.2580210e-001
 6.2048721e-001
 6.1624449e-001
 6.1070371e-001
 6.0529518e-001
 6.0010415e-001
 5.9521735e-001
 5.9072006e-001
 5.8670110e-001
 5.8324593e-001
 5.8044112e-001
 5.7837319e-001
 5.7711846e-001
 5.7666087e-001
 5.7693213e-001
 5.7786417e-001
 5.7938904e-001
 5.8143789e-001
 5.8394271e-001
 5.8683515e-001
 5.9004802e-001
 5.9351134e-001
 5.9715772e-001
 6.0091889e-001
 6.0472745e-001
 6.0851341e-001
 6.1221391e-001
 6.1580527e-001
 6.1928546e-001
 6.2265378e-001
 6.2590653e-001
 6.2904292e-001
 6.3206124e-001
 6.3496035e-001
 6.3773704e-001
 6.4039028e-001
 6.4291835e-001
 6.4532000e-001
 6.4759231e-001
 6.4973408e-001
 6.5174365e-001
 6.5361923e-001
 6.5535939e-001
 6.5696150e-001
 6.5842479e-001
 6.5975195e-001
 6.6094816e-001
 6.6201770e-001
 6.6296577e-001
 6.6379732e-001
 6.6451728e-001
 6.6513038e-001
 6.6564149e-001
 6.6605562e-001
 6.6637772e-001
 6.6661268e-001
 6.6676515e-001
 6.6684037e-001
 6.6684288e-001
 6.6677791e-001
 6.6665012e-001
 6.6646451e-001
 6.6622597e-001
 6.6593939e-001
 6.6560954e-001
 6.6524148e-001
 6.6483998e-001
 6.6440833e-001
 6.6394967e-001
 6.6346681e-001
 6.6296262e-001
 6.6244012e-001
 6.6190177e-001
 6.6135097e-001
 6.6079038e-001
 6.6022289e-001
 6.5965128e-001
 6.5907872e-001
 6.5850788e-001
 6.5794176e-001
 6.5738308e-001
 6.5683490e-001
 6.5630013e-001
 6.5578157e-001
 6.5528208e-001
 6.5480441e-001
 6.5435189e-001
 6.5392709e-001
 6.5353292e-001
 6.5317219e-001
 6.5284801e-001
 6.5256321e-001
 6.5232021e-001
 6.5211922e-001
 6.5195918e-001
 6.5183896e-001
 6.5175730e-001
 6.5171319e-001
 6.5170538e-001
 6.5173280e-001
 6.5179437e-001
 6.5188885e-001
 6.5201527e-001
 6.5217239e-001
 6.5235907e-001
 6.5257412e-001
 6.5281659e-001
 6.5308517e-001
 6.5337890e-001
 6.5369648e-001
 6.5403694e-001
 6.5439904e-001
 6.5478164e-001
 6.5518355e-001
 6.5560377e-001
 6.5604120e-001
 6.5649462e-001
 6.5696287e-001
 6.5744483e-001
 6.5793961e-001
 6.5844566e-001
 6.5896207e-001
 6.5948772e-001
 6.6002154e-001
 6.6056204e-001
 6.6110826e-001
