s07_ASD Record=11063: Talc HS21.3B                  BECKb AREF
 6.3057303e-001
 6.3301677e-001
 6.3530385e-001
 6.3749391e-001
 6.3963330e-001
 6.4174700e-001
 6.4384532e-001
 6.4593667e-001
 6.4803934e-001
 6.5018189e-001
 6.5239692e-001
 6.5471101e-001
 6.5713930e-001
 6.5968120e-001
 6.6231555e-001
 6.6500521e-001
 6.6771030e-001
 6.7040384e-001
 6.7307842e-001
 6.7574495e-001
 6.7842239e-001
 6.8112236e-001
 6.8383652e-001
 6.8653262e-001
 6.8916219e-001
 6.9167531e-001
 6.9404584e-001
 6.9629329e-001
 6.9847578e-001
 7.0065761e-001
 7.0288056e-001
 7.0515615e-001
 7.0747548e-001
 7.0982200e-001
 7.1218050e-001
 7.1454763e-001
 7.1693134e-001
 7.1933824e-001
 7.2176141e-001
 7.2417480e-001
 7.2654009e-001
 7.2881985e-001
 7.3099238e-001
 7.3306203e-001
 7.3506087e-001
 7.3704082e-001
 7.3905730e-001
 7.4114877e-001
 7.4331945e-001
 7.4553519e-001
 7.4773622e-001
 7.4986374e-001
 7.5189042e-001
 7.5384009e-001
 7.5578660e-001
 7.5782990e-001
 7.6004827e-001
 7.6243752e-001
 7.6490849e-001
 7.6727653e-001
 7.6929796e-001
 7.7098191e-001
 7.7239996e-001
 7.7360952e-001
 7.7473992e-001
 7.7594322e-001
 7.7728176e-001
 7.7876419e-001
 7.8039098e-001
 7.8216201e-001
 7.8406793e-001
 7.8606880e-001
 7.8808331e-001
 7.9000109e-001
 7.9171324e-001
 7.9315275e-001
 7.9432368e-001
 7.9530609e-001
 7.9623097e-001
 7.9723823e-001
 7.9843426e-001
 7.9986191e-001
 8.0148852e-001
 8.0320984e-001
 8.0487150e-001
 8.0630809e-001
 8.0739903e-001
 8.0812442e-001
 8.0859166e-001
 8.0900961e-001
 8.0961239e-001
 8.1056893e-001
 8.1192416e-001
 8.1359857e-001
 8.1542784e-001
 8.1720763e-001
 8.1872994e-001
 8.1983149e-001
 8.2046819e-001
 8.2077008e-001
 8.2101256e-001
 8.2148063e-001
 8.2230604e-001
 8.2338881e-001
 8.2445043e-001
 8.2522035e-001
 8.2563031e-001
 8.2584494e-001
 8.2612079e-001
 8.2662010e-001
 8.2732773e-001
 8.2811630e-001
 8.2886726e-001
 8.2952839e-001
 8.3008635e-001
 8.3053106e-001
 8.3087409e-001
 8.3118480e-001
 8.3156657e-001
 8.3207184e-001
 8.3264726e-001
 8.3317453e-001
 8.3357024e-001
 8.3385193e-001
 8.3411735e-001
 8.3446026e-001
 8.3489257e-001
 8.3533555e-001
 8.3569598e-001
 8.3596992e-001
 8.3627421e-001
 8.3676016e-001
 8.3748001e-001
 8.3834004e-001
 8.3918917e-001
 8.3994299e-001
 8.4062350e-001
 8.4131610e-001
 8.4211665e-001
 8.4307951e-001
 8.4414041e-001
 8.4508610e-001
 8.4567565e-001
 8.4585536e-001
 8.4585142e-001
 8.4602380e-001
 8.4660375e-001
 8.4753013e-001
 8.4850389e-001
 8.4922928e-001
 8.4967661e-001
 8.5014498e-001
 8.5102534e-001
 8.5244328e-001
 8.5410732e-001
 8.5550779e-001
 8.5628104e-001
 8.5644120e-001
 8.5633671e-001
 8.5642064e-001
 8.5700804e-001
 8.5813242e-001
 8.5953397e-001
 8.6078233e-001
 8.6151558e-001
 8.6168730e-001
 8.6164206e-001
 8.6190581e-001
 8.6280292e-001
 8.6420333e-001
 8.6562717e-001
 8.6661065e-001
 8.6699772e-001
 8.6693430e-001
 8.6665094e-001
 8.6629730e-001
 8.6596298e-001
 8.6577505e-001
 8.6589217e-001
 8.6638409e-001
 8.6714250e-001
 8.6791801e-001
 8.6844301e-001
 8.6856627e-001
 8.6834639e-001
 8.6805034e-001
 8.6803371e-001
 8.6857355e-001
 8.6974651e-001
 8.7136543e-001
 8.7298101e-001
 8.7405115e-001
 8.7428665e-001
 8.7387925e-001
 8.7331039e-001
 8.7291092e-001
 8.7267303e-001
 8.7249565e-001
 8.7249619e-001
 8.7294114e-001
 8.7383354e-001
 8.7469763e-001
 8.7495774e-001
 8.7456620e-001
 8.7413973e-001
 8.7439317e-001
 8.7544745e-001
 8.7672311e-001
 8.7751913e-001
 8.7764835e-001
 8.7746865e-001
 8.7737912e-001
 8.7741774e-001
 8.7733275e-001
 8.7692016e-001
 8.7623274e-001
 8.7550306e-001
 8.7493777e-001
 8.7462682e-001
 8.7462336e-001
 8.7503225e-001
 8.7593234e-001
 8.7716794e-001
 8.7827528e-001
 8.7875813e-001
 8.7853676e-001
 8.7813073e-001
 8.7832338e-001
 8.7951815e-001
 8.8132817e-001
 8.8281381e-001
 8.8322192e-001
 8.8260585e-001
 8.8177299e-001
 8.8155323e-001
 8.8202554e-001
 8.8245708e-001
 8.8205814e-001
 8.8084340e-001
 8.7967259e-001
 8.7931192e-001
 8.7960809e-001
 8.7986302e-001
 8.7980014e-001
 8.7971127e-001
 8.7983692e-001
 8.8014275e-001
 8.8064528e-001
 8.8146526e-001
 8.8247919e-001
 8.8323998e-001
 8.8333380e-001
 8.8274652e-001
 8.8199234e-001
 8.8183779e-001
 8.8254899e-001
 8.8351750e-001
 8.8388485e-001
 8.8322777e-001
 8.8164580e-001
 8.7987351e-001
 8.7900132e-001
 8.7933046e-001
 8.8017303e-001
 8.8113457e-001
 8.8248837e-001
 8.8419747e-001
 8.8552451e-001
 8.8560849e-001
 8.8421446e-001
 8.8217551e-001
 8.8085657e-001
 8.8087970e-001
 8.8165975e-001
 8.8222533e-001
 8.8224298e-001
 8.8227993e-001
 8.8301140e-001
 8.8420343e-001
 8.8504922e-001
 8.8533694e-001
 8.8546246e-001
 8.8562572e-001
 8.8588399e-001
 8.8643384e-001
 8.8699925e-001
 8.8671702e-001
 8.8524115e-001
 8.8335592e-001
 8.8206434e-001
 8.8153213e-001
 8.8114911e-001
 8.8032180e-001
 8.7910581e-001
 8.7823856e-001
 8.7856692e-001
 8.8020992e-001
 8.8218528e-001
 8.8320976e-001
 8.8307375e-001
 8.8278377e-001
 8.8318074e-001
 8.8401145e-001
 8.8454193e-001
 8.8451618e-001
 8.8429391e-001
 8.8437814e-001
 8.8497657e-001
 8.8591003e-001
 8.8679242e-001
 8.8721091e-001
 8.8684309e-001
 8.8568401e-001
 8.8424116e-001
 8.8322449e-001
 8.8285577e-001
 8.8275212e-001
 8.8256890e-001
 8.8239157e-001
 8.8246608e-001
 8.8275015e-001
 8.8297433e-001
 8.8302046e-001
 8.8302022e-001
 8.8316524e-001
 8.8354635e-001
 8.8412631e-001
 8.8477635e-001
 8.8531625e-001
 8.8556540e-001
 8.8541460e-001
 8.8488132e-001
 8.8411403e-001
 8.8337135e-001
 8.8298517e-001
 8.8325161e-001
 8.8424379e-001
 8.8569409e-001
 8.8711351e-001
 8.8808596e-001
 8.8847905e-001
 8.8840151e-001
 8.8800395e-001
 8.8733113e-001
 8.8632685e-001
 8.8493180e-001
 8.8317084e-001
 8.8118941e-001
 8.7927127e-001
 8.7781751e-001
 8.7720174e-001
 8.7751764e-001
 8.7846410e-001
 8.7959629e-001
 8.8068217e-001
 8.8131618e-001
 8.8084120e-001
 8.7940300e-001
 8.7833053e-001
 8.7830472e-001
 8.7823355e-001
 8.7722039e-001
 8.7625951e-001
 8.7650430e-001
 8.7732089e-001
 8.7745583e-001
 8.7686408e-001
 8.7633991e-001
 8.7630475e-001
 8.7661415e-001
 8.7692732e-001
 8.7683553e-001
 8.7600529e-001
 8.7461913e-001
 8.7342232e-001
 8.7287831e-001
 8.7258667e-001
 8.7195951e-001
 8.7103856e-001
 8.7028462e-001
 8.6998701e-001
 8.7013501e-001
 8.7052995e-001
 8.7080914e-001
 8.7066138e-001
 8.7033910e-001
 8.7050980e-001
 8.7101376e-001
 8.7056398e-001
 8.6868173e-001
 8.6676788e-001
 8.6594290e-001
 8.6538553e-001
 8.6435157e-001
 8.6392522e-001
 8.6493731e-001
 8.6600143e-001
 8.6566603e-001
 8.6411607e-001
 8.6323398e-001
 8.6395288e-001
 8.6465973e-001
 8.6415118e-001
 8.6304015e-001
 8.6223370e-001
 8.6198163e-001
 8.6195493e-001
 8.6172932e-001
 8.6118251e-001
 8.6051524e-001
 8.5993844e-001
 8.5938710e-001
 8.5853541e-001
 8.5713929e-001
 8.5543907e-001
 8.5412854e-001
 8.5377342e-001
 8.5414195e-001
 8.5425204e-001
 8.5321653e-001
 8.5110450e-001
 8.4893876e-001
 8.4778798e-001
 8.4783006e-001
 8.4840137e-001
 8.4877419e-001
 8.4861881e-001
 8.4805399e-001
 8.4743613e-001
 8.4707350e-001
 8.4675723e-001
 8.4643185e-001
 8.4598494e-001
 8.4539908e-001
 8.4469563e-001
 8.4389579e-001
 8.4303367e-001
 8.4222651e-001
 8.4162521e-001
 8.4138072e-001
 8.4157729e-001
 8.4185737e-001
 8.4168518e-001
 8.4052438e-001
 8.3797336e-001
 8.3451921e-001
 8.3100998e-001
 8.2829434e-001
 8.2709199e-001
 8.2725906e-001
 8.2852525e-001
 8.2996273e-001
 8.3121204e-001
 8.3205807e-001
 8.3255357e-001
 8.3276361e-001
 8.3275306e-001
 8.3258539e-001
 8.3228981e-001
 8.3186173e-001
 8.3129513e-001
 8.3058423e-001
 8.2972336e-001
 8.2871759e-001
 8.2758206e-001
 8.2633275e-001
 8.2498509e-001
 8.2355767e-001
 8.2212096e-001
 8.2079786e-001
 8.1971288e-001
 8.1899118e-001
 8.1875736e-001
 8.1908077e-001
 8.1981546e-001
 8.2076347e-001
 8.2172650e-001
 8.2250667e-001
 8.2290572e-001
 8.2278579e-001
 8.2224107e-001
 8.2142109e-001
 8.2047600e-001
 8.1955528e-001
 8.1880897e-001
 8.1838673e-001
 8.1839758e-001
 8.1879491e-001
 8.1949514e-001
 8.2041454e-001
 8.2146960e-001
 8.2257646e-001
 8.2365167e-001
 8.2461143e-001
 8.2538706e-001
 8.2596570e-001
 8.2634789e-001
 8.2653391e-001
 8.2652426e-001
 8.2631934e-001
 8.2591963e-001
 8.2532537e-001
 8.2454425e-001
 8.2360959e-001
 8.2256109e-001
 8.2143825e-001
 8.2028097e-001
 8.1912833e-001
 8.1802058e-001
 8.1699681e-001
 8.1608927e-001
 8.1530142e-001
 8.1463045e-001
 8.1407338e-001
 8.1362742e-001
 8.1328958e-001
 8.1305707e-001
 8.1292683e-001
 8.1289619e-001
 8.1296200e-001
 8.1312156e-001
 8.1337190e-001
 8.1370801e-001
 8.1411618e-001
 8.1458133e-001
 8.1508815e-001
 8.1562126e-001
 8.1616563e-001
 8.1670570e-001
 8.1722647e-001
 8.1771249e-001
 8.1814831e-001
 8.1851906e-001
 8.1880927e-001
 8.1901014e-001
 8.1913614e-001
 8.1920701e-001
 8.1924248e-001
 8.1926221e-001
 8.1928575e-001
 8.1933296e-001
 8.1942338e-001
 8.1957680e-001
 8.1981283e-001
 8.2015115e-001
 8.2060134e-001
 8.2113749e-001
 8.2172555e-001
 8.2233185e-001
 8.2292247e-001
 8.2346374e-001
 8.2392150e-001
 8.2426238e-001
 8.2445222e-001
 8.2445729e-001
 8.2425666e-001
 8.2387447e-001
 8.2334405e-001
 8.2269949e-001
 8.2197404e-001
 8.2120162e-001
 8.2041574e-001
 8.1965023e-001
 8.1893867e-001
 8.1831479e-001
 8.1780571e-001
 8.1741756e-001
 8.1715095e-001
 8.1700730e-001
 8.1698751e-001
 8.1709272e-001
 8.1732404e-001
 8.1768262e-001
 8.1816941e-001
 8.1878579e-001
 8.1952965e-001
 8.2039022e-001
 8.2135445e-001
 8.2240921e-001
 8.2354158e-001
 8.2473868e-001
 8.2598716e-001
 8.2727444e-001
 8.2858711e-001
 8.2989693e-001
 8.3112460e-001
 8.3217984e-001
 8.3297265e-001
 8.3341265e-001
 8.3341002e-001
 8.3287460e-001
 8.3171606e-001
 8.2990032e-001
 8.2757568e-001
 8.2492918e-001
 8.2214677e-001
 8.1941557e-001
 8.1692159e-001
 8.1485182e-001
 8.1339240e-001
 8.1266785e-001
 8.1260127e-001
 8.1307441e-001
 8.1396896e-001
 8.1516695e-001
 8.1654990e-001
 8.1799996e-001
 8.1939852e-001
 8.2065302e-001
 8.2175165e-001
 8.2269979e-001
 8.2343030e-001
 8.2407349e-001
 8.2459056e-001
 8.2498413e-001
 8.2526386e-001
 8.2544166e-001
 8.2553166e-001
 8.2554966e-001
 8.2551265e-001
 8.2544011e-001
 8.2535613e-001
 8.2529056e-001
 8.2527703e-001
 8.2534963e-001
 8.2553816e-001
 8.2585812e-001
 8.2629818e-001
 8.2681596e-001
 8.2734573e-001
 8.2781166e-001
 8.2814115e-001
 8.2828033e-001
 8.2820952e-001
 8.2794917e-001
 8.2755047e-001
 8.2708037e-001
 8.2660687e-001
 8.2618779e-001
 8.2586157e-001
 8.2564467e-001
 8.2553566e-001
 8.2552159e-001
 8.2558280e-001
 8.2569247e-001
 8.2581556e-001
 8.2590818e-001
 8.2592070e-001
 8.2580465e-001
 8.2552516e-001
 8.2507670e-001
 8.2460046e-001
 8.2445133e-001
 8.2436854e-001
 8.2437414e-001
 8.2447976e-001
 8.2468289e-001
 8.2496518e-001
 8.2529354e-001
 8.2562286e-001
 8.2590252e-001
 8.2608479e-001
 8.2613397e-001
 8.2603383e-001
 8.2579190e-001
 8.2543629e-001
 8.2500952e-001
 8.2456011e-001
 8.2413435e-001
 8.2376957e-001
 8.2348943e-001
 8.2330257e-001
 8.2320368e-001
 8.2317650e-001
 8.2319760e-001
 8.2324070e-001
 8.2328004e-001
 8.2329410e-001
 8.2326949e-001
 8.2320297e-001
 8.2310236e-001
 8.2298374e-001
 8.2286763e-001
 8.2277423e-001
 8.2271951e-001
 8.2271248e-001
 8.2275468e-001
 8.2284075e-001
 8.2296073e-001
 8.2310313e-001
 8.2325763e-001
 8.2341731e-001
 8.2357943e-001
 8.2374507e-001
 8.2391787e-001
 8.2410246e-001
 8.2430267e-001
 8.2452071e-001
 8.2475609e-001
 8.2500619e-001
 8.2526612e-001
 8.2552975e-001
 8.2579041e-001
 8.2604122e-001
 8.2627660e-001
 8.2649237e-001
 8.2668710e-001
 8.2686222e-001
 8.2702273e-001
 8.2717687e-001
 8.2733512e-001
 8.2750916e-001
 8.2770967e-001
 8.2794452e-001
 8.2821709e-001
 8.2852507e-001
 8.2886070e-001
 8.2921159e-001
 8.2956254e-001
 8.2989824e-001
 8.3020550e-001
 8.3047563e-001
 8.3070594e-001
 8.3089989e-001
 8.3106655e-001
 8.3121848e-001
 8.3136964e-001
 8.3153266e-001
 8.3171666e-001
 8.3192605e-001
 8.3216000e-001
 8.3241367e-001
 8.3267987e-001
 8.3295095e-001
 8.3322114e-001
 8.3348691e-001
 8.3374780e-001
 8.3400512e-001
 8.3426064e-001
 8.3451533e-001
 8.3476865e-001
 8.3501816e-001
 8.3526111e-001
 8.3549559e-001
 8.3572245e-001
 8.3594692e-001
 8.3617836e-001
 8.3643025e-001
 8.3671796e-001
 8.3705646e-001
 8.3745795e-001
 8.3792931e-001
 8.3847129e-001
 8.3907747e-001
 8.3973557e-001
 8.4042865e-001
 8.4113729e-001
 8.4184223e-001
 8.4252602e-001
 8.4317493e-001
 8.4378028e-001
 8.4433836e-001
 8.4485018e-001
 8.4532028e-001
 8.4575540e-001
 8.4616315e-001
 8.4655011e-001
 8.4692138e-001
 8.4727973e-001
 8.4762573e-001
 8.4795862e-001
 8.4827691e-001
 8.4857970e-001
 8.4886771e-001
 8.4914339e-001
 8.4941143e-001
 8.4967792e-001
 8.4994912e-001
 8.5023069e-001
 8.5052621e-001
 8.5083705e-001
 8.5116166e-001
 8.5149676e-001
 8.5183811e-001
 8.5218149e-001
 8.5252422e-001
 8.5286534e-001
 8.5320622e-001
 8.5355031e-001
 8.5390270e-001
 8.5426933e-001
 8.5465682e-001
 8.5507143e-001
 8.5551876e-001
 8.5600317e-001
 8.5652685e-001
 8.5708934e-001
 8.5768646e-001
 8.5831022e-001
 8.5894847e-001
 8.5958582e-001
 8.6020511e-001
 8.6078918e-001
 8.6132336e-001
 8.6179680e-001
 8.6220455e-001
 8.6254781e-001
 8.6283344e-001
 8.6307347e-001
 8.6328340e-001
 8.6348093e-001
 8.6368459e-001
 8.6391264e-001
 8.6418194e-001
 8.6450684e-001
 8.6489809e-001
 8.6536115e-001
 8.6589509e-001
 8.6649150e-001
 8.6713493e-001
 8.6780393e-001
 8.6847401e-001
 8.6912102e-001
 8.6972558e-001
 8.7027711e-001
 8.7077582e-001
 8.7123394e-001
 8.7167394e-001
 8.7212467e-001
 8.7261641e-001
 8.7317425e-001
 8.7381309e-001
 8.7453276e-001
 8.7531674e-001
 8.7613338e-001
 8.7693965e-001
 8.7768823e-001
 8.7833476e-001
 8.7884557e-001
 8.7920332e-001
 8.7940943e-001
 8.7948346e-001
 8.7945884e-001
 8.7937653e-001
 8.7927765e-001
 8.7919754e-001
 8.7916064e-001
 8.7917948e-001
 8.7925488e-001
 8.7937945e-001
 8.7954122e-001
 8.7972772e-001
 8.7992936e-001
 8.8014156e-001
 8.8036525e-001
 8.8060689e-001
 8.8087696e-001
 8.8118827e-001
 8.8155395e-001
 8.8198566e-001
 8.8249129e-001
 8.8307351e-001
 8.8372892e-001
 8.8444734e-001
 8.8521224e-001
 8.8600278e-001
 8.8679516e-001
 8.8756633e-001
 8.8829571e-001
 8.8896799e-001
 8.8957453e-001
 8.9011270e-001
 8.9058566e-001
 8.9099979e-001
 8.9136326e-001
 8.9168388e-001
 8.9196801e-001
 8.9222080e-001
 8.9244604e-001
 8.9264804e-001
 8.9283210e-001
 8.9300579e-001
 8.9317864e-001
 8.9336175e-001
 8.9356637e-001
 8.9380246e-001
 8.9407665e-001
 8.9439142e-001
 8.9474458e-001
 8.9512974e-001
 8.9553797e-001
 8.9595944e-001
 8.9638567e-001
 8.9681149e-001
 8.9723527e-001
 8.9765900e-001
 8.9808625e-001
 8.9852017e-001
 8.9896131e-001
 8.9940614e-001
 8.9984721e-001
 9.0027428e-001
 9.0067685e-001
 9.0104705e-001
 9.0138131e-001
 9.0168136e-001
 9.0195245e-001
 9.0220052e-001
 9.0242898e-001
 9.0263492e-001
 9.0280777e-001
 9.0292966e-001
 9.0297794e-001
 9.0292931e-001
 9.0276426e-001
 9.0247089e-001
 9.0204728e-001
 9.0150219e-001
 9.0085399e-001
 9.0012968e-001
 8.9936322e-001
 8.9859396e-001
 8.9786655e-001
 8.9722884e-001
 8.9673030e-001
 8.9641780e-001
 8.9633000e-001
 8.9649093e-001
 8.9690423e-001
 8.9754903e-001
 8.9837939e-001
 8.9932889e-001
 9.0031719e-001
 9.0126187e-001
 9.0208805e-001
 9.0273887e-001
 9.0318155e-001
 9.0340936e-001
 9.0343958e-001
 9.0330809e-001
 9.0306234e-001
 9.0275335e-001
 9.0242964e-001
 9.0213251e-001
 9.0189379e-001
 9.0173566e-001
 9.0167189e-001
 9.0170979e-001
 9.0185189e-001
 9.0209711e-001
 9.0244091e-001
 9.0287471e-001
 9.0338463e-001
 9.0395087e-001
 9.0454799e-001
 9.0514600e-001
 9.0571415e-001
 9.0622395e-001
 9.0665382e-001
 9.0699226e-001
 9.0723908e-001
 9.0740502e-001
 9.0750933e-001
 9.0757579e-001
 9.0762854e-001
 9.0768886e-001
 9.0777278e-001
 9.0789080e-001
 9.0804863e-001
 9.0824836e-001
 9.0848970e-001
 9.0877050e-001
 9.0908700e-001
 9.0943259e-001
 9.0979803e-001
 9.1017139e-001
 9.1053969e-001
 9.1089082e-001
 9.1121620e-001
 9.1151273e-001
 9.1178364e-001
 9.1203737e-001
 9.1228569e-001
 9.1253972e-001
 9.1280746e-001
 9.1309083e-001
 9.1338521e-001
 9.1368097e-001
 9.1396570e-001
 9.1422760e-001
 9.1445881e-001
 9.1465688e-001
 9.1482562e-001
 9.1497391e-001
 9.1511363e-001
 9.1525686e-001
 9.1541362e-001
 9.1558987e-001
 9.1578692e-001
 9.1600138e-001
 9.1622639e-001
 9.1645306e-001
 9.1667241e-001
 9.1687655e-001
 9.1706038e-001
 9.1722208e-001
 9.1736311e-001
 9.1748756e-001
 9.1760063e-001
 9.1770679e-001
 9.1780770e-001
 9.1789997e-001
 9.1797394e-001
 9.1801381e-001
 9.1799885e-001
 9.1790622e-001
 9.1771460e-001
 9.1740751e-001
 9.1697466e-001
 9.1641122e-001
 9.1571176e-001
 9.1486168e-001
 9.1382414e-001
 9.1252571e-001
 9.1084409e-001
 9.0859759e-001
 9.0554464e-001
 9.0139061e-001
 8.9580387e-001
 8.8844836e-001
 8.7901592e-001
 8.6727649e-001
 8.5312289e-001
 8.3660710e-001
 8.1798548e-001
 7.9772007e-001
 7.7648926e-001
 7.5515270e-001
 7.3468947e-001
 7.1613687e-001
 7.0048988e-001
 6.8859881e-001
 6.8109059e-001
 6.7828828e-001
 6.8018115e-001
 6.8642241e-001
 6.9637769e-001
 7.0919746e-001
 7.2392613e-001
 7.3959899e-001
 7.5534147e-001
 7.7044660e-001
 7.8440183e-001
 7.9691017e-001
 8.0785763e-001
 8.1728011e-001
 8.2531804e-001
 8.3216161e-001
 8.3801877e-001
 8.4307981e-001
 8.4750289e-001
 8.5140759e-001
 8.5487229e-001
 8.5794395e-001
 8.6064345e-001
 8.6297631e-001
 8.6494195e-001
 8.6653870e-001
 8.6776930e-001
 8.6864382e-001
 8.6917925e-001
 8.6939949e-001
 8.6933285e-001
 8.6901081e-001
 8.6846572e-001
 8.6773044e-001
 8.6683732e-001
 8.6581916e-001
 8.6470968e-001
 8.6354297e-001
 8.6235422e-001
 8.6117744e-001
 8.6004448e-001
 8.5898286e-001
 8.5801339e-001
 8.5715050e-001
 8.5640115e-001
 8.5576713e-001
 8.5524613e-001
 8.5483360e-001
 8.5452467e-001
 8.5431480e-001
 8.5419947e-001
 8.5417444e-001
 8.5423559e-001
 8.5437900e-001
 8.5460228e-001
 8.5490602e-001
 8.5529500e-001
 8.5577935e-001
 8.5637325e-001
 8.5709292e-001
 8.5795331e-001
 8.5896307e-001
 8.6012185e-001
 8.6141646e-001
 8.6282128e-001
 8.6430043e-001
 8.6581051e-001
 8.6730707e-001
 8.6874855e-001
 8.7010139e-001
 8.7134331e-001
 8.7246358e-001
 8.7346262e-001
 8.7435031e-001
 8.7514228e-001
 8.7585801e-001
 8.7651771e-001
 8.7714124e-001
 8.7774795e-001
 8.7835640e-001
 8.7898505e-001
 8.7965173e-001
 8.8037229e-001
 8.8115835e-001
 8.8201362e-001
 8.8293123e-001
 8.8389099e-001
 8.8486052e-001
 8.8579863e-001
 8.8666099e-001
 8.8740832e-001
 8.8801318e-001
 8.8846523e-001
 8.8877177e-001
 8.8895434e-001
 8.8904142e-001
 8.8905954e-001
 8.8902527e-001
 8.8894117e-001
 8.8879544e-001
 8.8856739e-001
 8.8823527e-001
 8.8778538e-001
 8.8721848e-001
 8.8655329e-001
 8.8582444e-001
 8.8507622e-001
 8.8435525e-001
 8.8370115e-001
 8.8314098e-001
 8.8268578e-001
 8.8233107e-001
 8.8206065e-001
 8.8185132e-001
 8.8167852e-001
 8.8152057e-001
 8.8136089e-001
 8.8118869e-001
 8.8099748e-001
 8.8078290e-001
 8.8054037e-001
 8.8026315e-001
 8.7994194e-001
 8.7956583e-001
 8.7912393e-001
 8.7860888e-001
 8.7801927e-001
 8.7736219e-001
 8.7665391e-001
 8.7591732e-001
 8.7517935e-001
 8.7446666e-001
 8.7380350e-001
 8.7321007e-001
 8.7270117e-001
 8.7228543e-001
 8.7196529e-001
 8.7173867e-001
 8.7160045e-001
 8.7154460e-001
 8.7156582e-001
 8.7165910e-001
 8.7181860e-001
 8.7203503e-001
 8.7229478e-001
 8.7257963e-001
 8.7286812e-001
 8.7313807e-001
 8.7336880e-001
 8.7354374e-001
 8.7365198e-001
 8.7368971e-001
 8.7366122e-001
 8.7357831e-001
 8.7345940e-001
 8.7332797e-001
 8.7320977e-001
 8.7313032e-001
 8.7311208e-001
 8.7317187e-001
 8.7331885e-001
 8.7355363e-001
 8.7386829e-001
 8.7424821e-001
 8.7467480e-001
 8.7512767e-001
 8.7558722e-001
 8.7603682e-001
 8.7646341e-001
 8.7685937e-001
 8.7722260e-001
 8.7755674e-001
 8.7787092e-001
 8.7817782e-001
 8.7849265e-001
 8.7883097e-001
 8.7920672e-001
 8.7963098e-001
 8.8010991e-001
 8.8064438e-001
 8.8122952e-001
 8.8185555e-001
 8.8250983e-001
 8.8317859e-001
 8.8384908e-001
 8.8451171e-001
 8.8516051e-001
 8.8579434e-001
 8.8641608e-001
 8.8703167e-001
 8.8764930e-001
 8.8827634e-001
 8.8891852e-001
 8.8957757e-001
 8.9025068e-001
 8.9093053e-001
 8.9160621e-001
 8.9226490e-001
 8.9289409e-001
 8.9348346e-001
 8.9402682e-001
 8.9452308e-001
 8.9497626e-001
 8.9539522e-001
 8.9579195e-001
 8.9618009e-001
 8.9657289e-001
 8.9698124e-001
 8.9741278e-001
 8.9787072e-001
 8.9835411e-001
 8.9885783e-001
 8.9937341e-001
 8.9989042e-001
 9.0039700e-001
 9.0088183e-001
 9.0133470e-001
 9.0174836e-001
 9.0211970e-001
 9.0245026e-001
 9.0274781e-001
 9.0302557e-001
 9.0330219e-001
 9.0360028e-001
 9.0394384e-001
 9.0435559e-001
 9.0485388e-001
 9.0544981e-001
 9.0614539e-001
 9.0693253e-001
 9.0779358e-001
 9.0870416e-001
 9.0963566e-001
 9.1055983e-001
 9.1145200e-001
 9.1229433e-001
 9.1307813e-001
 9.1380310e-001
 9.1447645e-001
 9.1511005e-001
 9.1571665e-001
 9.1630691e-001
 9.1688603e-001
 9.1745281e-001
 9.1799891e-001
 9.1851097e-001
 9.1897339e-001
 9.1937131e-001
 9.1969454e-001
 9.1994023e-001
 9.2011422e-001
 9.2023093e-001
 9.2031133e-001
 9.2038018e-001
 9.2046213e-001
 9.2057782e-001
 9.2074096e-001
 9.2095637e-001
 9.2121977e-001
 9.2151886e-001
 9.2183590e-001
 9.2215115e-001
 9.2244649e-001
 9.2270839e-001
 9.2293060e-001
 9.2311394e-001
 9.2326611e-001
 9.2339933e-001
 9.2352825e-001
 9.2366761e-001
 9.2383027e-001
 9.2402613e-001
 9.2426133e-001
 9.2453772e-001
 9.2485338e-001
 9.2520338e-001
 9.2558086e-001
 9.2597890e-001
 9.2639101e-001
 9.2681259e-001
 9.2724067e-001
 9.2767352e-001
 9.2810994e-001
 9.2854756e-001
 9.2898196e-001
 9.2940539e-001
 9.2980695e-001
 9.3017334e-001
 9.3049026e-001
 9.3074477e-001
 9.3092746e-001
 9.3103492e-001
 9.3107104e-001
 9.3104804e-001
 9.3098599e-001
 9.3091196e-001
 9.3085718e-001
 9.3085390e-001
 9.3093085e-001
 9.3110943e-001
 9.3139976e-001
 9.3179840e-001
 9.3228793e-001
 9.3283814e-001
 9.3340921e-001
 9.3395704e-001
 9.3443769e-001
 9.3481386e-001
 9.3505853e-001
 9.3515873e-001
 9.3511641e-001
 9.3494791e-001
 9.3468106e-001
 9.3435144e-001
 9.3399769e-001
 9.3365651e-001
 9.3335867e-001
 9.3312615e-001
 9.3297058e-001
 9.3289316e-001
 9.3288606e-001
 9.3293488e-001
 9.3302101e-001
 9.3312472e-001
 9.3322742e-001
 9.3331367e-001
 9.3337178e-001
 9.3339455e-001
 9.3337852e-001
 9.3332338e-001
 9.3323088e-001
 9.3310368e-001
 9.3294477e-001
 9.3275625e-001
 9.3253976e-001
 9.3229592e-001
 9.3202519e-001
 9.3172812e-001
 9.3140632e-001
 9.3106329e-001
 9.3070477e-001
 9.3033928e-001
 9.2997819e-001
 9.2963505e-001
 9.2932469e-001
 9.2906195e-001
 9.2886031e-001
 9.2873031e-001
 9.2867815e-001
 9.2870504e-001
 9.2880684e-001
 9.2897427e-001
 9.2919403e-001
 9.2944992e-001
 9.2972463e-001
 9.3000108e-001
 9.3026394e-001
 9.3050057e-001
 9.3070173e-001
 9.3086159e-001
 9.3097758e-001
 9.3105000e-001
 9.3108153e-001
 9.3107659e-001
 9.3104088e-001
 9.3098080e-001
 9.3090338e-001
 9.3081534e-001
 9.3072307e-001
 9.3063194e-001
 9.3054563e-001
 9.3046558e-001
 9.3039060e-001
 9.3031675e-001
 9.3023717e-001
 9.3014270e-001
 9.3002272e-001
 9.2986631e-001
 9.2966354e-001
 9.2940658e-001
 9.2909092e-001
 9.2871606e-001
 9.2828584e-001
 9.2780817e-001
 9.2729455e-001
 9.2675894e-001
 9.2621642e-001
 9.2568219e-001
 9.2516994e-001
 9.2469090e-001
 9.2425328e-001
 9.2386198e-001
 9.2351884e-001
 9.2322302e-001
 9.2297095e-001
 9.2275709e-001
 9.2257369e-001
 9.2241150e-001
 9.2225969e-001
 9.2210543e-001
 9.2193490e-001
 9.2173332e-001
 9.2148590e-001
 9.2117918e-001
 9.2080218e-001
 9.2034787e-001
 9.1981477e-001
 9.1920698e-001
 9.1853464e-001
 9.1784298e-001
 9.1706508e-001
 9.1627634e-001
 9.1549683e-001
 9.1474366e-001
 9.1402769e-001
 9.1335303e-001
 9.1271687e-001
 9.1211176e-001
 9.1152787e-001
 9.1095412e-001
 9.1037965e-001
 9.0979433e-001
 9.0918905e-001
 9.0855694e-001
 9.0789372e-001
 9.0719742e-001
 9.0646857e-001
 9.0570945e-001
 9.0492344e-001
 9.0411466e-001
 9.0328735e-001
 9.0244645e-001
 9.0159744e-001
 9.0074706e-001
 8.9990383e-001
 8.9907777e-001
 8.9828086e-001
 8.9752579e-001
 8.9682639e-001
 8.9619625e-001
 8.9564836e-001
 8.9519393e-001
 8.9484012e-001
 8.9458770e-001
 8.9442867e-001
 8.9434534e-001
 8.9431131e-001
 8.9429367e-001
 8.9425588e-001
 8.9415973e-001
 8.9396721e-001
 8.9364290e-001
 8.9315701e-001
 8.9248854e-001
 8.9162946e-001
 8.9058524e-001
 8.8937414e-001
 8.8802373e-001
 8.8656664e-001
 8.8503855e-001
 8.8347501e-001
 8.8191074e-001
 8.8037717e-001
 8.7889969e-001
 8.7749672e-001
 8.7617761e-001
 8.7494469e-001
 8.7379473e-001
 8.7272054e-001
 8.7171400e-001
 8.7076586e-001
 8.6986750e-001
 8.6901057e-001
 8.6818749e-001
 8.6739254e-001
 8.6662126e-001
 8.6587036e-001
 8.6513793e-001
 8.6442238e-001
 8.6372262e-001
 8.6303765e-001
 8.6236656e-001
 8.6170894e-001
 8.6106437e-001
 8.6043334e-001
 8.5981685e-001
 8.5921621e-001
 8.5863358e-001
 8.5807079e-001
 8.5753024e-001
 8.5701388e-001
 8.5652333e-001
 8.5605961e-001
 8.5562181e-001
 8.5520768e-001
 8.5481244e-001
 8.5442960e-001
 8.5405123e-001
 8.5366857e-001
 8.5327250e-001
 8.5285425e-001
 8.5240579e-001
 8.5192120e-001
 8.5139769e-001
 8.5083687e-001
 8.5024530e-001
 8.4963375e-001
 8.4901637e-001
 8.4840930e-001
 8.4782910e-001
 8.4729266e-001
 8.4681517e-001
 8.4640944e-001
 8.4608364e-001
 8.4583974e-001
 8.4567285e-001
 8.4557188e-001
 8.4552127e-001
 8.4550279e-001
 8.4549695e-001
 8.4548438e-001
 8.4544700e-001
 8.4536988e-001
 8.4524316e-001
 8.4506381e-001
 8.4483659e-001
 8.4457326e-001
 8.4429055e-001
 8.4400833e-001
 8.4374750e-001
 8.4352875e-001
 8.4337074e-001
 8.4328735e-001
 8.4328479e-001
 8.4335858e-001
 8.4349257e-001
 8.4366018e-001
 8.4382689e-001
 8.4395361e-001
 8.4399962e-001
 8.4392452e-001
 8.4369141e-001
 8.4327072e-001
 8.4264541e-001
 8.4181499e-001
 8.4079784e-001
 8.3962935e-001
 8.3835673e-001
 8.3703506e-001
 8.3572251e-001
 8.3447671e-001
 8.3335263e-001
 8.3239675e-001
 8.3164304e-001
 8.3110744e-001
 8.3078617e-001
 8.3065790e-001
 8.3068800e-001
 8.3083421e-001
 8.3105063e-001
 8.3129084e-001
 8.3151031e-001
 8.3166957e-001
 8.3173728e-001
 8.3169353e-001
 8.3153099e-001
 8.3125371e-001
 8.3087391e-001
 8.3040893e-001
 8.2987863e-001
 8.2930309e-001
 8.2870209e-001
 8.2809365e-001
 8.2749236e-001
 8.2690889e-001
 8.2634890e-001
 8.2581407e-001
 8.2530284e-001
 8.2481158e-001
 8.2433605e-001
 8.2387149e-001
 8.2341331e-001
 8.2295734e-001
 8.2249969e-001
 8.2203770e-001
 8.2156920e-001
 8.2109314e-001
 8.2060903e-001
 8.2011664e-001
 8.1961614e-001
 8.1910759e-001
 8.1859171e-001
 8.1806970e-001
 8.1754363e-001
 8.1701714e-001
 8.1649524e-001
 8.1598443e-001
 8.1549209e-001
 8.1502628e-001
 8.1459516e-001
 8.1420678e-001
 8.1386828e-001
 8.1358540e-001
 8.1336087e-001
 8.1319386e-001
 8.1307936e-001
 8.1300873e-001
 8.1297058e-001
 8.1295186e-001
 8.1293905e-001
 8.1291932e-001
 8.1288171e-001
 8.1281990e-001
 8.1273502e-001
 8.1263822e-001
 8.1255209e-001
 8.1250912e-001
 8.1254941e-001
 8.1271726e-001
 8.1305867e-001
 8.1361884e-001
 8.1443805e-001
 8.1554741e-001
 8.1696272e-001
 8.1867689e-001
 8.2066029e-001
 8.2286131e-001
 8.2521319e-001
 8.2763797e-001
 8.3005553e-001
 8.3238566e-001
 8.3455098e-001
 8.3648592e-001
 8.3814156e-001
 8.3949089e-001
 8.4053355e-001
 8.4129190e-001
 8.4180492e-001
 8.4212208e-001
 8.4229732e-001
 8.4238559e-001
 8.4243959e-001
 8.4250659e-001
 8.4262455e-001
 8.4281850e-001
 8.4309947e-001
 8.4346581e-001
 8.4390604e-001
 8.4440351e-001
 8.4493858e-001
 8.4549105e-001
 8.4604067e-001
 8.4656882e-001
 8.4705925e-001
 8.4749866e-001
 8.4787756e-001
 8.4818965e-001
 8.4843087e-001
 8.4859872e-001
 8.4869111e-001
 8.4870595e-001
 8.4864044e-001
 8.4848982e-001
 8.4824616e-001
 8.4789777e-001
 8.4742790e-001
 8.4681571e-001
 8.4603775e-001
 8.4506845e-001
 8.4388161e-001
 8.4245324e-001
 8.4076273e-001
 8.3879805e-001
 8.3656073e-001
 8.3407313e-001
 8.3137727e-001
 8.2853407e-001
 8.2562065e-001
 8.2272035e-001
 8.1992000e-001
 8.1730783e-001
 8.1496495e-001
 8.1296194e-001
 8.1134981e-001
 8.1015503e-001
 8.0937415e-001
 8.0897850e-001
 8.0892032e-001
 8.0914038e-001
 8.0957448e-001
 8.1015712e-001
 8.1082577e-001
 8.1152457e-001
 8.1220865e-001
 8.1284887e-001
 8.1343311e-001
 8.1396484e-001
 8.1445837e-001
 8.1493527e-001
 8.1541997e-001
 8.1593698e-001
 8.1650883e-001
 8.1715256e-001
 8.1787580e-001
 8.1867415e-001
 8.1952918e-001
 8.2041037e-001
 8.2127738e-001
 8.2208514e-001
 8.2278621e-001
 8.2333302e-001
 8.2368183e-001
 8.2379574e-001
 8.2364988e-001
 8.2323593e-001
 8.2256323e-001
 8.2165819e-001
 8.2055855e-001
 8.1930965e-001
 8.1795955e-001
 8.1655818e-001
 8.1515288e-001
 8.1378746e-001
 8.1250012e-001
 8.1131947e-001
 8.1026459e-001
 8.0934650e-001
 8.0856907e-001
 8.0793262e-001
 8.0743533e-001
 8.0707449e-001
 8.0684632e-001
 8.0674535e-001
 8.0676365e-001
 8.0688971e-001
 8.0710846e-001
 8.0740094e-001
 8.0774599e-001
 8.0812103e-001
 8.0850255e-001
 8.0886799e-001
 8.0919647e-001
 8.0947107e-001
 8.0968124e-001
 8.0982578e-001
 8.0991310e-001
 8.0996054e-001
 8.0999225e-001
 8.1003594e-001
 8.1012118e-001
 8.1027681e-001
 8.1052923e-001
 8.1089878e-001
 8.1139547e-001
 8.1201583e-001
 8.1274134e-001
 8.1353939e-001
 8.1436759e-001
 8.1517786e-001
 8.1591880e-001
 8.1653976e-001
 8.1699312e-001
 8.1723744e-001
 8.1724310e-001
 8.1699562e-001
 8.1649739e-001
 8.1576663e-001
 8.1483239e-001
 8.1373054e-001
 8.1250083e-001
 8.1118333e-001
 8.0981749e-001
 8.0844247e-001
 8.0709338e-001
 8.0580199e-001
 8.0459547e-001
 8.0349827e-001
 8.0253083e-001
 8.0171221e-001
 8.0106086e-001
 8.0059338e-001
 8.0032450e-001
 8.0026478e-001
 8.0041766e-001
 8.0077732e-001
 8.0132717e-001
 8.0204129e-001
 8.0288702e-001
 8.0382746e-001
 8.0482346e-001
 8.0583632e-001
 8.0682886e-001
 8.0776697e-001
 8.0862314e-001
 8.0937821e-001
 8.1002176e-001
 8.1055212e-001
 8.1097347e-001
 8.1129390e-001
 8.1152284e-001
 8.1167066e-001
 8.1174713e-001
 8.1176096e-001
 8.1171906e-001
 8.1162560e-001
 8.1148201e-001
 8.1128699e-001
 8.1103736e-001
 8.1072867e-001
 8.1035596e-001
 8.0991334e-001
 8.0939370e-001
 8.0878770e-001
 8.0808187e-001
 8.0725712e-001
 8.0628902e-001
 8.0514717e-001
 8.0379707e-001
 8.0220294e-001
 8.0032742e-001
 7.9813451e-001
 7.9559106e-001
 7.9267371e-001
 7.8937030e-001
 7.8568566e-001
 7.8164685e-001
 7.7729583e-001
 7.7268714e-001
 7.6788646e-001
 7.6295942e-001
 7.5797319e-001
 7.5299102e-001
 7.4807352e-001
 7.4326706e-001
 7.3860377e-001
 7.3410326e-001
 7.2976744e-001
 7.2558755e-001
 7.2155172e-001
 7.1764189e-001
 7.1383971e-001
 7.1013063e-001
 7.0650011e-001
 7.0293999e-001
 6.9944805e-001
 6.9603235e-001
 6.9270551e-001
 6.8948525e-001
 6.8639475e-001
 6.8345612e-001
 6.8069166e-001
 6.7812407e-001
 6.7577076e-001
 6.7364460e-001
 6.7175037e-001
 6.7008597e-001
 6.6864043e-001
 6.6739762e-001
 6.6633880e-001
 6.6544271e-001
 6.6468698e-001
 6.6404879e-001
 6.6350281e-001
 6.6302043e-001
 6.6256917e-001
 6.6211122e-001
 6.6160470e-001
 6.6100430e-001
 6.6026318e-001
 6.5933305e-001
 6.5816486e-001
 6.5670943e-001
 6.5491539e-001
 6.5272874e-001
 6.5009373e-001
 6.4694965e-001
 6.4323282e-001
 6.3887638e-001
 6.3381547e-001
 6.2798315e-001
 6.2131584e-001
 6.1376631e-001
 6.0530591e-001
 5.9594399e-001
 5.8574909e-001
 5.7484144e-001
 5.6339294e-001
 5.5162263e-001
 5.3976393e-001
 5.2806246e-001
 5.1675946e-001
 5.0609004e-001
 4.9624971e-001
 4.8738170e-001
 4.7956347e-001
 4.7278640e-001
 4.6697092e-001
 4.6198854e-001
 4.5767489e-001
 4.5385242e-001
 4.5034006e-001
 4.4696569e-001
 4.4357169e-001
 4.4002947e-001
 4.3625250e-001
 4.3219548e-001
 4.2785239e-001
 4.2324954e-001
 4.1842785e-001
 4.1343740e-001
 4.0833724e-001
 4.0318903e-001
 3.9806604e-001
 3.9305753e-001
 3.8827929e-001
 3.8386893e-001
 3.7998742e-001
 3.7681535e-001
 3.7454003e-001
 3.7335253e-001
 3.7344006e-001
 3.7497312e-001
 3.7808952e-001
 3.8287288e-001
 3.8932824e-001
 3.9738056e-001
 4.0688109e-001
 4.1761878e-001
 4.2935634e-001
 4.4184202e-001
 4.5481187e-001
 4.6801698e-001
 4.8122200e-001
 4.9422282e-001
 5.0684410e-001
 5.1896226e-001
 5.3049141e-001
 5.4136586e-001
 5.5154538e-001
 5.6099737e-001
 5.6968719e-001
 5.7759035e-001
 5.8468676e-001
 5.9095949e-001
 5.9640759e-001
 6.0104066e-001
 6.0487992e-001
 6.0795194e-001
 6.1029106e-001
 6.1193371e-001
 6.1291724e-001
 6.1328346e-001
 6.1307955e-001
 6.1236274e-001
 6.1120331e-001
 6.0968602e-001
 6.0790861e-001
 6.0598034e-001
 6.0401499e-001
 6.0212821e-001
 6.0043460e-001
 5.9903747e-001
 5.9801936e-001
 5.9742773e-001
 5.9726030e-001
 5.9746081e-001
 5.9792554e-001
 5.9851784e-001
 5.9908271e-001
 5.9945840e-001
 5.9948498e-001
 5.9901375e-001
 5.9791744e-001
 5.9610385e-001
 5.9352523e-001
 5.9018338e-001
 5.8612972e-001
 5.8144987e-001
 5.7625335e-001
 5.7065922e-001
 5.6479341e-001
 5.5877697e-001
 5.5272847e-001
 5.4676795e-001
 5.4120523e-001
 5.3709906e-001
 5.3209782e-001
 5.2752966e-001
 5.2343237e-001
 5.1984531e-001
 5.1680684e-001
 5.1435757e-001
 5.1253605e-001
 5.1138127e-001
 5.1093251e-001
 5.1122284e-001
 5.1222628e-001
 5.1388526e-001
 5.1614153e-001
 5.1893795e-001
 5.2221507e-001
 5.2591544e-001
 5.2998090e-001
 5.3435469e-001
 5.3897655e-001
 5.4378951e-001
 5.4873538e-001
 5.5375749e-001
 5.5879527e-001
 5.6379467e-001
 5.6872457e-001
 5.7356709e-001
 5.7830554e-001
 5.8291990e-001
 5.8739358e-001
 5.9170866e-001
 5.9584838e-001
 5.9979302e-001
 6.0352570e-001
 6.0702872e-001
 6.1028504e-001
 6.1327517e-001
 6.1598229e-001
 6.1838859e-001
 6.2047619e-001
 6.2222773e-001
 6.2362462e-001
 6.2465209e-001
 6.2531888e-001
 6.2564582e-001
 6.2565398e-001
 6.2536448e-001
 6.2479860e-001
 6.2397695e-001
 6.2292123e-001
 6.2165231e-001
 6.2019128e-001
 6.1855930e-001
 6.1677694e-001
 6.1486602e-001
 6.1284757e-001
 6.1074239e-001
 6.0857123e-001
 6.0635614e-001
 6.0411775e-001
 6.0187709e-001
 5.9965485e-001
 5.9747303e-001
 5.9535223e-001
 5.9331220e-001
 5.9135866e-001
 5.8949238e-001
 5.8771247e-001
 5.8601856e-001
 5.8441031e-001
 5.8288687e-001
 5.8144885e-001
 5.8009535e-001
 5.7882601e-001
 5.7764024e-001
 5.7653821e-001
 5.7551932e-001
 5.7458317e-001
 5.7372916e-001
 5.7295740e-001
 5.7226729e-001
 5.7165849e-001
 5.7113057e-001
 5.7068306e-001
 5.7031602e-001
 5.7002878e-001
 5.6982094e-001
 5.6969225e-001
 5.6964231e-001
 5.6967080e-001
 5.6977695e-001
 5.6995779e-001
 5.7020885e-001
 5.7052588e-001
 5.7090443e-001
 5.7134026e-001
 5.7182908e-001
 5.7236630e-001
 5.7294786e-001
 5.7356912e-001
 5.7422620e-001
 5.7491416e-001
 5.7562912e-001
 5.7636636e-001
 5.7712203e-001
 5.7789129e-001
 5.7867002e-001
 5.7945389e-001
 5.8023864e-001
 5.8101970e-001
 5.8179277e-001
 5.8255357e-001
 5.8329779e-001
 5.8402127e-001
 5.8471918e-001
 5.8538747e-001
 5.8602178e-001
 5.8661795e-001
 5.8717120e-001
 5.8767748e-001
 5.8813298e-001
 5.8853787e-001
 5.8889455e-001
 5.8920509e-001
