s07_ASD Record=15202: L-Cysteine SA-W326305 85K    ASDHRb AREF
-1.2300000e+034
 7.2938114e-001
 6.4735705e-001
 6.7997485e-001
 7.2405785e-001
 7.1089357e-001
 6.5700722e-001
 6.9450665e-001
 6.7387640e-001
 6.4009500e-001
 6.7269301e-001
 6.9568741e-001
 7.2209322e-001
 7.2484362e-001
 7.0179427e-001
 7.4114370e-001
 7.4374819e-001
 7.1055084e-001
 7.4024832e-001
 7.2363549e-001
 7.1047199e-001
 7.3488194e-001
 7.5269282e-001
 7.4412179e-001
 7.2851300e-001
 7.3496521e-001
 7.4794549e-001
 7.5442827e-001
 7.5189638e-001
 7.4535549e-001
 7.3457080e-001
 7.3900414e-001
 7.5740206e-001
 7.6353836e-001
 7.6457417e-001
 7.6234090e-001
 7.6310164e-001
 7.6972729e-001
 7.6240903e-001
 7.6196903e-001
 7.7970529e-001
 7.6493180e-001
 7.6505661e-001
 7.7922362e-001
 7.7531779e-001
 7.7761579e-001
 7.8408688e-001
 7.8835261e-001
 7.8641796e-001
 7.9713649e-001
 8.0436230e-001
 7.9711318e-001
 7.9822850e-001
 8.0166769e-001
 8.0913091e-001
 8.1974888e-001
 8.1928235e-001
 8.1392914e-001
 8.1415474e-001
 8.2468140e-001
 8.2516444e-001
 8.2954353e-001
 8.3977246e-001
 8.3319342e-001
 8.3358645e-001
 8.4015673e-001
 8.4339905e-001
 8.4311205e-001
 8.4560704e-001
 8.4875637e-001
 8.4622061e-001
 8.4886992e-001
 8.5355467e-001
 8.5667992e-001
 8.5732675e-001
 8.5645616e-001
 8.5721648e-001
 8.6065263e-001
 8.6198235e-001
 8.6534292e-001
 8.6869055e-001
 8.6712945e-001
 8.6589217e-001
 8.6632901e-001
 8.6790836e-001
 8.6863136e-001
 8.7140131e-001
 8.7303066e-001
 8.7121284e-001
 8.7103444e-001
 8.7317604e-001
 8.7530041e-001
 8.7456846e-001
 8.7553740e-001
 8.7592721e-001
 8.7512469e-001
 8.7529582e-001
 8.7545562e-001
 8.7614411e-001
 8.7712896e-001
 8.7658674e-001
 8.7644565e-001
 8.7673759e-001
 8.7700176e-001
 8.7935030e-001
 8.8161838e-001
 8.8187504e-001
 8.8036007e-001
 8.7957215e-001
 8.8094711e-001
 8.8352537e-001
 8.8320410e-001
 8.8236350e-001
 8.8169259e-001
 8.8119245e-001
 8.8245285e-001
 8.8333833e-001
 8.8330585e-001
 8.8416076e-001
 8.8329709e-001
 8.8236362e-001
 8.8376731e-001
 8.8591552e-001
 8.8496584e-001
 8.8315642e-001
 8.8579661e-001
 8.8641900e-001
 8.8489878e-001
 8.8298869e-001
 8.8361621e-001
 8.8470739e-001
 8.8595849e-001
 8.8708091e-001
 8.8691914e-001
 8.8614553e-001
 8.8611549e-001
 8.8760835e-001
 8.8780737e-001
 8.8852209e-001
 8.8999200e-001
 8.8924730e-001
 8.8933122e-001
 8.9048302e-001
 8.9098388e-001
 8.8912958e-001
 8.8801479e-001
 8.8836861e-001
 8.8807577e-001
 8.8809288e-001
 8.8705635e-001
 8.8495791e-001
 8.8481402e-001
 8.8582683e-001
 8.8668841e-001
 8.8620996e-001
 8.8573337e-001
 8.8538373e-001
 8.8518715e-001
 8.8514376e-001
 8.8557082e-001
 8.8592744e-001
 8.8548172e-001
 8.8450658e-001
 8.8459623e-001
 8.8509911e-001
 8.8441610e-001
 8.8483328e-001
 8.8482684e-001
 8.8417584e-001
 8.8469917e-001
 8.8425994e-001
 8.8381207e-001
 8.8445473e-001
 8.8430941e-001
 8.8468653e-001
 8.8552576e-001
 8.8545316e-001
 8.8491160e-001
 8.8481212e-001
 8.8503951e-001
 8.8390696e-001
 8.8410187e-001
 8.8492078e-001
 8.8422728e-001
 8.8326097e-001
 8.8294202e-001
 8.8319451e-001
 8.8248801e-001
 8.8123578e-001
 8.8061160e-001
 8.8137180e-001
 8.8183898e-001
 8.8116640e-001
 8.8041610e-001
 8.8125801e-001
 8.8093567e-001
 8.8070631e-001
 8.8108879e-001
 8.8069981e-001
 8.8036042e-001
 8.8057601e-001
 8.8138920e-001
 8.8187641e-001
 8.8283229e-001
 8.8392884e-001
 8.8397318e-001
 8.8450348e-001
 8.8505930e-001
 8.8490295e-001
 8.8432926e-001
 8.8475567e-001
 8.8611412e-001
 8.8709545e-001
 8.8749599e-001
 8.8859677e-001
 8.9031887e-001
 8.9041132e-001
 8.8997102e-001
 8.8874155e-001
 8.8659441e-001
 8.8465077e-001
 8.8297951e-001
 8.8148743e-001
 8.8030982e-001
 8.8062853e-001
 8.8191366e-001
 8.8310027e-001
 8.8371599e-001
 8.8499266e-001
 8.8622761e-001
 8.8582820e-001
 8.8452107e-001
 8.8282025e-001
 8.8131911e-001
 8.8016611e-001
 8.7882221e-001
 8.7803626e-001
 8.7836605e-001
 8.7876511e-001
 8.7954068e-001
 8.8048524e-001
 8.8125640e-001
 8.8247621e-001
 8.8362706e-001
 8.8406920e-001
 8.8379049e-001
 8.8382685e-001
 8.8375849e-001
 8.8296139e-001
 8.8281012e-001
 8.8311064e-001
 8.8324279e-001
 8.8250750e-001
 8.8191849e-001
 8.8201571e-001
 8.8255221e-001
 8.8215268e-001
 8.8186979e-001
 8.8181090e-001
 8.8156295e-001
 8.8151461e-001
 8.8116944e-001
 8.8067454e-001
 8.8096046e-001
 8.8099158e-001
 8.8055354e-001
 8.7987942e-001
 8.7947434e-001
 8.7942415e-001
 8.7934667e-001
 8.7884718e-001
 8.7906247e-001
 8.7891054e-001
 8.7804544e-001
 8.7816125e-001
 8.7796646e-001
 8.7769860e-001
 8.7765747e-001
 8.7642407e-001
 8.7679851e-001
 8.7865824e-001
 8.7827140e-001
 8.7822580e-001
 8.7832379e-001
 8.7847143e-001
 8.7950826e-001
 8.7944138e-001
 8.7873054e-001
 8.7917769e-001
 8.7883735e-001
 8.7877524e-001
 8.7919933e-001
 8.7877202e-001
 8.7879705e-001
 8.7889498e-001
 8.7845248e-001
 8.7838340e-001
 8.7855136e-001
 8.7855154e-001
 8.7798947e-001
 8.7772262e-001
 8.7791246e-001
 8.7812513e-001
 8.7760562e-001
 8.7776661e-001
 8.7832671e-001
 8.7818807e-001
 8.7781852e-001
 8.7731677e-001
 8.7685710e-001
 8.7660390e-001
 8.7661660e-001
 8.7650931e-001
 8.7595475e-001
 8.7543923e-001
 8.7547898e-001
 8.7571985e-001
 8.7535799e-001
 8.7514359e-001
 8.7517673e-001
 8.7514943e-001
 8.7451494e-001
 8.7421310e-001
 8.7398744e-001
 8.7343717e-001
 8.7303430e-001
 8.7222850e-001
 8.7160486e-001
 8.7210745e-001
 8.7175292e-001
 8.7110770e-001
 8.7092376e-001
 8.7116283e-001
 8.7115538e-001
 8.7081891e-001
 8.7042004e-001
 8.7011153e-001
 8.7009335e-001
 8.6997008e-001
 8.6918217e-001
 8.6902994e-001
 8.6911064e-001
 8.6890787e-001
 8.6872065e-001
 8.6917061e-001
 8.6947685e-001
 8.6871195e-001
 8.6841857e-001
 8.6824107e-001
 8.6801571e-001
 8.6788177e-001
 8.6780357e-001
 8.6756212e-001
 8.6714870e-001
 8.6703140e-001
 8.6697376e-001
 8.6689901e-001
 8.6676908e-001
 8.6648238e-001
 8.6609948e-001
 8.6584789e-001
 8.6587495e-001
 8.6547869e-001
 8.6491197e-001
 8.6432028e-001
 8.6329669e-001
 8.6260122e-001
 8.6229467e-001
 8.6189806e-001
 8.6110091e-001
 8.6032277e-001
 8.5942948e-001
 8.5778904e-001
 8.5638791e-001
 8.5519111e-001
 8.5394657e-001
 8.5257936e-001
 8.5136741e-001
 8.5011619e-001
 8.4855175e-001
 8.4721160e-001
 8.4630162e-001
 8.4556162e-001
 8.4458381e-001
 8.4448516e-001
 8.4468001e-001
 8.4483552e-001
 8.4575361e-001
 8.4688574e-001
 8.4827119e-001
 8.4997302e-001
 8.5137057e-001
 8.5252339e-001
 8.5345733e-001
 8.5426867e-001
 8.5533267e-001
 8.5618019e-001
 8.5652697e-001
 8.5679698e-001
 8.5695720e-001
 8.5722971e-001
 8.5757273e-001
 8.5734689e-001
 8.5714477e-001
 8.5696870e-001
 8.5657793e-001
 8.5670185e-001
 8.5669655e-001
 8.5640812e-001
 8.5653889e-001
 8.5655195e-001
 8.5619825e-001
 8.5556161e-001
 8.5532033e-001
 8.5543001e-001
 8.5534877e-001
 8.5465795e-001
 8.5439694e-001
 8.5418189e-001
 8.5391152e-001
 8.5370731e-001
 8.5302180e-001
 8.5234827e-001
 8.5212618e-001
 8.5214728e-001
 8.5224664e-001
 8.5201824e-001
 8.5145044e-001
 8.5141426e-001
 8.5123473e-001
 8.5076374e-001
 8.5026348e-001
 8.4966743e-001
 8.4903759e-001
 8.4851962e-001
 8.4819496e-001
 8.4770447e-001
 8.4761763e-001
 8.4791309e-001
 8.4731245e-001
 8.4661299e-001
 8.4591699e-001
 8.4514928e-001
 8.4457648e-001
 8.4441793e-001
 8.4429824e-001
 8.4352040e-001
 8.4258556e-001
 8.4226239e-001
 8.4212285e-001
 8.4089410e-001
 8.4067088e-001
 8.4037578e-001
 8.3906680e-001
 8.3782089e-001
 8.3750892e-001
 8.3775115e-001
 8.3748597e-001
 8.3658141e-001
 8.3601904e-001
 8.3555096e-001
 8.3460653e-001
 8.3461338e-001
 8.3468992e-001
 8.3471966e-001
 8.3525145e-001
 8.3522666e-001
 8.3465725e-001
 8.3420163e-001
 8.3471268e-001
 8.3492988e-001
 8.3464795e-001
 8.3403879e-001
 8.3351856e-001
 8.3345914e-001
 8.3339131e-001
 8.3304751e-001
 8.3351177e-001
 8.3362025e-001
 8.3319366e-001
 8.3291453e-001
 8.3293903e-001
 8.3271021e-001
 8.3221942e-001
 8.3213782e-001
 8.3230239e-001
 8.3245081e-001
 8.3229071e-001
 8.3175331e-001
 8.3103955e-001
 8.3033186e-001
 8.2981586e-001
 8.2957876e-001
 8.2942659e-001
 8.2889318e-001
 8.2808340e-001
 8.2823122e-001
 8.2855731e-001
 8.2821083e-001
 8.2731974e-001
 8.2775098e-001
 8.2753205e-001
 8.2679349e-001
 8.2692683e-001
 8.2686448e-001
 8.2640165e-001
 8.2583070e-001
 8.2576686e-001
 8.2554728e-001
 8.2481533e-001
 8.2398242e-001
 8.2396680e-001
 8.2347959e-001
 8.2243311e-001
 8.2123351e-001
 8.2076830e-001
 8.2107013e-001
 8.2119566e-001
 8.2070869e-001
 8.2077855e-001
 8.2103586e-001
 8.2043070e-001
 8.1894338e-001
 8.1859601e-001
 8.1746221e-001
 8.1526464e-001
 8.1246400e-001
 8.0939096e-001
 8.0599368e-001
 8.0148184e-001
 7.9585552e-001
 7.9118782e-001
 7.8551501e-001
 7.7851105e-001
 7.7114636e-001
 7.6396388e-001
 7.5640070e-001
 7.4916720e-001
 7.4308980e-001
 7.3661906e-001
 7.3123837e-001
 7.2656232e-001
 7.2141272e-001
 7.1771586e-001
 7.1451330e-001
 7.1171129e-001
 7.1004117e-001
 7.0961779e-001
 7.1107823e-001
 7.1459407e-001
 7.1979880e-001
 7.2639483e-001
 7.3379827e-001
 7.4156767e-001
 7.4880338e-001
 7.5397915e-001
 7.5909513e-001
 7.6417816e-001
 7.6765096e-001
 7.7249324e-001
 7.7686131e-001
 7.8016353e-001
 7.8398067e-001
 7.8835565e-001
 7.9207528e-001
 7.9461938e-001
 7.9702652e-001
 7.9978120e-001
 8.0236959e-001
 8.0383080e-001
 8.0415845e-001
 8.0587351e-001
 8.0732673e-001
 8.0819052e-001
 8.0984569e-001
 8.1110501e-001
 8.1194520e-001
 8.1205767e-001
 8.1141239e-001
 8.1134111e-001
 8.1130046e-001
 8.1093895e-001
 8.1031489e-001
 8.0954558e-001
 8.0929273e-001
 8.0836469e-001
 8.0594093e-001
 8.0590999e-001
 8.0508131e-001
 8.0287224e-001
 8.0142093e-001
 8.0128253e-001
 8.0121309e-001
 8.0015719e-001
 7.9901946e-001
 8.0005676e-001
 7.9890490e-001
 7.9688478e-001
 7.9685903e-001
 7.9609591e-001
 7.9665184e-001
 7.9779798e-001
 7.9781270e-001
 7.9665822e-001
 7.9550594e-001
 7.9478860e-001
 7.9521483e-001
 7.9664338e-001
 7.9453295e-001
 7.9175413e-001
 7.9195541e-001
 7.9423767e-001
 7.9533607e-001
 7.9322559e-001
 7.8956914e-001
 7.8908628e-001
 7.8990382e-001
 7.9111731e-001
 7.9036015e-001
 7.8775561e-001
 7.8935975e-001
 7.8837043e-001
 7.8572655e-001
 7.8641230e-001
 7.8507346e-001
 7.8388709e-001
 7.8264642e-001
 7.8117234e-001
 7.8111011e-001
 7.8025985e-001
 7.7889931e-001
 7.7824616e-001
 7.7855885e-001
 7.7821022e-001
 7.7612603e-001
 7.7321398e-001
 7.7202380e-001
 7.7127379e-001
 7.7006602e-001
 7.7082348e-001
 7.7316630e-001
 7.6662499e-001
 7.6469213e-001
 7.6513314e-001
 7.5959140e-001
 7.5667590e-001
 7.5568348e-001
 7.5616974e-001
 7.5525302e-001
 7.5055295e-001
 7.5035161e-001
 7.4628913e-001
 7.4389017e-001
 7.4143809e-001
 7.3898220e-001
 7.3657811e-001
 7.3428231e-001
 7.3214555e-001
 7.3020703e-001
 7.2849292e-001
 7.2701240e-001
 7.2575653e-001
 7.2469461e-001
 7.2377115e-001
 7.2290713e-001
 7.2200626e-001
 7.2096837e-001
 7.1970862e-001
 7.1817458e-001
 7.1635795e-001
 7.1429402e-001
 7.1204996e-001
 7.0970929e-001
 7.0735377e-001
 7.0505661e-001
 7.0288032e-001
 7.0088071e-001
 6.9911188e-001
 6.9762373e-001
 6.9645655e-001
 6.9563037e-001
 6.9513655e-001
 6.9493562e-001
 6.9496131e-001
 6.9513136e-001
 6.9536102e-001
 6.9557589e-001
 6.9572043e-001
 6.9576240e-001
 6.9569165e-001
 6.9551647e-001
 6.9525784e-001
 6.9494295e-001
 6.9459832e-001
 6.9424444e-001
 6.9389331e-001
 6.9354844e-001
 6.9320905e-001
 6.9287354e-001
 6.9254255e-001
 6.9221890e-001
 6.9190484e-001
 6.9159883e-001
 6.9129246e-001
 6.9096911e-001
 6.9060385e-001
 6.9016469e-001
 6.8961525e-001
 6.8891954e-001
 6.8804753e-001
 6.8698174e-001
 6.8571979e-001
 6.8427521e-001
 6.8267238e-001
 6.8093979e-001
 6.7910451e-001
 6.7718744e-001
 6.7520076e-001
 6.7315090e-001
 6.7103940e-001
 6.6886944e-001
 6.6664934e-001
 6.6439551e-001
 6.6213506e-001
 6.5990162e-001
 6.5773273e-001
 6.5566325e-001
 6.5371937e-001
 6.5191710e-001
 6.5025908e-001
 6.4873660e-001
 6.4733064e-001
 6.4601475e-001
 6.4475995e-001
 6.4353901e-001
 6.4233220e-001
 6.4113063e-001
 6.3993609e-001
 6.3876039e-001
 6.3762003e-001
 6.3653165e-001
 6.3550925e-001
 6.3456213e-001
 6.3369542e-001
 6.3291097e-001
 6.3220739e-001
 6.3158131e-001
 6.3102728e-001
 6.3053900e-001
 6.3011038e-001
 6.2973589e-001
 6.2941051e-001
 6.2912786e-001
 6.2887853e-001
 6.2864870e-001
 6.2842107e-001
 6.2817812e-001
 6.2790656e-001
 6.2760168e-001
 6.2726927e-001
 6.2692404e-001
 6.2658393e-001
 6.2626165e-001
 6.2595642e-001
 6.2564743e-001
 6.2529224e-001
 6.2483019e-001
 6.2418902e-001
 6.2329316e-001
 6.2207299e-001
 6.2047160e-001
 6.1845237e-001
 6.1600488e-001
 6.1314768e-001
 6.0993069e-001
 6.0642833e-001
 6.0273308e-001
 5.9894198e-001
 5.9514409e-001
 5.9141535e-001
 5.8781284e-001
 5.8438122e-001
 5.8115667e-001
 5.7817155e-001
 5.7545865e-001
 5.7304573e-001
 5.7094991e-001
 5.6916595e-001
 5.6765443e-001
 5.6633449e-001
 5.6508106e-001
 5.6373018e-001
 5.6209391e-001
 5.5997872e-001
 5.5720747e-001
 5.5363643e-001
 5.4916275e-001
 5.4372835e-001
 5.3730845e-001
 5.2990669e-001
 5.2154493e-001
 5.1225656e-001
 5.0209582e-001
 4.9113560e-001
 4.7948381e-001
 4.6728680e-001
 4.5472661e-001
 4.4202715e-001
 4.2943248e-001
 4.1720298e-001
 4.0559465e-001
 3.9484090e-001
 3.8515136e-001
 3.7669608e-001
 3.6961251e-001
 3.6400273e-001
 3.5993382e-001
 3.5744286e-001
 3.5653234e-001
 3.5716695e-001
 3.5926884e-001
 3.6271450e-001
 3.6733371e-001
 3.7291706e-001
 3.7923351e-001
 3.8604736e-001
 3.9314854e-001
 4.0036878e-001
 4.0759757e-001
 4.1478670e-001
 4.2193401e-001
 4.2907101e-001
 4.3623298e-001
 4.4343951e-001
 4.5068130e-001
 4.5790812e-001
 4.6503961e-001
 4.7197157e-001
 4.7859532e-001
 4.8481655e-001
 4.9056324e-001
 4.9579424e-001
 5.0050014e-001
 5.0469315e-001
 5.0840294e-001
 5.1166403e-001
 5.1451087e-001
 5.1697403e-001
 5.1907647e-001
 5.2083659e-001
 5.2226877e-001
 5.2338690e-001
 5.2420717e-001
 5.2474898e-001
 5.2503574e-001
 5.2509445e-001
 5.2495527e-001
 5.2465224e-001
 5.2422374e-001
 5.2371389e-001
 5.2317268e-001
 5.2265501e-001
 5.2221739e-001
 5.2191436e-001
 5.2179259e-001
 5.2188623e-001
 5.2221251e-001
 5.2276981e-001
 5.2353728e-001
 5.2447736e-001
 5.2554011e-001
 5.2666754e-001
 5.2780014e-001
 5.2888119e-001
 5.2986199e-001
 5.3070647e-001
 5.3139281e-001
 5.3191453e-001
 5.3227818e-001
 5.3249878e-001
 5.3259474e-001
 5.3258193e-001
 5.3246981e-001
 5.3226036e-001
 5.3194928e-001
 5.3152919e-001
 5.3099376e-001
 5.3033984e-001
 5.2956885e-001
 5.2868581e-001
 5.2769715e-001
 5.2660906e-001
 5.2542573e-001
 5.2414775e-001
 5.2277285e-001
 5.2129495e-001
 5.1970685e-001
 5.1800066e-001
 5.1616943e-001
 5.1420957e-001
 5.1212043e-001
 5.0990629e-001
 5.0757575e-001
 5.0514084e-001
 5.0261742e-001
 5.0002140e-001
 4.9736813e-001
 4.9466965e-001
 4.9193242e-001
 4.8916000e-001
 4.8635200e-001
 4.8350862e-001
 4.8063168e-001
 4.7772443e-001
 4.7479337e-001
 4.7184610e-001
 4.6888942e-001
 4.6593127e-001
 4.6297842e-001
 4.6004021e-001
 4.5712838e-001
 4.5425680e-001
 4.5144302e-001
 4.4870415e-001
 4.4605720e-001
 4.4351646e-001
 4.4109207e-001
 4.3879253e-001
 4.3662286e-001
 4.3458709e-001
 4.3268713e-001
 4.3092179e-001
 4.2928818e-001
 4.2778075e-001
 4.2639408e-001
 4.2512381e-001
 4.2396730e-001
 4.2292488e-001
 4.2199808e-001
 4.2118895e-001
 4.2049798e-001
 4.1992235e-001
 4.1945541e-001
 4.1908658e-001
 4.1880217e-001
 4.1858736e-001
 4.1842771e-001
 4.1831100e-001
 4.1822788e-001
 4.1817203e-001
 4.1813931e-001
 4.1812646e-001
 4.1813001e-001
 4.1814572e-001
 4.1816881e-001
 4.1819525e-001
 4.1822317e-001
 4.1825369e-001
 4.1829085e-001
 4.1834059e-001
 4.1840959e-001
 4.1850430e-001
 4.1863084e-001
 4.1879541e-001
 4.1900441e-001
 4.1926342e-001
 4.1957504e-001
 4.1993681e-001
 4.2033944e-001
 4.2076769e-001
 4.2120281e-001
 4.2162600e-001
 4.2202199e-001
 4.2237991e-001
 4.2269364e-001
 4.2295989e-001
 4.2317650e-001
 4.2334062e-001
 4.2344755e-001
 4.2349014e-001
 4.2345899e-001
 4.2334375e-001
 4.2313471e-001
 4.2282528e-001
 4.2241314e-001
 4.2190096e-001
 4.2129552e-001
 4.2060557e-001
 4.1984004e-001
 4.1900596e-001
 4.1810688e-001
 4.1714281e-001
 4.1610953e-001
 4.1499963e-001
 4.1380277e-001
 4.1250595e-001
 4.1109553e-001
 4.0955681e-001
 4.0787581e-001
 4.0603957e-001
 4.0403616e-001
 4.0185773e-001
 3.9950141e-001
 3.9697495e-001
 3.9430076e-001
 3.9151907e-001
 3.8869262e-001
 3.8590312e-001
 3.8324806e-001
 3.8082948e-001
 3.7873951e-001
 3.7704706e-001
 3.7578323e-001
 3.7493426e-001
 3.7443915e-001
 3.7419531e-001
 3.7406978e-001
 3.7391391e-001
 3.7357911e-001
 3.7293136e-001
 3.7186226e-001
 3.7029719e-001
 3.6819938e-001
 3.6557019e-001
 3.6245084e-001
 3.5891834e-001
 3.5508534e-001
 3.5109460e-001
 3.4710968e-001
 3.4330684e-001
 3.3985654e-001
 3.3690959e-001
 3.3457899e-001
 3.3292553e-001
 3.3195126e-001
 3.3159634e-001
 3.3174670e-001
 3.3224764e-001
 3.3292517e-001
 3.3360994e-001
 3.3416134e-001
 3.3448625e-001
 3.3454871e-001
 3.3436951e-001
 3.3401540e-001
 3.3358175e-001
 3.3317193e-001
 3.3287969e-001
 3.3277571e-001
 3.3290204e-001
 3.3327278e-001
 3.3387941e-001
 3.3469790e-001
 3.3569586e-001
 3.3683628e-001
 3.3807939e-001
 3.3938244e-001
 3.4069642e-001
 3.4196624e-001
 3.4313011e-001
 3.4412384e-001
 3.4488758e-001
 3.4537244e-001
 3.4554821e-001
 3.4540758e-001
 3.4496760e-001
 3.4426761e-001
 3.4336516e-001
 3.4233040e-001
 3.4123963e-001
 3.4017041e-001
 3.3919555e-001
 3.3837926e-001
 3.3777270e-001
 3.3741045e-001
 3.3730835e-001
 3.3746174e-001
 3.3784553e-001
 3.3841625e-001
 3.3911708e-001
 3.3988473e-001
 3.4065917e-001
 3.4139243e-001
 3.4205651e-001
 3.4264752e-001
 3.4318393e-001
 3.4370166e-001
 3.4424409e-001
 3.4485170e-001
 3.4555221e-001
 3.4635317e-001
 3.4723929e-001
 3.4817457e-001
 3.4910780e-001
 3.4998193e-001
 3.5074314e-001
 3.5134998e-001
 3.5178000e-001
 3.5203284e-001
 3.5213035e-001
 3.5211331e-001
 3.5203514e-001
 3.5195389e-001
 3.5192344e-001
 3.5198528e-001
 3.5216269e-001
 3.5245749e-001
 3.5285091e-001
 3.5330686e-001
 3.5377839e-001
 3.5421455e-001
 3.5456771e-001
 3.5479963e-001
 3.5488525e-001
 3.5481453e-001
 3.5459203e-001
 3.5423461e-001
 3.5376781e-001
 3.5322183e-001
 3.5262710e-001
 3.5201028e-001
 3.5139146e-001
 3.5078201e-001
 3.5018456e-001
 3.4959427e-001
 3.4900111e-001
 3.4839347e-001
 3.4776068e-001
 3.4709525e-001
 3.4639385e-001
 3.4565687e-001
 3.4488875e-001
 3.4409687e-001
 3.4329179e-001
 3.4248674e-001
 3.4169596e-001
 3.4093398e-001
 3.4021273e-001
 3.3954087e-001
 3.3892262e-001
 3.3835804e-001
 3.3784452e-001
 3.3737752e-001
 3.3695117e-001
 3.3655897e-001
 3.3619320e-001
 3.3584565e-001
 3.3550769e-001
 3.3517116e-001
 3.3482954e-001
 3.3447880e-001
 3.3411837e-001
 3.3375138e-001
 3.3338434e-001
 3.3302635e-001
 3.3268762e-001
 3.3237836e-001
 3.3210766e-001
 3.3188301e-001
 3.3171040e-001
 3.3159432e-001
 3.3153790e-001
 3.3154291e-001
 3.3160943e-001
 3.3173540e-001
 3.3191642e-001
 3.3214530e-001
 3.3241221e-001
 3.3270505e-001
 3.3301005e-001
 3.3331254e-001
 3.3359775e-001
 3.3385080e-001
 3.3405718e-001
 3.3420289e-001
 3.3427489e-001
 3.3426175e-001
 3.3415371e-001
 3.3394265e-001
 3.3362165e-001
 3.3318502e-001
 3.3262849e-001
 3.3195111e-001
 3.3115608e-001
 3.3025220e-001
 3.2925302e-001
 3.2817417e-001
 3.2703093e-001
 3.2583383e-001
 3.2458764e-001
 3.2329068e-001
 3.2193592e-001
 3.2051438e-001
 3.1901738e-001
 3.1743792e-001
 3.1577286e-001
 3.1402162e-001
 3.1218693e-001
 3.1027344e-001
 3.0828619e-001
 3.0623132e-001
 3.0411366e-001
 3.0193800e-001
 2.9970801e-001
 2.9742506e-001
 2.9508978e-001
 2.9269972e-001
 2.9025191e-001
 2.8774306e-001
 2.8517023e-001
 2.8253415e-001
 2.7983755e-001
 2.7708682e-001
 2.7428976e-001
 2.7145308e-001
 2.6858297e-001
 2.6568416e-001
 2.6275975e-001
 2.5981542e-001
 2.5685856e-001
 2.5390145e-001
 2.5095981e-001
 2.4805041e-001
 2.4519122e-001
 2.4239685e-001
 2.3967955e-001
 2.3704742e-001
 2.3450346e-001
 2.3204820e-001
 2.2967818e-001
 2.2738938e-001
 2.2517766e-001
 2.2303922e-001
 2.2097270e-001
 2.1897666e-001
 2.1705028e-001
 2.1519156e-001
 2.1339616e-001
 2.1165910e-001
 2.0997503e-001
 2.0833904e-001
 2.0674892e-001
 2.0520398e-001
 2.0370592e-001
 2.0225711e-001
 2.0085891e-001
 1.9951177e-001
 1.9821364e-001
 1.9696137e-001
 1.9575092e-001
 1.9457775e-001
 1.9343810e-001
 1.9232754e-001
 1.9124119e-001
 1.9017260e-001
 1.8911321e-001
 1.8805416e-001
 1.8698634e-001
 1.8590267e-001
 1.8479803e-001
 1.8366843e-001
 1.8251078e-001
 1.8132077e-001
 1.8009354e-001
 1.7882384e-001
 1.7750682e-001
 1.7614029e-001
 1.7472540e-001
 1.7326668e-001
 1.7177337e-001
 1.7025787e-001
 1.6873637e-001
 1.6722736e-001
 1.6574974e-001
 1.6432276e-001
 1.6296348e-001
 1.6168757e-001
 1.6050866e-001
 1.5943795e-001
 1.5848465e-001
 1.5765387e-001
 1.5694629e-001
 1.5635723e-001
 1.5587732e-001
 1.5549476e-001
 1.5519725e-001
 1.5497375e-001
 1.5481451e-001
 1.5470985e-001
 1.5464856e-001
 1.5461688e-001
 1.5459861e-001
 1.5457669e-001
 1.5453534e-001
 1.5446207e-001
 1.5434888e-001
 1.5419227e-001
 1.5399227e-001
 1.5375060e-001
 1.5346883e-001
 1.5314655e-001
 1.5278025e-001
 1.5236370e-001
 1.5188879e-001
 1.5134768e-001
 1.5073456e-001
 1.5004636e-001
 1.4928301e-001
 1.4844476e-001
 1.4752987e-001
 1.4653108e-001
 1.4543249e-001
 1.4420965e-001
 1.4282984e-001
 1.4125702e-001
 1.3945784e-001
 1.3740872e-001
 1.3510537e-001
 1.3256963e-001
 1.2985329e-001
 1.2704143e-001
 1.2424599e-001
 1.2159907e-001
 1.1923800e-001
 1.1728812e-001
 1.1584800e-001
 1.1497401e-001
 1.1467348e-001
 1.1490271e-001
 1.1557337e-001
 1.1656427e-001
 1.1773804e-001
 1.1895769e-001
 1.2010258e-001
 1.2108035e-001
 1.2183207e-001
 1.2233295e-001
 1.2258626e-001
 1.2261441e-001
 1.2244776e-001
 1.2211410e-001
 1.2163082e-001
 1.2100072e-001
 1.2021276e-001
 1.1924499e-001
 1.1807036e-001
 1.1666174e-001
 1.1499543e-001
 1.1305583e-001
 1.1083715e-001
 1.0834865e-001
 1.0561766e-001
 1.0269061e-001
 9.9634424e-002
 9.6529171e-002
 9.3462884e-002
 9.0521351e-002
 8.7778576e-002
 8.5293040e-002
 8.3102264e-002
 8.1225559e-002
 7.9666696e-002
 7.8419201e-002
 7.7473640e-002
 7.6821893e-002
 7.6459475e-002
 7.6385342e-002
 7.6598056e-002
 7.7090614e-002
 7.7844687e-002
 7.8826584e-002
 7.9984874e-002
 8.1253052e-002
 8.2554117e-002
 8.3809383e-002
 8.4948622e-002
 8.5917950e-002
 8.6687349e-002
 8.7252647e-002
 8.7635107e-002
 8.7877370e-002
 8.8036902e-002
 8.8178799e-002
 8.8367946e-002
 8.8661976e-002
 8.9105606e-002
 8.9726336e-002
 9.0532959e-002
 9.1515303e-002
 9.2646651e-002
 9.3888439e-002
 9.5194794e-002
 9.6518695e-002
 9.7817473e-002
 9.9055067e-002
 1.0020448e-001
 1.0124612e-001
 1.0216674e-001
 1.0295809e-001
 1.0361523e-001
 1.0413729e-001
 1.0452757e-001
 1.0479478e-001
 1.0495339e-001
 1.0502283e-001
 1.0502575e-001
 1.0498520e-001
 1.0492187e-001
 1.0485186e-001
 1.0478592e-001
 1.0472970e-001
 1.0468513e-001
 1.0465162e-001
 1.0462728e-001
 1.0460958e-001
 1.0459588e-001
 1.0458390e-001
 1.0457203e-001
 1.0455963e-001
 1.0454710e-001
 1.0453574e-001
 1.0452759e-001
 1.0452493e-001
 1.0452956e-001
 1.0454193e-001
 1.0456029e-001
 1.0458075e-001
 1.0459814e-001
 1.0460767e-001
 1.0460632e-001
 1.0459329e-001
 1.0456905e-001
 1.0453345e-001
 1.0448401e-001
 1.0441522e-001
 1.0431935e-001
 1.0418803e-001
 1.0401399e-001
 1.0379178e-001
 1.0351806e-001
 1.0319129e-001
 1.0281155e-001
 1.0238084e-001
 1.0190291e-001
 1.0138257e-001
 1.0082528e-001
 1.0023607e-001
 9.9619903e-002
 9.8982170e-002
 9.8329365e-002
 9.7670242e-002
 9.6992806e-002
 9.6335515e-002
 9.5708311e-002
 9.5123038e-002
 9.4589248e-002
 9.4114937e-002
 9.3709044e-002
 9.3382262e-002
 9.3145743e-002
 9.3008175e-002
 9.2972435e-002
 9.3034156e-002
 9.3182459e-002
 9.3402542e-002
 9.3678497e-002
 9.3995474e-002
 9.4340511e-002
 9.4701916e-002
 9.5069401e-002
 9.5434710e-002
 9.5793694e-002
 9.6147612e-002
 9.6501641e-002
 9.6861459e-002
 9.7228795e-002
 9.7599901e-002
 9.7968183e-002
 9.8328993e-002
 9.8683953e-002
 9.9040002e-002
 9.9403866e-002
 9.9775165e-002
 1.0014323e-001
 1.0049184e-001
 1.0080868e-001
 1.0109385e-001
 1.0136110e-001
 1.0163052e-001
 1.0191862e-001
 1.0223228e-001
 1.0256871e-001
 1.0291977e-001
 1.0327494e-001
 1.0362194e-001
 1.0394590e-001
 1.0422838e-001
 1.0444847e-001
 1.0458447e-001
 1.0461757e-001
 1.0453595e-001
 1.0433786e-001
 1.0403100e-001
 1.0362796e-001
 1.0314028e-001
 1.0257619e-001
 1.0194559e-001
 1.0126767e-001
 1.0057624e-001
 9.9915646e-002
 9.9328555e-002
 9.8842636e-002
 9.8461851e-002
 9.8167673e-002
 9.7927153e-002
 9.7704135e-002
 9.7469389e-002
 9.7206786e-002
 9.6914820e-002
 9.6604235e-002
 9.6292272e-002
 9.5997490e-002
 9.5736705e-002
 9.5524356e-002
 9.5371984e-002
 9.5284343e-002
 9.5253743e-002
 9.5256940e-002
 9.5259912e-002
 9.5231079e-002
 9.5156930e-002
 9.5050894e-002
 9.4948515e-002
 9.4889656e-002
 9.4896466e-002
 9.4958872e-002
 9.5036231e-002
 9.5074825e-002
 9.5031336e-002
 9.4889514e-002
 9.4662085e-002
 9.4379656e-002
 9.4076224e-002
 9.3778998e-002
 9.3505599e-002
 9.3264356e-002
 9.3053907e-002
 9.2862360e-002
 9.2668273e-002
 9.2446305e-002
 9.2175066e-002
 9.1842882e-002
 9.1448508e-002
 9.0996400e-002
 9.0491869e-002
 8.9940079e-002
 8.9350581e-002
 8.8744730e-002
 8.8157386e-002
 8.7630525e-002
 8.7198511e-002
 8.6873554e-002
 8.6640581e-002
 8.6464420e-002
 8.6307272e-002
 8.6146928e-002
 8.5987046e-002
 8.5854940e-002
 8.5787974e-002
 8.5815050e-002
 8.5941404e-002
 8.6143598e-002
 8.6377159e-002
 8.6593702e-002
 8.6759277e-002
 8.6865127e-002
 8.6927205e-002
 8.6975008e-002
 8.7035857e-002
 8.7121181e-002
 8.7220661e-002
 8.7307051e-002
 8.7349363e-002
 8.7328196e-002
 8.7244838e-002
 8.7119155e-002
 8.6977415e-002
 8.6837433e-002
 8.6699069e-002
 8.6544931e-002
 8.6350657e-002
 8.6099334e-002
 8.5793711e-002
 8.5460834e-002
 8.5145429e-002
 8.4894061e-002
 8.4735200e-002
 8.4665291e-002
 8.4649555e-002
 8.4639162e-002
 8.4596530e-002
 8.4513746e-002
 8.4412023e-002
 8.4322743e-002
 8.4262691e-002
 8.4220774e-002
 8.4163949e-002
 8.4056690e-002
 8.3879314e-002
 8.3633237e-002
 8.3333127e-002
 8.2994953e-002
 8.2629964e-002
 8.2247779e-002
 8.1862248e-002
 8.1492431e-002
 8.1157081e-002
 8.0866240e-002
 8.0618016e-002
 8.0402240e-002
 8.0208033e-002
 8.0029577e-002
 7.9866678e-002
 7.9722181e-002
 7.9599202e-002
 7.9500154e-002
 7.9426914e-002
 7.9380341e-002
 7.9359509e-002
 7.9361163e-002
 7.9378866e-002
 7.9399854e-002
 7.9398967e-002
 7.9334036e-002
 7.9149880e-002
 7.8793883e-002
 7.8237467e-002
 7.7489354e-002
 7.6591022e-002
 7.5594448e-002
 7.4536532e-002
 7.3428988e-002
 7.2268710e-002
 7.1060948e-002
 6.9839031e-002
 6.8663456e-002
 6.7604952e-002
 6.6720262e-002
 6.6036463e-002
 6.5550268e-002
 6.5235972e-002
 6.5056503e-002
 6.4970903e-002
 6.4939573e-002
 6.4928018e-002
 6.4909719e-002
 6.4865686e-002
 6.4779364e-002
 6.4629011e-002
 6.4383030e-002
 6.4003825e-002
 6.3460119e-002
 6.2742874e-002
 6.1875761e-002
 6.0910635e-002
 5.9911713e-002
 5.8935687e-002
 5.8016416e-002
 5.7165582e-002
 5.6383420e-002
 5.5672701e-002
 5.5043563e-002
 5.4509915e-002
 5.4080546e-002
 5.3752862e-002
 5.3516809e-002
 5.3365052e-002
 5.3301848e-002
 5.3344060e-002
 5.3511575e-002
 5.3812630e-002
 5.4232161e-002
 5.4729450e-002
 5.5245109e-002
 5.5715151e-002
 5.6084588e-002
 5.6317966e-002
 5.6405667e-002
 5.6363221e-002
 5.6224544e-002
 5.6028932e-002
 5.5805881e-002
 5.5563904e-002
 5.5289693e-002
 5.4957882e-002
 5.4547321e-002
 5.4054610e-002
 5.3496372e-002
 5.2900370e-002
 5.2289981e-002
 5.1669057e-002
 5.1017888e-002
 5.0302312e-002
 4.9491379e-002
 4.8577681e-002
 4.7587417e-002
 4.6575788e-002
 4.5605615e-002
 4.4723593e-002
 4.3944649e-002
 4.3250196e-002
 4.2601906e-002
 4.1958917e-002
 4.1288048e-002
 4.0566858e-002
 3.9780993e-002
 3.8923785e-002
 3.7997641e-002
 3.7018299e-002
 3.6016405e-002
 3.5031363e-002
 3.4103092e-002
 3.3263147e-002
 3.2526772e-002
 3.1892017e-002
 3.1342357e-002
 3.0853910e-002
 3.0403253e-002
 2.9976018e-002
 2.9572252e-002
 2.9205652e-002
 2.8897477e-002
 2.8665198e-002
 2.8509466e-002
 2.8406970e-002
 2.8313506e-002
 2.8178522e-002
 2.7966395e-002
 2.7674098e-002
 2.7335957e-002
 2.7010173e-002
 2.6753409e-002
 2.6595179e-002
 2.6524689e-002
 2.6497612e-002
 2.6457759e-002
 2.6362320e-002
 2.6198434e-002
 2.5984647e-002
 2.5759658e-002
 2.5565272e-002
 2.5433000e-002
 2.5378181e-002
 2.5400700e-002
 2.5488861e-002
 2.5622347e-002
 2.5774702e-002
 2.5917152e-002
 2.6025176e-002
 2.6086407e-002
 2.6104910e-002
 2.6099147e-002
 2.6094023e-002
 2.6111288e-002
 2.6163490e-002
 2.6253641e-002
 2.6379174e-002
 2.6536165e-002
 2.6720781e-002
 2.6928207e-002
 2.7150024e-002
 2.7372813e-002
 2.7578861e-002
 2.7749937e-002
 2.7872048e-002
 2.7939744e-002
 2.7957801e-002
 2.7938599e-002
 2.7896969e-002
 2.7845766e-002
 2.7795713e-002
 2.7759850e-002
 2.7758328e-002
 2.7818089e-002
 2.7964730e-002
 2.8209863e-002
 2.8542448e-002
 2.8930487e-002
 2.9333685e-002
 2.9721582e-002
 3.0085228e-002
 3.0436479e-002
 3.0797100e-002
 3.1184513e-002
 3.1604435e-002
 3.2051880e-002
 3.2517616e-002
 3.2991670e-002
 3.3462033e-002
 3.3912260e-002
 3.4320142e-002
 3.4660667e-002
 3.4913268e-002
 3.5068937e-002
 3.5135239e-002
 3.5135753e-002
 3.5101235e-002
 3.5054930e-002
 3.4999087e-002
 3.4912121e-002
 3.4761466e-002
 3.4526315e-002
 3.4215704e-002
 3.3870336e-002
 3.3546668e-002
 3.3291828e-002
 3.3124089e-002
 3.3025973e-002
 3.2951649e-002
 3.2843858e-002
 3.2654006e-002
 3.2358363e-002
 3.1963903e-002
 3.1502593e-002
 3.1017691e-002
 3.0548068e-002
 3.0119857e-002
 2.9746855e-002
 2.9435992e-002
 2.9194137e-002
 2.9029906e-002
 2.8949834e-002
 2.8950796e-002
 2.9014431e-002
 2.9107329e-002
 2.9188272e-002
 2.9218448e-002
 2.9169049e-002
 2.9022986e-002
 2.8772259e-002
 2.8416045e-002
 2.7963480e-002
 2.7438210e-002
 2.6880801e-002
 2.6344268e-002
 2.5882244e-002
 2.5537899e-002
 2.5337221e-002
 2.5287267e-002
 2.5377972e-002
 2.5583580e-002
 2.5864352e-002
 2.6172003e-002
 2.6458908e-002
 2.6688345e-002
 2.6841069e-002
 2.6913719e-002
 2.6911790e-002
 2.6842007e-002
 2.6707824e-002
 2.6509307e-002
 2.6245328e-002
 2.5917549e-002
 2.5535291e-002
 2.5120921e-002
 2.4711231e-002
 2.4353078e-002
 2.4092091e-002
 2.3958487e-002
 2.3959212e-002
 2.4079429e-002
 2.4291903e-002
 2.4567336e-002
 2.4879832e-002
 2.5206402e-002
 2.5525369e-002
 2.5816375e-002
 2.6063999e-002
 2.6263593e-002
 2.6424723e-002
 2.6570288e-002
 2.6730392e-002
 2.6931668e-002
 2.7186254e-002
 2.7486254e-002
 2.7806493e-002
 2.8115848e-002
 2.8391249e-002
 2.8628174e-002
 2.8840585e-002
 2.9050751e-002
 2.9275002e-002
 2.9513597e-002
 2.9751644e-002
 2.9970521e-002
 3.0160384e-002
 3.0324988e-002
 3.0475134e-002
 3.0617086e-002
 3.0744702e-002
 3.0841148e-002
 3.0887926e-002
 3.0873852e-002
 3.0799832e-002
 3.0679204e-002
 3.0535793e-002
 3.0400394e-002
 3.0303745e-002
 3.0266898e-002
 3.0291980e-002
 3.0358523e-002
 3.0427700e-002
 3.0452058e-002
 3.0385951e-002
 3.0193260e-002
 2.9852040e-002
 2.9358393e-002
 2.8728316e-002
 2.7996667e-002
 2.7209328e-002
 2.6411524e-002
 2.5635362e-002
 2.4897287e-002
 2.4205720e-002
 2.3572220e-002
 2.3020139e-002
 2.2582866e-002
 2.2292277e-002
 2.2167301e-002
 2.2207553e-002
 2.2394314e-002
 2.2696197e-002
 2.3074370e-002
 2.3484297e-002
 2.3876363e-002
 2.4197856e-002
 2.4401443e-002
 2.4460174e-002
 2.4380032e-002
 2.4201762e-002
 2.3987601e-002
 2.3800729e-002
 2.3689844e-002
 2.3685887e-002
 2.3806151e-002
 2.4056509e-002
 2.4426462e-002
 2.4883384e-002
 2.5373597e-002
 2.5833588e-002
 2.6207592e-002
 2.6460646e-002
 2.6583554e-002
 2.6590237e-002
 2.6509086e-002
 2.6371125e-002
 2.6196700e-002
 2.5985112e-002
 2.5715020e-002
 2.5358776e-002
 2.4903320e-002
 2.4364369e-002
 2.3782503e-002
 2.3201244e-002
 2.2643788e-002
 2.2101652e-002
 2.1542341e-002
 2.0928422e-002
 2.0240020e-002
 1.9490913e-002
 1.8730422e-002
 1.8030986e-002
 1.7462505e-002
 1.7063040e-002
 1.6825307e-002
 1.6706845e-002
 1.6660191e-002
 1.6663305e-002
 1.6729916e-002
 1.6892100e-002
 1.7168162e-002
 1.7538676e-002
 1.7946597e-002
 1.8320832e-002
 1.8604919e-002
 1.8774865e-002
 1.8840829e-002
 1.8837130e-002
 1.8810859e-002
 1.8813416e-002
 1.8892843e-002
 1.9082451e-002
 1.9384421e-002
 1.9756002e-002
 2.0109456e-002
 2.0334518e-002
 2.0340364e-002
 2.0096434e-002
 1.9649256e-002
 1.9103311e-002
 1.8574934e-002
 1.8148459e-002
 1.7856833e-002
 1.7689105e-002
 1.7612148e-002
 1.7588325e-002
 1.7583961e-002
 1.7573042e-002
 1.7540351e-002
 1.7483771e-002
 1.7414138e-002
 1.7353971e-002
 1.7336387e-002
 1.7399536e-002
 1.7569520e-002
 1.7832769e-002
 1.8116424e-002
 1.8299490e-002
 1.8262470e-002
 1.7953852e-002
 1.7432824e-002
 1.6859839e-002
 1.6437594e-002
 1.6330076e-002
 1.6599286e-002
 1.7181614e-002
 1.7913343e-002
 1.8595569e-002
 1.9076020e-002
 1.9316476e-002
 1.9409614e-002
 1.9534729e-002
 1.9870864e-002
 2.0512585e-002
 2.1433804e-002
 2.2513596e-002
 2.3603413e-002
 2.4585487e-002
 2.5391022e-002
 2.5984280e-002
 2.6341895e-002
 2.6460059e-002
 2.6383234e-002
 2.6215317e-002
 2.6083315e-002
 2.6064441e-002
 2.6128773e-002
 2.6150055e-002
 2.5989307e-002
 2.5600208e-002
 2.5083208e-002
 2.4648165e-002
 2.4502894e-002
 2.4737012e-002
 2.5266977e-002
 2.5871739e-002
 2.6292088e-002
 2.6338786e-002
 2.5960453e-002
 2.5251515e-002
 2.4408491e-002
 2.3660176e-002
 2.3195781e-002
 2.3119891e-002
 2.3444507e-002
 2.4114352e-002
 2.5043709e-002
 2.6140757e-002
 2.7309686e-002
 2.8444866e-002
 2.9428484e-002
 3.0142631e-002
 3.0494433e-002
 3.0439988e-002
 3.0000921e-002
 2.9263578e-002
 2.8358633e-002
 2.7429149e-002
 2.6597470e-002
 2.5948120e-002
 2.5526196e-002
 2.5346398e-002
 2.5402512e-002
 2.5675464e-002
 2.6138011e-002
 2.6757648e-002
 2.7493590e-002
 2.8286163e-002
 2.9048042e-002
 2.9669724e-002
 3.0054724e-002
 3.0174103e-002
 3.0104790e-002
 3.0007068e-002
 3.0034501e-002
 3.0223062e-002
 3.0438364e-002
 3.0427119e-002
 2.9946780e-002
 2.8889310e-002
 2.7328661e-002
 2.5488403e-002
 2.3674317e-002
 2.2227507e-002
 2.1492267e-002
 2.1755228e-002
 2.3141569e-002
 2.5499390e-002
 2.8362496e-002
 3.1044658e-002
 3.2849539e-002
 3.3315085e-002
 3.2371804e-002
 3.0360613e-002
 2.7912913e-002
 2.5739992e-002
 2.4414880e-002
 2.4208309e-002
 2.5026729e-002
 2.6480395e-002
 2.8055757e-002
 2.9340819e-002
 3.0209936e-002
 3.0893816e-002
 3.1892389e-002
 3.3756338e-002
 3.6820985e-002
 4.1008059e-002
 4.5805823e-002
 5.0440725e-002
 5.4173626e-002
 5.6589782e-002
 5.7711288e-002
 5.7874296e-002
 5.7421532e-002
 5.6383286e-002
 5.4367855e-002
 5.0786272e-002
 4.5325059e-002
 3.8399570e-002
 3.1276882e-002
 2.5702508e-002
 2.3216575e-002
 2.4504544e-002
 2.9141014e-002
 3.5856918e-002
 4.3131799e-002
 4.9749698e-002
 5.5075336e-002
 5.8993872e-002
-1.2300000e+034
