s07_ASD Record=14730: DL-Alanine SA-A7502          ASDHRa AREF
-1.2300000e+034
 9.8910701e-001
 9.8212904e-001
 9.5120680e-001
 9.5455199e-001
 9.5621157e-001
 9.3778002e-001
 9.4048327e-001
 9.3506110e-001
 9.3172872e-001
 9.3730187e-001
 9.2609209e-001
 9.2473954e-001
 9.2926431e-001
 9.2416829e-001
 9.2833829e-001
 9.2782992e-001
 9.2347157e-001
 9.2813146e-001
 9.2580146e-001
 9.2602229e-001
 9.3181705e-001
 9.3081456e-001
 9.3235564e-001
 9.3290019e-001
 9.3011421e-001
 9.3338978e-001
 9.3460596e-001
 9.3478644e-001
 9.3814802e-001
 9.3709242e-001
 9.3806028e-001
 9.4129419e-001
 9.4019198e-001
 9.4035292e-001
 9.4028872e-001
 9.4077545e-001
 9.4519633e-001
 9.4452995e-001
 9.4286042e-001
 9.4547200e-001
 9.4444728e-001
 9.4546634e-001
 9.4740176e-001
 9.4595635e-001
 9.4701457e-001
 9.4737309e-001
 9.4693536e-001
 9.4929034e-001
 9.4956583e-001
 9.4914871e-001
 9.4953859e-001
 9.4921196e-001
 9.4999617e-001
 9.5093840e-001
 9.5057046e-001
 9.5087802e-001
 9.5064485e-001
 9.5043409e-001
 9.5185030e-001
 9.5228422e-001
 9.5273513e-001
 9.5330137e-001
 9.5259386e-001
 9.5368689e-001
 9.5483810e-001
 9.5397455e-001
 9.5426708e-001
 9.5490056e-001
 9.5559382e-001
 9.5628113e-001
 9.5649129e-001
 9.5693529e-001
 9.5755833e-001
 9.5741212e-001
 9.5803195e-001
 9.5864344e-001
 9.5862675e-001
 9.5937854e-001
 9.5953918e-001
 9.5948279e-001
 9.6028560e-001
 9.6051037e-001
 9.6076614e-001
 9.6122235e-001
 9.6142590e-001
 9.6201116e-001
 9.6246433e-001
 9.6245813e-001
 9.6285170e-001
 9.6321613e-001
 9.6358633e-001
 9.6407855e-001
 9.6418309e-001
 9.6441734e-001
 9.6488434e-001
 9.6509552e-001
 9.6549881e-001
 9.6593350e-001
 9.6622401e-001
 9.6655381e-001
 9.6681768e-001
 9.6719176e-001
 9.6775311e-001
 9.6784568e-001
 9.6816373e-001
 9.6878529e-001
 9.6893466e-001
 9.6936971e-001
 9.6977651e-001
 9.6998930e-001
 9.7062582e-001
 9.7078246e-001
 9.7080868e-001
 9.7149706e-001
 9.7158378e-001
 9.7178453e-001
 9.7229946e-001
 9.7250021e-001
 9.7308284e-001
 9.7347260e-001
 9.7334427e-001
 9.7382301e-001
 9.7401834e-001
 9.7413784e-001
 9.7484380e-001
 9.7496009e-001
 9.7517431e-001
 9.7573209e-001
 9.7593492e-001
 9.7628027e-001
 9.7654599e-001
 9.7662419e-001
 9.7714299e-001
 9.7738779e-001
 9.7745019e-001
 9.7794807e-001
 9.7815800e-001
 9.7840118e-001
 9.7881114e-001
 9.7901386e-001
 9.7929955e-001
 9.7954208e-001
 9.7966456e-001
 9.8010212e-001
 9.8029250e-001
 9.8036814e-001
 9.8094809e-001
 9.8107749e-001
 9.8123467e-001
 9.8169148e-001
 9.8183274e-001
 9.8215127e-001
 9.8248076e-001
 9.8251617e-001
 9.8278165e-001
 9.8297656e-001
 9.8313141e-001
 9.8358458e-001
 9.8377436e-001
 9.8394638e-001
 9.8428226e-001
 9.8436093e-001
 9.8465520e-001
 9.8501909e-001
 9.8505437e-001
 9.8534578e-001
 9.8556137e-001
 9.8565793e-001
 9.8605174e-001
 9.8624569e-001
 9.8643082e-001
 9.8682290e-001
 9.8697543e-001
 9.8723257e-001
 9.8749620e-001
 9.8740023e-001
 9.8754650e-001
 9.8776585e-001
 9.8793542e-001
 9.8823452e-001
 9.8843151e-001
 9.8854429e-001
 9.8866463e-001
 9.8867965e-001
 9.8879892e-001
 9.8900074e-001
 9.8904157e-001
 9.8922998e-001
 9.8936188e-001
 9.8931396e-001
 9.8945826e-001
 9.8954523e-001
 9.8960584e-001
 9.8978281e-001
 9.8980016e-001
 9.8994172e-001
 9.9021161e-001
 9.9019992e-001
 9.9045175e-001
 9.9076420e-001
 9.9081910e-001
 9.9103278e-001
 9.9119860e-001
 9.9130052e-001
 9.9149835e-001
 9.9162978e-001
 9.9180382e-001
 9.9201101e-001
 9.9198991e-001
 9.9208039e-001
 9.9221492e-001
 9.9215740e-001
 9.9219501e-001
 9.9222094e-001
 9.9223232e-001
 9.9237943e-001
 9.9253225e-001
 9.9277169e-001
 9.9313575e-001
 9.9336737e-001
 9.9353403e-001
 9.9366182e-001
 9.9377561e-001
 9.9401170e-001
 9.9415660e-001
 9.9415797e-001
 9.9435335e-001
 9.9443519e-001
 9.9446952e-001
 9.9461275e-001
 9.9458140e-001
 9.9450445e-001
 9.9441028e-001
 9.9423176e-001
 9.9421293e-001
 9.9415016e-001
 9.9392354e-001
 9.9394470e-001
 9.9399084e-001
 9.9409300e-001
 9.9437642e-001
 9.9449706e-001
 9.9460530e-001
 9.9477428e-001
 9.9484175e-001
 9.9497956e-001
 9.9510193e-001
 9.9511045e-001
 9.9520832e-001
 9.9518108e-001
 9.9503773e-001
 9.9500936e-001
 9.9489290e-001
 9.9482632e-001
 9.9484652e-001
 9.9468851e-001
 9.9462795e-001
 9.9465770e-001
 9.9461669e-001
 9.9463499e-001
 9.9464911e-001
 9.9463910e-001
 9.9465013e-001
 9.9460548e-001
 9.9454862e-001
 9.9452442e-001
 9.9445134e-001
 9.9440986e-001
 9.9435210e-001
 9.9419039e-001
 9.9419606e-001
 9.9421102e-001
 9.9412715e-001
 9.9410224e-001
 9.9400485e-001
 9.9397016e-001
 9.9412709e-001
 9.9411231e-001
 9.9412543e-001
 9.9421787e-001
 9.9424177e-001
 9.9439967e-001
 9.9455523e-001
 9.9461710e-001
 9.9478817e-001
 9.9483210e-001
 9.9479991e-001
 9.9489248e-001
 9.9485952e-001
 9.9486750e-001
 9.9494660e-001
 9.9489802e-001
 9.9493957e-001
 9.9499255e-001
 9.9496293e-001
 9.9503714e-001
 9.9503660e-001
 9.9499220e-001
 9.9508613e-001
 9.9503803e-001
 9.9500567e-001
 9.9506736e-001
 9.9499875e-001
 9.9499619e-001
 9.9501354e-001
 9.9494386e-001
 9.9496412e-001
 9.9495775e-001
 9.9492943e-001
 9.9501061e-001
 9.9502945e-001
 9.9500501e-001
 9.9495995e-001
 9.9484479e-001
 9.9479997e-001
 9.9480706e-001
 9.9477488e-001
 9.9483830e-001
 9.9488020e-001
 9.9484682e-001
 9.9481672e-001
 9.9472249e-001
 9.9466336e-001
 9.9470288e-001
 9.9467021e-001
 9.9471861e-001
 9.9478185e-001
 9.9470383e-001
 9.9480063e-001
 9.9483681e-001
 9.9471688e-001
 9.9470252e-001
 9.9457431e-001
 9.9448234e-001
 9.9457693e-001
 9.9452645e-001
 9.9454772e-001
 9.9460024e-001
 9.9446338e-001
 9.9447995e-001
 9.9449301e-001
 9.9444342e-001
 9.9456626e-001
 9.9456030e-001
 9.9445951e-001
 9.9441212e-001
 9.9431545e-001
 9.9430156e-001
 9.9433815e-001
 9.9426216e-001
 9.9428171e-001
 9.9430472e-001
 9.9424928e-001
 9.9418950e-001
 9.9407381e-001
 9.9398553e-001
 9.9399948e-001
 9.9392337e-001
 9.9383974e-001
 9.9376690e-001
 9.9366111e-001
 9.9364644e-001
 9.9365473e-001
 9.9361390e-001
 9.9355638e-001
 9.9342626e-001
 9.9332148e-001
 9.9331635e-001
 9.9314052e-001
 9.9291342e-001
 9.9267089e-001
 9.9233997e-001
 9.9201745e-001
 9.9162096e-001
 9.9110335e-001
 9.9053490e-001
 9.8976737e-001
 9.8894227e-001
 9.8834193e-001
 9.8799092e-001
 9.8792511e-001
 9.8795050e-001
 9.8772222e-001
 9.8735327e-001
 9.8677993e-001
 9.8613220e-001
 9.8586154e-001
 9.8601073e-001
 9.8654854e-001
 9.8728061e-001
 9.8793465e-001
 9.8862821e-001
 9.8929965e-001
 9.8975360e-001
 9.9023402e-001
 9.9064893e-001
 9.9095708e-001
 9.9126917e-001
 9.9151677e-001
 9.9174273e-001
 9.9198437e-001
 9.9218267e-001
 9.9246538e-001
 9.9274850e-001
 9.9288201e-001
 9.9312848e-001
 9.9329877e-001
 9.9334425e-001
 9.9345440e-001
 9.9349213e-001
 9.9353248e-001
 9.9363124e-001
 9.9366248e-001
 9.9362379e-001
 9.9356526e-001
 9.9355370e-001
 9.9354416e-001
 9.9352413e-001
 9.9352860e-001
 9.9358225e-001
 9.9349940e-001
 9.9342901e-001
 9.9343824e-001
 9.9336934e-001
 9.9340272e-001
 9.9342281e-001
 9.9330366e-001
 9.9323201e-001
 9.9313778e-001
 9.9304813e-001
 9.9300528e-001
 9.9289346e-001
 9.9283469e-001
 9.9281102e-001
 9.9266648e-001
 9.9259901e-001
 9.9247229e-001
 9.9225122e-001
 9.9215311e-001
 9.9195099e-001
 9.9177098e-001
 9.9173361e-001
 9.9153787e-001
 9.9133956e-001
 9.9112314e-001
 9.9084985e-001
 9.9080008e-001
 9.9078524e-001
 9.9069512e-001
 9.9057662e-001
 9.9035180e-001
 9.9016839e-001
 9.9010640e-001
 9.9006104e-001
 9.9018872e-001
 9.9032170e-001
 9.9030644e-001
 9.9038053e-001
 9.9044865e-001
 9.9050725e-001
 9.9058819e-001
 9.9064296e-001
 9.9066985e-001
 9.9063784e-001
 9.9052590e-001
 9.9045569e-001
 9.9038893e-001
 9.9033523e-001
 9.9034643e-001
 9.9022508e-001
 9.9005747e-001
 9.8993272e-001
 9.8976994e-001
 9.8966593e-001
 9.8956251e-001
 9.8941618e-001
 9.8936969e-001
 9.8927170e-001
 9.8917466e-001
 9.8920608e-001
 9.8920625e-001
 9.8928028e-001
 9.8933029e-001
 9.8916745e-001
 9.8913693e-001
 9.8914129e-001
 9.8913205e-001
 9.8914164e-001
 9.8895973e-001
 9.8876411e-001
 9.8867095e-001
 9.8849183e-001
 9.8830950e-001
 9.8807377e-001
 9.8783344e-001
 9.8779964e-001
 9.8768425e-001
 9.8761255e-001
 9.8772377e-001
 9.8758984e-001
 9.8740357e-001
 9.8716307e-001
 9.8681509e-001
 9.8657262e-001
 9.8626196e-001
 9.8589730e-001
 9.8562551e-001
 9.8523825e-001
 9.8483616e-001
 9.8437506e-001
 9.8372668e-001
 9.8323131e-001
 9.8273003e-001
 9.8215103e-001
 9.8164237e-001
 9.8104995e-001
 9.8049581e-001
 9.7996396e-001
 9.7920501e-001
 9.7851980e-001
 9.7781271e-001
 9.7707403e-001
 9.7659218e-001
 9.7602451e-001
 9.7548461e-001
 9.7514057e-001
 9.7483635e-001
 9.7470748e-001
 9.7441995e-001
 9.7376353e-001
 9.7332799e-001
 9.7261816e-001
 9.7155619e-001
 9.7018337e-001
 9.6816707e-001
 9.6574593e-001
 9.6293890e-001
 9.5979208e-001
 9.5680004e-001
 9.5374471e-001
 9.5092273e-001
 9.4881469e-001
 9.4693023e-001
 9.4545257e-001
 9.4416052e-001
 9.4264978e-001
 9.4122356e-001
 9.3967330e-001
 9.3822771e-001
 9.3732566e-001
 9.3656594e-001
 9.3630922e-001
 9.3667841e-001
 9.3768394e-001
 9.3981266e-001
 9.4246745e-001
 9.4534105e-001
 9.4847828e-001
 9.5125812e-001
 9.5380402e-001
 9.5604503e-001
 9.5777190e-001
 9.5943147e-001
 9.6087652e-001
 9.6216846e-001
 9.6353483e-001
 9.6471673e-001
 9.6600938e-001
 9.6730131e-001
 9.6821153e-001
 9.6929324e-001
 9.7026223e-001
 9.7109246e-001
 9.7192442e-001
 9.7235328e-001
 9.7292149e-001
 9.7356123e-001
 9.7379577e-001
 9.7433656e-001
 9.7465062e-001
 9.7476971e-001
 9.7514850e-001
 9.7532266e-001
 9.7548610e-001
 9.7563964e-001
 9.7570598e-001
 9.7585744e-001
 9.7578102e-001
 9.7559327e-001
 9.7554141e-001
 9.7523791e-001
 9.7509259e-001
 9.7494185e-001
 9.7455984e-001
 9.7451568e-001
 9.7427422e-001
 9.7395891e-001
 9.7385561e-001
 9.7362190e-001
 9.7343814e-001
 9.7307211e-001
 9.7253609e-001
 9.7244537e-001
 9.7214437e-001
 9.7183907e-001
 9.7166628e-001
 9.7120672e-001
 9.7097731e-001
 9.7061199e-001
 9.7013199e-001
 9.7011733e-001
 9.6953112e-001
 9.6901453e-001
 9.6875519e-001
 9.6811461e-001
 9.6770281e-001
 9.6731514e-001
 9.6693200e-001
 9.6651465e-001
 9.6562886e-001
 9.6519184e-001
 9.6485043e-001
 9.6392447e-001
 9.6361327e-001
 9.6265107e-001
 9.6160024e-001
 9.6123058e-001
 9.6032590e-001
 9.5954335e-001
 9.5868540e-001
 9.5775926e-001
 9.5721698e-001
 9.5615673e-001
 9.5523828e-001
 9.5460546e-001
 9.5365405e-001
 9.5333737e-001
 9.5228690e-001
 9.5076364e-001
 9.5025426e-001
 9.4951326e-001
 9.4871461e-001
 9.4769657e-001
 9.4662106e-001
 9.4616526e-001
 9.4527113e-001
 9.4428152e-001
 9.4375366e-001
 9.4318557e-001
 9.4267493e-001
 9.4164985e-001
 9.4100285e-001
 9.4041193e-001
 9.3988907e-001
 9.3944407e-001
 9.3908459e-001
 9.3881685e-001
 9.3864620e-001
 9.3857682e-001
 9.3861085e-001
 9.3874669e-001
 9.3897802e-001
 9.3929297e-001
 9.3967444e-001
 9.4010156e-001
 9.4055164e-001
 9.4100213e-001
 9.4143301e-001
 9.4182813e-001
 9.4217640e-001
 9.4247198e-001
 9.4271362e-001
 9.4290411e-001
 9.4304872e-001
 9.4315398e-001
 9.4322652e-001
 9.4327223e-001
 9.4329572e-001
 9.4330007e-001
 9.4328684e-001
 9.4325632e-001
 9.4320816e-001
 9.4314128e-001
 9.4305468e-001
 9.4294775e-001
 9.4282013e-001
 9.4267213e-001
 9.4250458e-001
 9.4231898e-001
 9.4211715e-001
 9.4190127e-001
 9.4167340e-001
 9.4143516e-001
 9.4118744e-001
 9.4093078e-001
 9.4066560e-001
 9.4039321e-001
 9.4011664e-001
 9.3984091e-001
 9.3957239e-001
 9.3931806e-001
 9.3908376e-001
 9.3887335e-001
 9.3868768e-001
 9.3852514e-001
 9.3838197e-001
 9.3825370e-001
 9.3813646e-001
 9.3802750e-001
 9.3792492e-001
 9.3782693e-001
 9.3773019e-001
 9.3762958e-001
 9.3751764e-001
 9.3738621e-001
 9.3722790e-001
 9.3703717e-001
 9.3681109e-001
 9.3654889e-001
 9.3625140e-001
 9.3592012e-001
 9.3555677e-001
 9.3516320e-001
 9.3474138e-001
 9.3429351e-001
 9.3382204e-001
 9.3332911e-001
 9.3281704e-001
 9.3228745e-001
 9.3174160e-001
 9.3117976e-001
 9.3060082e-001
 9.3000287e-001
 9.2938292e-001
 9.2873836e-001
 9.2806762e-001
 9.2737108e-001
 9.2665154e-001
 9.2591387e-001
 9.2516381e-001
 9.2440784e-001
 9.2365158e-001
 9.2290038e-001
 9.2215914e-001
 9.2143226e-001
 9.2072439e-001
 9.2003971e-001
 9.1938186e-001
 9.1875362e-001
 9.1815567e-001
 9.1758651e-001
 9.1704100e-001
 9.1651100e-001
 9.1598505e-001
 9.1544962e-001
 9.1489077e-001
 9.1429520e-001
 9.1365236e-001
 9.1295505e-001
 9.1219956e-001
 9.1138613e-001
 9.1051781e-001
 9.0959960e-001
 9.0863639e-001
 9.0763062e-001
 9.0657997e-001
 9.0547490e-001
 9.0429682e-001
 9.0301919e-001
 9.0160823e-001
 9.0002757e-001
 8.9824301e-001
 8.9622670e-001
 8.9396316e-001
 8.9145011e-001
 8.8870096e-001
 8.8574302e-001
 8.8261360e-001
 8.7935901e-001
 8.7602872e-001
 8.7267548e-001
 8.6935329e-001
 8.6611611e-001
 8.6302108e-001
 8.6012477e-001
 8.5748458e-001
 8.5515374e-001
 8.5317522e-001
 8.5157698e-001
 8.5036445e-001
 8.4951460e-001
 8.4897435e-001
 8.4866011e-001
 8.4846276e-001
 8.4825563e-001
 8.4790516e-001
 8.4728289e-001
 8.4627664e-001
 8.4480089e-001
 8.4280419e-001
 8.4027296e-001
 8.3723396e-001
 8.3374935e-001
 8.2991177e-001
 8.2583255e-001
 8.2162714e-001
 8.1740391e-001
 8.1324756e-001
 8.0921334e-001
 8.0532110e-001
 8.0155581e-001
 7.9787874e-001
 7.9423535e-001
 7.9057193e-001
 7.8684682e-001
 7.8303778e-001
 7.7914888e-001
 7.7520829e-001
 7.7126241e-001
 7.6737309e-001
 7.6360852e-001
 7.6004374e-001
 7.5675935e-001
 7.5384301e-001
 7.5139451e-001
 7.4952310e-001
 7.4834484e-001
 7.4797142e-001
 7.4849617e-001
 7.4997908e-001
 7.5243396e-001
 7.5581914e-001
 7.6003593e-001
 7.6493639e-001
 7.7033108e-001
 7.7601111e-001
 7.8176296e-001
 7.8739047e-001
 7.9273456e-001
 7.9768109e-001
 8.0216885e-001
 8.0618918e-001
 8.0977446e-001
 8.1298995e-001
 8.1591630e-001
 8.1863755e-001
 8.2123047e-001
 8.2375377e-001
 8.2624650e-001
 8.2872468e-001
 8.3118457e-001
 8.3360791e-001
 8.3596551e-001
 8.3822584e-001
 8.4035826e-001
 8.4233868e-001
 8.4415287e-001
 8.4579617e-001
 8.4727436e-001
 8.4860080e-001
 8.4979409e-001
 8.5087556e-001
 8.5186541e-001
 8.5278141e-001
 8.5363740e-001
 8.5444212e-001
 8.5520005e-001
 8.5591131e-001
 8.5657322e-001
 8.5718155e-001
 8.5773194e-001
 8.5822135e-001
 8.5864848e-001
 8.5901392e-001
 8.5931975e-001
 8.5956883e-001
 8.5976475e-001
 8.5991144e-001
 8.6001307e-001
 8.6007428e-001
 8.6009967e-001
 8.6009300e-001
 8.6005688e-001
 8.5999185e-001
 8.5989690e-001
 8.5976952e-001
 8.5960650e-001
 8.5940504e-001
 8.5916328e-001
 8.5888058e-001
 8.5855740e-001
 8.5819489e-001
 8.5779417e-001
 8.5735619e-001
 8.5688150e-001
 8.5637039e-001
 8.5582310e-001
 8.5523969e-001
 8.5462028e-001
 8.5396487e-001
 8.5327381e-001
 8.5254747e-001
 8.5178661e-001
 8.5099280e-001
 8.5016775e-001
 8.4931356e-001
 8.4843194e-001
 8.4752333e-001
 8.4658730e-001
 8.4562176e-001
 8.4462398e-001
 8.4359139e-001
 8.4252167e-001
 8.4141433e-001
 8.4027046e-001
 8.3909196e-001
 8.3788198e-001
 8.3664304e-001
 8.3537781e-001
 8.3408898e-001
 8.3277869e-001
 8.3145022e-001
 8.3010674e-001
 8.2875198e-001
 8.2738930e-001
 8.2602078e-001
 8.2464850e-001
 8.2327336e-001
 8.2189721e-001
 8.2052267e-001
 8.1915283e-001
 8.1779152e-001
 8.1644177e-001
 8.1510550e-001
 8.1378293e-001
 8.1247216e-001
 8.1117082e-001
 8.0987519e-001
 8.0858225e-001
 8.0728936e-001
 8.0599427e-001
 8.0469614e-001
 8.0339533e-001
 8.0209297e-001
 8.0079198e-001
 7.9949528e-001
 7.9820639e-001
 7.9692835e-001
 7.9566282e-001
 7.9441124e-001
 7.9317391e-001
 7.9195130e-001
 7.9074425e-001
 7.8955352e-001
 7.8838044e-001
 7.8722543e-001
 7.8608841e-001
 7.8496838e-001
 7.8386319e-001
 7.8277069e-001
 7.8168851e-001
 7.8061473e-001
 7.7954793e-001
 7.7848649e-001
 7.7742958e-001
 7.7637678e-001
 7.7532810e-001
 7.7428496e-001
 7.7324879e-001
 7.7222180e-001
 7.7120578e-001
 7.7020115e-001
 7.6920760e-001
 7.6822233e-001
 7.6724094e-001
 7.6625651e-001
 7.6525891e-001
 7.6423508e-001
 7.6316828e-001
 7.6203859e-001
 7.6082319e-001
 7.5949687e-001
 7.5803387e-001
 7.5640863e-001
 7.5459844e-001
 7.5258458e-001
 7.5035334e-001
 7.4789870e-001
 7.4522328e-001
 7.4233848e-001
 7.3926818e-001
 7.3604673e-001
 7.3272103e-001
 7.2934830e-001
 7.2599149e-001
 7.2271681e-001
 7.1958458e-001
 7.1664548e-001
 7.1393359e-001
 7.1146208e-001
 7.0922482e-001
 7.0719570e-001
 7.0533556e-001
 7.0359671e-001
 7.0192856e-001
 7.0028424e-001
 6.9862330e-001
 6.9691586e-001
 6.9514370e-001
 6.9330019e-001
 6.9139218e-001
 6.8943793e-001
 6.8746746e-001
 6.8551981e-001
 6.8363911e-001
 6.8187129e-001
 6.8025792e-001
 6.7882979e-001
 6.7760384e-001
 6.7657816e-001
 6.7573321e-001
 6.7503393e-001
 6.7443496e-001
 6.7388934e-001
 6.7335641e-001
 6.7281020e-001
 6.7224449e-001
 6.7167467e-001
 6.7113626e-001
 6.7067903e-001
 6.7035961e-001
 6.7023259e-001
 6.7034233e-001
 6.7071670e-001
 6.7136353e-001
 6.7227000e-001
 6.7340499e-001
 6.7472488e-001
 6.7617869e-001
 6.7771465e-001
 6.7928642e-001
 6.8085557e-001
 6.8239516e-001
 6.8388897e-001
 6.8533158e-001
 6.8672758e-001
 6.8808860e-001
 6.8943250e-001
 6.9077963e-001
 6.9215035e-001
 6.9356251e-001
 6.9502676e-001
 6.9654554e-001
 6.9811034e-001
 6.9970143e-001
 7.0128977e-001
 7.0283824e-001
 7.0430666e-001
 7.0565468e-001
 7.0684695e-001
 7.0785713e-001
 7.0867014e-001
 7.0928508e-001
 7.0971489e-001
 7.0998615e-001
 7.1013695e-001
 7.1021342e-001
 7.1026558e-001
 7.1034265e-001
 7.1048826e-001
 7.1073681e-001
 7.1111095e-001
 7.1162015e-001
 7.1226156e-001
 7.1302110e-001
 7.1387643e-001
 7.1479887e-001
 7.1575636e-001
 7.1671557e-001
 7.1764296e-001
 7.1850681e-001
 7.1927762e-001
 7.1992993e-001
 7.2044402e-001
 7.2080714e-001
 7.2101533e-001
 7.2107446e-001
 7.2100025e-001
 7.2081763e-001
 7.2055912e-001
 7.2026211e-001
 7.1996605e-001
 7.1970940e-001
 7.1952677e-001
 7.1944660e-001
 7.1948922e-001
 7.1966553e-001
 7.1997595e-001
 7.2041047e-001
 7.2094876e-001
 7.2156221e-001
 7.2221619e-001
 7.2287303e-001
 7.2349656e-001
 7.2405440e-001
 7.2452158e-001
 7.2488236e-001
 7.2513092e-001
 7.2527122e-001
 7.2531641e-001
 7.2528666e-001
 7.2520751e-001
 7.2510695e-001
 7.2501278e-001
 7.2495025e-001
 7.2493953e-001
 7.2499436e-001
 7.2512090e-001
 7.2531730e-001
 7.2557467e-001
 7.2587812e-001
 7.2620875e-001
 7.2654629e-001
 7.2687101e-001
 7.2716659e-001
 7.2742128e-001
 7.2762889e-001
 7.2778887e-001
 7.2790551e-001
 7.2798699e-001
 7.2804302e-001
 7.2808373e-001
 7.2811788e-001
 7.2815186e-001
 7.2818941e-001
 7.2823197e-001
 7.2827899e-001
 7.2832894e-001
 7.2837931e-001
 7.2842729e-001
 7.2846955e-001
 7.2850174e-001
 7.2851866e-001
 7.2851425e-001
 7.2848153e-001
 7.2841364e-001
 7.2830456e-001
 7.2815007e-001
 7.2794878e-001
 7.2770208e-001
 7.2741455e-001
 7.2709268e-001
 7.2674388e-001
 7.2637498e-001
 7.2599077e-001
 7.2559357e-001
 7.2518295e-001
 7.2475588e-001
 7.2430795e-001
 7.2383398e-001
 7.2332895e-001
 7.2278875e-001
 7.2221017e-001
 7.2159165e-001
 7.2093326e-001
 7.2023648e-001
 7.1950525e-001
 7.1874446e-001
 7.1796054e-001
 7.1716022e-001
 7.1634924e-001
 7.1553272e-001
 7.1471387e-001
 7.1389467e-001
 7.1307570e-001
 7.1225619e-001
 7.1143460e-001
 7.1060848e-001
 7.0977491e-001
 7.0893097e-001
 7.0807344e-001
 7.0719957e-001
 7.0630610e-001
 7.0539033e-001
 7.0444924e-001
 7.0347965e-001
 7.0247889e-001
 7.0144379e-001
 7.0037174e-001
 6.9926059e-001
 6.9810849e-001
 6.9691503e-001
 6.9568121e-001
 6.9440883e-001
 6.9310111e-001
 6.9176066e-001
 6.9038963e-001
 6.8898892e-001
 6.8755734e-001
 6.8609315e-001
 6.8459362e-001
 6.8305677e-001
 6.8148136e-001
 6.7986679e-001
 6.7821378e-001
 6.7652291e-001
 6.7479551e-001
 6.7303282e-001
 6.7123520e-001
 6.6940367e-001
 6.6753805e-001
 6.6563833e-001
 6.6370404e-001
 6.6173339e-001
 6.5972430e-001
 6.5767413e-001
 6.5557861e-001
 6.5343344e-001
 6.5123248e-001
 6.4896923e-001
 6.4663672e-001
 6.4422709e-001
 6.4173442e-001
 6.3915348e-001
 6.3648272e-001
 6.3372421e-001
 6.3088322e-001
 6.2797022e-001
 6.2499768e-001
 6.2198097e-001
 6.1893600e-001
 6.1587662e-001
 6.1281562e-001
 6.0976106e-001
 6.0671854e-001
 6.0369051e-001
 6.0067606e-001
 5.9767473e-001
 5.9468675e-001
 5.9171307e-001
 5.8875865e-001
 5.8582866e-001
 5.8293056e-001
 5.8007091e-001
 5.7725388e-001
 5.7448220e-001
 5.7175481e-001
 5.6906927e-001
 5.6642157e-001
 5.6380594e-001
 5.6121749e-001
 5.5865049e-001
 5.5610049e-001
 5.5356365e-001
 5.5103594e-001
 5.4851526e-001
 5.4599905e-001
 5.4348606e-001
 5.4097492e-001
 5.3846300e-001
 5.3594798e-001
 5.3342569e-001
 5.3089213e-001
 5.2834326e-001
 5.2577424e-001
 5.2318162e-001
 5.2056223e-001
 5.1791245e-001
 5.1523048e-001
 5.1251376e-001
 5.0976169e-001
 5.0697434e-001
 5.0415128e-001
 5.0129354e-001
 4.9840039e-001
 4.9547154e-001
 4.9250603e-001
 4.8950174e-001
 4.8645821e-001
 4.8337477e-001
 4.8025361e-001
 4.7709903e-001
 4.7391650e-001
 4.7071484e-001
 4.6750307e-001
 4.6429262e-001
 4.6109623e-001
 4.5792681e-001
 4.5479947e-001
 4.5173010e-001
 4.4873333e-001
 4.4582403e-001
 4.4301292e-001
 4.4030777e-001
 4.3771136e-001
 4.3522024e-001
 4.3282753e-001
 4.3052158e-001
 4.2828962e-001
 4.2611852e-001
 4.2399490e-001
 4.2190748e-001
 4.1984466e-001
 4.1779515e-001
 4.1574517e-001
 4.1367531e-001
 4.1155899e-001
 4.0935752e-001
 4.0701997e-001
 4.0448281e-001
 4.0167221e-001
 3.9851370e-001
 3.9494035e-001
 3.9090866e-001
 3.8641170e-001
 3.8148880e-001
 3.7623480e-001
 3.7079641e-001
 3.6535829e-001
 3.6012679e-001
 3.5529768e-001
 3.5103208e-001
 3.4742975e-001
 3.4451345e-001
 3.4222999e-001
 3.4045979e-001
 3.3904284e-001
 3.3780837e-001
 3.3660576e-001
 3.3533111e-001
 3.3394134e-001
 3.3245811e-001
 3.3095813e-001
 3.2955420e-001
 3.2837251e-001
 3.2752758e-001
 3.2710326e-001
 3.2713896e-001
 3.2762578e-001
 3.2851025e-001
 3.2970467e-001
 3.3110225e-001
 3.3259144e-001
 3.3407059e-001
 3.3545634e-001
 3.3668879e-001
 3.3773151e-001
 3.3856711e-001
 3.3919209e-001
 3.3961019e-001
 3.3982757e-001
 3.3984974e-001
 3.3968017e-001
 3.3932090e-001
 3.3877441e-001
 3.3804569e-001
 3.3714354e-001
 3.3608174e-001
 3.3487761e-001
 3.3355078e-001
 3.3212069e-001
 3.3060387e-001
 3.2901409e-001
 3.2736212e-001
 3.2565707e-001
 3.2391059e-001
 3.2213864e-001
 3.2036602e-001
 3.1862816e-001
 3.1697115e-001
 3.1545186e-001
 3.1413287e-001
 3.1307837e-001
 3.1234685e-001
 3.1198406e-001
 3.1201807e-001
 3.1245494e-001
 3.1327763e-001
 3.1444725e-001
 3.1590703e-001
 3.1758660e-001
 3.1940895e-001
 3.2129458e-001
 3.2316676e-001
 3.2495570e-001
 3.2659936e-001
 3.2804680e-001
 3.2925779e-001
 3.3020464e-001
 3.3087295e-001
 3.3126125e-001
 3.3138126e-001
 3.3125705e-001
 3.3092400e-001
 3.3042723e-001
 3.2982007e-001
 3.2916120e-001
 3.2851124e-001
 3.2792938e-001
 3.2746869e-001
 3.2717305e-001
 3.2707429e-001
 3.2719055e-001
 3.2752612e-001
 3.2807225e-001
 3.2880852e-001
 3.2970524e-001
 3.3072686e-001
 3.3183455e-001
 3.3299062e-001
 3.3416101e-001
 3.3531836e-001
 3.3644390e-001
 3.3752704e-001
 3.3856481e-001
 3.3956015e-001
 3.4051841e-001
 3.4144527e-001
 3.4234360e-001
 3.4321231e-001
 3.4404626e-001
 3.4483668e-001
 3.4557402e-001
 3.4624982e-001
 3.4685948e-001
 3.4740424e-001
 3.4789085e-001
 3.4833139e-001
 3.4874108e-001
 3.4913602e-001
 3.4953120e-001
 3.4993804e-001
 3.5036361e-001
 3.5080940e-001
 3.5127130e-001
 3.5174042e-001
 3.5220352e-001
 3.5264510e-001
 3.5304889e-001
 3.5339996e-001
 3.5368675e-001
 3.5390249e-001
 3.5404620e-001
 3.5412332e-001
 3.5414544e-001
 3.5412958e-001
 3.5409698e-001
 3.5407168e-001
 3.5407847e-001
 3.5414082e-001
 3.5414439e-001
 3.5436165e-001
 3.5468709e-001
 3.5511687e-001
 3.5563642e-001
 3.5622334e-001
 3.5685045e-001
 3.5748944e-001
 3.5811391e-001
 3.5870078e-001
 3.5923204e-001
 3.5969508e-001
 3.6008340e-001
 3.6039698e-001
 3.6064196e-001
 3.6083007e-001
 3.6097741e-001
 3.6110237e-001
 3.6122355e-001
 3.6135781e-001
 3.6151931e-001
 3.6171925e-001
 3.6196601e-001
 3.6226520e-001
 3.6261907e-001
 3.6302590e-001
 3.6347923e-001
 3.6396649e-001
 3.6446929e-001
 3.6496329e-001
 3.6542067e-001
 3.6581373e-001
 3.6611852e-001
 3.6631796e-001
 3.6640239e-001
 3.6636901e-001
 3.6622015e-001
 3.6596173e-001
 3.6560249e-001
 3.6515352e-001
 3.6462867e-001
 3.6404425e-001
 3.6341876e-001
 3.6277184e-001
 3.6212242e-001
 3.6148754e-001
 3.6087975e-001
 3.6030620e-001
 3.5976732e-001
 3.5925728e-001
 3.5876611e-001
 3.5828209e-001
 3.5779539e-001
 3.5730007e-001
 3.5679504e-001
 3.5628369e-001
 3.5577169e-001
 3.5526583e-001
 3.5477287e-001
 3.5429910e-001
 3.5385126e-001
 3.5343575e-001
 3.5305816e-001
 3.5272154e-001
 3.5242531e-001
 3.5216594e-001
 3.5193869e-001
 3.5173973e-001
 3.5156739e-001
 3.5142103e-001
 3.5129881e-001
 3.5119486e-001
 3.5109839e-001
 3.5099509e-001
 3.5087034e-001
 3.5071248e-001
 3.5051480e-001
 3.5027513e-001
 3.4999388e-001
 3.4967145e-001
 3.4930661e-001
 3.4889656e-001
 3.4843728e-001
 3.4792483e-001
 3.4735516e-001
 3.4672406e-001
 3.4602728e-001
 3.4526095e-001
 3.4442413e-001
 3.4352061e-001
 3.4255937e-001
 3.4155440e-001
 3.4052166e-001
 3.3947715e-001
 3.3843467e-001
 3.3740485e-001
 3.3639634e-001
 3.3541536e-001
 3.3446681e-001
 3.3355376e-001
 3.3267698e-001
 3.3183610e-001
 3.3102921e-001
 3.3025405e-001
 3.2950804e-001
 3.2878774e-001
 3.2808900e-001
 3.2740608e-001
 3.2673228e-001
 3.2606012e-001
 3.2538173e-001
 3.2469037e-001
 3.2398114e-001
 3.2325301e-001
 3.2251003e-001
 3.2176155e-001
 3.2102105e-001
 3.2030270e-001
 3.1961679e-001
 3.1896740e-001
 3.1835046e-001
 3.1775612e-001
 3.1717137e-001
 3.1658307e-001
 3.1598052e-001
 3.1535584e-001
 3.1470445e-001
 3.1402472e-001
 3.1331736e-001
 3.1258520e-001
 3.1183192e-001
 3.1106198e-001
 3.1028017e-001
 3.0949152e-001
 3.0870157e-001
 3.0791521e-001
 3.0713615e-001
 3.0636576e-001
 3.0560246e-001
 3.0484319e-001
 3.0408406e-001
 3.0332151e-001
 3.0255365e-001
 3.0177987e-001
 3.0100134e-001
 3.0022082e-001
 2.9944244e-001
 2.9867262e-001
 2.9791912e-001
 2.9719123e-001
 2.9649812e-001
 2.9584739e-001
 2.9524451e-001
 2.9469186e-001
 2.9418951e-001
 2.9373595e-001
 2.9332840e-001
 2.9296353e-001
 2.9263651e-001
 2.9234087e-001
 2.9206830e-001
 2.9180965e-001
 2.9155689e-001
 2.9130477e-001
 2.9105163e-001
 2.9079929e-001
 2.9055151e-001
 2.9031244e-001
 2.9008520e-001
 2.8987098e-001
 2.8966886e-001
 2.8947571e-001
 2.8928703e-001
 2.8909773e-001
 2.8890303e-001
 2.8869909e-001
 2.8848240e-001
 2.8824896e-001
 2.8799316e-001
 2.8770778e-001
 2.8738561e-001
 2.8702199e-001
 2.8661740e-001
 2.8617904e-001
 2.8572044e-001
 2.8525990e-001
 2.8481677e-001
 2.8440839e-001
 2.8404659e-001
 2.8373575e-001
 2.8347322e-001
 2.8325105e-001
 2.8305876e-001
 2.8288633e-001
 2.8272530e-001
 2.8256893e-001
 2.8241104e-001
 2.8224435e-001
 2.8205955e-001
 2.8184456e-001
 2.8158545e-001
 2.8126770e-001
 2.8087860e-001
 2.8040865e-001
 2.7985260e-001
 2.7921000e-001
 2.7848366e-001
 2.7767920e-001
 2.7680370e-001
 2.7586547e-001
 2.7487198e-001
 2.7382973e-001
 2.7274489e-001
 2.7162230e-001
 2.7046648e-001
 2.6928261e-001
 2.6807448e-001
 2.6684484e-001
 2.6559436e-001
 2.6432344e-001
 2.6303130e-001
 2.6171821e-001
 2.6038709e-001
 2.5904158e-001
 2.5768670e-001
 2.5632998e-001
 2.5497961e-001
 2.5364590e-001
 2.5234234e-001
 2.5108340e-001
 2.4988475e-001
 2.4876100e-001
 2.4772480e-001
 2.4678320e-001
 2.4593675e-001
 2.4517931e-001
 2.4449739e-001
 2.4387267e-001
 2.4328519e-001
 2.4271528e-001
 2.4214646e-001
 2.4156630e-001
 2.4096707e-001
 2.4034449e-001
 2.3969688e-001
 2.3902410e-001
 2.3832479e-001
 2.3759539e-001
 2.3683026e-001
 2.3602177e-001
 2.3516279e-001
 2.3424938e-001
 2.3328072e-001
 2.3225972e-001
 2.3119140e-001
 2.3008226e-001
 2.2893722e-001
 2.2775918e-001
 2.2654951e-001
 2.2530690e-001
 2.2402947e-001
 2.2271699e-001
 2.2136985e-001
 2.1999003e-001
 2.1857946e-001
 2.1714005e-001
 2.1567115e-001
 2.1417105e-001
 2.1263935e-001
 2.1107630e-001
 2.0948453e-001
 2.0786966e-001
 2.0623663e-001
 2.0458950e-001
 2.0292950e-001
 2.0125654e-001
 1.9956782e-001
 1.9786020e-001
 1.9613251e-001
 1.9438362e-001
 1.9261321e-001
 1.9082262e-001
 1.8901174e-001
 1.8718021e-001
 1.8532893e-001
 1.8345773e-001
 1.8156725e-001
 1.7965804e-001
 1.7773195e-001
 1.7578907e-001
 1.7382915e-001
 1.7185332e-001
 1.6986211e-001
 1.6785757e-001
 1.6584499e-001
 1.6382964e-001
 1.6181789e-001
 1.5981534e-001
 1.5782820e-001
 1.5586025e-001
 1.5391438e-001
 1.5199412e-001
 1.5010138e-001
 1.4823848e-001
 1.4641060e-001
 1.4462391e-001
 1.4288698e-001
 1.4121084e-001
 1.3960460e-001
 1.3807522e-001
 1.3662589e-001
 1.3525783e-001
 1.3396971e-001
 1.3276045e-001
 1.3163079e-001
 1.3058119e-001
 1.2961107e-001
 1.2871769e-001
 1.2789384e-001
 1.2712954e-001
 1.2641370e-001
 1.2573721e-001
 1.2509345e-001
 1.2447890e-001
 1.2389264e-001
 1.2333401e-001
 1.2280213e-001
 1.2229581e-001
 1.2181263e-001
 1.2134921e-001
 1.2090130e-001
 1.2046314e-001
 1.2002851e-001
 1.1959183e-001
 1.1915018e-001
 1.1870396e-001
 1.1825769e-001
 1.1781932e-001
 1.1739769e-001
 1.1700077e-001
 1.1663450e-001
 1.1630233e-001
 1.1600696e-001
 1.1575228e-001
 1.1554516e-001
 1.1539526e-001
 1.1531388e-001
 1.1531164e-001
 1.1539596e-001
 1.1556976e-001
 1.1583094e-001
 1.1617326e-001
 1.1658745e-001
 1.1706205e-001
 1.1758486e-001
 1.1814299e-001
 1.1872300e-001
 1.1930994e-001
 1.1988820e-001
 1.2044184e-001
 1.2095575e-001
 1.2141795e-001
 1.2181976e-001
 1.2215490e-001
 1.2241865e-001
 1.2260632e-001
 1.2271300e-001
 1.2273413e-001
 1.2266722e-001
 1.2251382e-001
 1.2228189e-001
 1.2198706e-001
 1.2165245e-001
 1.2130685e-001
 1.2098061e-001
 1.2070188e-001
 1.2049378e-001
 1.2037221e-001
 1.2034585e-001
 1.2041693e-001
 1.2058283e-001
 1.2083805e-001
 1.2117583e-001
 1.2158819e-001
 1.2206534e-001
 1.2259422e-001
 1.2315754e-001
 1.2373582e-001
 1.2430958e-001
 1.2486198e-001
 1.2537912e-001
 1.2585002e-001
 1.2626520e-001
 1.2661640e-001
 1.2689914e-001
 1.2711464e-001
 1.2727110e-001
 1.2738323e-001
 1.2746915e-001
 1.2754692e-001
 1.2763123e-001
 1.2773202e-001
 1.2785450e-001
 1.2800029e-001
 1.2816897e-001
 1.2835886e-001
 1.2856668e-001
 1.2878722e-001
 1.2901270e-001
 1.2923303e-001
 1.2943728e-001
 1.2961516e-001
 1.2975825e-001
 1.2986019e-001
 1.2991600e-001
 1.2992045e-001
 1.2986685e-001
 1.2974612e-001
 1.2954666e-001
 1.2925494e-001
 1.2885621e-001
 1.2833612e-001
 1.2768243e-001
 1.2688804e-001
 1.2595202e-001
 1.2488053e-001
 1.2368669e-001
 1.2238666e-001
 1.2099796e-001
 1.1953930e-001
 1.1802863e-001
 1.1648459e-001
 1.1492729e-001
 1.1337414e-001
 1.1183817e-001
 1.1032487e-001
 1.0883339e-001
 1.0735721e-001
 1.0589006e-001
 1.0443167e-001
 1.0298819e-001
 1.0157268e-001
 1.0020302e-001
 9.8896176e-002
 9.7667411e-002
 9.6529908e-002
 9.5498078e-002
 9.4588228e-002
 9.3819790e-002
 9.3213305e-002
 9.2785187e-002
 9.2544779e-002
 9.2493005e-002
 9.2623234e-002
 9.2924267e-002
 9.3382195e-002
 9.3981482e-002
 9.4703756e-002
 9.5526673e-002
 9.6422620e-002
 9.7361304e-002
 9.8312266e-002
 9.9247836e-002
 1.0014727e-001
 1.0099716e-001
 1.0179004e-001
 1.0252358e-001
 1.0319735e-001
 1.0381113e-001
 1.0436276e-001
 1.0484779e-001
 1.0525744e-001
 1.0557647e-001
 1.0578185e-001
 1.0584143e-001
 1.0571530e-001
 1.0535994e-001
 1.0473406e-001
 1.0380644e-001
 1.0256191e-001
 1.0100710e-001
 9.9172920e-002
 9.7116001e-002
 9.4911478e-002
 9.2645623e-002
 9.0406597e-002
 8.8270716e-002
 8.6297207e-002
 8.4528156e-002
 8.2989924e-002
 8.1703022e-002
 8.0689296e-002
 7.9977438e-002
 7.9600513e-002
 7.9590805e-002
 7.9970472e-002
 8.0743216e-002
 8.1889778e-002
 8.3365999e-002
 8.5107341e-002
 8.7033227e-002
 8.9051448e-002
 9.1067895e-002
 9.2992723e-002
 9.4749212e-002
 9.6278340e-002
 9.7543836e-002
 9.8528683e-002
 9.9230044e-002
 9.9656291e-002
 9.9824749e-002
 9.9763900e-002
 9.9516936e-002
 9.9142745e-002
 9.8712638e-002
 9.8303229e-002
 9.7986244e-002
 9.7820491e-002
 9.7846694e-002
 9.8085485e-002
 9.8538481e-002
 9.9190012e-002
 1.0001100e-001
 1.0096307e-001
 1.0200461e-001
 1.0309575e-001
 1.0420498e-001
 1.0531106e-001
 1.0640156e-001
 1.0747076e-001
 1.0851298e-001
 1.0951571e-001
 1.1045673e-001
 1.1130258e-001
 1.1201144e-001
 1.1254103e-001
 1.1285494e-001
 1.1292776e-001
 1.1274602e-001
 1.1230620e-001
 1.1161140e-001
 1.1067057e-001
 1.0949763e-001
 1.0811212e-001
 1.0653953e-001
 1.0480732e-001
 1.0294473e-001
 1.0098250e-001
 9.8956950e-002
 9.6909270e-002
 9.4887331e-002
 9.2945226e-002
 9.1136657e-002
 8.9511663e-002
 8.8111892e-002
 8.6962625e-002
 8.6070478e-002
 8.5424230e-002
 8.4999226e-002
 8.4767401e-002
 8.4705643e-002
 8.4800296e-002
 8.5045986e-002
 8.5441224e-002
 8.5983545e-002
 8.6668603e-002
 8.7491535e-002
 8.8448264e-002
 8.9536473e-002
 9.0751171e-002
 9.2079565e-002
 9.3495220e-002
 9.4959557e-002
 9.6425846e-002
 9.7847022e-002
 9.9187471e-002
 1.0042843e-001
 1.0156800e-001
 1.0261785e-001
 1.0359405e-001
 1.0450921e-001
 1.0537092e-001
 1.0618288e-001
 1.0695025e-001
 1.0768326e-001
 1.0839935e-001
 1.0911969e-001
 1.0986345e-001
 1.1064314e-001
 1.1146031e-001
 1.1230431e-001
 1.1315683e-001
 1.1399771e-001
 1.1481273e-001
 1.1559764e-001
 1.1635911e-001
 1.1710886e-001
 1.1785570e-001
 1.1860121e-001
 1.1933887e-001
 1.2005787e-001
 1.2075032e-001
 1.2141454e-001
 1.2205432e-001
 1.2267595e-001
 1.2328310e-001
 1.2387463e-001
 1.2444475e-001
 1.2498657e-001
 1.2549447e-001
 1.2596443e-001
 1.2639272e-001
 1.2677145e-001
 1.2708496e-001
 1.2731014e-001
 1.2742038e-001
 1.2739260e-001
 1.2721306e-001
 1.2687741e-001
 1.2638517e-001
 1.2573346e-001
 1.2491453e-001
 1.2392154e-001
 1.2275985e-001
 1.2145309e-001
 1.2004281e-001
 1.1858014e-001
 1.1711165e-001
 1.1567290e-001
 1.1428844e-001
 1.1298086e-001
 1.1177880e-001
 1.1072540e-001
 1.0987981e-001
 1.0930969e-001
 1.0908062e-001
 1.0924253e-001
 1.0981858e-001
 1.1080122e-001
 1.1215523e-001
 1.1382318e-001
 1.1573389e-001
 1.1780518e-001
 1.1994390e-001
 1.2205212e-001
 1.2403242e-001
 1.2579583e-001
 1.2727362e-001
 1.2842162e-001
 1.2922418e-001
 1.2969491e-001
 1.2987782e-001
 1.2984422e-001
 1.2968750e-001
 1.2951352e-001
 1.2942713e-001
 1.2951788e-001
 1.2984784e-001
 1.3044609e-001
 1.3130969e-001
 1.3241166e-001
 1.3370988e-001
 1.3515596e-001
 1.3669984e-001
 1.3829519e-001
 1.3989845e-001
 1.4146486e-001
 1.4294638e-001
 1.4428727e-001
 1.4542408e-001
 1.4629348e-001
 1.4684103e-001
 1.4703223e-001
 1.4686002e-001
 1.4634646e-001
 1.4553802e-001
 1.4450005e-001
 1.4331135e-001
 1.4206353e-001
 1.4085937e-001
 1.3979997e-001
 1.3896374e-001
 1.3838170e-001
 1.3802399e-001
 1.3781419e-001
 1.3766682e-001
 1.3752963e-001
 1.3740493e-001
 1.3733596e-001
 1.3736692e-001
 1.3750359e-001
 1.3770083e-001
 1.3788456e-001
 1.3799280e-001
 1.3800640e-001
 1.3795121e-001
 1.3787487e-001
 1.3781884e-001
 1.3780344e-001
-1.2300000e+034
