s07_ASD Record=15811: Lignin_alkali SA-370959      ASDHRa AREF
-1.2300000e+034
 1.0956108e-002
 1.1572361e-002
 1.2489579e-002
 1.2418348e-002
 1.2604052e-002
 1.2802927e-002
 1.2804932e-002
 1.3017958e-002
 1.3177563e-002
 1.3180182e-002
 1.3082785e-002
 1.3394873e-002
 1.3609037e-002
 1.3637403e-002
 1.3715076e-002
 1.3752469e-002
 1.3736252e-002
 1.3703898e-002
 1.3760055e-002
 1.3792756e-002
 1.3769493e-002
 1.3708969e-002
 1.3715873e-002
 1.3748758e-002
 1.3811963e-002
 1.3914558e-002
 1.3854380e-002
 1.3875399e-002
 1.4009487e-002
 1.3978143e-002
 1.3954501e-002
 1.3959088e-002
 1.3963482e-002
 1.3882058e-002
 1.3939454e-002
 1.4035026e-002
 1.3983598e-002
 1.4066654e-002
 1.4087480e-002
 1.4009058e-002
 1.3983306e-002
 1.3944178e-002
 1.3956910e-002
 1.4036827e-002
 1.4043950e-002
 1.4044571e-002
 1.4059066e-002
 1.4084858e-002
 1.4086860e-002
 1.4088623e-002
 1.4099053e-002
 1.4109692e-002
 1.4076225e-002
 1.4079910e-002
 1.4143459e-002
 1.4142809e-002
 1.4125319e-002
 1.4124852e-002
 1.4158609e-002
 1.4189004e-002
 1.4195533e-002
 1.4181538e-002
 1.4169292e-002
 1.4193557e-002
 1.4223275e-002
 1.4239071e-002
 1.4261145e-002
 1.4265892e-002
 1.4272052e-002
 1.4297230e-002
 1.4298041e-002
 1.4303485e-002
 1.4316634e-002
 1.4322273e-002
 1.4354372e-002
 1.4377674e-002
 1.4377971e-002
 1.4397730e-002
 1.4379920e-002
 1.4356487e-002
 1.4368670e-002
 1.4369814e-002
 1.4388442e-002
 1.4421448e-002
 1.4441483e-002
 1.4467441e-002
 1.4499537e-002
 1.4533810e-002
 1.4563867e-002
 1.4592008e-002
 1.4614838e-002
 1.4632693e-002
 1.4672537e-002
 1.4705488e-002
 1.4730632e-002
 1.4772261e-002
 1.4813570e-002
 1.4848416e-002
 1.4878199e-002
 1.4916980e-002
 1.4956035e-002
 1.4995021e-002
 1.5035680e-002
 1.5073754e-002
 1.5115512e-002
 1.5161102e-002
 1.5204238e-002
 1.5250116e-002
 1.5300523e-002
 1.5350686e-002
 1.5377971e-002
 1.5423953e-002
 1.5483378e-002
 1.5533368e-002
 1.5590642e-002
 1.5647868e-002
 1.5702769e-002
 1.5760945e-002
 1.5807608e-002
 1.5852259e-002
 1.5906626e-002
 1.5972877e-002
 1.6034389e-002
 1.6088573e-002
 1.6142659e-002
 1.6211115e-002
 1.6274039e-002
 1.6326120e-002
 1.6387982e-002
 1.6456155e-002
 1.6521964e-002
 1.6580353e-002
 1.6646434e-002
 1.6709231e-002
 1.6772455e-002
 1.6847828e-002
 1.6915582e-002
 1.6983060e-002
 1.7056283e-002
 1.7131964e-002
 1.7210262e-002
 1.7286986e-002
 1.7359070e-002
 1.7434701e-002
 1.7511904e-002
 1.7592672e-002
 1.7681576e-002
 1.7756104e-002
 1.7835068e-002
 1.7929759e-002
 1.8017014e-002
 1.8100543e-002
 1.8185629e-002
 1.8276410e-002
 1.8362492e-002
 1.8448796e-002
 1.8539842e-002
 1.8638117e-002
 1.8726582e-002
 1.8815812e-002
 1.8915262e-002
 1.9009719e-002
 1.9106032e-002
 1.9201024e-002
 1.9288311e-002
 1.9387251e-002
 1.9496484e-002
 1.9610120e-002
 1.9719783e-002
 1.9825144e-002
 1.9935790e-002
 2.0057833e-002
 2.0169558e-002
 2.0282164e-002
 2.0400448e-002
 2.0522831e-002
 2.0644804e-002
 2.0767149e-002
 2.0891681e-002
 2.1020094e-002
 2.1148248e-002
 2.1277273e-002
 2.1409806e-002
 2.1544307e-002
 2.1684309e-002
 2.1828521e-002
 2.1970192e-002
 2.2112159e-002
 2.2249002e-002
 2.2381138e-002
 2.2531036e-002
 2.2685656e-002
 2.2841759e-002
 2.3001723e-002
 2.3161896e-002
 2.3325521e-002
 2.3492590e-002
 2.3655478e-002
 2.3825224e-002
 2.3995886e-002
 2.4160497e-002
 2.4333540e-002
 2.4504730e-002
 2.4674185e-002
 2.4851605e-002
 2.5030253e-002
 2.5211118e-002
 2.5393974e-002
 2.5572717e-002
 2.5749305e-002
 2.5923409e-002
 2.6095679e-002
 2.6279110e-002
 2.6465217e-002
 2.6649857e-002
 2.6836438e-002
 2.7019694e-002
 2.7204486e-002
 2.7393728e-002
 2.7575823e-002
 2.7761536e-002
 2.7951593e-002
 2.8140666e-002
 2.8336029e-002
 2.8530329e-002
 2.8721988e-002
 2.8923713e-002
 2.9128212e-002
 2.9333852e-002
 2.9541459e-002
 2.9753864e-002
 2.9970221e-002
 3.0189889e-002
 3.0411951e-002
 3.0633962e-002
 3.0854555e-002
 3.1074403e-002
 3.1300105e-002
 3.1522550e-002
 3.1746008e-002
 3.1979151e-002
 3.2208145e-002
 3.2442883e-002
 3.2685410e-002
 3.2923680e-002
 3.3176884e-002
 3.3434931e-002
 3.3686459e-002
 3.3946030e-002
 3.4212042e-002
 3.4480061e-002
 3.4745432e-002
 3.5018492e-002
 3.5295032e-002
 3.5571247e-002
 3.5848454e-002
 3.6130462e-002
 3.6415659e-002
 3.6701705e-002
 3.6993966e-002
 3.7285235e-002
 3.7576236e-002
 3.7875786e-002
 3.8181368e-002
 3.8488913e-002
 3.8796045e-002
 3.9105754e-002
 3.9418738e-002
 3.9734710e-002
 4.0052939e-002
 4.0374763e-002
 4.0695928e-002
 4.1017540e-002
 4.1348919e-002
 4.1678198e-002
 4.2008828e-002
 4.2345617e-002
 4.2681910e-002
 4.3020595e-002
 4.3361604e-002
 4.3702237e-002
 4.4044901e-002
 4.4384085e-002
 4.4720065e-002
 4.5066621e-002
 4.5412999e-002
 4.5759436e-002
 4.6108939e-002
 4.6457287e-002
 4.6803512e-002
 4.7150649e-002
 4.7504537e-002
 4.7858205e-002
 4.8209529e-002
 4.8558794e-002
 4.8908677e-002
 4.9257874e-002
 4.9605932e-002
 4.9953572e-002
 5.0305605e-002
 5.0665163e-002
 5.1028572e-002
 5.1385611e-002
 5.1745523e-002
 5.2104026e-002
 5.2458573e-002
 5.2819040e-002
 5.3188130e-002
 5.3560887e-002
 5.3929325e-002
 5.4301515e-002
 5.4677092e-002
 5.5053849e-002
 5.5428308e-002
 5.5809513e-002
 5.6197718e-002
 5.6590892e-002
 5.6987837e-002
 5.7389293e-002
 5.7794329e-002
 5.8201298e-002
 5.8613770e-002
 5.9037555e-002
 5.9470445e-002
 5.9896350e-002
 6.0328711e-002
 6.0768995e-002
 6.1214313e-002
 6.1659407e-002
 6.2108025e-002
 6.2562294e-002
 6.3023597e-002
 6.3498683e-002
 6.3982427e-002
 6.4469196e-002
 6.4955272e-002
 6.5445557e-002
 6.5940455e-002
 6.6439845e-002
 6.6949487e-002
 6.7465812e-002
 6.7984104e-002
 6.8500169e-002
 6.9020897e-002
 6.9544114e-002
 7.0068434e-002
 7.0598461e-002
 7.1135879e-002
 7.1677260e-002
 7.2219096e-002
 7.2767377e-002
 7.3319770e-002
 7.3876083e-002
 7.4437611e-002
 7.5006425e-002
 7.5578660e-002
 7.6149829e-002
 7.6719448e-002
 7.7291280e-002
 7.7866606e-002
 7.8446522e-002
 7.9029597e-002
 7.9620942e-002
 8.0220059e-002
 8.0820195e-002
 8.1423379e-002
 8.2026929e-002
 8.2631752e-002
 8.3249547e-002
 8.3870143e-002
 8.4490001e-002
 8.5110061e-002
 8.5739806e-002
 8.6372994e-002
 8.7008253e-002
 8.7648965e-002
 8.8288054e-002
 8.8926747e-002
 8.9571416e-002
 9.0234824e-002
 9.0900347e-002
 9.1564663e-002
 9.2227794e-002
 9.2884839e-002
 9.3541093e-002
 9.4206259e-002
 9.4889827e-002
 9.5574334e-002
 9.6260682e-002
 9.6948102e-002
 9.7629778e-002
 9.8314866e-002
 9.9006921e-002
 9.9707149e-002
 1.0041386e-001
 1.0112697e-001
 1.0184387e-001
 1.0256062e-001
 1.0328144e-001
 1.0400102e-001
 1.0471813e-001
 1.0544034e-001
 1.0617649e-001
 1.0691997e-001
 1.0766496e-001
 1.0841711e-001
 1.0916782e-001
 1.0991551e-001
 1.1066183e-001
 1.1140969e-001
 1.1216620e-001
 1.1293241e-001
 1.1370294e-001
 1.1448033e-001
 1.1526529e-001
 1.1605519e-001
 1.1684334e-001
 1.1762968e-001
 1.1841208e-001
 1.1919355e-001
 1.1999036e-001
 1.2080140e-001
 1.2162258e-001
 1.2244625e-001
 1.2326642e-001
 1.2408093e-001
 1.2489298e-001
 1.2571394e-001
 1.2653629e-001
 1.2735896e-001
 1.2818497e-001
 1.2901667e-001
 1.2985931e-001
 1.3070755e-001
 1.3155341e-001
 1.3240860e-001
 1.3326894e-001
 1.3413109e-001
 1.3499430e-001
 1.3586885e-001
 1.3674374e-001
 1.3761485e-001
 1.3849542e-001
 1.3937974e-001
 1.4026444e-001
 1.4114916e-001
 1.4204058e-001
 1.4294490e-001
 1.4385776e-001
 1.4477067e-001
 1.4568006e-001
 1.4659587e-001
 1.4752042e-001
 1.4844728e-001
 1.4938346e-001
 1.5032849e-001
 1.5127705e-001
 1.5222107e-001
 1.5316731e-001
 1.5412383e-001
 1.5509430e-001
 1.5606067e-001
 1.5702972e-001
 1.5800670e-001
 1.5899186e-001
 1.5997680e-001
 1.6097623e-001
 1.6198924e-001
 1.6300261e-001
 1.6402206e-001
 1.6504894e-001
 1.6608220e-001
 1.6711821e-001
 1.6816287e-001
 1.6921419e-001
 1.7026873e-001
 1.7132603e-001
 1.7239437e-001
 1.7346719e-001
 1.7453694e-001
 1.7562068e-001
 1.7671345e-001
 1.7781259e-001
 1.7891863e-001
 1.8003748e-001
 1.8116714e-001
 1.8230551e-001
 1.8344988e-001
 1.8459414e-001
 1.8574122e-001
 1.8689635e-001
 1.8806683e-001
 1.8924689e-001
 1.9042940e-001
 1.9160999e-001
 1.9279532e-001
 1.9398470e-001
 1.9517927e-001
 1.9638057e-001
 1.9758560e-001
 1.9880003e-001
 2.0002207e-001
 2.0124470e-001
 2.0246735e-001
 2.0369725e-001
 2.0493411e-001
 2.0617406e-001
 2.0743670e-001
 2.0870349e-001
 2.0996615e-001
 2.1123673e-001
 2.1251452e-001
 2.1380280e-001
 2.1509869e-001
 2.1639094e-001
 2.1768689e-001
 2.1899472e-001
 2.2031671e-001
 2.2163109e-001
 2.2295035e-001
 2.2427993e-001
 2.2561848e-001
 2.2695331e-001
 2.2828798e-001
 2.2962850e-001
 2.3097798e-001
 2.3232739e-001
 2.3368248e-001
 2.3504582e-001
 2.3641747e-001
 2.3779470e-001
 2.3917723e-001
 2.4056126e-001
 2.4194126e-001
 2.4333289e-001
 2.4471959e-001
 2.4610072e-001
 2.4750945e-001
 2.4892451e-001
 2.5034174e-001
 2.5176069e-001
 2.5317979e-001
 2.5459287e-001
 2.5600877e-001
 2.5743610e-001
 2.5887093e-001
 2.6030409e-001
 2.6173785e-001
 2.6317891e-001
 2.6463464e-001
 2.6610386e-001
 2.6757431e-001
 2.6903352e-001
 2.7050135e-001
 2.7197582e-001
 2.7345255e-001
 2.7492857e-001
 2.7641028e-001
 2.7789375e-001
 2.7938125e-001
 2.8087541e-001
 2.8235033e-001
 2.8383374e-001
 2.8533450e-001
 2.8684381e-001
 2.8835550e-001
 2.8987378e-001
 2.9140124e-001
 2.9293326e-001
 2.9445553e-001
 2.9597041e-001
 2.9748696e-001
 2.9901654e-001
 3.0052757e-001
 3.0204865e-001
 3.0358991e-001
 3.0512509e-001
 3.0666813e-001
 3.0822012e-001
 3.0978051e-001
 3.1135082e-001
 3.1291378e-001
 3.1448171e-001
 3.1605974e-001
 3.1763536e-001
 3.1922984e-001
 3.2082883e-001
 3.2242110e-001
 3.2400918e-001
 3.2558587e-001
 3.2715544e-001
 3.2873061e-001
 3.3033165e-001
 3.3192998e-001
 3.3352762e-001
 3.3513349e-001
 3.3675212e-001
 3.3836806e-001
 3.3999699e-001
 3.4164393e-001
 3.4328714e-001
 3.4489778e-001
 3.4651023e-001
 3.4814548e-001
 3.4978196e-001
 3.5141182e-001
 3.5303536e-001
 3.5465109e-001
 3.5625231e-001
 3.5786447e-001
 3.5950008e-001
 3.6114675e-001
 3.6277106e-001
 3.6442441e-001
 3.6608151e-001
 3.6772028e-001
 3.6934194e-001
 3.7098742e-001
 3.7263954e-001
 3.7427956e-001
 3.7590525e-001
 3.7755790e-001
 3.7920168e-001
 3.8082790e-001
 3.8247195e-001
 3.8415861e-001
 3.8584319e-001
 3.8750985e-001
 3.8917878e-001
 3.9082417e-001
 3.9245477e-001
 3.9409336e-001
 3.9575720e-001
 3.9737329e-001
 3.9902934e-001
 4.0070477e-001
 4.0232292e-001
 4.0400195e-001
 4.0564615e-001
 4.0727305e-001
 4.0895113e-001
 4.1063619e-001
 4.1230807e-001
 4.1399080e-001
 4.1569936e-001
 4.1734189e-001
 4.1899690e-001
 4.2063674e-001
 4.2223966e-001
 4.2391115e-001
 4.2555416e-001
 4.2720157e-001
 4.2884976e-001
 4.3049821e-001
 4.3214688e-001
 4.3379515e-001
 4.3544257e-001
 4.3708947e-001
 4.3873578e-001
 4.4038215e-001
 4.4202834e-001
 4.4367367e-001
 4.4531757e-001
 4.4695848e-001
 4.4859505e-001
 4.5022696e-001
 4.5185387e-001
 4.5347700e-001
 4.5509750e-001
 4.5671663e-001
 4.5833588e-001
 4.5995528e-001
 4.6157467e-001
 4.6319279e-001
 4.6480799e-001
 4.6641940e-001
 4.6802595e-001
 4.6962780e-001
 4.7122502e-001
 4.7281781e-001
 4.7440681e-001
 4.7599161e-001
 4.7757238e-001
 4.7914866e-001
 4.8071980e-001
 4.8228589e-001
 4.8384631e-001
 4.8540127e-001
 4.8695052e-001
 4.8849392e-001
 4.9003190e-001
 4.9156433e-001
 4.9309099e-001
 4.9461216e-001
 4.9612719e-001
 4.9763623e-001
 4.9913889e-001
 5.0063503e-001
 5.0212520e-001
 5.0360960e-001
 5.0508916e-001
 5.0656450e-001
 5.0803590e-001
 5.0950408e-001
 5.1096863e-001
 5.1242965e-001
 5.1388627e-001
 5.1533777e-001
 5.1678389e-001
 5.1822394e-001
 5.1965797e-001
 5.2108580e-001
 5.2250737e-001
 5.2392286e-001
 5.2533203e-001
 5.2673465e-001
 5.2813113e-001
 5.2952141e-001
 5.3090674e-001
 5.3228790e-001
 5.3366578e-001
 5.3504163e-001
 5.3641587e-001
 5.3778929e-001
 5.3916228e-001
 5.4053533e-001
 5.4190975e-001
 5.4328597e-001
 5.4466486e-001
 5.4604602e-001
 5.4742855e-001
 5.4881144e-001
 5.5019283e-001
 5.5157179e-001
 5.5294734e-001
 5.5431920e-001
 5.5568802e-001
 5.5705434e-001
 5.5841869e-001
 5.5978209e-001
 5.6114471e-001
 5.6250709e-001
 5.6386900e-001
 5.6522977e-001
 5.6658918e-001
 5.6794584e-001
 5.6929892e-001
 5.7064688e-001
 5.7198828e-001
 5.7332253e-001
 5.7464874e-001
 5.7596743e-001
 5.7727903e-001
 5.7858443e-001
 5.7988477e-001
 5.8118021e-001
 5.8247119e-001
 5.8375716e-001
 5.8503711e-001
 5.8631063e-001
 5.8757645e-001
 5.8883429e-001
 5.9008336e-001
 5.9132284e-001
 5.9255219e-001
 5.9377021e-001
 5.9497559e-001
 5.9616750e-001
 5.9734470e-001
 5.9850687e-001
 5.9965372e-001
 6.0078532e-001
 6.0190278e-001
 6.0300702e-001
 6.0409969e-001
 6.0518259e-001
 6.0625732e-001
 6.0732597e-001
 6.0839003e-001
 6.0945147e-001
 6.1051172e-001
 6.1157227e-001
 6.1263484e-001
 6.1370063e-001
 6.1477083e-001
 6.1584610e-001
 6.1692685e-001
 6.1801380e-001
 6.1910743e-001
 6.2020832e-001
 6.2131763e-001
 6.2243569e-001
 6.2356293e-001
 6.2469906e-001
 6.2584299e-001
 6.2699383e-001
 6.2814975e-001
 6.2930924e-001
 6.3047022e-001
 6.3163042e-001
 6.3278806e-001
 6.3394094e-001
 6.3508773e-001
 6.3622725e-001
 6.3735855e-001
 6.3848156e-001
 6.3959563e-001
 6.4070058e-001
 6.4179569e-001
 6.4288008e-001
 6.4395338e-001
 6.4501464e-001
 6.4606369e-001
 6.4710003e-001
 6.4812356e-001
 6.4913470e-001
 6.5013403e-001
 6.5112251e-001
 6.5210199e-001
 6.5307397e-001
 6.5404063e-001
 6.5500337e-001
 6.5596324e-001
 6.5692091e-001
 6.5787596e-001
 6.5882802e-001
 6.5977615e-001
 6.6071957e-001
 6.6165817e-001
 6.6259181e-001
 6.6352147e-001
 6.6444808e-001
 6.6537291e-001
 6.6629755e-001
 6.6722339e-001
 6.6815239e-001
 6.6908646e-001
 6.7002797e-001
 6.7098004e-001
 6.7194563e-001
 6.7292762e-001
 6.7392868e-001
 6.7495036e-001
 6.7599374e-001
 6.7705870e-001
 6.7814392e-001
 6.7924792e-001
 6.8036777e-001
 6.8150055e-001
 6.8264282e-001
 6.8379092e-001
 6.8494231e-001
 6.8609422e-001
 6.8724525e-001
 6.8839413e-001
 6.8954021e-001
 6.9068360e-001
 6.9182408e-001
 6.9296235e-001
 6.9409853e-001
 6.9523305e-001
 6.9636643e-001
 6.9749874e-001
 6.9862986e-001
 6.9975984e-001
 7.0088828e-001
 7.0201474e-001
 7.0313865e-001
 7.0425904e-001
 7.0537508e-001
 7.0648557e-001
 7.0758957e-001
 7.0868587e-001
 7.0977354e-001
 7.1085227e-001
 7.1192127e-001
 7.1298069e-001
 7.1403009e-001
 7.1506941e-001
 7.1609890e-001
 7.1711838e-001
 7.1812826e-001
 7.1912837e-001
 7.2011840e-001
 7.2109812e-001
 7.2206658e-001
 7.2302341e-001
 7.2396815e-001
 7.2490084e-001
 7.2582239e-001
 7.2673392e-001
 7.2763705e-001
 7.2853374e-001
 7.2942537e-001
 7.3031342e-001
 7.3119831e-001
 7.3208004e-001
 7.3295844e-001
 7.3383272e-001
 7.3470283e-001
 7.3556858e-001
 7.3643023e-001
 7.3728836e-001
 7.3814315e-001
 7.3899496e-001
 7.3984343e-001
 7.4068815e-001
 7.4152875e-001
 7.4236459e-001
 7.4319547e-001
 7.4402112e-001
 7.4484128e-001
 7.4565595e-001
 7.4646479e-001
 7.4726713e-001
 7.4806279e-001
 7.4885088e-001
 7.4963111e-001
 7.5040263e-001
 7.5116515e-001
 7.5191861e-001
 7.5266325e-001
 7.5340015e-001
 7.5413054e-001
 7.5485617e-001
 7.5557905e-001
 7.5630087e-001
 7.5702304e-001
 7.5774634e-001
 7.5847089e-001
 7.5919670e-001
 7.5992286e-001
 7.6064813e-001
 7.6137066e-001
 7.6208782e-001
 7.6279694e-001
 7.6349461e-001
 7.6417792e-001
 7.6484442e-001
 7.6549232e-001
 7.6612145e-001
 7.6673245e-001
 7.6732713e-001
 7.6790804e-001
 7.6847780e-001
 7.6903927e-001
 7.6959485e-001
 7.7014631e-001
 7.7069479e-001
 7.7124047e-001
 7.7178252e-001
 7.7231932e-001
 7.7284843e-001
 7.7336746e-001
 7.7387410e-001
 7.7436680e-001
 7.7484453e-001
 7.7530712e-001
 7.7575475e-001
 7.7618754e-001
 7.7660525e-001
 7.7700710e-001
 7.7739149e-001
 7.7775675e-001
 7.7810091e-001
 7.7842247e-001
 7.7872080e-001
 7.7899569e-001
 7.7924800e-001
 7.7947885e-001
 7.7968949e-001
 7.7988094e-001
 7.8005368e-001
 7.8020775e-001
 7.8034282e-001
 7.8045809e-001
 7.8055269e-001
 7.8062552e-001
 7.8067535e-001
 7.8070056e-001
 7.8069913e-001
 7.8066850e-001
 7.8060579e-001
 7.8050780e-001
 7.8037161e-001
 7.8019470e-001
 7.7997571e-001
 7.7971470e-001
 7.7941322e-001
 7.7907467e-001
 7.7870387e-001
 7.7830672e-001
 7.7789003e-001
 7.7746087e-001
 7.7702624e-001
 7.7659297e-001
 7.7616763e-001
 7.7575630e-001
 7.7536476e-001
 7.7499765e-001
 7.7465874e-001
 7.7435011e-001
 7.7407223e-001
 7.7382374e-001
 7.7360165e-001
 7.7340168e-001
 7.7321869e-001
 7.7304745e-001
 7.7288276e-001
 7.7272004e-001
 7.7255571e-001
 7.7238721e-001
 7.7221286e-001
 7.7203184e-001
 7.7184343e-001
 7.7164698e-001
 7.7144128e-001
 7.7122432e-001
 7.7099329e-001
 7.7074438e-001
 7.7047318e-001
 7.7017468e-001
 7.6984340e-001
 7.6947409e-001
 7.6906121e-001
 7.6859957e-001
 7.6808399e-001
 7.6750916e-001
 7.6686978e-001
 7.6615977e-001
 7.6537281e-001
 7.6450253e-001
 7.6354218e-001
 7.6248634e-001
 7.6133025e-001
 7.6007140e-001
 7.5870949e-001
 7.5724614e-001
 7.5568557e-001
 7.5403410e-001
 7.5229907e-001
 7.5048959e-001
 7.4861455e-001
 7.4668342e-001
 7.4470562e-001
 7.4268943e-001
 7.4064356e-001
 7.3857510e-001
 7.3649120e-001
 7.3439837e-001
 7.3230129e-001
 7.3020518e-001
 7.2811353e-001
 7.2603029e-001
 7.2395921e-001
 7.2190350e-001
 7.1986747e-001
 7.1785480e-001
 7.1586990e-001
 7.1391743e-001
 7.1200109e-001
 7.1012527e-001
 7.0829320e-001
 7.0650864e-001
 7.0477545e-001
 7.0309687e-001
 7.0147699e-001
 6.9992006e-001
 6.9842917e-001
 6.9700748e-001
 6.9565618e-001
 6.9437546e-001
 6.9316387e-001
 6.9201797e-001
 6.9093400e-001
 6.8990654e-001
 6.8893057e-001
 6.8800074e-001
 6.8711168e-001
 6.8625855e-001
 6.8543667e-001
 6.8464184e-001
 6.8386996e-001
 6.8311709e-001
 6.8237954e-001
 6.8165380e-001
 6.8093687e-001
 6.8022686e-001
 6.7952299e-001
 6.7882615e-001
 6.7813921e-001
 6.7746645e-001
 6.7681390e-001
 6.7618835e-001
 6.7559725e-001
 6.7504787e-001
 6.7454678e-001
 6.7410004e-001
 6.7371231e-001
 6.7338711e-001
 6.7312700e-001
 6.7293310e-001
 6.7280591e-001
 6.7274481e-001
 6.7274874e-001
 6.7281598e-001
 6.7294466e-001
 6.7313272e-001
 6.7337829e-001
 6.7367971e-001
 6.7403561e-001
 6.7444491e-001
 6.7490661e-001
 6.7541981e-001
 6.7598367e-001
 6.7659706e-001
 6.7725891e-001
 6.7796773e-001
 6.7872179e-001
 6.7951924e-001
 6.8035746e-001
 6.8123370e-001
 6.8214440e-001
 6.8308550e-001
 6.8405294e-001
 6.8504244e-001
 6.8605030e-001
 6.8707305e-001
 6.8810773e-001
 6.8915188e-001
 6.9020271e-001
 6.9125760e-001
 6.9231296e-001
 6.9336474e-001
 6.9440907e-001
 6.9544166e-001
 6.9645935e-001
 6.9745940e-001
 6.9844013e-001
 6.9940096e-001
 7.0034164e-001
 7.0126200e-001
 7.0216215e-001
 7.0304149e-001
 7.0389968e-001
 7.0473599e-001
 7.0554990e-001
 7.0634103e-001
 7.0710915e-001
 7.0785457e-001
 7.0857781e-001
 7.0927972e-001
 7.0996201e-001
 7.1062642e-001
 7.1127528e-001
 7.1191037e-001
 7.1253324e-001
 7.1314478e-001
 7.1374476e-001
 7.1433246e-001
 7.1490598e-001
 7.1546316e-001
 7.1600175e-001
 7.1651924e-001
 7.1701384e-001
 7.1748435e-001
 7.1793032e-001
 7.1835232e-001
 7.1875155e-001
 7.1912986e-001
 7.1948969e-001
 7.1983320e-001
 7.2016263e-001
 7.2047973e-001
 7.2078598e-001
 7.2108239e-001
 7.2136956e-001
 7.2164786e-001
 7.2191727e-001
 7.2217739e-001
 7.2242773e-001
 7.2266757e-001
 7.2289622e-001
 7.2311324e-001
 7.2331852e-001
 7.2351247e-001
 7.2369605e-001
 7.2387046e-001
 7.2403717e-001
 7.2419751e-001
 7.2435278e-001
 7.2450376e-001
 7.2465092e-001
 7.2479433e-001
 7.2493374e-001
 7.2506857e-001
 7.2519803e-001
 7.2532105e-001
 7.2543639e-001
 7.2554290e-001
 7.2563964e-001
 7.2572607e-001
 7.2580236e-001
 7.2586972e-001
 7.2592992e-001
 7.2598565e-001
 7.2603977e-001
 7.2609496e-001
 7.2615337e-001
 7.2621620e-001
 7.2628343e-001
 7.2635412e-001
 7.2642648e-001
 7.2649843e-001
 7.2656769e-001
 7.2663212e-001
 7.2669029e-001
 7.2674108e-001
 7.2678423e-001
 7.2682017e-001
 7.2685003e-001
 7.2687525e-001
 7.2689748e-001
 7.2691816e-001
 7.2693795e-001
 7.2695673e-001
 7.2697371e-001
 7.2698760e-001
 7.2699672e-001
 7.2699976e-001
 7.2699547e-001
 7.2698337e-001
 7.2696334e-001
 7.2693574e-001
 7.2690147e-001
 7.2686160e-001
 7.2681743e-001
 7.2677016e-001
 7.2672099e-001
 7.2667092e-001
 7.2662050e-001
 7.2657019e-001
 7.2652006e-001
 7.2646981e-001
 7.2641885e-001
 7.2636628e-001
 7.2631073e-001
 7.2625047e-001
 7.2618365e-001
 7.2610813e-001
 7.2602201e-001
 7.2592384e-001
 7.2581255e-001
 7.2568798e-001
 7.2555029e-001
 7.2540027e-001
 7.2523898e-001
 7.2506762e-001
 7.2488767e-001
 7.2470039e-001
 7.2450715e-001
 7.2430903e-001
 7.2410685e-001
 7.2390074e-001
 7.2368991e-001
 7.2347271e-001
 7.2324634e-001
 7.2300702e-001
 7.2275066e-001
 7.2247285e-001
 7.2216958e-001
 7.2183776e-001
 7.2147518e-001
 7.2108114e-001
 7.2065604e-001
 7.2020167e-001
 7.1972054e-001
 7.1921539e-001
 7.1868873e-001
 7.1814209e-001
 7.1757591e-001
 7.1698958e-001
 7.1638101e-001
 7.1574730e-001
 7.1508455e-001
 7.1438843e-001
 7.1365422e-001
 7.1287668e-001
 7.1205074e-001
 7.1117121e-001
 7.1023256e-001
 7.0922947e-001
 7.0815629e-001
 7.0700777e-001
 7.0577914e-001
 7.0446575e-001
 7.0306474e-001
 7.0157355e-001
 6.9999135e-001
 6.9831866e-001
 6.9655669e-001
 6.9470847e-001
 6.9277686e-001
 6.9076627e-001
 6.8868166e-001
 6.8652785e-001
 6.8431163e-001
 6.8203992e-001
 6.7972207e-001
 6.7736942e-001
 6.7499453e-001
 6.7261326e-001
 6.7024267e-001
 6.6790277e-001
 6.6561544e-001
 6.6340327e-001
 6.6129047e-001
 6.5930116e-001
 6.5745765e-001
 6.5578079e-001
 6.5428722e-001
 6.5298945e-001
 6.5189463e-001
 6.5100354e-001
 6.5031135e-001
 6.4980656e-001
 6.4947236e-001
 6.4928687e-001
 6.4922452e-001
 6.4925724e-001
 6.4935642e-001
 6.4949435e-001
 6.4964592e-001
 6.4979023e-001
 6.4991176e-001
 6.5000129e-001
 6.5005618e-001
 6.5008008e-001
 6.5008223e-001
 6.5007579e-001
 6.5007639e-001
 6.5010053e-001
 6.5016401e-001
 6.5028071e-001
 6.5046161e-001
 6.5071434e-001
 6.5104282e-001
 6.5144670e-001
 6.5192175e-001
 6.5245980e-001
 6.5304875e-001
 6.5367377e-001
 6.5431720e-001
 6.5496045e-001
 6.5558445e-001
 6.5617108e-001
 6.5670484e-001
 6.5717286e-001
 6.5756637e-001
 6.5788007e-001
 6.5811241e-001
 6.5826535e-001
 6.5834314e-001
 6.5835249e-001
 6.5830165e-001
 6.5820050e-001
 6.5805995e-001
 6.5789181e-001
 6.5770799e-001
 6.5752000e-001
 6.5733844e-001
 6.5717226e-001
 6.5702885e-001
 6.5691382e-001
 6.5683109e-001
 6.5678275e-001
 6.5676898e-001
 6.5678769e-001
 6.5683460e-001
 6.5690321e-001
 6.5698528e-001
 6.5707159e-001
 6.5715295e-001
 6.5722096e-001
 6.5726876e-001
 6.5729147e-001
 6.5728605e-001
 6.5725142e-001
 6.5718830e-001
 6.5709877e-001
 6.5698624e-001
 6.5685511e-001
 6.5671062e-001
 6.5655845e-001
 6.5640479e-001
 6.5625620e-001
 6.5611970e-001
 6.5600210e-001
 6.5591043e-001
 6.5585095e-001
 6.5582901e-001
 6.5584856e-001
 6.5591204e-001
 6.5602016e-001
 6.5617198e-001
 6.5636539e-001
 6.5659696e-001
 6.5686238e-001
 6.5715653e-001
 6.5747398e-001
 6.5780902e-001
 6.5815616e-001
 6.5851080e-001
 6.5886915e-001
 6.5922827e-001
 6.5958631e-001
 6.5994185e-001
 6.6029364e-001
 6.6064006e-001
 6.6097903e-001
 6.6130799e-001
 6.6162419e-001
 6.6192502e-001
 6.6220832e-001
 6.6247284e-001
 6.6271824e-001
 6.6294509e-001
 6.6315442e-001
 6.6334754e-001
 6.6352582e-001
 6.6369045e-001
 6.6384262e-001
 6.6398376e-001
 6.6411579e-001
 6.6424137e-001
 6.6436428e-001
 6.6448921e-001
 6.6462165e-001
 6.6476756e-001
 6.6493267e-001
 6.6512215e-001
 6.6533929e-001
 6.6558558e-001
 6.6585994e-001
 6.6615885e-001
 6.6647649e-001
 6.6680515e-001
 6.6713589e-001
 6.6745985e-001
 6.6776866e-001
 6.6809464e-001
 6.6835815e-001
 6.6859192e-001
 6.6879863e-001
 6.6898263e-001
 6.6914886e-001
 6.6930145e-001
 6.6944277e-001
 6.6957349e-001
 6.6969240e-001
 6.6979712e-001
 6.6988510e-001
 6.6995436e-001
 6.7000449e-001
 6.7003655e-001
 6.7005324e-001
 6.7005867e-001
 6.7005700e-001
 6.7005181e-001
 6.7004508e-001
 6.7003667e-001
 6.7002451e-001
 6.7000580e-001
 6.6997772e-001
 6.6993892e-001
 6.6988999e-001
 6.6983390e-001
 6.6977614e-001
 6.6972375e-001
 6.6968447e-001
 6.6966504e-001
 6.6966933e-001
 6.6969776e-001
 6.6974694e-001
 6.6981047e-001
 6.6987991e-001
 6.6994607e-001
 6.7000020e-001
 6.7003518e-001
 6.7004645e-001
 6.7003143e-001
 6.6998959e-001
 6.6992098e-001
 6.6982549e-001
 6.6970241e-001
 6.6955054e-001
 6.6936880e-001
 6.6915643e-001
 6.6891319e-001
 6.6863871e-001
 6.6833258e-001
 6.6799408e-001
 6.6762239e-001
 6.6721678e-001
 6.6677606e-001
 6.6629887e-001
 6.6578287e-001
 6.6522461e-001
 6.6461974e-001
 6.6396344e-001
 6.6325134e-001
 6.6247976e-001
 6.6164571e-001
 6.6074640e-001
 6.5977782e-001
 6.5873450e-001
 6.5760916e-001
 6.5639204e-001
 6.5507197e-001
 6.5363538e-001
 6.5206712e-001
 6.5035057e-001
 6.4846736e-001
 6.4640003e-001
 6.4413166e-001
 6.4164793e-001
 6.3893735e-001
 6.3598955e-001
 6.3279712e-001
 6.2935269e-001
 6.2565094e-001
 6.2168849e-001
 6.1746234e-001
 6.1297399e-001
 6.0822552e-001
 6.0322332e-001
 5.9797621e-001
 5.9249347e-001
 5.8678865e-001
 5.8087885e-001
 5.7478333e-001
 5.6852955e-001
 5.6214774e-001
 5.5567539e-001
 5.4915345e-001
 5.4262167e-001
 5.3612256e-001
 5.2969438e-001
 5.2337706e-001
 5.1721036e-001
 5.1123226e-001
 5.0548291e-001
 4.9999696e-001
 4.9480537e-001
 4.8993120e-001
 4.8538679e-001
 4.8117855e-001
 4.7730440e-001
 4.7375977e-001
 4.7053808e-001
 4.6763062e-001
 4.6502945e-001
 4.6272373e-001
 4.6070167e-001
 4.5894903e-001
 4.5744932e-001
 4.5618582e-001
 4.5514175e-001
 4.5430073e-001
 4.5364767e-001
 4.5316821e-001
 4.5284915e-001
 4.5267832e-001
 4.5264488e-001
 4.5273918e-001
 4.5295277e-001
 4.5327777e-001
 4.5370641e-001
 4.5423090e-001
 4.5484310e-001
 4.5553476e-001
 4.5629740e-001
 4.5712239e-001
 4.5800146e-001
 4.5892620e-001
 4.5988920e-001
 4.6088383e-001
 4.6190470e-001
 4.6294838e-001
 4.6401230e-001
 4.6509445e-001
 4.6619344e-001
 4.6730712e-001
 4.6843359e-001
 4.6957070e-001
 4.7071669e-001
 4.7187078e-001
 4.7303191e-001
 4.7419962e-001
 4.7537288e-001
 4.7655055e-001
 4.7773209e-001
 4.7891673e-001
 4.8010460e-001
 4.8129523e-001
 4.8248771e-001
 4.8368070e-001
 4.8487148e-001
 4.8605758e-001
 4.8723635e-001
 4.8840624e-001
 4.8956740e-001
 4.9072099e-001
 4.9186894e-001
 4.9301356e-001
 4.9415588e-001
 4.9529606e-001
 4.9643254e-001
 4.9756238e-001
 4.9868208e-001
 4.9978721e-001
 5.0087410e-001
 5.0193989e-001
 5.0298417e-001
 5.0400949e-001
 5.0502050e-001
 5.0602376e-001
 5.0702518e-001
 5.0802916e-001
 5.0903773e-001
 5.1005030e-001
 5.1106513e-001
 5.1207972e-001
 5.1309210e-001
 5.1410091e-001
 5.1510447e-001
 5.1610118e-001
 5.1708812e-001
 5.1806217e-001
 5.1902074e-001
 5.1996207e-001
 5.2088642e-001
 5.2179593e-001
 5.2269322e-001
 5.2358145e-001
 5.2446204e-001
 5.2533507e-001
 5.2619946e-001
 5.2705324e-001
 5.2789444e-001
 5.2872121e-001
 5.2953213e-001
 5.3032476e-001
 5.3109646e-001
 5.3184378e-001
 5.3256226e-001
 5.3324807e-001
 5.3389812e-001
 5.3451067e-001
 5.3508484e-001
 5.3562093e-001
 5.3611952e-001
 5.3658086e-001
 5.3700584e-001
 5.3739542e-001
 5.3775102e-001
 5.3807461e-001
 5.3836840e-001
 5.3863430e-001
 5.3887397e-001
 5.3908831e-001
 5.3927755e-001
 5.3944063e-001
 5.3957564e-001
 5.3967953e-001
 5.3974915e-001
 5.3978175e-001
 5.3977555e-001
 5.3972965e-001
 5.3964454e-001
 5.3952122e-001
 5.3936124e-001
 5.3916651e-001
 5.3893888e-001
 5.3868014e-001
 5.3839231e-001
 5.3807771e-001
 5.3773922e-001
 5.3738105e-001
 5.3700793e-001
 5.3662503e-001
 5.3623712e-001
 5.3584790e-001
 5.3545940e-001
 5.3507251e-001
 5.3468776e-001
 5.3430581e-001
 5.3392768e-001
 5.3355503e-001
 5.3318906e-001
 5.3283012e-001
 5.3247786e-001
 5.3213084e-001
 5.3178692e-001
 5.3144377e-001
 5.3109962e-001
 5.3075248e-001
 5.3040040e-001
 5.3004181e-001
 5.2967471e-001
 5.2929682e-001
 5.2890635e-001
 5.2850169e-001
 5.2808201e-001
 5.2764761e-001
 5.2720010e-001
 5.2674210e-001
 5.2627712e-001
 5.2580941e-001
 5.2534276e-001
 5.2488041e-001
 5.2442461e-001
 5.2397603e-001
 5.2353412e-001
 5.2309740e-001
 5.2266449e-001
 5.2223402e-001
 5.2180487e-001
 5.2137649e-001
 5.2094764e-001
 5.2051669e-001
 5.2008206e-001
 5.1964158e-001
 5.1919311e-001
 5.1873517e-001
 5.1826608e-001
 5.1778495e-001
 5.1729107e-001
 5.1678485e-001
 5.1626676e-001
 5.1573747e-001
 5.1519805e-001
 5.1464945e-001
 5.1409268e-001
 5.1353008e-001
 5.1296413e-001
 5.1239783e-001
 5.1183367e-001
 5.1127297e-001
 5.1071453e-001
 5.1015478e-001
 5.0958925e-001
 5.0901270e-001
 5.0842071e-001
 5.0781125e-001
 5.0718385e-001
 5.0653994e-001
 5.0588292e-001
 5.0521612e-001
 5.0454253e-001
 5.0386316e-001
 5.0317723e-001
 5.0248080e-001
 5.0176847e-001
 5.0103474e-001
 5.0027412e-001
 4.9948233e-001
 4.9865651e-001
 4.9779394e-001
 4.9689278e-001
 4.9595171e-001
 4.9497151e-001
 4.9395385e-001
 4.9290216e-001
 4.9182218e-001
 4.9072006e-001
 4.8960292e-001
 4.8847938e-001
 4.8735794e-001
 4.8624760e-001
 4.8515823e-001
 4.8409855e-001
 4.8307669e-001
 4.8209935e-001
 4.8117289e-001
 4.8030221e-001
 4.7949210e-001
 4.7874758e-001
 4.7807270e-001
 4.7747052e-001
 4.7694290e-001
 4.7648957e-001
 4.7610894e-001
 4.7579876e-001
 4.7555694e-001
 4.7538146e-001
 4.7527024e-001
 4.7522080e-001
 4.7523001e-001
 4.7529450e-001
 4.7541165e-001
 4.7558022e-001
 4.7580087e-001
 4.7607562e-001
 4.7640747e-001
 4.7679937e-001
 4.7725359e-001
 4.7777075e-001
 4.7834992e-001
 4.7898835e-001
 4.7968078e-001
 4.8042071e-001
 4.8120052e-001
 4.8201159e-001
 4.8284602e-001
 4.8369607e-001
 4.8455456e-001
 4.8541370e-001
 4.8626634e-001
 4.8710564e-001
 4.8792514e-001
 4.8872101e-001
 4.8949146e-001
 4.9023598e-001
 4.9095541e-001
 4.9165002e-001
 4.9231809e-001
 4.9295706e-001
 4.9356329e-001
 4.9413368e-001
 4.9466607e-001
 4.9516055e-001
 4.9561894e-001
 4.9604386e-001
 4.9643874e-001
 4.9680677e-001
 4.9715039e-001
 4.9747148e-001
 4.9777099e-001
 4.9804896e-001
 4.9830455e-001
 4.9853641e-001
 4.9874291e-001
 4.9892256e-001
 4.9907461e-001
 4.9919939e-001
 4.9929833e-001
 4.9937376e-001
 4.9942836e-001
 4.9946439e-001
 4.9948329e-001
 4.9948522e-001
 4.9946856e-001
 4.9942964e-001
 4.9936253e-001
 4.9925914e-001
 4.9911001e-001
 4.9890521e-001
 4.9863523e-001
 4.9829206e-001
 4.9786901e-001
 4.9736109e-001
 4.9676457e-001
 4.9607742e-001
 4.9529833e-001
 4.9442658e-001
 4.9346226e-001
 4.9240473e-001
 4.9125260e-001
 4.9000484e-001
 4.8865902e-001
 4.8721266e-001
 4.8566282e-001
 4.8400819e-001
 4.8224729e-001
 4.8038015e-001
 4.7841012e-001
 4.7634137e-001
 4.7418001e-001
 4.7193569e-001
 4.6961844e-001
 4.6724021e-001
 4.6481681e-001
 4.6236378e-001
 4.5989773e-001
 4.5743358e-001
 4.5498562e-001
 4.5256314e-001
 4.5017233e-001
 4.4781843e-001
 4.4550270e-001
 4.4322443e-001
 4.4098243e-001
 4.3877158e-001
 4.3658495e-001
 4.3441299e-001
 4.3224582e-001
 4.3007118e-001
 4.2787674e-001
 4.2565286e-001
 4.2339033e-001
 4.2108268e-001
 4.1872835e-001
 4.1632831e-001
 4.1388810e-001
 4.1142040e-001
 4.0894175e-001
 4.0647423e-001
 4.0404320e-001
 4.0167797e-001
 3.9940637e-001
 3.9725548e-001
 3.9525202e-001
 3.9341870e-001
 3.9177546e-001
 3.9033958e-001
 3.8912228e-001
 3.8812926e-001
 3.8735950e-001
 3.8680616e-001
 3.8645643e-001
 3.8629383e-001
 3.8629970e-001
 3.8645440e-001
 3.8673905e-001
 3.8713589e-001
 3.8762969e-001
 3.8820791e-001
 3.8886017e-001
 3.8957864e-001
 3.9035681e-001
 3.9118940e-001
 3.9207113e-001
 3.9299777e-001
 3.9396545e-001
 3.9496943e-001
 3.9600453e-001
 3.9706370e-001
 3.9813659e-001
 3.9921162e-001
 4.0027633e-001
 4.0131953e-001
 4.0233201e-001
 4.0330893e-001
 4.0424916e-001
 4.0515405e-001
 4.0602776e-001
 4.0687558e-001
 4.0770227e-001
 4.0851289e-001
 4.0931204e-001
 4.1010335e-001
 4.1089055e-001
 4.1167629e-001
 4.1246194e-001
 4.1324630e-001
 4.1402632e-001
 4.1479638e-001
 4.1554809e-001
 4.1627178e-001
 4.1695687e-001
 4.1759241e-001
 4.1816887e-001
 4.1867834e-001
 4.1911519e-001
 4.1947562e-001
 4.1975841e-001
 4.1996390e-001
 4.2009348e-001
 4.2014924e-001
 4.2013362e-001
 4.2004964e-001
 4.1990116e-001
 4.1969311e-001
 4.1943115e-001
 4.1912183e-001
 4.1877204e-001
 4.1838992e-001
 4.1798633e-001
 4.1757524e-001
 4.1717413e-001
 4.1680264e-001
 4.1647935e-001
 4.1621953e-001
 4.1603309e-001
 4.1592437e-001
 4.1589347e-001
 4.1593859e-001
 4.1605768e-001
 4.1624922e-001
 4.1651195e-001
 4.1684303e-001
 4.1723701e-001
 4.1768500e-001
 4.1817424e-001
 4.1868991e-001
 4.1921574e-001
 4.1973567e-001
 4.2023417e-001
 4.2069745e-001
 4.2111346e-001
 4.2147154e-001
 4.2176318e-001
 4.2198151e-001
 4.2212114e-001
 4.2217848e-001
 4.2215127e-001
 4.2203870e-001
 4.2184111e-001
 4.2155969e-001
 4.2119643e-001
 4.2075476e-001
 4.2023912e-001
 4.1965532e-001
 4.1901082e-001
 4.1831368e-001
 4.1757289e-001
 4.1679859e-001
 4.1600066e-001
 4.1518825e-001
 4.1436839e-001
 4.1354603e-001
 4.1272327e-001
 4.1190153e-001
 4.1108385e-001
 4.1027555e-001
 4.0948525e-001
 4.0872487e-001
 4.0800688e-001
 4.0734315e-001
 4.0674427e-001
 4.0621823e-001
 4.0577120e-001
 4.0540737e-001
 4.0512919e-001
 4.0493608e-001
 4.0482408e-001
 4.0478557e-001
 4.0480959e-001
 4.0488309e-001
 4.0499219e-001
 4.0512365e-001
 4.0526524e-001
 4.0540573e-001
 4.0553397e-001
 4.0563840e-001
 4.0570706e-001
 4.0572876e-001
 4.0569511e-001
 4.0560231e-001
 4.0545183e-001
 4.0524951e-001
 4.0500316e-001
 4.0471992e-001
 4.0440342e-001
 4.0405264e-001
 4.0366197e-001
 4.0322337e-001
 4.0272850e-001
 4.0217164e-001
 4.0155125e-001
 4.0086892e-001
 4.0012857e-001
 3.9933565e-001
 3.9849597e-001
 3.9761639e-001
 3.9670452e-001
 3.9576924e-001
 3.9481843e-001
 3.9385906e-001
 3.9289722e-001
 3.9193702e-001
 3.9098144e-001
 3.9003360e-001
 3.8909584e-001
 3.8817078e-001
 3.8726184e-001
 3.8637143e-001
 3.8550130e-001
 3.8465184e-001
 3.8382292e-001
 3.8301271e-001
 3.8221803e-001
 3.8143513e-001
 3.8065863e-001
 3.7988341e-001
 3.7910628e-001
 3.7832579e-001
 3.7754261e-001
 3.7675774e-001
 3.7597099e-001
 3.7517834e-001
 3.7437251e-001
 3.7354553e-001
 3.7269029e-001
 3.7180334e-001
 3.7088647e-001
 3.6994383e-001
 3.6898068e-001
 3.6800051e-001
 3.6700496e-001
 3.6599305e-001
 3.6496335e-001
 3.6391717e-001
 3.6285827e-001
 3.6179388e-001
 3.6073396e-001
 3.5968733e-001
 3.5865998e-001
 3.5765493e-001
 3.5667157e-001
 3.5570911e-001
 3.5476810e-001
 3.5385215e-001
 3.5296556e-001
 3.5211238e-001
 3.5129634e-001
 3.5052022e-001
 3.4978768e-001
 3.4910414e-001
 3.4847397e-001
 3.4789804e-001
 3.4737036e-001
 3.4687757e-001
 3.4640068e-001
 3.4592026e-001
 3.4542307e-001
 3.4490556e-001
 3.4437528e-001
 3.4384835e-001
 3.4334219e-001
 3.4286883e-001
 3.4242997e-001
 3.4201610e-001
 3.4161204e-001
 3.4120500e-001
 3.4079200e-001
 3.4038109e-001
 3.3998698e-001
 3.3962381e-001
 3.3929822e-001
 3.3900884e-001
 3.3875096e-001
 3.3852196e-001
 3.3832490e-001
 3.3816624e-001
 3.3805105e-001
 3.3797905e-001
 3.3794439e-001
-1.2300000e+034
