s07_ASD Record=4613: Goethite WS222 Coarse Gr.     BECKa AREF
 4.5646567e-002
 4.5788568e-002
 4.5940291e-002
 4.6098899e-002
 4.6260398e-002
 4.6420723e-002
 4.6577264e-002
 4.6729788e-002
 4.6880640e-002
 4.7034003e-002
 4.7194619e-002
 4.7366530e-002
 4.7552358e-002
 4.7752790e-002
 4.7965840e-002
 4.8187029e-002
 4.8410658e-002
 4.8631646e-002
 4.8846547e-002
 4.9053863e-002
 4.9253661e-002
 4.9446795e-002
 4.9634218e-002
 4.9816657e-002
 4.9994785e-002
 5.0169531e-002
 5.0342251e-002
 5.0514169e-002
 5.0685234e-002
 5.0853565e-002
 5.1015891e-002
 5.1168926e-002
 5.1310249e-002
 5.1438559e-002
 5.1554646e-002
 5.1661868e-002
 5.1764455e-002
 5.1865689e-002
 5.1966827e-002
 5.2066911e-002
 5.2163642e-002
 5.2254729e-002
 5.2338876e-002
 5.2415982e-002
 5.2486405e-002
 5.2550096e-002
 5.2606486e-002
 5.2655373e-002
 5.2698079e-002
 5.2737828e-002
 5.2778658e-002
 5.2823611e-002
 5.2873347e-002
 5.2926145e-002
 5.2979354e-002
 5.3031411e-002
 5.3083535e-002
 5.3139593e-002
 5.3204052e-002
 5.3281948e-002
 5.3373437e-002
 5.3470805e-002
 5.3569429e-002
 5.3665359e-002
 5.3753447e-002
 5.3832579e-002
 5.3906832e-002
 5.3982489e-002
 5.4066658e-002
 5.4165926e-002
 5.4284353e-002
 5.4422300e-002
 5.4577403e-002
 5.4746598e-002
 5.4927707e-002
 5.5120014e-002
 5.5323686e-002
 5.5538822e-002
 5.5764783e-002
 5.6000367e-002
 5.6244716e-002
 5.6498107e-002
 5.6762241e-002
 5.7039317e-002
 5.7330467e-002
 5.7634111e-002
 5.7945233e-002
 5.8256283e-002
 5.8559261e-002
 5.8848336e-002
 5.9121627e-002
 5.9381586e-002
 5.9633560e-002
 5.9883635e-002
 6.0136903e-002
 6.0396865e-002
 6.0665213e-002
 6.0940079e-002
 6.1212581e-002
 6.1464556e-002
 6.1672039e-002
 6.1814480e-002
 6.1883919e-002
 6.1888594e-002
 6.1851084e-002
 6.1801370e-002
 6.1767414e-002
 6.1767712e-002
 6.1806239e-002
 6.1871611e-002
 6.1943661e-002
 6.2005043e-002
 6.2049769e-002
 6.2083006e-002
 6.2114414e-002
 6.2151659e-002
 6.2197570e-002
 6.2249750e-002
 6.2301576e-002
 6.2345877e-002
 6.2380895e-002
 6.2413555e-002
 6.2455177e-002
 6.2512234e-002
 6.2581211e-002
 6.2652975e-002
 6.2722243e-002
 6.2793620e-002
 6.2880233e-002
 6.2997550e-002
 6.3155450e-002
 6.3349999e-002
 6.3559197e-002
 6.3750543e-002
 6.3900709e-002
 6.4012647e-002
 6.4112879e-002
 6.4231150e-002
 6.4382032e-002
 6.4563185e-002
 6.4766213e-002
 6.4986885e-002
 6.5227501e-002
 6.5491877e-002
 6.5778092e-002
 6.6075504e-002
 6.6370711e-002
 6.6658892e-002
 6.6949822e-002
 6.7262113e-002
 6.7609861e-002
 6.7993425e-002
 6.8400830e-002
 6.8816759e-002
 6.9230571e-002
 6.9639504e-002
 7.0047610e-002
 7.0463099e-002
 7.0895448e-002
 7.1354330e-002
 7.1848981e-002
 7.2384357e-002
 7.2953790e-002
 7.3536932e-002
 7.4110165e-002
 7.4660204e-002
 7.5187206e-002
 7.5698555e-002
 7.6206632e-002
 7.6732725e-002
 7.7304006e-002
 7.7938259e-002
 7.8628123e-002
 7.9341382e-002
 8.0039136e-002
 8.0699801e-002
 8.1330396e-002
 8.1954993e-002
 8.2592309e-002
 8.3247535e-002
 8.3926998e-002
 8.4648788e-002
 8.5426100e-002
 8.6247362e-002
 8.7088972e-002
 8.7946460e-002
 8.8836201e-002
 8.9765020e-002
 9.0711199e-002
 9.1639712e-002
 9.2527650e-002
 9.3374856e-002
 9.4202310e-002
 9.5044725e-002
 9.5938325e-002
 9.6905611e-002
 9.7946145e-002
 9.9035606e-002
 1.0013414e-001
 1.0120685e-001
 1.0224789e-001
 1.0328051e-001
 1.0432245e-001
 1.0536204e-001
 1.0638618e-001
 1.0741945e-001
 1.0850446e-001
 1.0963960e-001
 1.1076286e-001
 1.1180846e-001
 1.1276938e-001
 1.1369321e-001
 1.1462163e-001
 1.1554828e-001
 1.1644526e-001
 1.1731804e-001
 1.1821124e-001
 1.1916280e-001
 1.2016732e-001
 1.2117662e-001
 1.2211854e-001
 1.2292437e-001
 1.2357149e-001
 1.2411325e-001
 1.2465265e-001
 1.2526679e-001
 1.2594852e-001
 1.2662207e-001
 1.2721896e-001
 1.2773389e-001
 1.2820028e-001
 1.2863289e-001
 1.2902309e-001
 1.2937790e-001
 1.2972488e-001
 1.3007103e-001
 1.3038199e-001
 1.3061507e-001
 1.3076907e-001
 1.3089173e-001
 1.3103305e-001
 1.3119927e-001
 1.3136366e-001
 1.3150808e-001
 1.3162935e-001
 1.3171531e-001
 1.3174626e-001
 1.3172515e-001
 1.3168739e-001
 1.3167143e-001
 1.3168430e-001
 1.3170289e-001
 1.3170353e-001
 1.3168302e-001
 1.3165329e-001
 1.3162269e-001
 1.3158008e-001
 1.3149612e-001
 1.3135760e-001
 1.3119397e-001
 1.3103598e-001
 1.3087438e-001
 1.3071339e-001
 1.3062094e-001
 1.3064690e-001
 1.3071406e-001
 1.3067307e-001
 1.3047218e-001
 1.3020563e-001
 1.2998554e-001
 1.2982249e-001
 1.2964495e-001
 1.2941326e-001
 1.2919046e-001
 1.2906571e-001
 1.2903783e-001
 1.2904966e-001
 1.2907167e-001
 1.2905960e-001
 1.2894469e-001
 1.2873854e-001
 1.2853560e-001
 1.2838595e-001
 1.2826099e-001
 1.2813438e-001
 1.2800856e-001
 1.2788580e-001
 1.2776190e-001
 1.2763856e-001
 1.2752856e-001
 1.2745795e-001
 1.2745696e-001
 1.2751566e-001
 1.2754636e-001
 1.2745009e-001
 1.2724446e-001
 1.2705697e-001
 1.2696494e-001
 1.2692222e-001
 1.2687063e-001
 1.2683381e-001
 1.2686320e-001
 1.2695533e-001
 1.2705746e-001
 1.2712567e-001
 1.2715869e-001
 1.2718129e-001
 1.2720671e-001
 1.2723133e-001
 1.2726402e-001
 1.2733160e-001
 1.2744410e-001
 1.2757803e-001
 1.2770250e-001
 1.2779956e-001
 1.2785800e-001
 1.2788001e-001
 1.2790200e-001
 1.2798077e-001
 1.2813200e-001
 1.2829053e-001
 1.2837374e-001
 1.2837777e-001
 1.2837851e-001
 1.2845275e-001
 1.2862101e-001
 1.2885053e-001
 1.2909167e-001
 1.2930907e-001
 1.2949237e-001
 1.2965731e-001
 1.2984183e-001
 1.3008577e-001
 1.3039459e-001
 1.3071881e-001
 1.3098358e-001
 1.3115713e-001
 1.3129523e-001
 1.3150696e-001
 1.3186347e-001
 1.3233453e-001
 1.3281287e-001
 1.3319780e-001
 1.3345765e-001
 1.3363087e-001
 1.3379194e-001
 1.3402201e-001
 1.3439226e-001
 1.3494945e-001
 1.3569887e-001
 1.3657875e-001
 1.3743325e-001
 1.3804385e-001
 1.3833848e-001
 1.3858117e-001
 1.3899261e-001
 1.3947564e-001
 1.3986602e-001
 1.4022978e-001
 1.4073420e-001
 1.4137919e-001
 1.4198516e-001
 1.4237472e-001
 1.4256549e-001
 1.4278784e-001
 1.4324769e-001
 1.4391844e-001
 1.4462289e-001
 1.4523469e-001
 1.4576825e-001
 1.4632502e-001
 1.4694999e-001
 1.4756320e-001
 1.4807358e-001
 1.4849973e-001
 1.4892593e-001
 1.4940040e-001
 1.4991426e-001
 1.5044259e-001
 1.5098567e-001
 1.5156284e-001
 1.5215239e-001
 1.5267889e-001
 1.5311095e-001
 1.5352683e-001
 1.5402292e-001
 1.5459739e-001
 1.5515794e-001
 1.5561399e-001
 1.5596053e-001
 1.5628466e-001
 1.5667611e-001
 1.5714407e-001
 1.5763269e-001
 1.5807410e-001
 1.5841144e-001
 1.5861896e-001
 1.5871634e-001
 1.5876266e-001
 1.5885438e-001
 1.5906703e-001
 1.5940328e-001
 1.5978976e-001
 1.6009837e-001
 1.6023621e-001
 1.6023201e-001
 1.6021673e-001
 1.6031452e-001
 1.6051787e-001
 1.6068618e-001
 1.6068009e-001
 1.6048951e-001
 1.6023156e-001
 1.6003662e-001
 1.5994997e-001
 1.5992890e-001
 1.5991157e-001
 1.5986741e-001
 1.5979902e-001
 1.5971093e-001
 1.5958133e-001
 1.5936358e-001
 1.5902790e-001
 1.5861769e-001
 1.5823524e-001
 1.5795967e-001
 1.5778504e-001
 1.5760900e-001
 1.5727848e-001
 1.5681434e-001
 1.5614264e-001
 1.5548293e-001
 1.5494958e-001
 1.5453346e-001
 1.5417597e-001
 1.5381831e-001
 1.5341018e-001
 1.5295553e-001
 1.5248032e-001
 1.5201055e-001
 1.5156882e-001
 1.5115441e-001
 1.5075727e-001
 1.5036726e-001
 1.4997268e-001
 1.4955018e-001
 1.4907192e-001
 1.4850983e-001
 1.4784357e-001
 1.4710139e-001
 1.4620388e-001
 1.4546242e-001
 1.4479682e-001
 1.4421804e-001
 1.4370160e-001
 1.4322124e-001
 1.4275093e-001
 1.4226513e-001
 1.4175265e-001
 1.4121681e-001
 1.4066130e-001
 1.4009006e-001
 1.3950670e-001
 1.3891374e-001
 1.3831203e-001
 1.3770267e-001
 1.3708648e-001
 1.3646467e-001
 1.3584022e-001
 1.3521852e-001
 1.3460471e-001
 1.3400424e-001
 1.3342237e-001
 1.3286261e-001
 1.3232201e-001
 1.3179581e-001
 1.3127941e-001
 1.3076805e-001
 1.3025716e-001
 1.2974337e-001
 1.2922896e-001
 1.2871735e-001
 1.2821214e-001
 1.2771668e-001
 1.2723462e-001
 1.2676938e-001
 1.2632367e-001
 1.2589745e-001
 1.2548988e-001
 1.2510027e-001
 1.2472770e-001
 1.2437151e-001
 1.2403081e-001
 1.2370492e-001
 1.2339246e-001
 1.2309054e-001
 1.2279560e-001
 1.2250429e-001
 1.2221308e-001
 1.2191862e-001
 1.2161741e-001
 1.2130599e-001
 1.2098250e-001
 1.2065055e-001
 1.2031522e-001
 1.1998145e-001
 1.1965433e-001
 1.1933876e-001
 1.1903986e-001
 1.1876255e-001
 1.1851028e-001
 1.1828044e-001
 1.1806918e-001
 1.1787253e-001
 1.1768655e-001
 1.1750738e-001
 1.1733102e-001
 1.1715361e-001
 1.1697120e-001
 1.1677989e-001
 1.1657571e-001
 1.1635478e-001
 1.1611442e-001
 1.1585663e-001
 1.1558436e-001
 1.1530065e-001
 1.1500847e-001
 1.1471085e-001
 1.1441077e-001
 1.1411122e-001
 1.1381525e-001
 1.1352579e-001
 1.1324592e-001
 1.1297856e-001
 1.1272620e-001
 1.1248916e-001
 1.1226740e-001
 1.1206073e-001
 1.1186916e-001
 1.1169250e-001
 1.1153073e-001
 1.1138369e-001
 1.1125135e-001
 1.1113356e-001
 1.1103023e-001
 1.1094096e-001
 1.1086421e-001
 1.1079820e-001
 1.1074111e-001
 1.1069119e-001
 1.1064663e-001
 1.1060566e-001
 1.1056647e-001
 1.1052731e-001
 1.1048637e-001
 1.1044232e-001
 1.1039549e-001
 1.1034648e-001
 1.1029600e-001
 1.1024462e-001
 1.1019308e-001
 1.1014193e-001
 1.1009189e-001
 1.1004358e-001
 1.0999767e-001
 1.0995471e-001
 1.0991523e-001
 1.0987962e-001
 1.0984832e-001
 1.0982174e-001
 1.0980038e-001
 1.0978459e-001
 1.0977484e-001
 1.0977156e-001
 1.0977519e-001
 1.0978579e-001
 1.0980219e-001
 1.0982304e-001
 1.0984688e-001
 1.0987233e-001
 1.0989798e-001
 1.0992242e-001
 1.0994428e-001
 1.0996211e-001
 1.0997499e-001
 1.0998359e-001
 1.0998889e-001
 1.0999186e-001
 1.0999351e-001
 1.0999481e-001
 1.0999675e-001
 1.1000029e-001
 1.1000624e-001
 1.1001460e-001
 1.1002527e-001
 1.1003815e-001
 1.1005311e-001
 1.1007006e-001
 1.1008889e-001
 1.1010946e-001
 1.1013197e-001
 1.1015741e-001
 1.1018701e-001
 1.1022194e-001
 1.1026344e-001
 1.1031270e-001
 1.1037093e-001
 1.1043930e-001
 1.1051792e-001
 1.1060311e-001
 1.1069055e-001
 1.1076915e-001
 1.1084554e-001
 1.1091081e-001
 1.1096197e-001
 1.1099897e-001
 1.1102419e-001
 1.1104160e-001
 1.1105599e-001
 1.1107230e-001
 1.1109498e-001
 1.1112698e-001
 1.1116908e-001
 1.1122054e-001
 1.1127993e-001
 1.1134576e-001
 1.1141676e-001
 1.1149210e-001
 1.1157149e-001
 1.1165503e-001
 1.1174303e-001
 1.1183598e-001
 1.1193462e-001
 1.1204019e-001
 1.1215443e-001
 1.1227946e-001
 1.1241741e-001
 1.1256970e-001
 1.1273599e-001
 1.1291298e-001
 1.1309410e-001
 1.1327027e-001
 1.1343137e-001
 1.1356818e-001
 1.1367455e-001
 1.1374924e-001
 1.1379655e-001
 1.1382524e-001
 1.1384656e-001
 1.1387218e-001
 1.1391244e-001
 1.1412059e-001
 1.1422880e-001
 1.1435219e-001
 1.1449132e-001
 1.1464549e-001
 1.1481273e-001
 1.1499020e-001
 1.1517457e-001
 1.1536229e-001
 1.1555030e-001
 1.1573638e-001
 1.1591967e-001
 1.1610094e-001
 1.1628233e-001
 1.1646686e-001
 1.1665794e-001
 1.1685846e-001
 1.1707053e-001
 1.1729498e-001
 1.1753140e-001
 1.1777841e-001
 1.1803380e-001
 1.1829515e-001
 1.1855987e-001
 1.1882566e-001
 1.1909066e-001
 1.1935343e-001
 1.1961324e-001
 1.1986993e-001
 1.2012397e-001
 1.2037645e-001
 1.2062880e-001
 1.2088297e-001
 1.2114120e-001
 1.2140604e-001
 1.2168036e-001
 1.2196697e-001
 1.2226865e-001
 1.2258759e-001
 1.2292508e-001
 1.2328137e-001
 1.2365510e-001
 1.2404343e-001
 1.2444228e-001
 1.2484640e-001
 1.2525043e-001
 1.2564927e-001
 1.2603907e-001
 1.2641792e-001
 1.2678595e-001
 1.2714572e-001
 1.2750146e-001
 1.2785859e-001
 1.2822282e-001
 1.2859897e-001
 1.2899038e-001
 1.2939806e-001
 1.2982062e-001
 1.3025461e-001
 1.3069494e-001
 1.3113613e-001
 1.3157310e-001
 1.3200226e-001
 1.3242252e-001
 1.3283521e-001
 1.3324407e-001
 1.3365480e-001
 1.3407369e-001
 1.3450691e-001
 1.3495907e-001
 1.3543259e-001
 1.3592747e-001
 1.3644110e-001
 1.3696921e-001
 1.3750641e-001
 1.3804752e-001
 1.3858876e-001
 1.3912822e-001
 1.3966687e-001
 1.4020805e-001
 1.4075720e-001
 1.4132115e-001
 1.4190648e-001
 1.4251891e-001
 1.4316167e-001
 1.4383511e-001
 1.4453669e-001
 1.4526072e-001
 1.4599934e-001
 1.4674376e-001
 1.4748479e-001
 1.4821476e-001
 1.4892769e-001
 1.4962019e-001
 1.5029201e-001
 1.5094517e-001
 1.5158422e-001
 1.5221500e-001
 1.5284428e-001
 1.5347926e-001
 1.5412672e-001
 1.5479314e-001
 1.5548399e-001
 1.5620360e-001
 1.5695520e-001
 1.5773986e-001
 1.5855688e-001
 1.5940295e-001
 1.6027254e-001
 1.6115874e-001
 1.6205336e-001
 1.6294897e-001
 1.6383928e-001
 1.6472049e-001
 1.6559206e-001
 1.6645600e-001
 1.6731654e-001
 1.6817942e-001
 1.6905008e-001
 1.6993341e-001
 1.7083246e-001
 1.7174864e-001
 1.7268220e-001
 1.7363203e-001
 1.7459697e-001
 1.7557545e-001
 1.7656595e-001
 1.7756718e-001
 1.7857715e-001
 1.7959386e-001
 1.8061438e-001
 1.8163547e-001
 1.8265441e-001
 1.8366875e-001
 1.8467793e-001
 1.8568291e-001
 1.8668674e-001
 1.8769465e-001
 1.8871254e-001
 1.8974628e-001
 1.9080082e-001
 1.9187802e-001
 1.9297703e-001
 1.9409312e-001
 1.9521879e-001
 1.9634548e-001
 1.9746447e-001
 1.9856979e-001
 1.9965868e-001
 2.0073262e-001
 2.0179741e-001
 2.0286091e-001
 2.0393227e-001
 2.0501909e-001
 2.0612611e-001
 2.0725486e-001
 2.0840277e-001
 2.0956512e-001
 2.1073560e-001
 2.1190833e-001
 2.1307965e-001
 2.1424806e-001
 2.1541552e-001
 2.1658608e-001
 2.1776538e-001
 2.1895988e-001
 2.2017489e-001
 2.2141385e-001
 2.2267821e-001
 2.2396605e-001
 2.2527350e-001
 2.2659416e-001
 2.2792037e-001
 2.2924460e-001
 2.3055936e-001
 2.3185919e-001
 2.3314026e-001
 2.3440114e-001
 2.3564331e-001
 2.3686981e-001
 2.3808594e-001
 2.3929757e-001
 2.4051084e-001
 2.4173188e-001
 2.4296522e-001
 2.4421458e-001
 2.4548158e-001
 2.4676624e-001
 2.4806757e-001
 2.4938290e-001
 2.5070864e-001
 2.5204125e-001
 2.5337619e-001
 2.5470981e-001
 2.5603822e-001
 2.5735822e-001
 2.5866789e-001
 2.5996557e-001
 2.6125136e-001
 2.6252601e-001
 2.6379123e-001
 2.6505008e-001
 2.6630545e-001
 2.6756099e-001
 2.6881945e-001
 2.7008268e-001
 2.7135158e-001
 2.7262470e-001
 2.7389935e-001
 2.7517071e-001
 2.7643266e-001
 2.7767879e-001
 2.7890241e-001
 2.8009763e-001
 2.8126061e-001
 2.8238893e-001
 2.8348285e-001
 2.8454432e-001
 2.8557685e-001
 2.8658527e-001
 2.8757423e-001
 2.8854838e-001
 2.8951138e-001
 2.9046595e-001
 2.9141450e-001
 2.9235893e-001
 2.9330185e-001
 2.9424629e-001
 2.9519615e-001
 2.9615602e-001
 2.9712969e-001
 2.9812002e-001
 2.9912710e-001
 3.0014792e-001
 3.0117682e-001
 3.0220520e-001
 3.0322388e-001
 3.0422381e-001
 3.0519792e-001
 3.0614260e-001
 3.0705720e-001
 3.0794406e-001
 3.0880782e-001
 3.0965316e-001
 3.1048456e-001
 3.1130469e-001
 3.1211433e-001
 3.1291300e-001
 3.1369892e-001
 3.1447053e-001
 3.1522667e-001
 3.1596729e-001
 3.1669357e-001
 3.1740734e-001
 3.1811094e-001
 3.1880611e-001
 3.1949383e-001
 3.2017416e-001
 3.2084569e-001
 3.2150665e-001
 3.2215479e-001
 3.2278833e-001
 3.2340682e-001
 3.2401091e-001
 3.2460272e-001
 3.2518563e-001
 3.2576311e-001
 3.2633868e-001
 3.2691464e-001
 3.2749182e-001
 3.2806984e-001
 3.2864675e-001
 3.2922009e-001
 3.2978714e-001
 3.3034542e-001
 3.3089337e-001
 3.3142972e-001
 3.3195403e-001
 3.3246589e-001
 3.3296475e-001
 3.3345029e-001
 3.3392185e-001
 3.3437943e-001
 3.3482355e-001
 3.3525598e-001
 3.3567992e-001
 3.3609974e-001
 3.3652091e-001
 3.3694902e-001
 3.3738902e-001
 3.3784449e-001
 3.3831650e-001
 3.3880314e-001
 3.3929983e-001
 3.3979899e-001
 3.4029171e-001
 3.4076819e-001
 3.4121943e-001
 3.4163842e-001
 3.4202066e-001
 3.4236488e-001
 3.4267247e-001
 3.4294704e-001
 3.4319338e-001
 3.4341633e-001
 3.4361997e-001
 3.4380701e-001
 3.4397876e-001
 3.4413552e-001
 3.4427741e-001
 3.4440535e-001
 3.4452203e-001
 3.4463251e-001
 3.4474438e-001
 3.4486717e-001
 3.4501097e-001
 3.4518495e-001
 3.4539548e-001
 3.4564459e-001
 3.4592924e-001
 3.4624094e-001
 3.4656715e-001
 3.4689248e-001
 3.4720141e-001
 3.4748015e-001
 3.4771904e-001
 3.4791398e-001
 3.4806675e-001
 3.4818476e-001
 3.4827980e-001
 3.4836602e-001
 3.4845778e-001
 3.4856737e-001
 3.4870329e-001
 3.4886914e-001
 3.4906346e-001
 3.4928027e-001
 3.4951055e-001
 3.4974366e-001
 3.4996945e-001
 3.5017943e-001
 3.5036802e-001
 3.5053271e-001
 3.5067385e-001
 3.5079399e-001
 3.5089654e-001
 3.5098484e-001
 3.5106117e-001
 3.5112631e-001
 3.5117966e-001
 3.5121971e-001
 3.5124511e-001
 3.5125560e-001
 3.5125276e-001
 3.5124063e-001
 3.5122517e-001
 3.5121390e-001
 3.5121453e-001
 3.5123402e-001
 3.5127741e-001
 3.5134733e-001
 3.5144386e-001
 3.5156465e-001
 3.5170573e-001
 3.5186204e-001
 3.5202798e-001
 3.5219792e-001
 3.5236657e-001
 3.5252896e-001
 3.5268086e-001
 3.5281897e-001
 3.5294104e-001
 3.5304651e-001
 3.5313621e-001
 3.5321268e-001
 3.5327953e-001
 3.5334083e-001
 3.5340044e-001
 3.5346118e-001
 3.5352430e-001
 3.5358930e-001
 3.5365400e-001
 3.5371506e-001
 3.5376862e-001
 3.5381106e-001
 3.5383952e-001
 3.5385227e-001
 3.5384896e-001
 3.5383022e-001
 3.5379750e-001
 3.5375255e-001
 3.5369712e-001
 3.5363245e-001
 3.5355929e-001
 3.5347766e-001
 3.5338703e-001
 3.5328647e-001
 3.5317484e-001
 3.5305101e-001
 3.5291409e-001
 3.5276356e-001
 3.5259935e-001
 3.5242209e-001
 3.5223317e-001
 3.5203502e-001
 3.5183105e-001
 3.5162589e-001
 3.5142505e-001
 3.5123453e-001
 3.5106012e-001
 3.5090646e-001
 3.5077614e-001
 3.5066885e-001
 3.5058120e-001
 3.5050684e-001
 3.5043734e-001
 3.5036343e-001
 3.5027674e-001
 3.5017118e-001
 3.5004410e-001
 3.4989679e-001
 3.4973434e-001
 3.4956479e-001
 3.4939781e-001
 3.4924352e-001
 3.4911084e-001
 3.4900665e-001
 3.4893480e-001
 3.4889585e-001
 3.4888688e-001
 3.4890184e-001
 3.4893197e-001
 3.4896663e-001
 3.4899461e-001
 3.4900534e-001
 3.4899038e-001
 3.4894496e-001
 3.4886870e-001
 3.4876618e-001
 3.4864622e-001
 3.4852067e-001
 3.4840229e-001
 3.4830269e-001
 3.4823018e-001
 3.4818840e-001
 3.4817585e-001
 3.4818634e-001
 3.4821025e-001
 3.4823647e-001
 3.4825432e-001
 3.4825525e-001
 3.4823388e-001
 3.4818864e-001
 3.4812158e-001
 3.4803778e-001
 3.4794450e-001
 3.4785002e-001
 3.4776282e-001
 3.4769037e-001
 3.4763861e-001
 3.4761122e-001
 3.4760937e-001
 3.4763154e-001
 3.4767380e-001
 3.4773040e-001
 3.4779426e-001
 3.4785810e-001
 3.4791517e-001
 3.4795988e-001
 3.4798828e-001
 3.4799823e-001
 3.4798911e-001
 3.4796166e-001
 3.4791753e-001
 3.4785903e-001
 3.4778911e-001
 3.4771147e-001
 3.4763047e-001
 3.4755120e-001
 3.4747902e-001
 3.4741923e-001
 3.4737602e-001
 3.4735200e-001
 3.4734747e-001
 3.4736031e-001
 3.4738642e-001
 3.4742042e-001
 3.4745678e-001
 3.4749091e-001
 3.4751987e-001
 3.4754279e-001
 3.4756076e-001
 3.4757617e-001
 3.4759209e-001
 3.4761140e-001
 3.4763637e-001
 3.4766835e-001
 3.4770787e-001
 3.4775481e-001
 3.4780866e-001
 3.4786859e-001
 3.4793341e-001
 3.4800148e-001
 3.4807023e-001
 3.4813619e-001
 3.4819487e-001
 3.4824118e-001
 3.4826994e-001
 3.4827656e-001
 3.4825814e-001
 3.4821394e-001
 3.4814593e-001
 3.4805876e-001
 3.4795928e-001
 3.4785578e-001
 3.4775671e-001
 3.4766951e-001
 3.4759930e-001
 3.4754810e-001
 3.4751442e-001
 3.4749398e-001
 3.4748083e-001
 3.4746853e-001
 3.4745106e-001
 3.4742361e-001
 3.4738275e-001
 3.4732684e-001
 3.4725586e-001
 3.4717092e-001
 3.4707373e-001
 3.4696570e-001
 3.4684765e-001
 3.4671989e-001
 3.4658256e-001
 3.4643656e-001
 3.4628385e-001
 3.4612790e-001
 3.4597293e-001
 3.4582359e-001
 3.4568420e-001
 3.4555790e-001
 3.4544644e-001
 3.4534982e-001
 3.4526619e-001
 3.4519216e-001
 3.4512308e-001
 3.4505385e-001
 3.4497929e-001
 3.4489480e-001
 3.4479702e-001
 3.4468403e-001
 3.4455559e-001
 3.4441304e-001
 3.4425908e-001
 3.4409720e-001
 3.4393090e-001
 3.4376344e-001
 3.4359714e-001
 3.4343323e-001
 3.4327170e-001
 3.4311122e-001
 3.4294921e-001
 3.4278235e-001
 3.4260678e-001
 3.4241879e-001
 3.4221539e-001
 3.4199449e-001
 3.4175533e-001
 3.4149832e-001
 3.4122494e-001
 3.4093741e-001
 3.4063831e-001
 3.4033027e-001
 3.4001553e-001
 3.3969584e-001
 3.3937228e-001
 3.3904511e-001
 3.3871406e-001
 3.3837813e-001
 3.3803597e-001
 3.3768600e-001
 3.3732659e-001
 3.3695662e-001
 3.3657551e-001
 3.3618364e-001
 3.3578229e-001
 3.3537346e-001
 3.3495992e-001
 3.3454463e-001
 3.3413023e-001
 3.3371896e-001
 3.3331200e-001
 3.3290973e-001
 3.3251148e-001
 3.3211580e-001
 3.3172107e-001
 3.3132562e-001
 3.3092844e-001
 3.3052951e-001
 3.3012953e-001
 3.2973039e-001
 3.2933420e-001
 3.2894328e-001
 3.2855925e-001
 3.2818243e-001
 3.2781166e-001
 3.2744393e-001
 3.2707489e-001
 3.2669935e-001
 3.2631198e-001
 3.2590851e-001
 3.2548645e-001
 3.2504603e-001
 3.2459030e-001
 3.2412490e-001
 3.2365760e-001
 3.2319716e-001
 3.2275179e-001
 3.2232851e-001
 3.2193142e-001
 3.2156152e-001
 3.2121640e-001
 3.2089046e-001
 3.2057586e-001
 3.2026330e-001
 3.1994322e-001
 3.1960696e-001
 3.1924722e-001
 3.1885898e-001
 3.1843936e-001
 3.1798798e-001
 3.1750658e-001
 3.1699848e-001
 3.1646869e-001
 3.1592274e-001
 3.1536692e-001
 3.1480733e-001
 3.1424928e-001
 3.1369725e-001
 3.1315428e-001
 3.1262153e-001
 3.1209889e-001
 3.1158462e-001
 3.1107625e-001
 3.1057122e-001
 3.1006736e-001
 3.0956393e-001
 3.0906180e-001
 3.0856404e-001
 3.0807558e-001
 3.0760267e-001
 3.0715242e-001
 3.0673149e-001
 3.0634543e-001
 3.0599770e-001
 3.0568874e-001
 3.0541652e-001
 3.0517626e-001
 3.0496138e-001
 3.0476409e-001
 3.0457595e-001
 3.0438870e-001
 3.0419469e-001
 3.0398726e-001
 3.0376127e-001
 3.0351320e-001
 3.0324182e-001
 3.0294824e-001
 3.0263591e-001
 3.0231085e-001
 3.0198121e-001
 3.0165687e-001
 3.0134860e-001
 3.0106699e-001
 3.0082157e-001
 3.0061933e-001
 3.0046397e-001
 3.0035543e-001
 3.0028990e-001
 3.0026078e-001
 3.0025941e-001
 3.0027619e-001
 3.0030146e-001
 3.0032641e-001
 3.0034345e-001
 3.0034658e-001
 3.0033147e-001
 3.0029535e-001
 3.0023694e-001
 3.0015630e-001
 3.0005440e-001
 2.9993311e-001
 2.9979500e-001
 2.9964301e-001
 2.9948047e-001
 2.9931077e-001
 2.9913718e-001
 2.9896259e-001
 2.9878929e-001
 2.9861885e-001
 2.9845199e-001
 2.9828849e-001
 2.9812744e-001
 2.9796734e-001
 2.9780650e-001
 2.9764342e-001
 2.9747698e-001
 2.9730704e-001
 2.9713428e-001
 2.9696056e-001
 2.9678857e-001
 2.9662162e-001
 2.9646325e-001
 2.9631677e-001
 2.9618463e-001
 2.9606819e-001
 2.9596737e-001
 2.9588050e-001
 2.9580447e-001
 2.9573506e-001
 2.9566723e-001
 2.9559565e-001
 2.9551527e-001
 2.9542163e-001
 2.9531121e-001
 2.9518175e-001
 2.9503211e-001
 2.9486242e-001
 2.9467392e-001
 2.9446876e-001
 2.9425001e-001
 2.9402143e-001
 2.9378730e-001
 2.9355234e-001
 2.9332122e-001
 2.9309851e-001
 2.9288808e-001
 2.9269257e-001
 2.9251316e-001
 2.9234889e-001
 2.9219678e-001
 2.9205167e-001
 2.9190677e-001
 2.9175428e-001
 2.9158640e-001
 2.9139635e-001
 2.9117963e-001
 2.9093465e-001
 2.9066366e-001
 2.9037243e-001
 2.9007012e-001
 2.8976822e-001
 2.8947905e-001
 2.8921440e-001
 2.8898370e-001
 2.8879303e-001
 2.8864384e-001
 2.8853297e-001
 2.8845292e-001
 2.8839278e-001
 2.8833973e-001
 2.8828081e-001
 2.8820455e-001
 2.8810248e-001
 2.8797010e-001
 2.8780735e-001
 2.8761831e-001
 2.8741032e-001
 2.8719282e-001
 2.8697583e-001
 2.8676835e-001
 2.8657743e-001
 2.8640705e-001
 2.8625810e-001
 2.8612828e-001
 2.8601286e-001
 2.8590590e-001
 2.8580165e-001
 2.8569582e-001
 2.8558707e-001
 2.8547761e-001
 2.8537324e-001
 2.8528267e-001
 2.8521633e-001
 2.8518489e-001
 2.8519779e-001
 2.8526202e-001
 2.8538108e-001
 2.8555483e-001
 2.8577897e-001
 2.8604475e-001
 2.8633872e-001
 2.8664389e-001
 2.8694087e-001
 2.8720954e-001
 2.8743163e-001
 2.8759262e-001
 2.8768393e-001
 2.8770387e-001
 2.8765756e-001
 2.8759816e-001
 2.8743491e-001
 2.8724968e-001
 2.8706130e-001
 2.8688645e-001
 2.8673762e-001
 2.8662223e-001
 2.8654286e-001
 2.8649873e-001
 2.8648710e-001
 2.8650451e-001
 2.8654718e-001
 2.8661144e-001
 2.8669363e-001
 2.8679016e-001
 2.8689766e-001
 2.8701285e-001
 2.8713250e-001
 2.8725344e-001
 2.8737250e-001
 2.8748649e-001
 2.8759244e-001
 2.8768730e-001
 2.8776854e-001
 2.8783405e-001
 2.8788251e-001
 2.8791344e-001
 2.8792712e-001
 2.8792444e-001
 2.8790656e-001
 2.8787482e-001
 2.8783068e-001
 2.8777558e-001
 2.8771105e-001
 2.8763878e-001
 2.8756055e-001
 2.8747830e-001
 2.8739411e-001
 2.8731015e-001
 2.8722870e-001
 2.8715202e-001
 2.8708237e-001
 2.8702188e-001
 2.8697252e-001
 2.8693593e-001
 2.8691334e-001
 2.8690541e-001
 2.8691247e-001
 2.8693444e-001
 2.8697109e-001
 2.8702208e-001
 2.8708690e-001
 2.8716490e-001
 2.8725502e-001
 2.8735560e-001
 2.8746414e-001
 2.8757718e-001
 2.8769046e-001
 2.8779909e-001
 2.8789783e-001
 2.8798127e-001
 2.8804418e-001
 2.8808168e-001
 2.8808969e-001
 2.8806567e-001
 2.8800902e-001
 2.8792122e-001
 2.8780577e-001
 2.8766757e-001
 2.8751242e-001
 2.8734642e-001
 2.8717577e-001
 2.8700629e-001
 2.8684300e-001
 2.8668964e-001
 2.8654820e-001
 2.8641868e-001
 2.8629926e-001
 2.8618687e-001
 2.8607759e-001
 2.8596723e-001
 2.8585148e-001
 2.8572619e-001
 2.8558770e-001
 2.8543311e-001
 2.8526062e-001
 2.8506950e-001
 2.8486016e-001
 2.8463373e-001
 2.8439182e-001
 2.8413624e-001
 2.8386879e-001
 2.8359091e-001
 2.8330368e-001
 2.8300709e-001
 2.8269988e-001
 2.8237942e-001
 2.8204170e-001
 2.8168187e-001
 2.8129455e-001
 2.8087410e-001
 2.8041521e-001
 2.7991316e-001
 2.7936506e-001
 2.7877077e-001
 2.7813372e-001
 2.7746168e-001
 2.7676585e-001
 2.7606052e-001
 2.7536145e-001
 2.7468491e-001
 2.7404726e-001
 2.7346343e-001
 2.7294612e-001
 2.7250373e-001
 2.7213886e-001
 2.7184796e-001
 2.7162170e-001
 2.7144653e-001
 2.7130646e-001
 2.7118436e-001
 2.7106297e-001
 2.7092597e-001
 2.7075887e-001
 2.7055070e-001
 2.7029493e-001
 2.6999018e-001
 2.6963961e-001
 2.6924971e-001
 2.6882908e-001
 2.6838714e-001
 2.6793373e-001
 2.6747862e-001
 2.6703084e-001
 2.6659882e-001
 2.6618960e-001
 2.6580912e-001
 2.6546198e-001
 2.6515192e-001
 2.6488215e-001
 2.6465568e-001
 2.6447502e-001
 2.6434237e-001
 2.6425883e-001
 2.6422402e-001
 2.6423538e-001
 2.6428801e-001
 2.6437485e-001
 2.6448733e-001
 2.6461586e-001
 2.6475057e-001
 2.6488161e-001
 2.6499981e-001
 2.6509738e-001
 2.6516876e-001
 2.6521161e-001
 2.6522711e-001
 2.6521954e-001
 2.6519546e-001
 2.6516286e-001
 2.6513031e-001
 2.6510635e-001
 2.6509893e-001
 2.6511446e-001
 2.6515704e-001
 2.6522732e-001
 2.6532239e-001
 2.6543599e-001
 2.6555943e-001
 2.6568255e-001
 2.6579461e-001
 2.6588488e-001
 2.6594341e-001
 2.6596192e-001
 2.6593488e-001
 2.6586071e-001
 2.6574185e-001
 2.6558483e-001
 2.6539877e-001
 2.6519459e-001
 2.6498389e-001
 2.6477832e-001
 2.6458889e-001
 2.6442522e-001
 2.6429433e-001
 2.6419991e-001
 2.6414198e-001
 2.6411709e-001
 2.6411939e-001
 2.6414147e-001
 2.6417530e-001
 2.6421279e-001
 2.6424626e-001
 2.6426911e-001
 2.6427659e-001
 2.6426643e-001
 2.6423910e-001
 2.6419759e-001
 2.6414672e-001
 2.6409233e-001
 2.6404083e-001
 2.6399869e-001
 2.6397204e-001
 2.6396632e-001
 2.6398572e-001
 2.6403266e-001
 2.6410773e-001
 2.6420984e-001
 2.6433662e-001
 2.6448488e-001
 2.6465118e-001
 2.6483196e-001
 2.6502359e-001
 2.6522270e-001
 2.6542628e-001
 2.6563159e-001
 2.6583648e-001
 2.6603919e-001
 2.6623830e-001
 2.6643246e-001
 2.6662064e-001
 2.6680186e-001
 2.6697549e-001
 2.6714164e-001
 2.6730159e-001
 2.6745808e-001
 2.6761559e-001
 2.6778024e-001
 2.6795915e-001
 2.6816016e-001
 2.6839137e-001
 2.6866072e-001
 2.6897520e-001
 2.6934034e-001
 2.6975894e-001
 2.7022982e-001
 2.7074790e-001
 2.7130443e-001
 2.7188754e-001
 2.7248409e-001
 2.7308014e-001
 2.7366200e-001
 2.7421635e-001
 2.7473238e-001
 2.7520254e-001
 2.7562350e-001
 2.7599728e-001
 2.7633047e-001
 2.7663270e-001
 2.7691585e-001
 2.7719265e-001
 2.7747568e-001
 2.7777681e-001
 2.7810600e-001
 2.7847013e-001
 2.7887142e-001
 2.7930748e-001
 2.7977166e-001
 2.8025377e-001
 2.8074193e-001
 2.8122357e-001
 2.8168556e-001
 2.8211582e-001
 2.8250366e-001
 2.8284100e-001
 2.8312296e-001
 2.8334874e-001
 2.8352094e-001
 2.8364465e-001
 2.8372651e-001
 2.8377396e-001
 2.8379449e-001
 2.8379551e-001
 2.8378373e-001
 2.8376496e-001
 2.8374359e-001
 2.8372255e-001
 2.8370339e-001
 2.8368661e-001
 2.8367212e-001
 2.8365964e-001
 2.8364864e-001
 2.8363875e-001
 2.8362972e-001
 2.8362146e-001
 2.8361431e-001
 2.8360900e-001
 2.8360650e-001
 2.8360808e-001
 2.8361517e-001
 2.8362924e-001
 2.8365168e-001
 2.8368363e-001
 2.8372586e-001
 2.8377828e-001
 2.8383979e-001
 2.8390816e-001
 2.8398010e-001
 2.8405151e-001
 2.8411791e-001
 2.8417459e-001
 2.8421691e-001
 2.8424069e-001
 2.8424257e-001
 2.8422058e-001
 2.8417471e-001
 2.8410706e-001
 2.8402174e-001
 2.8392416e-001
 2.8382066e-001
 2.8371787e-001
 2.8362250e-001
 2.8354073e-001
 2.8347781e-001
 2.8343746e-001
 2.8342104e-001
 2.8342763e-001
 2.8345400e-001
 2.8349537e-001
 2.8354600e-001
 2.8359964e-001
 2.8365001e-001
 2.8369105e-001
 2.8371724e-001
 2.8372392e-001
 2.8370777e-001
 2.8366679e-001
 2.8360033e-001
 2.8350863e-001
 2.8339240e-001
 2.8325284e-001
 2.8309104e-001
 2.8290841e-001
 2.8270632e-001
 2.8248659e-001
 2.8225121e-001
 2.8200248e-001
 2.8174320e-001
 2.8147626e-001
 2.8120464e-001
 2.8093156e-001
 2.8065994e-001
 2.8039238e-001
 2.8013077e-001
 2.7987602e-001
 2.7962726e-001
 2.7938184e-001
 2.7913579e-001
 2.7888376e-001
 2.7861968e-001
 2.7833745e-001
 2.7803096e-001
 2.7769467e-001
 2.7732471e-001
 2.7691936e-001
 2.7648011e-001
 2.7601185e-001
 2.7552310e-001
 2.7502429e-001
 2.7452728e-001
 2.7404481e-001
 2.7358913e-001
 2.7317160e-001
 2.7280188e-001
 2.7248570e-001
 2.7222443e-001
 2.7201399e-001
 2.7184588e-001
 2.7170798e-001
 2.7158615e-001
 2.7146539e-001
 2.7133060e-001
 2.7116752e-001
 2.7096394e-001
 2.7071065e-001
 2.7040285e-001
 2.7004081e-001
 2.6962891e-001
 2.6917487e-001
 2.6868820e-001
 2.6817960e-001
 2.6765966e-001
 2.6713863e-001
 2.6662606e-001
 2.6612955e-001
 2.6565441e-001
 2.6520386e-001
 2.6477838e-001
 2.6437703e-001
 2.6399773e-001
 2.6363814e-001
 2.6329550e-001
 2.6296696e-001
 2.6264989e-001
 2.6234129e-001
 2.6203823e-001
 2.6173779e-001
 2.6143694e-001
 2.6113248e-001
 2.6082128e-001
 2.6050037e-001
 2.6016653e-001
 2.5981677e-001
 2.5944844e-001
 2.5905904e-001
 2.5864658e-001
 2.5820982e-001
 2.5774783e-001
 2.5725985e-001
 2.5674585e-001
 2.5620553e-001
 2.5563884e-001
 2.5504601e-001
 2.5442821e-001
 2.5378734e-001
 2.5312668e-001
 2.5245151e-001
 2.5176814e-001
 2.5108385e-001
 2.5040710e-001
 2.4974597e-001
 2.4910861e-001
 2.4850231e-001
 2.4793334e-001
 2.4740502e-001
 2.4691735e-001
 2.4646696e-001
 2.4604678e-001
 2.4564728e-001
 2.4525775e-001
 2.4486656e-001
 2.4446213e-001
 2.4403389e-001
 2.4357261e-001
 2.4307190e-001
 2.4252900e-001
 2.4194570e-001
 2.4132709e-001
 2.4068104e-001
 2.4001749e-001
 2.3934670e-001
 2.3867896e-001
 2.3802452e-001
 2.3739187e-001
 2.3678760e-001
 2.3621517e-001
 2.3567533e-001
 2.3516546e-001
 2.3468086e-001
 2.3421587e-001
 2.3376396e-001
 2.3331845e-001
 2.3287332e-001
 2.3242305e-001
 2.3196340e-001
 2.3149228e-001
 2.3100933e-001
 2.3051609e-001
 2.3001531e-001
 2.2951089e-001
 2.2900672e-001
 2.2850671e-001
 2.2801474e-001
 2.2753355e-001
 2.2706449e-001
 2.2660743e-001
 2.2615981e-001
 2.2571737e-001
 2.2527432e-001
 2.2482447e-001
 2.2436097e-001
 2.2387722e-001
 2.2336784e-001
 2.2282901e-001
 2.2226010e-001
 2.2166523e-001
 2.2105291e-001
 2.2043601e-001
 2.1983096e-001
 2.1925570e-001
 2.1872897e-001
 2.1826912e-001
 2.1789321e-001
 2.1761447e-001
 2.1744031e-001
 2.1737033e-001
 2.1739514e-001
 2.1749751e-001
 2.1765421e-001
 2.1783866e-001
 2.1802266e-001
 2.1817800e-001
 2.1827763e-001
 2.1829763e-001
 2.1821915e-001
 2.1803029e-001
 2.1772686e-001
 2.1731149e-001
 2.1679220e-001
 2.1617988e-001
 2.1548676e-001
 2.1472618e-001
 2.1391104e-001
 2.1305421e-001
 2.1216792e-001
 2.1126448e-001
 2.1035495e-001
 2.0944981e-001
 2.0855975e-001
 2.0769453e-001
 2.0686370e-001
 2.0607704e-001
 2.0534287e-001
 2.0466803e-001
 2.0405644e-001
 2.0350866e-001
 2.0302062e-001
 2.0258449e-001
 2.0219001e-001
 2.0182493e-001
 2.0147629e-001
 2.0113134e-001
 2.0077772e-001
 2.0040464e-001
 2.0000365e-001
 1.9956999e-001
 1.9910231e-001
 1.9860265e-001
 1.9807583e-001
 1.9752789e-001
 1.9696544e-001
 1.9639574e-001
 1.9582528e-001
 1.9525990e-001
 1.9470453e-001
 1.9416203e-001
 1.9363350e-001
 1.9311817e-001
 1.9261447e-001
 1.9211964e-001
 1.9163065e-001
 1.9114469e-001
 1.9065887e-001
 1.9017071e-001
 1.8967883e-001
 1.8918258e-001
 1.8868260e-001
 1.8818042e-001
 1.8767874e-001
 1.8718037e-001
 1.8668829e-001
 1.8620577e-001
 1.8573529e-001
 1.8527837e-001
 1.8483528e-001
 1.8440378e-001
 1.8397918e-001
 1.8355504e-001
 1.8312313e-001
 1.8267454e-001
 1.8219998e-001
 1.8169074e-001
 1.8113847e-001
 1.8053624e-001
 1.7987977e-001
 1.7916733e-001
 1.7840041e-001
 1.7758414e-001
 1.7672551e-001
 1.7583314e-001
 1.7491616e-001
 1.7398453e-001
 1.7304741e-001
 1.7211378e-001
 1.7119300e-001
 1.7032479e-001
 1.6966492e-001
 1.6882546e-001
 1.6801241e-001
 1.6722354e-001
 1.6645691e-001
 1.6571037e-001
 1.6498230e-001
 1.6427056e-001
 1.6357315e-001
 1.6288814e-001
 1.6221352e-001
 1.6154929e-001
 1.6089569e-001
 1.6025323e-001
 1.5962221e-001
 1.5900339e-001
 1.5839705e-001
 1.5780365e-001
 1.5722355e-001
 1.5665746e-001
 1.5610570e-001
 1.5556872e-001
 1.5504687e-001
 1.5454085e-001
 1.5405099e-001
 1.5357734e-001
 1.5311989e-001
 1.5267844e-001
 1.5225321e-001
 1.5184398e-001
 1.5145068e-001
 1.5107323e-001
 1.5071170e-001
 1.5036595e-001
 1.5003593e-001
 1.4972152e-001
 1.4942278e-001
 1.4913961e-001
 1.4887194e-001
 1.4861971e-001
 1.4838281e-001
 1.4816129e-001
 1.4795500e-001
 1.4776342e-001
 1.4758582e-001
 1.4742158e-001
 1.4726992e-001
 1.4713013e-001
 1.4700149e-001
 1.4688334e-001
 1.4677492e-001
 1.4667556e-001
 1.4658448e-001
 1.4650102e-001
 1.4642446e-001
 1.4635409e-001
 1.4628920e-001
 1.4622906e-001
 1.4617296e-001
 1.4612022e-001
 1.4607011e-001
 1.4602189e-001
 1.4597489e-001
 1.4592838e-001
 1.4588168e-001
 1.4583455e-001
 1.4578690e-001
 1.4573868e-001
 1.4568980e-001
 1.4564021e-001
 1.4558983e-001
 1.4553860e-001
 1.4548644e-001
 1.4543331e-001
 1.4537910e-001
 1.4532380e-001
 1.4526731e-001
 1.4520954e-001
 1.4515044e-001
 1.4508995e-001
 1.4502801e-001
 1.4496456e-001
 1.4489949e-001
 1.4483276e-001
 1.4476429e-001
 1.4469405e-001
 1.4462195e-001
 1.4454788e-001
 1.4447182e-001
 1.4439371e-001
 1.4431348e-001
 1.4423129e-001
 1.4414741e-001
 1.4406209e-001
 1.4397559e-001
 1.4388816e-001
 1.4380002e-001
 1.4371151e-001
 1.4362285e-001
 1.4353426e-001
 1.4344603e-001
 1.4335842e-001
 1.4327170e-001
 1.4318609e-001
 1.4310184e-001
 1.4301924e-001
 1.4293857e-001
 1.4286004e-001
 1.4278388e-001
 1.4271045e-001
 1.4263991e-001
 1.4257255e-001
 1.4250864e-001
 1.4244843e-001
 1.4239214e-001
 1.4234009e-001
 1.4229250e-001
 1.4224963e-001
 1.4221174e-001
 1.4217907e-001
 1.4215188e-001
 1.4213015e-001
 1.4211380e-001
 1.4210275e-001
