s07_ASD Record=16451: Pyrimidine SA-131695         ASDHRa AREF
-1.2300000e+034
 2.4849561e-001
 2.5207272e-001
 2.5548172e-001
 2.6054934e-001
 2.6441795e-001
 2.6618868e-001
 2.7013123e-001
 2.7500379e-001
 2.7765620e-001
 2.7736583e-001
 2.8078344e-001
 2.8482291e-001
 2.8761330e-001
 2.8927580e-001
 2.9252073e-001
 2.9518846e-001
 2.9668802e-001
 2.9850289e-001
 3.0046728e-001
 3.0339074e-001
 3.0651945e-001
 3.0789590e-001
 3.1122571e-001
 3.1456968e-001
 3.1580347e-001
 3.1820986e-001
 3.2053483e-001
 3.2252315e-001
 3.2439893e-001
 3.2603508e-001
 3.2809928e-001
 3.3042213e-001
 3.3209279e-001
 3.3393621e-001
 3.3559489e-001
 3.3690426e-001
 3.3830503e-001
 3.3947653e-001
 3.4061125e-001
 3.4199500e-001
 3.4340292e-001
 3.4455621e-001
 3.4563416e-001
 3.4703389e-001
 3.4829682e-001
 3.4957230e-001
 3.5087201e-001
 3.5207328e-001
 3.5338631e-001
 3.5438779e-001
 3.5501885e-001
 3.5615921e-001
 3.5723516e-001
 3.5830641e-001
 3.5956499e-001
 3.6052892e-001
 3.6132407e-001
 3.6209586e-001
 3.6294425e-001
 3.6379701e-001
 3.6460152e-001
 3.6542180e-001
 3.6641622e-001
 3.6729544e-001
 3.6818543e-001
 3.6914587e-001
 3.6974770e-001
 3.7049294e-001
 3.7145513e-001
 3.7232131e-001
 3.7310523e-001
 3.7388840e-001
 3.7471873e-001
 3.7551123e-001
 3.7624106e-001
 3.7699410e-001
 3.7779689e-001
 3.7846175e-001
 3.7914649e-001
 3.7986204e-001
 3.8053474e-001
 3.8123322e-001
 3.8190460e-001
 3.8257518e-001
 3.8332039e-001
 3.8393167e-001
 3.8450104e-001
 3.8515270e-001
 3.8581645e-001
 3.8650808e-001
 3.8715303e-001
 3.8768759e-001
 3.8829160e-001
 3.8896024e-001
 3.8964185e-001
 3.9025736e-001
 3.9081967e-001
 3.9133078e-001
 3.9184967e-001
 3.9248446e-001
 3.9309683e-001
 3.9365035e-001
 3.9418739e-001
 3.9471769e-001
 3.9526713e-001
 3.9581847e-001
 3.9632335e-001
 3.9684922e-001
 3.9738390e-001
 3.9790252e-001
 3.9840537e-001
 3.9886594e-001
 3.9933428e-001
 3.9986461e-001
 4.0031806e-001
 4.0074679e-001
 4.0121308e-001
 4.0172228e-001
 4.0217569e-001
 4.0259984e-001
 4.0303552e-001
 4.0343931e-001
 4.0387732e-001
 4.0430573e-001
 4.0466261e-001
 4.0513572e-001
 4.0560439e-001
 4.0600845e-001
 4.0644434e-001
 4.0684238e-001
 4.0723440e-001
 4.0764761e-001
 4.0800950e-001
 4.0835431e-001
 4.0868616e-001
 4.0902868e-001
 4.0950561e-001
 4.0989611e-001
 4.1012073e-001
 4.1046625e-001
 4.1087231e-001
 4.1123435e-001
 4.1149184e-001
 4.1183460e-001
 4.1214907e-001
 4.1243410e-001
 4.1277468e-001
 4.1302702e-001
 4.1328540e-001
 4.1359803e-001
 4.1383657e-001
 4.1407275e-001
 4.1434228e-001
 4.1463903e-001
 4.1489354e-001
 4.1511896e-001
 4.1536579e-001
 4.1567048e-001
 4.1590074e-001
 4.1609129e-001
 4.1630524e-001
 4.1652474e-001
 4.1675606e-001
 4.1699725e-001
 4.1722348e-001
 4.1739419e-001
 4.1758433e-001
 4.1783875e-001
 4.1808876e-001
 4.1826499e-001
 4.1839954e-001
 4.1857648e-001
 4.1880929e-001
 4.1903013e-001
 4.1922674e-001
 4.1942632e-001
 4.1953915e-001
 4.1966054e-001
 4.1985783e-001
 4.2004284e-001
 4.2019942e-001
 4.2032963e-001
 4.2047366e-001
 4.2067128e-001
 4.2084518e-001
 4.2096993e-001
 4.2110944e-001
 4.2126039e-001
 4.2145693e-001
 4.2167321e-001
 4.2178810e-001
 4.2193183e-001
 4.2209882e-001
 4.2220661e-001
 4.2236114e-001
 4.2252249e-001
 4.2265925e-001
 4.2278770e-001
 4.2291328e-001
 4.2306307e-001
 4.2324862e-001
 4.2341429e-001
 4.2358020e-001
 4.2371637e-001
 4.2377898e-001
 4.2390025e-001
 4.2400977e-001
 4.2403215e-001
 4.2404687e-001
 4.2414713e-001
 4.2427576e-001
 4.2431730e-001
 4.2440942e-001
 4.2450407e-001
 4.2455828e-001
 4.2459163e-001
 4.2468596e-001
 4.2481968e-001
 4.2494580e-001
 4.2509976e-001
 4.2527887e-001
 4.2549276e-001
 4.2573062e-001
 4.2589241e-001
 4.2599839e-001
 4.2609662e-001
 4.2621702e-001
 4.2636538e-001
 4.2651713e-001
 4.2662674e-001
 4.2667183e-001
 4.2665118e-001
 4.2660204e-001
 4.2657864e-001
 4.2653573e-001
 4.2652202e-001
 4.2657363e-001
 4.2662469e-001
 4.2669517e-001
 4.2677099e-001
 4.2683899e-001
 4.2696381e-001
 4.2706031e-001
 4.2709050e-001
 4.2715952e-001
 4.2727482e-001
 4.2736596e-001
 4.2736337e-001
 4.2736584e-001
 4.2731059e-001
 4.2720482e-001
 4.2714745e-001
 4.2714369e-001
 4.2711672e-001
 4.2702952e-001
 4.2700562e-001
 4.2698541e-001
 4.2697471e-001
 4.2700729e-001
 4.2703840e-001
 4.2706001e-001
 4.2707247e-001
 4.2708108e-001
 4.2707416e-001
 4.2711231e-001
 4.2723507e-001
 4.2732370e-001
 4.2737383e-001
 4.2739719e-001
 4.2742252e-001
 4.2745119e-001
 4.2747197e-001
 4.2748579e-001
 4.2752159e-001
 4.2754951e-001
 4.2756659e-001
 4.2756248e-001
 4.2749843e-001
 4.2747399e-001
 4.2752251e-001
 4.2755657e-001
 4.2754984e-001
 4.2750144e-001
 4.2743716e-001
 4.2738101e-001
 4.2734075e-001
 4.2732716e-001
 4.2735350e-001
 4.2739126e-001
 4.2737785e-001
 4.2730546e-001
 4.2726764e-001
 4.2723620e-001
 4.2720696e-001
 4.2716986e-001
 4.2710808e-001
 4.2707473e-001
 4.2704892e-001
 4.2696115e-001
 4.2691261e-001
 4.2688939e-001
 4.2685956e-001
 4.2680013e-001
 4.2670780e-001
 4.2662019e-001
 4.2657840e-001
 4.2653283e-001
 4.2646018e-001
 4.2636436e-001
 4.2628562e-001
 4.2623109e-001
 4.2618367e-001
 4.2611471e-001
 4.2601979e-001
 4.2592701e-001
 4.2584935e-001
 4.2577741e-001
 4.2569172e-001
 4.2559916e-001
 4.2549798e-001
 4.2538697e-001
 4.2533273e-001
 4.2530575e-001
 4.2523420e-001
 4.2510563e-001
 4.2499179e-001
 4.2490771e-001
 4.2481163e-001
 4.2473829e-001
 4.2472428e-001
 4.2472288e-001
 4.2460793e-001
 4.2456326e-001
 4.2453331e-001
 4.2442042e-001
 4.2436400e-001
 4.2431864e-001
 4.2424130e-001
 4.2410815e-001
 4.2395982e-001
 4.2383683e-001
 4.2374089e-001
 4.2360359e-001
 4.2344737e-001
 4.2329183e-001
 4.2313993e-001
 4.2295095e-001
 4.2276150e-001
 4.2258844e-001
 4.2239875e-001
 4.2214680e-001
 4.2186600e-001
 4.2161253e-001
 4.2140430e-001
 4.2120874e-001
 4.2096478e-001
 4.2065364e-001
 4.2040151e-001
 4.2011201e-001
 4.1976804e-001
 4.1945633e-001
 4.1912329e-001
 4.1880444e-001
 4.1849610e-001
 4.1812295e-001
 4.1780016e-001
 4.1755247e-001
 4.1735941e-001
 4.1726306e-001
 4.1728863e-001
 4.1739368e-001
 4.1749012e-001
 4.1766837e-001
 4.1791588e-001
 4.1815549e-001
 4.1828546e-001
 4.1840801e-001
 4.1850695e-001
 4.1850719e-001
 4.1844150e-001
 4.1839892e-001
 4.1836625e-001
 4.1823080e-001
 4.1808882e-001
 4.1791517e-001
 4.1769534e-001
 4.1747880e-001
 4.1729015e-001
 4.1713193e-001
 4.1696885e-001
 4.1675851e-001
 4.1657364e-001
 4.1641322e-001
 4.1619942e-001
 4.1596687e-001
 4.1571987e-001
 4.1550717e-001
 4.1537875e-001
 4.1516936e-001
 4.1490176e-001
 4.1462925e-001
 4.1427857e-001
 4.1396582e-001
 4.1373143e-001
 4.1351563e-001
 4.1323093e-001
 4.1292995e-001
 4.1269556e-001
 4.1252938e-001
 4.1223574e-001
 4.1188830e-001
 4.1160333e-001
 4.1133496e-001
 4.1108605e-001
 4.1079736e-001
 4.1044712e-001
 4.1019255e-001
 4.0994084e-001
 4.0965942e-001
 4.0938222e-001
 4.0903342e-001
 4.0871021e-001
 4.0845171e-001
 4.0813997e-001
 4.0782884e-001
 4.0751618e-001
 4.0720609e-001
 4.0693173e-001
 4.0662953e-001
 4.0630159e-001
 4.0598920e-001
 4.0565720e-001
 4.0532386e-001
 4.0500948e-001
 4.0471849e-001
 4.0441677e-001
 4.0411001e-001
 4.0380323e-001
 4.0349489e-001
 4.0322712e-001
 4.0298256e-001
 4.0270683e-001
 4.0237132e-001
 4.0201616e-001
 4.0169251e-001
 4.0143332e-001
 4.0118822e-001
 4.0094993e-001
 4.0069267e-001
 4.0040410e-001
 4.0018705e-001
 4.0002760e-001
 3.9987248e-001
 3.9967981e-001
 3.9948380e-001
 3.9929807e-001
 3.9910829e-001
 3.9887729e-001
 3.9866027e-001
 3.9850846e-001
 3.9841843e-001
 3.9828753e-001
 3.9819658e-001
 3.9815724e-001
 3.9807457e-001
 3.9794120e-001
 3.9790159e-001
 3.9795011e-001
 3.9785117e-001
 3.9776814e-001
 3.9771435e-001
 3.9766967e-001
 3.9762414e-001
 3.9763233e-001
 3.9766610e-001
 3.9769295e-001
 3.9777347e-001
 3.9784899e-001
 3.9787287e-001
 3.9785504e-001
 3.9792079e-001
 3.9807287e-001
 3.9824718e-001
 3.9837009e-001
 3.9854527e-001
 3.9871442e-001
 3.9886069e-001
 3.9903066e-001
 3.9915189e-001
 3.9929843e-001
 3.9949825e-001
 3.9965749e-001
 3.9985663e-001
 4.0002337e-001
 4.0010861e-001
 4.0025187e-001
 4.0045154e-001
 4.0063733e-001
 4.0073645e-001
 4.0082896e-001
 4.0091568e-001
 4.0095097e-001
 4.0088162e-001
 4.0076739e-001
 4.0059367e-001
 4.0032670e-001
 3.9995164e-001
 3.9954486e-001
 3.9904842e-001
 3.9846054e-001
 3.9785209e-001
 3.9717937e-001
 3.9646903e-001
 3.9577597e-001
 3.9514875e-001
 3.9451602e-001
 3.9389625e-001
 3.9332116e-001
 3.9278451e-001
 3.9222679e-001
 3.9160109e-001
 3.9088294e-001
 3.9011580e-001
 3.8940051e-001
 3.8875034e-001
 3.8820824e-001
 3.8797849e-001
 3.8812995e-001
 3.8876012e-001
 3.8992113e-001
 3.9155933e-001
 3.9371401e-001
 3.9627737e-001
 3.9910853e-001
 4.0224278e-001
 4.0552697e-001
 4.0880135e-001
 4.1191015e-001
 4.1477725e-001
 4.1741043e-001
 4.1983315e-001
 4.2205870e-001
 4.2406934e-001
 4.2585453e-001
 4.2747849e-001
 4.2902941e-001
 4.3044057e-001
 4.3177935e-001
 4.3303788e-001
 4.3416581e-001
 4.3528289e-001
 4.3642223e-001
 4.3757606e-001
 4.3866304e-001
 4.3961835e-001
 4.4061041e-001
 4.4162682e-001
 4.4248688e-001
 4.4340134e-001
 4.4438350e-001
 4.4535717e-001
 4.4621319e-001
 4.4707397e-001
 4.4795007e-001
 4.4879854e-001
 4.4958127e-001
 4.5044300e-001
 4.5134583e-001
 4.5220381e-001
 4.5299572e-001
 4.5390576e-001
 4.5477828e-001
 4.5555362e-001
 4.5630950e-001
 4.5698774e-001
 4.5766044e-001
 4.5837635e-001
 4.5915753e-001
 4.6002159e-001
 4.6083808e-001
 4.6155256e-001
 4.6222192e-001
 4.6288139e-001
 4.6357611e-001
 4.6433988e-001
 4.6513671e-001
 4.6581620e-001
 4.6641073e-001
 4.6701017e-001
 4.6769500e-001
 4.6838826e-001
 4.6903837e-001
 4.6968088e-001
 4.7035328e-001
 4.7093624e-001
 4.7152683e-001
 4.7216466e-001
 4.7283083e-001
 4.7349110e-001
 4.7416037e-001
 4.7477284e-001
 4.7525096e-001
 4.7563726e-001
 4.7605556e-001
 4.7665799e-001
 4.7732893e-001
 4.7770056e-001
 4.7823238e-001
 4.7882706e-001
 4.7931704e-001
 4.7975844e-001
 4.8027018e-001
 4.8082381e-001
 4.8132104e-001
 4.8174432e-001
 4.8229331e-001
 4.8274201e-001
 4.8304066e-001
 4.8339495e-001
 4.8380640e-001
 4.8422745e-001
 4.8459196e-001
 4.8487529e-001
 4.8516563e-001
 4.8555639e-001
 4.8599789e-001
 4.8638737e-001
 4.8675027e-001
 4.8707354e-001
 4.8735198e-001
 4.8758733e-001
 4.8782906e-001
 4.8814815e-001
 4.8839006e-001
 4.8856989e-001
 4.8886046e-001
 4.8896247e-001
 4.8926008e-001
 4.8965314e-001
 4.8973748e-001
 4.9001247e-001
 4.9035752e-001
 4.9073753e-001
 4.9111050e-001
 4.9138695e-001
 4.9172238e-001
 4.9212438e-001
 4.9244261e-001
 4.9266142e-001
 4.9305457e-001
 4.9340698e-001
 4.9371392e-001
 4.9400669e-001
 4.9428505e-001
 4.9455094e-001
 4.9480805e-001
 4.9506170e-001
 4.9531874e-001
 4.9558687e-001
 4.9587440e-001
 4.9618933e-001
 4.9653813e-001
 4.9692482e-001
 4.9734986e-001
 4.9781016e-001
 4.9829978e-001
 4.9881074e-001
 4.9933439e-001
 4.9986193e-001
 5.0038481e-001
 5.0089526e-001
 5.0138605e-001
 5.0185180e-001
 5.0228924e-001
 5.0269854e-001
 5.0308341e-001
 5.0345057e-001
 5.0380909e-001
 5.0416940e-001
 5.0454223e-001
 5.0493824e-001
 5.0536746e-001
 5.0583887e-001
 5.0635958e-001
 5.0693452e-001
 5.0756550e-001
 5.0825095e-001
 5.0898594e-001
 5.0976282e-001
 5.1057166e-001
 5.1140213e-001
 5.1224315e-001
 5.1308435e-001
 5.1391637e-001
 5.1473027e-001
 5.1551831e-001
 5.1627326e-001
 5.1698899e-001
 5.1766068e-001
 5.1828516e-001
 5.1886219e-001
 5.1939398e-001
 5.1988566e-001
 5.2034473e-001
 5.2077967e-001
 5.2119958e-001
 5.2161288e-001
 5.2202708e-001
 5.2244860e-001
 5.2288193e-001
 5.2332985e-001
 5.2379280e-001
 5.2426887e-001
 5.2475387e-001
 5.2524197e-001
 5.2572656e-001
 5.2620131e-001
 5.2666056e-001
 5.2710015e-001
 5.2751678e-001
 5.2790755e-001
 5.2826965e-001
 5.2859962e-001
 5.2889389e-001
 5.2914929e-001
 5.2936357e-001
 5.2953607e-001
 5.2966762e-001
 5.2975982e-001
 5.2981406e-001
 5.2983105e-001
 5.2980989e-001
 5.2974832e-001
 5.2964306e-001
 5.2948999e-001
 5.2928478e-001
 5.2902257e-001
 5.2869833e-001
 5.2830684e-001
 5.2784252e-001
 5.2730036e-001
 5.2667570e-001
 5.2596527e-001
 5.2516735e-001
 5.2428126e-001
 5.2330792e-001
 5.2224863e-001
 5.2110469e-001
 5.1987612e-001
 5.1855975e-001
 5.1714855e-001
 5.1562858e-001
 5.1397872e-001
 5.1216948e-001
 5.1016206e-001
 5.0791115e-001
 5.0536478e-001
 5.0246829e-001
 4.9916577e-001
 4.9540156e-001
 4.9112540e-001
 4.8629209e-001
 4.8086882e-001
 4.7483814e-001
 4.6819949e-001
 4.6097597e-001
 4.5321283e-001
 4.4497141e-001
 4.3633035e-001
 4.2737007e-001
 4.1817239e-001
 4.0881106e-001
 3.9934507e-001
 3.8982642e-001
 3.8029420e-001
 3.7078673e-001
 3.6134267e-001
 3.5200009e-001
 3.4280425e-001
 3.3379626e-001
 3.2501650e-001
 3.1649709e-001
 3.0825609e-001
 3.0030459e-001
 2.9264191e-001
 2.8526813e-001
 2.7818915e-001
 2.7142251e-001
 2.6501018e-001
 2.5902075e-001
 2.5354898e-001
 2.4871740e-001
 2.4466319e-001
 2.4153069e-001
 2.3945525e-001
 2.3854944e-001
 2.3889324e-001
 2.4052687e-001
 2.4344958e-001
 2.4762310e-001
 2.5298160e-001
 2.5943756e-001
 2.6689607e-001
 2.7525705e-001
 2.8442049e-001
 2.9428986e-001
 3.0476072e-001
 3.1572524e-001
 3.2705924e-001
 3.3862394e-001
 3.5027179e-001
 3.6184198e-001
 3.7317923e-001
 3.8413337e-001
 3.9457315e-001
 4.0439782e-001
 4.1353545e-001
 4.2195040e-001
 4.2964581e-001
 4.3665344e-001
 4.4303498e-001
 4.4886717e-001
 4.5423490e-001
 4.5922270e-001
 4.6390194e-001
 4.6832958e-001
 4.7254169e-001
 4.7655618e-001
 4.8037788e-001
 4.8400083e-001
 4.8741785e-001
 4.9062243e-001
 4.9361363e-001
 4.9639836e-001
 4.9898833e-001
 5.0140089e-001
 5.0365400e-001
 5.0576484e-001
 5.0774896e-001
 5.0961781e-001
 5.1138067e-001
 5.1304603e-001
 5.1462150e-001
 5.1611608e-001
 5.1753849e-001
 5.1889706e-001
 5.2019924e-001
 5.2145004e-001
 5.2265275e-001
 5.2380878e-001
 5.2491909e-001
 5.2598578e-001
 5.2701181e-001
 5.2800286e-001
 5.2896547e-001
 5.2990675e-001
 5.3083336e-001
 5.3174913e-001
 5.3265554e-001
 5.3355044e-001
 5.3442931e-001
 5.3528625e-001
 5.3611469e-001
 5.3690922e-001
 5.3766644e-001
 5.3838497e-001
 5.3906608e-001
 5.3971243e-001
 5.4032809e-001
 5.4091787e-001
 5.4148620e-001
 5.4203707e-001
 5.4257286e-001
 5.4309452e-001
 5.4360121e-001
 5.4409081e-001
 5.4456079e-001
 5.4500949e-001
 5.4543668e-001
 5.4584485e-001
 5.4623884e-001
 5.4662520e-001
 5.4701161e-001
 5.4740548e-001
 5.4781318e-001
 5.4823899e-001
 5.4868513e-001
 5.4915076e-001
 5.4963255e-001
 5.5012494e-001
 5.5062068e-001
 5.5111170e-001
 5.5159026e-001
 5.5204904e-001
 5.5248225e-001
 5.5288535e-001
 5.5325544e-001
 5.5359155e-001
 5.5389446e-001
 5.5416691e-001
 5.5441266e-001
 5.5463612e-001
 5.5484116e-001
 5.5503058e-001
 5.5520594e-001
 5.5536741e-001
 5.5551416e-001
 5.5564451e-001
 5.5575633e-001
 5.5584723e-001
 5.5591470e-001
 5.5595684e-001
 5.5597264e-001
 5.5596232e-001
 5.5592757e-001
 5.5587107e-001
 5.5579591e-001
 5.5570549e-001
 5.5560267e-001
 5.5549037e-001
 5.5537140e-001
 5.5524892e-001
 5.5512655e-001
 5.5500811e-001
 5.5489719e-001
 5.5479628e-001
 5.5470693e-001
 5.5462867e-001
 5.5455959e-001
 5.5449545e-001
 5.5442977e-001
 5.5435312e-001
 5.5425316e-001
 5.5411476e-001
 5.5392116e-001
 5.5365568e-001
 5.5330402e-001
 5.5285633e-001
 5.5230927e-001
 5.5166686e-001
 5.5093956e-001
 5.5014318e-001
 5.4929549e-001
 5.4841250e-001
 5.4750550e-001
 5.4657787e-001
 5.4562491e-001
 5.4463470e-001
 5.4359102e-001
 5.4247862e-001
 5.4128689e-001
 5.4001480e-001
 5.3867280e-001
 5.3728211e-001
 5.3587347e-001
 5.3448123e-001
 5.3313929e-001
 5.3187466e-001
 5.3070247e-001
 5.2962363e-001
 5.2862227e-001
 5.2766842e-001
 5.2672070e-001
 5.2573198e-001
 5.2465671e-001
 5.2345741e-001
 5.2210963e-001
 5.2060604e-001
 5.1895547e-001
 5.1718098e-001
 5.1531351e-001
 5.1338404e-001
 5.1141787e-001
 5.0942707e-001
 5.0740916e-001
 5.0534809e-001
 5.0321823e-001
 5.0099444e-001
 4.9865904e-001
 4.9621177e-001
 4.9367368e-001
 4.9108633e-001
 4.8850897e-001
 4.8600787e-001
 4.8364836e-001
 4.8148409e-001
 4.7954917e-001
 4.7785583e-001
 4.7639292e-001
 4.7512770e-001
 4.7401088e-001
 4.7298029e-001
 4.7196686e-001
 4.7089985e-001
 4.6971244e-001
 4.6834889e-001
 4.6676987e-001
 4.6495914e-001
 4.6292648e-001
 4.6070722e-001
 4.5836011e-001
 4.5595703e-001
 4.5357367e-001
 4.5127571e-001
 4.4910619e-001
 4.4707897e-001
 4.4517389e-001
 4.4334224e-001
 4.4151613e-001
 4.3962240e-001
 4.3760061e-001
 4.3541622e-001
 4.3307313e-001
 4.3061766e-001
 4.2813489e-001
 4.2574140e-001
 4.2356965e-001
 4.2174944e-001
 4.2039138e-001
 4.1956830e-001
 4.1930410e-001
 4.1956633e-001
 4.2026719e-001
 4.2127144e-001
 4.2241210e-001
 4.2350969e-001
 4.2439497e-001
 4.2492989e-001
 4.2502326e-001
 4.2464000e-001
 4.2380121e-001
 4.2257631e-001
 4.2106757e-001
 4.1939285e-001
 4.1766512e-001
 4.1597727e-001
 4.1439000e-001
 4.1292566e-001
 4.1157076e-001
 4.1028291e-001
 4.0900236e-001
 4.0766791e-001
 4.0622982e-001
 4.0466225e-001
 4.0296882e-001
 4.0118125e-001
 3.9935404e-001
 3.9755106e-001
 3.9583316e-001
 3.9424449e-001
 3.9280239e-001
 3.9149481e-001
 3.9028111e-001
 3.8910165e-001
 3.8788962e-001
 3.8658482e-001
 3.8514766e-001
 3.8356772e-001
 3.8186878e-001
 3.8010657e-001
 3.7836048e-001
 3.7672335e-001
 3.7528586e-001
 3.7412477e-001
 3.7329113e-001
 3.7280372e-001
 3.7264818e-001
 3.7278038e-001
 3.7313455e-001
 3.7363371e-001
 3.7420100e-001
 3.7476912e-001
 3.7528703e-001
 3.7572300e-001
 3.7606320e-001
 3.7630785e-001
 3.7646490e-001
 3.7654379e-001
 3.7654963e-001
 3.7647983e-001
 3.7632295e-001
 3.7606040e-001
 3.7567011e-001
 3.7513161e-001
 3.7443155e-001
 3.7356767e-001
 3.7255213e-001
 3.7141189e-001
 3.7018701e-001
 3.6892864e-001
 3.6769509e-001
 3.6654788e-001
 3.6554977e-001
 3.6476126e-001
 3.6423939e-001
 3.6403534e-001
 3.6419213e-001
 3.6474195e-001
 3.6570305e-001
 3.6707634e-001
 3.6884302e-001
 3.7096456e-001
 3.7338269e-001
 3.7602544e-001
 3.7881172e-001
 3.8166034e-001
 3.8449997e-001
 3.8727456e-001
 3.8995174e-001
 3.9252254e-001
 3.9500129e-001
 3.9742160e-001
 3.9982745e-001
 4.0226582e-001
 4.0477958e-001
 4.0739897e-001
 4.1013971e-001
 4.1299927e-001
 4.1595852e-001
 4.1898569e-001
 4.2203778e-001
 4.2506826e-001
 4.2802909e-001
 4.3087614e-001
 4.3357384e-001
 4.3609592e-001
 4.3843055e-001
 4.4057962e-001
 4.4256079e-001
 4.4440699e-001
 4.4616237e-001
 4.4787961e-001
 4.4961241e-001
 4.5140934e-001
 4.5330784e-001
 4.5532697e-001
 4.5746559e-001
 4.5969909e-001
 4.6198130e-001
 4.6424901e-001
 4.6642628e-001
 4.6843311e-001
 4.7019506e-001
 4.7165084e-001
 4.7276223e-001
 4.7351903e-001
 4.7394294e-001
 4.7408700e-001
 4.7403082e-001
 4.7387278e-001
 4.7371957e-001
 4.7367465e-001
 4.7382733e-001
 4.7424376e-001
 4.7496155e-001
 4.7598767e-001
 4.7730017e-001
 4.7885355e-001
 4.8058432e-001
 4.8241976e-001
 4.8428419e-001
 4.8610625e-001
 4.8782504e-001
 4.8939294e-001
 4.9077854e-001
 4.9196765e-001
 4.9296120e-001
 4.9377429e-001
 4.9443245e-001
 4.9496868e-001
 4.9542022e-001
 4.9582464e-001
 4.9621719e-001
 4.9662769e-001
 4.9707875e-001
 4.9758461e-001
 4.9815035e-001
 4.9877319e-001
 4.9944320e-001
 5.0014573e-001
 5.0086409e-001
 5.0158155e-001
 5.0228429e-001
 5.0296235e-001
 5.0361079e-001
 5.0422943e-001
 5.0482142e-001
 5.0539237e-001
 5.0594771e-001
 5.0649172e-001
 5.0702596e-001
 5.0754827e-001
 5.0805283e-001
 5.0853080e-001
 5.0897068e-001
 5.0936037e-001
 5.0968790e-001
 5.0994325e-001
 5.1011944e-001
 5.1021349e-001
 5.1022696e-001
 5.1016623e-001
 5.1004195e-001
 5.0986814e-001
 5.0966138e-001
 5.0943893e-001
 5.0921744e-001
 5.0901115e-001
 5.0883043e-001
 5.0868046e-001
 5.0856024e-001
 5.0846225e-001
 5.0837231e-001
 5.0827098e-001
 5.0813490e-001
 5.0793999e-001
 5.0766349e-001
 5.0728732e-001
 5.0679970e-001
 5.0619650e-001
 5.0548065e-001
 5.0466096e-001
 5.0375009e-001
 5.0276089e-001
 5.0170434e-001
 5.0058609e-001
 4.9940309e-001
 4.9814239e-001
 4.9677828e-001
 4.9527231e-001
 4.9357340e-001
 4.9161869e-001
 4.8933828e-001
 4.8665825e-001
 4.8350874e-001
 4.7983104e-001
 4.7558373e-001
 4.7075236e-001
 4.6535313e-001
 4.5943192e-001
 4.5306572e-001
 4.4634989e-001
 4.3939319e-001
 4.3230543e-001
 4.2518643e-001
 4.1812795e-001
 4.1120821e-001
 4.0450320e-001
 3.9809141e-001
 3.9205751e-001
 3.8649842e-001
 3.8151100e-001
 3.7718266e-001
 3.7356904e-001
 3.7067246e-001
 3.6842754e-001
 3.6669075e-001
 3.6524665e-001
 3.6382374e-001
 3.6212131e-001
 3.5984337e-001
 3.5672960e-001
 3.5258451e-001
 3.4729487e-001
 3.4083357e-001
 3.3325851e-001
 3.2469699e-001
 3.1532207e-001
 3.0533737e-001
 2.9494640e-001
 2.8434181e-001
 2.7368772e-001
 2.6310673e-001
 2.5268522e-001
 2.4246468e-001
 2.3245561e-001
 2.2264162e-001
 2.1298511e-001
 2.0344484e-001
 1.9397549e-001
 1.8454382e-001
 1.7513242e-001
 1.6574296e-001
 1.5640923e-001
 1.4719142e-001
 1.3818382e-001
 1.2950669e-001
 1.2129344e-001
 1.1368204e-001
 1.0679384e-001
 1.0071331e-001
 9.5478438e-002
 9.1065824e-002
 8.7393954e-002
 8.4327810e-002
 8.1692204e-002
 7.9293102e-002
 7.6935999e-002
 7.4447982e-002
 7.1693689e-002
 6.8585828e-002
 6.5093078e-002
 6.1236408e-002
 5.7085395e-002
 5.2745994e-002
 4.8344389e-002
 4.4014886e-002
 3.9880689e-002
 3.6045056e-002
 3.2581307e-002
 2.9528385e-002
 2.6895162e-002
 2.4663046e-002
 2.2796338e-002
 2.1249933e-002
 1.9977000e-002
 1.8936085e-002
 1.8093724e-002
 1.7424749e-002
 1.6911114e-002
 1.6538009e-002
 1.6290808e-002
 1.6151985e-002
 1.6099742e-002
 1.6108392e-002
 1.6150109e-002
 1.6197745e-002
 1.6227942e-002
 1.6223967e-002
 1.6177671e-002
 1.6090352e-002
 1.5972359e-002
 1.5841443e-002
 1.5720034e-002
 1.5632091e-002
 1.5599695e-002
 1.5640317e-002
 1.5764898e-002
 1.5977276e-002
 1.6274676e-002
 1.6649328e-002
 1.7091095e-002
 1.7590048e-002
 1.8139960e-002
 1.8740870e-002
 1.9401768e-002
 2.0142721e-002
 2.0995146e-002
 2.2002058e-002
 2.3215316e-002
 2.4691962e-002
 2.6489323e-002
 2.8656825e-002
 3.1230247e-002
 3.4222763e-002
 3.7619520e-002
 4.1375220e-002
 4.5410279e-002
 4.9616780e-002
 5.3861167e-002
 5.7994962e-002
 6.1868239e-002
 6.5340415e-002
 6.8296164e-002
 7.0659570e-002
 7.2402738e-002
 7.3555149e-002
 7.4204221e-002
 7.4492551e-002
 7.4608035e-002
 7.4768133e-002
 7.5200036e-002
 7.6117955e-002
 7.7700481e-002
 8.0072023e-002
 8.3287820e-002
 8.7330781e-002
 9.2112549e-002
 9.7486436e-002
 1.0326874e-001
 1.0925720e-001
 1.1526011e-001
 1.2111248e-001
 1.2669386e-001
 1.3193861e-001
 1.3683173e-001
 1.4140703e-001
 1.4573021e-001
 1.4988466e-001
 1.5395558e-001
 1.5801156e-001
 1.6209404e-001
 1.6621177e-001
 1.7033592e-001
 1.7440753e-001
 1.7834187e-001
 1.8204024e-001
 1.8540241e-001
 1.8833448e-001
 1.9076191e-001
 1.9263521e-001
 1.9393770e-001
 1.9469018e-001
 1.9495142e-001
 1.9481689e-001
 1.9441204e-001
 1.9388217e-001
 1.9337822e-001
 1.9304165e-001
 1.9298866e-001
 1.9329797e-001
 1.9400293e-001
 1.9509065e-001
 1.9650713e-001
 1.9816856e-001
 1.9997732e-001
 2.0183636e-001
 2.0366468e-001
 2.0540491e-001
 2.0702738e-001
 2.0852800e-001
 2.0991971e-001
 2.1122448e-001
 2.1246281e-001
 2.1364728e-001
 2.1477976e-001
 2.1585105e-001
 2.1684562e-001
 2.1774586e-001
 2.1853743e-001
 2.1921283e-001
 2.1977182e-001
 2.2022125e-001
 2.2057259e-001
 2.2084042e-001
 2.2104201e-001
 2.2119839e-001
 2.2133753e-001
 2.2149749e-001
 2.2172886e-001
 2.2209480e-001
 2.2266743e-001
 2.2352107e-001
 2.2472361e-001
 2.2632569e-001
 2.2835299e-001
 2.3079868e-001
 2.3362079e-001
 2.3674458e-001
 2.4006456e-001
 2.4354945e-001
 2.4708116e-001
 2.5039014e-001
 2.5332871e-001
 2.5576448e-001
 2.5759092e-001
 2.5873184e-001
 2.5914884e-001
 2.5884613e-001
 2.5787386e-001
 2.5632870e-001
 2.5435242e-001
 2.5212553e-001
 2.4985619e-001
 2.4776682e-001
 2.4607478e-001
 2.4497086e-001
 2.4459994e-001
 2.4504283e-001
 2.4630600e-001
 2.4831913e-001
 2.5094384e-001
 2.5398824e-001
 2.5723177e-001
 2.6044813e-001
 2.6342872e-001
 2.6599991e-001
 2.6802790e-001
 2.6942059e-001
 2.7012178e-001
 2.7010950e-001
 2.6939672e-001
 2.6803547e-001
 2.6612049e-001
 2.6379171e-001
 2.6123139e-001
 2.5865474e-001
 2.5629741e-001
 2.5439358e-001
 2.5315088e-001
 2.5272793e-001
 2.5321481e-001
 2.5462461e-001
 2.5689384e-001
 2.5989413e-001
 2.6344720e-001
 2.6734805e-001
 2.7138206e-001
 2.7534208e-001
 2.7904075e-001
 2.8231335e-001
 2.8502506e-001
 2.8707227e-001
 2.8838888e-001
 2.8895146e-001
 2.8878146e-001
 2.8794497e-001
 2.8654692e-001
 2.8472200e-001
 2.8262204e-001
 2.8040576e-001
 2.7822578e-001
 2.7622029e-001
 2.7450287e-001
 2.7315369e-001
 2.7221429e-001
 2.7168351e-001
 2.7151886e-001
 2.7164361e-001
 2.7195784e-001
 2.7235240e-001
 2.7272215e-001
 2.7297607e-001
 2.7304143e-001
 2.7286389e-001
 2.7240393e-001
 2.7163157e-001
 2.7052000e-001
 2.6904038e-001
 2.6715580e-001
 2.6482081e-001
 2.6198301e-001
 2.5858828e-001
 2.5459307e-001
 2.4997224e-001
 2.4473259e-001
 2.3891991e-001
 2.3262097e-001
 2.2596675e-001
 2.1912327e-001
 2.1227485e-001
 2.0561066e-001
 1.9929786e-001
 1.9346946e-001
 1.8821034e-001
 1.8355171e-001
 1.7947838e-001
 1.7593215e-001
 1.7282666e-001
 1.7005859e-001
 1.6752054e-001
 1.6511604e-001
 1.6276729e-001
 1.6042352e-001
 1.5806170e-001
 1.5568329e-001
 1.5331033e-001
 1.5097551e-001
 1.4871602e-001
 1.4656544e-001
 1.4454807e-001
 1.4267835e-001
 1.4095907e-001
 1.3938463e-001
 1.3794269e-001
 1.3661626e-001
 1.3538718e-001
 1.3423769e-001
 1.3315174e-001
 1.3211694e-001
 1.3112433e-001
 1.3016996e-001
 1.2925576e-001
 1.2839048e-001
 1.2759078e-001
 1.2687886e-001
 1.2627958e-001
 1.2581557e-001
 1.2550288e-001
 1.2534912e-001
 1.2535273e-001
 1.2550411e-001
 1.2578690e-001
 1.2617944e-001
 1.2665652e-001
 1.2719245e-001
 1.2776418e-001
 1.2835462e-001
 1.2895525e-001
 1.2956624e-001
 1.3019612e-001
 1.3086027e-001
 1.3157833e-001
 1.3237259e-001
 1.3326544e-001
 1.3427745e-001
 1.3542609e-001
 1.3672325e-001
 1.3817546e-001
 1.3978259e-001
 1.4153919e-001
 1.4343667e-001
 1.4546378e-001
 1.4761001e-001
 1.4986476e-001
 1.5221798e-001
 1.5466020e-001
 1.5717936e-001
 1.5976214e-001
 1.6239148e-001
 1.6504768e-001
 1.6771014e-001
 1.7035680e-001
 1.7296623e-001
 1.7552003e-001
 1.7800237e-001
 1.8040402e-001
 1.8272164e-001
 1.8495931e-001
 1.8712808e-001
 1.8924177e-001
 1.9131522e-001
 1.9335860e-001
 1.9537489e-001
 1.9735876e-001
 1.9929494e-001
 2.0116194e-001
 2.0293345e-001
 2.0458260e-001
 2.0608537e-001
 2.0742100e-001
 2.0857458e-001
 2.0953663e-001
 2.1030499e-001
 2.1088640e-001
 2.1129690e-001
 2.1156196e-001
 2.1171443e-001
 2.1179235e-001
 2.1183696e-001
 2.1189122e-001
 2.1199831e-001
 2.1219867e-001
 2.1252526e-001
 2.1299858e-001
 2.1362321e-001
 2.1438865e-001
 2.1527441e-001
 2.1625599e-001
 2.1731146e-001
 2.1842331e-001
 2.1957971e-001
 2.2077148e-001
 2.2199284e-001
 2.2324033e-001
 2.2451210e-001
 2.2580953e-001
 2.2713523e-001
 2.2849210e-001
 2.2988053e-001
 2.3129904e-001
 2.3274250e-001
 2.3420085e-001
 2.3566119e-001
 2.3710755e-001
 2.3852104e-001
 2.3988368e-001
 2.4117859e-001
 2.4239178e-001
 2.4351178e-001
 2.4453133e-001
 2.4544641e-001
 2.4625546e-001
 2.4696033e-001
 2.4756491e-001
 2.4807382e-001
 2.4849206e-001
 2.4882396e-001
 2.4907386e-001
 2.4924935e-001
 2.4936496e-001
 2.4944602e-001
 2.4953012e-001
 2.4966499e-001
 2.4990292e-001
 2.5029296e-001
 2.5087380e-001
 2.5166795e-001
 2.5267705e-001
 2.5388175e-001
 2.5524217e-001
 2.5670239e-001
 2.5819492e-001
 2.5964966e-001
 2.6099852e-001
 2.6217833e-001
 2.6313522e-001
 2.6382476e-001
 2.6421365e-001
 2.6428241e-001
 2.6402578e-001
 2.6345289e-001
 2.6258466e-001
 2.6145017e-001
 2.6008245e-001
 2.5851700e-001
 2.5678852e-001
 2.5493231e-001
 2.5298712e-001
 2.5099373e-001
 2.4899647e-001
 2.4704330e-001
 2.4518079e-001
 2.4345322e-001
 2.4189910e-001
 2.4055028e-001
 2.3942757e-001
 2.3854010e-001
 2.3788422e-001
 2.3744184e-001
 2.3718263e-001
 2.3706713e-001
 2.3705061e-001
 2.3708759e-001
 2.3713531e-001
 2.3715620e-001
 2.3711997e-001
 2.3700550e-001
 2.3680289e-001
 2.3651446e-001
 2.3615392e-001
 2.3574278e-001
 2.3530358e-001
 2.3485254e-001
 2.3439366e-001
 2.3391442e-001
 2.3338604e-001
 2.3276556e-001
 2.3200086e-001
 2.3103510e-001
 2.2981296e-001
 2.2828740e-001
 2.2642200e-001
 2.2419290e-001
 2.2158906e-001
 2.1860552e-001
 2.1524157e-001
 2.1149714e-001
 2.0737672e-001
 2.0288651e-001
 1.9804037e-001
 1.9286676e-001
 1.8740289e-001
 1.8169557e-001
 1.7579989e-001
 1.6976275e-001
 1.6361745e-001
 1.5738066e-001
 1.5103991e-001
 1.4456171e-001
 1.3789678e-001
 1.3099997e-001
 1.2383667e-001
 1.1640250e-001
 1.0873977e-001
 1.0093158e-001
 9.3104348e-002
 8.5424267e-002
 7.8071691e-002
 7.1231186e-002
 6.5070249e-002
 5.9728578e-002
 5.5296343e-002
 5.1811598e-002
 4.9259599e-002
 4.7571436e-002
 4.6636112e-002
 4.6312481e-002
 4.6441283e-002
 4.6858445e-002
 4.7403548e-002
 4.7926813e-002
 4.8293136e-002
 4.8386246e-002
 4.8113316e-002
 4.7410201e-002
 4.6245255e-002
 4.4623081e-002
 4.2582359e-002
 4.0192459e-002
 3.7548553e-002
 3.4758683e-002
 3.1935267e-002
 2.9183468e-002
 2.6595086e-002
 2.4238447e-002
 2.2157580e-002
 2.0373536e-002
 1.8884253e-002
 1.7671214e-002
 1.6705763e-002
 1.5952718e-002
 1.5375656e-002
 1.4939842e-002
 1.4613156e-002
 1.4367854e-002
 1.4181311e-002
 1.4036838e-002
 1.3923528e-002
 1.3835694e-002
 1.3771296e-002
 1.3729716e-002
 1.3709974e-002
 1.3709740e-002
 1.3725416e-002
 1.3752960e-002
 1.3788539e-002
 1.3828510e-002
 1.3868954e-002
 1.3905312e-002
 1.3932911e-002
 1.3948455e-002
 1.3951585e-002
 1.3945536e-002
 1.3936242e-002
 1.3930131e-002
 1.3931610e-002
 1.3941311e-002
 1.3955841e-002
 1.3969110e-002
 1.3974799e-002
 1.3969162e-002
 1.3953033e-002
 1.3932229e-002
 1.3916016e-002
 1.3914444e-002
 1.3935798e-002
 1.3985313e-002
 1.4065464e-002
 1.4177200e-002
 1.4320880e-002
 1.4496511e-002
 1.4702635e-002
 1.4934445e-002
 1.5182658e-002
 1.5433115e-002
 1.5667856e-002
 1.5867969e-002
 1.6016209e-002
 1.6099501e-002
 1.6110485e-002
 1.6048459e-002
 1.5919402e-002
 1.5735542e-002
 1.5513658e-002
 1.5272724e-002
 1.5031336e-002
 1.4804872e-002
 1.4604080e-002
 1.4434621e-002
 1.4297054e-002
 1.4187975e-002
 1.4101446e-002
 1.4030999e-002
 1.3971434e-002
 1.3920190e-002
 1.3877504e-002
 1.3845326e-002
 1.3825727e-002
 1.3819443e-002
 1.3825150e-002
 1.3839616e-002
 1.3858392e-002
 1.3876667e-002
 1.3890128e-002
 1.3895670e-002
 1.3892032e-002
 1.3880198e-002
 1.3863318e-002
 1.3845967e-002
 1.3832656e-002
 1.3826046e-002
 1.3825575e-002
 1.3827198e-002
 1.3824655e-002
 1.3811829e-002
 1.3785269e-002
 1.3745707e-002
 1.3697924e-002
 1.3649076e-002
 1.3606102e-002
 1.3573586e-002
 1.3552886e-002
 1.3542739e-002
 1.3540867e-002
 1.3545364e-002
 1.3555061e-002
 1.3568923e-002
 1.3585206e-002
 1.3601223e-002
 1.3613958e-002
 1.3620985e-002
 1.3621096e-002
 1.3614383e-002
 1.3601940e-002
 1.3585560e-002
 1.3567417e-002
 1.3549623e-002
 1.3533507e-002
 1.3518958e-002
 1.3504386e-002
 1.3487791e-002
 1.3468636e-002
 1.3449435e-002
 1.3435972e-002
 1.3435683e-002
 1.3454951e-002
 1.3496838e-002
 1.3560497e-002
 1.3642466e-002
 1.3739275e-002
 1.3849834e-002
 1.3976483e-002
 1.4124555e-002
 1.4300263e-002
 1.4507922e-002
 1.4748078e-002
 1.5016614e-002
 1.5305276e-002
 1.5603924e-002
 1.5902465e-002
 1.6192764e-002
 1.6469317e-002
 1.6729744e-002
 1.6974086e-002
 1.7204005e-002
 1.7422795e-002
 1.7635252e-002
 1.7847719e-002
 1.8068168e-002
 1.8304855e-002
 1.8564450e-002
 1.8849779e-002
 1.9159228e-002
 1.9487150e-002
 1.9825166e-002
 2.0163868e-002
 2.0492690e-002
 2.0799026e-002
 2.1068715e-002
 2.1287354e-002
 2.1443063e-002
 2.1529380e-002
 2.1545779e-002
 2.1496359e-002
 2.1387300e-002
 2.1224340e-002
 2.1011371e-002
 2.0750497e-002
 2.0442599e-002
 2.0088803e-002
 1.9692250e-002
 1.9258710e-002
 1.8797485e-002
 1.8321106e-002
 1.7845010e-002
 1.7385520e-002
 1.6958578e-002
 1.6578546e-002
 1.6256543e-002
 1.6000113e-002
 1.5812445e-002
 1.5690511e-002
 1.5623658e-002
 1.5593148e-002
 1.5574666e-002
 1.5543885e-002
 1.5483255e-002
 1.5386679e-002
 1.5259372e-002
 1.5113280e-002
 1.4960960e-002
 1.4810997e-002
 1.4667511e-002
 1.4532590e-002
 1.4408878e-002
 1.4300757e-002
 1.4213217e-002
 1.4150009e-002
 1.4112514e-002
 1.4100539e-002
 1.4113996e-002
 1.4154120e-002
 1.4223165e-002
 1.4322415e-002
 1.4449747e-002
 1.4597638e-002
 1.4752842e-002
 1.4897937e-002
 1.5015141e-002
 1.5090734e-002
 1.5118683e-002
 1.5101696e-002
 1.5048772e-002
 1.4971011e-002
 1.4877761e-002
 1.4775104e-002
 1.4666700e-002
 1.4555408e-002
 1.4444802e-002
 1.4339468e-002
 1.4244281e-002
 1.4162512e-002
 1.4093872e-002
 1.4033274e-002
 1.3971403e-002
 1.3897792e-002
 1.3805367e-002
 1.3694397e-002
 1.3574110e-002
 1.3460578e-002
 1.3371527e-002
 1.3319593e-002
 1.3307485e-002
 1.3326944e-002
 1.3362091e-002
 1.3395249e-002
 1.3412237e-002
 1.3405321e-002
 1.3373685e-002
 1.3322920e-002
 1.3264248e-002
 1.3213288e-002
 1.3187322e-002
 1.3200928e-002
 1.3261066e-002
 1.3363852e-002
 1.3494472e-002
 1.3631096e-002
 1.3751050e-002
 1.3837100e-002
 1.3881726e-002
 1.3887549e-002
 1.3864615e-002
 1.3826034e-002
 1.3783870e-002
 1.3746818e-002
 1.3719912e-002
 1.3705465e-002
 1.3704317e-002
 1.3716459e-002
 1.3741022e-002
 1.3776041e-002
 1.3818459e-002
 1.3864539e-002
 1.3910157e-002
 1.3950675e-002
 1.3980447e-002
 1.3992987e-002
 1.3982578e-002
 1.3947547e-002
 1.3893399e-002
 1.3833234e-002
 1.3783951e-002
 1.3759182e-002
 1.3762975e-002
 1.3787865e-002
 1.3818540e-002
 1.3838740e-002
 1.3836942e-002
 1.3807936e-002
 1.3750693e-002
 1.3665661e-002
 1.3554726e-002
 1.3423783e-002
 1.3285470e-002
 1.3158573e-002
 1.3062835e-002
 1.3012487e-002
 1.3012008e-002
 1.3056536e-002
 1.3135974e-002
 1.3240027e-002
 1.3361592e-002
 1.3498059e-002
 1.3650248e-002
 1.3819568e-002
 1.4004303e-002
 1.4195587e-002
 1.4375748e-002
 1.4520759e-002
 1.4607817e-002
 1.4624523e-002
 1.4575277e-002
 1.4480263e-002
 1.4366542e-002
 1.4256151e-002
 1.4157691e-002
 1.4066724e-002
 1.3974031e-002
 1.3876666e-002
 1.3784796e-002
 1.3720494e-002
 1.3708604e-002
 1.3764061e-002
 1.3882229e-002
 1.4036591e-002
 1.4185484e-002
 1.4284501e-002
 1.4299829e-002
 1.4217939e-002
 1.4048413e-002
 1.3820244e-002
 1.3573890e-002
 1.3351250e-002
 1.3187109e-002
 1.3102480e-002
 1.3099859e-002
 1.3161866e-002
 1.3253863e-002
 1.3331764e-002
 1.3352873e-002
 1.3286275e-002
 1.3119857e-002
 1.2863612e-002
 1.2551335e-002
 1.2241528e-002
 1.2013318e-002
 1.1954490e-002
 1.2139582e-002
 1.2604406e-002
 1.3328658e-002
 1.4234770e-002
 1.5207606e-002
 1.6123418e-002
 1.6878080e-002
 1.7403342e-002
 1.7672082e-002
 1.7692694e-002
 1.7499857e-002
 1.7143022e-002
 1.6675327e-002
 1.6147604e-002
 1.5607229e-002
 1.5100189e-002
 1.4668083e-002
 1.4340216e-002
 1.4125625e-002
 1.4013581e-002
-1.2300000e+034
