s07_ASD Record=6755: Lepidolite NMNH88526-1        BECKa AREF
 3.4223953e-001
 3.4620705e-001
 3.5010305e-001
 3.5391065e-001
 3.5761723e-001
 3.6122045e-001
 3.6472729e-001
 3.6814690e-001
 3.7148550e-001
 3.7474367e-001
 3.7791759e-001
 3.8100076e-001
 3.8398632e-001
 3.8686764e-001
 3.8964081e-001
 3.9230651e-001
 3.9486879e-001
 3.9733303e-001
 3.9970368e-001
 4.0198392e-001
 4.0417513e-001
 4.0627751e-001
 4.0829179e-001
 4.1021994e-001
 4.1206586e-001
 4.1383383e-001
 4.1552752e-001
 4.1714683e-001
 4.1868609e-001
 4.2013484e-001
 4.2148089e-001
 4.2271319e-001
 4.2382139e-001
 4.2479318e-001
 4.2562017e-001
 4.2630658e-001
 4.2686725e-001
 4.2732149e-001
 4.2768800e-001
 4.2797849e-001
 4.2819443e-001
 4.2832905e-001
 4.2837313e-001
 4.2832160e-001
 4.2817649e-001
 4.2794609e-001
 4.2764094e-001
 4.2726967e-001
 4.2683598e-001
 4.2633829e-001
 4.2577153e-001
 4.2513108e-001
 4.2441636e-001
 4.2363271e-001
 4.2278841e-001
 4.2188933e-001
 4.2093405e-001
 4.1991499e-001
 4.1882083e-001
 4.1762874e-001
 4.1633427e-001
 4.1498309e-001
 4.1360512e-001
 4.1222537e-001
 4.1088036e-001
 4.0958729e-001
 4.0833417e-001
 4.0710288e-001
 4.0588179e-001
 4.0467048e-001
 4.0347981e-001
 4.0232667e-001
 4.0122873e-001
 4.0020257e-001
 3.9926389e-001
 3.9842507e-001
 3.9769173e-001
 3.9705977e-001
 3.9651677e-001
 3.9604637e-001
 3.9563257e-001
 3.9526191e-001
 3.9492348e-001
 3.9460856e-001
 3.9431185e-001
 3.9403340e-001
 3.9377844e-001
 3.9355397e-001
 3.9336348e-001
 3.9320293e-001
 3.9306182e-001
 3.9292845e-001
 3.9279827e-001
 3.9267904e-001
 3.9258957e-001
 3.9255193e-001
 3.9257908e-001
 3.9266622e-001
 3.9279193e-001
 3.9292866e-001
 3.9305246e-001
 3.9314809e-001
 3.9321154e-001
 3.9325315e-001
 3.9329958e-001
 3.9338571e-001
 3.9353642e-001
 3.9375547e-001
 3.9403263e-001
 3.9436117e-001
 3.9474526e-001
 3.9519113e-001
 3.9569610e-001
 3.9624867e-001
 3.9683330e-001
 3.9742833e-001
 3.9800036e-001
 3.9851168e-001
 3.9894289e-001
 3.9931005e-001
 3.9965472e-001
 4.0001389e-001
 4.0039656e-001
 4.0078446e-001
 4.0114933e-001
 4.0147057e-001
 4.0174502e-001
 4.0198660e-001
 4.0221676e-001
 4.0245152e-001
 4.0269491e-001
 4.0294242e-001
 4.0318826e-001
 4.0343001e-001
 4.0366778e-001
 4.0389743e-001
 4.0410087e-001
 4.0424579e-001
 4.0430316e-001
 4.0426987e-001
 4.0417159e-001
 4.0403876e-001
 4.0388054e-001
 4.0368655e-001
 4.0345049e-001
 4.0318111e-001
 4.0288317e-001
 4.0253717e-001
 4.0211302e-001
 4.0160459e-001
 4.0103731e-001
 4.0043530e-001
 3.9979044e-001
 3.9907452e-001
 3.9827865e-001
 3.9742756e-001
 3.9655042e-001
 3.9564854e-001
 3.9470533e-001
 3.9372411e-001
 3.9274079e-001
 3.9179119e-001
 3.9087409e-001
 3.8995260e-001
 3.8898745e-001
 3.8796222e-001
 3.8688082e-001
 3.8575730e-001
 3.8462010e-001
 3.8351557e-001
 3.8248926e-001
 3.8155681e-001
 3.8069993e-001
 3.7988818e-001
 3.7909728e-001
 3.7831250e-001
 3.7753573e-001
 3.7679824e-001
 3.7615392e-001
 3.7564382e-001
 3.7526292e-001
 3.7496436e-001
 3.7469482e-001
 3.7441567e-001
 3.7408867e-001
 3.7366599e-001
 3.7312460e-001
 3.7250844e-001
 3.7191120e-001
 3.7141043e-001
 3.7102416e-001
 3.7071800e-001
 3.7042764e-001
 3.7008527e-001
 3.6966226e-001
 3.6920238e-001
 3.6879206e-001
 3.6847830e-001
 3.6822224e-001
 3.6795053e-001
 3.6765525e-001
 3.6741704e-001
 3.6730480e-001
 3.6727357e-001
 3.6720356e-001
 3.6703441e-001
 3.6682501e-001
 3.6669296e-001
 3.6673197e-001
 3.6697012e-001
 3.6735299e-001
 3.6776316e-001
 3.6810532e-001
 3.6839354e-001
 3.6873257e-001
 3.6919802e-001
 3.6974511e-001
 3.7024346e-001
 3.7060651e-001
 3.7088883e-001
 3.7125126e-001
 3.7181413e-001
 3.7253654e-001
 3.7325430e-001
 3.7386361e-001
 3.7445441e-001
 3.7522325e-001
 3.7626255e-001
 3.7747627e-001
 3.7869659e-001
 3.7984326e-001
 3.8096604e-001
 3.8215852e-001
 3.8345709e-001
 3.8483122e-001
 3.8625008e-001
 3.8772598e-001
 3.8927934e-001
 3.9087576e-001
 3.9243403e-001
 3.9392960e-001
 3.9546430e-001
 3.9717558e-001
 3.9908057e-001
 4.0105250e-001
 4.0294045e-001
 4.0467411e-001
 4.0628588e-001
 4.0789065e-001
 4.0962008e-001
 4.1151568e-001
 4.1351828e-001
 4.1558066e-001
 4.1770294e-001
 4.1985050e-001
 4.2197919e-001
 4.2413989e-001
 4.2637327e-001
 4.2855114e-001
 4.3052325e-001
 4.3235537e-001
 4.3424842e-001
 4.3628550e-001
 4.3842611e-001
 4.4067809e-001
 4.4306448e-001
 4.4546923e-001
 4.4772536e-001
 4.4984812e-001
 4.5201042e-001
 4.5428541e-001
 4.5657808e-001
 4.5881024e-001
 4.6100634e-001
 4.6320382e-001
 4.6539506e-001
 4.6753210e-001
 4.6957144e-001
 4.7155294e-001
 4.7356576e-001
 4.7562149e-001
 4.7765714e-001
 4.7964242e-001
 4.8157454e-001
 4.8342052e-001
 4.8516777e-001
 4.8686340e-001
 4.8853600e-001
 4.9012744e-001
 4.9155635e-001
 4.9284256e-001
 4.9414796e-001
 4.9565384e-001
 4.9737248e-001
 4.9911955e-001
 5.0069284e-001
 5.0203776e-001
 5.0322950e-001
 5.0434113e-001
 5.0535792e-001
 5.0623780e-001
 5.0703371e-001
 5.0786376e-001
 5.0874323e-001
 5.0956511e-001
 5.1028836e-001
 5.1101696e-001
 5.1183814e-001
 5.1269704e-001
 5.1347995e-001
 5.1413774e-001
 5.1469058e-001
 5.1516545e-001
 5.1556814e-001
 5.1591313e-001
 5.1625681e-001
 5.1665014e-001
 5.1705313e-001
 5.1734126e-001
 5.1742893e-001
 5.1737988e-001
 5.1733953e-001
 5.1738524e-001
 5.1748693e-001
 5.1756865e-001
 5.1756328e-001
 5.1743305e-001
 5.1717895e-001
 5.1684421e-001
 5.1649857e-001
 5.1620728e-001
 5.1600641e-001
 5.1589507e-001
 5.1583403e-001
 5.1575065e-001
 5.1556873e-001
 5.1526183e-001
 5.1488775e-001
 5.1455849e-001
 5.1436269e-001
 5.1430845e-001
 5.1432693e-001
 5.1431239e-001
 5.1415813e-001
 5.1378864e-001
 5.1320100e-001
 5.1248491e-001
 5.1176941e-001
 5.1111728e-001
 5.1046371e-001
 5.0967467e-001
 5.0869310e-001
 5.0764787e-001
 5.0681531e-001
 5.0636113e-001
 5.0617468e-001
 5.0598377e-001
 5.0560337e-001
 5.0508511e-001
 5.0452811e-001
 5.0390071e-001
 5.0319439e-001
 5.0257266e-001
 5.0218356e-001
 5.0195497e-001
 5.0171125e-001
 5.0137931e-001
 5.0099802e-001
 5.0061125e-001
 5.0020170e-001
 4.9971730e-001
 4.9917039e-001
 4.9866685e-001
 4.9827278e-001
 4.9791253e-001
 4.9747175e-001
 4.9694031e-001
 4.9640381e-001
 4.9594250e-001
 4.9555331e-001
 4.9516636e-001
 4.9475744e-001
 4.9439222e-001
 4.9409911e-001
 4.9379665e-001
 4.9344656e-001
 4.9314433e-001
 4.9291891e-001
 4.9260271e-001
 4.9207693e-001
 4.9148294e-001
 4.9101824e-001
 4.9067944e-001
 4.9034756e-001
 4.8998141e-001
 4.8962843e-001
 4.8931929e-001
 4.8903006e-001
 4.8870453e-001
 4.8828036e-001
 4.8776281e-001
 4.8724827e-001
 4.8684448e-001
 4.8662278e-001
 4.8660076e-001
 4.8668906e-001
 4.8670813e-001
 4.8649710e-001
 4.8605424e-001
 4.8553944e-001
 4.8512316e-001
 4.8485482e-001
 4.8466265e-001
 4.8445728e-001
 4.8421520e-001
 4.8398149e-001
 4.8381248e-001
 4.8372915e-001
 4.8371613e-001
 4.8375452e-001
 4.8384988e-001
 4.8402923e-001
 4.8428997e-001
 4.8452717e-001
 4.8455971e-001
 4.8425534e-001
 4.8362839e-001
 4.8285773e-001
 4.8221385e-001
 4.8192155e-001
 4.8181668e-001
 4.8186654e-001
 4.8198405e-001
 4.8212519e-001
 4.8226309e-001
 4.8237106e-001
 4.8242342e-001
 4.8240265e-001
 4.8229432e-001
 4.8208395e-001
 4.8176765e-001
 4.8141003e-001
 4.8110315e-001
 4.8093945e-001
 4.8099190e-001
 4.8120484e-001
 4.8147047e-001
 4.8168090e-001
 4.8174521e-001
 4.8168421e-001
 4.8154354e-001
 4.8143950e-001
 4.8141912e-001
 4.8149520e-001
 4.8162892e-001
 4.8177937e-001
 4.8190534e-001
 4.8196736e-001
 4.8195773e-001
 4.8190057e-001
 4.8182139e-001
 4.8174563e-001
 4.8169836e-001
 4.8169336e-001
 4.8173353e-001
 4.8182133e-001
 4.8195913e-001
 4.8214900e-001
 4.8238218e-001
 4.8263958e-001
 4.8290181e-001
 4.8314926e-001
 4.8336262e-001
 4.8352864e-001
 4.8365888e-001
 4.8377100e-001
 4.8388258e-001
 4.8401123e-001
 4.8417452e-001
 4.8438418e-001
 4.8462957e-001
 4.8489457e-001
 4.8516312e-001
 4.8541918e-001
 4.8564655e-001
 4.8582926e-001
 4.8595598e-001
 4.8603368e-001
 4.8607367e-001
 4.8608717e-001
 4.8608550e-001
 4.8608005e-001
 4.8608196e-001
 4.8610267e-001
 4.8614964e-001
 4.8621657e-001
 4.8629361e-001
 4.8637104e-001
 4.8643914e-001
 4.8648828e-001
 4.8650858e-001
 4.8649040e-001
 4.8642817e-001
 4.8633212e-001
 4.8621604e-001
 4.8609382e-001
 4.8597926e-001
 4.8588619e-001
 4.8582855e-001
 4.8582014e-001
 4.8587134e-001
 4.8598048e-001
 4.8614272e-001
 4.8635343e-001
 4.8660797e-001
 4.8690146e-001
 4.8722947e-001
 4.8758706e-001
 4.8796973e-001
 4.8837262e-001
 4.8879117e-001
 4.8922056e-001
 4.8965684e-001
 4.9009776e-001
 4.9054191e-001
 4.9098754e-001
 4.9143314e-001
 4.9187717e-001
 4.9231794e-001
 4.9275401e-001
 4.9318364e-001
 4.9360535e-001
 4.9401748e-001
 4.9441853e-001
 4.9480718e-001
 4.9518344e-001
 4.9554744e-001
 4.9589956e-001
 4.9623990e-001
 4.9656874e-001
 4.9688631e-001
 4.9719283e-001
 4.9748853e-001
 4.9777359e-001
 4.9804837e-001
 4.9831372e-001
 4.9857357e-001
 4.9883205e-001
 4.9909383e-001
 4.9936301e-001
 4.9964416e-001
 4.9994144e-001
 5.0025946e-001
 5.0060236e-001
 5.0097466e-001
 5.0137794e-001
 5.0180399e-001
 5.0224298e-001
 5.0268459e-001
 5.0311887e-001
 5.0353557e-001
 5.0392461e-001
 5.0427598e-001
 5.0457942e-001
 5.0482488e-001
 5.0500840e-001
 5.0514609e-001
 5.0525886e-001
 5.0536752e-001
 5.0549269e-001
 5.0565517e-001
 5.0587565e-001
 5.0617498e-001
 5.0657380e-001
 5.0709313e-001
 5.0774318e-001
 5.0850081e-001
 5.0933504e-001
 5.1021522e-001
 5.1111054e-001
 5.1199049e-001
 5.1282412e-001
 5.1358086e-001
 5.1422977e-001
 5.1475155e-001
 5.1516360e-001
 5.1549125e-001
 5.1575983e-001
 5.1599461e-001
 5.1622093e-001
 5.1646405e-001
 5.1674926e-001
 5.1709265e-001
 5.1747888e-001
 5.1788670e-001
 5.1829475e-001
 5.1868141e-001
 5.1902550e-001
 5.1930541e-001
 5.1949984e-001
 5.1959699e-001
 5.1961654e-001
 5.1958442e-001
 5.1952672e-001
 5.1946926e-001
 5.1943839e-001
 5.1945996e-001
 5.1955986e-001
 5.1975834e-001
 5.2005577e-001
 5.2044898e-001
 5.2091050e-001
 5.2149177e-001
 5.2215636e-001
 5.2289575e-001
 5.2369624e-001
 5.2453738e-001
 5.2539390e-001
 5.2623785e-001
 5.2704203e-001
 5.2778625e-001
 5.2846849e-001
 5.2911168e-001
 5.2975643e-001
 5.3044987e-001
 5.3123569e-001
 5.3214204e-001
 5.3316754e-001
 5.3427643e-001
 5.3540748e-001
 5.3648829e-001
 5.3744906e-001
 5.3823882e-001
 5.3884083e-001
 5.3927851e-001
 5.3960609e-001
 5.3989279e-001
 5.4020739e-001
 5.4060382e-001
 5.4110986e-001
 5.4172331e-001
 5.4241830e-001
 5.4315650e-001
 5.4389834e-001
 5.4461277e-001
 5.4528350e-001
 5.4591197e-001
 5.4651320e-001
 5.4710954e-001
 5.4772270e-001
 5.4836684e-001
 5.4901373e-001
 5.4961920e-001
 5.5020428e-001
 5.5076367e-001
 5.5129325e-001
 5.5179095e-001
 5.5225730e-001
 5.5269599e-001
 5.5311352e-001
 5.5351883e-001
 5.5392224e-001
 5.5433398e-001
 5.5476344e-001
 5.5521768e-001
 5.5570149e-001
 5.5621803e-001
 5.5676830e-001
 5.5735278e-001
 5.5797029e-001
 5.5861872e-001
 5.5929482e-001
 5.5999368e-001
 5.6070936e-001
 5.6143475e-001
 5.6216234e-001
 5.6288469e-001
 5.6359506e-001
 5.6428868e-001
 5.6496310e-001
 5.6561887e-001
 5.6625932e-001
 5.6688917e-001
 5.6751364e-001
 5.6813717e-001
 5.6876260e-001
 5.6939101e-001
 5.7002187e-001
 5.7065380e-001
 5.7128531e-001
 5.7191521e-001
 5.7254392e-001
 5.7317251e-001
 5.7380289e-001
 5.7443744e-001
 5.7507795e-001
 5.7572567e-001
 5.7638073e-001
 5.7704240e-001
 5.7770938e-001
 5.7837951e-001
 5.7905042e-001
 5.7971936e-001
 5.8038318e-001
 5.8103865e-001
 5.8168215e-001
 5.8231056e-001
 5.8292115e-001
 5.8351225e-001
 5.8408397e-001
 5.8463788e-001
 5.8517748e-001
 5.8570749e-001
 5.8623332e-001
 5.8676082e-001
 5.8729500e-001
 5.8783990e-001
 5.8839840e-001
 5.8897203e-001
 5.8956146e-001
 5.9016651e-001
 5.9078664e-001
 5.9142160e-001
 5.9207088e-001
 5.9273404e-001
 5.9341019e-001
 5.9409767e-001
 5.9479380e-001
 5.9549421e-001
 5.9619343e-001
 5.9688491e-001
 5.9756148e-001
 5.9821695e-001
 5.9884620e-001
 5.9944683e-001
 6.0001904e-001
 6.0056603e-001
 6.0109395e-001
 6.0161024e-001
 6.0212344e-001
 6.0264146e-001
 6.0317057e-001
 6.0371482e-001
 6.0427552e-001
 6.0485131e-001
 6.0543895e-001
 6.0603392e-001
 6.0663170e-001
 6.0722846e-001
 6.0782170e-001
 6.0841072e-001
 6.0899603e-001
 6.0957903e-001
 6.1016119e-001
 6.1074328e-001
 6.1132568e-001
 6.1190730e-001
 6.1248720e-001
 6.1306423e-001
 6.1363846e-001
 6.1421162e-001
 6.1478680e-001
 6.1536902e-001
 6.1596370e-001
 6.1657596e-001
 6.1720997e-001
 6.1786729e-001
 6.1854672e-001
 6.1924446e-001
 6.1995363e-001
 6.2066615e-001
 6.2137300e-001
 6.2206614e-001
 6.2273973e-001
 6.2339073e-001
 6.2401998e-001
 6.2463194e-001
 6.2523401e-001
 6.2583566e-001
 6.2644684e-001
 6.2707627e-001
 6.2772995e-001
 6.2840986e-001
 6.2911379e-001
 6.2983507e-001
 6.3056397e-001
 6.3128906e-001
 6.3199896e-001
 6.3268465e-001
 6.3333994e-001
 6.3396263e-001
 6.3455397e-001
 6.3511753e-001
 6.3565797e-001
 6.3617957e-001
 6.3668543e-001
 6.3717765e-001
 6.3765711e-001
 6.3812524e-001
 6.3858449e-001
 6.3903892e-001
 6.3949478e-001
 6.3995904e-001
 6.4043921e-001
 6.4094108e-001
 6.4146829e-001
 6.4202160e-001
 6.4259869e-001
 6.4319521e-001
 6.4380509e-001
 6.4442170e-001
 6.4503884e-001
 6.4565033e-001
 6.4625084e-001
 6.4683527e-001
 6.4739871e-001
 6.4793700e-001
 6.4844650e-001
 6.4892519e-001
 6.4937335e-001
 6.4979392e-001
 6.5019321e-001
 6.5058035e-001
 6.5096688e-001
 6.5136606e-001
 6.5179110e-001
 6.5225452e-001
 6.5276617e-001
 6.5333283e-001
 6.5395719e-001
 6.5463728e-001
 6.5536702e-001
 6.5613616e-001
 6.5693086e-001
 6.5773565e-001
 6.5853333e-001
 6.5930766e-001
 6.6004366e-001
 6.6072947e-001
 6.6135728e-001
 6.6192347e-001
 6.6242915e-001
 6.6287982e-001
 6.6328448e-001
 6.6365480e-001
 6.6400373e-001
 6.6434425e-001
 6.6468853e-001
 6.6504651e-001
 6.6542578e-001
 6.6583091e-001
 6.6626364e-001
 6.6672325e-001
 6.6720682e-001
 6.6771019e-001
 6.6822803e-001
 6.6875464e-001
 6.6928440e-001
 6.6981190e-001
 6.7033249e-001
 6.7084223e-001
 6.7133826e-001
 6.7181933e-001
 6.7228538e-001
 6.7273790e-001
 6.7317963e-001
 6.7361420e-001
 6.7404562e-001
 6.7447776e-001
 6.7491364e-001
 6.7535567e-001
 6.7580485e-001
 6.7626148e-001
 6.7672509e-001
 6.7719465e-001
 6.7766941e-001
 6.7814809e-001
 6.7862970e-001
 6.7911232e-001
 6.7959332e-001
 6.8006903e-001
 6.8053389e-001
 6.8098140e-001
 6.8140405e-001
 6.8179446e-001
 6.8214649e-001
 6.8245637e-001
 6.8272424e-001
 6.8295431e-001
 6.8315554e-001
 6.8334079e-001
 6.8352550e-001
 6.8372625e-001
 6.8395871e-001
 6.8423617e-001
 6.8456835e-001
 6.8496096e-001
 6.8541592e-001
 6.8593222e-001
 6.8650615e-001
 6.8713218e-001
 6.8780309e-001
 6.8850976e-001
 6.8924135e-001
 6.8998468e-001
 6.9072562e-001
 6.9144952e-001
 6.9214290e-001
 6.9279557e-001
 6.9340169e-001
 6.9396085e-001
 6.9447756e-001
 6.9496053e-001
 6.9542092e-001
 6.9586980e-001
 6.9631660e-001
 6.9676781e-001
 6.9722605e-001
 6.9769078e-001
 6.9815874e-001
 6.9862485e-001
 6.9908398e-001
 6.9953072e-001
 6.9996077e-001
 7.0037049e-001
 7.0075715e-001
 7.0111889e-001
 7.0145416e-001
 7.0176220e-001
 7.0204252e-001
 7.0229512e-001
 7.0252043e-001
 7.0271927e-001
 7.0289308e-001
 7.0304382e-001
 7.0317471e-001
 7.0328999e-001
 7.0339561e-001
 7.0349842e-001
 7.0360595e-001
 7.0372498e-001
 7.0386016e-001
 7.0401251e-001
 7.0417821e-001
 7.0434868e-001
 7.0451164e-001
 7.0465332e-001
 7.0476109e-001
 7.0482707e-001
 7.0484996e-001
 7.0483637e-001
 7.0480007e-001
 7.0475942e-001
 7.0473403e-001
 7.0474088e-001
 7.0479101e-001
 7.0488757e-001
 7.0502543e-001
 7.0519263e-001
 7.0537311e-001
 7.0555025e-001
 7.0571005e-001
 7.0584375e-001
 7.0594937e-001
 7.0603192e-001
 7.0610166e-001
 7.0617235e-001
 7.0625818e-001
 7.0637143e-001
 7.0652014e-001
 7.0670748e-001
 7.0693177e-001
 7.0718765e-001
 7.0746797e-001
 7.0776570e-001
 7.0807576e-001
 7.0839572e-001
 7.0872605e-001
 7.0906937e-001
 7.0942932e-001
 7.0980912e-001
 7.1021050e-001
 7.1063346e-001
 7.1107566e-001
 7.1153390e-001
 7.1200430e-001
 7.1248376e-001
 7.1297091e-001
 7.1346593e-001
 7.1397090e-001
 7.1448880e-001
 7.1502227e-001
 7.1557206e-001
 7.1613562e-001
 7.1670645e-001
 7.1727377e-001
 7.1782291e-001
 7.1833706e-001
 7.1879876e-001
 7.1919185e-001
 7.1950376e-001
 7.1972591e-001
 7.1985435e-001
 7.1988946e-001
 7.1983439e-001
 7.1969336e-001
 7.1947008e-001
 7.1916610e-001
 7.1877974e-001
 7.1830642e-001
 7.1773851e-001
 7.1706754e-001
 7.1628445e-001
 7.1538109e-001
 7.1434963e-001
 7.1318060e-001
 7.1186006e-001
 7.1036464e-001
 7.0865566e-001
 7.0667565e-001
 7.0434374e-001
 7.0155740e-001
 6.9819641e-001
 6.9413090e-001
 6.8923831e-001
 6.8341708e-001
 6.7660946e-001
 6.6881716e-001
 6.6011000e-001
 6.5063667e-001
 6.4060968e-001
 6.3029611e-001
 6.1998874e-001
 6.0997063e-001
 6.0049188e-001
 5.9173262e-001
 5.8379167e-001
 5.7667553e-001
 5.7030052e-001
 5.6451392e-001
 5.5911595e-001
 5.5388689e-001
 5.4862136e-001
 5.4314899e-001
 5.3735697e-001
 5.3119773e-001
 5.2468610e-001
 5.1789558e-001
 5.1093757e-001
 5.0394964e-001
 4.9707720e-001
 4.9045843e-001
 4.8422316e-001
 4.7848538e-001
 4.7335234e-001
 4.6892843e-001
 4.6532100e-001
 4.6264905e-001
 4.6104124e-001
 4.6063536e-001
 4.6156833e-001
 4.6396473e-001
 4.6792084e-001
 4.7349161e-001
 4.8067471e-001
 4.8940268e-001
 4.9954399e-001
 5.1090121e-001
 5.2322441e-001
 5.3623223e-001
 5.4962182e-001
 5.6310159e-001
 5.7640058e-001
 5.8928877e-001
 6.0159308e-001
 6.1319107e-001
 6.2402111e-001
 6.3406599e-001
 6.4334685e-001
 6.5191466e-001
 6.5983129e-001
 6.6716838e-001
 6.7399389e-001
 6.8037099e-001
 6.8635803e-001
 6.9200242e-001
 6.9734550e-001
 7.0241714e-001
 7.0723689e-001
 7.1181464e-001
 7.1614760e-001
 7.2022283e-001
 7.2402149e-001
 7.2751915e-001
 7.3069382e-001
 7.3352754e-001
 7.3601174e-001
 7.3815078e-001
 7.3996085e-001
 7.4147207e-001
 7.4272466e-001
 7.4376684e-001
 7.4465150e-001
 7.4543071e-001
 7.4615276e-001
 7.4685800e-001
 7.4757576e-001
 7.4832350e-001
 7.4910587e-001
 7.4991661e-001
 7.5074077e-001
 7.5155884e-001
 7.5235093e-001
 7.5310045e-001
 7.5379741e-001
 7.5443995e-001
 7.5503379e-001
 7.5559109e-001
 7.5612718e-001
 7.5665742e-001
 7.5719482e-001
 7.5774759e-001
 7.5831902e-001
 7.5890726e-001
 7.5950700e-001
 7.6011145e-001
 7.6071310e-001
 7.6130581e-001
 7.6188511e-001
 7.6244849e-001
 7.6299554e-001
 7.6352727e-001
 7.6404601e-001
 7.6455480e-001
 7.6505655e-001
 7.6555395e-001
 7.6604831e-001
 7.6653922e-001
 7.6702410e-001
 7.6749831e-001
 7.6795590e-001
 7.6839048e-001
 7.6879662e-001
 7.6917166e-001
 7.6951599e-001
 7.6983380e-001
 7.7013230e-001
 7.7042031e-001
 7.7070707e-001
 7.7099991e-001
 7.7130347e-001
 7.7161908e-001
 7.7194500e-001
 7.7227777e-001
 7.7261287e-001
 7.7294660e-001
 7.7327645e-001
 7.7360165e-001
 7.7392304e-001
 7.7424228e-001
 7.7456158e-001
 7.7488291e-001
 7.7520788e-001
 7.7553779e-001
 7.7587390e-001
 7.7621734e-001
 7.7656966e-001
 7.7693188e-001
 7.7730501e-001
 7.7768850e-001
 7.7808022e-001
 7.7847624e-001
 7.7887046e-001
 7.7925599e-001
 7.7962482e-001
 7.7996898e-001
 7.8028125e-001
 7.8055602e-001
 7.8079063e-001
 7.8098619e-001
 7.8114837e-001
 7.8128755e-001
 7.8141761e-001
 7.8155470e-001
 7.8171492e-001
 7.8191209e-001
 7.8215516e-001
 7.8244704e-001
 7.8278440e-001
 7.8315806e-001
 7.8355455e-001
 7.8395790e-001
 7.8435123e-001
 7.8471911e-001
 7.8504997e-001
 7.8533769e-001
 7.8558332e-001
 7.8579527e-001
 7.8598803e-001
 7.8618056e-001
 7.8639251e-001
 7.8664118e-001
 7.8693783e-001
 7.8728515e-001
 7.8767705e-001
 7.8809905e-001
 7.8853172e-001
 7.8895295e-001
 7.8934127e-001
 7.8967857e-001
 7.8995085e-001
 7.9015064e-001
 7.9027724e-001
 7.9033715e-001
 7.9034293e-001
 7.9031152e-001
 7.9026228e-001
 7.9021490e-001
 7.9018688e-001
 7.9019254e-001
 7.9024142e-001
 7.9033786e-001
 7.9048091e-001
 7.9066503e-001
 7.9088187e-001
 7.9112148e-001
 7.9137433e-001
 7.9163259e-001
 7.9189068e-001
 7.9214621e-001
 7.9239929e-001
 7.9265219e-001
 7.9290801e-001
 7.9316962e-001
 7.9343820e-001
 7.9371208e-001
 7.9398650e-001
 7.9425389e-001
 7.9450446e-001
 7.9472798e-001
 7.9491556e-001
 7.9506123e-001
 7.9516315e-001
 7.9522461e-001
 7.9525352e-001
 7.9526174e-001
 7.9526341e-001
 7.9527307e-001
 7.9530358e-001
 7.9536450e-001
 7.9546100e-001
 7.9559326e-001
 7.9575711e-001
 7.9594463e-001
 7.9614562e-001
 7.9634935e-001
 7.9654557e-001
 7.9672575e-001
 7.9688412e-001
 7.9701775e-001
 7.9712683e-001
 7.9721433e-001
 7.9728568e-001
 7.9734802e-001
 7.9740995e-001
 7.9748011e-001
 7.9756701e-001
 7.9767752e-001
 7.9781651e-001
 7.9798591e-001
 7.9818422e-001
 7.9840672e-001
 7.9864573e-001
 7.9889172e-001
 7.9913408e-001
 7.9936314e-001
 7.9957086e-001
 7.9975253e-001
 7.9990691e-001
 8.0003661e-001
 8.0014759e-001
 8.0024815e-001
 8.0034769e-001
 8.0045563e-001
 8.0058002e-001
 8.0072683e-001
 8.0089927e-001
 8.0109763e-001
 8.0131972e-001
 8.0156088e-001
 8.0181468e-001
 8.0207360e-001
 8.0232972e-001
 8.0257499e-001
 8.0280209e-001
 8.0300492e-001
 8.0317879e-001
 8.0332106e-001
 8.0343109e-001
 8.0351037e-001
 8.0356193e-001
 8.0359042e-001
 8.0360115e-001
 8.0359942e-001
 8.0358988e-001
 8.0357611e-001
 8.0356008e-001
 8.0354261e-001
 8.0352330e-001
 8.0350167e-001
 8.0347741e-001
 8.0345118e-001
 8.0342478e-001
 8.0340165e-001
 8.0338663e-001
 8.0338573e-001
 8.0340546e-001
 8.0345201e-001
 8.0353004e-001
 8.0364192e-001
 8.0378658e-001
 8.0395949e-001
 8.0415279e-001
 8.0435592e-001
 8.0455738e-001
 8.0474621e-001
 8.0491358e-001
 8.0505443e-001
 8.0516797e-001
 8.0525762e-001
 8.0532986e-001
 8.0539328e-001
 8.0545658e-001
 8.0552745e-001
 8.0561143e-001
 8.0571091e-001
 8.0582547e-001
 8.0595154e-001
 8.0608344e-001
 8.0621409e-001
 8.0633640e-001
 8.0644453e-001
 8.0653483e-001
 8.0660665e-001
 8.0666262e-001
 8.0670828e-001
 8.0675131e-001
 8.0680048e-001
 8.0686420e-001
 8.0694920e-001
 8.0705953e-001
 8.0719554e-001
 8.0735385e-001
 8.0752742e-001
 8.0770648e-001
 8.0787939e-001
 8.0803412e-001
 8.0815953e-001
 8.0824643e-001
 8.0828857e-001
 8.0828291e-001
 8.0822986e-001
 8.0813283e-001
 8.0799776e-001
 8.0783242e-001
 8.0764574e-001
 8.0744743e-001
 8.0724722e-001
 8.0705458e-001
 8.0687851e-001
 8.0672705e-001
 8.0660743e-001
 8.0652535e-001
 8.0648500e-001
 8.0648875e-001
 8.0653709e-001
 8.0662864e-001
 8.0676007e-001
 8.0692685e-001
 8.0712324e-001
 8.0734301e-001
 8.0757976e-001
 8.0782765e-001
 8.0808115e-001
 8.0833566e-001
 8.0858731e-001
 8.0883306e-001
 8.0907041e-001
 8.0929708e-001
 8.0951124e-001
 8.0971092e-001
 8.0989397e-001
 8.1005818e-001
 8.1020081e-001
 8.1031889e-001
 8.1040901e-001
 8.1046730e-001
 8.1048954e-001
 8.1047100e-001
 8.1040674e-001
 8.1029165e-001
 8.1012118e-001
 8.0989170e-001
 8.0960119e-001
 8.0925047e-001
 8.0884367e-001
 8.0838943e-001
 8.0790067e-001
 8.0739480e-001
 8.0689269e-001
 8.0641723e-001
 8.0599147e-001
 8.0563623e-001
 8.0536759e-001
 8.0519533e-001
 8.0512142e-001
 8.0513978e-001
 8.0523705e-001
 8.0539459e-001
 8.0559045e-001
 8.0580270e-001
 8.0601215e-001
 8.0620438e-001
 8.0637175e-001
 8.0651391e-001
 8.0663729e-001
 8.0675423e-001
 8.0688035e-001
 8.0703223e-001
 8.0722433e-001
 8.0746692e-001
 8.0776376e-001
 8.0811185e-001
 8.0850202e-001
 8.0892044e-001
 8.0935025e-001
 8.0977356e-001
 8.1017286e-001
 8.1053245e-001
 8.1083888e-001
 8.1108117e-001
 8.1125152e-001
 8.1134540e-001
 8.1136167e-001
 8.1130201e-001
 8.1117058e-001
 8.1097311e-001
 8.1071663e-001
 8.1040883e-001
 8.1005782e-001
 8.0967182e-001
 8.0927795e-001
 8.0883729e-001
 8.0838686e-001
 8.0793399e-001
 8.0748516e-001
 8.0704457e-001
 8.0661392e-001
 8.0619282e-001
 8.0577868e-001
 8.0536860e-001
 8.0495882e-001
 8.0454582e-001
 8.0412620e-001
 8.0369657e-001
 8.0325395e-001
 8.0279589e-001
 8.0231994e-001
 8.0182445e-001
 8.0130750e-001
 8.0076778e-001
 8.0020386e-001
 7.9961455e-001
 7.9899925e-001
 7.9835802e-001
 7.9769266e-001
 7.9700708e-001
 7.9630733e-001
 7.9560184e-001
 7.9490030e-001
 7.9421347e-001
 7.9355258e-001
 7.9292840e-001
 7.9235166e-001
 7.9183155e-001
 7.9137546e-001
 7.9098827e-001
 7.9067165e-001
 7.9042500e-001
 7.9024565e-001
 7.9012966e-001
 7.9007268e-001
 7.9006982e-001
 7.9011601e-001
 7.9020566e-001
 7.9033244e-001
 7.9048878e-001
 7.9066610e-001
 7.9085469e-001
 7.9104400e-001
 7.9122311e-001
 7.9138100e-001
 7.9150683e-001
 7.9159093e-001
 7.9162550e-001
 7.9160613e-001
 7.9153305e-001
 7.9141152e-001
 7.9125136e-001
 7.9106581e-001
 7.9087001e-001
 7.9067993e-001
 7.9051143e-001
 7.9037899e-001
 7.9029447e-001
 7.9026479e-001
 7.9029053e-001
 7.9036522e-001
 7.9047579e-001
 7.9060465e-001
 7.9073119e-001
 7.9083371e-001
 7.9089040e-001
 7.9088032e-001
 7.9078513e-001
 7.9059029e-001
 7.9028672e-001
 7.8987163e-001
 7.8934735e-001
 7.8872037e-001
 7.8799951e-001
 7.8719485e-001
 7.8631663e-001
 7.8537458e-001
 7.8437752e-001
 7.8333211e-001
 7.8224260e-001
 7.8111041e-001
 7.7993405e-001
 7.7871042e-001
 7.7743536e-001
 7.7610385e-001
 7.7471179e-001
 7.7325565e-001
 7.7173501e-001
 7.7015382e-001
 7.6852143e-001
 7.6685447e-001
 7.6517481e-001
 7.6350915e-001
 7.6188695e-001
 7.6033789e-001
 7.5889242e-001
 7.5757831e-001
 7.5642031e-001
 7.5543678e-001
 7.5463706e-001
 7.5402153e-001
 7.5358164e-001
 7.5330269e-001
 7.5316626e-001
 7.5315201e-001
 7.5323921e-001
 7.5340760e-001
 7.5363809e-001
 7.5391394e-001
 7.5422156e-001
 7.5455076e-001
 7.5489426e-001
 7.5524747e-001
 7.5560677e-001
 7.5596946e-001
 7.5633311e-001
 7.5669527e-001
 7.5705385e-001
 7.5740659e-001
 7.5775188e-001
 7.5808799e-001
 7.5841349e-001
 7.5872725e-001
 7.5902802e-001
 7.5931484e-001
 7.5958657e-001
 7.5984222e-001
 7.6008099e-001
 7.6030219e-001
 7.6050532e-001
 7.6069021e-001
 7.6085693e-001
 7.6100576e-001
 7.6113701e-001
 7.6125115e-001
 7.6134866e-001
 7.6143008e-001
 7.6149601e-001
 7.6154739e-001
 7.6158535e-001
 7.6161128e-001
 7.6162702e-001
 7.6163441e-001
 7.6163554e-001
 7.6163250e-001
 7.6162732e-001
 7.6162171e-001
 7.6161718e-001
 7.6161414e-001
 7.6161230e-001
 7.6160997e-001
 7.6160467e-001
 7.6159298e-001
 7.6157111e-001
 7.6153517e-001
 7.6148129e-001
 7.6140624e-001
 7.6130784e-001
 7.6118577e-001
 7.6104236e-001
 7.6088256e-001
 7.6071393e-001
 7.6054603e-001
 7.6038933e-001
 7.6025480e-001
 7.6015335e-001
 7.6009512e-001
 7.6008850e-001
 7.6013917e-001
 7.6024902e-001
 7.6041567e-001
 7.6063299e-001
 7.6089209e-001
 7.6118231e-001
 7.6149225e-001
 7.6181054e-001
 7.6212615e-001
 7.6242906e-001
 7.6271141e-001
 7.6296759e-001
 7.6319510e-001
 7.6339388e-001
 7.6356566e-001
 7.6371354e-001
 7.6384097e-001
 7.6395172e-001
 7.6404953e-001
 7.6413798e-001
 7.6422048e-001
 7.6430017e-001
 7.6437980e-001
 7.6446187e-001
 7.6454866e-001
 7.6464224e-001
 7.6474464e-001
 7.6485753e-001
 7.6498228e-001
 7.6511902e-001
 7.6526642e-001
 7.6542068e-001
 7.6557559e-001
 7.6572257e-001
 7.6585162e-001
 7.6595140e-001
 7.6601046e-001
 7.6601756e-001
 7.6596248e-001
 7.6583725e-001
 7.6563752e-001
 7.6536423e-001
 7.6502371e-001
 7.6462752e-001
 7.6419079e-001
 7.6373106e-001
 7.6326674e-001
 7.6281595e-001
 7.6239622e-001
 7.6202220e-001
 7.6170456e-001
 7.6144850e-001
 7.6125282e-001
 7.6111072e-001
 7.6101154e-001
 7.6094186e-001
 7.6088727e-001
 7.6083326e-001
 7.6076615e-001
 7.6067406e-001
 7.6054811e-001
 7.6038396e-001
 7.6018190e-001
 7.5994635e-001
 7.5968516e-001
 7.5940782e-001
 7.5912464e-001
 7.5884610e-001
 7.5858188e-001
 7.5833982e-001
 7.5812477e-001
 7.5793779e-001
 7.5777525e-001
 7.5762951e-001
 7.5748998e-001
 7.5734442e-001
 7.5717962e-001
 7.5698227e-001
 7.5673944e-001
 7.5643933e-001
 7.5607157e-001
 7.5562859e-001
 7.5510496e-001
 7.5449765e-001
 7.5380576e-001
 7.5302899e-001
 7.5216758e-001
 7.5122261e-001
 7.5019491e-001
 7.4908620e-001
 7.4789876e-001
 7.4663693e-001
 7.4530584e-001
 7.4391162e-001
 7.4246246e-001
 7.4096602e-001
 7.3943013e-001
 7.3786372e-001
 7.3627383e-001
 7.3466694e-001
 7.3304701e-001
 7.3141640e-001
 7.2977346e-001
 7.2811371e-001
 7.2643191e-001
 7.2472048e-001
 7.2297126e-001
 7.2117746e-001
 7.1933174e-001
 7.1742827e-001
 7.1546507e-001
 7.1344250e-001
 7.1136516e-001
 7.0924056e-001
 7.0708054e-001
 7.0489675e-001
 7.0270169e-001
 7.0050943e-001
 6.9833201e-001
 6.9618040e-001
 6.9406539e-001
 6.9199353e-001
 6.8996918e-001
 6.8799376e-001
 6.8606824e-001
 6.8419105e-001
 6.8236005e-001
 6.8057442e-001
 6.7883199e-001
 6.7713130e-001
 6.7547244e-001
 6.7385536e-001
 6.7228109e-001
 6.7075258e-001
 6.6927242e-001
 6.6784394e-001
 6.6647041e-001
 6.6515613e-001
 6.6390461e-001
 6.6271973e-001
 6.6160655e-001
 6.6056979e-001
 6.5961492e-001
 6.5874875e-001
 6.5797752e-001
 6.5730816e-001
 6.5674722e-001
 6.5630126e-001
 6.5597457e-001
 6.5576863e-001
 6.5567940e-001
 6.5569568e-001
 6.5579814e-001
 6.5596014e-001
 6.5614974e-001
 6.5633190e-001
 6.5647012e-001
 6.5652806e-001
 6.5647119e-001
 6.5626848e-001
 6.5589553e-001
 6.5533632e-001
 6.5458423e-001
 6.5364182e-001
 6.5251750e-001
 6.5122324e-001
 6.4977360e-001
 6.4818257e-001
 6.4646327e-001
 6.4462596e-001
 6.4267761e-001
 6.4061797e-001
 6.3844007e-001
 6.3613254e-001
 6.3367802e-001
 6.3105643e-001
 6.2824821e-001
 6.2523192e-001
 6.2198621e-001
 6.1849356e-001
 6.1473644e-001
 6.1070102e-001
 6.0637599e-001
 6.0175616e-001
 5.9683567e-001
 5.9160978e-001
 5.8607799e-001
 5.8023679e-001
 5.7408267e-001
 5.6761730e-001
 5.6083906e-001
 5.5374920e-001
 5.4634899e-001
 5.3864628e-001
 5.3064507e-001
 5.2234954e-001
 5.1377058e-001
 5.0491405e-001
 4.9578723e-001
 4.8640770e-001
 4.7679260e-001
 4.6696720e-001
 4.5697290e-001
 4.4685227e-001
 4.3665630e-001
 4.2643720e-001
 4.1625616e-001
 4.0616742e-001
 3.9622459e-001
 3.8648674e-001
 3.7700275e-001
 3.6781758e-001
 3.5897827e-001
 3.5052103e-001
 3.4248140e-001
 3.3489135e-001
 3.2778722e-001
 3.2119945e-001
 3.1515872e-001
 3.0969957e-001
 3.0485147e-001
 3.0064365e-001
 2.9710737e-001
 2.9427001e-001
 2.9215932e-001
 2.9080233e-001
 2.9022634e-001
 2.9045603e-001
 2.9151326e-001
 2.9341173e-001
 2.9615366e-001
 2.9972553e-001
 3.0409300e-001
 3.0920768e-001
 3.1500983e-001
 3.2142803e-001
 3.2839155e-001
 3.3582711e-001
 3.4366333e-001
 3.5182413e-001
 3.6024067e-001
 3.6884671e-001
 3.7757254e-001
 3.8635689e-001
 3.9514023e-001
 4.0385798e-001
 4.1245276e-001
 4.2086649e-001
 4.2904609e-001
 4.3693885e-001
 4.4450817e-001
 4.5173100e-001
 4.5859456e-001
 4.6510503e-001
 4.7127861e-001
 4.7713321e-001
 4.8269400e-001
 4.8798668e-001
 4.9303231e-001
 4.9785352e-001
 5.0246763e-001
 5.0688744e-001
 5.1111668e-001
 5.1515675e-001
 5.1900488e-001
 5.2265304e-001
 5.2609509e-001
 5.2932453e-001
 5.3233361e-001
 5.3511900e-001
 5.3768033e-001
 5.4002249e-001
 5.4215449e-001
 5.4409182e-001
 5.4585356e-001
 5.4745954e-001
 5.4893202e-001
 5.5029303e-001
 5.5156261e-001
 5.5275971e-001
 5.5389947e-001
 5.5499113e-001
 5.5603933e-001
 5.5704319e-001
 5.5799854e-001
 5.5889821e-001
 5.5973482e-001
 5.6050050e-001
 5.6118751e-001
 5.6178975e-001
 5.6230295e-001
 5.6272525e-001
 5.6305808e-001
 5.6330544e-001
 5.6347340e-001
 5.6356901e-001
 5.6359982e-001
 5.6357336e-001
 5.6349611e-001
 5.6337249e-001
 5.6320351e-001
 5.6298560e-001
 5.6270993e-001
 5.6236309e-001
 5.6192827e-001
 5.6138670e-001
 5.6071866e-001
 5.5990452e-001
 5.5892676e-001
 5.5777049e-001
 5.5642593e-001
 5.5489171e-001
 5.5317354e-001
 5.5128431e-001
 5.4924363e-001
 5.4707301e-001
 5.4479557e-001
 5.4243398e-001
 5.4001099e-001
 5.3754401e-001
 5.3504455e-001
 5.3251749e-001
 5.2995712e-001
 5.2734929e-001
 5.2467591e-001
 5.2191323e-001
 5.1903611e-001
 5.1602143e-001
 5.1284564e-001
 5.0948977e-001
 5.0594026e-001
 5.0219506e-001
 4.9825895e-001
 4.9414548e-001
 4.8987749e-001
 4.8547879e-001
 4.8097479e-001
 4.7639468e-001
 4.7176385e-001
 4.6710739e-001
 4.6244666e-001
 4.5780298e-001
 4.5319048e-001
 4.4861987e-001
 4.4410267e-001
 4.3964550e-001
 4.3525422e-001
 4.3093744e-001
 4.2670020e-001
 4.2254800e-001
 4.1848415e-001
 4.1451353e-001
 4.1063651e-001
 4.0685204e-001
 4.0316069e-001
 3.9955980e-001
 3.9604646e-001
 3.9262047e-001
 3.8927975e-001
 3.8602373e-001
 3.8285649e-001
 3.7978297e-001
 3.7681246e-001
 3.7395671e-001
 3.7123191e-001
 3.6865348e-001
 3.6623761e-001
 3.6400199e-001
 3.6196175e-001
 3.6013019e-001
 3.5851863e-001
 3.5713258e-001
 3.5597327e-001
 3.5503718e-001
 3.5431820e-001
 3.5380745e-001
 3.5349527e-001
 3.5337165e-001
 3.5342616e-001
 3.5364830e-001
 3.5402694e-001
 3.5455066e-001
 3.5520741e-001
 3.5598421e-001
 3.5686830e-001
 3.5784668e-001
 3.5890663e-001
 3.6003458e-001
 3.6121750e-001
 3.6244193e-001
 3.6369270e-001
 3.6495429e-001
 3.6620995e-001
 3.6744085e-001
 3.6862811e-001
 3.6975220e-001
 3.7079367e-001
 3.7173262e-001
 3.7255034e-001
 3.7322864e-001
 3.7374961e-001
 3.7408975e-001
 3.7419879e-001
 3.7417522e-001
 3.7401450e-001
 3.7374106e-001
 3.7337938e-001
 3.7295386e-001
 3.7248918e-001
 3.7200966e-001
 3.7153977e-001
 3.7110406e-001
 3.7072432e-001
 3.7039897e-001
 3.7011334e-001
 3.6985260e-001
 3.6960194e-001
 3.6934662e-001
 3.6907184e-001
 3.6876279e-001
 3.6840469e-001
 3.6798283e-001
 3.6748239e-001
 3.6688858e-001
 3.6618635e-001
 3.6536142e-001
 3.6440036e-001
 3.6330482e-001
 3.6208424e-001
 3.6074799e-001
 3.5930634e-001
 3.5776848e-001
 3.5614407e-001
 3.5444236e-001
 3.5267374e-001
 3.5084736e-001
 3.4897286e-001
 3.4705946e-001
 3.4511760e-001
 3.4315646e-001
 3.4118566e-001
 3.3921477e-001
 3.3725297e-001
 3.3531079e-001
 3.3339694e-001
 3.3151671e-001
 3.2967305e-001
 3.2787004e-001
 3.2611054e-001
 3.2439783e-001
 3.2273480e-001
 3.2112560e-001
 3.1957299e-001
 3.1808034e-001
 3.1665090e-001
 3.1528765e-001
 3.1399447e-001
 3.1277439e-001
 3.1163067e-001
 3.1056637e-001
 3.0958521e-001
 3.0869025e-001
 3.0788478e-001
 3.0717194e-001
 3.0655530e-001
 3.0603802e-001
 3.0562288e-001
 3.0530828e-001
 3.0509081e-001
 3.0496672e-001
 3.0493233e-001
 3.0498409e-001
 3.0511820e-001
 3.0533114e-001
 3.0561918e-001
 3.0597866e-001
 3.0640605e-001
 3.0689758e-001
 3.0744961e-001
 3.0805844e-001
 3.0872074e-001
 3.0943239e-001
 3.1018996e-001
 3.1098980e-001
 3.1182823e-001
 3.1270182e-001
 3.1360653e-001
 3.1453896e-001
 3.1549531e-001
 3.1647229e-001
 3.1746572e-001
 3.1847221e-001
 3.1948829e-001
 3.2051250e-001
 3.2154346e-001
 3.2258043e-001
 3.2362261e-001
 3.2466906e-001
 3.2571909e-001
 3.2677141e-001
 3.2782528e-001
 3.2887983e-001
 3.2993448e-001
 3.3098772e-001
 3.3203897e-001
 3.3308735e-001
 3.3413213e-001
 3.3517200e-001
 3.3620632e-001
 3.3723411e-001
 3.3825475e-001
 3.3926696e-001
 3.4026989e-001
 3.4126282e-001
 3.4224474e-001
 3.4321511e-001
 3.4417239e-001
 3.4511608e-001
 3.4604520e-001
 3.4695911e-001
 3.4785640e-001
 3.4873652e-001
 3.4959856e-001
 3.5044232e-001
 3.5126734e-001
 3.5207364e-001
