s07_ASD Record=4792: Gypsum SU2202                 BECKa AREF
 7.5977510e-001
 7.6046062e-001
 7.6121348e-001
 7.6203096e-001
 7.6289660e-001
 7.6378506e-001
 7.6467007e-001
 7.6553053e-001
 7.6635391e-001
 7.6713604e-001
 7.6787877e-001
 7.6858687e-001
 7.6926607e-001
 7.6992214e-001
 7.7056074e-001
 7.7118760e-001
 7.7180839e-001
 7.7242905e-001
 7.7305651e-001
 7.7369976e-001
 7.7436984e-001
 7.7507776e-001
 7.7583027e-001
 7.7662516e-001
 7.7745003e-001
 7.7828306e-001
 7.7910030e-001
 7.7988684e-001
 7.8064388e-001
 7.8138405e-001
 7.8212231e-001
 7.8286964e-001
 7.8363210e-001
 7.8441316e-001
 7.8521448e-001
 7.8603673e-001
 7.8687882e-001
 7.8773481e-001
 7.8859031e-001
 7.8942150e-001
 7.9020083e-001
 7.9090685e-001
 7.9153538e-001
 7.9210526e-001
 7.9265416e-001
 7.9322529e-001
 7.9385036e-001
 7.9453683e-001
 7.9526490e-001
 7.9599673e-001
 7.9669267e-001
 7.9732710e-001
 7.9789633e-001
 7.9841644e-001
 7.9891342e-001
 7.9941291e-001
 7.9993480e-001
 8.0049103e-001
 8.0108845e-001
 8.0173653e-001
 8.0242759e-001
 8.0312449e-001
 8.0380124e-001
 8.0442911e-001
 8.0496788e-001
 8.0541420e-001
 8.0580389e-001
 8.0617833e-001
 8.0656821e-001
 8.0698425e-001
 8.0741429e-001
 8.0783343e-001
 8.0822271e-001
 8.0858040e-001
 8.0892128e-001
 8.0926543e-001
 8.0962497e-001
 8.0999792e-001
 8.1037277e-001
 8.1073892e-001
 8.1109387e-001
 8.1144178e-001
 8.1178844e-001
 8.1213754e-001
 8.1249458e-001
 8.1287140e-001
 8.1328493e-001
 8.1374687e-001
 8.1425256e-001
 8.1478053e-001
 8.1530619e-001
 8.1582063e-001
 8.1633824e-001
 8.1688446e-001
 8.1747258e-001
 8.1808573e-001
 8.1867999e-001
 8.1920904e-001
 8.1965691e-001
 8.2004893e-001
 8.2043266e-001
 8.2084197e-001
 8.2127500e-001
 8.2170182e-001
 8.2209516e-001
 8.2246149e-001
 8.2283723e-001
 8.2324904e-001
 8.2367927e-001
 8.2407463e-001
 8.2439470e-001
 8.2465416e-001
 8.2491803e-001
 8.2525414e-001
 8.2568753e-001
 8.2619041e-001
 8.2670653e-001
 8.2718194e-001
 8.2758325e-001
 8.2790273e-001
 8.2815790e-001
 8.2838571e-001
 8.2862854e-001
 8.2891405e-001
 8.2923877e-001
 8.2956630e-001
 8.2984608e-001
 8.3004707e-001
 8.3018851e-001
 8.3034092e-001
 8.3058733e-001
 8.3096766e-001
 8.3144999e-001
 8.3195090e-001
 8.3238983e-001
 8.3273768e-001
 8.3302772e-001
 8.3332223e-001
 8.3365959e-001
 8.3402491e-001
 8.3436775e-001
 8.3464402e-001
 8.3484358e-001
 8.3499098e-001
 8.3513701e-001
 8.3535016e-001
 8.3569801e-001
 8.3621490e-001
 8.3687240e-001
 8.3757406e-001
 8.3818561e-001
 8.3860213e-001
 8.3881897e-001
 8.3894408e-001
 8.3912170e-001
 8.3942819e-001
 8.3983719e-001
 8.4027195e-001
 8.4067774e-001
 8.4105670e-001
 8.4145850e-001
 8.4193558e-001
 8.4248447e-001
 8.4302610e-001
 8.4346461e-001
 8.4376717e-001
 8.4397393e-001
 8.4413856e-001
 8.4428436e-001
 8.4441352e-001
 8.4453034e-001
 8.4464830e-001
 8.4479445e-001
 8.4500808e-001
 8.4531206e-001
 8.4568471e-001
 8.4607738e-001
 8.4645957e-001
 8.4683007e-001
 8.4719557e-001
 8.4757191e-001
 8.4800547e-001
 8.4855199e-001
 8.4920233e-001
 8.4984094e-001
 8.5031116e-001
 8.5054386e-001
 8.5061747e-001
 8.5068917e-001
 8.5088956e-001
 8.5128701e-001
 8.5188103e-001
 8.5255229e-001
 8.5306513e-001
 8.5323864e-001
 8.5314047e-001
 8.5304177e-001
 8.5316926e-001
 8.5354847e-001
 8.5406744e-001
 8.5461086e-001
 8.5511774e-001
 8.5557878e-001
 8.5602719e-001
 8.5650897e-001
 8.5701352e-001
 8.5743064e-001
 8.5764146e-001
 8.5770905e-001
 8.5792089e-001
 8.5853410e-001
 8.5948986e-001
 8.6047614e-001
 8.6126041e-001
 8.6186385e-001
 8.6242181e-001
 8.6297375e-001
 8.6341375e-001
 8.6360085e-001
 8.6351597e-001
 8.6334437e-001
 8.6336863e-001
 8.6370790e-001
 8.6418396e-001
 8.6452949e-001
 8.6469465e-001
 8.6484629e-001
 8.6510736e-001
 8.6543882e-001
 8.6577928e-001
 8.6617655e-001
 8.6672139e-001
 8.6738777e-001
 8.6799949e-001
 8.6838949e-001
 8.6856395e-001
 8.6866170e-001
 8.6878294e-001
 8.6892903e-001
 8.6909211e-001
 8.6932319e-001
 8.6968422e-001
 8.7016070e-001
 8.7064481e-001
 8.7101364e-001
 8.7122828e-001
 8.7135226e-001
 8.7147057e-001
 8.7159234e-001
 8.7165582e-001
 8.7165201e-001
 8.7168419e-001
 8.7185389e-001
 8.7213635e-001
 8.7240767e-001
 8.7256956e-001
 8.7264282e-001
 8.7277186e-001
 8.7308061e-001
 8.7346500e-001
 8.7364244e-001
 8.7349880e-001
 8.7326950e-001
 8.7325507e-001
 8.7347740e-001
 8.7376446e-001
 8.7401390e-001
 8.7420011e-001
 8.7428057e-001
 8.7423736e-001
 8.7413526e-001
 8.7411207e-001
 8.7430507e-001
 8.7471086e-001
 8.7513953e-001
 8.7537622e-001
 8.7534726e-001
 8.7513494e-001
 8.7491995e-001
 8.7487280e-001
 8.7502301e-001
 8.7524259e-001
 8.7540579e-001
 8.7555289e-001
 8.7579829e-001
 8.7609726e-001
 8.7626714e-001
 8.7626690e-001
 8.7628168e-001
 8.7644929e-001
 8.7666780e-001
 8.7675822e-001
 8.7671506e-001
 8.7672430e-001
 8.7694579e-001
 8.7730968e-001
 8.7759548e-001
 8.7771094e-001
 8.7774992e-001
 8.7776273e-001
 8.7768871e-001
 8.7758601e-001
 8.7770092e-001
 8.7818235e-001
 8.7886900e-001
 8.7943476e-001
 8.7965888e-001
 8.7954885e-001
 8.7930113e-001
 8.7917858e-001
 8.7936074e-001
 8.7983131e-001
 8.8039064e-001
 8.8079691e-001
 8.8091892e-001
 8.8080001e-001
 8.8059628e-001
 8.8045126e-001
 8.8041806e-001
 8.8044924e-001
 8.8045073e-001
 8.8037843e-001
 8.8030475e-001
 8.8037264e-001
 8.8066894e-001
 8.8114411e-001
 8.8164431e-001
 8.8201654e-001
 8.8219142e-001
 8.8219023e-001
 8.8208765e-001
 8.8197911e-001
 8.8195556e-001
 8.8207579e-001
 8.8234597e-001
 8.8272214e-001
 8.8312608e-001
 8.8346159e-001
 8.8363951e-001
 8.8361812e-001
 8.8343114e-001
 8.8317531e-001
 8.8297141e-001
 8.8292629e-001
 8.8309085e-001
 8.8340020e-001
 8.8364989e-001
 8.8359922e-001
 8.8316858e-001
 8.8255531e-001
 8.8212186e-001
 8.8211799e-001
 8.8247859e-001
 8.8287270e-001
 8.8303608e-001
 8.8294715e-001
 8.8271278e-001
 8.8244778e-001
 8.8225710e-001
 8.8234377e-001
 8.8291705e-001
 8.8374513e-001
 8.8411665e-001
 8.8372844e-001
 8.8321549e-001
 8.8325047e-001
 8.8364279e-001
 8.8384324e-001
 8.8378382e-001
 8.8379389e-001
 8.8408428e-001
 8.8455981e-001
 8.8496107e-001
 8.8511145e-001
 8.8505542e-001
 8.8496816e-001
 8.8498676e-001
 8.8513047e-001
 8.8531923e-001
 8.8545078e-001
 8.8547701e-001
 8.8543582e-001
 8.8543540e-001
 8.8559240e-001
 8.8592112e-001
 8.8623184e-001
 8.8624460e-001
 8.8596934e-001
 8.8580608e-001
 8.8601542e-001
 8.8633627e-001
 8.8641030e-001
 8.8628602e-001
 8.8623917e-001
 8.8636136e-001
 8.8649207e-001
 8.8645434e-001
 8.8624269e-001
 8.8601309e-001
 8.8601214e-001
 8.8627899e-001
 8.8654470e-001
 8.8665253e-001
 8.8673228e-001
 8.8692129e-001
 8.8715142e-001
 8.8717860e-001
 8.8679808e-001
 8.8611543e-001
 8.8554329e-001
 8.8546437e-001
 8.8588822e-001
 8.8646036e-001
 8.8679737e-001
 8.8678503e-001
 8.8658738e-001
 8.8644058e-001
 8.8651437e-001
 8.8689089e-001
 8.8755101e-001
 8.8828462e-001
 8.8871068e-001
 8.8853419e-001
 8.8788569e-001
 8.8725924e-001
 8.8709289e-001
 8.8748533e-001
 8.8815594e-001
 8.8862050e-001
 8.8860881e-001
 8.8830918e-001
 8.8799399e-001
 8.8790107e-001
 8.8802046e-001
 8.8824224e-001
 8.8845628e-001
 8.8857365e-001
 8.8864309e-001
 8.8876939e-001
 8.8905692e-001
 8.8958418e-001
 8.9025587e-001
 8.9090651e-001
 8.9137042e-001
 8.9150864e-001
 8.9135909e-001
 8.9103103e-001
 8.9063454e-001
 8.9027017e-001
 8.8997704e-001
 8.8974470e-001
 8.8965583e-001
 8.8968325e-001
 8.8981956e-001
 8.9003605e-001
 8.9030343e-001
 8.9059234e-001
 8.9087373e-001
 8.9112991e-001
 8.9135420e-001
 8.9154041e-001
 8.9168215e-001
 8.9177406e-001
 8.9182252e-001
 8.9184618e-001
 8.9186430e-001
 8.9189589e-001
 8.9195925e-001
 8.9205080e-001
 8.9214605e-001
 8.9221913e-001
 8.9224458e-001
 8.9219683e-001
 8.9205867e-001
 8.9184493e-001
 8.9157850e-001
 8.9128232e-001
 8.9097899e-001
 8.9069164e-001
 8.9044034e-001
 8.9023644e-001
 8.9008874e-001
 8.9000583e-001
 8.8999677e-001
 8.9007032e-001
 8.9023525e-001
 8.9049178e-001
 8.9080673e-001
 8.9113891e-001
 8.9144731e-001
 8.9169085e-001
 8.9182860e-001
 8.9181924e-001
 8.9162183e-001
 8.9121318e-001
 8.9063859e-001
 8.8995898e-001
 8.8923550e-001
 8.8852900e-001
 8.8790077e-001
 8.8741189e-001
 8.8712329e-001
 8.8707614e-001
 8.8723695e-001
 8.8755476e-001
 8.8797873e-001
 8.8845789e-001
 8.8894141e-001
 8.8937843e-001
 8.8971806e-001
 8.8992238e-001
 8.9000189e-001
 8.8997787e-001
 8.8987195e-001
 8.8970566e-001
 8.8950014e-001
 8.8927710e-001
 8.8905782e-001
 8.8886398e-001
 8.8871688e-001
 8.8863802e-001
 8.8864887e-001
 8.8876325e-001
 8.8896716e-001
 8.8924032e-001
 8.8956237e-001
 8.8991332e-001
 8.9027268e-001
 8.9062011e-001
 8.9093572e-001
 8.9119881e-001
 8.9138931e-001
 8.9148706e-001
 8.9147162e-001
 8.9133036e-001
 8.9107722e-001
 8.9073229e-001
 8.9031553e-001
 8.8984728e-001
 8.8934714e-001
 8.8883549e-001
 8.8833213e-001
 8.8785738e-001
 8.8743097e-001
 8.8707304e-001
 8.8679731e-001
 8.8659477e-001
 8.8645160e-001
 8.8635385e-001
 8.8628781e-001
 8.8623947e-001
 8.8619494e-001
 8.8614053e-001
 8.8606226e-001
 8.8594627e-001
 8.8578224e-001
 8.8557249e-001
 8.8532162e-001
 8.8503468e-001
 8.8471627e-001
 8.8437140e-001
 8.8400477e-001
 8.8362128e-001
 8.8322580e-001
 8.8282317e-001
 8.8241988e-001
 8.8202924e-001
 8.8166547e-001
 8.8134307e-001
 8.8107628e-001
 8.8087970e-001
 8.8076752e-001
 8.8075441e-001
 8.8085437e-001
 8.8108218e-001
 8.8144249e-001
 8.8190818e-001
 8.8244545e-001
 8.8302022e-001
 8.8359880e-001
 8.8414711e-001
 8.8463128e-001
 8.8501740e-001
 8.8527161e-001
 8.8537025e-001
 8.8532382e-001
 8.8515031e-001
 8.8486719e-001
 8.8449228e-001
 8.8404334e-001
 8.8353807e-001
 8.8299417e-001
 8.8243073e-001
 8.8187063e-001
 8.8133788e-001
 8.8085622e-001
 8.8044959e-001
 8.8014197e-001
 8.7995714e-001
 8.7991893e-001
 8.8003522e-001
 8.8026118e-001
 8.8054156e-001
 8.8082093e-001
 8.8104367e-001
 8.8115472e-001
 8.8109851e-001
 8.8081962e-001
 8.8029128e-001
 8.7957853e-001
 8.7876469e-001
 8.7799871e-001
 8.7726861e-001
 8.7669826e-001
 8.7634158e-001
 8.7619966e-001
 8.7622750e-001
 8.7634915e-001
 8.7647396e-001
 8.7650847e-001
 8.7637073e-001
 8.7601274e-001
 8.7543422e-001
 8.7466943e-001
 8.7376672e-001
 8.7277663e-001
 8.7174678e-001
 8.7071800e-001
 8.6972368e-001
 8.6879170e-001
 8.6794645e-001
 8.6720884e-001
 8.6659127e-001
 8.6609226e-001
 8.6569434e-001
 8.6536753e-001
 8.6507595e-001
 8.6478430e-001
 8.6446440e-001
 8.6410016e-001
 8.6368960e-001
 8.6324179e-001
 8.6277258e-001
 8.6230075e-001
 8.6184603e-001
 8.6142904e-001
 8.6107051e-001
 8.6079139e-001
 8.6061156e-001
 8.6054802e-001
 8.6061186e-001
 8.6157882e-001
 8.6182702e-001
 8.6215568e-001
 8.6255640e-001
 8.6301905e-001
 8.6353242e-001
 8.6408532e-001
 8.6466777e-001
 8.6527121e-001
 8.6589003e-001
 8.6652148e-001
 8.6716646e-001
 8.6782920e-001
 8.6851573e-001
 8.6923277e-001
 8.6998636e-001
 8.7077940e-001
 8.7161142e-001
 8.7247723e-001
 8.7336743e-001
 8.7426907e-001
 8.7516654e-001
 8.7604380e-001
 8.7688464e-001
 8.7767452e-001
 8.7840134e-001
 8.7905645e-001
 8.7963611e-001
 8.8014108e-001
 8.8057721e-001
 8.8095367e-001
 8.8128096e-001
 8.8156956e-001
 8.8182831e-001
 8.8206422e-001
 8.8228226e-001
 8.8248622e-001
 8.8267964e-001
 8.8286680e-001
 8.8305312e-001
 8.8324559e-001
 8.8345164e-001
 8.8367844e-001
 8.8393146e-001
 8.8421339e-001
 8.8452375e-001
 8.8485831e-001
 8.8521016e-001
 8.8557053e-001
 8.8592982e-001
 8.8627928e-001
 8.8661140e-001
 8.8692075e-001
 8.8720411e-001
 8.8745981e-001
 8.8768762e-001
 8.8788784e-001
 8.8806081e-001
 8.8820654e-001
 8.8832480e-001
 8.8841504e-001
 8.8847715e-001
 8.8851154e-001
 8.8851976e-001
 8.8850462e-001
 8.8847011e-001
 8.8842100e-001
 8.8836253e-001
 8.8829952e-001
 8.8823646e-001
 8.8817668e-001
 8.8812268e-001
 8.8807601e-001
 8.8803726e-001
 8.8800657e-001
 8.8798308e-001
 8.8796538e-001
 8.8795102e-001
 8.8793671e-001
 8.8791835e-001
 8.8789147e-001
 8.8785166e-001
 8.8779539e-001
 8.8772029e-001
 8.8762599e-001
 8.8751394e-001
 8.8738739e-001
 8.8725126e-001
 8.8711131e-001
 8.8697374e-001
 8.8684464e-001
 8.8672954e-001
 8.8663292e-001
 8.8655800e-001
 8.8650596e-001
 8.8647616e-001
 8.8646513e-001
 8.8646710e-001
 8.8647360e-001
 8.8647455e-001
 8.8645893e-001
 8.8641620e-001
 8.8633746e-001
 8.8621694e-001
 8.8605237e-001
 8.8584548e-001
 8.8560146e-001
 8.8532817e-001
 8.8503492e-001
 8.8473094e-001
 8.8442469e-001
 8.8412273e-001
 8.8382959e-001
 8.8354760e-001
 8.8327736e-001
 8.8301820e-001
 8.8276899e-001
 8.8252807e-001
 8.8229442e-001
 8.8206697e-001
 8.8184512e-001
 8.8162822e-001
 8.8141531e-001
 8.8120496e-001
 8.8099474e-001
 8.8078159e-001
 8.8056183e-001
 8.8033146e-001
 8.8008702e-001
 8.7982601e-001
 8.7954766e-001
 8.7925315e-001
 8.7894529e-001
 8.7862796e-001
 8.7830496e-001
 8.7797862e-001
 8.7764817e-001
 8.7730861e-001
 8.7695050e-001
 8.7656045e-001
 8.7612236e-001
 8.7561995e-001
 8.7503839e-001
 8.7436718e-001
 8.7360066e-001
 8.7273830e-001
 8.7178391e-001
 8.7074345e-001
 8.6962372e-001
 8.6843014e-001
 8.6716533e-001
 8.6582983e-001
 8.6442137e-001
 8.6293715e-001
 8.6137450e-001
 8.5973150e-001
 8.5800892e-001
 8.5620946e-001
 8.5433871e-001
 8.5240507e-001
 8.5041869e-001
 8.4839296e-001
 8.4634268e-001
 8.4428531e-001
 8.4223968e-001
 8.4022456e-001
 8.3825874e-001
 8.3635938e-001
 8.3454049e-001
 8.3281380e-001
 8.3118731e-001
 8.2966709e-001
 8.2825774e-001
 8.2696265e-001
 8.2578582e-001
 8.2473069e-001
 8.2380086e-001
 8.2299829e-001
 8.2232231e-001
 8.2176876e-001
 8.2132864e-001
 8.2098818e-001
 8.2072926e-001
 8.2053024e-001
 8.2036787e-001
 8.2021886e-001
 8.2006216e-001
 8.1988066e-001
 8.1966209e-001
 8.1939995e-001
 8.1909347e-001
 8.1874675e-001
 8.1836784e-001
 8.1796718e-001
 8.1755650e-001
 8.1714755e-001
 8.1675124e-001
 8.1637752e-001
 8.1603527e-001
 8.1573284e-001
 8.1547856e-001
 8.1528121e-001
 8.1515038e-001
 8.1509650e-001
 8.1513000e-001
 8.1526089e-001
 8.1549710e-001
 8.1584316e-001
 8.1629926e-001
 8.1685972e-001
 8.1751299e-001
 8.1824213e-001
 8.1902516e-001
 8.1983727e-001
 8.2065272e-001
 8.2144690e-001
 8.2219863e-001
 8.2289147e-001
 8.2351482e-001
 8.2406414e-001
 8.2454002e-001
 8.2494718e-001
 8.2529277e-001
 8.2558519e-001
 8.2583296e-001
 8.2604408e-001
 8.2622677e-001
 8.2638937e-001
 8.2654160e-001
 8.2669502e-001
 8.2686317e-001
 8.2706112e-001
 8.2730466e-001
 8.2760864e-001
 8.2798564e-001
 8.2844412e-001
 8.2898778e-001
 8.2961464e-001
 8.3031744e-001
 8.3108461e-001
 8.3190167e-001
 8.3275282e-001
 8.3362335e-001
 8.3450025e-001
 8.3537400e-001
 8.3623827e-001
 8.3708954e-001
 8.3792639e-001
 8.3874762e-001
 8.3955133e-001
 8.4033328e-001
 8.4108651e-001
 8.4180176e-001
 8.4246755e-001
 8.4307253e-001
 8.4360659e-001
 8.4406310e-001
 8.4444046e-001
 8.4474242e-001
 8.4497875e-001
 8.4516335e-001
 8.4531289e-001
 8.4544468e-001
 8.4557390e-001
 8.4571236e-001
 8.4586734e-001
 8.4604108e-001
 8.4623188e-001
 8.4643513e-001
 8.4664428e-001
 8.4685284e-001
 8.4705460e-001
 8.4724498e-001
 8.4742057e-001
 8.4757954e-001
 8.4772134e-001
 8.4784633e-001
 8.4795552e-001
 8.4805042e-001
 8.4813243e-001
 8.4820288e-001
 8.4826249e-001
 8.4831113e-001
 8.4834754e-001
 8.4836960e-001
 8.4837437e-001
 8.4835863e-001
 8.4831935e-001
 8.4825456e-001
 8.4816360e-001
 8.4804749e-001
 8.4790891e-001
 8.4775180e-001
 8.4758061e-001
 8.4739947e-001
 8.4721094e-001
 8.4701574e-001
 8.4681153e-001
 8.4659344e-001
 8.4635431e-001
 8.4608555e-001
 8.4577864e-001
 8.4542638e-001
 8.4502393e-001
 8.4456986e-001
 8.4406608e-001
 8.4351778e-001
 8.4293240e-001
 8.4231836e-001
 8.4168440e-001
 8.4103787e-001
 8.4038454e-001
 8.3972794e-001
 8.3906913e-001
 8.3840722e-001
 8.3773929e-001
 8.3706075e-001
 8.3636618e-001
 8.3564919e-001
 8.3490324e-001
 8.3412236e-001
 8.3330071e-001
 8.3243430e-001
 8.3152002e-001
 8.3055687e-001
 8.2954538e-001
 8.2848692e-001
 8.2738459e-001
 8.2624131e-001
 8.2506061e-001
 8.2384598e-001
 8.2260001e-001
 8.2132548e-001
 8.2002413e-001
 8.1869775e-001
 8.1734753e-001
 8.1597370e-001
 8.1457633e-001
 8.1315476e-001
 8.1170732e-001
 8.1023258e-001
 8.0872869e-001
 8.0719501e-001
 8.0563283e-001
 8.0404520e-001
 8.0243915e-001
 8.0082446e-001
 7.9921448e-001
 7.9762471e-001
 7.9607052e-001
 7.9456645e-001
 7.9312277e-001
 7.9174519e-001
 7.9043359e-001
 7.8918195e-001
 7.8798091e-001
 7.8681880e-001
 7.8568470e-001
 7.8456986e-001
 7.8346807e-001
 7.8237587e-001
 7.8129017e-001
 7.8020740e-001
 7.7912188e-001
 7.7802485e-001
 7.7690691e-001
 7.7575952e-001
 7.7457798e-001
 7.7336484e-001
 7.7213067e-001
 7.7089441e-001
 7.6968116e-001
 7.6851767e-001
 7.6742941e-001
 7.6643479e-001
 7.6554346e-001
 7.6475430e-001
 7.6405579e-001
 7.6342863e-001
 7.6284838e-001
 7.6228935e-001
 7.6172787e-001
 7.6114470e-001
 7.6052678e-001
 7.5986707e-001
 7.5916451e-001
 7.5842190e-001
 7.5764352e-001
 7.5683320e-001
 7.5599200e-001
 7.5511587e-001
 7.5419569e-001
 7.5321633e-001
 7.5215822e-001
 7.5099921e-001
 7.4971634e-001
 7.4828911e-001
 7.4670076e-001
 7.4494034e-001
 7.4300265e-001
 7.4088663e-001
 7.3859507e-001
 7.3613071e-001
 7.3349607e-001
 7.3069143e-001
 7.2771382e-001
 7.2456008e-001
 7.2122580e-001
 7.1770966e-001
 7.1401435e-001
 7.1014637e-001
 7.0611954e-001
 7.0195121e-001
 6.9766498e-001
 6.9328856e-001
 6.8885142e-001
 6.8438709e-001
 6.7993081e-001
 6.7551643e-001
 6.7117834e-001
 6.6694444e-001
 6.6283631e-001
 6.5886450e-001
 6.5502369e-001
 6.5129447e-001
 6.4763904e-001
 6.4400572e-001
 6.4033091e-001
 6.3654268e-001
 6.3256967e-001
 6.2834418e-001
 6.2381172e-001
 6.1893636e-001
 6.1370397e-001
 6.0813063e-001
 6.0226035e-001
 5.9617013e-001
 5.8996689e-001
 5.8378142e-001
 5.7776648e-001
 5.7208657e-001
 5.6690574e-001
 5.6238133e-001
 5.5864847e-001
 5.5581373e-001
 5.5394500e-001
 5.5306643e-001
 5.5315763e-001
 5.5415481e-001
 5.5595672e-001
 5.5843222e-001
 5.6143272e-001
 5.6480116e-001
 5.6838596e-001
 5.7204825e-001
 5.7566994e-001
 5.7915980e-001
 5.8245128e-001
 5.8550447e-001
 5.8829993e-001
 5.9083474e-001
 5.9311867e-001
 5.9516716e-001
 5.9699899e-001
 5.9863454e-001
 6.0009307e-001
 6.0139424e-001
 6.0255718e-001
 6.0360074e-001
 6.0454321e-001
 6.0539967e-001
 6.0618055e-001
 6.0688871e-001
 6.0751772e-001
 6.0805178e-001
 6.0846633e-001
 6.0873187e-001
 6.0881788e-001
 6.0869831e-001
 6.0835671e-001
 6.0779047e-001
 6.0701323e-001
 6.0605621e-001
 6.0496718e-001
 6.0380751e-001
 6.0264909e-001
 6.0156894e-001
 6.0064530e-001
 5.9995174e-001
 5.9955299e-001
 5.9950072e-001
 5.9983075e-001
 6.0056084e-001
 6.0169017e-001
 6.0320055e-001
 6.0505790e-001
 6.0721558e-001
 6.0961938e-001
 6.1220974e-001
 6.1492777e-001
 6.1771643e-001
 6.2052375e-001
 6.2330478e-001
 6.2602013e-001
 6.2863767e-001
 6.3112974e-001
 6.3347310e-001
 6.3564950e-001
 6.3764322e-001
 6.3944358e-001
 6.4104390e-001
 6.4244241e-001
 6.4364320e-001
 6.4465445e-001
 6.4548743e-001
 6.4615512e-001
 6.4666927e-001
 6.4703846e-001
 6.4726651e-001
 6.4735293e-001
 6.4729416e-001
 6.4708567e-001
 6.4672494e-001
 6.4621383e-001
 6.4555943e-001
 6.4477599e-001
 6.4388704e-001
 6.4292413e-001
 6.4192629e-001
 6.4093643e-001
 6.3999820e-001
 6.3915306e-001
 6.3843817e-001
 6.3788563e-001
 6.3752204e-001
 6.3736826e-001
 6.3744164e-001
 6.3775676e-001
 6.3832563e-001
 6.3915759e-001
 6.4025950e-001
 6.4163488e-001
 6.4328212e-001
 6.4519393e-001
 6.4735532e-001
 6.4974463e-001
 6.5233207e-001
 6.5508127e-001
 6.5795171e-001
 6.6089845e-001
 6.6387743e-001
 6.6684544e-001
 6.6976398e-001
 6.7260253e-001
 6.7533720e-001
 6.7795378e-001
 6.8044490e-001
 6.8281019e-001
 6.8505549e-001
 6.8718982e-001
 6.8922693e-001
 6.9118202e-001
 6.9307148e-001
 6.9491166e-001
 6.9671607e-001
 6.9849509e-001
 7.0025575e-001
 7.0200002e-001
 7.0372689e-001
 7.0543164e-001
 7.0710766e-001
 7.0874828e-001
 7.1034658e-001
 7.1189749e-001
 7.1339744e-001
 7.1484500e-001
 7.1624178e-001
 7.1759111e-001
 7.1889895e-001
 7.2017270e-001
 7.2142112e-001
 7.2265393e-001
 7.2388017e-001
 7.2510850e-001
 7.2634566e-001
 7.2759616e-001
 7.2886318e-001
 7.3014760e-001
 7.3144895e-001
 7.3276681e-001
 7.3410004e-001
 7.3544872e-001
 7.3681313e-001
 7.3819411e-001
 7.3959315e-001
 7.4101067e-001
 7.4244624e-001
 7.4389714e-001
 7.4535793e-001
 7.4682122e-001
 7.4827683e-001
 7.4971378e-001
 7.5112075e-001
 7.5248778e-001
 7.5380820e-001
 7.5507861e-001
 7.5630081e-001
 7.5748020e-001
 7.5862622e-001
 7.5975084e-001
 7.6086658e-001
 7.6198566e-001
 7.6311773e-001
 7.6426923e-001
 7.6544333e-001
 7.6663882e-001
 7.6785105e-001
 7.6907319e-001
 7.7029562e-001
 7.7150851e-001
 7.7270138e-001
 7.7386427e-001
 7.7498913e-001
 7.7606928e-001
 7.7710092e-001
 7.7808273e-001
 7.7901632e-001
 7.7990669e-001
 7.8076094e-001
 7.8158867e-001
 7.8240073e-001
 7.8320837e-001
 7.8402305e-001
 7.8485441e-001
 7.8571087e-001
 7.8659821e-001
 7.8751940e-001
 7.8847474e-001
 7.8946131e-001
 7.9047328e-001
 7.9150254e-001
 7.9253840e-001
 7.9356927e-001
 7.9458278e-001
 7.9556721e-001
 7.9651290e-001
 7.9741234e-001
 7.9826188e-001
 7.9906094e-001
 7.9981208e-001
 8.0052048e-001
 8.0119205e-001
 8.0183256e-001
 8.0244553e-001
 8.0303162e-001
 8.0358785e-001
 8.0410796e-001
 8.0458325e-001
 8.0500394e-001
 8.0536062e-001
 8.0564600e-001
 8.0585551e-001
 8.0598783e-001
 8.0604553e-001
 8.0603486e-001
 8.0596536e-001
 8.0584872e-001
 8.0569726e-001
 8.0552262e-001
 8.0533439e-001
 8.0513912e-001
 8.0493993e-001
 8.0473644e-001
 8.0452567e-001
 8.0430245e-001
 8.0406070e-001
 8.0379391e-001
 8.0349636e-001
 8.0316293e-001
 8.0278999e-001
 8.0237490e-001
 8.0191648e-001
 8.0141515e-001
 8.0087227e-001
 8.0029082e-001
 7.9967433e-001
 7.9902697e-001
 7.9835248e-001
 7.9765302e-001
 7.9692864e-001
 7.9617542e-001
 7.9538459e-001
 7.9454237e-001
 7.9362971e-001
 7.9262310e-001
 7.9149657e-001
 7.9022282e-001
 7.8877681e-001
 7.8713697e-001
 7.8528821e-001
 7.8322297e-001
 7.8094101e-001
 7.7845061e-001
 7.7576506e-001
 7.7290326e-001
 7.6988614e-001
 7.6673365e-001
 7.6346534e-001
 7.6009613e-001
 7.5663835e-001
 7.5310057e-001
 7.4948764e-001
 7.4580389e-001
 7.4205405e-001
 7.3824304e-001
 7.3438060e-001
 7.3047858e-001
 7.2655421e-001
 7.2262824e-001
 7.1872228e-001
 7.1486020e-001
 7.1106237e-001
 7.0734692e-001
 7.0372629e-001
 7.0020485e-001
 6.9678164e-001
 6.9344741e-001
 6.9018906e-001
 6.8699014e-001
 6.8383229e-001
 6.8070024e-001
 6.7758101e-001
 6.7446786e-001
 6.7136031e-001
 6.6826332e-001
 6.6518962e-001
 6.6215628e-001
 6.5918642e-001
 6.5630746e-001
 6.5354937e-001
 6.5094590e-001
 6.4853227e-001
 6.4634335e-001
 6.4441347e-001
 6.4277226e-001
 6.4144373e-001
 6.4044309e-001
 6.3977414e-001
 6.3942903e-001
 6.3938731e-001
 6.3961786e-001
 6.4008093e-001
 6.4073199e-001
 6.4152586e-001
 6.4242071e-001
 6.4338142e-001
 6.4438194e-001
 6.4540648e-001
 6.4644831e-001
 6.4750850e-001
 6.4859217e-001
 6.4970505e-001
 6.5085036e-001
 6.5202510e-001
 6.5321845e-001
 6.5441185e-001
 6.5557927e-001
 6.5669119e-001
 6.5771765e-001
 6.5863335e-001
 6.5942240e-001
 6.6008162e-001
 6.6062367e-001
 6.6107702e-001
 6.6148496e-001
 6.6190237e-001
 6.6238970e-001
 6.6300702e-001
 6.6380656e-001
 6.6482705e-001
 6.6608876e-001
 6.6759133e-001
 6.6931725e-001
 6.7123473e-001
 6.7330259e-001
 6.7547613e-001
 6.7770916e-001
 6.7995983e-001
 6.8219048e-001
 6.8436927e-001
 6.8647170e-001
 6.8848002e-001
 6.9038367e-001
 6.9217914e-001
 6.9386744e-001
 6.9545430e-001
 6.9694746e-001
 6.9835675e-001
 6.9969332e-001
 7.0096844e-001
 7.0223463e-001
 7.0340949e-001
 7.0455950e-001
 7.0569539e-001
 7.0682454e-001
 7.0795035e-001
 7.0907015e-001
 7.1017599e-001
 7.1125686e-001
 7.1229905e-001
 7.1328908e-001
 7.1421307e-001
 7.1505874e-001
 7.1581620e-001
 7.1647918e-001
 7.1704590e-001
 7.1751946e-001
 7.1790713e-001
 7.1821982e-001
 7.1847022e-001
 7.1867210e-001
 7.1883953e-001
 7.1898556e-001
 7.1912199e-001
 7.1925747e-001
 7.1939665e-001
 7.1953994e-001
 7.1968335e-001
 7.1982020e-001
 7.1994179e-001
 7.2003883e-001
 7.2010177e-001
 7.2012138e-001
 7.2008955e-001
 7.1999967e-001
 7.1984732e-001
 7.1963048e-001
 7.1934927e-001
 7.1900547e-001
 7.1860170e-001
 7.1814108e-001
 7.1762615e-001
 7.1705884e-001
 7.1643859e-001
 7.1576107e-001
 7.1501726e-001
 7.1419209e-001
 7.1326578e-001
 7.1221489e-001
 7.1101344e-001
 7.0963508e-001
 7.0805323e-001
 7.0624340e-001
 7.0418513e-001
 7.0186329e-001
 6.9927239e-001
 6.9641525e-001
 6.9330412e-001
 6.8995756e-001
 6.8639666e-001
 6.8264598e-001
 6.7872864e-001
 6.7466849e-001
 6.7048728e-001
 6.6620237e-001
 6.6182792e-001
 6.5737349e-001
 6.5284240e-001
 6.4823699e-001
 6.4355552e-001
 6.3879687e-001
 6.3395977e-001
 6.2904137e-001
 6.2404174e-001
 6.1895972e-001
 6.1379737e-001
 6.0855836e-001
 6.0324585e-001
 5.9786683e-001
 5.9242612e-001
 5.8693105e-001
 5.8138877e-001
 5.7580459e-001
 5.7018650e-001
 5.6453937e-001
 5.5887002e-001
 5.5318487e-001
 5.4748815e-001
 5.4178590e-001
 5.3608406e-001
 5.3038633e-001
 5.2469915e-001
 5.1902592e-001
 5.1337141e-001
 5.0773948e-001
 5.0213075e-001
 4.9654710e-001
 4.9098641e-001
 4.8544762e-001
 4.7992912e-001
 4.7442701e-001
 4.6893984e-001
 4.6346322e-001
 4.5799419e-001
 4.5252922e-001
 4.4706163e-001
 4.4158620e-001
 4.3609414e-001
 4.3057775e-001
 4.2502898e-001
 4.1943756e-001
 4.1379586e-001
 4.0809372e-001
 4.0232354e-001
 3.9647838e-001
 3.9055023e-001
 3.8453415e-001
 3.7842643e-001
 3.7222180e-001
 3.6591843e-001
 3.5951200e-001
 3.5300148e-001
 3.4638816e-001
 3.3967543e-001
 3.3287740e-001
 3.2601526e-001
 3.1912395e-001
 3.1224853e-001
 3.0543923e-001
 2.9875404e-001
 2.9224965e-001
 2.8598547e-001
 2.8001934e-001
 2.7440357e-001
 2.6918763e-001
 2.6441064e-001
 2.6010507e-001
 2.5629529e-001
 2.5299874e-001
 2.5023073e-001
 2.4800435e-001
 2.4633062e-001
 2.4521959e-001
 2.4467714e-001
 2.4470387e-001
 2.4529235e-001
 2.4642687e-001
 2.4808352e-001
 2.5023338e-001
 2.5284350e-001
 2.5587875e-001
 2.5930369e-001
 2.6307949e-001
 2.6716539e-001
 2.7151334e-001
 2.7606720e-001
 2.8076363e-001
 2.8552908e-001
 2.9028648e-001
 2.9495367e-001
 2.9944745e-001
 3.0368802e-001
 3.0759948e-001
 3.1111804e-001
 3.1420091e-001
 3.1683066e-001
 3.1902090e-001
 3.2081124e-001
 3.2226121e-001
 3.2344270e-001
 3.2443246e-001
 3.2530904e-001
 3.2614851e-001
 3.2702157e-001
 3.2798970e-001
 3.2910126e-001
 3.3039081e-001
 3.3187976e-001
 3.3357996e-001
 3.3549821e-001
 3.3763781e-001
 3.4000230e-001
 3.4259510e-001
 3.4542143e-001
 3.4849098e-001
 3.5181653e-001
 3.5541746e-001
 3.5931665e-001
 3.6354008e-001
 3.6811724e-001
 3.7307638e-001
 3.7844405e-001
 3.8424405e-001
 3.9048758e-001
 3.9717224e-001
 4.0427104e-001
 4.1173211e-001
 4.1948390e-001
 4.2743477e-001
 4.3548709e-001
 4.4353524e-001
 4.5147854e-001
 4.5921448e-001
 4.6665671e-001
 4.7373670e-001
 4.8040530e-001
 4.8664552e-001
 4.9246299e-001
 4.9788257e-001
 5.0293618e-001
 5.0766462e-001
 5.1211011e-001
 5.1631063e-001
 5.2030462e-001
 5.2412504e-001
 5.2779520e-001
 5.3133315e-001
 5.3474909e-001
 5.3804874e-001
 5.4123241e-001
 5.4430109e-001
 5.4725528e-001
 5.5009311e-001
 5.5281508e-001
 5.5542189e-001
 5.5791265e-001
 5.6028903e-001
 5.6255299e-001
 5.6470501e-001
 5.6674767e-001
 5.6868291e-001
 5.7051355e-001
 5.7224131e-001
 5.7387018e-001
 5.7540548e-001
 5.7685328e-001
 5.7822293e-001
 5.7952553e-001
 5.8077276e-001
 5.8197790e-001
 5.8315420e-001
 5.8431470e-001
 5.8547026e-001
 5.8662945e-001
 5.8779556e-001
 5.8896440e-001
 5.9012473e-001
 5.9125835e-001
 5.9234124e-001
 5.9334725e-001
 5.9424877e-001
 5.9501815e-001
 5.9563053e-001
 5.9606606e-001
 5.9631312e-001
 5.9637153e-001
 5.9625399e-001
 5.9598446e-001
 5.9559536e-001
 5.9512419e-001
 5.9461045e-001
 5.9409398e-001
 5.9361213e-001
 5.9319758e-001
 5.9287459e-001
 5.9265655e-001
 5.9254402e-001
 5.9252661e-001
 5.9258556e-001
 5.9269714e-001
 5.9283555e-001
 5.9297419e-001
 5.9308767e-001
 5.9315294e-001
 5.9315115e-001
 5.9306931e-001
 5.9290075e-001
 5.9264451e-001
 5.9230393e-001
 5.9188497e-001
 5.9139442e-001
 5.9084022e-001
 5.9022957e-001
 5.8956951e-001
 5.8886665e-001
 5.8812636e-001
 5.8735299e-001
 5.8654970e-001
 5.8571965e-001
 5.8486491e-001
 5.8398730e-001
 5.8308911e-001
 5.8217198e-001
 5.8123696e-001
 5.8028543e-001
 5.7931745e-001
 5.7833236e-001
 5.7732874e-001
 5.7630533e-001
 5.7525980e-001
 5.7418972e-001
 5.7309359e-001
 5.7196927e-001
 5.7081550e-001
 5.6963283e-001
 5.6842256e-001
 5.6718767e-001
 5.6593353e-001
 5.6466573e-001
 5.6339097e-001
 5.6211579e-001
 5.6084776e-001
 5.5959326e-001
 5.5835819e-001
 5.5714852e-001
 5.5596811e-001
 5.5481941e-001
 5.5370474e-001
 5.5262458e-001
 5.5157918e-001
 5.5056828e-001
 5.4959226e-001
 5.4865074e-001
 5.4774332e-001
 5.4687023e-001
 5.4603106e-001
 5.4522538e-001
 5.4445332e-001
 5.4371434e-001
 5.4300797e-001
 5.4233414e-001
 5.4169190e-001
 5.4108006e-001
 5.4049575e-001
 5.3993440e-001
 5.3938806e-001
 5.3884542e-001
 5.3829265e-001
 5.3771329e-001
 5.3708959e-001
 5.3640389e-001
 5.3563839e-001
 5.3477687e-001
 5.3380597e-001
 5.3271830e-001
 5.3151298e-001
 5.3019673e-001
 5.2878445e-001
 5.2729517e-001
 5.2575117e-001
 5.2417696e-001
 5.2259612e-001
 5.2103084e-001
 5.1950151e-001
 5.1802218e-001
 5.1660049e-001
 5.1523602e-001
 5.1392257e-001
 5.1264775e-001
 5.1139623e-001
 5.1015222e-001
 5.0889921e-001
 5.0762200e-001
 5.0630945e-001
 5.0495511e-001
 5.0355995e-001
 5.0213295e-001
 5.0069135e-001
 4.9925685e-001
 4.9785423e-001
 4.9651074e-001
 4.9525246e-001
 4.9410388e-001
 4.9308649e-001
 4.9221447e-001
 4.9149355e-001
 4.9092022e-001
 4.9048179e-001
 4.9015933e-001
 4.8993000e-001
 4.8976934e-001
 4.8965222e-001
 4.8955402e-001
 4.8945159e-001
 4.8932409e-001
 4.8915389e-001
 4.8892710e-001
 4.8863298e-001
 4.8826322e-001
 4.8781091e-001
 4.8727015e-001
 4.8663527e-001
 4.8590118e-001
 4.8506427e-001
 4.8412222e-001
 4.8307499e-001
 4.8192587e-001
 4.8067975e-001
 4.7934356e-001
 4.7792488e-001
 4.7643298e-001
 4.7487667e-001
 4.7326565e-001
 4.7161251e-001
 4.6993163e-001
 4.6824139e-001
 4.6656576e-001
 4.6493140e-001
 4.6336797e-001
 4.6190795e-001
 4.6058330e-001
 4.5942605e-001
 4.5846632e-001
 4.5773149e-001
 4.5724225e-001
 4.5701161e-001
 4.5704380e-001
 4.5733494e-001
 4.5787543e-001
 4.5865172e-001
 4.5964879e-001
 4.6085042e-001
 4.6223968e-001
 4.6379685e-001
 4.6550030e-001
 4.6732455e-001
 4.6923852e-001
 4.7120851e-001
 4.7319800e-001
 4.7516736e-001
 4.7707802e-001
 4.7889200e-001
 4.8057273e-001
 4.8209068e-001
 4.8342523e-001
 4.8456880e-001
 4.8552722e-001
 4.8631984e-001
 4.8697537e-001
 4.8752761e-001
 4.8801312e-001
 4.8846841e-001
 4.8892680e-001
 4.8941565e-001
 4.8995164e-001
 4.9053717e-001
 4.9115828e-001
 4.9178702e-001
 4.9238485e-001
 4.9290663e-001
 4.9330506e-001
 4.9353331e-001
 4.9354857e-001
 4.9331743e-001
 4.9282175e-001
 4.9206477e-001
 4.9107265e-001
 4.8989266e-001
 4.8858714e-001
 4.8722860e-001
 4.8589253e-001
 4.8465443e-001
 4.8358643e-001
 4.8275015e-001
 4.8219121e-001
 4.8193365e-001
 4.8197675e-001
 4.8229790e-001
 4.8285845e-001
 4.8360980e-001
 4.8449919e-001
 4.8547360e-001
 4.8648202e-001
 4.8748100e-001
 4.8843855e-001
 4.8933777e-001
 4.9017984e-001
 4.9098152e-001
 4.9177071e-001
 4.9258256e-001
 4.9345508e-001
 4.9442625e-001
 4.9553010e-001
 4.9679357e-001
 4.9823090e-001
 4.9983785e-001
 5.0159162e-001
 5.0345224e-001
 5.0536531e-001
 5.0727028e-001
 5.0910282e-001
 5.1079929e-001
 5.1229876e-001
 5.1355022e-001
 5.1451743e-001
 5.1518351e-001
 5.1555485e-001
 5.1565737e-001
 5.1553214e-001
 5.1522899e-001
 5.1480174e-001
 5.1430523e-001
 5.1379216e-001
 5.1331037e-001
 5.1289922e-001
 5.1258695e-001
 5.1238889e-001
 5.1230896e-001
 5.1234287e-001
 5.1248091e-001
 5.1271123e-001
 5.1302040e-001
 5.1339430e-001
 5.1381773e-001
 5.1427382e-001
 5.1474291e-001
 5.1520324e-001
 5.1563054e-001
 5.1599866e-001
 5.1628071e-001
 5.1644951e-001
 5.1647866e-001
 5.1634419e-001
 5.1602703e-001
 5.1551622e-001
 5.1481253e-001
 5.1392865e-001
 5.1288843e-001
 5.1172465e-001
 5.1047432e-001
 5.0917649e-001
 5.0787103e-001
 5.0659472e-001
 5.0537908e-001
 5.0424767e-001
 5.0321132e-001
 5.0226778e-001
 5.0140280e-001
 5.0059396e-001
 4.9981302e-001
 4.9902943e-001
 4.9821311e-001
 4.9733528e-001
 4.9637148e-001
 4.9530518e-001
 4.9412924e-001
 4.9284756e-001
 4.9147382e-001
 4.9003005e-001
 4.8854190e-001
 4.8703676e-001
 4.8554313e-001
 4.8408622e-001
 4.8268592e-001
 4.8135418e-001
 4.8008966e-001
 4.7887751e-001
 4.7769189e-001
 4.7649777e-001
 4.7525591e-001
 4.7392496e-001
 4.7246540e-001
 4.7083974e-001
 4.6901664e-001
 4.6697575e-001
 4.6470842e-001
 4.6222004e-001
 4.5953122e-001
 4.5667127e-001
 4.5367655e-001
 4.5058575e-001
 4.4744042e-001
 4.4427946e-001
 4.4114071e-001
 4.3806309e-001
 4.3518466e-001
 4.3301839e-001
 4.3026912e-001
 4.2759395e-001
 4.2496714e-001
 4.2236370e-001
 4.1975805e-001
 4.1712651e-001
 4.1444340e-001
 4.1168374e-001
 4.0882263e-001
 4.0583682e-001
 4.0272895e-001
 3.9951226e-001
 3.9620104e-001
 3.9280862e-001
 3.8935065e-001
 3.8584062e-001
 3.8229266e-001
 3.7872010e-001
 3.7513879e-001
 3.7156200e-001
 3.6800399e-001
 3.6447802e-001
 3.6099997e-001
 3.5758236e-001
 3.5423136e-001
 3.5094932e-001
 3.4773776e-001
 3.4460053e-001
 3.4153914e-001
 3.3855587e-001
 3.3565235e-001
 3.3283225e-001
 3.3009714e-001
 3.2744938e-001
 3.2489061e-001
 3.2242432e-001
 3.2005224e-001
 3.1777665e-001
 3.1559980e-001
 3.1352356e-001
 3.1155121e-001
 3.0968404e-001
 3.0791986e-001
 3.0625400e-001
 3.0468294e-001
 3.0320188e-001
 3.0180654e-001
 3.0049226e-001
 2.9925540e-001
 2.9809123e-001
 2.9699546e-001
 2.9596373e-001
 2.9499155e-001
 2.9407498e-001
 2.9320949e-001
 2.9239073e-001
 2.9161420e-001
 2.9087597e-001
 2.9017147e-001
 2.8949642e-001
 2.8884631e-001
 2.8821710e-001
 2.8760433e-001
 2.8700396e-001
 2.8641409e-001
 2.8583437e-001
 2.8526419e-001
 2.8470290e-001
 2.8414997e-001
 2.8360471e-001
 2.8306681e-001
 2.8253555e-001
 2.8201041e-001
 2.8149068e-001
 2.8097609e-001
 2.8046584e-001
 2.7995944e-001
 2.7945623e-001
 2.7895582e-001
 2.7845758e-001
 2.7796090e-001
 2.7746525e-001
 2.7696994e-001
 2.7647462e-001
 2.7597865e-001
 2.7548140e-001
 2.7498230e-001
 2.7448088e-001
 2.7397659e-001
 2.7346885e-001
 2.7295849e-001
 2.7244708e-001
 2.7193591e-001
 2.7142638e-001
 2.7091986e-001
 2.7041766e-001
 2.6992136e-001
 2.6943231e-001
 2.6895186e-001
 2.6848131e-001
 2.6802230e-001
 2.6757604e-001
 2.6714405e-001
 2.6672751e-001
 2.6632807e-001
 2.6594707e-001
 2.6558581e-001
 2.6524568e-001
 2.6492825e-001
 2.6463473e-001
 2.6436660e-001
 2.6412526e-001
 2.6391205e-001
 2.6372847e-001
 2.6357585e-001
 2.6345554e-001
 2.6336905e-001
 2.6331770e-001
 2.6330289e-001
 2.6332575e-001
 2.6338524e-001
 2.6347911e-001
 2.6360530e-001
