s07_ASD Record=11986: Vermiculite GDS13 Llano       BECKa AREF
 5.2005643e-001
 5.2413225e-001
 5.2824032e-001
 5.3228903e-001
 5.3618515e-001
 5.3985530e-001
 5.4325891e-001
 5.4638773e-001
 5.4926151e-001
 5.5191940e-001
 5.5441016e-001
 5.5678344e-001
 5.5908483e-001
 5.6135434e-001
 5.6362450e-001
 5.6591874e-001
 5.6825155e-001
 5.7063198e-001
 5.7306343e-001
 5.7554084e-001
 5.7804483e-001
 5.8054000e-001
 5.8298284e-001
 5.8533609e-001
 5.8758301e-001
 5.8973587e-001
 5.9183544e-001
 5.9393007e-001
 5.9604454e-001
 5.9816819e-001
 6.0026568e-001
 6.0229820e-001
 6.0423559e-001
 6.0605878e-001
 6.0776669e-001
 6.0938191e-001
 6.1094081e-001
 6.1248249e-001
 6.1404181e-001
 6.1564124e-001
 6.1728311e-001
 6.1894423e-001
 6.2057608e-001
 6.2211704e-001
 6.2351435e-001
 6.2474936e-001
 6.2584859e-001
 6.2687063e-001
 6.2787336e-001
 6.2888288e-001
 6.2988544e-001
 6.3084757e-001
 6.3174832e-001
 6.3260013e-001
 6.3344616e-001
 6.3434100e-001
 6.3532782e-001
 6.3641781e-001
 6.3759363e-001
 6.3881344e-001
 6.3998467e-001
 6.4104801e-001
 6.4198679e-001
 6.4277709e-001
 6.4340591e-001
 6.4391917e-001
 6.4437866e-001
 6.4483553e-001
 6.4533418e-001
 6.4591217e-001
 6.4659113e-001
 6.4736658e-001
 6.4820874e-001
 6.4907300e-001
 6.4991391e-001
 6.5069622e-001
 6.5140009e-001
 6.5202063e-001
 6.5256536e-001
 6.5305173e-001
 6.5350693e-001
 6.5396649e-001
 6.5447068e-001
 6.5505677e-001
 6.5574962e-001
 6.5655202e-001
 6.5744102e-001
 6.5837169e-001
 6.5928882e-001
 6.6014373e-001
 6.6091073e-001
 6.6159785e-001
 6.6224509e-001
 6.6291088e-001
 6.6364831e-001
 6.6448212e-001
 6.6539365e-001
 6.6632611e-001
 6.6721386e-001
 6.6801727e-001
 6.6873890e-001
 6.6940928e-001
 6.7005801e-001
 6.7069244e-001
 6.7129433e-001
 6.7183703e-001
 6.7231202e-001
 6.7274988e-001
 6.7322302e-001
 6.7381924e-001
 6.7458963e-001
 6.7550170e-001
 6.7644054e-001
 6.7726696e-001
 6.7789173e-001
 6.7830420e-001
 6.7853999e-001
 6.7863023e-001
 6.7859358e-001
 6.7847919e-001
 6.7840505e-001
 6.7852932e-001
 6.7895758e-001
 6.7966402e-001
 6.8050385e-001
 6.8131357e-001
 6.8201804e-001
 6.8265945e-001
 6.8333834e-001
 6.8412352e-001
 6.8500191e-001
 6.8589681e-001
 6.8673056e-001
 6.8747997e-001
 6.8818462e-001
 6.8890744e-001
 6.8968034e-001
 6.9047499e-001
 6.9122082e-001
 6.9185460e-001
 6.9236612e-001
 6.9280857e-001
 6.9327712e-001
 6.9388008e-001
 6.9471633e-001
 6.9583875e-001
 6.9720155e-001
 6.9864172e-001
 6.9994563e-001
 7.0097017e-001
 7.0171684e-001
 7.0229930e-001
 7.0285195e-001
 7.0346636e-001
 7.0418596e-001
 7.0501655e-001
 7.0591623e-001
 7.0678943e-001
 7.0753324e-001
 7.0812434e-001
 7.0866472e-001
 7.0932555e-001
 7.1022701e-001
 7.1135736e-001
 7.1259046e-001
 7.1375710e-001
 7.1470499e-001
 7.1534455e-001
 7.1570092e-001
 7.1592408e-001
 7.1620351e-001
 7.1665168e-001
 7.1727067e-001
 7.1799541e-001
 7.1872413e-001
 7.1933502e-001
 7.1975362e-001
 7.2002172e-001
 7.2025323e-001
 7.2050619e-001
 7.2074682e-001
 7.2096050e-001
 7.2124577e-001
 7.2172463e-001
 7.2235876e-001
 7.2294420e-001
 7.2335917e-001
 7.2374219e-001
 7.2429711e-001
 7.2495633e-001
 7.2539192e-001
 7.2539514e-001
 7.2513753e-001
 7.2500485e-001
 7.2523439e-001
 7.2577161e-001
 7.2644293e-001
 7.2715741e-001
 7.2787684e-001
 7.2848505e-001
 7.2884172e-001
 7.2897637e-001
 7.2911680e-001
 7.2948760e-001
 7.3012793e-001
 7.3090619e-001
 7.3165011e-001
 7.3224461e-001
 7.3265332e-001
 7.3289680e-001
 7.3302317e-001
 7.3308551e-001
 7.3312753e-001
 7.3317647e-001
 7.3324817e-001
 7.3336840e-001
 7.3360163e-001
 7.3405129e-001
 7.3479867e-001
 7.3579937e-001
 7.3681271e-001
 7.3745233e-001
 7.3738253e-001
 7.3656917e-001
 7.3539817e-001
 7.3450506e-001
 7.3437202e-001
 7.3501104e-001
 7.3602366e-001
 7.3693538e-001
 7.3746145e-001
 7.3757011e-001
 7.3744851e-001
 7.3741108e-001
 7.3770279e-001
 7.3829311e-001
 7.3887932e-001
 7.3917133e-001
 7.3922247e-001
 7.3941714e-001
 7.4002552e-001
 7.4084371e-001
 7.4144584e-001
 7.4171728e-001
 7.4192262e-001
 7.4231172e-001
 7.4289626e-001
 7.4359339e-001
 7.4436480e-001
 7.4512863e-001
 7.4568594e-001
 7.4596012e-001
 7.4627292e-001
 7.4706894e-001
 7.4826783e-001
 7.4925536e-001
 7.4964464e-001
 7.4959189e-001
 7.4937677e-001
 7.4912798e-001
 7.4896175e-001
 7.4904168e-001
 7.4945372e-001
 7.5018197e-001
 7.5114143e-001
 7.5212365e-001
 7.5292850e-001
 7.5360107e-001
 7.5420439e-001
 7.5450742e-001
 7.5434560e-001
 7.5400609e-001
 7.5386047e-001
 7.5394303e-001
 7.5415915e-001
 7.5456029e-001
 7.5513488e-001
 7.5565338e-001
 7.5597918e-001
 7.5618088e-001
 7.5627601e-001
 7.5632918e-001
 7.5668085e-001
 7.5752831e-001
 7.5850374e-001
 7.5911987e-001
 7.5929087e-001
 7.5921172e-001
 7.5901914e-001
 7.5877368e-001
 7.5864458e-001
 7.5892484e-001
 7.5974381e-001
 7.6077020e-001
 7.6140404e-001
 7.6137036e-001
 7.6095265e-001
 7.6060146e-001
 7.6055497e-001
 7.6087153e-001
 7.6152617e-001
 7.6234955e-001
 7.6308596e-001
 7.6362842e-001
 7.6402080e-001
 7.6419270e-001
 7.6398033e-001
 7.6350802e-001
 7.6322913e-001
 7.6343781e-001
 7.6400799e-001
 7.6469809e-001
 7.6541454e-001
 7.6608270e-001
 7.6654720e-001
 7.6675320e-001
 7.6684690e-001
 7.6699150e-001
 7.6720017e-001
 7.6736021e-001
 7.6738280e-001
 7.6732814e-001
 7.6742196e-001
 7.6792008e-001
 7.6887405e-001
 7.7000505e-001
 7.7084339e-001
 7.7106637e-001
 7.7074468e-001
 7.7026337e-001
 7.7002370e-001
 7.7021539e-001
 7.7079195e-001
 7.7155548e-001
 7.7223682e-001
 7.7257758e-001
 7.7243805e-001
 7.7187026e-001
 7.7108335e-001
 7.7033842e-001
 7.6986271e-001
 7.6980633e-001
 7.7020866e-001
 7.7097654e-001
 7.7191222e-001
 7.7277786e-001
 7.7336162e-001
 7.7355558e-001
 7.7345824e-001
 7.7340674e-001
 7.7379262e-001
 7.7470565e-001
 7.7572531e-001
 7.7621281e-001
 7.7605599e-001
 7.7566844e-001
 7.7548617e-001
 7.7569038e-001
 7.7616155e-001
 7.7668434e-001
 7.7704835e-001
 7.7686632e-001
 7.7572423e-001
 7.7398956e-001
 7.7292669e-001
 7.7320135e-001
 7.7398145e-001
 7.7443349e-001
 7.7499616e-001
 7.7606148e-001
 7.7671045e-001
 7.7607208e-001
 7.7481627e-001
 7.7417421e-001
 7.7440482e-001
 7.7496201e-001
 7.7539361e-001
 7.7558035e-001
 7.7558184e-001
 7.7561259e-001
 7.7589846e-001
 7.7624059e-001
 7.7609158e-001
 7.7556854e-001
 7.7577180e-001
 7.7726752e-001
 7.7900964e-001
 7.7967411e-001
 7.7925152e-001
 7.7861702e-001
 7.7829051e-001
 7.7810740e-001
 7.7775121e-001
 7.7740711e-001
 7.7768987e-001
 7.7857471e-001
 7.7901483e-001
 7.7827394e-001
 7.7666229e-001
 7.7553302e-001
 7.7579659e-001
 7.7689224e-001
 7.7799016e-001
 7.7869129e-001
 7.7887201e-001
 7.7872056e-001
 7.7867305e-001
 7.7907550e-001
 7.7972329e-001
 7.7987933e-001
 7.7894920e-001
 7.7724952e-001
 7.7595925e-001
 7.7616471e-001
 7.7785093e-001
 7.7991509e-001
 7.8116155e-001
 7.8118593e-001
 7.8039527e-001
 7.7938724e-001
 7.7851647e-001
 7.7786529e-001
 7.7744901e-001
 7.7736855e-001
 7.7778506e-001
 7.7875245e-001
 7.8005350e-001
 7.8115058e-001
 7.8133732e-001
 7.8048956e-001
 7.7881062e-001
 7.7711475e-001
 7.7599114e-001
 7.7552807e-001
 7.7561307e-001
 7.7613312e-001
 7.7695906e-001
 7.7785712e-001
 7.7855098e-001
 7.7876437e-001
 7.7829027e-001
 7.7737755e-001
 7.7645963e-001
 7.7597058e-001
 7.7626061e-001
 7.7712762e-001
 7.7814496e-001
 7.7888572e-001
 7.7899510e-001
 7.7859968e-001
 7.7793026e-001
 7.7754736e-001
 7.7766997e-001
 7.7831763e-001
 7.7921849e-001
 7.8008837e-001
 7.8064299e-001
 7.8060985e-001
 7.7997828e-001
 7.7899796e-001
 7.7792943e-001
 7.7703369e-001
 7.7656180e-001
 7.7655232e-001
 7.7683377e-001
 7.7722585e-001
 7.7754819e-001
 7.7762741e-001
 7.7744377e-001
 7.7712852e-001
 7.7681905e-001
 7.7665275e-001
 7.7676719e-001
 7.7724993e-001
 7.7799553e-001
 7.7885163e-001
 7.7966583e-001
 7.8028619e-001
 7.8056002e-001
 7.8038335e-001
 7.7983826e-001
 7.7905089e-001
 7.7814806e-001
 7.7725601e-001
 7.7650160e-001
 7.7601099e-001
 7.7587050e-001
 7.7601188e-001
 7.7633041e-001
 7.7672124e-001
 7.7707964e-001
 7.7730072e-001
 7.7727973e-001
 7.7691197e-001
 7.7613014e-001
 7.7501029e-001
 7.7366096e-001
 7.7219188e-001
 7.7071166e-001
 7.6932991e-001
 7.6815546e-001
 7.6729745e-001
 7.6683432e-001
 7.6672930e-001
 7.6691890e-001
 7.6733971e-001
 7.6792818e-001
 7.6862085e-001
 7.6935422e-001
 7.7006477e-001
 7.7070075e-001
 7.7125335e-001
 7.7172357e-001
 7.7211261e-001
 7.7242172e-001
 7.7265179e-001
 7.7280408e-001
 7.7287966e-001
 7.7287954e-001
 7.7280492e-001
 7.7265692e-001
 7.7243662e-001
 7.7214825e-001
 7.7180696e-001
 7.7143025e-001
 7.7103603e-001
 7.7064180e-001
 7.7026540e-001
 7.6992428e-001
 7.6963621e-001
 7.6941901e-001
 7.6929015e-001
 7.6926738e-001
 7.6936829e-001
 7.6960045e-001
 7.6993489e-001
 7.7033430e-001
 7.7076185e-001
 7.7118027e-001
 7.7155250e-001
 7.7184135e-001
 7.7200997e-001
 7.7202106e-001
 7.7183741e-001
 7.7142215e-001
 7.7075714e-001
 7.6989120e-001
 7.6888800e-001
 7.6781094e-001
 7.6672387e-001
 7.6569003e-001
 7.6477331e-001
 7.6403707e-001
 7.6354498e-001
 7.6336068e-001
 7.6352549e-001
 7.6400518e-001
 7.6474839e-001
 7.6570415e-001
 7.6682156e-001
 7.6804918e-001
 7.6933628e-001
 7.7063149e-001
 7.7188408e-001
 7.7304268e-001
 7.7406538e-001
 7.7494061e-001
 7.7566373e-001
 7.7622956e-001
 7.7663362e-001
 7.7687085e-001
 7.7693629e-001
 7.7682537e-001
 7.7653319e-001
 7.7605468e-001
 7.7539718e-001
 7.7460766e-001
 7.7374202e-001
 7.7285582e-001
 7.7200496e-001
 7.7124482e-001
 7.7063149e-001
 7.7022046e-001
 7.7006727e-001
 7.7019119e-001
 7.7048832e-001
 7.7082968e-001
 7.7108622e-001
 7.7112854e-001
 7.7082777e-001
 7.7005482e-001
 7.6868039e-001
 7.6664805e-001
 7.6413816e-001
 7.6138151e-001
 7.5860739e-001
 7.5604647e-001
 7.5392824e-001
 7.5248325e-001
 7.5194103e-001
 7.5243145e-001
 7.5375718e-001
 7.5565457e-001
 7.5785947e-001
 7.6010847e-001
 7.6213735e-001
 7.6368260e-001
 7.6448023e-001
 7.6436716e-001
 7.6350445e-001
 7.6211846e-001
 7.6054513e-001
 7.5885659e-001
 7.5736535e-001
 7.5623429e-001
 7.5552499e-001
 7.5521159e-001
 7.5521129e-001
 7.5541490e-001
 7.5570726e-001
 7.5598699e-001
 7.5619245e-001
 7.5631845e-001
 7.5640124e-001
 7.5649303e-001
 7.5664449e-001
 7.5688773e-001
 7.5721914e-001
 7.5759405e-001
 7.5793678e-001
 7.5815874e-001
 7.5817758e-001
 7.5794065e-001
 7.5744933e-001
 7.5676787e-001
 7.5600916e-001
 7.5530857e-001
 7.5479740e-001
 7.5457627e-001
 7.5469244e-001
 7.5513250e-001
 7.5583440e-001
 7.5670910e-001
 7.5765926e-001
 7.5859249e-001
 7.5942898e-001
 7.6010418e-001
 7.6056725e-001
 7.6078057e-001
 7.6072371e-001
 7.6040465e-001
 7.5934422e-001
 7.5921130e-001
 7.5908029e-001
 7.5898707e-001
 7.5896096e-001
 7.5902063e-001
 7.5917190e-001
 7.5940794e-001
 7.5971025e-001
 7.6005292e-001
 7.6040727e-001
 7.6074791e-001
 7.6105684e-001
 7.6132530e-001
 7.6155227e-001
 7.6174068e-001
 7.6189375e-001
 7.6201242e-001
 7.6209491e-001
 7.6213813e-001
 7.6214057e-001
 7.6210439e-001
 7.6203752e-001
 7.6195365e-001
 7.6187068e-001
 7.6180911e-001
 7.6178813e-001
 7.6182103e-001
 7.6191127e-001
 7.6204944e-001
 7.6221448e-001
 7.6237792e-001
 7.6250947e-001
 7.6258320e-001
 7.6258224e-001
 7.6250100e-001
 7.6234549e-001
 7.6213086e-001
 7.6187748e-001
 7.6160651e-001
 7.6133609e-001
 7.6107901e-001
 7.6084244e-001
 7.6062840e-001
 7.6043624e-001
 7.6026440e-001
 7.6011258e-001
 7.5998247e-001
 7.5987768e-001
 7.5980270e-001
 7.5976133e-001
 7.5975442e-001
 7.5977886e-001
 7.5982636e-001
 7.5988418e-001
 7.5993657e-001
 7.5996733e-001
 7.5996286e-001
 7.5991529e-001
 7.5982499e-001
 7.5970155e-001
 7.5956339e-001
 7.5943542e-001
 7.5934517e-001
 7.5931799e-001
 7.5937200e-001
 7.5951368e-001
 7.5973594e-001
 7.6001793e-001
 7.6032805e-001
 7.6062948e-001
 7.6088691e-001
 7.6107335e-001
 7.6117522e-001
 7.6119494e-001
 7.6114959e-001
 7.6106656e-001
 7.6097709e-001
 7.6090890e-001
 7.6087976e-001
 7.6089394e-001
 7.6094133e-001
 7.6100010e-001
 7.6104170e-001
 7.6103705e-001
 7.6096290e-001
 7.6080638e-001
 7.6056796e-001
 7.6026118e-001
 7.5991029e-001
 7.5954592e-001
 7.5919974e-001
 7.5889939e-001
 7.5866443e-001
 7.5850391e-001
 7.5841635e-001
 7.5839162e-001
 7.5841367e-001
 7.5846422e-001
 7.5852615e-001
 7.5858527e-001
 7.5863147e-001
 7.5865865e-001
 7.5866342e-001
 7.5864428e-001
 7.5860065e-001
 7.5853229e-001
 7.5843930e-001
 7.5832272e-001
 7.5818425e-001
 7.5802654e-001
 7.5785249e-001
 7.5766480e-001
 7.5746483e-001
 7.5725216e-001
 7.5702447e-001
 7.5677776e-001
 7.5650710e-001
 7.5620764e-001
 7.5587547e-001
 7.5550860e-001
 7.5510710e-001
 7.5467318e-001
 7.5421137e-001
 7.5372761e-001
 7.5322944e-001
 7.5272501e-001
 7.5222206e-001
 7.5172710e-001
 7.5124353e-001
 7.5077063e-001
 7.5030249e-001
 7.4982792e-001
 7.4933219e-001
 7.4879974e-001
 7.4821836e-001
 7.4758369e-001
 7.4690193e-001
 7.4619198e-001
 7.4548346e-001
 7.4481171e-001
 7.4421185e-001
 7.4371016e-001
 7.4331850e-001
 7.4302989e-001
 7.4281889e-001
 7.4264580e-001
 7.4246371e-001
 7.4222714e-001
 7.4190080e-001
 7.4146497e-001
 7.4091876e-001
 7.4027842e-001
 7.3957336e-001
 7.3883915e-001
 7.3811001e-001
 7.3741299e-001
 7.3676312e-001
 7.3616278e-001
 7.3560393e-001
 7.3507214e-001
 7.3455328e-001
 7.3403871e-001
 7.3352921e-001
 7.3303598e-001
 7.3257804e-001
 7.3217756e-001
 7.3185354e-001
 7.3161620e-001
 7.3146385e-001
 7.3138243e-001
 7.3134834e-001
 7.3133361e-001
 7.3131174e-001
 7.3126227e-001
 7.3117381e-001
 7.3104388e-001
 7.3087704e-001
 7.3068166e-001
 7.3046672e-001
 7.3023981e-001
 7.3000699e-001
 7.2977340e-001
 7.2954524e-001
 7.2933155e-001
 7.2914439e-001
 7.2899890e-001
 7.2891086e-001
 7.2889459e-001
 7.2896028e-001
 7.2911215e-001
 7.2934777e-001
 7.2965801e-001
 7.3002827e-001
 7.3043972e-001
 7.3087084e-001
 7.3129910e-001
 7.3170167e-001
 7.3205763e-001
 7.3234880e-001
 7.3256183e-001
 7.3268968e-001
 7.3273259e-001
 7.3269844e-001
 7.3260140e-001
 7.3246002e-001
 7.3229396e-001
 7.3212111e-001
 7.3195499e-001
 7.3180407e-001
 7.3167211e-001
 7.3156023e-001
 7.3146927e-001
 7.3140174e-001
 7.3136264e-001
 7.3135859e-001
 7.3139507e-001
 7.3147327e-001
 7.3158735e-001
 7.3172271e-001
 7.3185652e-001
 7.3196071e-001
 7.3200625e-001
 7.3196840e-001
 7.3183119e-001
 7.3159063e-001
 7.3125553e-001
 7.3084676e-001
 7.3039436e-001
 7.2993380e-001
 7.2950232e-001
 7.2913444e-001
 7.2885936e-001
 7.2869736e-001
 7.2865778e-001
 7.2873765e-001
 7.2892058e-001
 7.2917783e-001
 7.2947061e-001
 7.2975469e-001
 7.2998571e-001
 7.3012626e-001
 7.3015165e-001
 7.3005474e-001
 7.2984719e-001
 7.2955799e-001
 7.2922826e-001
 7.2890395e-001
 7.2862792e-001
 7.2843194e-001
 7.2833198e-001
 7.2832549e-001
 7.2839302e-001
 7.2850281e-001
 7.2861713e-001
 7.2869992e-001
 7.2872353e-001
 7.2867358e-001
 7.2855133e-001
 7.2837210e-001
 7.2816157e-001
 7.2794998e-001
 7.2776520e-001
 7.2762734e-001
 7.2754496e-001
 7.2751397e-001
 7.2751981e-001
 7.2754097e-001
 7.2755426e-001
 7.2753930e-001
 7.2748214e-001
 7.2737676e-001
 7.2722501e-001
 7.2703522e-001
 7.2681957e-001
 7.2659194e-001
 7.2636604e-001
 7.2615373e-001
 7.2596449e-001
 7.2580475e-001
 7.2567767e-001
 7.2558266e-001
 7.2551537e-001
 7.2546726e-001
 7.2542632e-001
 7.2537774e-001
 7.2530544e-001
 7.2519350e-001
 7.2502828e-001
 7.2479934e-001
 7.2450042e-001
 7.2412950e-001
 7.2368854e-001
 7.2318202e-001
 7.2261655e-001
 7.2199947e-001
 7.2133893e-001
 7.2064400e-001
 7.1992451e-001
 7.1919280e-001
 7.1846354e-001
 7.1775472e-001
 7.1708745e-001
 7.1648425e-001
 7.1596819e-001
 7.1555960e-001
 7.1527386e-001
 7.1511835e-001
 7.1509057e-001
 7.1517682e-001
 7.1535242e-001
 7.1558326e-001
 7.1582848e-001
 7.1604377e-001
 7.1618521e-001
 7.1621335e-001
 7.1609604e-001
 7.1581125e-001
 7.1534824e-001
 7.1470845e-001
 7.1390462e-001
 7.1295959e-001
 7.1190429e-001
 7.1077472e-001
 7.0960957e-001
 7.0844692e-001
 7.0732099e-001
 7.0626038e-001
 7.0528519e-001
 7.0440662e-001
 7.0362598e-001
 7.0293510e-001
 7.0231789e-001
 7.0175165e-001
 7.0121002e-001
 7.0066506e-001
 7.0008993e-001
 6.9946134e-001
 6.9876146e-001
 6.9797879e-001
 6.9710946e-001
 6.9615626e-001
 6.9512856e-001
 6.9404089e-001
 6.9291091e-001
 6.9175863e-001
 6.9060409e-001
 6.8946683e-001
 6.8836498e-001
 6.8731397e-001
 6.8632764e-001
 6.8541658e-001
 6.8458885e-001
 6.8384844e-001
 6.8319398e-001
 6.8261814e-001
 6.8210536e-001
 6.8163228e-001
 6.8116778e-001
 6.8067509e-001
 6.8011498e-001
 6.7944956e-001
 6.7864621e-001
 6.7768061e-001
 6.7653722e-001
 6.7520863e-001
 6.7369252e-001
 6.7198551e-001
 6.7007875e-001
 6.6795063e-001
 6.6556299e-001
 6.6285717e-001
 6.5975064e-001
 6.5613979e-001
 6.5189952e-001
 6.4689255e-001
 6.4097911e-001
 6.3403040e-001
 6.2595481e-001
 6.1671597e-001
 6.0636413e-001
 5.9505457e-001
 5.8305347e-001
 5.7074291e-001
 5.5858755e-001
 5.4710442e-001
 5.3680515e-001
 5.2813441e-001
 5.2142286e-001
 5.1684213e-001
 5.1438445e-001
 5.1387036e-001
 5.1497257e-001
 5.1726180e-001
 5.2025968e-001
 5.2349555e-001
 5.2655232e-001
 5.2910477e-001
 5.3093702e-001
 5.3194737e-001
 5.3213698e-001
 5.3158754e-001
 5.3043383e-001
 5.2883512e-001
 5.2694976e-001
 5.2491534e-001
 5.2283937e-001
 5.2079374e-001
 5.1881939e-001
 5.1693255e-001
 5.1513225e-001
 5.1340991e-001
 5.1175416e-001
 5.1015580e-001
 5.0860888e-001
 5.0710988e-001
 5.0565755e-001
 5.0425094e-001
 5.0288790e-001
 5.0156605e-001
 5.0028241e-001
 4.9903521e-001
 4.9782562e-001
 4.9665815e-001
 4.9554223e-001
 4.9449086e-001
 4.9352008e-001
 4.9264640e-001
 4.9188429e-001
 4.9124461e-001
 4.9073249e-001
 4.9034715e-001
 4.9008211e-001
 4.8992646e-001
 4.8986679e-001
 4.8988923e-001
 4.8998135e-001
 4.9013332e-001
 4.9033847e-001
 4.9059311e-001
 4.9089512e-001
 4.9124292e-001
 4.9163333e-001
 4.9206069e-001
 4.9251589e-001
 4.9298665e-001
 4.9345857e-001
 4.9391663e-001
 4.9434760e-001
 4.9474168e-001
 4.9509409e-001
 4.9540603e-001
 4.9568394e-001
 4.9593863e-001
 4.9618292e-001
 4.9642929e-001
 4.9668783e-001
 4.9696425e-001
 4.9725989e-001
 4.9757203e-001
 4.9789613e-001
 4.9822837e-001
 4.9856806e-001
 4.9891961e-001
 4.9929303e-001
 4.9970269e-001
 5.0016516e-001
 5.0069553e-001
 5.0130457e-001
 5.0199616e-001
 5.0276607e-001
 5.0360227e-001
 5.0448632e-001
 5.0539517e-001
 5.0630409e-001
 5.0718760e-001
 5.0802201e-001
 5.0878614e-001
 5.0946337e-001
 5.1004374e-001
 5.1052570e-001
 5.1091850e-001
 5.1124257e-001
 5.1152885e-001
 5.1181501e-001
 5.1214010e-001
 5.1253784e-001
 5.1303029e-001
 5.1362330e-001
 5.1430589e-001
 5.1505303e-001
 5.1583141e-001
 5.1660812e-001
 5.1735699e-001
 5.1806492e-001
 5.1873207e-001
 5.1937032e-001
 5.1999807e-001
 5.2063340e-001
 5.2128923e-001
 5.2196997e-001
 5.2267116e-001
 5.2338266e-001
 5.2409184e-001
 5.2478838e-001
 5.2546656e-001
 5.2612638e-001
 5.2677304e-001
 5.2741343e-001
 5.2805477e-001
 5.2870131e-001
 5.2935386e-001
 5.3001046e-001
 5.3066760e-001
 5.3132224e-001
 5.3197420e-001
 5.3262681e-001
 5.3328758e-001
 5.3396660e-001
 5.3467441e-001
 5.3541964e-001
 5.3620648e-001
 5.3703439e-001
 5.3789723e-001
 5.3878468e-001
 5.3968316e-001
 5.4057676e-001
 5.4145032e-001
 5.4229176e-001
 5.4309422e-001
 5.4385763e-001
 5.4458672e-001
 5.4528904e-001
 5.4597074e-001
 5.4663324e-001
 5.4727191e-001
 5.4787636e-001
 5.4843450e-001
 5.4893601e-001
 5.4937661e-001
 5.4975986e-001
 5.5009764e-001
 5.5040884e-001
 5.5071688e-001
 5.5104464e-001
 5.5141056e-001
 5.5182445e-001
 5.5228573e-001
 5.5278355e-001
 5.5329871e-001
 5.5380803e-001
 5.5428869e-001
 5.5472267e-001
 5.5510074e-001
 5.5542308e-001
 5.5569905e-001
 5.5594504e-001
 5.5618209e-001
 5.5643284e-001
 5.5671936e-001
 5.5706036e-001
 5.5746835e-001
 5.5794710e-001
 5.5849022e-001
 5.5907977e-001
 5.5968773e-001
 5.6027842e-001
 5.6081235e-001
 5.6125206e-001
 5.6156772e-001
 5.6174284e-001
 5.6177849e-001
 5.6169260e-001
 5.6151724e-001
 5.6129301e-001
 5.6106317e-001
 5.6086761e-001
 5.6073850e-001
 5.6069738e-001
 5.6075394e-001
 5.6090593e-001
 5.6114060e-001
 5.6143701e-001
 5.6176960e-001
 5.6211048e-001
 5.6243289e-001
 5.6271309e-001
 5.6293184e-001
 5.6307524e-001
 5.6313509e-001
 5.6310886e-001
 5.6299973e-001
 5.6281555e-001
 5.6256908e-001
 5.6227648e-001
 5.6195694e-001
 5.6163138e-001
 5.6132138e-001
 5.6104767e-001
 5.6082839e-001
 5.6067789e-001
 5.6060404e-001
 5.6060696e-001
 5.6067699e-001
 5.6079382e-001
 5.6092644e-001
 5.6103480e-001
 5.6107318e-001
 5.6099492e-001
 5.6075871e-001
 5.6033528e-001
 5.5971265e-001
 5.5890101e-001
 5.5793351e-001
 5.5686384e-001
 5.5576158e-001
 5.5470377e-001
 5.5376518e-001
 5.5300987e-001
 5.5248237e-001
 5.5220389e-001
 5.5217028e-001
 5.5235475e-001
 5.5271280e-001
 5.5318969e-001
 5.5372757e-001
 5.5427283e-001
 5.5478126e-001
 5.5522078e-001
 5.5557281e-001
 5.5583030e-001
 5.5599588e-001
 5.5607814e-001
 5.5608863e-001
 5.5603892e-001
 5.5593812e-001
 5.5579180e-001
 5.5560082e-001
 5.5536133e-001
 5.5506510e-001
 5.5470031e-001
 5.5425346e-001
 5.5371106e-001
 5.5306226e-001
 5.5230194e-001
 5.5143285e-001
 5.5046844e-001
 5.4943311e-001
 5.4836243e-001
 5.4730058e-001
 5.4629594e-001
 5.4539627e-001
 5.4464155e-001
 5.4405850e-001
 5.4365605e-001
 5.4342264e-001
 5.4332924e-001
 5.4333389e-001
 5.4338837e-001
 5.4344529e-001
 5.4346454e-001
 5.4341787e-001
 5.4329085e-001
 5.4308349e-001
 5.4280889e-001
 5.4248846e-001
 5.4214573e-001
 5.4179800e-001
 5.4144871e-001
 5.4108155e-001
 5.4065782e-001
 5.4011881e-001
 5.3939342e-001
 5.3840894e-001
 5.3710592e-001
 5.3545135e-001
 5.3345132e-001
 5.3115541e-001
 5.2865148e-001
 5.2605784e-001
 5.2350712e-001
 5.2113271e-001
 5.1905304e-001
 5.1735944e-001
 5.1611078e-001
 5.1532960e-001
 5.1500303e-001
 5.1508659e-001
 5.1551199e-001
 5.1619583e-001
 5.1704925e-001
 5.1798612e-001
 5.1892889e-001
 5.1981342e-001
 5.2058965e-001
 5.2122116e-001
 5.2168351e-001
 5.2196097e-001
 5.2204436e-001
 5.2192843e-001
 5.2161044e-001
 5.2108938e-001
 5.2036619e-001
 5.1944399e-001
 5.1833040e-001
 5.1703864e-001
 5.1558918e-001
 5.1401216e-001
 5.1234674e-001
 5.1064211e-001
 5.0895482e-001
 5.0734556e-001
 5.0587571e-001
 5.0460231e-001
 5.0357229e-001
 5.0281978e-001
 5.0236195e-001
 5.0219893e-001
 5.0231397e-001
 5.0267655e-001
 5.0324559e-001
 5.0397480e-001
 5.0481653e-001
 5.0572568e-001
 5.0666320e-001
 5.0759697e-001
 5.0850272e-001
 5.0936300e-001
 5.1016605e-001
 5.1090443e-001
 5.1157254e-001
 5.1216614e-001
 5.1268071e-001
 5.1311147e-001
 5.1345414e-001
 5.1370507e-001
 5.1386356e-001
 5.1393336e-001
 5.1392442e-001
 5.1385438e-001
 5.1374936e-001
 5.1364344e-001
 5.1357681e-001
 5.1359278e-001
 5.1373345e-001
 5.1403511e-001
 5.1452303e-001
 5.1520765e-001
 5.1608181e-001
 5.1712042e-001
 5.1828176e-001
 5.1951140e-001
 5.2074820e-001
 5.2192950e-001
 5.2299899e-001
 5.2391070e-001
 5.2463365e-001
 5.2515405e-001
 5.2547431e-001
 5.2561182e-001
 5.2559519e-001
 5.2546042e-001
 5.2524686e-001
 5.2499360e-001
 5.2473658e-001
 5.2450675e-001
 5.2432871e-001
 5.2422029e-001
 5.2419215e-001
 5.2424753e-001
 5.2438229e-001
 5.2458495e-001
 5.2483690e-001
 5.2511317e-001
 5.2538407e-001
 5.2561724e-001
 5.2578098e-001
 5.2584803e-001
 5.2579910e-001
 5.2562654e-001
 5.2533621e-001
 5.2494782e-001
 5.2449161e-001
 5.2400512e-001
 5.2352870e-001
 5.2310085e-001
 5.2275479e-001
 5.2251548e-001
 5.2239835e-001
 5.2240878e-001
 5.2254039e-001
 5.2277535e-001
 5.2308547e-001
 5.2343547e-001
 5.2378607e-001
 5.2409929e-001
 5.2434236e-001
 5.2449226e-001
 5.2453744e-001
 5.2447844e-001
 5.2440977e-001
 5.2415252e-001
 5.2384233e-001
 5.2350569e-001
 5.2316809e-001
 5.2285272e-001
 5.2257961e-001
 5.2236563e-001
 5.2222532e-001
 5.2217174e-001
 5.2221715e-001
 5.2237254e-001
 5.2264673e-001
 5.2304441e-001
 5.2356362e-001
 5.2419436e-001
 5.2491808e-001
 5.2570790e-001
 5.2653104e-001
 5.2735090e-001
 5.2812910e-001
 5.2882761e-001
 5.2941012e-001
 5.2984571e-001
 5.3011161e-001
 5.3019691e-001
 5.3010428e-001
 5.2984816e-001
 5.2945179e-001
 5.2894372e-001
 5.2835476e-001
 5.2771598e-001
 5.2705735e-001
 5.2640522e-001
 5.2578086e-001
 5.2519810e-001
 5.2466249e-001
 5.2417237e-001
 5.2372080e-001
 5.2329719e-001
 5.2288979e-001
 5.2248609e-001
 5.2207375e-001
 5.2164078e-001
 5.2117616e-001
 5.2067018e-001
 5.2011436e-001
 5.1950157e-001
 5.1882565e-001
 5.1808083e-001
 5.1726174e-001
 5.1636320e-001
 5.1538038e-001
 5.1430923e-001
 5.1314622e-001
 5.1188970e-001
 5.1053894e-001
 5.0909495e-001
 5.0755966e-001
 5.0593519e-001
 5.0422460e-001
 5.0242996e-001
 5.0055379e-001
 4.9859777e-001
 4.9656150e-001
 4.9444348e-001
 4.9224022e-001
 4.8994565e-001
 4.8755333e-001
 4.8505500e-001
 4.8244274e-001
 4.7970843e-001
 4.7684273e-001
 4.7383699e-001
 4.7068045e-001
 4.6736220e-001
 4.6387017e-001
 4.6018982e-001
 4.5630762e-001
 4.5220768e-001
 4.4787556e-001
 4.4329754e-001
 4.3846008e-001
 4.3335575e-001
 4.2798111e-001
 4.2234308e-001
 4.1645834e-001
 4.1035005e-001
 4.0404978e-001
 3.9759305e-001
 3.9101478e-001
 3.8435367e-001
 3.7764505e-001
 3.7092558e-001
 3.6423045e-001
 3.5759029e-001
 3.5103637e-001
 3.4459472e-001
 3.3829206e-001
 3.3215404e-001
 3.2620350e-001
 3.2046542e-001
 3.1496054e-001
 3.0970901e-001
 3.0472636e-001
 3.0002025e-001
 2.9559392e-001
 2.9144228e-001
 2.8755736e-001
 2.8392848e-001
 2.8054234e-001
 2.7738711e-001
 2.7445003e-001
 2.7172107e-001
 2.6919261e-001
 2.6685974e-001
 2.6472247e-001
 2.6278418e-001
 2.6105031e-001
 2.5952861e-001
 2.5822672e-001
 2.5715259e-001
 2.5631288e-001
 2.5571132e-001
 2.5534761e-001
 2.5521526e-001
 2.5530130e-001
 2.5558662e-001
 2.5604793e-001
 2.5665915e-001
 2.5739327e-001
 2.5822318e-001
 2.5912306e-001
 2.6007020e-001
 2.6104656e-001
 2.6204112e-001
 2.6304993e-001
 2.6407576e-001
 2.6512665e-001
 2.6621312e-001
 2.6734686e-001
 2.6853955e-001
 2.6980001e-001
 2.7113253e-001
 2.7253270e-001
 2.7398461e-001
 2.7546018e-001
 2.7691928e-001
 2.7831408e-001
 2.7959135e-001
 2.8069603e-001
 2.8157455e-001
 2.8217754e-001
 2.8246611e-001
 2.8241825e-001
 2.8203517e-001
 2.8134355e-001
 2.8039339e-001
 2.7925131e-001
 2.7799439e-001
 2.7670419e-001
 2.7546197e-001
 2.7434534e-001
 2.7342257e-001
 2.7274573e-001
 2.7234578e-001
 2.7222961e-001
 2.7238283e-001
 2.7277496e-001
 2.7336633e-001
 2.7411258e-001
 2.7496868e-001
 2.7589095e-001
 2.7684000e-001
 2.7778426e-001
 2.7870190e-001
 2.7958274e-001
 2.8042647e-001
 2.8124028e-001
 2.8203610e-001
 2.8282759e-001
 2.8362924e-001
 2.8445449e-001
 2.8531477e-001
 2.8621829e-001
 2.8716806e-001
 2.8816220e-001
 2.8919378e-001
 2.9025230e-001
 2.9132557e-001
 2.9240006e-001
 2.9346222e-001
 2.9449943e-001
 2.9550040e-001
 2.9645702e-001
 2.9736462e-001
 2.9822281e-001
 2.9903528e-001
 2.9980817e-001
 3.0054963e-001
 3.0126825e-001
 3.0197328e-001
 3.0267316e-001
 3.0337620e-001
 3.0408970e-001
 3.0481899e-001
 3.0556831e-001
 3.0634034e-001
 3.0713680e-001
 3.0795830e-001
 3.0880556e-001
 3.0967915e-001
 3.1057861e-001
 3.1150347e-001
 3.1245217e-001
 3.1342104e-001
 3.1440550e-001
 3.1539923e-001
 3.1639516e-001
 3.1738484e-001
 3.1836033e-001
 3.1931400e-001
 3.2023841e-001
 3.2112882e-001
 3.2198367e-001
 3.2280526e-001
 3.2360148e-001
 3.2438457e-001
 3.2516950e-001
 3.2597372e-001
 3.2681516e-001
 3.2771155e-001
 3.2867813e-001
 3.2972652e-001
 3.3086166e-001
 3.3207828e-001
 3.3336157e-001
 3.3468741e-001
 3.3602393e-001
 3.3733612e-001
 3.3858705e-001
 3.3974048e-001
 3.4076232e-001
 3.4162566e-001
 3.4231418e-001
 3.4282571e-001
 3.4317467e-001
 3.4338987e-001
 3.4351072e-001
 3.4358317e-001
 3.4365577e-001
 3.4377688e-001
 3.4399188e-001
 3.4433883e-001
 3.4484407e-001
 3.4551719e-001
 3.4635013e-001
 3.4731862e-001
 3.4838569e-001
 3.4950802e-001
 3.5063913e-001
 3.5173175e-001
 3.5274249e-001
 3.5363460e-001
 3.5438335e-001
 3.5497946e-001
 3.5543191e-001
 3.5576561e-001
 3.5601702e-001
 3.5622981e-001
 3.5645071e-001
 3.5672617e-001
 3.5709986e-001
 3.5760829e-001
 3.5827640e-001
 3.5911244e-001
 3.6010739e-001
 3.6123627e-001
 3.6246136e-001
 3.6373883e-001
 3.6502174e-001
 3.6626217e-001
 3.6741608e-001
 3.6844602e-001
 3.6932510e-001
 3.7004268e-001
 3.7060475e-001
 3.7103286e-001
 3.7135965e-001
 3.7162465e-001
 3.7187043e-001
 3.7213966e-001
 3.7247285e-001
 3.7290511e-001
 3.7346199e-001
 3.7415683e-001
 3.7498894e-001
 3.7594533e-001
 3.7700310e-001
 3.7813449e-001
 3.7930927e-001
 3.8049585e-001
 3.8166469e-001
 3.8278934e-001
 3.8384765e-001
 3.8482538e-001
 3.8571605e-001
 3.8651964e-001
 3.8724196e-001
 3.8789174e-001
 3.8847938e-001
 3.8901556e-001
 3.8951150e-001
 3.8997859e-001
 3.9042795e-001
 3.9087120e-001
 3.9132002e-001
 3.9178595e-001
 3.9228094e-001
 3.9281681e-001
 3.9340544e-001
 3.9405778e-001
 3.9478415e-001
 3.9559260e-001
 3.9648682e-001
 3.9746580e-001
 3.9852297e-001
 3.9964581e-001
 4.0081868e-001
 4.0202370e-001
 4.0324116e-001
 4.0445173e-001
 4.0563598e-001
 4.0677539e-001
 4.0785158e-001
 4.0884832e-001
 4.0975091e-001
 4.1054535e-001
 4.1121927e-001
 4.1176099e-001
 4.1215885e-001
 4.1240245e-001
 4.1248316e-001
 4.1239569e-001
 4.1214100e-001
 4.1172791e-001
 4.1117409e-001
 4.1050568e-001
 4.0975440e-001
 4.0895534e-001
 4.0814582e-001
 4.0736282e-001
 4.0664217e-001
 4.0601772e-001
 4.0551844e-001
 4.0516749e-001
 4.0498146e-001
 4.0497115e-001
 4.0514275e-001
 4.0550005e-001
 4.0604496e-001
 4.0677851e-001
 4.0770024e-001
 4.0880579e-001
 4.1008621e-001
 4.1152537e-001
 4.1309953e-001
 4.1477692e-001
 4.1652158e-001
 4.1829458e-001
 4.2005447e-001
 4.2176127e-001
 4.2337695e-001
 4.2486665e-001
 4.2620391e-001
 4.2737201e-001
 4.2836431e-001
 4.2918488e-001
 4.2984477e-001
 4.3035948e-001
 4.3074641e-001
 4.3102422e-001
 4.3121198e-001
 4.3132916e-001
 4.3139607e-001
 4.3143395e-001
 4.3146509e-001
 4.3151274e-001
 4.3160087e-001
 4.3175372e-001
 4.3199530e-001
 4.3234834e-001
 4.3283230e-001
 4.3345934e-001
 4.3423042e-001
 4.3513089e-001
 4.3612814e-001
 4.3717453e-001
 4.3821070e-001
 4.3917069e-001
 4.3998519e-001
 4.4058645e-001
 4.4091129e-001
 4.4090739e-001
 4.4054079e-001
 4.3980193e-001
 4.3870932e-001
 4.3730560e-001
 4.3565133e-001
 4.3381926e-001
 4.3188575e-001
 4.2992821e-001
 4.2802042e-001
 4.2622995e-001
 4.2461005e-001
 4.2319646e-001
 4.2200646e-001
 4.2103869e-001
 4.2027900e-001
 4.1970581e-001
 4.1929302e-001
 4.1901243e-001
 4.1883355e-001
 4.1872236e-001
 4.1863880e-001
 4.1853476e-001
 4.1835335e-001
 4.1802976e-001
 4.1749305e-001
 4.1666970e-001
 4.1548547e-001
 4.1386980e-001
 4.1176459e-001
 4.0913394e-001
 4.0598136e-001
 4.0236220e-001
 3.9839295e-001
 3.9424029e-001
 3.9010957e-001
 3.8623193e-001
 3.8284430e-001
 3.8018054e-001
 3.7845764e-001
 3.7784952e-001
 3.7846234e-001
 3.8030967e-001
 3.8330060e-001
 3.8725227e-001
 3.9191422e-001
 3.9699182e-001
 4.0217602e-001
 4.0715745e-001
 4.1163975e-001
 4.1536868e-001
 4.1815442e-001
 4.1989356e-001
 4.2058262e-001
 4.2030567e-001
 4.1921151e-001
 4.1748852e-001
 4.1534194e-001
 4.1297895e-001
 4.1059741e-001
 4.0836683e-001
 4.0641132e-001
 4.0479460e-001
 4.0351057e-001
 4.0249181e-001
 4.0162525e-001
 4.0077129e-001
 3.9977789e-001
 3.9849189e-001
 3.9677083e-001
 3.9449421e-001
 3.9157945e-001
 3.8799873e-001
 3.8378012e-001
 3.7900355e-001
 3.7379107e-001
 3.6828434e-001
 3.6263651e-001
 3.5700098e-001
 3.5152909e-001
 3.4635311e-001
 3.4158000e-001
 3.3728525e-001
 3.3350238e-001
 3.3023062e-001
 3.2744586e-001
 3.2510608e-001
 3.2316262e-001
 3.2156345e-001
 3.2025695e-001
 3.1919050e-001
 3.1831241e-001
 3.1757271e-001
 3.1692189e-001
 3.1631166e-001
 3.1569496e-001
 3.1502482e-001
 3.1425509e-001
 3.1334168e-001
 3.1224391e-001
 3.1092894e-001
 3.0937660e-001
 3.0758521e-001
 3.0557156e-001
 3.0336964e-001
 3.0102792e-001
 2.9860112e-001
 2.9614726e-001
 2.9372665e-001
 2.9139584e-001
 2.8920695e-001
 2.8720307e-001
 2.8541705e-001
 2.8386742e-001
 2.8256136e-001
 2.8149831e-001
 2.8067160e-001
 2.8007224e-001
 2.7969050e-001
 2.7951571e-001
 2.7953678e-001
 2.7974197e-001
 2.8011841e-001
 2.8065220e-001
 2.8132868e-001
 2.8213194e-001
 2.8304604e-001
 2.8405499e-001
 2.8514189e-001
 2.8629047e-001
 2.8748423e-001
 2.8870565e-001
 2.8993747e-001
 2.9116175e-001
 2.9236045e-001
 2.9351431e-001
 2.9460490e-001
 2.9561380e-001
 2.9652256e-001
 2.9731527e-001
 2.9797927e-001
 2.9850724e-001
 2.9890019e-001
 2.9916757e-001
 2.9932666e-001
 2.9940054e-001
 2.9941592e-001
 2.9940084e-001
 2.9938298e-001
 2.9938743e-001
 2.9943317e-001
 2.9952908e-001
 2.9967001e-001
 2.9983559e-001
 2.9999200e-001
 3.0009609e-001
 3.0009967e-001
 2.9995278e-001
 2.9960689e-001
 2.9901820e-001
 2.9815203e-001
 2.9698905e-001
 2.9552886e-001
 2.9379228e-001
 2.9182181e-001
 2.8967431e-001
 2.8741688e-001
 2.8512040e-001
 2.8285828e-001
 2.8070119e-001
 2.7871808e-001
 2.7697685e-001
 2.7558231e-001
 2.7478611e-001
 2.7405882e-001
 2.7359271e-001
 2.7333841e-001
 2.7324682e-001
 2.7326873e-001
 2.7335501e-001
 2.7345642e-001
 2.7352384e-001
 2.7350819e-001
 2.7336428e-001
 2.7308661e-001
 2.7269059e-001
 2.7219215e-001
 2.7160698e-001
 2.7095115e-001
 2.7024040e-001
 2.6949045e-001
 2.6871708e-001
 2.6793644e-001
 2.6716414e-001
 2.6641604e-001
 2.6570779e-001
 2.6505560e-001
 2.6447353e-001
 2.6396227e-001
 2.6351497e-001
 2.6312467e-001
 2.6278472e-001
 2.6248816e-001
 2.6222804e-001
 2.6199752e-001
 2.6178986e-001
 2.6159808e-001
 2.6141539e-001
 2.6123482e-001
 2.6104960e-001
 2.6085287e-001
 2.6063767e-001
 2.6039723e-001
 2.6012456e-001
 2.5981292e-001
 2.5945616e-001
 2.5905401e-001
 2.5860935e-001
 2.5812551e-001
 2.5760534e-001
 2.5705189e-001
 2.5646803e-001
 2.5585708e-001
 2.5522190e-001
 2.5456554e-001
 2.5389099e-001
 2.5320119e-001
 2.5249937e-001
 2.5178853e-001
 2.5107160e-001
 2.5035143e-001
 2.4963143e-001
 2.4891445e-001
 2.4820349e-001
 2.4750140e-001
 2.4681157e-001
 2.4613684e-001
 2.4547984e-001
 2.4483949e-001
 2.4421336e-001
 2.4359860e-001
 2.4299245e-001
 2.4239217e-001
 2.4179494e-001
 2.4119823e-001
 2.4059924e-001
 2.3999523e-001
 2.3938325e-001
 2.3876093e-001
 2.3812540e-001
 2.3747388e-001
 2.3680349e-001
 2.3611185e-001
 2.3539603e-001
 2.3465332e-001
 2.3388100e-001
 2.3307608e-001
 2.3223628e-001
 2.3135868e-001
 2.3044050e-001
 2.2947882e-001
 2.2847132e-001
 2.2741508e-001
 2.2630788e-001
 2.2515148e-001
 2.2395061e-001
 2.2270915e-001
 2.2143131e-001
 2.2012123e-001
 2.1878278e-001
 2.1742079e-001
 2.1603905e-001
 2.1464181e-001
 2.1323289e-001
 2.1181713e-001
 2.1039838e-001
 2.0898077e-001
 2.0756820e-001
 2.0616546e-001
 2.0477645e-001
 2.0340532e-001
 2.0205589e-001
 2.0073305e-001
 1.9944058e-001
 1.9818269e-001
 1.9696355e-001
 1.9578707e-001
 1.9465798e-001
 1.9358014e-001
 1.9255777e-001
 1.9159481e-001
 1.9069587e-001
 1.8986490e-001
 1.8910556e-001
 1.8841685e-001
 1.8779637e-001
 1.8724105e-001
