s07_ASD Record=11289: Topaz Cameron_Cone_#42        BECKb AREF
 7.1588665e-001
 7.1540314e-001
 7.1486324e-001
 7.1437305e-001
 7.1401858e-001
 7.1384299e-001
 7.1384776e-001
 7.1401030e-001
 7.1429944e-001
 7.1468246e-001
 7.1512610e-001
 7.1559513e-001
 7.1605301e-001
 7.1646422e-001
 7.1680224e-001
 7.1706122e-001
 7.1725988e-001
 7.1743178e-001
 7.1760976e-001
 7.1781290e-001
 7.1803987e-001
 7.1827108e-001
 7.1847832e-001
 7.1863556e-001
 7.1872640e-001
 7.1874988e-001
 7.1872473e-001
 7.1868587e-001
 7.1866673e-001
 7.1868205e-001
 7.1872181e-001
 7.1876013e-001
 7.1876812e-001
 7.1872085e-001
 7.1860689e-001
 7.1843833e-001
 7.1824378e-001
 7.1805364e-001
 7.1788782e-001
 7.1774906e-001
 7.1762723e-001
 7.1751052e-001
 7.1739769e-001
 7.1730179e-001
 7.1724457e-001
 7.1724266e-001
 7.1729541e-001
 7.1737933e-001
 7.1745431e-001
 7.1747786e-001
 7.1742189e-001
 7.1728486e-001
 7.1709323e-001
 7.1688950e-001
 7.1671319e-001
 7.1658599e-001
 7.1650761e-001
 7.1646494e-001
 7.1644849e-001
 7.1646374e-001
 7.1652693e-001
 7.1663290e-001
 7.1677399e-001
 7.1694589e-001
 7.1714008e-001
 7.1734703e-001
 7.1756601e-001
 7.1780032e-001
 7.1805257e-001
 7.1832174e-001
 7.1860230e-001
 7.1888697e-001
 7.1916962e-001
 7.1944594e-001
 7.1971244e-001
 7.1996462e-001
 7.2019935e-001
 7.2042006e-001
 7.2064322e-001
 7.2089744e-001
 7.2121108e-001
 7.2159243e-001
 7.2201419e-001
 7.2241670e-001
 7.2273320e-001
 7.2292447e-001
 7.2300303e-001
 7.2303104e-001
 7.2309357e-001
 7.2326136e-001
 7.2356313e-001
 7.2397989e-001
 7.2446269e-001
 7.2496450e-001
 7.2546756e-001
 7.2599286e-001
 7.2658455e-001
 7.2727275e-001
 7.2803736e-001
 7.2880274e-001
 7.2947335e-001
 7.2998631e-001
 7.3034251e-001
 7.3059630e-001
 7.3081756e-001
 7.3104876e-001
 7.3129290e-001
 7.3153275e-001
 7.3175019e-001
 7.3192942e-001
 7.3205799e-001
 7.3213881e-001
 7.3220575e-001
 7.3231834e-001
 7.3253196e-001
 7.3286247e-001
 7.3327088e-001
 7.3367900e-001
 7.3400676e-001
 7.3421258e-001
 7.3431337e-001
 7.3437464e-001
 7.3447442e-001
 7.3466444e-001
 7.3495334e-001
 7.3531854e-001
 7.3572892e-001
 7.3615283e-001
 7.3654878e-001
 7.3686349e-001
 7.3705292e-001
 7.3711109e-001
 7.3707122e-001
 7.3697424e-001
 7.3684204e-001
 7.3668706e-001
 7.3654640e-001
 7.3649424e-001
 7.3660624e-001
 7.3690426e-001
 7.3733324e-001
 7.3779500e-001
 7.3820806e-001
 7.3854351e-001
 7.3881346e-001
 7.3903257e-001
 7.3919332e-001
 7.3927718e-001
 7.3928744e-001
 7.3926884e-001
 7.3928815e-001
 7.3938590e-001
 7.3954129e-001
 7.3969102e-001
 7.3978919e-001
 7.3984891e-001
 7.3992252e-001
 7.4004883e-001
 7.4022329e-001
 7.4040246e-001
 7.4052030e-001
 7.4052161e-001
 7.4042040e-001
 7.4032539e-001
 7.4037170e-001
 7.4060482e-001
 7.4094057e-001
 7.4124175e-001
 7.4142271e-001
 7.4148703e-001
 7.4149513e-001
 7.4151051e-001
 7.4155843e-001
 7.4161154e-001
 7.4161619e-001
 7.4155647e-001
 7.4150133e-001
 7.4156362e-001
 7.4178702e-001
 7.4209911e-001
 7.4240583e-001
 7.4269539e-001
 7.4299020e-001
 7.4323291e-001
 7.4331599e-001
 7.4322999e-001
 7.4309993e-001
 7.4304360e-001
 7.4304652e-001
 7.4301112e-001
 7.4289697e-001
 7.4276507e-001
 7.4267715e-001
 7.4259573e-001
 7.4243349e-001
 7.4219561e-001
 7.4202144e-001
 7.4205154e-001
 7.4226296e-001
 7.4246770e-001
 7.4249142e-001
 7.4233782e-001
 7.4215472e-001
 7.4207103e-001
 7.4210697e-001
 7.4220908e-001
 7.4229509e-001
 7.4225926e-001
 7.4200451e-001
 7.4151903e-001
 7.4091661e-001
 7.4038309e-001
 7.4006790e-001
 7.4000657e-001
 7.4012834e-001
 7.4033201e-001
 7.4056011e-001
 7.4080455e-001
 7.4105436e-001
 7.4127495e-001
 7.4146301e-001
 7.4167454e-001
 7.4194038e-001
 7.4219978e-001
 7.4241465e-001
 7.4271786e-001
 7.4332756e-001
 7.4430364e-001
 7.4546772e-001
 7.4656266e-001
 7.4742991e-001
 7.4806339e-001
 7.4857378e-001
 7.4910253e-001
 7.4970454e-001
 7.5030810e-001
 7.5082916e-001
 7.5128573e-001
 7.5172460e-001
 7.5209183e-001
 7.5230646e-001
 7.5244111e-001
 7.5269252e-001
 7.5314361e-001
 7.5362998e-001
 7.5387669e-001
 7.5375944e-001
 7.5343645e-001
 7.5322956e-001
 7.5334918e-001
 7.5371540e-001
 7.5404119e-001
 7.5408643e-001
 7.5386155e-001
 7.5361627e-001
 7.5359911e-001
 7.5382090e-001
 7.5408155e-001
 7.5421673e-001
 7.5424969e-001
 7.5425804e-001
 7.5419462e-001
 7.5398284e-001
 7.5373435e-001
 7.5368279e-001
 7.5387043e-001
 7.5409275e-001
 7.5421751e-001
 7.5434846e-001
 7.5459212e-001
 7.5486147e-001
 7.5502306e-001
 7.5509852e-001
 7.5518703e-001
 7.5528038e-001
 7.5531232e-001
 7.5534606e-001
 7.5552481e-001
 7.5581056e-001
 7.5596857e-001
 7.5586474e-001
 7.5563395e-001
 7.5554878e-001
 7.5580209e-001
 7.5638145e-001
 7.5706798e-001
 7.5760096e-001
 7.5792319e-001
 7.5821114e-001
 7.5861371e-001
 7.5903434e-001
 7.5922358e-001
 7.5907809e-001
 7.5881356e-001
 7.5874370e-001
 7.5887907e-001
 7.5894153e-001
 7.5882882e-001
 7.5879419e-001
 7.5906497e-001
 7.5953364e-001
 7.5993204e-001
 7.6012421e-001
 7.6015532e-001
 7.6014292e-001
 7.6018614e-001
 7.6031554e-001
 7.6048654e-001
 7.6066214e-001
 7.6092839e-001
 7.6146328e-001
 7.6232898e-001
 7.6330817e-001
 7.6398045e-001
 7.6401645e-001
 7.6347542e-001
 7.6277328e-001
 7.6233077e-001
 7.6232028e-001
 7.6264733e-001
 7.6309937e-001
 7.6352400e-001
 7.6391613e-001
 7.6435333e-001
 7.6483297e-001
 7.6518226e-001
 7.6515412e-001
 7.6466316e-001
 7.6394600e-001
 7.6344526e-001
 7.6349354e-001
 7.6408690e-001
 7.6493651e-001
 7.6569748e-001
 7.6614952e-001
 7.6624048e-001
 7.6606280e-001
 7.6581907e-001
 7.6574349e-001
 7.6597261e-001
 7.6645851e-001
 7.6701468e-001
 7.6745051e-001
 7.6767129e-001
 7.6768404e-001
 7.6755112e-001
 7.6735556e-001
 7.6719809e-001
 7.6721114e-001
 7.6755291e-001
 7.6833165e-001
 7.6946646e-001
 7.7059567e-001
 7.7119362e-001
 7.7103466e-001
 7.7042413e-001
 7.6994389e-001
 7.6997435e-001
 7.7037090e-001
 7.7076280e-001
 7.7102441e-001
 7.7136368e-001
 7.7203220e-001
 7.7288616e-001
 7.7333564e-001
 7.7298611e-001
 7.7214885e-001
 7.7147245e-001
 7.7131343e-001
 7.7158487e-001
 7.7195716e-001
 7.7211231e-001
 7.7193314e-001
 7.7156800e-001
 7.7131343e-001
 7.7132809e-001
 7.7147752e-001
 7.7153027e-001
 7.7139246e-001
 7.7108157e-001
 7.7065587e-001
 7.7031159e-001
 7.7038419e-001
 7.7103370e-001
 7.7199185e-001
 7.7275074e-001
 7.7296269e-001
 7.7269119e-001
 7.7233672e-001
 7.7224398e-001
 7.7240282e-001
 7.7257729e-001
 7.7261621e-001
 7.7259737e-001
 7.7273715e-001
 7.7313673e-001
 7.7365339e-001
 7.7411091e-001
 7.7444166e-001
 7.7466732e-001
 7.7469581e-001
 7.7427030e-001
 7.7341813e-001
 7.7259922e-001
 7.7225733e-001
 7.7249986e-001
 7.7314651e-001
 7.7393544e-001
 7.7465534e-001
 7.7516437e-001
 7.7536321e-001
 7.7520603e-001
 7.7470350e-001
 7.7394021e-001
 7.7315730e-001
 7.7273059e-001
 7.7293891e-001
 7.7366054e-001
 7.7439862e-001
 7.7469337e-001
 7.7453417e-001
 7.7435607e-001
 7.7459478e-001
 7.7521759e-001
 7.7577102e-001
 7.7583611e-001
 7.7533096e-001
 7.7455544e-001
 7.7401727e-001
 7.7403021e-001
 7.7448809e-001
 7.7520692e-001
 7.7600378e-001
 7.7674717e-001
 7.7732575e-001
 7.7762824e-001
 7.7756602e-001
 7.7719641e-001
 7.7663571e-001
 7.7600062e-001
 7.7540946e-001
 7.7499139e-001
 7.7487993e-001
 7.7520877e-001
 7.7606606e-001
 7.7723831e-001
 7.7838987e-001
 7.7918494e-001
 7.7934408e-001
 7.7896434e-001
 7.7817410e-001
 7.7748531e-001
 7.7704459e-001
 7.7693141e-001
 7.7706099e-001
 7.7734172e-001
 7.7768183e-001
 7.7799106e-001
 7.7821392e-001
 7.7832854e-001
 7.7831519e-001
 7.7815378e-001
 7.7782643e-001
 7.7736920e-001
 7.7687019e-001
 7.7642000e-001
 7.7610916e-001
 7.7602488e-001
 7.7617848e-001
 7.7650732e-001
 7.7694535e-001
 7.7742672e-001
 7.7788556e-001
 7.7827078e-001
 7.7858829e-001
 7.7885824e-001
 7.7910048e-001
 7.7933496e-001
 7.7958167e-001
 7.7985340e-001
 7.8013563e-001
 7.8040719e-001
 7.8064668e-001
 7.8083307e-001
 7.8094506e-001
 7.8096151e-001
 7.8086382e-001
 7.8064364e-001
 7.8029501e-001
 7.7981204e-001
 7.7918863e-001
 7.7841896e-001
 7.7749693e-001
 7.7641684e-001
 7.7518469e-001
 7.7385384e-001
 7.7248782e-001
 7.7115077e-001
 7.6990634e-001
 7.6881880e-001
 7.6795179e-001
 7.6736909e-001
 7.6711249e-001
 7.6713991e-001
 7.6738977e-001
 7.6780087e-001
 7.6831162e-001
 7.6886058e-001
 7.6938641e-001
 7.6982754e-001
 7.7013725e-001
 7.7032292e-001
 7.7040434e-001
 7.7040124e-001
 7.7033359e-001
 7.7022099e-001
 7.7008343e-001
 7.6994050e-001
 7.6981217e-001
 7.6971823e-001
 7.6967841e-001
 7.6971263e-001
 7.6983577e-001
 7.7004498e-001
 7.7033389e-001
 7.7069545e-001
 7.7112323e-001
 7.7161038e-001
 7.7215016e-001
 7.7273607e-001
 7.7336138e-001
 7.7401912e-001
 7.7470291e-001
 7.7540588e-001
 7.7611953e-001
 7.7682865e-001
 7.7751631e-001
 7.7816612e-001
 7.7876109e-001
 7.7928448e-001
 7.7971971e-001
 7.8004992e-001
 7.8025860e-001
 7.8032869e-001
 7.8024381e-001
 7.7999663e-001
 7.7961409e-001
 7.7913052e-001
 7.7858019e-001
 7.7799737e-001
 7.7741635e-001
 7.7687144e-001
 7.7639693e-001
 7.7602720e-001
 7.7579647e-001
 7.7572769e-001
 7.7580446e-001
 7.7600169e-001
 7.7629447e-001
 7.7665782e-001
 7.7706683e-001
 7.7749646e-001
 7.7792180e-001
 7.7831787e-001
 7.7865958e-001
 7.7892876e-001
 7.7912968e-001
 7.7927166e-001
 7.7936381e-001
 7.7941537e-001
 7.7943563e-001
 7.7943379e-001
 7.7941912e-001
 7.7940071e-001
 7.7938789e-001
 7.7939111e-001
 7.7942532e-001
 7.7950621e-001
 7.7964967e-001
 7.7987146e-001
 7.8018737e-001
 7.8061301e-001
 7.8116453e-001
 7.8185737e-001
 7.8269207e-001
 7.8361773e-001
 7.8457248e-001
 7.8549504e-001
 7.8632331e-001
 7.8699607e-001
 7.8745151e-001
 7.8762794e-001
 7.8748661e-001
 7.8706300e-001
 7.8640860e-001
 7.8557432e-001
 7.8461158e-001
 7.8357142e-001
 7.8250510e-001
 7.8146368e-001
 7.8049713e-001
 7.7965134e-001
 7.7897114e-001
 7.7850151e-001
 7.7828753e-001
 7.7837402e-001
 7.7880615e-001
 7.7962863e-001
 7.8084058e-001
 7.8229100e-001
 7.8380001e-001
 7.8505665e-001
 7.8604931e-001
 7.8654289e-001
 7.8643566e-001
 7.8576505e-001
 7.8469360e-001
 7.8346914e-001
 7.8238004e-001
 7.8171694e-001
 7.8171462e-001
 7.8245687e-001
 7.8381914e-001
 7.8552711e-001
 7.8724968e-001
 7.8866553e-001
 7.8952867e-001
 7.8973711e-001
 7.8935432e-001
 7.8856802e-001
 7.8762364e-001
 7.8676921e-001
 7.8620613e-001
 7.8604662e-001
 7.8629810e-001
 7.8688627e-001
 7.8769445e-001
 7.8859550e-001
 7.8947383e-001
 7.9023874e-001
 7.9082882e-001
 7.9120690e-001
 7.9135233e-001
 7.9125881e-001
 7.9093945e-001
 7.9043406e-001
 7.8981167e-001
 7.8916377e-001
 7.8859144e-001
 7.8818822e-001
 7.8802103e-001
 7.8926146e-001
 7.8940713e-001
 7.8963381e-001
 7.8992438e-001
 7.9025650e-001
 7.9060560e-001
 7.9094809e-001
 7.9126358e-001
 7.9153615e-001
 7.9175562e-001
 7.9191720e-001
 7.9202157e-001
 7.9207361e-001
 7.9208183e-001
 7.9205716e-001
 7.9201198e-001
 7.9195946e-001
 7.9191262e-001
 7.9188329e-001
 7.9188085e-001
 7.9191113e-001
 7.9197609e-001
 7.9207373e-001
 7.9219872e-001
 7.9234374e-001
 7.9250056e-001
 7.9266167e-001
 7.9282230e-001
 7.9298216e-001
 7.9314578e-001
 7.9332209e-001
 7.9352230e-001
 7.9375678e-001
 7.9403234e-001
 7.9434955e-001
 7.9470146e-001
 7.9507339e-001
 7.9544437e-001
 7.9578978e-001
 7.9608512e-001
 7.9631025e-001
 7.9645270e-001
 7.9651052e-001
 7.9649276e-001
 7.9641873e-001
 7.9631525e-001
 7.9621243e-001
 7.9613888e-001
 7.9611701e-001
 7.9615921e-001
 7.9626596e-001
 7.9642588e-001
 7.9661804e-001
 7.9681623e-001
 7.9699427e-001
 7.9713136e-001
 7.9721701e-001
 7.9725337e-001
 7.9725564e-001
 7.9724914e-001
 7.9726440e-001
 7.9733038e-001
 7.9746807e-001
 7.9768544e-001
 7.9797500e-001
 7.9831475e-001
 7.9867268e-001
 7.9901242e-001
 7.9930139e-001
 7.9951650e-001
 7.9964876e-001
 7.9970485e-001
 7.9970533e-001
 7.9968017e-001
 7.9966360e-001
 7.9968750e-001
 7.9977608e-001
 7.9994184e-001
 8.0018425e-001
 8.0048943e-001
 8.0083317e-001
 8.0118471e-001
 8.0151123e-001
 8.0178326e-001
 8.0197853e-001
 8.0208498e-001
 8.0210221e-001
 8.0204046e-001
 8.0191833e-001
 8.0175906e-001
 8.0158621e-001
 8.0141926e-001
 8.0127132e-001
 8.0114782e-001
 8.0104744e-001
 8.0096531e-001
 8.0089682e-001
 8.0084115e-001
 8.0080360e-001
 8.0079550e-001
 8.0083197e-001
 8.0092752e-001
 8.0109113e-001
 8.0132264e-001
 8.0161077e-001
 8.0193448e-001
 8.0226743e-001
 8.0258292e-001
 8.0286008e-001
 8.0308783e-001
 8.0326587e-001
 8.0340391e-001
 8.0351734e-001
 8.0362284e-001
 8.0373424e-001
 8.0386001e-001
 8.0400258e-001
 8.0415994e-001
 8.0432737e-001
 8.0450028e-001
 8.0467463e-001
 8.0484748e-001
 8.0501598e-001
 8.0517584e-001
 8.0532110e-001
 8.0544406e-001
 8.0553705e-001
 8.0559438e-001
 8.0561453e-001
 8.0560136e-001
 8.0556363e-001
 8.0551356e-001
 8.0546373e-001
 8.0542380e-001
 8.0539834e-001
 8.0538529e-001
 8.0537707e-001
 8.0536252e-001
 8.0533046e-001
 8.0527329e-001
 8.0519021e-001
 8.0508870e-001
 8.0498457e-001
 8.0490029e-001
 8.0486149e-001
 8.0489302e-001
 8.0501443e-001
 8.0523640e-001
 8.0555803e-001
 8.0596626e-001
 8.0643684e-001
 8.0693674e-001
 8.0742860e-001
 8.0787444e-001
 8.0824059e-001
 8.0850130e-001
 8.0864084e-001
 8.0865473e-001
 8.0854946e-001
 8.0834073e-001
 8.0805105e-001
 8.0770665e-001
 8.0733448e-001
 8.0695939e-001
 8.0660206e-001
 8.0627710e-001
 8.0599338e-001
 8.0575401e-001
 8.0555803e-001
 8.0540222e-001
 8.0528349e-001
 8.0520040e-001
 8.0515474e-001
 8.0515122e-001
 8.0519664e-001
 8.0529785e-001
 8.0545914e-001
 8.0567962e-001
 8.0595189e-001
 8.0626160e-001
 8.0658907e-001
 8.0691183e-001
 8.0720824e-001
 8.0746162e-001
 8.0766243e-001
 8.0781007e-001
 8.0791247e-001
 8.0798364e-001
 8.0804110e-001
 8.0810153e-001
 8.0817783e-001
 8.0827653e-001
 8.0839646e-001
 8.0852908e-001
 8.0866015e-001
 8.0877191e-001
 8.0884641e-001
 8.0886817e-001
 8.0882633e-001
 8.0871654e-001
 8.0854142e-001
 8.0830985e-001
 8.0803645e-001
 8.0773962e-001
 8.0744052e-001
 8.0716133e-001
 8.0692410e-001
 8.0674976e-001
 8.0665666e-001
 8.0665940e-001
 8.0676728e-001
 8.0698258e-001
 8.0729932e-001
 8.0770254e-001
 8.0816895e-001
 8.0866778e-001
 8.0916440e-001
 8.0962342e-001
 8.1001323e-001
 8.1031024e-001
 8.1050175e-001
 8.1058812e-001
 8.1058246e-001
 8.1050879e-001
 8.1039828e-001
 8.1028432e-001
 8.1019723e-001
 8.1015998e-001
 8.1018496e-001
 8.1027329e-001
 8.1041616e-001
 8.1059819e-001
 8.1080157e-001
 8.1101018e-001
 8.1121290e-001
 8.1140476e-001
 8.1158656e-001
 8.1176281e-001
 8.1193876e-001
 8.1211799e-001
 8.1230050e-001
 8.1248188e-001
 8.1265420e-001
 8.1280726e-001
 8.1293046e-001
 8.1301433e-001
 8.1305176e-001
 8.1303805e-001
 8.1297129e-001
 8.1285167e-001
 8.1268138e-001
 8.1246436e-001
 8.1220645e-001
 8.1191570e-001
 8.1160241e-001
 8.1127936e-001
 8.1096119e-001
 8.1066358e-001
 8.1040251e-001
 8.1019253e-001
 8.1004578e-001
 8.0997080e-001
 8.0997145e-001
 8.1004691e-001
 8.1019127e-001
 8.1039417e-001
 8.1064188e-001
 8.1091833e-001
 8.1120688e-001
 8.1149167e-001
 8.1175959e-001
 8.1200087e-001
 8.1220996e-001
 8.1238538e-001
 8.1252849e-001
 8.1264228e-001
 8.1272960e-001
 8.1279194e-001
 8.1282866e-001
 8.1283712e-001
 8.1281418e-001
 8.1275785e-001
 8.1266916e-001
 8.1255400e-001
 8.1242299e-001
 8.1229097e-001
 8.1217468e-001
 8.1209004e-001
 8.1204957e-001
 8.1206012e-001
 8.1212205e-001
 8.1222945e-001
 8.1237209e-001
 8.1253678e-001
 8.1270999e-001
 8.1287903e-001
 8.1303316e-001
 8.1316382e-001
 8.1326473e-001
 8.1333148e-001
 8.1336236e-001
 8.1335807e-001
 8.1332302e-001
 8.1326503e-001
 8.1319559e-001
 8.1312871e-001
 8.1307936e-001
 8.1306154e-001
 8.1308603e-001
 8.1315887e-001
 8.1328058e-001
 8.1344640e-001
 8.1364691e-001
 8.1386995e-001
 8.1410199e-001
 8.1432968e-001
 8.1454098e-001
 8.1472546e-001
 8.1487459e-001
 8.1498164e-001
 8.1504130e-001
 8.1504989e-001
 8.1500560e-001
 8.1490856e-001
 8.1476182e-001
 8.1457114e-001
 8.1434554e-001
 8.1409675e-001
 8.1383806e-001
 8.1358349e-001
 8.1334573e-001
 8.1313443e-001
 8.1295478e-001
 8.1280655e-001
 8.1268376e-001
 8.1257576e-001
 8.1246835e-001
 8.1234646e-001
 8.1219643e-001
 8.1200814e-001
 8.1177700e-001
 8.1150442e-001
 8.1119788e-001
 8.1086922e-001
 8.1053275e-001
 8.1020284e-001
 8.0989093e-001
 8.0960435e-001
 8.0934548e-001
 8.0911207e-001
 8.0889910e-001
 8.0870140e-001
 8.0851614e-001
 8.0834490e-001
 8.0819434e-001
 8.0807561e-001
 8.0800211e-001
 8.0798662e-001
 8.0803752e-001
 8.0815625e-001
 8.0833590e-001
 8.0856121e-001
 8.0881059e-001
 8.0905962e-001
 8.0928487e-001
 8.0946785e-001
 8.0959821e-001
 8.0967510e-001
 8.0970651e-001
 8.0970722e-001
 8.0969447e-001
 8.0968386e-001
 8.0968499e-001
 8.0969876e-001
 8.0971694e-001
 8.0972356e-001
 8.0969870e-001
 8.0962324e-001
 8.0948323e-001
 8.0927348e-001
 8.0899906e-001
 8.0867445e-001
 8.0832034e-001
 8.0795974e-001
 8.0761230e-001
 8.0728924e-001
 8.0698836e-001
 8.0668902e-001
 8.0634856e-001
 8.0589962e-001
 8.0524951e-001
 8.0428344e-001
 8.0287182e-001
 8.0088413e-001
 7.9820770e-001
 7.9476899e-001
 7.9055893e-001
 7.8564811e-001
 7.8020066e-001
 7.7447045e-001
 7.6878268e-001
 7.6350933e-001
 7.5902563e-001
 7.5567168e-001
 7.5371104e-001
 7.5329942e-001
 7.5446868e-001
 7.5712442e-001
 7.6105893e-001
 7.6597726e-001
 7.7153456e-001
 7.7736980e-001
 7.8314769e-001
 7.8858304e-001
 7.9346341e-001
 7.9765862e-001
 8.0111486e-001
 8.0384588e-001
 8.0591661e-001
 8.0742323e-001
 8.0847764e-001
 8.0919278e-001
 8.0967385e-001
 8.1001288e-001
 8.1028587e-001
 8.1055248e-001
 8.1085616e-001
 8.1122452e-001
 8.1167018e-001
 8.1219172e-001
 8.1277591e-001
 8.1339979e-001
 8.1403452e-001
 8.1464928e-001
 8.1521451e-001
 8.1570596e-001
 8.1610596e-001
 8.1640542e-001
 8.1660366e-001
 8.1670785e-001
 8.1673175e-001
 8.1669402e-001
 8.1661642e-001
 8.1652164e-001
 8.1643164e-001
 8.1636560e-001
 8.1633806e-001
 8.1635803e-001
 8.1642807e-001
 8.1654435e-001
 8.1669748e-001
 8.1687415e-001
 8.1705904e-001
 8.1723720e-001
 8.1739599e-001
 8.1752700e-001
 8.1762636e-001
 8.1769496e-001
 8.1773704e-001
 8.1775826e-001
 8.1776375e-001
 8.1775588e-001
 8.1773329e-001
 8.1769085e-001
 8.1762117e-001
 8.1751758e-001
 8.1737727e-001
 8.1720459e-001
 8.1701338e-001
 8.1682688e-001
 8.1667614e-001
 8.1659526e-001
 8.1661618e-001
 8.1676221e-001
 8.1704295e-001
 8.1745064e-001
 8.1795990e-001
 8.1853020e-001
 8.1911129e-001
 8.1965095e-001
 8.2010281e-001
 8.2043415e-001
 8.2063085e-001
 8.2069904e-001
 8.2066303e-001
 8.2055980e-001
 8.2043046e-001
 8.2031232e-001
 8.2023132e-001
 8.2019812e-001
 8.2020777e-001
 8.2024342e-001
 8.2028198e-001
 8.2030129e-001
 8.2028574e-001
 8.2022971e-001
 8.2013780e-001
 8.2002288e-001
 8.1990159e-001
 8.1979054e-001
 8.1970257e-001
 8.1964505e-001
 8.1961995e-001
 8.1962538e-001
 8.1965721e-001
 8.1971157e-001
 8.1978542e-001
 8.1987733e-001
 8.1998664e-001
 8.2011235e-001
 8.2025236e-001
 8.2040232e-001
 8.2055563e-001
 8.2070357e-001
 8.2083607e-001
 8.2094270e-001
 8.2101351e-001
 8.2104045e-001
 8.2101816e-001
 8.2094502e-001
 8.2082331e-001
 8.2065922e-001
 8.2046217e-001
 8.2024437e-001
 8.2002044e-001
 8.1980681e-001
 8.1962126e-001
 8.1948143e-001
 8.1940293e-001
 8.1939715e-001
 8.1946886e-001
 8.1961453e-001
 8.1982106e-001
 8.2006580e-001
 8.2031864e-001
 8.2054669e-001
 8.2071996e-001
 8.2081711e-001
 8.2082969e-001
 8.2076448e-001
 8.2064289e-001
 8.2049835e-001
 8.2037205e-001
 8.2030612e-001
 8.2033604e-001
 8.2048416e-001
 8.2075471e-001
 8.2113278e-001
 8.2158685e-001
 8.2207453e-001
 8.2255119e-001
 8.2297760e-001
 8.2332748e-001
 8.2359135e-001
 8.2377523e-001
 8.2389724e-001
 8.2398158e-001
 8.2405317e-001
 8.2413268e-001
 8.2423353e-001
 8.2435966e-001
 8.2450491e-001
 8.2465452e-001
 8.2478833e-001
 8.2488489e-001
 8.2492602e-001
 8.2490021e-001
 8.2480448e-001
 8.2464468e-001
 8.2443357e-001
 8.2418883e-001
 8.2393032e-001
 8.2367718e-001
 8.2344687e-001
 8.2325423e-001
 8.2311165e-001
 8.2302916e-001
 8.2301456e-001
 8.2307333e-001
 8.2320851e-001
 8.2341909e-001
 8.2369965e-001
 8.2403868e-001
 8.2441837e-001
 8.2481396e-001
 8.2519525e-001
 8.2552868e-001
 8.2578063e-001
 8.2592160e-001
 8.2593066e-001
 8.2579929e-001
 8.2553405e-001
 8.2515693e-001
 8.2470399e-001
 8.2422090e-001
 8.2375789e-001
 8.2336217e-001
 8.2307184e-001
 8.2291049e-001
 8.2288408e-001
 8.2298052e-001
 8.2317227e-001
 8.2342094e-001
 8.2368326e-001
 8.2391763e-001
 8.2408959e-001
 8.2417607e-001
 8.2416755e-001
 8.2406813e-001
 8.2389385e-001
 8.2366997e-001
 8.2342720e-001
 8.2319826e-001
 8.2301450e-001
 8.2290250e-001
 8.2288218e-001
 8.2296455e-001
 8.2315052e-001
 8.2343048e-001
 8.2378459e-001
 8.2418418e-001
 8.2459432e-001
 8.2497811e-001
 8.2530051e-001
 8.2553393e-001
 8.2566184e-001
 8.2568222e-001
 8.2560825e-001
 8.2546675e-001
 8.2529473e-001
 8.2513320e-001
 8.2502103e-001
 8.2498819e-001
 8.2505095e-001
 8.2520890e-001
 8.2544512e-001
 8.2572877e-001
 8.2602042e-001
 8.2627833e-001
 8.2646513e-001
 8.2655334e-001
 8.2652932e-001
 8.2639444e-001
 8.2616377e-001
 8.2586324e-001
 8.2552469e-001
 8.2518154e-001
 8.2486403e-001
 8.2459611e-001
 8.2439345e-001
 8.2426268e-001
 8.2420248e-001
 8.2420456e-001
 8.2425636e-001
 8.2434273e-001
 8.2444823e-001
 8.2455856e-001
 8.2466161e-001
 8.2474780e-001
 8.2481039e-001
 8.2484484e-001
 8.2484901e-001
 8.2482213e-001
 8.2476437e-001
 8.2467645e-001
 8.2455873e-001
 8.2441002e-001
 8.2422721e-001
 8.2400405e-001
 8.2373112e-001
 8.2339633e-001
 8.2298619e-001
 8.2248795e-001
 8.2189280e-001
 8.2119960e-001
 8.2041794e-001
 8.1957096e-001
 8.1869537e-001
 8.1783861e-001
 8.1705487e-001
 8.1639874e-001
 8.1591916e-001
 8.1565309e-001
 8.1562078e-001
 8.1582355e-001
 8.1624347e-001
 8.1684411e-001
 8.1757420e-001
 8.1837368e-001
 8.1917953e-001
 8.1993282e-001
 8.2058507e-001
 8.2110178e-001
 8.2146549e-001
 8.2167530e-001
 8.2174480e-001
 8.2169896e-001
 8.2156986e-001
 8.2139248e-001
 8.2120121e-001
 8.2102716e-001
 8.2089615e-001
 8.2082766e-001
 8.2083464e-001
 8.2092303e-001
 8.2109237e-001
 8.2133567e-001
 8.2163978e-001
 8.2198596e-001
 8.2235074e-001
 8.2270741e-001
 8.2302856e-001
 8.2328832e-001
 8.2346576e-001
 8.2354826e-001
 8.2353330e-001
 8.2343048e-001
 8.2326132e-001
 8.2305735e-001
 8.2285678e-001
 8.2269990e-001
 8.2262331e-001
 8.2265478e-001
 8.2280844e-001
 8.2308203e-001
 8.2345605e-001
 8.2389575e-001
 8.2435519e-001
 8.2478285e-001
 8.2512909e-001
 8.2535273e-001
 8.2542682e-001
 8.2534289e-001
 8.2511222e-001
 8.2476425e-001
 8.2434314e-001
 8.2390136e-001
 8.2349330e-001
 8.2316828e-001
 8.2296419e-001
 8.2290405e-001
 8.2299370e-001
 8.2322246e-001
 8.2356578e-001
 8.2398987e-001
 8.2445645e-001
 8.2492805e-001
 8.2537270e-001
 8.2576674e-001
 8.2609707e-001
 8.2636052e-001
 8.2656312e-001
 8.2671756e-001
 8.2684022e-001
 8.2694864e-001
 8.2705867e-001
 8.2718295e-001
 8.2732970e-001
 8.2750249e-001
 8.2770061e-001
 8.2792020e-001
 8.2815498e-001
 8.2839763e-001
 8.2864106e-001
 8.2887864e-001
 8.2910532e-001
 8.2931757e-001
 8.2951343e-001
 8.2969266e-001
 8.2985646e-001
 8.3000731e-001
 8.3014899e-001
 8.3028609e-001
 8.3042395e-001
 8.3056819e-001
 8.3072406e-001
 8.3089554e-001
 8.3108461e-001
 8.3129007e-001
 8.3150697e-001
 8.3172619e-001
 8.3193475e-001
 8.3211732e-001
 8.3225751e-001
 8.3233976e-001
 8.3235109e-001
 8.3228266e-001
 8.3213079e-001
 8.3189750e-001
 8.3159047e-001
 8.3122420e-001
 8.3081943e-001
 8.3040231e-001
 8.3000213e-001
 8.2964897e-001
 8.2937026e-001
 8.2918781e-001
 8.2911456e-001
 8.2915330e-001
 8.2929683e-001
 8.2945752e-001
 8.2978833e-001
 8.3015960e-001
 8.3054364e-001
 8.3091587e-001
 8.3125722e-001
 8.3155578e-001
 8.3180630e-001
 8.3200824e-001
 8.3216363e-001
 8.3227569e-001
 8.3234781e-001
 8.3238322e-001
 8.3238447e-001
 8.3235312e-001
 8.3228940e-001
 8.3219218e-001
 8.3205914e-001
 8.3188701e-001
 8.3167201e-001
 8.3141023e-001
 8.3109790e-001
 8.3073217e-001
 8.3031154e-001
 8.2983768e-001
 8.2931614e-001
 8.2875657e-001
 8.2817292e-001
 8.2758170e-001
 8.2700121e-001
 8.2645065e-001
 8.2594860e-001
 8.2551318e-001
 8.2515991e-001
 8.2490104e-001
 8.2474363e-001
 8.2468939e-001
 8.2473534e-001
 8.2487464e-001
 8.2509834e-001
 8.2539648e-001
 8.2575864e-001
 8.2617402e-001
 8.2663172e-001
 8.2712060e-001
 8.2762891e-001
 8.2814491e-001
 8.2865596e-001
 8.2914948e-001
 8.2961267e-001
 8.3003277e-001
 8.3039731e-001
 8.3069474e-001
 8.3091521e-001
 8.3105212e-001
 8.3110273e-001
 8.3106899e-001
 8.3095676e-001
 8.3077508e-001
 8.3053464e-001
 8.3024716e-001
 8.2992446e-001
 8.2957828e-001
 8.2922006e-001
 8.2886022e-001
 8.2850820e-001
 8.2817221e-001
 8.2785928e-001
 8.2757580e-001
 8.2732749e-001
 8.2711983e-001
 8.2695788e-001
 8.2684606e-001
 8.2678723e-001
 8.2678223e-001
 8.2682848e-001
 8.2692015e-001
 8.2704824e-001
 8.2720143e-001
 8.2736707e-001
 8.2753193e-001
 8.2768273e-001
 8.2780707e-001
 8.2789373e-001
 8.2793444e-001
 8.2792401e-001
 8.2786137e-001
 8.2774872e-001
 8.2759094e-001
 8.2739449e-001
 8.2716632e-001
 8.2691395e-001
 8.2664466e-001
 8.2636583e-001
 8.2608432e-001
 8.2580668e-001
 8.2553905e-001
 8.2528710e-001
 8.2505614e-001
 8.2485139e-001
 8.2467782e-001
 8.2453990e-001
 8.2444096e-001
 8.2438225e-001
 8.2436156e-001
 8.2437158e-001
 8.2439983e-001
 8.2442892e-001
 8.2443792e-001
 8.2440370e-001
 8.2430255e-001
 8.2411140e-001
 8.2380933e-001
 8.2338065e-001
 8.2281822e-001
 8.2212621e-001
 8.2132179e-001
 8.2043356e-001
 8.1949848e-001
 8.1855875e-001
 8.1765836e-001
 8.1684124e-001
 8.1614864e-001
 8.1561482e-001
 8.1526381e-001
 8.1510448e-001
 8.1512994e-001
 8.1531823e-001
 8.1563675e-001
 8.1604654e-001
 8.1650567e-001
 8.1697196e-001
 8.1740546e-001
 8.1777149e-001
 8.1804395e-001
 8.1820881e-001
 8.1826520e-001
 8.1822401e-001
 8.1810522e-001
 8.1793380e-001
 8.1773722e-001
 8.1754321e-001
 8.1737822e-001
 8.1726521e-001
 8.1722146e-001
 8.1725639e-001
 8.1737077e-001
 8.1755739e-001
 8.1780344e-001
 8.1809258e-001
 8.1840682e-001
 8.1872797e-001
 8.1903833e-001
 8.1932199e-001
 8.1956601e-001
 8.1976134e-001
 8.1990337e-001
 8.1999147e-001
 8.2002807e-001
 8.2001710e-001
 8.1996375e-001
 8.1987357e-001
 8.1975263e-001
 8.1960821e-001
 8.1944907e-001
 8.1928611e-001
 8.1913280e-001
 8.1900471e-001
 8.1891894e-001
 8.1889361e-001
 8.1894696e-001
 8.1909668e-001
 8.1935859e-001
 8.1974441e-001
 8.2025927e-001
 8.2089913e-001
 8.2165009e-001
 8.2248908e-001
 8.2338631e-001
 8.2430834e-001
 8.2521951e-001
 8.2608467e-001
 8.2687008e-001
 8.2754588e-001
 8.2808918e-001
 8.2848561e-001
 8.2873124e-001
 8.2883078e-001
 8.2879585e-001
 8.2864183e-001
 8.2838619e-001
 8.2804704e-001
 8.2764232e-001
 8.2718956e-001
 8.2670504e-001
 8.2620382e-001
 8.2569921e-001
 8.2520312e-001
 8.2472640e-001
 8.2427925e-001
 8.2387137e-001
 8.2351190e-001
 8.2320923e-001
 8.2296950e-001
 8.2279569e-001
 8.2268649e-001
 8.2263553e-001
 8.2263219e-001
 8.2266247e-001
 8.2271063e-001
 8.2276005e-001
 8.2279426e-001
 8.2279813e-001
 8.2275939e-001
 8.2267046e-001
 8.2253027e-001
 8.2234496e-001
 8.2212698e-001
 8.2189369e-001
 8.2166523e-001
 8.2146281e-001
 8.2130754e-001
 8.2121885e-001
 8.2121229e-001
 8.2129723e-001
 8.2147431e-001
 8.2173461e-001
 8.2206088e-001
 8.2242912e-001
 8.2281190e-001
 8.2317996e-001
 8.2350421e-001
 8.2375669e-001
 8.2391316e-001
 8.2395512e-001
 8.2387209e-001
 8.2366222e-001
 8.2333171e-001
 8.2289261e-001
 8.2236040e-001
 8.2175219e-001
 8.2108527e-001
 8.2037669e-001
 8.1964117e-001
 8.1889051e-001
 8.1813270e-001
 8.1737053e-001
 8.1660271e-001
 8.1582534e-001
 8.1503201e-001
 8.1421524e-001
 8.1336707e-001
 8.1247741e-001
 8.1153303e-001
 8.1051522e-001
 8.0939889e-001
 8.0815017e-001
 8.0672801e-001
 8.0508715e-001
 8.0317795e-001
 8.0094904e-001
 7.9834908e-001
 7.9532379e-001
 7.9181612e-001
 7.8776288e-001
 7.8309709e-001
 7.7774101e-001
 7.7160978e-001
 7.6461780e-001
 7.5667316e-001
 7.4768490e-001
 7.3757827e-001
 7.2629780e-001
 7.1384209e-001
 7.0029342e-001
 6.8586165e-001
 6.7087746e-001
 6.5578896e-001
 6.4114136e-001
 6.2751979e-001
 6.1552978e-001
 6.0577655e-001
 5.9881198e-001
 5.9509420e-001
 5.9492236e-001
 5.9837371e-001
 6.0528433e-001
 6.1527437e-001
 6.2779486e-001
 6.4220798e-001
 6.5783405e-001
 6.7397684e-001
 6.8997866e-001
 7.0524913e-001
 7.1930093e-001
 7.3181331e-001
 7.4263358e-001
 7.5176626e-001
 7.5932395e-001
 7.6549464e-001
 7.7049756e-001
 7.7455866e-001
 7.7790266e-001
 7.8073609e-001
 7.8323287e-001
 7.8552705e-001
 7.8770596e-001
 7.8981328e-001
 7.9186338e-001
 7.9385161e-001
 7.9576445e-001
 7.9758370e-001
 7.9929191e-001
 8.0087250e-001
 8.0230963e-001
 8.0359149e-001
 8.0470896e-001
 8.0565506e-001
 8.0642557e-001
 8.0701721e-001
 8.0742747e-001
 8.0765396e-001
 8.0769491e-001
 8.0754906e-001
 8.0721641e-001
 8.0669832e-001
 8.0599761e-001
 8.0511898e-001
 8.0406791e-001
 8.0285031e-001
 8.0147332e-001
 7.9994392e-001
 7.9827040e-001
 7.9646271e-001
 7.9453546e-001
 7.9250681e-001
 7.9039985e-001
 7.8824407e-001
 7.8607070e-001
 7.8391320e-001
 7.8180724e-001
 7.7978683e-001
 7.7788544e-001
 7.7613330e-001
 7.7455729e-001
 7.7317703e-001
 7.7200526e-001
 7.7104962e-001
 7.7031213e-001
 7.6979232e-001
 7.6948851e-001
 7.6939774e-001
 7.6951581e-001
 7.6983607e-001
 7.7034807e-001
 7.7103609e-001
 7.7187872e-001
 7.7284878e-001
 7.7391571e-001
 7.7504683e-001
 7.7620763e-001
 7.7736479e-001
 7.7848631e-001
 7.7954280e-001
 7.8051132e-001
 7.8137642e-001
 7.8213102e-001
 7.8277534e-001
 7.8331578e-001
 7.8376186e-001
 7.8412473e-001
 7.8441620e-001
 7.8464854e-001
 7.8483367e-001
 7.8498358e-001
 7.8511035e-001
 7.8522563e-001
 7.8534126e-001
 7.8546876e-001
 7.8561974e-001
 7.8580546e-001
 7.8603649e-001
 7.8632200e-001
 7.8666741e-001
 7.8707308e-001
 7.8753179e-001
 7.8802770e-001
 7.8853804e-001
 7.8903419e-001
 7.8948456e-001
 7.8985602e-001
 7.9011613e-001
 7.9023510e-001
 7.9018879e-001
 7.8996271e-001
 7.8955537e-001
 7.8897995e-001
 7.8826249e-001
 7.8743875e-001
 7.8654993e-001
 7.8564054e-001
 7.8475481e-001
 7.8393579e-001
 7.8322339e-001
 7.8265113e-001
 7.8224438e-001
 7.8202009e-001
 7.8198653e-001
 7.8214633e-001
 7.8249830e-001
 7.8303927e-001
 7.8376496e-001
 7.8466970e-001
 7.8574425e-001
 7.8697544e-001
 7.8834379e-001
 7.8982216e-001
 7.9137784e-001
 7.9297376e-001
 7.9456890e-001
 7.9612249e-001
 7.9759413e-001
 7.9894644e-001
 8.0014747e-001
 8.0117655e-001
 8.0202705e-001
 8.0270731e-001
 8.0324042e-001
 8.0365962e-001
 8.0400419e-001
 8.0431610e-001
 8.0463713e-001
 8.0500519e-001
 8.0545080e-001
 8.0599123e-001
 8.0662626e-001
 8.0733556e-001
 8.0808139e-001
 8.0881310e-001
 8.0947179e-001
 8.0999589e-001
 8.1032401e-001
 8.1039923e-001
 8.1017482e-001
 8.0962068e-001
 8.0872941e-001
 8.0751950e-001
 8.0603176e-001
 8.0432343e-001
 8.0246323e-001
 8.0052304e-001
 7.9857528e-001
 7.9669118e-001
 7.9493368e-001
 7.9335445e-001
 7.9199070e-001
 7.9086119e-001
 7.8996950e-001
 7.8930765e-001
 7.8886116e-001
 7.8861165e-001
 7.8854012e-001
 7.8862780e-001
 7.8885722e-001
 7.8921390e-001
 7.8968644e-001
 7.9026777e-001
 7.9095417e-001
 7.9174489e-001
 7.9264009e-001
 7.9364073e-001
 7.9474723e-001
 7.9595655e-001
 7.9726076e-001
 7.9864275e-001
 8.0007154e-001
 8.0150342e-001
 8.0288178e-001
 8.0413973e-001
 8.0520618e-001
 8.0600762e-001
 8.0647218e-001
 8.0653405e-001
 8.0614126e-001
 8.0526376e-001
 8.0390269e-001
 8.0209249e-001
 7.9989743e-001
 7.9740608e-001
 7.9471856e-001
 7.9194152e-001
 7.8918129e-001
 7.8654122e-001
 7.8411126e-001
 7.8196186e-001
 7.8013873e-001
 7.7865648e-001
 7.7750367e-001
 7.7665013e-001
 7.7605313e-001
 7.7566463e-001
 7.7543533e-001
 7.7531689e-001
 7.7526504e-001
 7.7524209e-001
 7.7521956e-001
 7.7517915e-001
 7.7511173e-001
 7.7501488e-001
 7.7489036e-001
 7.7474171e-001
 7.7457362e-001
 7.7439088e-001
 7.7419853e-001
 7.7400196e-001
 7.7380699e-001
 7.7361953e-001
 7.7344614e-001
 7.7329344e-001
 7.7316833e-001
 7.7307743e-001
 7.7302736e-001
 7.7302372e-001
 7.7307051e-001
 7.7316898e-001
 7.7331644e-001
 7.7350622e-001
 7.7372777e-001
 7.7396780e-001
 7.7421135e-001
 7.7444285e-001
 7.7464664e-001
 7.7480829e-001
 7.7491558e-001
 7.7496004e-001
 7.7493840e-001
 7.7485311e-001
 7.7471179e-001
 7.7452588e-001
 7.7430898e-001
 7.7407557e-001
 7.7384031e-001
 7.7361637e-001
 7.7341455e-001
 7.7324128e-001
 7.7309698e-001
 7.7297556e-001
 7.7286518e-001
 7.7274925e-001
 7.7260882e-001
 7.7242357e-001
 7.7217352e-001
 7.7184027e-001
 7.7140903e-001
 7.7087164e-001
 7.7022845e-001
 7.6948941e-001
 7.6867360e-001
 7.6780534e-001
 7.6691246e-001
 7.6602376e-001
 7.6516879e-001
 7.6437473e-001
 7.6366621e-001
 7.6306367e-001
 7.6258117e-001
 7.6222634e-001
 7.6200092e-001
 7.6190138e-001
 7.6192135e-001
 7.6205295e-001
 7.6228762e-001
 7.6261681e-001
 7.6303202e-001
 7.6352453e-001
 7.6406407e-001
 7.6453704e-001
 7.6519197e-001
 7.6585734e-001
 7.6651269e-001
 7.6713765e-001
 7.6771188e-001
 7.6821470e-001
 7.6862550e-001
 7.6892406e-001
 7.6908976e-001
 7.6910448e-001
 7.6896995e-001
 7.6869947e-001
 7.6830626e-001
 7.6780331e-001
 7.6720417e-001
 7.6652175e-001
 7.6576936e-001
 7.6496011e-001
 7.6410753e-001
 7.6322454e-001
 7.6232445e-001
 7.6142025e-001
 7.6052547e-001
 7.5965250e-001
 7.5880665e-001
 7.5798970e-001
 7.5720304e-001
 7.5644886e-001
 7.5572854e-001
 7.5504363e-001
 7.5439584e-001
 7.5378698e-001
 7.5321859e-001
 7.5269240e-001
 7.5220990e-001
 7.5177300e-001
 7.5138324e-001
 7.5104231e-001
 7.5075185e-001
 7.5051343e-001
 7.5032878e-001
 7.5019914e-001
 7.5012136e-001
 7.5009012e-001
 7.5009996e-001
 7.5014555e-001
 7.5022155e-001
 7.5032246e-001
 7.5044304e-001
 7.5057787e-001
 7.5072157e-001
 7.5086868e-001
 7.5101405e-001
 7.5115216e-001
 7.5127751e-001
 7.5138491e-001
 7.5146908e-001
 7.5152421e-001
 7.5154543e-001
 7.5152707e-001
 7.5146383e-001
 7.5135028e-001
 7.5118113e-001
 7.5095147e-001
 7.5066108e-001
 7.5031197e-001
 7.4990624e-001
 7.4944597e-001
 7.4893337e-001
 7.4837005e-001
 7.4775857e-001
 7.4710089e-001
 7.4639899e-001
 7.4565476e-001
 7.4487078e-001
 7.4404871e-001
 7.4319077e-001
 7.4229884e-001
 7.4137539e-001
 7.4042225e-001
 7.3944151e-001
 7.3843527e-001
 7.3740530e-001
 7.3635417e-001
 7.3528385e-001
 7.3419619e-001
 7.3309320e-001
 7.3197728e-001
 7.3085040e-001
 7.2971445e-001
 7.2856909e-001
 7.2741443e-001
 7.2624934e-001
 7.2507322e-001
 7.2388524e-001
 7.2268450e-001
 7.2147083e-001
 7.2024333e-001
 7.1900117e-001
 7.1774346e-001
 7.1647006e-001
 7.1517998e-001
 7.1387243e-001
 7.1254665e-001
 7.1120220e-001
 7.0983839e-001
 7.0845431e-001
 7.0704895e-001
 7.0562249e-001
 7.0417362e-001
 7.0270169e-001
 7.0120621e-001
 6.9968593e-001
 6.9814086e-001
 6.9657004e-001
 6.9497269e-001
 6.9334775e-001
 6.9169539e-001
 6.9001430e-001
 6.8830425e-001
 6.8656641e-001
 6.8480438e-001
 6.8302029e-001
