s07_ASD Record=8342: Nontronite SWa-1.b  <2um      BECKa AREF
 3.2281857e-002
 3.2228068e-002
 3.2166462e-002
 3.2150649e-002
 3.2224603e-002
 3.2408733e-002
 3.2697715e-002
 3.3067986e-002
 3.3487719e-002
 3.3925220e-002
 3.4354664e-002
 3.4758043e-002
 3.5125218e-002
 3.5453543e-002
 3.5748526e-002
 3.6022224e-002
 3.6288042e-002
 3.6555082e-002
 3.6825683e-002
 3.7097260e-002
 3.7367418e-002
 3.7639573e-002
 3.7924916e-002
 3.8238894e-002
 3.8595378e-002
 3.9001118e-002
 3.9452344e-002
 3.9937425e-002
 4.0444702e-002
 4.0967893e-002
 4.1504897e-002
 4.2054944e-002
 4.2616922e-002
 4.3189727e-002
 4.3773245e-002
 4.4370551e-002
 4.4988856e-002
 4.5636728e-002
 4.6319090e-002
 4.7032714e-002
 4.7766648e-002
 4.8507411e-002
 4.9245603e-002
 4.9979463e-002
 5.0712228e-002
 5.1446054e-002
 5.2176818e-002
 5.2894626e-002
 5.3589374e-002
 5.4257724e-002
 5.4905783e-002
 5.5545595e-002
 5.6188088e-002
 5.6836914e-002
 5.7487614e-002
 5.8131032e-002
 5.8758635e-002
 5.9366889e-002
 5.9956167e-002
 6.0526427e-002
 6.1076652e-002
 6.1606906e-002
 6.2114760e-002
 6.2593892e-002
 6.3035719e-002
 6.3445732e-002
 6.3841403e-002
 6.4240694e-002
 6.4657010e-002
 6.5095112e-002
 6.5548673e-002
 6.6003166e-002
 6.6443026e-002
 6.6857785e-002
 6.7244947e-002
 6.7609958e-002
 6.7963600e-002
 6.8318523e-002
 6.8686061e-002
 6.9074132e-002
 6.9486491e-002
 6.9922589e-002
 7.0378199e-002
 7.0846312e-002
 7.1318604e-002
 7.1787164e-002
 7.2246261e-002
 7.2693802e-002
 7.3131531e-002
 7.3564090e-002
 7.3997021e-002
 7.4435145e-002
 7.4881859e-002
 7.5339891e-002
 7.5812288e-002
 7.6302662e-002
 7.6814637e-002
 7.7351496e-002
 7.7917755e-002
 7.8521542e-002
 7.9175323e-002
 7.9892889e-002
 8.0684908e-002
 8.1555851e-002
 8.2501821e-002
 8.3511107e-002
 8.4568925e-002
 8.5664824e-002
 8.6797513e-002
 8.7972432e-002
 8.9191385e-002
 9.0441421e-002
 9.1695771e-002
 9.2927620e-002
 9.4126806e-002
 9.5304728e-002
 9.6485756e-002
 9.7695224e-002
 9.8952383e-002
 1.0026865e-001
 1.0164250e-001
 1.0305174e-001
 1.0445309e-001
 1.0579946e-001
 1.0706836e-001
 1.0827594e-001
 1.0946185e-001
 1.1065613e-001
 1.1186001e-001
 1.1305467e-001
 1.1422199e-001
 1.1535231e-001
 1.1643600e-001
 1.1746021e-001
 1.1842111e-001
 1.1933561e-001
 1.2023062e-001
 1.2111906e-001
 1.2199114e-001
 1.2283120e-001
 1.2363853e-001
 1.2442871e-001
 1.2521975e-001
 1.2602019e-001
 1.2682846e-001
 1.2763733e-001
 1.2843937e-001
 1.2923464e-001
 1.3003823e-001
 1.3087876e-001
 1.3178332e-001
 1.3276169e-001
 1.3380185e-001
 1.3487341e-001
 1.3593179e-001
 1.3693421e-001
 1.3787131e-001
 1.3878605e-001
 1.3974506e-001
 1.4078300e-001
 1.4187784e-001
 1.4298105e-001
 1.4406438e-001
 1.4513835e-001
 1.4623687e-001
 1.4738852e-001
 1.4859648e-001
 1.4983958e-001
 1.5109207e-001
 1.5234356e-001
 1.5359797e-001
 1.5485878e-001
 1.5612362e-001
 1.5739641e-001
 1.5869726e-001
 1.6005504e-001
 1.6148885e-001
 1.6299693e-001
 1.6456069e-001
 1.6615114e-001
 1.6773380e-001
 1.6928312e-001
 1.7080791e-001
 1.7235830e-001
 1.7398806e-001
 1.7570516e-001
 1.7746270e-001
 1.7919037e-001
 1.8082385e-001
 1.8232371e-001
 1.8369804e-001
 1.8500541e-001
 1.8630773e-001
 1.8761227e-001
 1.8887883e-001
 1.9008416e-001
 1.9125929e-001
 1.9245690e-001
 1.9369695e-001
 1.9495247e-001
 1.9618119e-001
 1.9736385e-001
 1.9851211e-001
 1.9964974e-001
 2.0079391e-001
 2.0195088e-001
 2.0311975e-001
 2.0429270e-001
 2.0545441e-001
 2.0658711e-001
 2.0768046e-001
 2.0873226e-001
 2.0973623e-001
 2.1067721e-001
 2.1155153e-001
 2.1239351e-001
 2.1326727e-001
 2.1422043e-001
 2.1524069e-001
 2.1625713e-001
 2.1719031e-001
 2.1800880e-001
 2.1874429e-001
 2.1945266e-001
 2.2016014e-001
 2.2084840e-001
 2.2149512e-001
 2.2211790e-001
 2.2275975e-001
 2.2343077e-001
 2.2407889e-001
 2.2462901e-001
 2.2505288e-001
 2.2539878e-001
 2.2574846e-001
 2.2614765e-001
 2.2658430e-001
 2.2702336e-001
 2.2744489e-001
 2.2784592e-001
 2.2821943e-001
 2.2854896e-001
 2.2883345e-001
 2.2910382e-001
 2.2939178e-001
 2.2968499e-001
 2.2993465e-001
 2.3011018e-001
 2.3023480e-001
 2.3036663e-001
 2.3055065e-001
 2.3079178e-001
 2.3106578e-001
 2.3133969e-001
 2.3157212e-001
 2.3170951e-001
 2.3172379e-001
 2.3167172e-001
 2.3167016e-001
 2.3177263e-001
 2.3190545e-001
 2.3196144e-001
 2.3193212e-001
 2.3191199e-001
 2.3197819e-001
 2.3210290e-001
 2.3220740e-001
 2.3227642e-001
 2.3237443e-001
 2.3255847e-001
 2.3280981e-001
 2.3304206e-001
 2.3316902e-001
 2.3319636e-001
 2.3324013e-001
 2.3340426e-001
 2.3364595e-001
 2.3383516e-001
 2.3394459e-001
 2.3406707e-001
 2.3425595e-001
 2.3448817e-001
 2.3476963e-001
 2.3514310e-001
 2.3558179e-001
 2.3597552e-001
 2.3623933e-001
 2.3640685e-001
 2.3658133e-001
 2.3679928e-001
 2.3701636e-001
 2.3723803e-001
 2.3755911e-001
 2.3803401e-001
 2.3860326e-001
 2.3918389e-001
 2.3974265e-001
 2.4025227e-001
 2.4067152e-001
 2.4101509e-001
 2.4137233e-001
 2.4181178e-001
 2.4231286e-001
 2.4281833e-001
 2.4332145e-001
 2.4388158e-001
 2.4455667e-001
 2.4532981e-001
 2.4613094e-001
 2.4693063e-001
 2.4775653e-001
 2.4860398e-001
 2.4940665e-001
 2.5013360e-001
 2.5086835e-001
 2.5174820e-001
 2.5281280e-001
 2.5392786e-001
 2.5487116e-001
 2.5554332e-001
 2.5610352e-001
 2.5680777e-001
 2.5774345e-001
 2.5880098e-001
 2.5984901e-001
 2.6086241e-001
 2.6190677e-001
 2.6303601e-001
 2.6421815e-001
 2.6536185e-001
 2.6641303e-001
 2.6742077e-001
 2.6850134e-001
 2.6973176e-001
 2.7107573e-001
 2.7241826e-001
 2.7367315e-001
 2.7485901e-001
 2.7607304e-001
 2.7739641e-001
 2.7882621e-001
 2.8028882e-001
 2.8170595e-001
 2.8304639e-001
 2.8433508e-001
 2.8564042e-001
 2.8705341e-001
 2.8864068e-001
 2.9037231e-001
 2.9209086e-001
 2.9359692e-001
 2.9482457e-001
 2.9594272e-001
 2.9721797e-001
 2.9870048e-001
 3.0027947e-001
 3.0188370e-001
 3.0345735e-001
 3.0491191e-001
 3.0622965e-001
 3.0753005e-001
 3.0892593e-001
 3.1038412e-001
 3.1181112e-001
 3.1319326e-001
 3.1458932e-001
 3.1603470e-001
 3.1747743e-001
 3.1881341e-001
 3.2001919e-001
 3.2121450e-001
 3.2252923e-001
 3.2397184e-001
 3.2548118e-001
 3.2701778e-001
 3.2853970e-001
 3.2997605e-001
 3.3130985e-001
 3.3261433e-001
 3.3392259e-001
 3.3515483e-001
 3.3627895e-001
 3.3740556e-001
 3.3858088e-001
 3.3967048e-001
 3.4064710e-001
 3.4177914e-001
 3.4328216e-001
 3.4497207e-001
 3.4646827e-001
 3.4759203e-001
 3.4848702e-001
 3.4945682e-001
 3.5069421e-001
 3.5211802e-001
 3.5343859e-001
 3.5442141e-001
 3.5506806e-001
 3.5558376e-001
 3.5630563e-001
 3.5736144e-001
 3.5851714e-001
 3.5956794e-001
 3.6052415e-001
 3.6144358e-001
 3.6233112e-001
 3.6314300e-001
 3.6383820e-001
 3.6443359e-001
 3.6500528e-001
 3.6563176e-001
 3.6634338e-001
 3.6712235e-001
 3.6794055e-001
 3.6878720e-001
 3.6966917e-001
 3.7058929e-001
 3.7152177e-001
 3.7241358e-001
 3.7321356e-001
 3.7390018e-001
 3.7448305e-001
 3.7498689e-001
 3.7544632e-001
 3.7589964e-001
 3.7637314e-001
 3.7686735e-001
 3.7735417e-001
 3.7779024e-001
 3.7809235e-001
 3.7838802e-001
 3.7863690e-001
 3.7885904e-001
 3.7908489e-001
 3.7934861e-001
 3.7968466e-001
 3.8011676e-001
 3.8060054e-001
 3.8106382e-001
 3.8143447e-001
 3.8165313e-001
 3.8174576e-001
 3.8177270e-001
 3.8179430e-001
 3.8186243e-001
 3.8197175e-001
 3.8209379e-001
 3.8220003e-001
 3.8226634e-001
 3.8229787e-001
 3.8231355e-001
 3.8232839e-001
 3.8236198e-001
 3.8241553e-001
 3.8247511e-001
 3.8252604e-001
 3.8255358e-001
 3.8254374e-001
 3.8249433e-001
 3.8241538e-001
 3.8231722e-001
 3.8221020e-001
 3.8210434e-001
 3.8199866e-001
 3.8188130e-001
 3.8174012e-001
 3.8156289e-001
 3.8133785e-001
 3.8106263e-001
 3.8074440e-001
 3.8039038e-001
 3.8000816e-001
 3.7960514e-001
 3.7918934e-001
 3.7877208e-001
 3.7836507e-001
 3.7798014e-001
 3.7762922e-001
 3.7732410e-001
 3.7707379e-001
 3.7687656e-001
 3.7672818e-001
 3.7662426e-001
 3.7656048e-001
-1.2300000e+034
-1.2300000e+034
 3.7656721e-001
 3.7662107e-001
 3.7669355e-001
 3.7678036e-001
 3.7687716e-001
 3.7697962e-001
-1.2300000e+034
-1.2300000e+034
 3.7727812e-001
 3.7736022e-001
 3.7742651e-001
 3.7747261e-001
 3.7749425e-001
 3.7748703e-001
 3.7744674e-001
 3.7736905e-001
 3.7724990e-001
 3.7708622e-001
 3.7687516e-001
 3.7661394e-001
 3.7629971e-001
 3.7592956e-001
 3.7550083e-001
 3.7501052e-001
 3.7445861e-001
 3.7385464e-001
 3.7321076e-001
 3.7253886e-001
 3.7185085e-001
 3.7115884e-001
 3.7047464e-001
 3.6981034e-001
 3.6917785e-001
 3.6858925e-001
 3.6805636e-001
 3.6759126e-001
 3.6720258e-001
 3.6688688e-001
 3.6663812e-001
 3.6645010e-001
 3.6631668e-001
 3.6623180e-001
 3.6618930e-001
 3.6618304e-001
 3.6620691e-001
 3.6625478e-001
 3.6632052e-001
 3.6639801e-001
 3.6648017e-001
 3.6655673e-001
 3.6661649e-001
 3.6664844e-001
 3.6664140e-001
 3.6658439e-001
 3.6646622e-001
 3.6627582e-001
 3.6600214e-001
 3.6563411e-001
 3.6516050e-001
 3.6457717e-001
 3.6390352e-001
 3.6316448e-001
 3.6238459e-001
 3.6158887e-001
 3.6080188e-001
 3.6004859e-001
 3.5935363e-001
 3.5874188e-001
 3.5823801e-001
 3.5785860e-001
 3.5759169e-001
 3.5741898e-001
 3.5732239e-001
 3.5728368e-001
 3.5728464e-001
 3.5730705e-001
 3.5733283e-001
 3.5734364e-001
 3.5732147e-001
 3.5725310e-001
 3.5714325e-001
 3.5700026e-001
 3.5683256e-001
 3.5664836e-001
 3.5645619e-001
 3.5626435e-001
 3.5608116e-001
 3.5591513e-001
 3.5577449e-001
 3.5566586e-001
 3.5558948e-001
 3.5554427e-001
 3.5552931e-001
 3.5554349e-001
 3.5558581e-001
 3.5565522e-001
 3.5575077e-001
 3.5587126e-001
 3.5601333e-001
 3.5616481e-001
 3.5631198e-001
 3.5644099e-001
 3.5653815e-001
 3.5658965e-001
 3.5658166e-001
 3.5650048e-001
 3.5633942e-001
 3.5611546e-001
 3.5585046e-001
 3.5556620e-001
 3.5528451e-001
 3.5502723e-001
 3.5481620e-001
 3.5467315e-001
 3.5461494e-001
 3.5464182e-001
 3.5475084e-001
 3.5493889e-001
 3.5520303e-001
 3.5554016e-001
 3.5594738e-001
 3.5642147e-001
 3.5695451e-001
 3.5752204e-001
 3.5809654e-001
 3.5860628e-001
 3.5909581e-001
 3.5950804e-001
 3.5982239e-001
 3.6003411e-001
 3.6015034e-001
 3.6018631e-001
 3.6016130e-001
 3.6009637e-001
 3.6001405e-001
 3.5993910e-001
 3.5989833e-001
 3.5991973e-001
 3.6003095e-001
 3.6025620e-001
 3.6060813e-001
 3.6107814e-001
 3.6163312e-001
 3.6222148e-001
 3.6278385e-001
 3.6326402e-001
 3.6362249e-001
 3.6385015e-001
 3.6397326e-001
 3.6404538e-001
 3.6413294e-001
 3.6430055e-001
 3.6459666e-001
 3.6504158e-001
 3.6562344e-001
 3.6630514e-001
 3.6703619e-001
 3.6776528e-001
 3.6845082e-001
 3.6906859e-001
 3.6961430e-001
 3.7009990e-001
 3.7054652e-001
 3.7097749e-001
 3.7141243e-001
 3.7190136e-001
 3.7238941e-001
 3.7287971e-001
 3.7337556e-001
 3.7388030e-001
 3.7439701e-001
 3.7492889e-001
 3.7547970e-001
 3.7605304e-001
 3.7665254e-001
 3.7728092e-001
 3.7793946e-001
 3.7862796e-001
 3.7934366e-001
 3.8008213e-001
 3.8083798e-001
 3.8160473e-001
 3.8237643e-001
 3.8314721e-001
 3.8391221e-001
 3.8466775e-001
 3.8541099e-001
 3.8614029e-001
 3.8685462e-001
 3.8755369e-001
 3.8823813e-001
 3.8890919e-001
 3.8956955e-001
 3.9022303e-001
 3.9087501e-001
 3.9153269e-001
 3.9220399e-001
 3.9289743e-001
 3.9362034e-001
 3.9437756e-001
 3.9517012e-001
 3.9599338e-001
 3.9683729e-001
 3.9768642e-001
 3.9852211e-001
 3.9932612e-001
 4.0008339e-001
 4.0078598e-001
 4.0143517e-001
 4.0204147e-001
 4.0262362e-001
 4.0320465e-001
 4.0380791e-001
 4.0445295e-001
 4.0515199e-001
 4.0590903e-001
 4.0671974e-001
 4.0757388e-001
 4.0845835e-001
 4.0935948e-001
 4.1026589e-001
 4.1116887e-001
 4.1206256e-001
 4.1294351e-001
 4.1380900e-001
 4.1465712e-001
 4.1548607e-001
 4.1629478e-001
 4.1708416e-001
 4.1785735e-001
 4.1862035e-001
 4.1938227e-001
 4.2015398e-001
 4.2094737e-001
 4.2177340e-001
 4.2264083e-001
 4.2355520e-001
 4.2451763e-001
 4.2552540e-001
 4.2657155e-001
 4.2764598e-001
 4.2873693e-001
 4.2983109e-001
 4.3091607e-001
 4.3198028e-001
 4.3301442e-001
 4.3401232e-001
 4.3497059e-001
 4.3588951e-001
 4.3677217e-001
 4.3762425e-001
 4.3845361e-001
 4.3926886e-001
 4.4007844e-001
 4.4089013e-001
 4.4170925e-001
 4.4253901e-001
 4.4337958e-001
 4.4422880e-001
 4.4508326e-001
 4.4593886e-001
 4.4679296e-001
 4.4764462e-001
 4.4849569e-001
 4.4935095e-001
 4.5021650e-001
 4.5109934e-001
 4.5200488e-001
 4.5293593e-001
 4.5389211e-001
 4.5486891e-001
 4.5585942e-001
 4.5685470e-001
 4.5784557e-001
 4.5882446e-001
 4.5978534e-001
 4.6072495e-001
 4.6164176e-001
 4.6253556e-001
 4.6340722e-001
 4.6425727e-001
 4.6508598e-001
 4.6589386e-001
 4.6668112e-001
 4.6744889e-001
 4.6819890e-001
 4.6893388e-001
 4.6965769e-001
 4.7037429e-001
 4.7108790e-001
 4.7180176e-001
 4.7251806e-001
 4.7323775e-001
 4.7395998e-001
 4.7468287e-001
 4.7540331e-001
 4.7611758e-001
 4.7682199e-001
 4.7751239e-001
 4.7818494e-001
 4.7883549e-001
 4.7945958e-001
 4.8005271e-001
 4.8061001e-001
 4.8112705e-001
 4.8160076e-001
 4.8202986e-001
 4.8241606e-001
 4.8276418e-001
 4.8308212e-001
 4.8338020e-001
 4.8366979e-001
 4.8396221e-001
 4.8426738e-001
 4.8459309e-001
 4.8494506e-001
 4.8532727e-001
 4.8574299e-001
 4.8619536e-001
 4.8668808e-001
 4.8722553e-001
 4.8781183e-001
 4.8845020e-001
 4.8914146e-001
 4.8988321e-001
 4.9066991e-001
 4.9149233e-001
 4.9233934e-001
 4.9319836e-001
 4.9405721e-001
 4.9490550e-001
 4.9573526e-001
 4.9654171e-001
 4.9732375e-001
 4.9808329e-001
 4.9882573e-001
 4.9955857e-001
 5.0029129e-001
 5.0103444e-001
 5.0179815e-001
 5.0259155e-001
 5.0342071e-001
 5.0428832e-001
 5.0519317e-001
 5.0612932e-001
 5.0708753e-001
 5.0805551e-001
 5.0901932e-001
 5.0996494e-001
 5.1087862e-001
 5.1174819e-001
 5.1256281e-001
 5.1331347e-001
 5.1399380e-001
 5.1459968e-001
 5.1513094e-001
 5.1559186e-001
 5.1599163e-001
 5.1634455e-001
 5.1666898e-001
 5.1698518e-001
 5.1731330e-001
 5.1766998e-001
 5.1806670e-001
 5.1850802e-001
 5.1899207e-001
 5.1951188e-001
 5.2005750e-001
 5.2061915e-001
 5.2118909e-001
 5.2176285e-001
 5.2233994e-001
 5.2292234e-001
 5.2351344e-001
 5.2411562e-001
 5.2472907e-001
 5.2535117e-001
 5.2597594e-001
 5.2659541e-001
 5.2720082e-001
 5.2778435e-001
 5.2834058e-001
 5.2886772e-001
 5.2936769e-001
 5.2984649e-001
 5.3031242e-001
 5.3077561e-001
 5.3124541e-001
 5.3172928e-001
 5.3223169e-001
 5.3275263e-001
 5.3328854e-001
 5.3383201e-001
 5.3437376e-001
 5.3490412e-001
 5.3541440e-001
 5.3589916e-001
 5.3635681e-001
 5.3679019e-001
 5.3720641e-001
 5.3761518e-001
 5.3802776e-001
 5.3845441e-001
 5.3890306e-001
 5.3937751e-001
 5.3987712e-001
 5.4039657e-001
 5.4092705e-001
 5.4145753e-001
 5.4197657e-001
 5.4247355e-001
 5.4294074e-001
 5.4337358e-001
 5.4377133e-001
 5.4413700e-001
 5.4447633e-001
 5.4479694e-001
 5.4510754e-001
 5.4541624e-001
 5.4572999e-001
 5.4605365e-001
 5.4638982e-001
 5.4673874e-001
 5.4709876e-001
 5.4746699e-001
 5.4783988e-001
 5.4821426e-001
 5.4858756e-001
 5.4895836e-001
 5.4932600e-001
 5.4969043e-001
 5.5005121e-001
 5.5040729e-001
 5.5075616e-001
 5.5109376e-001
 5.5141497e-001
 5.5171394e-001
 5.5198538e-001
 5.5222499e-001
 5.5243081e-001
 5.5260348e-001
 5.5274612e-001
 5.5286425e-001
 5.5296493e-001
 5.5305582e-001
 5.5314428e-001
 5.5323660e-001
 5.5333740e-001
 5.5344921e-001
 5.5357236e-001
 5.5370528e-001
 5.5384481e-001
 5.5398667e-001
 5.5412591e-001
 5.5425769e-001
 5.5437785e-001
 5.5448282e-001
 5.5457002e-001
 5.5463767e-001
 5.5468434e-001
 5.5470854e-001
 5.5470818e-001
 5.5468047e-001
 5.5462217e-001
 5.5453008e-001
 5.5440211e-001
 5.5423820e-001
 5.5404103e-001
 5.5381620e-001
 5.5357164e-001
 5.5331594e-001
 5.5305672e-001
 5.5279851e-001
 5.5254114e-001
 5.5227941e-001
 5.5200374e-001
 5.5170208e-001
 5.5136251e-001
 5.5097574e-001
 5.5053765e-001
 5.5005032e-001
 5.4952180e-001
 5.4896539e-001
 5.4839683e-001
 5.4783267e-001
 5.4728740e-001
 5.4677171e-001
 5.4629183e-001
 5.4584885e-001
 5.4543972e-001
 5.4505801e-001
 5.4469502e-001
 5.4434127e-001
 5.4398757e-001
 5.4362607e-001
 5.4325050e-001
 5.4285675e-001
 5.4244280e-001
 5.4200822e-001
 5.4155415e-001
 5.4108256e-001
 5.4059565e-001
 5.4009563e-001
 5.3958428e-001
 5.3906280e-001
 5.3853184e-001
 5.3799182e-001
 5.3744334e-001
 5.3688771e-001
 5.3632730e-001
 5.3576624e-001
 5.3520972e-001
 5.3466427e-001
 5.3413618e-001
 5.3363037e-001
 5.3314888e-001
 5.3268927e-001
 5.3224421e-001
 5.3180116e-001
 5.3134388e-001
 5.3085446e-001
 5.3031558e-001
 5.2971369e-001
 5.2904022e-001
 5.2829212e-001
 5.2747113e-001
 5.2658105e-001
 5.2562511e-001
 5.2460289e-001
 5.2350795e-001
 5.2232784e-001
 5.2104497e-001
 5.1963818e-001
 5.1808691e-001
 5.1637322e-001
 5.1448494e-001
 5.1241666e-001
 5.1016867e-001
 5.0774723e-001
 5.0516021e-001
 5.0241679e-001
 4.9952397e-001
 4.9648383e-001
 4.9329498e-001
 4.8994949e-001
 4.8643607e-001
 4.8274031e-001
 4.7884476e-001
 4.7473362e-001
 4.7039050e-001
 4.6580285e-001
 4.6096152e-001
 4.5585966e-001
 4.5049670e-001
 4.4487745e-001
 4.3901074e-001
 4.3291476e-001
 4.2661205e-001
 4.2013451e-001
 4.1352093e-001
 4.0681344e-001
 4.0006152e-001
 3.9331359e-001
 3.8662094e-001
 3.8003352e-001
 3.7359652e-001
 3.6735511e-001
 3.6134812e-001
 3.5561326e-001
 3.5018465e-001
 3.4509084e-001
 3.4035876e-001
 3.3600837e-001
 3.3205611e-001
 3.2851255e-001
 3.2538146e-001
 3.2266283e-001
 3.2035041e-001
 3.1843480e-001
 3.1690294e-001
 3.1573817e-001
 3.1492174e-001
 3.1443226e-001
 3.1424627e-001
 3.1433883e-001
 3.1468439e-001
 3.1525773e-001
 3.1603485e-001
 3.1699437e-001
 3.1811744e-001
 3.1938893e-001
 3.2079643e-001
 3.2233053e-001
 3.2398528e-001
 3.2575694e-001
 3.2764611e-001
 3.2965654e-001
 3.3179596e-001
 3.3407649e-001
 3.3651143e-001
 3.3911541e-001
 3.4189934e-001
 3.4486833e-001
 3.4802002e-001
 3.5134083e-001
 3.5480648e-001
 3.5838449e-001
 3.6203334e-001
 3.6570883e-001
 3.6936426e-001
 3.7295434e-001
 3.7643871e-001
 3.7978035e-001
 3.8294971e-001
 3.8592237e-001
 3.8868037e-001
 3.9121333e-001
 3.9351627e-001
 3.9559180e-001
 3.9744782e-001
 3.9909780e-001
 4.0056035e-001
 4.0185684e-001
 4.0301183e-001
 4.0405136e-001
 4.0500295e-001
 4.0589568e-001
 4.0675947e-001
 4.0762493e-001
 4.0852290e-001
 4.0948242e-001
 4.1052967e-001
 4.1168547e-001
 4.1296366e-001
 4.1437057e-001
 4.1590378e-001
 4.1755423e-001
 4.1930655e-001
 4.2114180e-001
 4.2304075e-001
 4.2498410e-001
 4.2695594e-001
 4.2894259e-001
 4.3093294e-001
 4.3291822e-001
 4.3488881e-001
 4.3683517e-001
 4.3874538e-001
 4.4060630e-001
 4.4240564e-001
 4.4413251e-001
 4.4578159e-001
 4.4735357e-001
 4.4885656e-001
 4.5030573e-001
 4.5171967e-001
 4.5311716e-001
 4.5451352e-001
 4.5591617e-001
 4.5732409e-001
 4.5872736e-001
 4.6011001e-001
 4.6145466e-001
 4.6274582e-001
 4.6397498e-001
 4.6514153e-001
 4.6625340e-001
 4.6732572e-001
 4.6837655e-001
 4.6942443e-001
 4.7048396e-001
 4.7156402e-001
 4.7266707e-001
 4.7378853e-001
 4.7491935e-001
 4.7604698e-001
 4.7715828e-001
 4.7824159e-001
 4.7928759e-001
 4.8029047e-001
 4.8124847e-001
 4.8216289e-001
 4.8303843e-001
 4.8388147e-001
 4.8469961e-001
 4.8550087e-001
 4.8629221e-001
 4.8707989e-001
 4.8786852e-001
 4.8866132e-001
 4.8946014e-001
 4.9026465e-001
 4.9107280e-001
 4.9188018e-001
 4.9268055e-001
 4.9346709e-001
 4.9423268e-001
 4.9497235e-001
 4.9568406e-001
 4.9637017e-001
 4.9703768e-001
 4.9769631e-001
 4.9835715e-001
 4.9902996e-001
 4.9972144e-001
 5.0043428e-001
 5.0116622e-001
 5.0191075e-001
 5.0265795e-001
 5.0339580e-001
 5.0411272e-001
 5.0479883e-001
 5.0544769e-001
 5.0605732e-001
 5.0663012e-001
 5.0717252e-001
 5.0769365e-001
 5.0820416e-001
 5.0871450e-001
 5.0923306e-001
 5.0976563e-001
 5.1031417e-001
 5.1087701e-001
 5.1144928e-001
 5.1202297e-001
 5.1258802e-001
 5.1313335e-001
 5.1364809e-001
 5.1412410e-001
 5.1455659e-001
 5.1494586e-001
 5.1529741e-001
 5.1562077e-001
 5.1592851e-001
 5.1623368e-001
 5.1654756e-001
 5.1687783e-001
 5.1722747e-001
 5.1759529e-001
 5.1797676e-001
 5.1836592e-001
 5.1875657e-001
 5.1914376e-001
 5.1952451e-001
 5.1989770e-001
 5.2026433e-001
 5.2062654e-001
 5.2098691e-001
 5.2134734e-001
 5.2170825e-001
 5.2206814e-001
 5.2242368e-001
 5.2277005e-001
 5.2310187e-001
 5.2341437e-001
 5.2370429e-001
 5.2397072e-001
 5.2421582e-001
 5.2444422e-001
 5.2466321e-001
 5.2488106e-001
 5.2510661e-001
 5.2534735e-001
 5.2560908e-001
 5.2589488e-001
 5.2620482e-001
 5.2653676e-001
 5.2688617e-001
 5.2724755e-001
 5.2761525e-001
 5.2798402e-001
 5.2834982e-001
 5.2870977e-001
 5.2906251e-001
 5.2940768e-001
 5.2974534e-001
 5.3007573e-001
 5.3039861e-001
 5.3071296e-001
 5.3101712e-001
 5.3130859e-001
 5.3158438e-001
 5.3184146e-001
 5.3207713e-001
 5.3228951e-001
 5.3247780e-001
 5.3264266e-001
 5.3278637e-001
 5.3291273e-001
 5.3302735e-001
 5.3313702e-001
 5.3324974e-001
 5.3337377e-001
 5.3351712e-001
 5.3368628e-001
 5.3388536e-001
 5.3411472e-001
 5.3437036e-001
 5.3464353e-001
 5.3492099e-001
 5.3518629e-001
 5.3542167e-001
 5.3561068e-001
 5.3574073e-001
 5.3580600e-001
 5.3580874e-001
 5.3576028e-001
 5.3567976e-001
 5.3559208e-001
 5.3552443e-001
 5.3550255e-001
 5.3554666e-001
 5.3566873e-001
 5.3587055e-001
 5.3614366e-001
 5.3647065e-001
 5.3682750e-001
 5.3718799e-001
 5.3752667e-001
 5.3782278e-001
 5.3806299e-001
 5.3824168e-001
 5.3836071e-001
 5.3842777e-001
 5.3845417e-001
 5.3845286e-001
 5.3843665e-001
 5.3841645e-001
 5.3840107e-001
 5.3839618e-001
 5.3840488e-001
 5.3842753e-001
 5.3846282e-001
 5.3850871e-001
 5.3856289e-001
 5.3862363e-001
 5.3868997e-001
 5.3876126e-001
 5.3883713e-001
 5.3891641e-001
 5.3899664e-001
 5.3907359e-001
 5.3914106e-001
 5.3919160e-001
 5.3921705e-001
 5.3920990e-001
 5.3916454e-001
 5.3907847e-001
 5.3895330e-001
 5.3879499e-001
 5.3861386e-001
 5.3842425e-001
 5.3824323e-001
 5.3808862e-001
 5.3797758e-001
 5.3792393e-001
 5.3793669e-001
 5.3801888e-001
 5.3816664e-001
 5.3836977e-001
 5.3861272e-001
 5.3887641e-001
 5.3913951e-001
 5.3938091e-001
 5.3958088e-001
 5.3972250e-001
 5.3979230e-001
 5.3978068e-001
 5.3968191e-001
 5.3949386e-001
 5.3921765e-001
 5.3885734e-001
 5.3841966e-001
 5.3791356e-001
 5.3734994e-001
 5.3674120e-001
 5.3610015e-001
 5.3543973e-001
 5.3477174e-001
 5.3410590e-001
 5.3344971e-001
 5.3280717e-001
 5.3217953e-001
 5.3156549e-001
 5.3096169e-001
 5.3036481e-001
 5.2977198e-001
 5.2918327e-001
 5.2860194e-001
 5.2803558e-001
 5.2749592e-001
 5.2699792e-001
 5.2655840e-001
 5.2619356e-001
 5.2591628e-001
 5.2573401e-001
 5.2564597e-001
 5.2564245e-001
 5.2570403e-001
 5.2580327e-001
 5.2590680e-001
 5.2597868e-001
 5.2598459e-001
 5.2589542e-001
 5.2569097e-001
 5.2536196e-001
 5.2491105e-001
 5.2435195e-001
 5.2370775e-001
 5.2300727e-001
 5.2228183e-001
 5.2156138e-001
 5.2087110e-001
 5.2022952e-001
 5.1964706e-001
 5.1912618e-001
 5.1866263e-001
 5.1824653e-001
 5.1786554e-001
 5.1750594e-001
 5.1715541e-001
 5.1680374e-001
 5.1644379e-001
 5.1607156e-001
 5.1568532e-001
 5.1528531e-001
 5.1487201e-001
 5.1444519e-001
 5.1400310e-001
 5.1354170e-001
 5.1305467e-001
 5.1253432e-001
 5.1197201e-001
 5.1136059e-001
 5.1069558e-001
 5.0997722e-001
 5.0921208e-001
 5.0841337e-001
 5.0760162e-001
 5.0680321e-001
 5.0604802e-001
 5.0536704e-001
 5.0478745e-001
 5.0432968e-001
 5.0400341e-001
 5.0380510e-001
 5.0371790e-001
 5.0371432e-001
 5.0375968e-001
 5.0381595e-001
 5.0384623e-001
 5.0381798e-001
 5.0370586e-001
 5.0349295e-001
 5.0317138e-001
 5.0274354e-001
 5.0222218e-001
 5.0162929e-001
 5.0099325e-001
 5.0034589e-001
 4.9971840e-001
 4.9913722e-001
 4.9862075e-001
 4.9817708e-001
 4.9780452e-001
 4.9744666e-001
 4.9720356e-001
 4.9698299e-001
 4.9676266e-001
 4.9652359e-001
 4.9625257e-001
 4.9594393e-001
 4.9559885e-001
 4.9522322e-001
 4.9482575e-001
 4.9441600e-001
 4.9400368e-001
 4.9359804e-001
 4.9320707e-001
 4.9283707e-001
 4.9249229e-001
 4.9217466e-001
 4.9188426e-001
 4.9161953e-001
 4.9137807e-001
 4.9115700e-001
 4.9095309e-001
 4.9076310e-001
 4.9058345e-001
 4.9041036e-001
 4.9023962e-001
 4.9006653e-001
 4.8988611e-001
 4.8969293e-001
 4.8948154e-001
 4.8924637e-001
 4.8898181e-001
 4.8868230e-001
 4.8834220e-001
 4.8795599e-001
 4.8751819e-001
 4.8702326e-001
 4.8646581e-001
 4.8584044e-001
 4.8514166e-001
 4.8436430e-001
 4.8350301e-001
 4.8255318e-001
 4.8151115e-001
 4.8037434e-001
 4.7914273e-001
 4.7781792e-001
 4.7640407e-001
 4.7490677e-001
 4.7333202e-001
 4.7168672e-001
 4.6997675e-001
 4.6820745e-001
 4.6638161e-001
 4.6449724e-001
 4.6254766e-001
 4.6051902e-001
 4.5839256e-001
 4.5614541e-001
 4.5375144e-001
 4.5118457e-001
 4.4841760e-001
 4.4542551e-001
 4.4218606e-001
 4.3868041e-001
 4.3489727e-001
 4.3083236e-001
 4.2648619e-001
 4.2186594e-001
 4.1697943e-001
 4.1183731e-001
 4.0645057e-001
 4.0082744e-001
 3.9497685e-001
 3.8890198e-001
 3.8260359e-001
 3.7607780e-001
 3.6931401e-001
 3.6230165e-001
 3.5502502e-001
 3.4747046e-001
 3.3962530e-001
 3.3147737e-001
 3.2302502e-001
 3.1427392e-001
 3.0524811e-001
 2.9598865e-001
 2.8654870e-001
 2.7699590e-001
 2.6740474e-001
 2.5784931e-001
 2.4840926e-001
 2.3915862e-001
 2.3017207e-001
 2.2151944e-001
 2.1326108e-001
 2.0545429e-001
 1.9814602e-001
 1.9138128e-001
 1.8520190e-001
 1.7964560e-001
 1.7475078e-001
 1.7054929e-001
 1.6706689e-001
 1.6431601e-001
 1.6229045e-001
 1.6096559e-001
 1.6029836e-001
 1.6023317e-001
 1.6070639e-001
 1.6165094e-001
 1.6299860e-001
 1.6468291e-001
 1.6664037e-001
 1.6881326e-001
 1.7115264e-001
 1.7361771e-001
 1.7617558e-001
 1.7880023e-001
 1.8146801e-001
 1.8415840e-001
 1.8685094e-001
 1.8952632e-001
 1.9216806e-001
 1.9476147e-001
 1.9729717e-001
 1.9976939e-001
 2.0217648e-001
 2.0452069e-001
 2.0680489e-001
 2.0903388e-001
 2.1121170e-001
 2.1334185e-001
 2.1542725e-001
 2.1746738e-001
 2.1945956e-001
 2.2139689e-001
 2.2326925e-001
 2.2506490e-001
 2.2677003e-001
 2.2837038e-001
 2.2985269e-001
 2.3120439e-001
 2.3241685e-001
 2.3348638e-001
 2.3441666e-001
 2.3521987e-001
 2.3591504e-001
 2.3652700e-001
 2.3708352e-001
 2.3761378e-001
 2.3814696e-001
 2.3871040e-001
 2.3932789e-001
 2.4001677e-001
 2.4078570e-001
 2.4163416e-001
 2.4255265e-001
 2.4352579e-001
 2.4453412e-001
 2.4555649e-001
 2.4657205e-001
 2.4756101e-001
 2.4850695e-001
 2.4939942e-001
 2.5023520e-001
 2.5101995e-001
 2.5176677e-001
 2.5249436e-001
 2.5322503e-001
 2.5398225e-001
 2.5478977e-001
 2.5566971e-001
 2.5664076e-001
 2.5771642e-001
 2.5890204e-001
 2.6019508e-001
 2.6158500e-001
 2.6305550e-001
 2.6458764e-001
 2.6616010e-001
 2.6775211e-001
 2.6934332e-001
 2.7091551e-001
 2.7245489e-001
 2.7395201e-001
 2.7540389e-001
 2.7681211e-001
 2.7818212e-001
 2.7952212e-001
 2.8084087e-001
 2.8214759e-001
 2.8345174e-001
 2.8476191e-001
 2.8608635e-001
 2.8743196e-001
 2.8880435e-001
 2.9020864e-001
 2.9164845e-001
 2.9312760e-001
 2.9464889e-001
 2.9621565e-001
 2.9782912e-001
 2.9949012e-001
 3.0119696e-001
 3.0294329e-001
 3.0472016e-001
 3.0651483e-001
 3.0831242e-001
 3.1009525e-001
 3.1184646e-001
 3.1354940e-001
 3.1518751e-001
 3.1674850e-001
 3.1822485e-001
 3.1961471e-001
 3.2092470e-001
 3.2216769e-001
 3.2336187e-001
 3.2452741e-001
 3.2568654e-001
 3.2686156e-001
 3.2807237e-001
 3.2933658e-001
 3.3066633e-001
 3.3206549e-001
 3.3353069e-001
 3.3505124e-001
 3.3660984e-001
 3.3818719e-001
 3.3976203e-001
 3.4131342e-001
 3.4282023e-001
 3.4426486e-001
 3.4563366e-001
 3.4691751e-001
 3.4811440e-001
 3.4922776e-001
 3.5026413e-001
 3.5123348e-001
 3.5214651e-001
 3.5301435e-001
 3.5384721e-001
 3.5465479e-001
 3.5544485e-001
 3.5622209e-001
 3.5698891e-001
 3.5774517e-001
 3.5848826e-001
 3.5921505e-001
 3.5992181e-001
 3.6060432e-001
 3.6125913e-001
 3.6188340e-001
 3.6247572e-001
 3.6303604e-001
 3.6356667e-001
 3.6407164e-001
 3.6455598e-001
 3.6502582e-001
 3.6548761e-001
 3.6594754e-001
 3.6641178e-001
 3.6688578e-001
 3.6737403e-001
 3.6787906e-001
 3.6840218e-001
 3.6894315e-001
 3.6950025e-001
 3.7007147e-001
 3.7065446e-001
 3.7124637e-001
 3.7184459e-001
 3.7244636e-001
 3.7304890e-001
 3.7364891e-001
 3.7424320e-001
 3.7482855e-001
 3.7540108e-001
 3.7595737e-001
 3.7649387e-001
 3.7700680e-001
 3.7749285e-001
 3.7794909e-001
 3.7837285e-001
 3.7876254e-001
 3.7911740e-001
 3.7943751e-001
 3.7972331e-001
 3.7997583e-001
 3.8019639e-001
 3.8038653e-001
 3.8054875e-001
 3.8068706e-001
 3.8080812e-001
 3.8092217e-001
 3.8104340e-001
 3.8118964e-001
 3.8138121e-001
 3.8163999e-001
 3.8198835e-001
 3.8244760e-001
 3.8303646e-001
 3.8376805e-001
 3.8464531e-001
 3.8565856e-001
 3.8678375e-001
 3.8798293e-001
 3.8920936e-001
 3.9041039e-001
 3.9153138e-001
 3.9251763e-001
 3.9331967e-001
 3.9389738e-001
 3.9422628e-001
 3.9430413e-001
 3.9415243e-001
 3.9381468e-001
 3.9335018e-001
 3.9282778e-001
 3.9232028e-001
 3.9190054e-001
 3.9163646e-001
 3.9158541e-001
 3.9178693e-001
 3.9225620e-001
 3.9298180e-001
 3.9392740e-001
 3.9503941e-001
 3.9625365e-001
 3.9750040e-001
 3.9871049e-001
 3.9981806e-001
 4.0076631e-001
 4.0151265e-001
 4.0203530e-001
 4.0233466e-001
 4.0243110e-001
 4.0236008e-001
 4.0216580e-001
 4.0189654e-001
 4.0160084e-001
 4.0132463e-001
 4.0110704e-001
 4.0097627e-001
 4.0094495e-001
 4.0100896e-001
 4.0114889e-001
 4.0133408e-001
 4.0152723e-001
 4.0168798e-001
 4.0177590e-001
 4.0175295e-001
 4.0158680e-001
 4.0125483e-001
 4.0074748e-001
 4.0006965e-001
 3.9923978e-001
 3.9828560e-001
 3.9724037e-001
 3.9614078e-001
 3.9502293e-001
 3.9392090e-001
 3.9286488e-001
 3.9187634e-001
 3.9096615e-001
 3.9013302e-001
 3.8936549e-001
 3.8864353e-001
 3.8794237e-001
 3.8723564e-001
 3.8649625e-001
 3.8569847e-001
 3.8482076e-001
 3.8384694e-001
 3.8276887e-001
 3.8158822e-001
 3.8031396e-001
 3.7896132e-001
 3.7754875e-001
 3.7609735e-001
 3.7462744e-001
 3.7315843e-001
 3.7170851e-001
 3.7029105e-001
 3.6891416e-001
 3.6758116e-001
 3.6628917e-001
 3.6503181e-001
 3.6380011e-001
 3.6258495e-001
 3.6137602e-001
 3.6016348e-001
 3.5893953e-001
 3.5769734e-001
 3.5643280e-001
 3.5514548e-001
 3.5383680e-001
 3.5251036e-001
 3.5117054e-001
 3.4982324e-001
 3.4847340e-001
 3.4712550e-001
 3.4578386e-001
 3.4445000e-001
 3.4312299e-001
 3.4180000e-001
 3.4047484e-001
 3.3913943e-001
 3.3778554e-001
 3.3640352e-001
 3.3498397e-001
 3.3351758e-001
 3.3199692e-001
 3.3041516e-001
 3.2876736e-001
 3.2705218e-001
 3.2526913e-001
 3.2341921e-001
 3.2150578e-001
 3.1953141e-001
 3.1749985e-001
 3.1541556e-001
 3.1328705e-001
 3.1112546e-001
 3.0894750e-001
 3.0677766e-001
 3.0464450e-001
 3.0258062e-001
 3.0062264e-001
 2.9880643e-001
 2.9716754e-001
 2.9574013e-001
 2.9455197e-001
 2.9362234e-001
 2.9295841e-001
 2.9255453e-001
 2.9239252e-001
 2.9244563e-001
 2.9268172e-001
 2.9306629e-001
 2.9356447e-001
 2.9414204e-001
 2.9476804e-001
 2.9541600e-001
 2.9606625e-001
 2.9670566e-001
 2.9732820e-001
 2.9793245e-001
 2.9851949e-001
 2.9909199e-001
 2.9965264e-001
 3.0020234e-001
 3.0073950e-001
 3.0125740e-001
 3.0174217e-001
 3.0217278e-001
 3.0252117e-001
 3.0275437e-001
 3.0283624e-001
 3.0272976e-001
 3.0239800e-001
 3.0180663e-001
 3.0092597e-001
 2.9973441e-001
 2.9822242e-001
 2.9639205e-001
 2.9425693e-001
 2.9183820e-001
 2.8916392e-001
 2.8626296e-001
 2.8316528e-001
 2.7990410e-001
 2.7651224e-001
 2.7302504e-001
 2.6948395e-001
 2.6593196e-001
 2.6241559e-001
 2.5898656e-001
 2.5569558e-001
 2.5259459e-001
 2.4973400e-001
 2.4716356e-001
 2.4492505e-001
 2.4305081e-001
 2.4156129e-001
 2.4046092e-001
 2.3974127e-001
 2.3938465e-001
 2.3936699e-001
 2.3966157e-001
 2.4024084e-001
 2.4107681e-001
 2.4214254e-001
 2.4341257e-001
 2.4486218e-001
 2.4646951e-001
 2.4821453e-001
 2.5007722e-001
 2.5203961e-001
 2.5408420e-001
 2.5619230e-001
 2.5834706e-001
 2.6053181e-001
 2.6273143e-001
 2.6493070e-001
 2.6711756e-001
 2.6928136e-001
 2.7141097e-001
 2.7349749e-001
 2.7553219e-001
 2.7750486e-001
 2.7940658e-001
 2.8122708e-001
 2.8295550e-001
 2.8457811e-001
 2.8608081e-001
 2.8744778e-001
 2.8866106e-001
 2.8970316e-001
 2.9055625e-001
 2.9120255e-001
 2.9162654e-001
 2.9181612e-001
 2.9176512e-001
 2.9147547e-001
 2.9095808e-001
 2.9023170e-001
 2.8932157e-001
 2.8825605e-001
 2.8706497e-001
 2.8577921e-001
 2.8442803e-001
 2.8303832e-001
 2.8163427e-001
 2.8023386e-001
 2.7884972e-001
 2.7748907e-001
 2.7615619e-001
 2.7485222e-001
 2.7357706e-001
 2.7233091e-001
 2.7111238e-001
 2.6991919e-001
 2.6874816e-001
 2.6759315e-001
 2.6644579e-001
 2.6529530e-001
 2.6413000e-001
 2.6293641e-001
 2.6170069e-001
 2.6041010e-001
 2.5905213e-001
 2.5761670e-001
 2.5609899e-001
 2.5449884e-001
 2.5282252e-001
 2.5108299e-001
 2.4929598e-001
 2.4747974e-001
 2.4565291e-001
 2.4383546e-001
 2.4204504e-001
 2.4029759e-001
 2.3860738e-001
 2.3698373e-001
 2.3543189e-001
 2.3395425e-001
 2.3254906e-001
 2.3121302e-001
 2.2994152e-001
 2.2873053e-001
 2.2757503e-001
 2.2647013e-001
 2.2541180e-001
 2.2443046e-001
 2.2368865e-001
 2.2274399e-001
 2.2182463e-001
 2.2092484e-001
 2.2003907e-001
 2.1916160e-001
 2.1828733e-001
 2.1741045e-001
 2.1652548e-001
 2.1562688e-001
 2.1470961e-001
 2.1377583e-001
 2.1283062e-001
 2.1187933e-001
 2.1092708e-001
 2.0997965e-001
 2.0904216e-001
 2.0811994e-001
 2.0721817e-001
 2.0634256e-001
 2.0549826e-001
 2.0469061e-001
 2.0392478e-001
 2.0320646e-001
 2.0254020e-001
 2.0192483e-001
 2.0135610e-001
 2.0082958e-001
 2.0034128e-001
 1.9988675e-001
 1.9946168e-001
 1.9906171e-001
 1.9868276e-001
 1.9832037e-001
 1.9797032e-001
 1.9762820e-001
 1.9728988e-001
 1.9695105e-001
 1.9660731e-001
 1.9625445e-001
 1.9588807e-001
 1.9550402e-001
 1.9509839e-001
 1.9467065e-001
 1.9422203e-001
 1.9375414e-001
 1.9326819e-001
 1.9276558e-001
 1.9224750e-001
 1.9171558e-001
 1.9117105e-001
 1.9061525e-001
 1.9004957e-001
 1.8947518e-001
 1.8889375e-001
 1.8830650e-001
 1.8771476e-001
 1.8711978e-001
 1.8652314e-001
 1.8592612e-001
 1.8533003e-001
 1.8473615e-001
 1.8414602e-001
 1.8356095e-001
 1.8298210e-001
 1.8240939e-001
 1.8184257e-001
 1.8128091e-001
 1.8072386e-001
 1.8017091e-001
 1.7962126e-001
 1.7907473e-001
 1.7853059e-001
 1.7798825e-001
 1.7744705e-001
 1.7690672e-001
 1.7636652e-001
 1.7582591e-001
 1.7528422e-001
 1.7474112e-001
 1.7419596e-001
 1.7364816e-001
 1.7309715e-001
 1.7254226e-001
 1.7198321e-001
 1.7141926e-001
 1.7084990e-001
 1.7027444e-001
 1.6969255e-001
 1.6910355e-001
 1.6850701e-001
 1.6790310e-001
 1.6729282e-001
 1.6667682e-001
 1.6605583e-001
 1.6543058e-001
 1.6480163e-001
 1.6417006e-001
 1.6353644e-001
 1.6290151e-001
 1.6226588e-001
 1.6163057e-001
 1.6099615e-001
 1.6036342e-001
 1.5973291e-001
 1.5910569e-001
 1.5848236e-001
 1.5786362e-001
 1.5725009e-001
 1.5664281e-001
 1.5604237e-001
 1.5544949e-001
 1.5486492e-001
 1.5428926e-001
 1.5372354e-001
 1.5316835e-001
 1.5262441e-001
 1.5209240e-001
 1.5157324e-001
 1.5106757e-001
 1.5057604e-001
 1.5009838e-001
 1.4963433e-001
 1.4918326e-001
