s07_ASD Record=11198: Thuringite SMR-15.a 115um     BECKb AREF
 6.4355724e-002
 6.4416975e-002
 6.4344965e-002
 6.4201877e-002
 6.4061746e-002
 6.3971162e-002
 6.3936993e-002
 6.3942619e-002
 6.3969932e-002
 6.4011000e-002
 6.4066879e-002
 6.4140409e-002
 6.4230435e-002
 6.4329237e-002
 6.4423881e-002
 6.4503558e-002
 6.4568169e-002
 6.4630300e-002
 6.4710408e-002
 6.4829282e-002
 6.5001026e-002
 6.5229252e-002
 6.5507591e-002
 6.5823339e-002
 6.6161767e-002
 6.6509366e-002
 6.6856265e-002
 6.7196906e-002
 6.7528173e-002
 6.7848362e-002
 6.8158925e-002
 6.8465836e-002
 6.8778157e-002
 6.9106340e-002
 6.9458842e-002
 6.9836408e-002
 7.0232205e-002
 7.0635997e-002
 7.1037509e-002
 7.1427181e-002
 7.1795590e-002
 7.2134584e-002
 7.2441429e-002
 7.2722614e-002
 7.2992451e-002
 7.3265865e-002
 7.3549911e-002
 7.3840566e-002
 7.4127093e-002
 7.4401170e-002
 7.4664235e-002
 7.4928395e-002
 7.5210035e-002
 7.5519197e-002
 7.5851828e-002
 7.6189473e-002
 7.6507479e-002
 7.6789781e-002
 7.7034347e-002
 7.7248827e-002
 7.7457547e-002
 7.7684745e-002
 7.7943914e-002
 7.8253612e-002
 7.8642309e-002
 7.9111092e-002
 7.9622835e-002
 8.0123708e-002
 8.0559716e-002
 8.0895327e-002
 8.1135035e-002
 8.1325874e-002
 8.1533805e-002
 8.1814341e-002
 8.2195051e-002
 8.2675599e-002
 8.3239265e-002
 8.3863549e-002
 8.4521443e-002
 8.5178085e-002
 8.5794456e-002
 8.6342201e-002
 8.6820602e-002
 8.7259352e-002
 8.7700687e-002
 8.8171445e-002
 8.8665910e-002
 8.9152426e-002
 8.9597620e-002
 8.9989454e-002
 9.0342417e-002
 9.0684064e-002
 9.1034636e-002
 9.1394909e-002
 9.1747813e-002
 9.2069596e-002
 9.2343122e-002
 9.2566282e-002
 9.2751801e-002
 9.2919230e-002
 9.3085468e-002
 9.3257889e-002
 9.3432315e-002
 9.3595587e-002
 9.3732156e-002
 9.3834586e-002
 9.3911745e-002
 9.3987167e-002
 9.4087511e-002
 9.4228961e-002
 9.4412923e-002
 9.4634332e-002
 9.4892748e-002
 9.5193081e-002
 9.5533669e-002
 9.5892973e-002
 9.6229881e-002
 9.6502073e-002
 9.6692659e-002
 9.6827582e-002
 9.6967369e-002
 9.7171575e-002
 9.7457387e-002
 9.7786926e-002
 9.8098300e-002
 9.8354451e-002
 9.8567322e-002
 9.8784015e-002
 9.9059239e-002
 9.9437483e-002
 9.9941164e-002
 1.0055316e-001
 1.0120493e-001
 1.0179684e-001
 1.0225170e-001
 1.0256343e-001
 1.0279892e-001
 1.0305277e-001
 1.0339024e-001
 1.0381368e-001
 1.0426694e-001
 1.0467831e-001
 1.0502034e-001
 1.0533652e-001
 1.0569967e-001
 1.0613598e-001
 1.0659576e-001
 1.0700721e-001
 1.0735793e-001
 1.0771876e-001
 1.0818462e-001
 1.0879022e-001
 1.0948005e-001
 1.1015705e-001
 1.1075844e-001
 1.1128528e-001
 1.1176370e-001
 1.1219027e-001
 1.1252756e-001
 1.1275446e-001
 1.1291123e-001
 1.1308844e-001
 1.1337261e-001
 1.1380302e-001
 1.1436940e-001
 1.1502665e-001
 1.1569715e-001
 1.1627712e-001
 1.1668421e-001
 1.1692993e-001
 1.1713804e-001
 1.1745805e-001
 1.1793169e-001
 1.1844394e-001
 1.1882345e-001
 1.1900049e-001
 1.1906728e-001
 1.1919492e-001
 1.1950142e-001
 1.1997881e-001
 1.2050592e-001
 1.2091729e-001
 1.2109739e-001
 1.2106751e-001
 1.2100062e-001
 1.2110622e-001
 1.2144366e-001
 1.2185513e-001
 1.2212544e-001
 1.2219699e-001
 1.2218185e-001
 1.2218536e-001
 1.2219578e-001
 1.2216366e-001
 1.2212788e-001
 1.2221175e-001
 1.2249518e-001
 1.2291374e-001
 1.2329734e-001
 1.2350599e-001
 1.2352462e-001
 1.2343963e-001
 1.2334416e-001
 1.2327389e-001
 1.2322102e-001
 1.2318278e-001
 1.2317637e-001
 1.2321514e-001
 1.2329157e-001
 1.2338529e-001
 1.2347464e-001
 1.2354242e-001
 1.2358336e-001
 1.2360393e-001
 1.2360222e-001
 1.2355599e-001
 1.2345400e-001
 1.2334126e-001
 1.2330728e-001
 1.2340327e-001
 1.2356556e-001
 1.2364106e-001
 1.2351879e-001
 1.2324300e-001
 1.2297610e-001
 1.2284420e-001
 1.2283394e-001
 1.2285081e-001
 1.2286396e-001
 1.2294225e-001
 1.2310529e-001
 1.2319574e-001
 1.2300428e-001
 1.2251601e-001
 1.2195072e-001
 1.2156584e-001
 1.2147653e-001
 1.2162688e-001
 1.2184258e-001
 1.2191568e-001
 1.2172520e-001
 1.2131495e-001
 1.2082753e-001
 1.2035887e-001
 1.1989937e-001
 1.1939824e-001
 1.1885579e-001
 1.1837750e-001
 1.1815774e-001
 1.1831307e-001
 1.1865839e-001
 1.1879994e-001
 1.1856634e-001
 1.1818431e-001
 1.1792877e-001
 1.1778057e-001
 1.1757097e-001
 1.1726059e-001
 1.1699446e-001
 1.1696128e-001
 1.1715201e-001
 1.1729406e-001
 1.1715379e-001
 1.1679431e-001
 1.1641065e-001
 1.1607136e-001
 1.1574541e-001
 1.1543221e-001
 1.1513095e-001
 1.1480765e-001
 1.1448681e-001
 1.1421593e-001
 1.1393815e-001
 1.1360779e-001
 1.1332688e-001
 1.1319232e-001
 1.1317741e-001
 1.1318330e-001
 1.1303620e-001
 1.1260448e-001
 1.1203870e-001
 1.1168077e-001
 1.1165894e-001
 1.1176872e-001
 1.1179911e-001
 1.1178381e-001
 1.1185356e-001
 1.1193321e-001
 1.1175521e-001
 1.1121572e-001
 1.1052651e-001
 1.0994234e-001
 1.0950868e-001
 1.0916110e-001
 1.0895376e-001
 1.0906866e-001
 1.0953511e-001
 1.0999083e-001
 1.0995767e-001
 1.0943714e-001
 1.0894262e-001
 1.0882431e-001
 1.0888398e-001
 1.0877365e-001
 1.0846832e-001
 1.0820591e-001
 1.0812711e-001
 1.0808605e-001
 1.0782866e-001
 1.0732960e-001
 1.0684101e-001
 1.0658374e-001
 1.0653266e-001
 1.0653540e-001
 1.0648745e-001
 1.0634583e-001
 1.0609030e-001
 1.0574035e-001
 1.0537579e-001
 1.0510925e-001
 1.0502142e-001
 1.0511117e-001
 1.0528483e-001
 1.0540012e-001
 1.0534239e-001
 1.0507537e-001
 1.0464802e-001
 1.0418217e-001
 1.0384896e-001
 1.0380161e-001
 1.0406229e-001
 1.0445561e-001
 1.0469518e-001
 1.0458702e-001
 1.0417037e-001
 1.0366053e-001
 1.0325829e-001
 1.0301118e-001
 1.0283074e-001
 1.0260721e-001
 1.0229920e-001
 1.0194744e-001
 1.0164755e-001
 1.0151713e-001
 1.0164088e-001
 1.0198321e-001
 1.0234422e-001
 1.0246237e-001
 1.0222132e-001
 1.0177080e-001
 1.0141239e-001
 1.0131703e-001
 1.0133381e-001
 1.0112175e-001
 1.0063180e-001
 1.0025727e-001
 1.0046728e-001
 1.0124230e-001
 1.0192513e-001
 1.0202100e-001
 1.0179784e-001
 1.0171579e-001
 1.0172930e-001
 1.0154418e-001
 1.0114264e-001
 1.0074028e-001
 1.0053074e-001
 1.0068016e-001
 1.0128095e-001
 1.0202008e-001
 1.0218040e-001
 1.0141347e-001
 1.0024015e-001
 9.9391945e-002
 9.9080108e-002
 9.9250779e-002
 9.9981122e-002
 1.0113950e-001
 1.0209015e-001
 1.0224459e-001
 1.0168938e-001
 1.0102702e-001
 1.0081385e-001
 1.0118764e-001
 1.0178813e-001
 1.0195678e-001
 1.0122812e-001
 9.9929854e-002
 9.9108845e-002
 9.9411651e-002
 1.0035928e-001
 1.0114991e-001
 1.0159685e-001
 1.0182458e-001
 1.0174221e-001
 1.0139191e-001
 1.0126644e-001
 1.0172997e-001
 1.0264201e-001
 1.0332412e-001
 1.0323218e-001
 1.0249127e-001
 1.0150331e-001
 1.0066680e-001
 1.0029042e-001
 1.0051471e-001
 1.0133853e-001
 1.0263097e-001
 1.0400940e-001
 1.0487051e-001
 1.0473964e-001
 1.0371658e-001
 1.0245094e-001
 1.0162288e-001
 1.0146705e-001
 1.0176127e-001
 1.0217328e-001
 1.0250401e-001
 1.0271161e-001
 1.0285600e-001
 1.0312474e-001
 1.0380675e-001
 1.0506254e-001
 1.0658872e-001
 1.0770694e-001
 1.0785221e-001
 1.0691504e-001
 1.0528937e-001
 1.0365064e-001
 1.0267247e-001
 1.0200026e-001
 1.0175857e-001
 1.0186750e-001
 1.0220038e-001
 1.0261176e-001
 1.0295621e-001
 1.0311607e-001
 1.0315695e-001
 1.0321827e-001
 1.0343970e-001
 1.0392090e-001
 1.0449890e-001
 1.0490441e-001
 1.0486782e-001
 1.0418421e-001
 1.0307583e-001
 1.0193829e-001
 1.0116766e-001
 1.0109119e-001
 1.0157788e-001
 1.0243425e-001
 1.0305217e-001
 1.0323709e-001
 1.0293134e-001
 1.0232674e-001
 1.0162579e-001
 1.0103121e-001
 1.0073894e-001
 1.0079569e-001
 1.0110003e-001
 1.0154426e-001
 1.0202050e-001
 1.0242364e-001
 1.0270560e-001
 1.0287491e-001
 1.0294243e-001
 1.0291900e-001
 1.0281598e-001
 1.0265402e-001
 1.0246313e-001
 1.0227357e-001
 1.0211575e-001
 1.0202000e-001
 1.0200474e-001
 1.0204230e-001
 1.0209385e-001
 1.0212052e-001
 1.0208344e-001
 1.0194378e-001
 1.0167736e-001
 1.0131682e-001
 1.0090829e-001
 1.0049807e-001
 1.0013229e-001
 9.9857204e-002
 9.9718995e-002
 9.9750526e-002
 9.9933796e-002
 1.0023873e-001
 1.0063516e-001
 1.0109305e-001
 1.0158219e-001
-1.2300000e+034
-1.2300000e+034
 1.0293645e-001
 1.0324971e-001
 1.0344375e-001
 1.0348842e-001
 1.0335361e-001
 1.0300925e-001
 1.0242523e-001
 1.0157131e-001
 1.0043853e-001
 9.9095479e-002
 9.7629495e-002
 9.6127309e-002
 9.4676279e-002
 9.3363106e-002
 9.2275165e-002
 9.1499217e-002
 9.1097631e-002
 9.1040723e-002
 9.1277823e-002
 9.1758206e-002
 9.2431292e-002
 9.3246207e-002
 9.4152428e-002
 9.5099077e-002
 9.6035667e-002
 9.6911266e-002
 9.7675383e-002
 9.8277152e-002
 9.8679073e-002
 9.8890811e-002
 9.8932922e-002
 9.8825894e-002
 9.8590225e-002
 9.8246455e-002
 9.7815074e-002
 9.7316518e-002
 9.6771404e-002
 9.6200109e-002
 9.5623262e-002
 9.5061243e-002
 9.4533302e-002
 9.4053492e-002
 9.3635000e-002
 9.3290798e-002
 9.3034059e-002
 9.2877775e-002
 9.2835076e-002
 9.2919029e-002
 9.3142666e-002
 9.3519092e-002
 9.4061434e-002
 9.4771929e-002
 9.5615424e-002
 9.6548147e-002
 9.7526699e-002
 9.8507293e-002
 9.9446565e-002
 1.0030069e-001
 1.0102632e-001
 1.0157965e-001
 1.0191727e-001
 1.0201260e-001
 1.0189865e-001
 1.0162109e-001
 1.0122579e-001
 1.0075840e-001
 1.0026480e-001
 9.9790648e-002
 9.9381819e-002
 9.9083982e-002
 9.8942973e-002
 9.8985754e-002
 9.9175163e-002
 9.9460363e-002
 9.9790432e-002
 1.0011456e-001
 1.0038183e-001
 1.0054141e-001
 1.0054245e-001
 1.0033406e-001
 9.9865355e-002
 9.9111594e-002
 9.8135620e-002
 9.7019158e-002
 9.5843457e-002
 9.4690278e-002
 9.3640871e-002
 9.2776954e-002
 9.2179842e-002
 9.1931172e-002
 9.2079692e-002
 9.2565626e-002
 9.3306378e-002
 9.4219647e-002
 9.5222734e-002
 9.6233383e-002
 9.7168893e-002
 9.7947001e-002
 9.8505296e-002
 9.8848403e-002
 9.8994464e-002
 9.8961741e-002
 9.8768458e-002
 9.8432809e-002
 9.7973086e-002
 9.7407475e-002
 9.6762739e-002
 9.6093893e-002
 9.5461406e-002
 9.4926015e-002
 9.4548196e-002
 9.4388641e-002
 9.4507910e-002
 9.4966568e-002
 9.5785737e-002
 9.6858665e-002
 9.8053344e-002
 9.9138990e-002
 1.0012092e-001
 1.0081201e-001
 1.0112157e-001
 1.0103051e-001
 1.0058035e-001
 9.9853508e-002
 9.8951936e-002
 9.7983152e-002
 9.7048342e-002
 9.6226804e-002
 9.5565036e-002
 9.5085077e-002
 9.4798215e-002
 9.4710492e-002
 9.4819464e-002
 9.5107593e-002
 9.5540039e-002
 9.6068792e-002
 9.6639678e-002
 9.7198412e-002
 9.7696438e-002
 9.8095894e-002
 9.8371647e-002
 9.8508634e-002
 9.8498382e-002
 9.8338403e-002
 9.8036088e-002
 9.7613774e-002
 9.7110584e-002
 9.6578546e-002
 9.6075475e-002
 9.5656320e-002
 9.5363870e-002
 9.5221177e-002
 9.5229089e-002
 9.5370270e-002
 9.5616579e-002
 9.5936202e-002
 9.6298970e-002
 9.6748844e-002
 9.6998200e-002
 9.7244434e-002
 9.7472057e-002
 9.7666837e-002
 9.7815976e-002
 9.7908579e-002
 9.7935937e-002
 9.7892351e-002
 9.7776160e-002
 9.7590856e-002
 9.7345993e-002
 9.7057670e-002
 9.6748307e-002
 9.6444741e-002
 9.6175887e-002
 9.5970117e-002
 9.5851883e-002
 9.5838800e-002
 9.5938772e-002
 9.6148759e-002
 9.6454605e-002
 9.6832469e-002
 9.7251050e-002
 9.7674787e-002
 9.8066807e-002
 9.8392643e-002
 9.8625325e-002
 9.8749317e-002
 9.8763682e-002
 9.8681621e-002
 9.8527104e-002
 9.8330192e-002
 9.8122098e-002
 9.7930796e-002
 9.7777799e-002
 9.7676590e-002
 9.7632103e-002
 9.7641602e-002
 9.7695991e-002
 9.7781487e-002
 9.7881235e-002
 9.7976960e-002
 9.8050758e-002
 9.8087080e-002
 9.8074920e-002
 9.8009795e-002
 9.7895063e-002
 9.7741850e-002
 9.7567603e-002
 9.7392827e-002
 9.7237289e-002
 9.7116023e-002
 9.7036593e-002
 9.6998416e-002
 9.6994154e-002
 9.7012982e-002
 9.7044416e-002
 9.7081527e-002
 9.7122245e-002
 9.7168446e-002
 9.7222887e-002
 9.7285375e-002
 9.7349539e-002
 9.7401515e-002
 9.7421527e-002
 9.7387932e-002
 9.7282730e-002
 9.7096801e-002
 9.6833326e-002
 9.6508086e-002
 9.6146345e-002
 9.5777698e-002
 9.5429346e-002
 9.5120840e-002
 9.4860569e-002
 9.4645441e-002
 9.4463706e-002
 9.4299547e-002
 9.4138741e-002
 9.3973570e-002
 9.3806081e-002
 9.3649201e-002
 9.3525328e-002
 9.3463197e-002
 9.3493223e-002
 9.3642600e-002
 9.3930565e-002
 9.4364561e-002
 9.4938181e-002
 9.5630154e-002
 9.6406154e-002
 9.7221248e-002
 9.8024599e-002
 9.8765232e-002
 9.9397108e-002
 9.9885002e-002
 1.0020786e-001
 1.0036104e-001
 1.0035586e-001
 1.0021681e-001
 9.9977113e-002
 9.9673435e-002
 9.9340700e-002
 9.9007823e-002
 9.8695830e-002
 9.8417304e-002
 9.8178335e-002
 9.7981140e-002
 9.7827069e-002
 9.7719267e-002
 9.7663790e-002
 9.7669490e-002
 9.7746246e-002
 9.7902313e-002
 9.8141171e-002
 9.8458789e-002
 9.8842189e-002
 9.9269159e-002
 9.9710457e-002
 1.0013291e-001
 1.0050411e-001
 1.0079719e-001
 1.0099459e-001
 1.0109073e-001
 1.0109222e-001
 1.0101634e-001
 1.0088760e-001
 1.0073359e-001
 1.0058045e-001
 1.0044949e-001
 1.0035479e-001
 1.0030256e-001
 1.0029198e-001
 1.0031708e-001
 1.0036925e-001
 1.0043974e-001
 1.0052169e-001
 1.0061121e-001
 1.0070755e-001
 1.0081232e-001
 1.0092790e-001
 1.0105579e-001
 1.0119490e-001
 1.0134059e-001
 1.0148454e-001
 1.0161545e-001
 1.0172068e-001
 1.0178829e-001
 1.0180929e-001
 1.0177951e-001
 1.0170079e-001
 1.0158114e-001
 1.0143404e-001
 1.0127674e-001
 1.0112775e-001
 1.0100457e-001
 1.0092116e-001
 1.0088656e-001
 1.0090420e-001
 1.0097235e-001
 1.0108545e-001
 1.0123592e-001
 1.0141587e-001
 1.0161839e-001
 1.0183827e-001
 1.0207146e-001
 1.0231431e-001
 1.0256241e-001
 1.0280949e-001
 1.0304721e-001
 1.0326551e-001
 1.0345402e-001
 1.0360412e-001
 1.0371105e-001
 1.0377595e-001
 1.0380676e-001
 1.0381811e-001
 1.0382955e-001
 1.0386246e-001
 1.0393621e-001
 1.0406417e-001
 1.0425049e-001
 1.0448886e-001
 1.0476307e-001
 1.0505018e-001
 1.0532500e-001
 1.0556529e-001
 1.0575652e-001
 1.0589440e-001
 1.0598543e-001
 1.0604490e-001
 1.0609300e-001
 1.0615037e-001
 1.0623401e-001
 1.0635470e-001
 1.0651637e-001
 1.0671715e-001
 1.0695203e-001
 1.0721551e-001
 1.0750419e-001
 1.0781827e-001
 1.0816132e-001
 1.0853943e-001
 1.0895877e-001
 1.0942339e-001
 1.0993345e-001
 1.1048366e-001
 1.1106389e-001
 1.1165994e-001
 1.1225589e-001
 1.1283688e-001
 1.1339092e-001
 1.1391053e-001
 1.1439308e-001
 1.1483925e-001
 1.1525149e-001
 1.1563129e-001
 1.1597756e-001
 1.1628601e-001
 1.1654963e-001
 1.1676100e-001
 1.1691492e-001
 1.1701118e-001
 1.1705652e-001
 1.1706485e-001
 1.1705612e-001
 1.1705358e-001
 1.1708046e-001
 1.1715662e-001
 1.1729594e-001
 1.1750520e-001
 1.1778408e-001
 1.1812655e-001
 1.1852324e-001
 1.1896339e-001
 1.1943726e-001
 1.1993689e-001
 1.2045643e-001
 1.2099162e-001
 1.2153792e-001
 1.2208919e-001
 1.2263661e-001
 1.2316778e-001
 1.2366794e-001
 1.2412123e-001
 1.2451336e-001
 1.2483433e-001
 1.2508027e-001
 1.2525471e-001
 1.2536801e-001
 1.2543575e-001
 1.2547609e-001
 1.2550667e-001
 1.2554216e-001
 1.2559263e-001
 1.2566307e-001
 1.2575433e-001
 1.2586464e-001
 1.2599185e-001
 1.2613508e-001
 1.2629618e-001
 1.2648013e-001
 1.2669472e-001
 1.2694933e-001
 1.2725347e-001
 1.2761489e-001
 1.2803806e-001
 1.2852283e-001
 1.2906358e-001
 1.2964958e-001
 1.3026516e-001
 1.3089150e-001
 1.3150802e-001
 1.3209483e-001
 1.3263510e-001
 1.3311678e-001
 1.3353465e-001
 1.3389088e-001
 1.3419516e-001
 1.3446382e-001
 1.3471766e-001
 1.3497950e-001
 1.3527100e-001
 1.3560952e-001
 1.3600564e-001
 1.3646115e-001
 1.3696876e-001
 1.3751265e-001
 1.3807073e-001
 1.3861811e-001
 1.3913050e-001
 1.3958812e-001
 1.3997869e-001
 1.4029889e-001
 1.4055456e-001
 1.4075913e-001
 1.4093097e-001
 1.4109020e-001
 1.4125541e-001
 1.4144126e-001
 1.4165702e-001
 1.4190646e-001
 1.4218886e-001
 1.4250067e-001
 1.4283764e-001
 1.4319646e-001
 1.4357580e-001
 1.4397663e-001
 1.4440092e-001
 1.4485045e-001
 1.4532439e-001
 1.4581794e-001
 1.4632155e-001
 1.4682122e-001
 1.4730035e-001
 1.4774279e-001
 1.4813571e-001
 1.4847289e-001
 1.4875630e-001
 1.4899664e-001
 1.4921205e-001
 1.4942534e-001
 1.4966065e-001
 1.4993972e-001
 1.5027875e-001
 1.5068641e-001
 1.5116237e-001
 1.5169773e-001
 1.5227570e-001
 1.5287365e-001
 1.5346605e-001
 1.5402736e-001
 1.5453643e-001
 1.5497993e-001
 1.5535593e-001
 1.5567586e-001
 1.5596375e-001
 1.5625310e-001
 1.5658070e-001
 1.5697822e-001
 1.5746410e-001
 1.5803677e-001
 1.5867214e-001
 1.5932673e-001
 1.5994519e-001
 1.6047277e-001
 1.6086754e-001
 1.6111121e-001
 1.6121440e-001
 1.6121495e-001
 1.6116999e-001
 1.6114351e-001
 1.6119266e-001
 1.6135648e-001
 1.6164938e-001
 1.6206124e-001
 1.6256273e-001
 1.6311471e-001
 1.6367899e-001
 1.6422668e-001
 1.6474426e-001
 1.6523416e-001
 1.6571219e-001
 1.6620190e-001
 1.6672744e-001
 1.6730720e-001
 1.6794944e-001
 1.6864973e-001
 1.6939232e-001
 1.7015259e-001
 1.7090204e-001
 1.7161360e-001
 1.7226565e-001
 1.7284565e-001
 1.7335075e-001
 1.7378701e-001
 1.7416690e-001
 1.7450525e-001
 1.7481571e-001
 1.7510718e-001
 1.7538154e-001
 1.7563292e-001
 1.7584777e-001
 1.7600667e-001
 1.7608640e-001
 1.7606281e-001
 1.7591368e-001
 1.7562138e-001
 1.7517512e-001
 1.7457236e-001
 1.7381972e-001
 1.7293206e-001
 1.7193136e-001
 1.7084409e-001
 1.6969770e-001
 1.6851842e-001
 1.6732799e-001
 1.6614361e-001
 1.6497853e-001
 1.6384415e-001
 1.6275479e-001
 1.6173084e-001
 1.6080295e-001
 1.6001306e-001
 1.5941304e-001
 1.5906121e-001
 1.5901542e-001
 1.5932545e-001
 1.6002476e-001
 1.6112401e-001
 1.6260621e-001
 1.6442710e-001
 1.6651717e-001
 1.6878869e-001
 1.7114612e-001
 1.7349485e-001
 1.7575186e-001
 1.7785415e-001
 1.7976095e-001
 1.8145569e-001
 1.8294089e-001
 1.8423267e-001
 1.8535410e-001
 1.8632764e-001
 1.8717162e-001
 1.8789735e-001
 1.8850979e-001
 1.8900979e-001
 1.8939644e-001
 1.8967052e-001
 1.8983628e-001
 1.8990320e-001
 1.8988664e-001
 1.8980809e-001
 1.8969491e-001
 1.8957967e-001
 1.8949857e-001
 1.8948868e-001
 1.8958418e-001
 1.8981153e-001
 1.9018494e-001
 1.9070260e-001
 1.9134595e-001
 1.9208123e-001
 1.9286497e-001
 1.9365178e-001
 1.9440205e-001
 1.9508956e-001
 1.9570474e-001
 1.9625457e-001
 1.9675839e-001
 1.9724002e-001
 1.9771983e-001
 1.9820715e-001
 1.9869643e-001
 1.9916759e-001
 1.9959013e-001
 1.9993123e-001
 2.0016462e-001
 2.0027919e-001
 2.0028469e-001
 2.0021279e-001
 2.0011336e-001
 2.0004591e-001
 2.0006825e-001
 2.0022443e-001
 2.0053504e-001
 2.0099238e-001
 2.0156230e-001
 2.0219181e-001
 2.0282225e-001
 2.0340295e-001
 2.0390357e-001
 2.0432095e-001
 2.0467845e-001
 2.0501892e-001
 2.0539244e-001
 2.0584266e-001
 2.0639567e-001
 2.0705317e-001
 2.0779301e-001
 2.0857456e-001
 2.0934887e-001
 2.1007009e-001
 2.1070451e-001
 2.1123740e-001
 2.1167415e-001
 2.1203789e-001
 2.1236391e-001
 2.1269193e-001
 2.1305868e-001
 2.1349172e-001
 2.1400478e-001
 2.1459641e-001
 2.1525005e-001
 2.1593687e-001
 2.1662030e-001
 2.1726058e-001
 2.1782088e-001
 2.1827175e-001
 2.1859552e-001
 2.1878900e-001
 2.1886405e-001
 2.1884686e-001
 2.1877490e-001
 2.1869281e-001
 2.1864709e-001
 2.1868065e-001
 2.1882755e-001
 2.1910892e-001
 2.1953048e-001
 2.2008194e-001
 2.2073789e-001
 2.2146069e-001
 2.2220442e-001
 2.2291924e-001
 2.2355779e-001
 2.2408020e-001
 2.2446036e-001
 2.2468857e-001
 2.2477119e-001
 2.2472899e-001
 2.2459386e-001
 2.2440514e-001
 2.2420706e-001
 2.2404480e-001
 2.2395906e-001
 2.2398067e-001
 2.2412567e-001
 2.2439311e-001
 2.2476558e-001
 2.2521290e-001
 2.2569792e-001
 2.2618397e-001
 2.2664247e-001
 2.2705737e-001
 2.2742668e-001
 2.2776106e-001
 2.2808072e-001
 2.2841148e-001
 2.2878036e-001
 2.2921126e-001
 2.2972088e-001
 2.3031493e-001
 2.3098665e-001
 2.3171645e-001
 2.3247425e-001
 2.3322430e-001
 2.3393033e-001
 2.3456277e-001
 2.3510373e-001
 2.3555136e-001
 2.3592050e-001
 2.3623914e-001
 2.3654367e-001
 2.3687266e-001
 2.3726109e-001
 2.3773630e-001
 2.3831479e-001
 2.3900011e-001
 2.3978139e-001
 2.4063465e-001
 2.4152584e-001
 2.4241446e-001
 2.4325886e-001
 2.4402145e-001
 2.4467196e-001
 2.4519114e-001
 2.4557196e-001
 2.4582039e-001
 2.4595499e-001
 2.4600378e-001
 2.4600077e-001
 2.4598224e-001
 2.4598318e-001
 2.4603412e-001
 2.4615893e-001
 2.4637406e-001
 2.4668799e-001
 2.4710156e-001
 2.4760929e-001
 2.4820070e-001
 2.4886255e-001
 2.4958006e-001
 2.5033811e-001
 2.5112209e-001
 2.5191727e-001
 2.5270835e-001
 2.5347874e-001
 2.5420949e-001
 2.5487971e-001
 2.5546679e-001
 2.5594848e-001
 2.5630587e-001
 2.5652644e-001
 2.5660819e-001
 2.5656244e-001
 2.5641546e-001
 2.5620800e-001
 2.5599232e-001
 2.5582644e-001
 2.5576702e-001
 2.5586116e-001
 2.5613892e-001
 2.5660789e-001
 2.5725138e-001
 2.5803009e-001
 2.5888810e-001
 2.5976226e-001
 2.6059204e-001
 2.6133081e-001
 2.6195312e-001
 2.6245934e-001
 2.6287577e-001
 2.6324901e-001
 2.6363778e-001
 2.6410222e-001
 2.6469263e-001
 2.6544109e-001
 2.6635540e-001
 2.6741830e-001
 2.6859111e-001
 2.6981977e-001
 2.7104503e-001
 2.7221090e-001
 2.7327323e-001
 2.7420554e-001
 2.7500015e-001
 2.7566755e-001
 2.7623114e-001
 2.7672160e-001
 2.7717003e-001
 2.7760178e-001
 2.7803275e-001
 2.7846718e-001
 2.7889836e-001
 2.7931151e-001
 2.7968732e-001
 2.8000668e-001
 2.8025481e-001
 2.8042424e-001
 2.8051701e-001
 2.8054479e-001
 2.8052840e-001
 2.8049609e-001
 2.8048119e-001
 2.8051955e-001
 2.8064680e-001
 2.8089547e-001
 2.8129193e-001
 2.8185317e-001
 2.8258449e-001
 2.8347701e-001
 2.8450704e-001
 2.8563723e-001
 2.8681985e-001
 2.8800264e-001
 2.8913382e-001
 2.9016823e-001
 2.9107282e-001
 2.9182908e-001
 2.9243511e-001
 2.9290581e-001
 2.9327199e-001
 2.9357687e-001
 2.9387036e-001
 2.9420239e-001
 2.9461610e-001
 2.9514146e-001
 2.9579186e-001
 2.9656288e-001
 2.9743430e-001
 2.9837519e-001
 2.9934904e-001
 3.0032086e-001
 3.0126181e-001
 3.0215293e-001
 3.0298626e-001
 3.0376238e-001
 3.0448824e-001
 3.0517328e-001
 3.0582610e-001
 3.0645221e-001
 3.0705202e-001
 3.0762094e-001
 3.0814964e-001
 3.0862629e-001
 3.0903953e-001
 3.0938151e-001
 3.0965152e-001
 3.0985910e-001
 3.1002527e-001
 3.1018293e-001
 3.1037414e-001
 3.1064641e-001
 3.1104678e-001
 3.1161517e-001
 3.1237802e-001
 3.1334263e-001
 3.1449360e-001
 3.1579277e-001
 3.1718054e-001
 3.1858230e-001
 3.1991488e-001
 3.2109576e-001
 3.2205251e-001
 3.2272932e-001
 3.2309350e-001
 3.2313746e-001
 3.2287866e-001
 3.2235649e-001
 3.2162753e-001
 3.2075980e-001
 3.1982639e-001
 3.1890112e-001
 3.1805342e-001
 3.1734610e-001
 3.1683290e-001
 3.1655678e-001
 3.1654930e-001
 3.1682909e-001
 3.1740087e-001
 3.1825459e-001
 3.1936562e-001
 3.2069480e-001
 3.2219160e-001
 3.2379639e-001
 3.2544538e-001
 3.2707620e-001
 3.2863152e-001
 3.3006483e-001
 3.3134198e-001
 3.3244324e-001
 3.3336306e-001
 3.3410725e-001
 3.3469063e-001
 3.3513272e-001
 3.3545426e-001
 3.3567426e-001
 3.3580741e-001
 3.3586335e-001
 3.3584684e-001
 3.3575901e-001
 3.3559945e-001
 3.3536893e-001
 3.3507201e-001
 3.3471900e-001
 3.3432782e-001
 3.3392388e-001
 3.3353952e-001
 3.3321196e-001
 3.3298013e-001
 3.3288166e-001
 3.3294916e-001
 3.3320728e-001
 3.3367026e-001
 3.3434117e-001
 3.3521104e-001
 3.3626035e-001
 3.3745953e-001
 3.3877102e-001
 3.4015119e-001
 3.4155127e-001
 3.4291950e-001
 3.4420344e-001
 3.4535167e-001
 3.4631774e-001
 3.4706321e-001
 3.4756222e-001
 3.4780568e-001
 3.4780410e-001
 3.4758955e-001
 3.4721512e-001
 3.4675252e-001
 3.4628603e-001
 3.4590447e-001
 3.4569108e-001
 3.4571344e-001
 3.4601453e-001
 3.4660599e-001
 3.4746665e-001
 3.4854853e-001
 3.4978381e-001
 3.5109422e-001
 3.5240087e-001
 3.5363126e-001
 3.5472661e-001
 3.5564393e-001
 3.5635790e-001
 3.5686389e-001
 3.5717750e-001
 3.5733262e-001
 3.5737696e-001
 3.5736543e-001
 3.5735255e-001
 3.5738477e-001
 3.5749385e-001
 3.5769346e-001
 3.5797864e-001
 3.5830316e-001
 3.5873348e-001
 3.5915631e-001
 3.5953018e-001
 3.5982037e-001
 3.6000443e-001
 3.6007521e-001
 3.6003959e-001
 3.5991436e-001
 3.5972169e-001
 3.5948557e-001
 3.5923004e-001
 3.5897756e-001
 3.5874721e-001
 3.5855323e-001
 3.5840365e-001
 3.5830000e-001
 3.5823801e-001
 3.5820898e-001
 3.5820159e-001
 3.5820338e-001
 3.5820177e-001
 3.5818550e-001
 3.5814628e-001
 3.5808086e-001
 3.5799307e-001
 3.5789463e-001
 3.5780433e-001
 3.5774618e-001
 3.5774720e-001
 3.5783547e-001
 3.5803866e-001
 3.5838163e-001
 3.5888362e-001
 3.5955423e-001
 3.6039013e-001
 3.6137405e-001
 3.6247560e-001
 3.6365485e-001
 3.6486667e-001
 3.6606294e-001
 3.6719629e-001
 3.6822170e-001
 3.6910063e-001
 3.6980572e-001
 3.7032387e-001
 3.7065870e-001
 3.7082827e-001
 3.7086171e-001
 3.7079448e-001
 3.7066498e-001
 3.7051192e-001
 3.7037206e-001
 3.7027735e-001
 3.7025166e-001
 3.7030795e-001
 3.7044692e-001
 3.7065837e-001
 3.7092397e-001
 3.7122059e-001
 3.7152281e-001
 3.7180474e-001
 3.7204123e-001
 3.7220937e-001
 3.7229002e-001
 3.7226912e-001
 3.7213829e-001
 3.7189430e-001
 3.7153769e-001
 3.7107128e-001
 3.7049925e-001
 3.6982685e-001
 3.6906058e-001
 3.6821011e-001
 3.6728945e-001
 3.6631912e-001
 3.6532667e-001
 3.6434564e-001
 3.6341453e-001
 3.6257416e-001
 3.6186653e-001
 3.6133263e-001
 3.6100966e-001
 3.6092737e-001
 3.6110270e-001
 3.6153534e-001
 3.6220568e-001
 3.6307707e-001
 3.6409995e-001
 3.6521706e-001
 3.6636832e-001
 3.6749315e-001
 3.6853474e-001
 3.6944357e-001
 3.7018287e-001
 3.7073365e-001
 3.7109590e-001
 3.7128717e-001
 3.7133774e-001
 3.7128562e-001
 3.7117228e-001
 3.7103972e-001
 3.7092802e-001
 3.7087250e-001
 3.7090030e-001
 3.7102753e-001
 3.7125793e-001
 3.7158424e-001
 3.7199095e-001
 3.7245771e-001
 3.7296194e-001
 3.7348050e-001
 3.7399131e-001
 3.7447453e-001
 3.7491447e-001
 3.7530121e-001
 3.7563089e-001
 3.7590525e-001
 3.7613031e-001
 3.7631446e-001
 3.7646732e-001
 3.7659881e-001
 3.7671852e-001
 3.7683538e-001
 3.7695673e-001
 3.7708816e-001
 3.7723300e-001
 3.7739268e-001
 3.7756726e-001
 3.7775585e-001
 3.7795722e-001
 3.7816986e-001
 3.7839195e-001
 3.7862152e-001
 3.7885574e-001
 3.7909129e-001
 3.7932378e-001
 3.7954810e-001
 3.7975869e-001
 3.7994945e-001
 3.8011435e-001
 3.8024741e-001
 3.8034326e-001
 3.8039750e-001
 3.8040760e-001
 3.8037339e-001
 3.8029751e-001
 3.8018495e-001
 3.8004249e-001
 3.7987804e-001
 3.7969989e-001
 3.7951604e-001
 3.7933370e-001
 3.7915808e-001
 3.7899101e-001
 3.7882993e-001
 3.7866715e-001
 3.7849066e-001
 3.7828493e-001
 3.7803274e-001
 3.7771618e-001
 3.7731794e-001
 3.7682340e-001
 3.7622359e-001
 3.7551853e-001
 3.7472111e-001
 3.7385777e-001
 3.7296775e-001
 3.7209958e-001
 3.7130678e-001
 3.7064528e-001
 3.7016946e-001
 3.6992854e-001
 3.6995998e-001
 3.7028179e-001
 3.7088546e-001
 3.7173349e-001
 3.7276164e-001
 3.7388623e-001
 3.7501249e-001
 3.7604037e-001
 3.7687102e-001
 3.7741205e-001
 3.7758639e-001
 3.7734261e-001
 3.7666401e-001
 3.7557214e-001
 3.7412345e-001
 3.7240013e-001
 3.7049893e-001
 3.6852413e-001
 3.6658072e-001
 3.6476839e-001
 3.6317635e-001
 3.6187395e-001
 3.6090511e-001
 3.6028481e-001
 3.6000186e-001
 3.6002609e-001
 3.6031586e-001
 3.6082393e-001
 3.6150199e-001
 3.6230230e-001
 3.6318150e-001
 3.6410284e-001
 3.6503801e-001
 3.6596927e-001
 3.6688769e-001
 3.6779124e-001
 3.6868125e-001
 3.6956164e-001
 3.7043706e-001
 3.7131163e-001
 3.7219000e-001
 3.7307641e-001
 3.7397388e-001
 3.7488556e-001
 3.7581372e-001
 3.7676054e-001
 3.7772727e-001
 3.7871566e-001
 3.7972724e-001
 3.8076258e-001
 3.8182220e-001
 3.8290554e-001
 3.8400975e-001
 3.8513109e-001
 3.8626426e-001
 3.8740209e-001
 3.8853750e-001
 3.8966298e-001
 3.9077145e-001
 3.9185587e-001
 3.9291161e-001
 3.9393687e-001
 3.9493287e-001
 3.9590582e-001
 3.9686576e-001
 3.9782473e-001
 3.9879718e-001
 3.9979795e-001
 4.0084192e-001
 4.0194201e-001
 4.0310907e-001
 4.0434945e-001
 4.0566236e-001
 4.0704089e-001
 4.0847206e-001
 4.0993717e-001
 4.1141585e-001
 4.1288647e-001
 4.1432640e-001
 4.1571504e-001
 4.1703382e-001
 4.1826865e-001
 4.1941008e-001
 4.2045569e-001
 4.2140865e-001
 4.2227542e-001
 4.2306578e-001
 4.2379051e-001
 4.2446041e-001
 4.2508686e-001
 4.2568091e-001
 4.2625350e-001
 4.2681473e-001
 4.2737475e-001
 4.2794329e-001
 4.2852929e-001
 4.2914200e-001
 4.2979038e-001
 4.3048230e-001
 4.3122473e-001
 4.3202171e-001
 4.3287274e-001
 4.3377048e-001
 4.3470106e-001
 4.3564442e-001
 4.3657508e-001
 4.3746564e-001
 4.3828753e-001
 4.3901220e-001
 4.3961439e-001
 4.4007432e-001
 4.4038147e-001
 4.4053844e-001
 4.4056204e-001
 4.4048190e-001
 4.4033721e-001
 4.4017264e-001
 4.4003513e-001
 4.3997136e-001
 4.4002414e-001
 4.4022855e-001
 4.4060606e-001
 4.4116005e-001
 4.4187382e-001
 4.4271258e-001
 4.4362760e-001
 4.4456288e-001
 4.4545898e-001
 4.4625601e-001
 4.4689858e-001
 4.4734010e-001
 4.4754842e-001
 4.4751200e-001
 4.4724149e-001
 4.4676784e-001
 4.4613677e-001
 4.4540286e-001
 4.4462445e-001
 4.4386074e-001
 4.4316730e-001
 4.4259247e-001
 4.4217280e-001
 4.4192761e-001
 4.4185796e-001
 4.4194821e-001
 4.4217038e-001
 4.4248918e-001
 4.4286609e-001
 4.4326183e-001
 4.4363934e-001
 4.4396630e-001
 4.4421843e-001
 4.4438267e-001
 4.4445831e-001
 4.4445559e-001
 4.4439310e-001
 4.4429410e-001
 4.4418430e-001
 4.4408953e-001
 4.4403431e-001
 4.4403991e-001
 4.4412190e-001
 4.4428825e-001
 4.4453850e-001
 4.4486439e-001
 4.4525221e-001
 4.4568491e-001
 4.4614360e-001
 4.4660932e-001
 4.4706380e-001
 4.4749060e-001
 4.4787601e-001
 4.4821069e-001
 4.4848993e-001
 4.4871286e-001
 4.4888195e-001
 4.4900137e-001
 4.4907603e-001
 4.4911116e-001
 4.4911158e-001
 4.4908115e-001
 4.4902214e-001
 4.4893461e-001
 4.4881621e-001
 4.4866243e-001
 4.4846717e-001
 4.4822323e-001
 4.4792336e-001
 4.4756025e-001
 4.4712752e-001
 4.4662103e-001
 4.4603974e-001
 4.4538715e-001
 4.4467160e-001
 4.4390643e-001
 4.4310787e-001
 4.4229400e-001
 4.4148430e-001
 4.4069767e-001
 4.3995190e-001
 4.3926287e-001
 4.3864194e-001
 4.3809500e-001
 4.3762222e-001
 4.3721789e-001
 4.3687239e-001
 4.3657362e-001
 4.3630856e-001
 4.3606386e-001
 4.3582672e-001
 4.3558612e-001
 4.3533349e-001
 4.3506369e-001
 4.3477577e-001
 4.3447220e-001
 4.3415800e-001
 4.3383971e-001
 4.3352470e-001
 4.3321991e-001
 4.3293113e-001
 4.3266174e-001
 4.3241069e-001
 4.3217108e-001
 4.3192977e-001
 4.3166754e-001
 4.3136105e-001
 4.3098432e-001
 4.3051058e-001
 4.2991337e-001
 4.2916805e-001
 4.2825511e-001
 4.2716220e-001
 4.2588708e-001
 4.2443991e-001
 4.2284030e-001
 4.2111528e-001
 4.1929772e-001
 4.1742110e-001
 4.1551939e-001
 4.1362384e-001
 4.1176251e-001
 4.0995392e-001
 4.0820587e-001
 4.0651524e-001
 4.0486684e-001
 4.0323746e-001
 4.0160024e-001
 3.9992478e-001
 3.9818034e-001
 3.9633572e-001
 3.9436176e-001
 3.9222920e-001
 3.8991028e-001
 3.8738084e-001
 3.8461670e-001
 3.8159481e-001
 3.7829509e-001
 3.7469617e-001
 3.7077796e-001
 3.6652672e-001
 3.6193290e-001
 3.5699958e-001
 3.5174429e-001
 3.4620601e-001
 3.4043565e-001
 3.3449563e-001
 3.2845947e-001
 3.2239956e-001
 3.1638819e-001
 3.1049901e-001
 3.0479449e-001
 2.9932705e-001
 2.9413217e-001
 2.8923175e-001
 2.8462815e-001
 2.8031248e-001
 2.7627215e-001
 2.7248830e-001
 2.6894233e-001
 2.6562080e-001
 2.6251400e-001
 2.5962314e-001
 2.5696588e-001
 2.5457379e-001
 2.5249374e-001
 2.5078276e-001
 2.4950519e-001
 2.4872632e-001
 2.4851003e-001
 2.4891300e-001
 2.4997601e-001
 2.5171429e-001
 2.5410631e-001
 2.5709233e-001
 2.6057684e-001
 2.6443925e-001
 2.6854059e-001
 2.7273813e-001
 2.7688959e-001
 2.8085768e-001
 2.8452590e-001
 2.8780735e-001
 2.9065353e-001
 2.9306343e-001
 2.9507631e-001
 2.9675996e-001
 2.9820144e-001
 2.9949516e-001
 3.0073631e-001
 3.0201259e-001
 3.0339715e-001
 3.0493715e-001
 3.0664319e-001
 3.0848768e-001
 3.1040764e-001
 3.1231263e-001
 3.1409818e-001
 3.1565267e-001
 3.1686509e-001
 3.1763080e-001
 3.1786308e-001
 3.1750295e-001
 3.1653032e-001
 3.1496751e-001
 3.1287476e-001
 3.1034228e-001
 3.0747575e-001
 3.0438817e-001
 3.0119604e-001
 2.9800940e-001
 2.9492837e-001
 2.9203436e-001
 2.8938627e-001
 2.8701377e-001
 2.8492209e-001
 2.8309992e-001
 2.8152344e-001
 2.8016371e-001
 2.7899066e-001
 2.7797240e-001
 2.7707735e-001
 2.7627355e-001
 2.7552968e-001
 2.7481380e-001
 2.7409402e-001
 2.7333894e-001
 2.7251679e-001
 2.7159616e-001
 2.7054763e-001
 2.6934442e-001
 2.6796669e-001
 2.6640525e-001
 2.6466718e-001
 2.6277515e-001
 2.6076674e-001
 2.5869212e-001
 2.5660652e-001
 2.5456786e-001
 2.5263497e-001
 2.5086078e-001
 2.4928868e-001
 2.4794690e-001
 2.4684040e-001
 2.4595009e-001
 2.4523458e-001
 2.4463688e-001
 2.4408990e-001
 2.4352266e-001
 2.4286501e-001
 2.4205165e-001
 2.4102877e-001
 2.3976283e-001
 2.3824602e-001
 2.3649994e-001
 2.3457237e-001
 2.3253241e-001
 2.3045973e-001
 2.2843954e-001
 2.2655925e-001
 2.2490126e-001
 2.2353928e-001
 2.2253250e-001
 2.2191787e-001
 2.2170866e-001
 2.2189717e-001
 2.2246078e-001
 2.2336845e-001
 2.2458558e-001
 2.2607546e-001
 2.2780262e-001
 2.2973320e-001
 2.3183419e-001
 2.3407683e-001
 2.3643579e-001
 2.3888703e-001
 2.4141072e-001
 2.4398808e-001
 2.4660195e-001
 2.4923389e-001
 2.5186768e-001
 2.5448751e-001
 2.5707608e-001
 2.5952944e-001
 2.6141116e-001
 2.6382169e-001
 2.6616773e-001
 2.6845017e-001
 2.7066925e-001
 2.7282584e-001
 2.7491915e-001
 2.7695000e-001
 2.7891868e-001
 2.8082550e-001
 2.8267112e-001
 2.8445432e-001
 2.8617501e-001
 2.8783256e-001
 2.8942677e-001
 2.9095629e-001
 2.9242092e-001
 2.9382002e-001
 2.9515335e-001
 2.9641968e-001
 2.9761872e-001
 2.9874989e-001
 2.9981285e-001
 3.0080646e-001
 3.0173069e-001
 3.0258745e-001
 3.0337983e-001
 3.0411106e-001
 3.0478397e-001
 3.0540186e-001
 3.0596781e-001
 3.0648515e-001
 3.0695668e-001
 3.0738568e-001
 3.0777526e-001
 3.0812860e-001
 3.0844870e-001
 3.0873874e-001
 3.0900183e-001
 3.0924112e-001
 3.0945978e-001
 3.0966079e-001
 3.0984709e-001
 3.1001934e-001
 3.1017697e-001
 3.1031927e-001
 3.1044576e-001
 3.1055582e-001
 3.1064889e-001
 3.1072438e-001
 3.1078166e-001
 3.1082025e-001
 3.1083944e-001
 3.1083876e-001
 3.1081754e-001
 3.1077522e-001
 3.1071123e-001
 3.1062499e-001
 3.1051591e-001
 3.1038341e-001
 3.1022686e-001
 3.1004572e-001
 3.0983940e-001
 3.0960736e-001
 3.0934900e-001
 3.0906418e-001
 3.0875310e-001
 3.0841589e-001
 3.0805254e-001
 3.0766329e-001
 3.0724812e-001
 3.0680728e-001
 3.0634087e-001
 3.0584893e-001
 3.0533144e-001
 3.0478889e-001
 3.0422109e-001
 3.0362833e-001
 3.0301040e-001
 3.0236787e-001
 3.0170056e-001
 3.0100873e-001
 3.0029240e-001
 2.9955149e-001
 2.9878652e-001
 2.9799744e-001
 2.9718429e-001
 2.9634705e-001
 2.9548621e-001
 2.9460168e-001
 2.9369372e-001
 2.9276374e-001
 2.9181451e-001
 2.9084805e-001
 2.8986660e-001
 2.8887251e-001
 2.8786778e-001
 2.8685519e-001
 2.8583682e-001
 2.8481489e-001
 2.8379151e-001
 2.8276941e-001
 2.8175062e-001
 2.8073743e-001
 2.7973193e-001
 2.7873683e-001
 2.7775419e-001
 2.7678633e-001
 2.7583522e-001
 2.7490368e-001
 2.7399373e-001
 2.7310768e-001
 2.7224776e-001
 2.7141613e-001
 2.7061540e-001
 2.6984772e-001
 2.6911536e-001
 2.6842037e-001
 2.6776543e-001
 2.6715267e-001
 2.6658395e-001
 2.6605803e-001
 2.6557264e-001
 2.6512501e-001
