s07_ASD Record=10069: Roscoelite EN124              BECKb AREF
 2.1400325e-001
 2.1447472e-001
 2.1494041e-001
 2.1540764e-001
 2.1588339e-001
 2.1637458e-001
 2.1688734e-001
 2.1742508e-001
 2.1798678e-001
 2.1856610e-001
 2.1915323e-001
 2.1973738e-001
 2.2031008e-001
 2.2086766e-001
 2.2141464e-001
 2.2196461e-001
 2.2253549e-001
 2.2314161e-001
 2.2378671e-001
 2.2446103e-001
 2.2514319e-001
 2.2580780e-001
 2.2643562e-001
 2.2702086e-001
 2.2757325e-001
 2.2811612e-001
 2.2868043e-001
 2.2929227e-001
 2.2996150e-001
 2.3068134e-001
 2.3143470e-001
 2.3220317e-001
 2.3297259e-001
 2.3373426e-001
 2.3448597e-001
 2.3523220e-001
 2.3598070e-001
 2.3673843e-001
 2.3750961e-001
 2.3829502e-001
 2.3909317e-001
 2.3990165e-001
 2.4071777e-001
 2.4153817e-001
 2.4235737e-001
 2.4316688e-001
 2.4395418e-001
 2.4470198e-001
 2.4538785e-001
 2.4598730e-001
 2.4648173e-001
 2.4686977e-001
 2.4717556e-001
 2.4744613e-001
 2.4773699e-001
 2.4809524e-001
 2.4854694e-001
 2.4909180e-001
 2.4971563e-001
 2.5040179e-001
 2.5111327e-001
 2.5181291e-001
 2.5248596e-001
 2.5311843e-001
 2.5369698e-001
 2.5422987e-001
 2.5473839e-001
 2.5524572e-001
 2.5577629e-001
 2.5635356e-001
 2.5699216e-001
 2.5768954e-001
 2.5842509e-001
 2.5916797e-001
 2.5988892e-001
 2.6057154e-001
 2.6121703e-001
 2.6184008e-001
 2.6245812e-001
 2.6308113e-001
 2.6370907e-001
 2.6433760e-001
 2.6496816e-001
 2.6561365e-001
 2.6629540e-001
 2.6703280e-001
 2.6783258e-001
 2.6868501e-001
 2.6956838e-001
 2.7046001e-001
 2.7134696e-001
 2.7223274e-001
 2.7313659e-001
 2.7408668e-001
 2.7511016e-001
 2.7622339e-001
 2.7742496e-001
 2.7869302e-001
 2.7999055e-001
 2.8127712e-001
 2.8252342e-001
 2.8372183e-001
 2.8488657e-001
 2.8604454e-001
 2.8722045e-001
 2.8842497e-001
 2.8965467e-001
 2.9090521e-001
 2.9218239e-001
 2.9350090e-001
 2.9487196e-001
 2.9629177e-001
 2.9774296e-001
 2.9920518e-001
 3.0066499e-001
 3.0211660e-001
 3.0355626e-001
 3.0497858e-001
 3.0637869e-001
 3.0775863e-001
 3.0912942e-001
 3.1050444e-001
 3.1188676e-001
 3.1326270e-001
 3.1461093e-001
 3.1592003e-001
 3.1719941e-001
 3.1847382e-001
 3.1976938e-001
 3.2110336e-001
 3.2248142e-001
 3.2389829e-001
 3.2533452e-001
 3.2675323e-001
 3.2810667e-001
 3.2936084e-001
 3.3052415e-001
 3.3165205e-001
 3.3281448e-001
 3.3405170e-001
 3.3535650e-001
 3.3668950e-001
 3.3800331e-001
 3.3925837e-001
 3.4043479e-001
 3.4153956e-001
 3.4259790e-001
 3.4362823e-001
 3.4462422e-001
 3.4556490e-001
 3.4644452e-001
 3.4729278e-001
 3.4816304e-001
 3.4909412e-001
 3.5007766e-001
 3.5106432e-001
 3.5200733e-001
 3.5290298e-001
 3.5378605e-001
 3.5468635e-001
 3.5559392e-001
 3.5646975e-001
 3.5728607e-001
 3.5805050e-001
 3.5879260e-001
 3.5953376e-001
 3.6027694e-001
 3.6101976e-001
 3.6176679e-001
 3.6252597e-001
 3.6329824e-001
 3.6407208e-001
 3.6482295e-001
 3.6551479e-001
 3.6610684e-001
 3.6656949e-001
 3.6690223e-001
 3.6713967e-001
 3.6733565e-001
 3.6753145e-001
 3.6773166e-001
 3.6791304e-001
 3.6806524e-001
 3.6822394e-001
 3.6845511e-001
 3.6879620e-001
 3.6921045e-001
 3.6960429e-001
 3.6989564e-001
 3.7006879e-001
 3.7016612e-001
 3.7024090e-001
 3.7032518e-001
 3.7042481e-001
 3.7051970e-001
 3.7057623e-001
 3.7058485e-001
 3.7058088e-001
 3.7060344e-001
 3.7063980e-001
 3.7063873e-001
 3.7057248e-001
 3.7045464e-001
 3.7030309e-001
 3.7012279e-001
 3.6993241e-001
 3.6977726e-001
 3.6969608e-001
 3.6967719e-001
 3.6965132e-001
 3.6952874e-001
 3.6925501e-001
 3.6884755e-001
 3.6838442e-001
 3.6795285e-001
 3.6760819e-001
 3.6737785e-001
 3.6727396e-001
 3.6726990e-001
 3.6728105e-001
 3.6721829e-001
 3.6707336e-001
 3.6692512e-001
 3.6684966e-001
 3.6683550e-001
 3.6679256e-001
 3.6664271e-001
 3.6640137e-001
 3.6616847e-001
 3.6603534e-001
 3.6599737e-001
 3.6595896e-001
 3.6582997e-001
 3.6561009e-001
 3.6537027e-001
 3.6518303e-001
 3.6510029e-001
 3.6515009e-001
 3.6528093e-001
 3.6534292e-001
 3.6522076e-001
 3.6497366e-001
 3.6475563e-001
 3.6461654e-001
 3.6448091e-001
 3.6431375e-001
 3.6420956e-001
 3.6428553e-001
 3.6452082e-001
 3.6474109e-001
 3.6479816e-001
 3.6473301e-001
 3.6471683e-001
 3.6485523e-001
 3.6508945e-001
 3.6530051e-001
 3.6545840e-001
 3.6562124e-001
 3.6585480e-001
 3.6621761e-001
 3.6675185e-001
 3.6739141e-001
 3.6792147e-001
 3.6814940e-001
 3.6811948e-001
 3.6806983e-001
 3.6819240e-001
 3.6851224e-001
 3.6895871e-001
 3.6944652e-001
 3.6990106e-001
 3.7030998e-001
 3.7073964e-001
 3.7122875e-001
 3.7175059e-001
 3.7233621e-001
 3.7306872e-001
 3.7389901e-001
 3.7463260e-001
 3.7515754e-001
 3.7556735e-001
 3.7602800e-001
 3.7658101e-001
 3.7713468e-001
 3.7763426e-001
 3.7816003e-001
 3.7881538e-001
 3.7955147e-001
 3.8020834e-001
 3.8075209e-001
 3.8132218e-001
 3.8199931e-001
 3.8269371e-001
 3.8333443e-001
 3.8402191e-001
 3.8489965e-001
 3.8593647e-001
 3.8689575e-001
 3.8755587e-001
 3.8797566e-001
 3.8847530e-001
 3.8930553e-001
 3.9038631e-001
 3.9139616e-001
 3.9209884e-001
 3.9259365e-001
 3.9321843e-001
 3.9418459e-001
 3.9537075e-001
 3.9648029e-001
 3.9731893e-001
 3.9791995e-001
 3.9847100e-001
 3.9914158e-001
 3.9995527e-001
 4.0079495e-001
 4.0153953e-001
 4.0219834e-001
 4.0290010e-001
 4.0374437e-001
 4.0467012e-001
 4.0552944e-001
 4.0625507e-001
 4.0690169e-001
 4.0757066e-001
 4.0834454e-001
 4.0926421e-001
 4.1031909e-001
 4.1144559e-001
 4.1255128e-001
 4.1356078e-001
 4.1445065e-001
 4.1525060e-001
 4.1602740e-001
 4.1686726e-001
 4.1784862e-001
 4.1899973e-001
 4.2027259e-001
 4.2156994e-001
 4.2281148e-001
 4.2397904e-001
 4.2509884e-001
 4.2618182e-001
 4.2718548e-001
 4.2804137e-001
 4.2873278e-001
 4.2934167e-001
 4.2999372e-001
 4.3073463e-001
 4.3146244e-001
 4.3201280e-001
 4.3235174e-001
 4.3267912e-001
 4.3324885e-001
 4.3404043e-001
 4.3494666e-001
 4.3602172e-001
 4.3730173e-001
 4.3860617e-001
 4.3972296e-001
 4.4064698e-001
 4.4150877e-001
 4.4240662e-001
 4.4340441e-001
 4.4458282e-001
 4.4598466e-001
 4.4751593e-001
 4.4892892e-001
 4.4998059e-001
 4.5072365e-001
 4.5150670e-001
 4.5245770e-001
 4.5325854e-001
 4.5379335e-001
 4.5456150e-001
 4.5593062e-001
 4.5750058e-001
 4.5875853e-001
 4.5981473e-001
 4.6099079e-001
 4.6220696e-001
 4.6322435e-001
 4.6408936e-001
 4.6498904e-001
 4.6594247e-001
 4.6686918e-001
 4.6777767e-001
 4.6873042e-001
 4.6974957e-001
 4.7086066e-001
 4.7209620e-001
 4.7332951e-001
 4.7427991e-001
 4.7489581e-001
 4.7553918e-001
 4.7652626e-001
 4.7767597e-001
 4.7862637e-001
 4.7916573e-001
 4.7935697e-001
 4.7950187e-001
 4.7992939e-001
 4.8077214e-001
 4.8190895e-001
 4.8316219e-001
 4.8438877e-001
 4.8547611e-001
 4.8635557e-001
 4.8707083e-001
 4.8777336e-001
 4.8860255e-001
 4.8956263e-001
 4.9052665e-001
 4.9135965e-001
 4.9203151e-001
 4.9261957e-001
 4.9322754e-001
 4.9392909e-001
 4.9476013e-001
 4.9572036e-001
 4.9674618e-001
 4.9771646e-001
 4.9852476e-001
 4.9916938e-001
 4.9974415e-001
 5.0034928e-001
 5.0103968e-001
 5.0182128e-001
 5.0267190e-001
 5.0340891e-001
 5.0424933e-001
 5.0498450e-001
 5.0555849e-001
 5.0598866e-001
 5.0632143e-001
 5.0660330e-001
 5.0688338e-001
 5.0722635e-001
 5.0770342e-001
 5.0838596e-001
 5.0932199e-001
 5.1040757e-001
 5.1147747e-001
 5.1236629e-001
 5.1293880e-001
 5.1326042e-001
 5.1347828e-001
 5.1373935e-001
 5.1416963e-001
 5.1475388e-001
 5.1553315e-001
 5.1620185e-001
 5.1679564e-001
 5.1728773e-001
 5.1769519e-001
 5.1803708e-001
 5.1833254e-001
 5.1860076e-001
 5.1886475e-001
 5.1915079e-001
 5.1948571e-001
 5.1989597e-001
 5.2040654e-001
 5.2100247e-001
 5.2162981e-001
 5.2223277e-001
 5.2275574e-001
 5.2314514e-001
 5.2339542e-001
 5.2354795e-001
 5.2364618e-001
 5.2373350e-001
 5.2385342e-001
 5.2403826e-001
 5.2427781e-001
 5.2455169e-001
 5.2483898e-001
 5.2511960e-001
 5.2537268e-001
 5.2558470e-001
 5.2576917e-001
 5.2594584e-001
 5.2613467e-001
 5.2635539e-001
 5.2662796e-001
 5.2697212e-001
 5.2739769e-001
 5.2787566e-001
 5.2836764e-001
 5.2883542e-001
 5.2924073e-001
 5.2954525e-001
 5.2971083e-001
 5.2969915e-001
 5.2948815e-001
 5.2911788e-001
 5.2864236e-001
 5.2811617e-001
 5.2759320e-001
 5.2712816e-001
 5.2677500e-001
 5.2658820e-001
 5.2660602e-001
 5.2680701e-001
 5.2715582e-001
 5.2761722e-001
 5.2815574e-001
 5.2873617e-001
 5.2932304e-001
 5.2988124e-001
 5.3038216e-001
 5.3082269e-001
 5.3120583e-001
 5.3153414e-001
 5.3181058e-001
 5.3203785e-001
 5.3221881e-001
 5.3235614e-001
 5.3245282e-001
 5.3251147e-001
 5.3253484e-001
 5.3252590e-001
 5.3248733e-001
 5.3242213e-001
 5.3233325e-001
 5.3222364e-001
 5.3209615e-001
 5.3195399e-001
 5.3179979e-001
 5.3163677e-001
 5.3146768e-001
 5.3129560e-001
 5.3112352e-001
 5.3095424e-001
 5.3079164e-001
 5.3064197e-001
 5.3051215e-001
 5.3040928e-001
 5.3034031e-001
 5.3031218e-001
 5.3033191e-001
 5.3040630e-001
 5.3054249e-001
 5.3074735e-001
 5.3102791e-001
 5.3138536e-001
 5.3180104e-001
 5.3225136e-001
 5.3271341e-001
 5.3316367e-001
 5.3357911e-001
 5.3393620e-001
 5.3421193e-001
 5.3438300e-001
 5.3442609e-001
 5.3432739e-001
 5.3410584e-001
 5.3378725e-001
 5.3339767e-001
 5.3296286e-001
 5.3250897e-001
 5.3206176e-001
 5.3164726e-001
 5.3129148e-001
 5.3102022e-001
 5.3085077e-001
 5.3077114e-001
 5.3076273e-001
 5.3080714e-001
 5.3088593e-001
 5.3098065e-001
 5.3107285e-001
 5.3114408e-001
 5.3117591e-001
 5.3114986e-001
 5.3105539e-001
 5.3090930e-001
 5.3073359e-001
 5.3055042e-001
 5.3038216e-001
 5.3025091e-001
 5.3017890e-001
 5.3018844e-001
 5.3030157e-001
 5.3052902e-001
 5.3084266e-001
 5.3120637e-001
 5.3158426e-001
 5.3193992e-001
 5.3223747e-001
 5.3244078e-001
 5.3251374e-001
 5.3243345e-001
 5.3222078e-001
 5.3190553e-001
 5.3151751e-001
 5.3108644e-001
 5.3064227e-001
 5.3021467e-001
 5.2983350e-001
 5.2952212e-001
 5.2928311e-001
 5.2911484e-001
 5.2901566e-001
 5.2898389e-001
 5.2901781e-001
 5.2911586e-001
 5.2927625e-001
 5.2949286e-001
 5.2974439e-001
 5.3000689e-001
 5.3023434e-001
 5.3043365e-001
 5.3056931e-001
 5.3062844e-001
 5.3061861e-001
 5.3056586e-001
 5.3050911e-001
 5.3049302e-001
 5.3056198e-001
 5.3074944e-001
 5.3105974e-001
 5.3145778e-001
 5.3188032e-001
 5.3225356e-001
 5.3250736e-001
 5.3259110e-001
 5.3249133e-001
 5.3223735e-001
 5.3189045e-001
 5.3152657e-001
 5.3122091e-001
 5.3103232e-001
 5.3098917e-001
 5.3108448e-001
 5.3128344e-001
 5.3153735e-001
 5.3179580e-001
 5.3201604e-001
 5.3217036e-001
 5.3224808e-001
 5.3225231e-001
 5.3219426e-001
 5.3208870e-001
 5.3195173e-001
 5.3180003e-001
 5.3165054e-001
 5.3152001e-001
 5.3142416e-001
 5.3137559e-001
 5.3138036e-001
 5.3158653e-001
 5.3159082e-001
 5.3159732e-001
 5.3159916e-001
 5.3158963e-001
 5.3156328e-001
 5.3151673e-001
 5.3144914e-001
 5.3136271e-001
 5.3126287e-001
 5.3115785e-001
 5.3105831e-001
 5.3097624e-001
 5.3092384e-001
 5.3091228e-001
 5.3095061e-001
 5.3104472e-001
 5.3119653e-001
 5.3140324e-001
 5.3165686e-001
 5.3194457e-001
 5.3224957e-001
 5.3255248e-001
 5.3283280e-001
 5.3307080e-001
 5.3324926e-001
 5.3335553e-001
 5.3338403e-001
 5.3333747e-001
 5.3322732e-001
 5.3307188e-001
 5.3289288e-001
 5.3271222e-001
 5.3254884e-001
 5.3241664e-001
 5.3232390e-001
 5.3227305e-001
 5.3226215e-001
 5.3228623e-001
 5.3233838e-001
 5.3241056e-001
 5.3249383e-001
 5.3257829e-001
 5.3265315e-001
 5.3270745e-001
 5.3273118e-001
 5.3271741e-001
 5.3266424e-001
 5.3257573e-001
 5.3246248e-001
 5.3233969e-001
 5.3222501e-001
 5.3213471e-001
 5.3208089e-001
 5.3206885e-001
 5.3209680e-001
 5.3215665e-001
 5.3223658e-001
 5.3232402e-001
 5.3240830e-001
 5.3248292e-001
 5.3254610e-001
 5.3260010e-001
 5.3265017e-001
 5.3270239e-001
 5.3276217e-001
 5.3283286e-001
 5.3291512e-001
 5.3300691e-001
 5.3310370e-001
 5.3319883e-001
 5.3328454e-001
 5.3335214e-001
 5.3339338e-001
 5.3340119e-001
 5.3337091e-001
 5.3330159e-001
 5.3319663e-001
 5.3306401e-001
 5.3291565e-001
 5.3276604e-001
 5.3262991e-001
 5.3252000e-001
 5.3244478e-001
 5.3240716e-001
 5.3240424e-001
 5.3242809e-001
 5.3246772e-001
 5.3251129e-001
 5.3254849e-001
 5.3257209e-001
 5.3257906e-001
 5.3257024e-001
 5.3254944e-001
 5.3252161e-001
 5.3249145e-001
 5.3246135e-001
 5.3243107e-001
 5.3239739e-001
 5.3235507e-001
 5.3229839e-001
 5.3222305e-001
 5.3212768e-001
 5.3201503e-001
 5.3189158e-001
 5.3176701e-001
 5.3165191e-001
 5.3155595e-001
 5.3148556e-001
 5.3144300e-001
 5.3142625e-001
 5.3142941e-001
 5.3144491e-001
 5.3146476e-001
 5.3148252e-001
 5.3149408e-001
 5.3149748e-001
 5.3149247e-001
 5.3147948e-001
 5.3145868e-001
 5.3142923e-001
 5.3138959e-001
 5.3133762e-001
 5.3127164e-001
 5.3119093e-001
 5.3109628e-001
 5.3099006e-001
 5.3087550e-001
 5.3075665e-001
 5.3063691e-001
 5.3051901e-001
 5.3040451e-001
 5.3029382e-001
 5.3018653e-001
 5.3008181e-001
 5.2997869e-001
 5.2987653e-001
 5.2977490e-001
 5.2967370e-001
 5.2957284e-001
 5.2947241e-001
 5.2937216e-001
 5.2927154e-001
 5.2916992e-001
 5.2906656e-001
 5.2896053e-001
 5.2885109e-001
 5.2873778e-001
 5.2862030e-001
 5.2849877e-001
 5.2837360e-001
 5.2824557e-001
 5.2811569e-001
 5.2798551e-001
 5.2785677e-001
 5.2773154e-001
 5.2761197e-001
 5.2750009e-001
 5.2739733e-001
 5.2730405e-001
 5.2721918e-001
 5.2713978e-001
 5.2706110e-001
 5.2697724e-001
 5.2688164e-001
 5.2676880e-001
 5.2663517e-001
 5.2648073e-001
 5.2630931e-001
 5.2612865e-001
 5.2594918e-001
 5.2578253e-001
 5.2563959e-001
 5.2552831e-001
 5.2545232e-001
 5.2541065e-001
 5.2539790e-001
 5.2540559e-001
 5.2542394e-001
 5.2544409e-001
 5.2545929e-001
 5.2546638e-001
 5.2546561e-001
 5.2546018e-001
 5.2545476e-001
 5.2545404e-001
 5.2546066e-001
 5.2547431e-001
 5.2549100e-001
 5.2550340e-001
 5.2550220e-001
 5.2547747e-001
 5.2542096e-001
 5.2532750e-001
 5.2519631e-001
 5.2503091e-001
 5.2483839e-001
 5.2462810e-001
 5.2440953e-001
 5.2419078e-001
 5.2397734e-001
 5.2377117e-001
 5.2357137e-001
 5.2337492e-001
 5.2317792e-001
 5.2297723e-001
 5.2277154e-001
 5.2256221e-001
 5.2235305e-001
 5.2215016e-001
 5.2196038e-001
 5.2178991e-001
 5.2164316e-001
 5.2152169e-001
 5.2142358e-001
 5.2134413e-001
 5.2127659e-001
 5.2121359e-001
 5.2114862e-001
 5.2107716e-001
 5.2099729e-001
 5.2090955e-001
 5.2081645e-001
 5.2072150e-001
 5.2062792e-001
 5.2053773e-001
 5.2045125e-001
 5.2036685e-001
 5.2028143e-001
 5.2019113e-001
 5.2009261e-001
 5.1998371e-001
 5.1986462e-001
 5.1973808e-001
 5.1960939e-001
 5.1948601e-001
 5.1937616e-001
 5.1928782e-001
 5.1922745e-001
 5.1919842e-001
 5.1920050e-001
 5.1922929e-001
 5.1927704e-001
 5.1933295e-001
 5.1938522e-001
 5.1942235e-001
 5.1943499e-001
 5.1941741e-001
 5.1936811e-001
 5.1929009e-001
 5.1919031e-001
 5.1907820e-001
 5.1896423e-001
 5.1885825e-001
 5.1876789e-001
 5.1869774e-001
 5.1864910e-001
 5.1862019e-001
 5.1860678e-001
 5.1860315e-001
 5.1860321e-001
 5.1860112e-001
 5.1859194e-001
 5.1857221e-001
 5.1853973e-001
 5.1849359e-001
 5.1843435e-001
 5.1836342e-001
 5.1828301e-001
 5.1819587e-001
 5.1810485e-001
 5.1801264e-001
 5.1792163e-001
 5.1783341e-001
 5.1774907e-001
 5.1766884e-001
 5.1759261e-001
 5.1751983e-001
 5.1745021e-001
 5.1738369e-001
 5.1732057e-001
 5.1726198e-001
 5.1720953e-001
 5.1716524e-001
 5.1713133e-001
 5.1710969e-001
 5.1710165e-001
 5.1710778e-001
 5.1712716e-001
 5.1715779e-001
 5.1719606e-001
 5.1723737e-001
 5.1727599e-001
 5.1730609e-001
 5.1732200e-001
 5.1731896e-001
 5.1729399e-001
 5.1724607e-001
 5.1717663e-001
 5.1708931e-001
 5.1698959e-001
 5.1688439e-001
 5.1678067e-001
 5.1668519e-001
 5.1660323e-001
 5.1653826e-001
 5.1649147e-001
 5.1646209e-001
 5.1644725e-001
 5.1644278e-001
 5.1644361e-001
 5.1644433e-001
 5.1643986e-001
 5.1642579e-001
 5.1639855e-001
 5.1635593e-001
 5.1629692e-001
 5.1622176e-001
 5.1613224e-001
 5.1603115e-001
 5.1592278e-001
 5.1581222e-001
 5.1570570e-001
 5.1560962e-001
 5.1553053e-001
 5.1547438e-001
 5.1544571e-001
 5.1544738e-001
 5.1548022e-001
 5.1554251e-001
 5.1563060e-001
 5.1573908e-001
 5.1586121e-001
 5.1599002e-001
 5.1611841e-001
 5.1623976e-001
 5.1634866e-001
 5.1644069e-001
 5.1651281e-001
 5.1656395e-001
 5.1659459e-001
 5.1660734e-001
 5.1660699e-001
 5.1659960e-001
 5.1659250e-001
 5.1659286e-001
 5.1660669e-001
 5.1663768e-001
 5.1668632e-001
 5.1674992e-001
 5.1682252e-001
 5.1689631e-001
 5.1696312e-001
 5.1701587e-001
 5.1705021e-001
 5.1706553e-001
 5.1706499e-001
 5.1705527e-001
 5.1704502e-001
 5.1704288e-001
 5.1705599e-001
 5.1708770e-001
 5.1713657e-001
 5.1719618e-001
 5.1725578e-001
 5.1730198e-001
 5.1732111e-001
 5.1730186e-001
 5.1723754e-001
 5.1712769e-001
 5.1697838e-001
 5.1680154e-001
 5.1661301e-001
 5.1642966e-001
 5.1626658e-001
 5.1613426e-001
 5.1603627e-001
 5.1596820e-001
 5.1591814e-001
 5.1586765e-001
 5.1579434e-001
 5.1567465e-001
 5.1548672e-001
 5.1521283e-001
 5.1484096e-001
 5.1436538e-001
 5.1378578e-001
 5.1310575e-001
 5.1233125e-001
 5.1146841e-001
 5.1052201e-001
 5.0949514e-001
 5.0838864e-001
 5.0720268e-001
 5.0593764e-001
 5.0459510e-001
 5.0318033e-001
 5.0170201e-001
 5.0017321e-001
 4.9861094e-001
 4.9703428e-001
 4.9546424e-001
 4.9392068e-001
 4.9242219e-001
 4.9098480e-001
 4.8962092e-001
 4.8834130e-001
 4.8715448e-001
 4.8606932e-001
 4.8509583e-001
 4.8424566e-001
 4.8353326e-001
 4.8297456e-001
 4.8258600e-001
 4.8238236e-001
 4.8237404e-001
 4.8256528e-001
 4.8295200e-001
 4.8352164e-001
 4.8425350e-001
 4.8512116e-001
 4.8609501e-001
 4.8714581e-001
 4.8824802e-001
 4.8938131e-001
 4.9053252e-001
 4.9169421e-001
 4.9286380e-001
 4.9404180e-001
 4.9522892e-001
 4.9642533e-001
 4.9762908e-001
 4.9883622e-001
 5.0004178e-001
 5.0123966e-001
 5.0242448e-001
 5.0359112e-001
 5.0473553e-001
 5.0585479e-001
 5.0694609e-001
 5.0800681e-001
 5.0903445e-001
 5.1002586e-001
 5.1097834e-001
 5.1188910e-001
 5.1275611e-001
 5.1357907e-001
 5.1435852e-001
 5.1509714e-001
 5.1579881e-001
 5.1646823e-001
 5.1711100e-001
 5.1773185e-001
 5.1833487e-001
 5.1892263e-001
 5.1949573e-001
 5.2005339e-001
 5.2059305e-001
 5.2111125e-001
 5.2160412e-001
 5.2206773e-001
 5.2249902e-001
 5.2289581e-001
 5.2325720e-001
 5.2358401e-001
 5.2387810e-001
 5.2414280e-001
 5.2438223e-001
 5.2460134e-001
 5.2480513e-001
 5.2499866e-001
 5.2518648e-001
 5.2537233e-001
 5.2555919e-001
 5.2574903e-001
 5.2594310e-001
 5.2614224e-001
 5.2634686e-001
 5.2655756e-001
 5.2677536e-001
 5.2700168e-001
 5.2723855e-001
 5.2748823e-001
 5.2775258e-001
 5.2803290e-001
 5.2832890e-001
 5.2863848e-001
 5.2895701e-001
 5.2927780e-001
 5.2959222e-001
 5.2989078e-001
 5.3016400e-001
 5.3040427e-001
 5.3060663e-001
 5.3076994e-001
 5.3089750e-001
 5.3099674e-001
 5.3107858e-001
 5.3115594e-001
 5.3124237e-001
 5.3134996e-001
 5.3148788e-001
 5.3166115e-001
 5.3187019e-001
 5.3211123e-001
 5.3237706e-001
 5.3265858e-001
 5.3294694e-001
 5.3323454e-001
 5.3351688e-001
 5.3379267e-001
 5.3406394e-001
 5.3433514e-001
 5.3461206e-001
 5.3490067e-001
 5.3520590e-001
 5.3553081e-001
 5.3587604e-001
 5.3623939e-001
 5.3661597e-001
 5.3699905e-001
 5.3738028e-001
 5.3775096e-001
 5.3810209e-001
 5.3842527e-001
 5.3871334e-001
 5.3896075e-001
 5.3916538e-001
 5.3932846e-001
 5.3945547e-001
 5.3955549e-001
 5.3963989e-001
 5.3972036e-001
 5.3980660e-001
 5.3990400e-001
 5.4001290e-001
 5.4012859e-001
 5.4024327e-001
 5.4034817e-001
 5.4043585e-001
 5.4050171e-001
 5.4054499e-001
 5.4056937e-001
 5.4058224e-001
 5.4059404e-001
 5.4061657e-001
 5.4066128e-001
 5.4073811e-001
 5.4085410e-001
 5.4101282e-001
 5.4121399e-001
 5.4145396e-001
 5.4172599e-001
 5.4202139e-001
 5.4233062e-001
 5.4264414e-001
 5.4295337e-001
 5.4325122e-001
 5.4353231e-001
 5.4379320e-001
 5.4403251e-001
 5.4425073e-001
 5.4445022e-001
 5.4463482e-001
 5.4480910e-001
 5.4497802e-001
 5.4514611e-001
 5.4531723e-001
 5.4549390e-001
 5.4567736e-001
 5.4586709e-001
 5.4606146e-001
 5.4625785e-001
 5.4645324e-001
 5.4664510e-001
 5.4683167e-001
 5.4701293e-001
 5.4719025e-001
 5.4736698e-001
 5.4754770e-001
 5.4773802e-001
 5.4794359e-001
 5.4816908e-001
 5.4841763e-001
 5.4868978e-001
 5.4898304e-001
 5.4929233e-001
 5.4961020e-001
 5.4992783e-001
 5.5023605e-001
 5.5052650e-001
 5.5079263e-001
 5.5103040e-001
 5.5123860e-001
 5.5141890e-001
 5.5157566e-001
 5.5171543e-001
 5.5184621e-001
 5.5197680e-001
 5.5211622e-001
 5.5227256e-001
 5.5245298e-001
 5.5266231e-001
 5.5290300e-001
 5.5317450e-001
 5.5347317e-001
 5.5379242e-001
 5.5412304e-001
 5.5445427e-001
 5.5477488e-001
 5.5507421e-001
 5.5534363e-001
 5.5557728e-001
 5.5577278e-001
 5.5593133e-001
 5.5605727e-001
 5.5615747e-001
 5.5624026e-001
 5.5631453e-001
 5.5638862e-001
 5.5646956e-001
 5.5656302e-001
 5.5667251e-001
 5.5680013e-001
 5.5694634e-001
 5.5711055e-001
 5.5729157e-001
 5.5748779e-001
 5.5769730e-001
 5.5791849e-001
 5.5814987e-001
 5.5838990e-001
 5.5863762e-001
 5.5889195e-001
 5.5915219e-001
 5.5941755e-001
 5.5968744e-001
 5.5996126e-001
 5.6023824e-001
 5.6051767e-001
 5.6079870e-001
 5.6108028e-001
 5.6136125e-001
 5.6164038e-001
 5.6191629e-001
 5.6218761e-001
 5.6245297e-001
 5.6271130e-001
 5.6296140e-001
 5.6320274e-001
 5.6343496e-001
 5.6365842e-001
 5.6387413e-001
 5.6408381e-001
 5.6428993e-001
 5.6449568e-001
 5.6470448e-001
 5.6491995e-001
 5.6514525e-001
 5.6538284e-001
 5.6563413e-001
 5.6589931e-001
 5.6617719e-001
 5.6646508e-001
 5.6675899e-001
 5.6705374e-001
 5.6734312e-001
 5.6762064e-001
 5.6787980e-001
 5.6811470e-001
 5.6832045e-001
 5.6849360e-001
 5.6863242e-001
 5.6873739e-001
 5.6881136e-001
 5.6885982e-001
 5.6889105e-001
 5.6891572e-001
 5.6894654e-001
 5.6899673e-001
 5.6907940e-001
 5.6920612e-001
 5.6938559e-001
 5.6962317e-001
 5.6992000e-001
 5.7027346e-001
 5.7067716e-001
 5.7112175e-001
 5.7159644e-001
 5.7209015e-001
 5.7259303e-001
 5.7309794e-001
 5.7360083e-001
 5.7410133e-001
 5.7460207e-001
 5.7510740e-001
 5.7562208e-001
 5.7614905e-001
 5.7668781e-001
 5.7723266e-001
 5.7777184e-001
 5.7828808e-001
 5.7875896e-001
 5.7915956e-001
 5.7946521e-001
 5.7965493e-001
 5.7971501e-001
 5.7964182e-001
 5.7944345e-001
 5.7914025e-001
 5.7876348e-001
 5.7835209e-001
 5.7794899e-001
 5.7759583e-001
 5.7732815e-001
 5.7717174e-001
 5.7713914e-001
 5.7722920e-001
 5.7742763e-001
 5.7770973e-001
 5.7804412e-001
 5.7839745e-001
 5.7873905e-001
 5.7904464e-001
 5.7929933e-001
 5.7949883e-001
 5.7964921e-001
 5.7976514e-001
 5.7986742e-001
 5.7997960e-001
 5.8012474e-001
 5.8032268e-001
 5.8058792e-001
 5.8092833e-001
 5.8134508e-001
 5.8183295e-001
 5.8238155e-001
 5.8297652e-001
 5.8360088e-001
 5.8423632e-001
 5.8486420e-001
 5.8546615e-001
 5.8602536e-001
 5.8652657e-001
 5.8695740e-001
 5.8730853e-001
 5.8757496e-001
 5.8775640e-001
 5.8785743e-001
 5.8788753e-001
 5.8786047e-001
 5.8779305e-001
 5.8770353e-001
 5.8761007e-001
 5.8752871e-001
 5.8747202e-001
 5.8744812e-001
 5.8746016e-001
 5.8750653e-001
 5.8758181e-001
 5.8767790e-001
 5.8778560e-001
 5.8789599e-001
 5.8800185e-001
 5.8809859e-001
 5.8818460e-001
 5.8826143e-001
 5.8833343e-001
 5.8840674e-001
 5.8848900e-001
 5.8858812e-001
 5.8871180e-001
 5.8886689e-001
 5.8905905e-001
 5.8929229e-001
 5.8956921e-001
 5.8989018e-001
 5.9025401e-001
 5.9065723e-001
 5.9109414e-001
 5.9155709e-001
 5.9203619e-001
 5.9252077e-001
 5.9299916e-001
 5.9345990e-001
 5.9389234e-001
 5.9428686e-001
 5.9463578e-001
 5.9493297e-001
 5.9517401e-001
 5.9535670e-001
 5.9548104e-001
 5.9554887e-001
 5.9556425e-001
 5.9553242e-001
 5.9545982e-001
 5.9535366e-001
 5.9522158e-001
 5.9507138e-001
 5.9491098e-001
 5.9473807e-001
 5.9457201e-001
 5.9441966e-001
 5.9428823e-001
 5.9418410e-001
 5.9411186e-001
 5.9407383e-001
 5.9407061e-001
 5.9410131e-001
 5.9416419e-001
 5.9425735e-001
 5.9437871e-001
 5.9452581e-001
 5.9469610e-001
 5.9488630e-001
 5.9509242e-001
 5.9530973e-001
 5.9553272e-001
 5.9575528e-001
 5.9597093e-001
 5.9617311e-001
 5.9635526e-001
 5.9651154e-001
 5.9663713e-001
 5.9672928e-001
 5.9678793e-001
 5.9681600e-001
 5.9681940e-001
 5.9680581e-001
 5.9678429e-001
 5.9676427e-001
 5.9675527e-001
 5.9676623e-001
 5.9680480e-001
 5.9687674e-001
 5.9698492e-001
 5.9712940e-001
 5.9730721e-001
 5.9751350e-001
 5.9774232e-001
 5.9798700e-001
 5.9824073e-001
 5.9849685e-001
 5.9874910e-001
 5.9899193e-001
 5.9922063e-001
 5.9943157e-001
 5.9962219e-001
 5.9979045e-001
 5.9993476e-001
 6.0005385e-001
 6.0014647e-001
 6.0021150e-001
 6.0024804e-001
 6.0025561e-001
 6.0023397e-001
 6.0018349e-001
 6.0010493e-001
 5.9999943e-001
 5.9986818e-001
 5.9971255e-001
 5.9953356e-001
 5.9933162e-001
 5.9910607e-001
 5.9885401e-001
 5.9856987e-001
 5.9824485e-001
 5.9786737e-001
 5.9742403e-001
 5.9689981e-001
 5.9627974e-001
 5.9554917e-001
 5.9469497e-001
 5.9370792e-001
 5.9258455e-001
 5.9132975e-001
 5.8995759e-001
 5.8848983e-001
 5.8695489e-001
 5.8538413e-001
 5.8381081e-001
 5.8226812e-001
 5.8078665e-001
 5.7939351e-001
 5.7810748e-001
 5.7693797e-001
 5.7588315e-001
 5.7493091e-001
 5.7406193e-001
 5.7325256e-001
 5.7247686e-001
 5.7170933e-001
 5.7092541e-001
 5.7010466e-001
 5.6923282e-001
 5.6830388e-001
 5.6732166e-001
 5.6629795e-001
 5.6525117e-001
 5.6420362e-001
 5.6317872e-001
 5.6220084e-001
 5.6129313e-001
 5.6047696e-001
 5.5977046e-001
 5.5918652e-001
 5.5873352e-001
 5.5841464e-001
 5.5823004e-001
 5.5817741e-001
 5.5825365e-001
 5.5845481e-001
 5.5877614e-001
 5.5921149e-001
 5.5975240e-001
 5.6038743e-001
 5.6110156e-001
 5.6187648e-001
 5.6269211e-001
 5.6352645e-001
 5.6435758e-001
 5.6516355e-001
 5.6592393e-001
 5.6662178e-001
 5.6724507e-001
 5.6778938e-001
 5.6825811e-001
 5.6866175e-001
 5.6901640e-001
 5.6934106e-001
 5.6965637e-001
 5.6998277e-001
 5.7033968e-001
 5.7074368e-001
 5.7120633e-001
 5.7173306e-001
 5.7232171e-001
 5.7296371e-001
 5.7364595e-001
 5.7435215e-001
 5.7506478e-001
 5.7576644e-001
 5.7644022e-001
 5.7707185e-001
 5.7765019e-001
 5.7816929e-001
 5.7862872e-001
 5.7903290e-001
 5.7938987e-001
 5.7970983e-001
 5.8000404e-001
 5.8028388e-001
 5.8056009e-001
 5.8084208e-001
 5.8113682e-001
 5.8144796e-001
 5.8177561e-001
 5.8211648e-001
 5.8246499e-001
 5.8281416e-001
 5.8315617e-001
 5.8348340e-001
 5.8378875e-001
 5.8406645e-001
 5.8431304e-001
 5.8452827e-001
 5.8471531e-001
 5.8488035e-001
 5.8503199e-001
 5.8518028e-001
 5.8533561e-001
 5.8550853e-001
 5.8570868e-001
 5.8594394e-001
 5.8621943e-001
 5.8653623e-001
 5.8689111e-001
 5.8727688e-001
 5.8768332e-001
 5.8809876e-001
 5.8851051e-001
 5.8890617e-001
 5.8927375e-001
 5.8960325e-001
 5.8988768e-001
 5.9012383e-001
 5.9031308e-001
 5.9046084e-001
 5.9057522e-001
 5.9066647e-001
 5.9074539e-001
 5.9082288e-001
 5.9090954e-001
 5.9101462e-001
 5.9114563e-001
 5.9130728e-001
 5.9150136e-001
 5.9172702e-001
 5.9198147e-001
 5.9226072e-001
 5.9256011e-001
 5.9287500e-001
 5.9320033e-001
 5.9353113e-001
 5.9386241e-001
 5.9418881e-001
 5.9450507e-001
 5.9480566e-001
 5.9508514e-001
 5.9533775e-001
 5.9555811e-001
 5.9574097e-001
 5.9588182e-001
 5.9597772e-001
 5.9602833e-001
 5.9603667e-001
 5.9600961e-001
 5.9595752e-001
 5.9589320e-001
 5.9583110e-001
 5.9578621e-001
 5.9577328e-001
 5.9580612e-001
 5.9589618e-001
 5.9605110e-001
 5.9627318e-001
 5.9655905e-001
 5.9690005e-001
 5.9728354e-001
 5.9769475e-001
 5.9811783e-001
 5.9853691e-001
 5.9893650e-001
 5.9930342e-001
 5.9962732e-001
 5.9990180e-001
 6.0012519e-001
 6.0030001e-001
 6.0043168e-001
 6.0052752e-001
 6.0059583e-001
 6.0064495e-001
 6.0068321e-001
 6.0071862e-001
 6.0075843e-001
 6.0080880e-001
 6.0087484e-001
 6.0096073e-001
 6.0106975e-001
 6.0120481e-001
 6.0136855e-001
 6.0156304e-001
 6.0178959e-001
 6.0204768e-001
 6.0233420e-001
 6.0264170e-001
 6.0295892e-001
 6.0327047e-001
 6.0355812e-001
 6.0380208e-001
 6.0398197e-001
 6.0407788e-001
 6.0407162e-001
 6.0394919e-001
 6.0370308e-001
 6.0333514e-001
 6.0285693e-001
 6.0228914e-001
 6.0165942e-001
 6.0099906e-001
 6.0034096e-001
 5.9971833e-001
 5.9916210e-001
 5.9869874e-001
 5.9834707e-001
 5.9811586e-001
 5.9800243e-001
 5.9799379e-001
 5.9806937e-001
 5.9820414e-001
 5.9837103e-001
 5.9854251e-001
 5.9869230e-001
 5.9879684e-001
 5.9883732e-001
 5.9880126e-001
 5.9868336e-001
 5.9848469e-001
 5.9821111e-001
 5.9787130e-001
 5.9747523e-001
 5.9703368e-001
 5.9655714e-001
 5.9605604e-001
 5.9554070e-001
 5.9502071e-001
 5.9450513e-001
 5.9400249e-001
 5.9352118e-001
 5.9306908e-001
 5.9265387e-001
 5.9228325e-001
 5.9196371e-001
 5.9170032e-001
 5.9149563e-001
 5.9134847e-001
 5.9125400e-001
 5.9120375e-001
 5.9118658e-001
 5.9118992e-001
 5.9120047e-001
 5.9120512e-001
 5.9119141e-001
 5.9114885e-001
 5.9106988e-001
 5.9095120e-001
 5.9079415e-001
 5.9060419e-001
 5.9038997e-001
 5.9016186e-001
 5.8993095e-001
 5.8970892e-001
 5.8950669e-001
 5.8933425e-001
 5.8920014e-001
 5.8911055e-001
 5.8906907e-001
 5.8907723e-001
 5.8913475e-001
 5.8924037e-001
 5.8939230e-001
 5.8958828e-001
 5.8982533e-001
 5.9009945e-001
 5.9040427e-001
 5.9073091e-001
 5.9106743e-001
 5.9139901e-001
 5.9170890e-001
 5.9197927e-001
 5.9219158e-001
 5.9232795e-001
 5.9237158e-001
 5.9230852e-001
 5.9212935e-001
 5.9183109e-001
 5.9141755e-001
 5.9089905e-001
 5.9029043e-001
 5.8960897e-001
 5.8887386e-001
 5.8810371e-001
 5.8731598e-001
 5.8652604e-001
 5.8574438e-001
 5.8497566e-001
 5.8421755e-001
 5.8346242e-001
 5.8269751e-001
 5.8190763e-001
 5.8107680e-001
 5.8018833e-001
 5.7922626e-001
 5.7817709e-001
 5.7702953e-001
 5.7577688e-001
 5.7441646e-001
 5.7295078e-001
 5.7138437e-001
 5.6972349e-001
 5.6797642e-001
 5.6615031e-001
 5.6425190e-001
 5.6228787e-001
 5.6026167e-001
 5.5817384e-001
 5.5602324e-001
 5.5380452e-001
 5.5151075e-001
 5.4913318e-001
 5.4666436e-001
 5.4409540e-001
 5.4141849e-001
 5.3863031e-001
 5.3572983e-001
 5.3272164e-001
 5.2961892e-001
 5.2643847e-001
 5.2320200e-001
 5.1993304e-001
 5.1665872e-001
 5.1340461e-001
 5.1019675e-001
 5.0706470e-001
 5.0403708e-001
 5.0114477e-001
 4.9842304e-001
 4.9590719e-001
 4.9363473e-001
 4.9164352e-001
 4.8997265e-001
 4.8865831e-001
 4.8773274e-001
 4.8722005e-001
 4.8712912e-001
 4.8744959e-001
 4.8814890e-001
 4.8917505e-001
 4.9046183e-001
 4.9193347e-001
 4.9351144e-001
 4.9511707e-001
 4.9667609e-001
 4.9812236e-001
 4.9940655e-001
 5.0050032e-001
 5.0139821e-001
 5.0211650e-001
 5.0268728e-001
 5.0315124e-001
 5.0355393e-001
 5.0394142e-001
 5.0435734e-001
 5.0483942e-001
 5.0541544e-001
 5.0609988e-001
 5.0689149e-001
 5.0777602e-001
 5.0872928e-001
 5.0972044e-001
 5.1071662e-001
 5.1168448e-001
 5.1259178e-001
 5.1341075e-001
 5.1412028e-001
 5.1470834e-001
 5.1517284e-001
 5.1552105e-001
 5.1576704e-001
 5.1592880e-001
 5.1602638e-001
 5.1608062e-001
 5.1611280e-001
 5.1614434e-001
 5.1619697e-001
 5.1629293e-001
 5.1645452e-001
 5.1670480e-001
 5.1706690e-001
 5.1756394e-001
 5.1821893e-001
 5.1905435e-001
 5.2008963e-001
 5.2134043e-001
 5.2281505e-001
 5.2451044e-001
 5.2641332e-001
 5.2849990e-001
 5.3073943e-001
 5.3309512e-001
 5.3552949e-001
 5.3800488e-001
 5.4048258e-001
 5.4292774e-001
 5.4530931e-001
 5.4759932e-001
 5.4977721e-001
 5.5182689e-001
 5.5373621e-001
 5.5549419e-001
 5.5709225e-001
 5.5852258e-001
 5.5977786e-001
 5.6085384e-001
 5.6175023e-001
 5.6247109e-001
 5.6302702e-001
 5.6343371e-001
 5.6371021e-001
 5.6387842e-001
 5.6396085e-001
 5.6398016e-001
 5.6395829e-001
 5.6391484e-001
 5.6386602e-001
 5.6382340e-001
 5.6379318e-001
 5.6377679e-001
 5.6377226e-001
 5.6377548e-001
 5.6378120e-001
 5.6378388e-001
 5.6377780e-001
 5.6375730e-001
 5.6371653e-001
 5.6364983e-001
 5.6355149e-001
 5.6341571e-001
 5.6323689e-001
 5.6300944e-001
 5.6272763e-001
 5.6238645e-001
 5.6198138e-001
 5.6150973e-001
 5.6097120e-001
 5.6036985e-001
 5.5971318e-001
 5.5901253e-001
 5.5828232e-001
 5.5753821e-001
 5.5679625e-001
 5.5607259e-001
 5.5538100e-001
 5.5473149e-001
 5.5412710e-001
 5.5356246e-001
 5.5302161e-001
 5.5247951e-001
 5.5190510e-001
 5.5126274e-001
 5.5051535e-001
 5.4962695e-001
 5.4856384e-001
 5.4729915e-001
 5.4581630e-001
 5.4411489e-001
 5.4220963e-001
 5.4012990e-001
 5.3791749e-001
 5.3561920e-001
 5.3328460e-001
 5.3096503e-001
 5.2870786e-001
 5.2655452e-001
 5.2453816e-001
 5.2267718e-001
 5.2097559e-001
 5.1942378e-001
 5.1800334e-001
 5.1668900e-001
 5.1545304e-001
 5.1426822e-001
 5.1310802e-001
 5.1195014e-001
 5.1077992e-001
 5.0959104e-001
 5.0838798e-001
 5.0718409e-001
 5.0600076e-001
 5.0486255e-001
 5.0379604e-001
 5.0282872e-001
 5.0198579e-001
 5.0128883e-001
 5.0075358e-001
 5.0038642e-001
 5.0018406e-001
 5.0013465e-001
 5.0022036e-001
 5.0041980e-001
 5.0071043e-001
 5.0106907e-001
 5.0147372e-001
 5.0190389e-001
 5.0234139e-001
 5.0277174e-001
 5.0318402e-001
 5.0357068e-001
 5.0392723e-001
 5.0425065e-001
 5.0453919e-001
 5.0479108e-001
 5.0500500e-001
 5.0517964e-001
 5.0531381e-001
 5.0540429e-001
 5.0543976e-001
 5.0544971e-001
 5.0543016e-001
 5.0538689e-001
 5.0532603e-001
 5.0525343e-001
 5.0517511e-001
 5.0509697e-001
 5.0502503e-001
 5.0496513e-001
 5.0492275e-001
 5.0489843e-001
 5.0488967e-001
 5.0489420e-001
 5.0490969e-001
 5.0493389e-001
 5.0496429e-001
 5.0499856e-001
 5.0503457e-001
 5.0506979e-001
 5.0510192e-001
 5.0512874e-001
 5.0514770e-001
 5.0515670e-001
 5.0515318e-001
 5.0513494e-001
 5.0509953e-001
 5.0504464e-001
 5.0496787e-001
 5.0486690e-001
 5.0473928e-001
 5.0458276e-001
 5.0439489e-001
 5.0417340e-001
 5.0391579e-001
 5.0361979e-001
 5.0328302e-001
 5.0290316e-001
 5.0247777e-001
 5.0200462e-001
 5.0148100e-001
 5.0090498e-001
 5.0027454e-001
 4.9959207e-001
 4.9886218e-001
 4.9809006e-001
 4.9728024e-001
 4.9643758e-001
 4.9556655e-001
 4.9467245e-001
 4.9375966e-001
 4.9283317e-001
 4.9189770e-001
 4.9095774e-001
 4.9001858e-001
 4.8908469e-001
 4.8816094e-001
 4.8725185e-001
 4.8636261e-001
 4.8549783e-001
 4.8466223e-001
 4.8386043e-001
 4.8309758e-001
 4.8237830e-001
 4.8170683e-001
 4.8108354e-001
 4.8050722e-001
 4.7997621e-001
 4.7948885e-001
 4.7904378e-001
 4.7863925e-001
 4.7827387e-001
 4.7794619e-001
 4.7765452e-001
 4.7739735e-001
 4.7717327e-001
 4.7698060e-001
 4.7681788e-001
 4.7668350e-001
 4.7657603e-001
 4.7649387e-001
 4.7643554e-001
 4.7639942e-001
 4.7638404e-001
 4.7638789e-001
 4.7640938e-001
 4.7644696e-001
 4.7649920e-001
 4.7656444e-001
 4.7664121e-001
 4.7672802e-001
 4.7682393e-001
 4.7692820e-001
 4.7704014e-001
 4.7715902e-001
 4.7728407e-001
 4.7741470e-001
 4.7755012e-001
 4.7768959e-001
 4.7783241e-001
 4.7797796e-001
 4.7812542e-001
 4.7827402e-001
 4.7842321e-001
 4.7857219e-001
 4.7872025e-001
 4.7886670e-001
 4.7901076e-001
 4.7915176e-001
 4.7928905e-001
 4.7942179e-001
 4.7954929e-001
 4.7967091e-001
 4.7978598e-001
 4.7989359e-001
 4.7999316e-001
 4.8008400e-001
 4.8016533e-001
 4.8023644e-001
 4.8029667e-001
 4.8034534e-001
 4.8038280e-001
 4.8040971e-001
 4.8042685e-001
