s07_ASD Record=7759: Muscovite GDS108              BECKb AREF
 3.9821801e-001
 4.0057272e-001
 4.0275034e-001
 4.0474522e-001
 4.0655604e-001
 4.0818647e-001
 4.0964082e-001
 4.1091990e-001
 4.1202137e-001
 4.1294336e-001
 4.1368812e-001
 4.1426435e-001
 4.1468662e-001
 4.1497475e-001
 4.1515368e-001
 4.1524819e-001
 4.1527611e-001
 4.1524494e-001
 4.1515410e-001
 4.1500023e-001
 4.1478288e-001
 4.1450796e-001
 4.1418681e-001
 4.1383156e-001
 4.1344944e-001
 4.1303802e-001
 4.1258278e-001
 4.1206121e-001
 4.1145292e-001
 4.1074699e-001
 4.0994433e-001
 4.0905327e-001
 4.0808257e-001
 4.0703636e-001
 4.0591350e-001
 4.0470946e-001
 4.0341803e-001
 4.0203527e-001
 4.0056247e-001
 3.9900684e-001
 3.9737797e-001
 3.9568418e-001
 3.9393115e-001
 3.9212278e-001
 3.9026496e-001
 3.8836879e-001
 3.8645327e-001
 3.8454500e-001
 3.8267636e-001
 3.8088152e-001
 3.7919247e-001
 3.7763527e-001
 3.7622529e-001
 3.7496358e-001
 3.7383670e-001
 3.7282166e-001
 3.7189162e-001
 3.7102333e-001
 3.7020451e-001
 3.6943597e-001
 3.6871243e-001
 3.6800596e-001
 3.6729813e-001
 3.6657098e-001
 3.6580145e-001
 3.6499181e-001
 3.6417142e-001
 3.6337554e-001
 3.6263734e-001
 3.6198452e-001
 3.6143890e-001
 3.6102164e-001
 3.6076146e-001
 3.6069730e-001
 3.6087567e-001
 3.6134329e-001
 3.6213976e-001
 3.6329371e-001
 3.6482331e-001
 3.6673966e-001
 3.6905047e-001
 3.7176138e-001
 3.7487620e-001
 3.7839505e-001
 3.8231423e-001
 3.8662565e-001
 3.9131594e-001
 3.9636719e-001
 4.0175670e-001
 4.0746018e-001
 4.1345304e-001
 4.1971263e-001
 4.2621431e-001
 4.3292859e-001
 4.3981937e-001
 4.4684756e-001
 4.5398027e-001
 4.6119383e-001
 4.6846816e-001
 4.7576883e-001
 4.8303783e-001
 4.9019873e-001
 4.9717411e-001
 5.0390369e-001
 5.1035446e-001
 5.1652718e-001
 5.2244258e-001
 5.2811897e-001
 5.3355110e-001
 5.3870690e-001
 5.4355043e-001
 5.4807001e-001
 5.5228812e-001
 5.5624211e-001
 5.5996168e-001
 5.6346536e-001
 5.6677347e-001
 5.6991404e-001
 5.7290864e-001
 5.7575715e-001
 5.7844251e-001
 5.8095807e-001
 5.8332640e-001
 5.8558744e-001
 5.8776426e-001
 5.8984041e-001
 5.9177393e-001
 5.9353679e-001
 5.9514576e-001
 5.9665626e-001
 5.9812772e-001
 5.9958833e-001
 6.0102612e-001
 6.0241258e-001
 6.0373652e-001
 6.0501891e-001
 6.0629308e-001
 6.0756773e-001
 6.0881084e-001
 6.0997492e-001
 6.1104310e-001
 6.1204386e-001
 6.1301690e-001
 6.1396688e-001
 6.1486012e-001
 6.1566740e-001
 6.1640245e-001
 6.1711639e-001
 6.1785746e-001
 6.1863279e-001
 6.1940169e-001
 6.2010604e-001
 6.2071866e-001
 6.2127191e-001
 6.2183642e-001
 6.2246239e-001
 6.2313795e-001
 6.2380487e-001
 6.2441450e-001
 6.2496525e-001
 6.2548763e-001
 6.2601125e-001
 6.2655646e-001
 6.2714243e-001
 6.2777263e-001
 6.2840724e-001
 6.2897676e-001
 6.2944633e-001
 6.2986541e-001
 6.3033950e-001
 6.3094342e-001
 6.3166505e-001
 6.3242805e-001
 6.3315052e-001
 6.3377386e-001
 6.3426679e-001
 6.3464600e-001
 6.3498926e-001
 6.3539070e-001
 6.3588631e-001
 6.3643885e-001
 6.3699150e-001
 6.3751549e-001
 6.3800937e-001
 6.3848275e-001
 6.3894892e-001
 6.3941324e-001
 6.3985932e-001
 6.4026201e-001
 6.4062554e-001
 6.4099985e-001
 6.4144534e-001
 6.4197731e-001
 6.4255381e-001
 6.4312524e-001
 6.4368272e-001
 6.4424282e-001
 6.4479631e-001
 6.4530456e-001
 6.4575702e-001
 6.4620990e-001
 6.4674073e-001
 6.4735603e-001
 6.4796239e-001
 6.4844835e-001
 6.4878970e-001
 6.4906412e-001
 6.4939702e-001
 6.4992124e-001
 6.5072721e-001
 6.5176129e-001
 6.5279692e-001
 6.5360928e-001
 6.5419233e-001
 6.5473104e-001
 6.5535855e-001
 6.5601271e-001
 6.5654027e-001
 6.5688407e-001
 6.5713656e-001
 6.5743095e-001
 6.5782142e-001
 6.5828383e-001
 6.5878409e-001
 6.5928888e-001
 6.5974271e-001
 6.6011399e-001
 6.6046464e-001
 6.6090786e-001
 6.6148591e-001
 6.6212404e-001
 6.6269517e-001
 6.6309708e-001
 6.6330200e-001
 6.6339928e-001
 6.6357440e-001
 6.6397786e-001
 6.6461432e-001
 6.6540462e-001
 6.6629857e-001
 6.6722506e-001
 6.6799349e-001
 6.6840363e-001
 6.6847038e-001
 6.6842926e-001
 6.6850722e-001
 6.6875905e-001
 6.6913676e-001
 6.6964513e-001
 6.7034620e-001
 6.7118096e-001
 6.7191583e-001
 6.7237598e-001
 6.7263442e-001
 6.7288417e-001
 6.7320848e-001
 6.7360955e-001
 6.7413181e-001
 6.7474246e-001
 6.7520452e-001
 6.7535639e-001
 6.7542505e-001
 6.7576993e-001
 6.7641556e-001
 6.7705113e-001
 6.7740291e-001
 6.7750561e-001
 6.7763627e-001
 6.7799920e-001
 6.7854416e-001
 6.7911309e-001
 6.7958599e-001
 6.7986989e-001
 6.7999023e-001
 6.8017679e-001
 6.8064237e-001
 6.8131393e-001
 6.8190747e-001
 6.8223101e-001
 6.8234771e-001
 6.8245411e-001
 6.8266481e-001
 6.8295377e-001
 6.8329376e-001
 6.8369859e-001
 6.8408167e-001
 6.8428683e-001
 6.8435645e-001
 6.8458676e-001
 6.8519592e-001
 6.8605745e-001
 6.8683237e-001
 6.8729961e-001
 6.8752664e-001
 6.8773073e-001
 6.8800837e-001
 6.8829256e-001
 6.8855846e-001
 6.8888491e-001
 6.8925965e-001
 6.8952000e-001
 6.8958384e-001
 6.8959832e-001
 6.8978155e-001
 6.9020522e-001
 6.9077212e-001
 6.9135106e-001
 6.9190311e-001
 6.9246995e-001
 6.9305891e-001
 6.9359881e-001
 6.9402862e-001
 6.9438320e-001
 6.9476581e-001
 6.9525164e-001
 6.9581640e-001
 6.9636232e-001
 6.9680864e-001
 6.9713771e-001
 6.9737375e-001
 6.9754362e-001
 6.9768381e-001
 6.9786912e-001
 6.9818705e-001
 6.9866353e-001
 6.9922066e-001
 6.9972497e-001
 7.0010340e-001
 7.0042086e-001
 7.0082659e-001
 7.0140386e-001
 7.0206982e-001
 7.0263082e-001
 7.0294809e-001
 7.0305705e-001
 7.0313662e-001
 7.0338148e-001
 7.0390034e-001
 7.0469147e-001
 7.0565343e-001
 7.0660597e-001
 7.0734930e-001
 7.0776558e-001
 7.0788676e-001
 7.0786023e-001
 7.0784336e-001
 7.0791942e-001
 7.0807660e-001
 7.0821947e-001
 7.0819986e-001
 7.0791328e-001
 7.0745188e-001
 7.0716631e-001
 7.0741296e-001
 7.0807546e-001
 7.0872641e-001
 7.0909494e-001
 7.0930386e-001
 7.0972568e-001
 7.1040571e-001
 7.1087688e-001
 7.1089512e-001
 7.1095037e-001
 7.1155006e-001
 7.1245438e-001
 7.1306896e-001
 7.1318275e-001
 7.1303821e-001
 7.1296692e-001
 7.1309143e-001
 7.1330941e-001
 7.1355838e-001
 7.1395105e-001
 7.1450371e-001
 7.1496290e-001
 7.1515328e-001
 7.1527433e-001
 7.1560228e-001
 7.1610761e-001
 7.1655214e-001
 7.1679384e-001
 7.1689957e-001
 7.1705645e-001
 7.1739715e-001
 7.1788275e-001
 7.1834499e-001
 7.1863908e-001
 7.1879768e-001
 7.1902061e-001
 7.1943665e-001
 7.1992940e-001
 7.2027272e-001
 7.2035450e-001
 7.2022539e-001
 7.2003227e-001
 7.1995080e-001
 7.2008133e-001
 7.2037834e-001
 7.2067440e-001
 7.2074479e-001
 7.2058767e-001
 7.2051191e-001
 7.2074366e-001
 7.2124612e-001
 7.2189391e-001
 7.2253436e-001
 7.2299427e-001
 7.2314698e-001
 7.2304064e-001
 7.2289473e-001
 7.2291625e-001
 7.2311711e-001
 7.2331989e-001
 7.2334290e-001
 7.2317475e-001
 7.2297573e-001
 7.2292721e-001
 7.2310436e-001
 7.2346836e-001
 7.2392750e-001
 7.2435296e-001
 7.2459024e-001
 7.2453439e-001
 7.2424924e-001
 7.2394127e-001
 7.2379637e-001
 7.2387242e-001
 7.2408545e-001
 7.2427493e-001
 7.2432679e-001
 7.2429007e-001
 7.2420669e-001
 7.2412533e-001
 7.2405857e-001
 7.2400433e-001
 7.2396070e-001
 7.2392458e-001
 7.2388524e-001
 7.2382879e-001
 7.2374165e-001
 7.2361535e-001
 7.2347677e-001
 7.2336698e-001
 7.2332722e-001
 7.2339088e-001
 7.2354072e-001
 7.2373855e-001
 7.2394645e-001
 7.2412872e-001
 7.2426641e-001
 7.2435409e-001
 7.2435266e-001
 7.2426826e-001
 7.2410864e-001
 7.2390068e-001
 7.2367191e-001
 7.2345012e-001
 7.2326231e-001
 7.2312254e-001
 7.2303182e-001
 7.2299045e-001
 7.2299910e-001
 7.2305757e-001
 7.2315377e-001
 7.2326368e-001
 7.2336298e-001
 7.2342718e-001
 7.2343254e-001
 7.2336835e-001
 7.2323740e-001
 7.2304243e-001
 7.2278684e-001
 7.2247368e-001
 7.2211033e-001
 7.2172159e-001
 7.2133607e-001
 7.2098261e-001
 7.2068995e-001
 7.2048694e-001
 7.2039318e-001
 7.2039318e-001
 7.2046310e-001
 7.2057915e-001
 7.2071719e-001
 7.2085369e-001
 7.2096443e-001
 7.2102952e-001
 7.2104329e-001
 7.2100365e-001
 7.2090840e-001
 7.2075534e-001
 7.2054237e-001
 7.2026730e-001
 7.1992803e-001
 7.1952510e-001
 7.1907061e-001
 7.1857870e-001
 7.1806389e-001
 7.1754020e-001
 7.1702248e-001
 7.1652466e-001
 7.1606129e-001
 7.1564400e-001
 7.1527326e-001
 7.1494758e-001
 7.1466511e-001
 7.1442431e-001
 7.1422327e-001
 7.1406043e-001
 7.1393394e-001
 7.1384197e-001
 7.1378142e-001
 7.1374917e-001
 7.1374202e-001
 7.1375680e-001
 7.1379018e-001
 7.1383923e-001
 7.1390039e-001
 7.1397078e-001
 7.1404707e-001
 7.1412617e-001
 7.1420467e-001
 7.1427989e-001
 7.1434963e-001
 7.1441221e-001
 7.1446568e-001
 7.1450835e-001
 7.1453851e-001
 7.1455413e-001
 7.1455365e-001
 7.1453506e-001
 7.1449667e-001
 7.1443671e-001
 7.1435326e-001
 7.1424627e-001
 7.1412122e-001
 7.1398503e-001
 7.1384448e-001
 7.1370667e-001
 7.1357828e-001
 7.1346623e-001
 7.1337730e-001
 7.1331859e-001
 7.1329671e-001
 7.1331877e-001
 7.1338785e-001
 7.1349496e-001
 7.1362787e-001
 7.1377480e-001
 7.1392369e-001
 7.1406263e-001
 7.1417946e-001
 7.1426255e-001
 7.1429962e-001
 7.1427888e-001
 7.1419281e-001
 7.1405053e-001
 7.1386403e-001
 7.1364564e-001
 7.1340775e-001
 7.1316266e-001
 7.1292251e-001
 7.1269977e-001
 7.1250653e-001
 7.1235526e-001
 7.1225524e-001
 7.1220523e-001
 7.1220219e-001
 7.1224272e-001
 7.1232361e-001
 7.1244174e-001
 7.1259362e-001
 7.1277624e-001
 7.1298617e-001
 7.1322036e-001
 7.1347493e-001
 7.1374440e-001
 7.1402317e-001
 7.1430540e-001
 7.1458536e-001
 7.1485728e-001
 7.1511537e-001
 7.1535397e-001
 7.1556717e-001
 7.1575058e-001
 7.1590364e-001
 7.1602660e-001
 7.1612018e-001
 7.1618462e-001
 7.1622020e-001
 7.1622735e-001
 7.1620649e-001
 7.1615833e-001
 7.1608436e-001
 7.1598655e-001
 7.1586657e-001
 7.1572626e-001
 7.1556753e-001
 7.1539223e-001
 7.1520203e-001
 7.1499920e-001
 7.1478707e-001
 7.1456939e-001
 7.1434975e-001
 7.1413177e-001
 7.1391916e-001
 7.1371549e-001
 7.1352452e-001
 7.1335369e-001
 7.1322316e-001
 7.1315527e-001
 7.1318340e-001
 7.1332711e-001
 7.1360105e-001
 7.1401471e-001
 7.1455526e-001
 7.1518958e-001
 7.1587014e-001
 7.1654260e-001
 7.1715206e-001
 7.1765310e-001
 7.1802598e-001
 7.1828681e-001
 7.1847749e-001
 7.1864963e-001
 7.1885306e-001
 7.1912390e-001
 7.1947217e-001
 7.1987778e-001
 7.2029817e-001
 7.2068095e-001
 7.2097600e-001
 7.2114933e-001
 7.2119641e-001
 7.2114712e-001
 7.2105777e-001
 7.2099644e-001
 7.2102743e-001
 7.2119415e-001
 7.2150457e-001
 7.2192621e-001
 7.2239512e-001
 7.2283208e-001
 7.2316068e-001
 7.2332561e-001
 7.2330660e-001
 7.2312284e-001
 7.2282523e-001
 7.2248179e-001
 7.2216088e-001
 7.2191608e-001
 7.2215027e-001
 7.2207838e-001
 7.2202790e-001
 7.2199887e-001
 7.2198898e-001
 7.2199512e-001
 7.2201449e-001
 7.2204596e-001
 7.2208977e-001
 7.2214758e-001
 7.2222173e-001
 7.2231370e-001
 7.2242361e-001
 7.2254896e-001
 7.2268534e-001
 7.2282702e-001
 7.2296780e-001
 7.2310233e-001
 7.2322661e-001
 7.2333860e-001
 7.2343838e-001
 7.2352767e-001
 7.2360963e-001
 7.2368824e-001
 7.2376782e-001
 7.2385287e-001
 7.2394741e-001
 7.2405463e-001
 7.2417665e-001
 7.2431397e-001
 7.2446561e-001
 7.2462916e-001
 7.2480100e-001
 7.2497648e-001
 7.2515047e-001
 7.2531736e-001
 7.2547156e-001
 7.2560793e-001
 7.2572172e-001
 7.2580928e-001
 7.2586799e-001
 7.2589660e-001
 7.2589529e-001
 7.2586578e-001
 7.2581166e-001
 7.2573781e-001
 7.2565091e-001
 7.2555894e-001
 7.2547054e-001
 7.2539479e-001
 7.2534007e-001
 7.2531337e-001
 7.2531945e-001
 7.2535974e-001
 7.2543210e-001
 7.2553092e-001
 7.2564697e-001
 7.2576886e-001
 7.2588414e-001
 7.2598118e-001
 7.2605062e-001
 7.2608721e-001
 7.2609073e-001
 7.2606599e-001
 7.2602254e-001
 7.2597307e-001
 7.2593123e-001
 7.2590983e-001
 7.2591853e-001
 7.2596282e-001
 7.2604334e-001
 7.2615665e-001
 7.2629589e-001
 7.2645259e-001
 7.2661787e-001
 7.2678357e-001
 7.2694296e-001
 7.2709078e-001
 7.2722334e-001
 7.2733808e-001
 7.2743374e-001
 7.2751045e-001
 7.2756964e-001
 7.2761446e-001
 7.2764969e-001
 7.2768128e-001
 7.2771603e-001
 7.2776079e-001
 7.2782141e-001
 7.2790223e-001
 7.2800577e-001
 7.2813249e-001
 7.2828108e-001
 7.2844845e-001
 7.2863072e-001
 7.2882265e-001
 7.2901845e-001
 7.2921163e-001
 7.2939509e-001
 7.2956187e-001
 7.2970545e-001
 7.2982061e-001
 7.2990441e-001
 7.2995687e-001
 7.2998118e-001
 7.2998399e-001
 7.2997433e-001
 7.2996271e-001
 7.2995973e-001
 7.2997457e-001
 7.3001373e-001
 7.3008013e-001
 7.3017281e-001
 7.3028743e-001
 7.3041737e-001
 7.3055452e-001
 7.3069131e-001
 7.3082179e-001
 7.3094213e-001
 7.3105139e-001
 7.3115087e-001
 7.3124307e-001
 7.3133093e-001
 7.3141652e-001
 7.3150069e-001
 7.3158276e-001
 7.3166102e-001
 7.3173368e-001
 7.3179966e-001
 7.3185933e-001
 7.3191476e-001
 7.3196936e-001
 7.3202711e-001
 7.3209155e-001
 7.3216450e-001
 7.3224533e-001
 7.3233056e-001
 7.3241442e-001
 7.3248971e-001
 7.3254907e-001
 7.3258686e-001
 7.3260051e-001
 7.3259181e-001
 7.3256701e-001
 7.3253661e-001
 7.3251373e-001
 7.3251241e-001
 7.3254532e-001
 7.3262137e-001
 7.3274440e-001
 7.3291242e-001
 7.3311728e-001
 7.3334634e-001
 7.3358369e-001
 7.3381233e-001
 7.3401660e-001
 7.3418373e-001
 7.3430538e-001
 7.3437846e-001
 7.3440516e-001
 7.3439234e-001
 7.3435062e-001
 7.3429263e-001
 7.3423135e-001
 7.3417830e-001
 7.3414183e-001
 7.3412603e-001
 7.3413050e-001
 7.3415059e-001
 7.3417860e-001
 7.3420590e-001
 7.3422503e-001
 7.3423195e-001
 7.3422736e-001
 7.3421746e-001
 7.3421335e-001
 7.3422915e-001
 7.3427945e-001
 7.3437655e-001
 7.3452771e-001
 7.3473322e-001
 7.3498595e-001
 7.3527175e-001
 7.3557192e-001
 7.3586553e-001
 7.3613346e-001
 7.3636085e-001
 7.3653972e-001
 7.3666960e-001
 7.3675710e-001
 7.3681325e-001
 7.3685110e-001
 7.3688197e-001
 7.3691326e-001
 7.3694694e-001
 7.3697996e-001
 7.3700613e-001
 7.3701841e-001
 7.3701209e-001
 7.3698622e-001
 7.3694509e-001
 7.3689693e-001
 7.3685300e-001
 7.3682481e-001
 7.3682237e-001
 7.3685294e-001
 7.3692036e-001
 7.3702532e-001
 7.3716646e-001
 7.3734069e-001
 7.3754406e-001
 7.3777151e-001
 7.3801661e-001
 7.3827142e-001
 7.3852640e-001
 7.3877090e-001
 7.3899442e-001
 7.3918813e-001
 7.3934603e-001
 7.3946613e-001
 7.3955053e-001
 7.3960483e-001
 7.3963696e-001
 7.3965538e-001
 7.3966783e-001
 7.3968023e-001
 7.3969615e-001
 7.3971719e-001
 7.3974335e-001
 7.3977411e-001
 7.3980868e-001
 7.3984671e-001
 7.3988837e-001
 7.3993421e-001
 7.3998493e-001
 7.4004126e-001
 7.4010384e-001
 7.4017340e-001
 7.4025047e-001
 7.4033594e-001
 7.4043036e-001
 7.4053419e-001
 7.4064720e-001
 7.4076831e-001
 7.4089515e-001
 7.4102432e-001
 7.4115115e-001
 7.4127066e-001
 7.4137783e-001
 7.4146837e-001
 7.4153942e-001
 7.4159002e-001
 7.4162120e-001
 7.4163604e-001
 7.4163938e-001
 7.4163693e-001
 7.4163461e-001
 7.4163800e-001
 7.4165112e-001
 7.4167645e-001
 7.4171442e-001
 7.4176347e-001
 7.4182081e-001
 7.4188286e-001
 7.4194634e-001
 7.4200881e-001
 7.4206984e-001
 7.4213105e-001
 7.4219644e-001
 7.4227184e-001
 7.4236411e-001
 7.4248010e-001
 7.4262500e-001
 7.4280113e-001
 7.4300683e-001
 7.4323583e-001
 7.4347717e-001
 7.4371618e-001
 7.4393570e-001
 7.4411845e-001
 7.4424911e-001
 7.4431658e-001
 7.4431592e-001
 7.4424899e-001
 7.4412411e-001
 7.4395502e-001
 7.4375850e-001
 7.4355197e-001
 7.4335086e-001
 7.4316710e-001
 7.4300760e-001
 7.4287486e-001
 7.4276727e-001
 7.4268073e-001
 7.4260992e-001
 7.4254936e-001
 7.4249411e-001
 7.4244004e-001
 7.4238378e-001
 7.4232227e-001
 7.4225295e-001
 7.4217349e-001
 7.4208206e-001
 7.4197733e-001
 7.4185860e-001
 7.4172604e-001
 7.4158019e-001
 7.4142241e-001
 7.4125451e-001
 7.4107963e-001
 7.4090213e-001
 7.4072868e-001
 7.4056804e-001
 7.4043095e-001
 7.4032879e-001
 7.4027210e-001
 7.4026823e-001
 7.4031979e-001
 7.4042308e-001
 7.4056834e-001
 7.4074107e-001
 7.4092436e-001
 7.4110168e-001
 7.4125999e-001
 7.4139124e-001
 7.4149299e-001
 7.4156773e-001
 7.4162102e-001
 7.4165934e-001
 7.4168819e-001
 7.4171120e-001
 7.4172986e-001
 7.4174470e-001
 7.4175614e-001
 7.4176627e-001
 7.4177879e-001
 7.4179935e-001
 7.4183434e-001
 7.4188936e-001
 7.4196762e-001
 7.4206871e-001
 7.4218827e-001
 7.4231786e-001
 7.4244648e-001
 7.4256212e-001
 7.4265379e-001
 7.4271309e-001
 7.4273574e-001
 7.4272156e-001
 7.4267429e-001
 7.4260020e-001
 7.4250627e-001
 7.4239868e-001
 7.4228132e-001
 7.4215508e-001
 7.4201846e-001
 7.4186820e-001
 7.4170101e-001
 7.4151468e-001
 7.4130911e-001
 7.4108630e-001
 7.4085003e-001
 7.4060452e-001
 7.4035329e-001
 7.4009800e-001
 7.3983824e-001
 7.3957145e-001
 7.3929381e-001
 7.3900139e-001
 7.3869056e-001
 7.3835874e-001
 7.3800409e-001
 7.3762465e-001
 7.3721737e-001
 7.3677635e-001
 7.3629206e-001
 7.3575038e-001
 7.3513198e-001
 7.3441291e-001
 7.3356450e-001
 7.3255396e-001
 7.3134488e-001
 7.2989637e-001
 7.2816396e-001
 7.2609758e-001
 7.2364324e-001
 7.2074288e-001
 7.1733570e-001
 7.1336389e-001
 7.0877814e-001
 7.0354235e-001
 6.9764555e-001
 6.9110358e-001
 6.8396789e-001
 6.7632514e-001
 6.6829050e-001
 6.6000766e-001
 6.5163082e-001
 6.4332080e-001
 6.3523060e-001
 6.2749463e-001
 6.2022966e-001
 6.1352742e-001
 6.0746330e-001
 6.0210019e-001
 5.9749448e-001
 5.9370708e-001
 5.9080362e-001
 5.8885801e-001
 5.8794552e-001
 5.8813417e-001
 5.8947235e-001
 5.9197700e-001
 5.9562236e-001
 6.0033447e-001
 6.0599476e-001
 6.1244375e-001
 6.1949551e-001
 6.2695569e-001
 6.3463181e-001
 6.4235342e-001
 6.4997530e-001
 6.5738475e-001
 6.6450399e-001
 6.7128038e-001
 6.7768729e-001
 6.8371171e-001
 6.8935037e-001
 6.9460702e-001
 6.9948429e-001
 7.0398736e-001
 7.0811963e-001
 7.1188569e-001
 7.1529341e-001
 7.1835232e-001
 7.2107774e-001
 7.2348797e-001
 7.2560543e-001
 7.2745579e-001
 7.2906548e-001
 7.3046076e-001
 7.3166710e-001
 7.3270696e-001
 7.3360032e-001
 7.3436391e-001
 7.3501158e-001
 7.3555553e-001
 7.3600632e-001
 7.3637456e-001
 7.3667121e-001
 7.3690861e-001
 7.3710054e-001
 7.3726201e-001
 7.3740888e-001
 7.3755628e-001
 7.3771769e-001
 7.3790330e-001
 7.3811889e-001
 7.3836493e-001
 7.3863673e-001
 7.3892516e-001
 7.3921776e-001
 7.3950106e-001
 7.3976201e-001
 7.3999047e-001
 7.4018019e-001
 7.4032974e-001
 7.4044251e-001
 7.4052620e-001
 7.4059176e-001
 7.4065214e-001
 7.4072069e-001
 7.4080986e-001
 7.4093038e-001
 7.4109018e-001
 7.4129415e-001
 7.4154389e-001
 7.4183786e-001
 7.4217129e-001
 7.4253696e-001
 7.4292505e-001
 7.4332422e-001
 7.4372172e-001
 7.4410444e-001
 7.4445999e-001
 7.4477750e-001
 7.4504876e-001
 7.4526894e-001
 7.4543720e-001
 7.4555635e-001
 7.4563271e-001
 7.4567479e-001
 7.4569249e-001
 7.4569589e-001
 7.4569446e-001
 7.4569649e-001
 7.4570918e-001
 7.4573863e-001
 7.4578977e-001
 7.4586666e-001
 7.4597192e-001
 7.4610627e-001
 7.4626762e-001
 7.4645084e-001
 7.4664736e-001
 7.4684560e-001
 7.4703240e-001
 7.4719441e-001
 7.4732041e-001
 7.4740326e-001
 7.4744171e-001
 7.4744123e-001
 7.4741358e-001
 7.4737573e-001
 7.4734753e-001
 7.4734861e-001
 7.4739522e-001
 7.4749738e-001
 7.4765640e-001
 7.4786448e-001
 7.4810654e-001
 7.4836308e-001
 7.4861354e-001
 7.4883896e-001
 7.4902374e-001
 7.4915677e-001
 7.4923295e-001
 7.4925333e-001
 7.4922460e-001
 7.4915779e-001
 7.4906594e-001
 7.4896282e-001
 7.4886125e-001
 7.4877310e-001
 7.4870861e-001
 7.4867618e-001
 7.4868238e-001
 7.4873108e-001
 7.4882263e-001
 7.4895376e-001
 7.4911702e-001
 7.4930167e-001
 7.4949396e-001
 7.4967903e-001
 7.4984270e-001
 7.4997330e-001
 7.5006348e-001
 7.5011116e-001
 7.5011992e-001
 7.5009823e-001
 7.5005847e-001
 7.5001490e-001
 7.4998194e-001
 7.4997187e-001
 7.4999380e-001
 7.5005257e-001
 7.5014853e-001
 7.5027800e-001
 7.5043350e-001
 7.5060469e-001
 7.5077885e-001
 7.5094199e-001
 7.5108021e-001
 7.5118107e-001
 7.5123531e-001
 7.5123757e-001
 7.5118726e-001
 7.5108832e-001
 7.5094861e-001
 7.5077891e-001
 7.5059146e-001
 7.5039858e-001
 7.5021160e-001
 7.5003976e-001
 7.4989021e-001
 7.4976790e-001
 7.4967551e-001
 7.4961394e-001
 7.4958241e-001
 7.4957895e-001
 7.4960047e-001
 7.4964321e-001
 7.4970305e-001
 7.4977589e-001
 7.4985796e-001
 7.4994588e-001
 7.5003701e-001
 7.5012916e-001
 7.5022060e-001
 7.5030982e-001
 7.5039548e-001
 7.5047630e-001
 7.5055075e-001
 7.5061721e-001
 7.5067431e-001
 7.5072068e-001
 7.5075549e-001
 7.5077844e-001
 7.5079000e-001
 7.5079143e-001
 7.5078440e-001
 7.5077105e-001
 7.5075346e-001
 7.5073332e-001
 7.5071144e-001
 7.5068790e-001
 7.5066161e-001
 7.5063086e-001
 7.5059354e-001
 7.5054806e-001
 7.5049376e-001
 7.5043172e-001
 7.5036508e-001
 7.5029898e-001
 7.5024033e-001
 7.5019687e-001
 7.5017595e-001
 7.5018358e-001
 7.5022274e-001
 7.5029314e-001
 7.5039017e-001
 7.5050569e-001
 7.5062877e-001
 7.5074708e-001
 7.5084859e-001
 7.5092322e-001
 7.5096440e-001
 7.5096971e-001
 7.5094140e-001
 7.5088578e-001
 7.5081253e-001
 7.5073320e-001
 7.5065970e-001
 7.5060338e-001
 7.5057334e-001
 7.5057584e-001
 7.5061387e-001
 7.5068659e-001
 7.5078970e-001
 7.5091553e-001
 7.5105375e-001
 7.5119191e-001
 7.5131673e-001
 7.5141519e-001
 7.5147623e-001
 7.5149184e-001
 7.5145853e-001
 7.5137782e-001
 7.5125659e-001
 7.5110620e-001
 7.5094151e-001
 7.5077873e-001
 7.5063294e-001
 7.5051618e-001
 7.5043529e-001
 7.5039089e-001
 7.5037754e-001
 7.5038505e-001
 7.5040007e-001
 7.5040823e-001
 7.5039601e-001
 7.5035250e-001
 7.5027013e-001
 7.5014555e-001
 7.4997991e-001
 7.4977869e-001
 7.4955100e-001
 7.4930859e-001
 7.4906451e-001
 7.4883199e-001
 7.4862325e-001
 7.4844891e-001
 7.4831748e-001
 7.4823481e-001
 7.4820435e-001
 7.4822688e-001
 7.4830031e-001
 7.4842006e-001
 7.4857974e-001
 7.4877149e-001
 7.4898672e-001
 7.4921709e-001
 7.4945492e-001
 7.4969375e-001
 7.4992871e-001
 7.5015676e-001
 7.5037622e-001
 7.5058705e-001
 7.5079012e-001
 7.5098705e-001
 7.5117958e-001
 7.5136942e-001
 7.5155747e-001
 7.5174415e-001
 7.5192875e-001
 7.5210947e-001
 7.5228333e-001
 7.5244617e-001
 7.5259221e-001
 7.5271440e-001
 7.5280440e-001
 7.5285268e-001
 7.5284940e-001
 7.5278491e-001
 7.5265098e-001
 7.5244200e-001
 7.5215626e-001
 7.5179672e-001
 7.5137180e-001
 7.5089532e-001
 7.5038576e-001
 7.4986470e-001
 7.4935532e-001
 7.4887979e-001
 7.4845719e-001
 7.4810165e-001
 7.4782109e-001
 7.4761659e-001
 7.4748296e-001
 7.4740946e-001
 7.4738204e-001
 7.4738491e-001
 7.4740267e-001
 7.4742204e-001
 7.4743319e-001
 7.4743021e-001
 7.4741143e-001
 7.4737883e-001
 7.4733716e-001
 7.4729311e-001
 7.4725413e-001
 7.4722767e-001
 7.4722034e-001
 7.4723738e-001
 7.4728268e-001
 7.4735808e-001
 7.4746376e-001
 7.4759799e-001
 7.4775696e-001
 7.4793512e-001
 7.4812496e-001
 7.4831730e-001
 7.4850196e-001
 7.4866790e-001
 7.4880451e-001
 7.4890232e-001
 7.4895388e-001
 7.4895459e-001
 7.4890316e-001
 7.4880159e-001
 7.4865520e-001
 7.4847162e-001
 7.4825978e-001
 7.4802887e-001
 7.4778724e-001
 7.4754119e-001
 7.4729455e-001
 7.4704832e-001
 7.4680108e-001
 7.4654955e-001
 7.4628973e-001
 7.4601823e-001
 7.4573320e-001
 7.4543571e-001
 7.4513030e-001
 7.4482489e-001
 7.4453086e-001
 7.4426150e-001
 7.4403125e-001
 7.4385375e-001
 7.4374038e-001
 7.4369901e-001
 7.4373305e-001
 7.4384117e-001
 7.4401718e-001
 7.4425077e-001
 7.4452859e-001
 7.4483556e-001
 7.4515611e-001
 7.4547553e-001
 7.4578124e-001
 7.4606287e-001
 7.4631315e-001
 7.4652708e-001
 7.4670178e-001
 7.4683642e-001
 7.4693131e-001
 7.4698812e-001
 7.4700916e-001
 7.4699730e-001
 7.4695611e-001
 7.4688971e-001
 7.4680245e-001
 7.4669868e-001
 7.4658221e-001
 7.4645621e-001
 7.4632221e-001
 7.4618012e-001
 7.4602771e-001
 7.4586105e-001
 7.4570984e-001
 7.4550456e-001
 7.4526489e-001
 7.4498445e-001
 7.4465966e-001
 7.4429113e-001
 7.4388510e-001
 7.4345243e-001
 7.4300730e-001
 7.4256575e-001
 7.4214405e-001
 7.4175829e-001
 7.4142271e-001
 7.4114865e-001
 7.4094266e-001
 7.4080569e-001
 7.4073225e-001
 7.4071151e-001
 7.4072814e-001
 7.4076438e-001
 7.4080122e-001
 7.4081957e-001
 7.4080163e-001
 7.4073213e-001
 7.4060082e-001
 7.4040401e-001
 7.4014544e-001
 7.3983580e-001
 7.3949045e-001
 7.3912781e-001
 7.3876762e-001
 7.3842943e-001
 7.3813188e-001
 7.3789090e-001
 7.3771811e-001
 7.3761928e-001
 7.3759365e-001
 7.3763472e-001
 7.3773152e-001
 7.3787063e-001
 7.3803735e-001
 7.3821688e-001
 7.3839492e-001
 7.3855853e-001
 7.3869765e-001
 7.3880535e-001
 7.3887867e-001
 7.3891819e-001
 7.3892695e-001
 7.3890942e-001
 7.3887104e-001
 7.3881716e-001
 7.3875284e-001
 7.3868233e-001
 7.3860836e-001
 7.3853177e-001
 7.3845112e-001
 7.3836309e-001
 7.3826277e-001
 7.3814458e-001
 7.3800230e-001
 7.3782980e-001
 7.3762119e-001
 7.3737109e-001
 7.3707491e-001
 7.3672950e-001
 7.3633313e-001
 7.3588508e-001
 7.3538589e-001
 7.3483640e-001
 7.3423779e-001
 7.3359179e-001
 7.3289984e-001
 7.3216462e-001
 7.3138911e-001
 7.3057789e-001
 7.2973704e-001
 7.2887337e-001
 7.2799522e-001
 7.2711092e-001
 7.2622919e-001
 7.2535866e-001
 7.2450656e-001
 7.2367865e-001
 7.2287685e-001
 7.2209907e-001
 7.2133815e-001
 7.2058231e-001
 7.1981668e-001
 7.1902442e-001
 7.1818775e-001
 7.1728945e-001
 7.1631342e-001
 7.1524704e-001
 7.1408314e-001
 7.1282154e-001
 7.1147060e-001
 7.1004564e-001
 7.0856756e-001
 7.0706075e-001
 7.0555031e-001
 7.0406228e-001
 7.0262080e-001
 7.0124787e-001
 6.9996095e-001
 6.9877088e-001
 6.9768238e-001
 6.9669336e-001
 6.9579768e-001
 6.9498640e-001
 6.9424909e-001
 6.9357544e-001
 6.9295520e-001
 6.9237977e-001
 6.9184256e-001
 6.9134009e-001
 6.9087219e-001
 6.9044185e-001
 6.9005412e-001
 6.8971545e-001
 6.8943280e-001
 6.8921322e-001
 6.8906313e-001
 6.8898767e-001
 6.8898964e-001
 6.8906885e-001
 6.8922174e-001
 6.8944168e-001
 6.8971980e-001
 6.9004577e-001
 6.9040889e-001
 6.9079828e-001
 6.9120336e-001
 6.9161469e-001
 6.9202435e-001
 6.9242692e-001
 6.9281918e-001
 6.9320029e-001
 6.9357121e-001
 6.9393373e-001
 6.9429004e-001
 6.9464266e-001
 6.9499379e-001
 6.9534534e-001
 6.9569844e-001
 6.9605315e-001
 6.9640863e-001
 6.9676298e-001
 6.9711357e-001
 6.9745737e-001
 6.9779110e-001
 6.9811171e-001
 6.9841635e-001
 6.9870299e-001
 6.9897068e-001
 6.9922012e-001
 6.9945413e-001
 6.9967681e-001
 6.9989365e-001
 7.0011085e-001
 7.0033491e-001
 7.0057213e-001
 7.0082861e-001
 7.0110917e-001
 7.0141697e-001
 7.0175284e-001
 7.0211506e-001
 7.0249939e-001
 7.0289999e-001
 7.0330989e-001
 7.0372176e-001
 7.0412815e-001
 7.0452207e-001
 7.0489728e-001
 7.0524919e-001
 7.0557493e-001
 7.0587415e-001
 7.0614821e-001
 7.0640016e-001
 7.0663375e-001
 7.0685333e-001
 7.0706326e-001
 7.0726788e-001
 7.0747143e-001
 7.0767778e-001
 7.0789039e-001
 7.0811224e-001
 7.0834601e-001
 7.0859385e-001
 7.0885789e-001
 7.0914012e-001
 7.0944226e-001
 7.0976615e-001
 7.1011287e-001
 7.1048319e-001
 7.1087682e-001
 7.1129256e-001
 7.1172857e-001
 7.1218193e-001
 7.1264988e-001
 7.1312892e-001
 7.1361601e-001
 7.1410745e-001
 7.1459979e-001
 7.1508920e-001
 7.1557128e-001
 7.1604162e-001
 7.1649528e-001
 7.1692711e-001
 7.1733165e-001
 7.1770358e-001
 7.1803790e-001
 7.1832961e-001
 7.1857500e-001
 7.1877193e-001
 7.1891999e-001
 7.1902150e-001
 7.1908057e-001
 7.1910304e-001
 7.1909553e-001
 7.1906525e-001
 7.1901935e-001
 7.1896482e-001
 7.1890831e-001
 7.1885544e-001
 7.1881092e-001
 7.1877813e-001
 7.1875942e-001
 7.1875626e-001
 7.1876967e-001
 7.1880037e-001
 7.1884894e-001
 7.1891576e-001
 7.1900082e-001
 7.1910352e-001
 7.1922243e-001
 7.1935523e-001
 7.1949887e-001
 7.1964955e-001
 7.1980321e-001
 7.1995562e-001
 7.2010267e-001
 7.2024029e-001
 7.2036499e-001
 7.2047412e-001
 7.2056592e-001
 7.2063994e-001
 7.2069687e-001
 7.2073811e-001
 7.2076547e-001
 7.2078109e-001
 7.2078711e-001
 7.2078580e-001
 7.2077924e-001
 7.2076946e-001
 7.2075832e-001
 7.2074741e-001
 7.2073841e-001
 7.2073257e-001
 7.2073132e-001
 7.2073591e-001
 7.2074735e-001
 7.2076648e-001
 7.2079349e-001
 7.2082740e-001
 7.2086579e-001
 7.2090471e-001
 7.2093862e-001
 7.2096103e-001
 7.2096473e-001
 7.2094226e-001
 7.2088623e-001
 7.2078949e-001
 7.2064573e-001
 7.2044975e-001
 7.2019815e-001
 7.1988928e-001
 7.1952319e-001
 7.1910137e-001
 7.1862572e-001
 7.1809864e-001
 7.1752310e-001
 7.1690202e-001
 7.1623868e-001
 7.1553797e-001
 7.1480525e-001
 7.1404749e-001
 7.1327251e-001
 7.1248960e-001
 7.1170813e-001
 7.1093732e-001
 7.1018702e-001
 7.0946544e-001
 7.0877928e-001
 7.0813274e-001
 7.0752567e-001
 7.0695364e-001
 7.0640838e-001
 7.0587903e-001
 7.0535254e-001
 7.0481527e-001
 7.0425415e-001
 7.0365661e-001
 7.0301265e-001
 7.0231652e-001
 7.0156747e-001
 7.0077062e-001
 6.9993716e-001
 6.9908160e-001
 6.9822097e-001
 6.9737321e-001
 6.9655693e-001
 6.9578928e-001
 6.9508553e-001
 6.9445801e-001
 6.9391423e-001
 6.9345659e-001
 6.9308341e-001
 6.9278938e-001
 6.9256711e-001
 6.9240838e-001
 6.9230455e-001
 6.9224679e-001
 6.9222605e-001
 6.9223303e-001
 6.9225818e-001
 6.9229162e-001
 6.9232321e-001
 6.9234246e-001
 6.9233900e-001
 6.9230223e-001
 6.9222182e-001
 6.9208795e-001
 6.9189179e-001
 6.9162619e-001
 6.9128627e-001
 6.9086951e-001
 6.9037610e-001
 6.8980753e-001
 6.8916619e-001
 6.8845546e-001
 6.8767834e-001
 6.8683749e-001
 6.8593490e-001
 6.8497193e-001
 6.8394762e-001
 6.8285918e-001
 6.8170303e-001
 6.8047357e-001
 6.7916441e-001
 6.7776984e-001
 6.7628294e-001
 6.7469686e-001
 6.7300582e-001
 6.7120302e-001
 6.6928226e-001
 6.6723686e-001
 6.6506183e-001
 6.6275084e-001
 6.6029739e-001
 6.5769684e-001
 6.5494251e-001
 6.5202737e-001
 6.4894539e-001
 6.4568728e-001
 6.4224243e-001
 6.3859713e-001
 6.3473845e-001
 6.3064957e-001
 6.2631249e-001
 6.2171239e-001
 6.1683196e-001
 6.1165583e-001
 6.0617685e-001
 6.0039139e-001
 5.9430593e-001
 5.8794230e-001
 5.8132809e-001
 5.7449961e-001
 5.6749624e-001
 5.6036437e-001
 5.5314672e-001
 5.4588675e-001
 5.3863436e-001
 5.3143656e-001
 5.2434301e-001
 5.1741153e-001
 5.1069766e-001
 5.0426078e-001
 4.9815992e-001
 4.9245879e-001
 4.8721609e-001
 4.8248899e-001
 4.7833365e-001
 4.7479573e-001
 4.7191179e-001
 4.6970975e-001
 4.6820572e-001
 4.6740943e-001
 4.6732634e-001
 4.6795917e-001
 4.6930817e-001
 4.7137016e-001
 4.7413254e-001
 4.7757110e-001
 4.8164466e-001
 4.8628953e-001
 4.9142736e-001
 4.9696732e-001
 5.0280678e-001
 5.0884378e-001
 5.1497525e-001
 5.2110273e-001
 5.2713138e-001
 5.3298390e-001
 5.3860080e-001
 5.4393846e-001
 5.4897523e-001
 5.5370247e-001
 5.5811620e-001
 5.6221980e-001
 5.6601769e-001
 5.6951648e-001
 5.7272273e-001
 5.7564932e-001
 5.7831371e-001
 5.8073705e-001
 5.8294731e-001
 5.8497602e-001
 5.8685529e-001
 5.8861971e-001
 5.9030348e-001
 5.9193820e-001
 5.9355342e-001
 5.9517294e-001
 5.9681362e-001
 5.9848315e-001
 6.0018295e-001
 6.0190928e-001
 6.0365373e-001
 6.0540766e-001
 6.0716176e-001
 6.0890532e-001
 6.1062890e-001
 6.1232299e-001
 6.1397833e-001
 6.1558515e-001
 6.1713481e-001
 6.1861891e-001
 6.2002808e-001
 6.2135434e-001
 6.2258989e-001
 6.2372714e-001
 6.2476128e-001
 6.2569100e-001
 6.2651861e-001
 6.2725222e-001
 6.2790430e-001
 6.2849069e-001
 6.2902886e-001
 6.2953740e-001
 6.3003486e-001
 6.3053793e-001
 6.3106090e-001
 6.3161319e-001
 6.3219732e-001
 6.3280874e-001
 6.3343644e-001
 6.3406450e-001
 6.3467377e-001
 6.3524437e-001
 6.3575637e-001
 6.3619071e-001
 6.3653195e-001
 6.3676959e-001
 6.3689989e-001
 6.3692707e-001
 6.3686228e-001
 6.3672173e-001
 6.3652474e-001
 6.3629186e-001
 6.3604343e-001
 6.3579839e-001
 6.3557166e-001
 6.3537198e-001
 6.3519967e-001
 6.3504547e-001
 6.3489169e-001
 6.3471442e-001
 6.3448590e-001
 6.3417685e-001
 6.3375777e-001
 6.3320100e-001
 6.3248205e-001
 6.3158226e-001
 6.3049150e-001
 6.2920803e-001
 6.2773782e-001
 6.2609398e-001
 6.2429190e-001
 6.2234873e-001
 6.2028342e-001
 6.1811346e-001
 6.1585575e-001
 6.1352557e-001
 6.1113769e-001
 6.0870308e-001
 6.0623085e-001
 6.0373038e-001
 6.0120833e-001
 5.9867102e-001
 5.9612614e-001
 5.9357917e-001
 5.9103537e-001
 5.8849794e-001
 5.8597022e-001
 5.8345163e-001
 5.8093965e-001
 5.7843244e-001
 5.7592541e-001
 5.7341367e-001
 5.7089430e-001
 5.6836331e-001
 5.6581861e-001
 5.6326008e-001
 5.6069267e-001
 5.5812317e-001
 5.5556166e-001
 5.5302256e-001
 5.5051988e-001
 5.4806823e-001
 5.4568404e-001
 5.4338151e-001
 5.4117352e-001
 5.3907239e-001
 5.3708589e-001
 5.3521901e-001
 5.3347331e-001
 5.3184950e-001
 5.3034568e-001
 5.2895945e-001
 5.2768946e-001
 5.2653372e-001
 5.2549136e-001
 5.2456415e-001
 5.2375531e-001
 5.2307129e-001
 5.2252066e-001
 5.2211428e-001
 5.2186370e-001
 5.2178079e-001
 5.2187687e-001
 5.2216119e-001
 5.2263862e-001
 5.2330601e-001
 5.2415037e-001
 5.2514720e-001
 5.2626115e-001
 5.2745104e-001
 5.2867150e-001
 5.2987629e-001
 5.3101897e-001
 5.3205693e-001
 5.3295279e-001
 5.3367728e-001
 5.3421313e-001
 5.3455526e-001
 5.3471035e-001
 5.3469449e-001
 5.3452951e-001
 5.3423989e-001
 5.3385115e-001
 5.3338856e-001
 5.3287667e-001
 5.3233999e-001
 5.3182054e-001
 5.3142869e-001
 5.3094286e-001
 5.3049034e-001
 5.3007513e-001
 5.2970129e-001
 5.2937281e-001
 5.2909404e-001
 5.2886885e-001
 5.2870131e-001
 5.2859557e-001
 5.2855456e-001
 5.2856934e-001
 5.2862513e-001
 5.2870679e-001
 5.2879941e-001
 5.2888769e-001
 5.2895677e-001
 5.2899152e-001
 5.2897692e-001
 5.2889788e-001
 5.2873933e-001
 5.2848637e-001
 5.2812368e-001
 5.2763641e-001
 5.2701122e-001
 5.2624989e-001
 5.2536273e-001
 5.2435964e-001
 5.2325118e-001
 5.2204758e-001
 5.2075887e-001
 5.1939511e-001
 5.1796705e-001
 5.1648456e-001
 5.1495802e-001
 5.1339716e-001
 5.1181298e-001
 5.1021528e-001
 5.0861442e-001
 5.0702041e-001
 5.0544333e-001
 5.0389397e-001
 5.0238168e-001
 5.0091076e-001
 4.9948224e-001
 4.9809837e-001
 4.9676022e-001
 4.9546924e-001
 4.9422660e-001
 4.9303436e-001
 4.9189371e-001
 4.9080607e-001
 4.8977295e-001
 4.8879549e-001
 4.8787567e-001
 4.8701474e-001
 4.8621413e-001
 4.8547509e-001
 4.8479950e-001
 4.8418862e-001
 4.8364389e-001
 4.8316666e-001
 4.8275864e-001
 4.8242116e-001
 4.8215532e-001
 4.8195958e-001
 4.8183104e-001
 4.8176667e-001
 4.8176348e-001
 4.8181853e-001
 4.8192886e-001
 4.8209143e-001
 4.8230329e-001
 4.8256153e-001
 4.8286313e-001
 4.8320517e-001
 4.8358455e-001
 4.8399833e-001
 4.8444372e-001
 4.8491752e-001
 4.8541680e-001
 4.8593867e-001
 4.8648012e-001
 4.8703822e-001
 4.8760986e-001
 4.8819220e-001
 4.8878214e-001
 4.8937702e-001
 4.8997343e-001
 4.9056861e-001
 4.9115986e-001
 4.9174654e-001
 4.9232885e-001
 4.9290714e-001
 4.9348184e-001
 4.9405318e-001
 4.9462175e-001
 4.9518755e-001
 4.9575114e-001
 4.9631265e-001
 4.9687278e-001
 4.9743158e-001
 4.9798936e-001
 4.9854657e-001
 4.9910375e-001
 4.9966085e-001
 5.0021839e-001
 5.0077665e-001
 5.0133622e-001
 5.0189710e-001
 5.0245982e-001
 5.0302458e-001
 5.0359184e-001
 5.0416207e-001
 5.0473529e-001
 5.0531203e-001
 5.0589257e-001
 5.0647742e-001
 5.0706661e-001
 5.0766063e-001
 5.0825989e-001
 5.0886381e-001
 5.0947160e-001
 5.1008248e-001
