s07_ASD Record=11965: Uvarovite NMNH106661 Garnet   BECKc AREF
 1.2784638e-001
 1.2944740e-001
 1.3102433e-001
 1.3254879e-001
 1.3400413e-001
 1.3539025e-001
 1.3672073e-001
 1.3801493e-001
 1.3929121e-001
 1.4056218e-001
 1.4183384e-001
 1.4310645e-001
 1.4437629e-001
 1.4563650e-001
 1.4687724e-001
 1.4808689e-001
 1.4925326e-001
 1.5036573e-001
 1.5141720e-001
 1.5240674e-001
 1.5334064e-001
 1.5423079e-001
 1.5509017e-001
 1.5592711e-001
 1.5674184e-001
 1.5752575e-001
 1.5826446e-001
 1.5894443e-001
 1.5955870e-001
 1.6010699e-001
 1.6059408e-001
 1.6102734e-001
 1.6141358e-001
 1.6175672e-001
 1.6205721e-001
 1.6231015e-001
 1.6250379e-001
 1.6261975e-001
 1.6263618e-001
 1.6253208e-001
 1.6229227e-001
 1.6191159e-001
 1.6139759e-001
 1.6076948e-001
 1.6005309e-001
 1.5927352e-001
 1.5844902e-001
 1.5758784e-001
 1.5668833e-001
 1.5574066e-001
 1.5472977e-001
 1.5363905e-001
 1.5245436e-001
 1.5116832e-001
 1.4978236e-001
 1.4830823e-001
 1.4677028e-001
 1.4520414e-001
 1.4364657e-001
 1.4214040e-001
 1.4071971e-001
 1.3936393e-001
 1.3805301e-001
 1.3677156e-001
 1.3549304e-001
 1.3419661e-001
 1.3288602e-001
 1.3157912e-001
 1.3029884e-001
 1.2906864e-001
 1.2790786e-001
 1.2682922e-001
 1.2583993e-001
 1.2494224e-001
 1.2413405e-001
 1.2340894e-001
 1.2275776e-001
 1.2217057e-001
 1.2163899e-001
 1.2115801e-001
 1.2072682e-001
 1.2034840e-001
 1.2002713e-001
 1.1976455e-001
 1.1955516e-001
 1.1938547e-001
 1.1923853e-001
 1.1910245e-001
 1.1897817e-001
 1.1888044e-001
 1.1883051e-001
 1.1884472e-001
 1.1892679e-001
 1.1906886e-001
 1.1926003e-001
 1.1949610e-001
 1.1978495e-001
 1.2014416e-001
 1.2059198e-001
 1.2113708e-001
 1.2177150e-001
 1.2246910e-001
 1.2318987e-001
 1.2388793e-001
 1.2452351e-001
 1.2508112e-001
 1.2558432e-001
 1.2609617e-001
 1.2670101e-001
 1.2747025e-001
 1.2842786e-001
 1.2953568e-001
 1.3071197e-001
 1.3187575e-001
 1.3299093e-001
 1.3407876e-001
 1.3519071e-001
 1.3636656e-001
 1.3761245e-001
 1.3891308e-001
 1.4025696e-001
 1.4164753e-001
 1.4309058e-001
 1.4457439e-001
 1.4606665e-001
 1.4753714e-001
 1.4899231e-001
 1.5048999e-001
 1.5211610e-001
 1.5393811e-001
 1.5597276e-001
 1.5819308e-001
 1.6055943e-001
 1.6304256e-001
 1.6561918e-001
 1.6825601e-001
 1.7090607e-001
 1.7352715e-001
 1.7610425e-001
 1.7865443e-001
 1.8121104e-001
 1.8379909e-001
 1.8642263e-001
 1.8906921e-001
 1.9172849e-001
 1.9440827e-001
 1.9713214e-001
 1.9991392e-001
 2.0272596e-001
 2.0549855e-001
 2.0816104e-001
 2.1069290e-001
 2.1313171e-001
 2.1553083e-001
 2.1790813e-001
 2.2023328e-001
 2.2245345e-001
 2.2452988e-001
 2.2645450e-001
 2.2824162e-001
 2.2990634e-001
 2.3145169e-001
 2.3287430e-001
 2.3418002e-001
 2.3539254e-001
 2.3654248e-001
 2.3764595e-001
 2.3869115e-001
 2.3964615e-001
 2.4048279e-001
 2.4119541e-001
 2.4179959e-001
 2.4231341e-001
 2.4274178e-001
 2.4307863e-001
 2.4332322e-001
 2.4349321e-001
 2.4362259e-001
 2.4374169e-001
 2.4384445e-001
 2.4386904e-001
 2.4373099e-001
 2.4340247e-001
 2.4295492e-001
 2.4249810e-001
 2.4207285e-001
 2.4162079e-001
 2.4105552e-001
 2.4034497e-001
 2.3952815e-001
 2.3867340e-001
 2.3781942e-001
 2.3693492e-001
 2.3593456e-001
 2.3475419e-001
 2.3341851e-001
 2.3202421e-001
 2.3066010e-001
 2.2935528e-001
 2.2809352e-001
 2.2684753e-001
 2.2558390e-001
 2.2425321e-001
 2.2280400e-001
 2.2122574e-001
 2.1957302e-001
 2.1792729e-001
 2.1632732e-001
 2.1474059e-001
 2.1310499e-001
 2.1139528e-001
 2.0965211e-001
 2.0795020e-001
 2.0633921e-001
 2.0481233e-001
 2.0332476e-001
 2.0183538e-001
 2.0031928e-001
 1.9874266e-001
 1.9705880e-001
 1.9526365e-001
 1.9344293e-001
 1.9171493e-001
 1.9011526e-001
 1.8856379e-001
 1.8695968e-001
 1.8529862e-001
 1.8369010e-001
 1.8225555e-001
 1.8100728e-001
 1.7982842e-001
 1.7856298e-001
 1.7712723e-001
 1.7555998e-001
 1.7398728e-001
 1.7252673e-001
 1.7119581e-001
 1.6991347e-001
 1.6861112e-001
 1.6732480e-001
 1.6614123e-001
 1.6508576e-001
 1.6412465e-001
 1.6324174e-001
 1.6242898e-001
 1.6162094e-001
 1.6073640e-001
 1.5979497e-001
 1.5892597e-001
 1.5822171e-001
 1.5761745e-001
 1.5697075e-001
 1.5624197e-001
 1.5552638e-001
 1.5490520e-001
 1.5436111e-001
 1.5387343e-001
 1.5347140e-001
 1.5316162e-001
 1.5288840e-001
 1.5258786e-001
 1.5226045e-001
 1.5198420e-001
 1.5183499e-001
 1.5181398e-001
 1.5190025e-001
 1.5211412e-001
 1.5245034e-001
 1.5281664e-001
 1.5312400e-001
 1.5339072e-001
 1.5369065e-001
 1.5405823e-001
 1.5452030e-001
 1.5513480e-001
 1.5590073e-001
 1.5669882e-001
 1.5738048e-001
 1.5788427e-001
 1.5827978e-001
 1.5871474e-001
 1.5928687e-001
 1.5996170e-001
 1.6065788e-001
 1.6135316e-001
 1.6204974e-001
 1.6273093e-001
 1.6340680e-001
 1.6413489e-001
 1.6495097e-001
 1.6582477e-001
 1.6670999e-001
 1.6760106e-001
 1.6853116e-001
 1.6955461e-001
 1.7072845e-001
 1.7204399e-001
 1.7335705e-001
 1.7447656e-001
 1.7537183e-001
 1.7621391e-001
 1.7717753e-001
 1.7829266e-001
 1.7950892e-001
 1.8079557e-001
 1.8213469e-001
 1.8348943e-001
 1.8482710e-001
 1.8614979e-001
 1.8747869e-001
 1.8881916e-001
 1.9015256e-001
 1.9147187e-001
 1.9281989e-001
 1.9426353e-001
 1.9580911e-001
 1.9736916e-001
 1.9883062e-001
 2.0013714e-001
 2.0133774e-001
 2.0256582e-001
 2.0393784e-001
 2.0545512e-001
 2.0701629e-001
 2.0851161e-001
 2.0989054e-001
 2.1116908e-001
 2.1240687e-001
 2.1368378e-001
 2.1507207e-001
 2.1659799e-001
 2.1822128e-001
 2.1986596e-001
 2.2149198e-001
 2.2314163e-001
 2.2490990e-001
 2.2685890e-001
 2.2895986e-001
 2.3112188e-001
 2.3327920e-001
 2.3544899e-001
 2.3769102e-001
 2.3999825e-001
 2.4222638e-001
 2.4415158e-001
 2.4562795e-001
 2.4670373e-001
 2.4759722e-001
 2.4858966e-001
 2.4993421e-001
 2.5178263e-001
 2.5410917e-001
 2.5670749e-001
 2.5937819e-001
 2.6214957e-001
 2.6499286e-001
 2.6760435e-001
 2.6972446e-001
 2.7146471e-001
 2.7307940e-001
 2.7465022e-001
 2.7619112e-001
 2.7778342e-001
 2.7937055e-001
 2.8068984e-001
 2.8173137e-001
 2.8295991e-001
 2.8468001e-001
 2.8654301e-001
 2.8810197e-001
 2.8943509e-001
 2.9083988e-001
 2.9233083e-001
 2.9377377e-001
 2.9518735e-001
 2.9663369e-001
 2.9801780e-001
 2.9919630e-001
 3.0016342e-001
 3.0102253e-001
 3.0186570e-001
 3.0273616e-001
 3.0362961e-001
 3.0447257e-001
 3.0517095e-001
 3.0577043e-001
 3.0647549e-001
 3.0737504e-001
 3.0829793e-001
 3.0910909e-001
 3.0991629e-001
 3.1076303e-001
 3.1143233e-001
 3.1186250e-001
 3.1240180e-001
 3.1325510e-001
 3.1405142e-001
 3.1440514e-001
 3.1433633e-001
 3.1431577e-001
 3.1469491e-001
 3.1528649e-001
 3.1585672e-001
 3.1639162e-001
 3.1692964e-001
 3.1745645e-001
 3.1790918e-001
 3.1823325e-001
 3.1845161e-001
 3.1866503e-001
 3.1897306e-001
 3.1939900e-001
 3.1989053e-001
 3.2038072e-001
 3.2083452e-001
 3.2125163e-001
 3.2164535e-001
 3.2203358e-001
 3.2243559e-001
 3.2285970e-001
 3.2328355e-001
 3.2365587e-001
 3.2393256e-001
 3.2412106e-001
 3.2427436e-001
 3.2444111e-001
 3.2463288e-001
 3.2481924e-001
 3.2494873e-001
 3.2499820e-001
 3.2504898e-001
 3.2516631e-001
 3.2541251e-001
 3.2577103e-001
 3.2619333e-001
 3.2663092e-001
 3.2703882e-001
 3.2739621e-001
 3.2769179e-001
 3.2791457e-001
 3.2805756e-001
 3.2814151e-001
 3.2819849e-001
 3.2826066e-001
 3.2835552e-001
 3.2848114e-001
 3.2862347e-001
 3.2876855e-001
 3.2890341e-001
 3.2902303e-001
 3.2914078e-001
 3.2922092e-001
 3.2928029e-001
 3.2933068e-001
 3.2939681e-001
 3.2950395e-001
 3.2967734e-001
 3.2994059e-001
 3.3027762e-001
 3.3063290e-001
 3.3094937e-001
 3.3116990e-001
 3.3124003e-001
 3.3116671e-001
 3.3101726e-001
 3.3086151e-001
 3.3076933e-001
 3.3080786e-001
 3.3098230e-001
 3.3123729e-001
 3.3151489e-001
 3.3175713e-001
 3.3190611e-001
 3.3192042e-001
 3.3182225e-001
 3.3164948e-001
 3.3143994e-001
 3.3123133e-001
 3.3106160e-001
 3.3095980e-001
 3.3092216e-001
 3.3093679e-001
 3.3099177e-001
 3.3107531e-001
 3.3117554e-001
 3.3128059e-001
 3.3138141e-001
 3.3147967e-001
 3.3157945e-001
 3.3168495e-001
 3.3180034e-001
 3.3192977e-001
 3.3207744e-001
 3.3224750e-001
 3.3244249e-001
 3.3265945e-001
 3.3289382e-001
 3.3314106e-001
 3.3339670e-001
 3.3365634e-001
 3.3391541e-001
 3.3416951e-001
 3.3441401e-001
 3.3464417e-001
 3.3485505e-001
 3.3504194e-001
 3.3519986e-001
 3.3532393e-001
 3.3540934e-001
 3.3545128e-001
 3.3544719e-001
 3.3540323e-001
 3.3532766e-001
 3.3522856e-001
 3.3511415e-001
 3.3499262e-001
 3.3487216e-001
 3.3476087e-001
 3.3466703e-001
 3.3459881e-001
 3.3456427e-001
 3.3457172e-001
 3.3462632e-001
 3.3472246e-001
 3.3485210e-001
 3.3500725e-001
 3.3517978e-001
 3.3536175e-001
 3.3554506e-001
 3.3572170e-001
 3.3588365e-001
 3.3602279e-001
 3.3613116e-001
 3.3620068e-001
 3.3622622e-001
 3.3621252e-001
 3.3616680e-001
 3.3609611e-001
 3.3600765e-001
 3.3590844e-001
 3.3580571e-001
 3.3570653e-001
 3.3561799e-001
 3.3554727e-001
 3.3550140e-001
 3.3548433e-001
 3.3548847e-001
 3.3550382e-001
 3.3552021e-001
 3.3552763e-001
 3.3551604e-001
 3.3547530e-001
 3.3539546e-001
 3.3526635e-001
 3.3507797e-001
 3.3482528e-001
 3.3452088e-001
 3.3418095e-001
 3.3382192e-001
 3.3345997e-001
 3.3311161e-001
 3.3279300e-001
 3.3252054e-001
 3.3231053e-001
 3.3217928e-001
 3.3213663e-001
 3.3217070e-001
 3.3226466e-001
 3.3240190e-001
 3.3256575e-001
 3.3273944e-001
 3.3290628e-001
 3.3304968e-001
 3.3315280e-001
 3.3319911e-001
 3.3317772e-001
 3.3309802e-001
 3.3297342e-001
 3.3281747e-001
 3.3264369e-001
 3.3246559e-001
 3.3229661e-001
 3.3215031e-001
 3.3204019e-001
 3.3197427e-001
 3.3194229e-001
 3.3193028e-001
 3.3192417e-001
 3.3190992e-001
 3.3187354e-001
 3.3180103e-001
 3.3167830e-001
 3.3149698e-001
 3.3126676e-001
 3.3100143e-001
 3.3071455e-001
 3.3041975e-001
 3.3013064e-001
 3.2986084e-001
 3.2962397e-001
 3.2943091e-001
 3.2928330e-001
 3.2918099e-001
 3.2912385e-001
 3.2911164e-001
 3.2914427e-001
 3.2922164e-001
 3.2934344e-001
 3.2950529e-001
 3.2968834e-001
 3.2987124e-001
 3.3001634e-001
 3.3012253e-001
 3.3016235e-001
 3.3012447e-001
 3.3001563e-001
 3.2985899e-001
 3.2968897e-001
 3.2954526e-001
 3.2946742e-001
 3.2948586e-001
 3.2960680e-001
 3.2980329e-001
 3.3002469e-001
 3.3021155e-001
 3.3030713e-001
 3.3027020e-001
 3.3008909e-001
 3.2978609e-001
 3.2940903e-001
 3.2901734e-001
 3.2867002e-001
 3.2841381e-001
 3.2827222e-001
 3.2824177e-001
 3.2829797e-001
 3.2840565e-001
 3.2852855e-001
 3.2863674e-001
 3.2871217e-001
 3.2875061e-001
 3.2875857e-001
 3.2874849e-001
 3.2873356e-001
 3.2872367e-001
 3.2872248e-001
 3.2872671e-001
 3.2872736e-001
 3.2871243e-001
 3.2867014e-001
 3.2859159e-001
 3.2829168e-001
 3.2817444e-001
 3.2804850e-001
 3.2792038e-001
 3.2779804e-001
 3.2769027e-001
 3.2760599e-001
 3.2755321e-001
 3.2753804e-001
 3.2756338e-001
 3.2762790e-001
 3.2772544e-001
 3.2784536e-001
 3.2797363e-001
 3.2809535e-001
 3.2819718e-001
 3.2826924e-001
 3.2830644e-001
 3.2830894e-001
 3.2828137e-001
 3.2823148e-001
 3.2816848e-001
 3.2810122e-001
 3.2803708e-001
 3.2798120e-001
 3.2793602e-001
 3.2790121e-001
 3.2787386e-001
 3.2784930e-001
 3.2782209e-001
 3.2778713e-001
 3.2774064e-001
 3.2768062e-001
 3.2760692e-001
 3.2752144e-001
 3.2742760e-001
 3.2733020e-001
 3.2723454e-001
 3.2714576e-001
 3.2706782e-001
 3.2700258e-001
 3.2694927e-001
 3.2690409e-001
 3.2686099e-001
 3.2681283e-001
 3.2675323e-001
 3.2667854e-001
 3.2658958e-001
 3.2649225e-001
 3.2639724e-001
 3.2631811e-001
 3.2626870e-001
 3.2626006e-001
 3.2629770e-001
 3.2638034e-001
 3.2649997e-001
 3.2664335e-001
 3.2679474e-001
 3.2693902e-001
 3.2706407e-001
 3.2716247e-001
 3.2723162e-001
 3.2727289e-001
 3.2729009e-001
 3.2728755e-001
 3.2726887e-001
 3.2723635e-001
 3.2719094e-001
 3.2713303e-001
 3.2706347e-001
 3.2698411e-001
 3.2689828e-001
 3.2681066e-001
 3.2672638e-001
 3.2665041e-001
 3.2658634e-001
 3.2653582e-001
 3.2649821e-001
 3.2647076e-001
 3.2644948e-001
 3.2642996e-001
 3.2640871e-001
 3.2638392e-001
 3.2635617e-001
 3.2632837e-001
 3.2630521e-001
 3.2629213e-001
 3.2629400e-001
 3.2631397e-001
 3.2635263e-001
 3.2640746e-001
 3.2647336e-001
 3.2654315e-001
 3.2660869e-001
 3.2666209e-001
 3.2669652e-001
 3.2670701e-001
 3.2669073e-001
 3.2664707e-001
 3.2657716e-001
 3.2648379e-001
 3.2637075e-001
 3.2624266e-001
 3.2610464e-001
 3.2596204e-001
 3.2582039e-001
 3.2568499e-001
 3.2556093e-001
 3.2545272e-001
 3.2536399e-001
 3.2529733e-001
 3.2525381e-001
 3.2523319e-001
 3.2523343e-001
 3.2525104e-001
 3.2528123e-001
 3.2531828e-001
 3.2535607e-001
 3.2538870e-001
 3.2541099e-001
 3.2541928e-001
 3.2541159e-001
 3.2538804e-001
 3.2535085e-001
 3.2530385e-001
 3.2525226e-001
 3.2520181e-001
 3.2515806e-001
 3.2512566e-001
 3.2510778e-001
 3.2510573e-001
 3.2511887e-001
 3.2514474e-001
 3.2517946e-001
 3.2521814e-001
 3.2525548e-001
 3.2528633e-001
 3.2530621e-001
 3.2531187e-001
 3.2530156e-001
 3.2527536e-001
 3.2523519e-001
 3.2518461e-001
 3.2512861e-001
 3.2507265e-001
 3.2502210e-001
 3.2498112e-001
 3.2495186e-001
 3.2493371e-001
 3.2492310e-001
 3.2491365e-001
 3.2489681e-001
 3.2486308e-001
 3.2480353e-001
 3.2471135e-001
 3.2458335e-001
 3.2442111e-001
 3.2423118e-001
 3.2402498e-001
 3.2381740e-001
 3.2362503e-001
 3.2346401e-001
 3.2334745e-001
 3.2328391e-001
 3.2327592e-001
 3.2331979e-001
 3.2340628e-001
 3.2352197e-001
 3.2365131e-001
 3.2377863e-001
 3.2389012e-001
 3.2397527e-001
 3.2402787e-001
 3.2404652e-001
 3.2403433e-001
 3.2399851e-001
 3.2394928e-001
 3.2389870e-001
 3.2385910e-001
 3.2384139e-001
 3.2385355e-001
 3.2389924e-001
 3.2397705e-001
 3.2408044e-001
 3.2419866e-001
 3.2431838e-001
 3.2442573e-001
 3.2450867e-001
 3.2455879e-001
 3.2457256e-001
 3.2455128e-001
 3.2450041e-001
 3.2442808e-001
 3.2434332e-001
 3.2425457e-001
 3.2416874e-001
 3.2409078e-001
 3.2402396e-001
 3.2397062e-001
 3.2393256e-001
 3.2391161e-001
 3.2390961e-001
 3.2392800e-001
 3.2396728e-001
 3.2402650e-001
 3.2410297e-001
 3.2419220e-001
 3.2428840e-001
 3.2438502e-001
 3.2447562e-001
 3.2455450e-001
 3.2461727e-001
 3.2466123e-001
 3.2468519e-001
 3.2468957e-001
 3.2467583e-001
 3.2464626e-001
 3.2460335e-001
 3.2454947e-001
 3.2448643e-001
 3.2441530e-001
 3.2433617e-001
 3.2424855e-001
 3.2415161e-001
 3.2404485e-001
 3.2392892e-001
 3.2380614e-001
 3.2368082e-001
 3.2355922e-001
 3.2344845e-001
 3.2335550e-001
 3.2328567e-001
 3.2324138e-001
 3.2322142e-001
 3.2322115e-001
 3.2323363e-001
 3.2325137e-001
 3.2326818e-001
 3.2328078e-001
 3.2328957e-001
 3.2329813e-001
 3.2331207e-001
 3.2333684e-001
 3.2337609e-001
 3.2343012e-001
 3.2349569e-001
 3.2356665e-001
 3.2363573e-001
 3.2369617e-001
 3.2374364e-001
 3.2377702e-001
 3.2379857e-001
 3.2381314e-001
 3.2382667e-001
 3.2384482e-001
 3.2387158e-001
 3.2390869e-001
 3.2395533e-001
 3.2400864e-001
 3.2406446e-001
 3.2411811e-001
 3.2416511e-001
 3.2420182e-001
 3.2422569e-001
 3.2423535e-001
 3.2423055e-001
 3.2421222e-001
 3.2418230e-001
 3.2414347e-001
 3.2409918e-001
 3.2405323e-001
 3.2400945e-001
 3.2397139e-001
 3.2394201e-001
 3.2392326e-001
 3.2391599e-001
 3.2391995e-001
 3.2393393e-001
 3.2395604e-001
 3.2398418e-001
 3.2401636e-001
 3.2405117e-001
 3.2408786e-001
 3.2412645e-001
 3.2416758e-001
 3.2421213e-001
 3.2426092e-001
 3.2431445e-001
 3.2437250e-001
 3.2443437e-001
 3.2449898e-001
 3.2456502e-001
 3.2463142e-001
 3.2469729e-001
 3.2476181e-001
 3.2482406e-001
 3.2488236e-001
 3.2493415e-001
 3.2497597e-001
 3.2500380e-001
 3.2501405e-001
 3.2500467e-001
 3.2497609e-001
 3.2493210e-001
 3.2487974e-001
 3.2482851e-001
 3.2478875e-001
 3.2477006e-001
 3.2477912e-001
 3.2481867e-001
 3.2488686e-001
 3.2497790e-001
 3.2508323e-001
 3.2519323e-001
 3.2529923e-001
 3.2539487e-001
 3.2547694e-001
 3.2554555e-001
 3.2560349e-001
 3.2565519e-001
 3.2570547e-001
 3.2575828e-001
 3.2581607e-001
 3.2587919e-001
 3.2594633e-001
 3.2601511e-001
 3.2608283e-001
 3.2614732e-001
 3.2620758e-001
 3.2626370e-001
 3.2631660e-001
 3.2636723e-001
 3.2641584e-001
 3.2646123e-001
 3.2650051e-001
 3.2652959e-001
 3.2654396e-001
 3.2653975e-001
 3.2651511e-001
 3.2647076e-001
 3.2641038e-001
 3.2634020e-001
 3.2626796e-001
 3.2620171e-001
 3.2614866e-001
 3.2611400e-001
 3.2610065e-001
 3.2610923e-001
 3.2613871e-001
 3.2618710e-001
 3.2625258e-001
 3.2633388e-001
 3.2643074e-001
 3.2654342e-001
 3.2667214e-001
 3.2681587e-001
 3.2697138e-001
 3.2713243e-001
 3.2728976e-001
 3.2743174e-001
 3.2754588e-001
 3.2762089e-001
 3.2764879e-001
 3.2762653e-001
 3.2755700e-001
 3.2744882e-001
 3.2731491e-001
 3.2717055e-001
 3.2703063e-001
 3.2690725e-001
 3.2680792e-001
 3.2673436e-001
 3.2668263e-001
 3.2664356e-001
 3.2660446e-001
 3.2655051e-001
 3.2646665e-001
 3.2633910e-001
 3.2615665e-001
 3.2591164e-001
 3.2560068e-001
 3.2522523e-001
 3.2479167e-001
 3.2431152e-001
 3.2380122e-001
 3.2328165e-001
 3.2277742e-001
 3.2231531e-001
 3.2192269e-001
 3.2162538e-001
 3.2144493e-001
 3.2139671e-001
 3.2148758e-001
 3.2171509e-001
 3.2206708e-001
 3.2252309e-001
 3.2305601e-001
 3.2363558e-001
 3.2423115e-001
 3.2481506e-001
 3.2536539e-001
 3.2586706e-001
 3.2631272e-001
 3.2670167e-001
 3.2703832e-001
 3.2733002e-001
 3.2758433e-001
 3.2780722e-001
 3.2800135e-001
 3.2816589e-001
 3.2829696e-001
 3.2838902e-001
 3.2843676e-001
 3.2843688e-001
 3.2838956e-001
 3.2829925e-001
 3.2817456e-001
 3.2802740e-001
 3.2787165e-001
 3.2772177e-001
 3.2759145e-001
 3.2749242e-001
 3.2743388e-001
 3.2742202e-001
 3.2745996e-001
 3.2754758e-001
 3.2768160e-001
 3.2785562e-001
 3.2806045e-001
 3.2828432e-001
 3.2851395e-001
 3.2873514e-001
 3.2893413e-001
 3.2909885e-001
 3.2921970e-001
 3.2929072e-001
 3.2930958e-001
 3.2927802e-001
 3.2920119e-001
 3.2908726e-001
 3.2894653e-001
 3.2879058e-001
 3.2863155e-001
 3.2848126e-001
 3.2835060e-001
 3.2824895e-001
 3.2818362e-001
 3.2815942e-001
 3.2817823e-001
 3.2823879e-001
 3.2833648e-001
 3.2846338e-001
 3.2860881e-001
 3.2875994e-001
 3.2890299e-001
 3.2902452e-001
 3.2911292e-001
 3.2915971e-001
 3.2916051e-001
 3.2911545e-001
 3.2902887e-001
 3.2890883e-001
 3.2876566e-001
 3.2861093e-001
 3.2845598e-001
 3.2831103e-001
 3.2818446e-001
 3.2808238e-001
 3.2800853e-001
 3.2796416e-001
 3.2794803e-001
 3.2795665e-001
 3.2798427e-001
 3.2802361e-001
 3.2806644e-001
 3.2810470e-001
 3.2813162e-001
 3.2814246e-001
 3.2813525e-001
 3.2811049e-001
 3.2807055e-001
 3.2801843e-001
 3.2795674e-001
 3.2788655e-001
 3.2780719e-001
 3.2771674e-001
 3.2761303e-001
 3.2749504e-001
 3.2736427e-001
 3.2722503e-001
 3.2708451e-001
 3.2695162e-001
 3.2683527e-001
 3.2674286e-001
 3.2667869e-001
 3.2664353e-001
 3.2663459e-001
 3.2664639e-001
 3.2667190e-001
 3.2670355e-001
 3.2673395e-001
 3.2675624e-001
 3.2676411e-001
 3.2675153e-001
 3.2671300e-001
 3.2664385e-001
 3.2654116e-001
 3.2640469e-001
 3.2623786e-001
 3.2604814e-001
 3.2584685e-001
 3.2564807e-001
 3.2546711e-001
 3.2531849e-001
 3.2521421e-001
 3.2516205e-001
 3.2516441e-001
 3.2521796e-001
 3.2531369e-001
 3.2543784e-001
 3.2557389e-001
 3.2570419e-001
 3.2581171e-001
 3.2588115e-001
 3.2589960e-001
 3.2585737e-001
 3.2574946e-001
 3.2557639e-001
 3.2534507e-001
 3.2506862e-001
 3.2476524e-001
 3.2445601e-001
 3.2416201e-001
 3.2390130e-001
 3.2368571e-001
 3.2351923e-001
 3.2339871e-001
 3.2331556e-001
 3.2325849e-001
 3.2321596e-001
 3.2317811e-001
 3.2313782e-001
 3.2309088e-001
 3.2303566e-001
 3.2297218e-001
 3.2290068e-001
 3.2282087e-001
 3.2273138e-001
 3.2262972e-001
 3.2251331e-001
 3.2238051e-001
 3.2223195e-001
 3.2207128e-001
 3.2190540e-001
 3.2174352e-001
 3.2159585e-001
 3.2147220e-001
 3.2138041e-001
 3.2132533e-001
 3.2130820e-001
 3.2132596e-001
 3.2137114e-001
 3.2143244e-001
 3.2149565e-001
 3.2154530e-001
 3.2156616e-001
 3.2154498e-001
 3.2147169e-001
 3.2134044e-001
 3.2115000e-001
 3.2090414e-001
 3.2061118e-001
 3.2028314e-001
 3.1993422e-001
 3.1957972e-001
 3.1923467e-001
 3.1891251e-001
 3.1862450e-001
 3.1837904e-001
 3.1818151e-001
 3.1803399e-001
 3.1793529e-001
 3.1788132e-001
 3.1786534e-001
 3.1787869e-001
 3.1791115e-001
 3.1795174e-001
 3.1798944e-001
 3.1801391e-001
 3.1801614e-001
 3.1798917e-001
 3.1792840e-001
 3.1783178e-001
 3.1769994e-001
 3.1753558e-001
 3.1734329e-001
 3.1712863e-001
 3.1689757e-001
 3.1665602e-001
 3.1640911e-001
 3.1616113e-001
 3.1591541e-001
 3.1567439e-001
 3.1543991e-001
 3.1521326e-001
 3.1499562e-001
 3.1478801e-001
 3.1459159e-001
 3.1440747e-001
 3.1423664e-001
 3.1407991e-001
 3.1393766e-001
 3.1380972e-001
 3.1369531e-001
 3.1359282e-001
 3.1350005e-001
 3.1341410e-001
 3.1333151e-001
 3.1324852e-001
 3.1316105e-001
 3.1306517e-001
 3.1295717e-001
 3.1283385e-001
 3.1269291e-001
 3.1253317e-001
 3.1235474e-001
 3.1215927e-001
 3.1194961e-001
 3.1172991e-001
 3.1150496e-001
 3.1127971e-001
 3.1105888e-001
 3.1084594e-001
 3.1064329e-001
 3.1045154e-001
 3.1027004e-001
 3.1009704e-001
 3.0993024e-001
 3.0976760e-001
 3.0960798e-001
 3.0945149e-001
 3.0929983e-001
 3.0915609e-001
 3.0902416e-001
 3.0890810e-001
 3.0881110e-001
 3.0873463e-001
 3.0867785e-001
 3.0863714e-001
 3.0860627e-001
 3.0857667e-001
 3.0853847e-001
 3.0848140e-001
 3.0839595e-001
 3.0827451e-001
 3.0811208e-001
 3.0790663e-001
 3.0765900e-001
 3.0737254e-001
 3.0705252e-001
 3.0670562e-001
 3.0633941e-001
 3.0596167e-001
 3.0558041e-001
 3.0520335e-001
 3.0483747e-001
 3.0448893e-001
 3.0416262e-001
 3.0386183e-001
 3.0358821e-001
 3.0334157e-001
 3.0311999e-001
 3.0292004e-001
 3.0273694e-001
 3.0256498e-001
 3.0239779e-001
 3.0222881e-001
 3.0205175e-001
 3.0186087e-001
 3.0165163e-001
 3.0142093e-001
 3.0116776e-001
 3.0089369e-001
 3.0060294e-001
 3.0030280e-001
 3.0000302e-001
 2.9971579e-001
 2.9945445e-001
 2.9923239e-001
 2.9906157e-001
 2.9895106e-001
 2.9890567e-001
 2.9892510e-001
 2.9900375e-001
 2.9913118e-001
 2.9929316e-001
 2.9947335e-001
 2.9965490e-001
 2.9982263e-001
 2.9996422e-001
 3.0007136e-001
 3.0014020e-001
 3.0017102e-001
 3.0016744e-001
 3.0013496e-001
 3.0007964e-001
 3.0000624e-001
 2.9991731e-001
 2.9981199e-001
 2.9968622e-001
 2.9953316e-001
 2.9934439e-001
 2.9911187e-001
 2.9882997e-001
 2.9849753e-001
 2.9811975e-001
 2.9770881e-001
 2.9728413e-001
 2.9687089e-001
 2.9649743e-001
 2.9619202e-001
 2.9597867e-001
 2.9587319e-001
 2.9588002e-001
 2.9598996e-001
 2.9617998e-001
 2.9641500e-001
 2.9665130e-001
 2.9684162e-001
 2.9694110e-001
 2.9691318e-001
 2.9673439e-001
 2.9639789e-001
 2.9591471e-001
 2.9531217e-001
 2.9463100e-001
 2.9391986e-001
 2.9322973e-001
 2.9260802e-001
 2.9209298e-001
 2.9171079e-001
 2.9147330e-001
 2.9137844e-001
 2.9141217e-001
 2.9155174e-001
 2.9176956e-001
 2.9203704e-001
 2.9232803e-001
 2.9262111e-001
 2.9290119e-001
 2.9315931e-001
 2.9339191e-001
 2.9359949e-001
 2.9378438e-001
 2.9394904e-001
 2.9409423e-001
 2.9421803e-001
 2.9431534e-001
 2.9437816e-001
 2.9439676e-001
 2.9436085e-001
 2.9426166e-001
 2.9409364e-001
 2.9385608e-001
 2.9355404e-001
 2.9319862e-001
 2.9280642e-001
 2.9239789e-001
 2.9199573e-001
 2.9162246e-001
 2.9129797e-001
 2.9103801e-001
 2.9085240e-001
 2.9074481e-001
 2.9071248e-001
 2.9074684e-001
 2.9083490e-001
 2.9096082e-001
 2.9110733e-001
 2.9125726e-001
 2.9139498e-001
 2.9150701e-001
 2.9158264e-001
 2.9161382e-001
 2.9159501e-001
 2.9152310e-001
 2.9139715e-001
 2.9121822e-001
 2.9098901e-001
 2.9071376e-001
 2.9039839e-001
 2.9005060e-001
 2.8967947e-001
 2.8929487e-001
 2.8890732e-001
 2.8852704e-001
 2.8816345e-001
 2.8782460e-001
 2.8751659e-001
 2.8724393e-001
 2.8696021e-001
 2.8676534e-001
 2.8661135e-001
 2.8649777e-001
 2.8642288e-001
 2.8638300e-001
 2.8637233e-001
 2.8638309e-001
 2.8640625e-001
 2.8643203e-001
 2.8645065e-001
 2.8645253e-001
 2.8642899e-001
 2.8637275e-001
 2.8627905e-001
 2.8614593e-001
 2.8597435e-001
 2.8576830e-001
 2.8553361e-001
 2.8527755e-001
 2.8500807e-001
 2.8473315e-001
 2.8446087e-001
 2.8419861e-001
 2.8395307e-001
 2.8372976e-001
 2.8353277e-001
 2.8336507e-001
 2.8322864e-001
 2.8312495e-001
 2.8305516e-001
 2.8302014e-001
 2.8302017e-001
 2.8305456e-001
 2.8312093e-001
 2.8321463e-001
 2.8332856e-001
 2.8345329e-001
 2.8357774e-001
 2.8368995e-001
 2.8377748e-001
 2.8382820e-001
 2.8383091e-001
 2.8377652e-001
 2.8365958e-001
 2.8347939e-001
 2.8324059e-001
 2.8295270e-001
 2.8262883e-001
 2.8228411e-001
 2.8193468e-001
 2.8159666e-001
 2.8128541e-001
 2.8101450e-001
 2.8079423e-001
 2.8063080e-001
 2.8052557e-001
 2.8047574e-001
 2.8047535e-001
 2.8051654e-001
 2.8059059e-001
 2.8068843e-001
 2.8080112e-001
 2.8092006e-001
 2.8103730e-001
 2.8114581e-001
 2.8123960e-001
 2.8131351e-001
 2.8136310e-001
 2.8138435e-001
 2.8137344e-001
 2.8132689e-001
 2.8124163e-001
 2.8111553e-001
 2.8094792e-001
 2.8074020e-001
 2.8049603e-001
 2.8022099e-001
 2.7992237e-001
 2.7960810e-001
 2.7928662e-001
 2.7896643e-001
 2.7865541e-001
 2.7836066e-001
 2.7808750e-001
 2.7783909e-001
 2.7761623e-001
 2.7741730e-001
 2.7723923e-001
 2.7707791e-001
 2.7692872e-001
 2.7678710e-001
 2.7664858e-001
 2.7650931e-001
 2.7636644e-001
 2.7621832e-001
 2.7606484e-001
 2.7590716e-001
 2.7574736e-001
 2.7558821e-001
 2.7543259e-001
 2.7528355e-001
 2.7514392e-001
 2.7501619e-001
 2.7490225e-001
 2.7480313e-001
 2.7471897e-001
 2.7464902e-001
 2.7459195e-001
 2.7454606e-001
 2.7450946e-001
 2.7448022e-001
 2.7445644e-001
 2.7443635e-001
 2.7441838e-001
 2.7440125e-001
 2.7438390e-001
 2.7436566e-001
 2.7434596e-001
 2.7432448e-001
 2.7430081e-001
 2.7427474e-001
 2.7424610e-001
 2.7421486e-001
 2.7418143e-001
 2.7414644e-001
 2.7411118e-001
 2.7407718e-001
 2.7404639e-001
 2.7402085e-001
 2.7400270e-001
 2.7399397e-001
 2.7399638e-001
 2.7401102e-001
 2.7403787e-001
 2.7407551e-001
 2.7412084e-001
 2.7416936e-001
 2.7421546e-001
 2.7425292e-001
 2.7427530e-001
 2.7427623e-001
 2.7424994e-001
 2.7419195e-001
 2.7409980e-001
 2.7397394e-001
 2.7381784e-001
 2.7363798e-001
 2.7344275e-001
 2.7324185e-001
 2.7304554e-001
 2.7286401e-001
 2.7270681e-001
 2.7258202e-001
 2.7249545e-001
 2.7244952e-001
 2.7244312e-001
 2.7247182e-001
 2.7252883e-001
 2.7260596e-001
 2.7269429e-001
 2.7278495e-001
 2.7286962e-001
 2.7294117e-001
 2.7299464e-001
 2.7302787e-001
 2.7304193e-001
 2.7304080e-001
 2.7303052e-001
 2.7301839e-001
 2.7301225e-001
 2.7301988e-001
 2.7304840e-001
 2.7310342e-001
 2.7318799e-001
 2.7330175e-001
 2.7344045e-001
 2.7359650e-001
 2.7375960e-001
 2.7391821e-001
 2.7405989e-001
 2.7417257e-001
 2.7424499e-001
 2.7426803e-001
 2.7423620e-001
 2.7414885e-001
 2.7401063e-001
 2.7383113e-001
 2.7362344e-001
 2.7340278e-001
 2.7318528e-001
 2.7298701e-001
 2.7282283e-001
 2.7270517e-001
 2.7264211e-001
 2.7263606e-001
 2.7268293e-001
 2.7277297e-001
 2.7289209e-001
 2.7302366e-001
 2.7315006e-001
 2.7325356e-001
 2.7331758e-001
 2.7332795e-001
 2.7327475e-001
 2.7315381e-001
 2.7296722e-001
 2.7272278e-001
 2.7243242e-001
 2.7211079e-001
 2.7177352e-001
 2.7143639e-001
 2.7111486e-001
 2.7082276e-001
 2.7057147e-001
 2.7036929e-001
 2.7022061e-001
 2.7012655e-001
 2.7008590e-001
 2.7009588e-001
 2.7015296e-001
 2.7025327e-001
 2.7039257e-001
 2.7056620e-001
 2.7076873e-001
 2.7099362e-001
 2.7123329e-001
 2.7147919e-001
 2.7172181e-001
 2.7195138e-001
 2.7215803e-001
 2.7233204e-001
 2.7246442e-001
 2.7254799e-001
 2.7257812e-001
 2.7255392e-001
 2.7247858e-001
 2.7235892e-001
 2.7220461e-001
 2.7202678e-001
 2.7183741e-001
 2.7164853e-001
 2.7147192e-001
 2.7131832e-001
 2.7119693e-001
 2.7111483e-001
 2.7107671e-001
 2.7108508e-001
 2.7114090e-001
 2.7124414e-001
 2.7139419e-001
 2.7158993e-001
 2.7182955e-001
 2.7210966e-001
 2.7242461e-001
 2.7276510e-001
 2.7311847e-001
 2.7346873e-001
 2.7379724e-001
 2.7408421e-001
 2.7430931e-001
 2.7445263e-001
 2.7449638e-001
 2.7442688e-001
 2.7423725e-001
 2.7393016e-001
 2.7351862e-001
 2.7302486e-001
 2.7247840e-001
 2.7191249e-001
 2.7136210e-001
 2.7086234e-001
 2.7044559e-001
 2.7013925e-001
 2.6996186e-001
 2.6992029e-001
 2.7000815e-001
 2.7020726e-001
 2.7049062e-001
 2.7082607e-001
 2.7117938e-001
 2.7151576e-001
 2.7180278e-001
 2.7201247e-001
 2.7212450e-001
 2.7212915e-001
 2.7202836e-001
 2.7183443e-001
 2.7156767e-001
 2.7125281e-001
 2.7091658e-001
 2.7058628e-001
 2.7028760e-001
 2.7004299e-001
 2.6986951e-001
 2.6977655e-001
 2.6976523e-001
 2.6982906e-001
 2.6995605e-001
 2.7013093e-001
 2.7033690e-001
 2.7055669e-001
 2.7077389e-001
 2.7097383e-001
 2.7114457e-001
 2.7127844e-001
 2.7137214e-001
 2.7142638e-001
 2.7144480e-001
 2.7143294e-001
 2.7139702e-001
 2.7134362e-001
 2.7127904e-001
 2.7120888e-001
 2.7113774e-001
 2.7106866e-001
 2.7100289e-001
 2.7094030e-001
 2.7087963e-001
 2.7081883e-001
 2.7075565e-001
 2.7068791e-001
 2.7061364e-001
 2.7053162e-001
 2.7044192e-001
 2.7034616e-001
 2.7024785e-001
 2.7015212e-001
 2.7006531e-001
 2.6999450e-001
 2.6994696e-001
 2.6992989e-001
 2.6994964e-001
 2.7001107e-001
 2.7011621e-001
 2.7026364e-001
 2.7044785e-001
 2.7065963e-001
 2.7088723e-001
 2.7111730e-001
 2.7133575e-001
 2.7152866e-001
 2.7168310e-001
 2.7178827e-001
 2.7183688e-001
 2.7182660e-001
 2.7176040e-001
 2.7164626e-001
 2.7149561e-001
 2.7132201e-001
 2.7114016e-001
 2.7096456e-001
 2.7080902e-001
 2.7068558e-001
 2.7060300e-001
 2.7056590e-001
 2.7057412e-001
 2.7062324e-001
 2.7070573e-001
 2.7081221e-001
 2.7093235e-001
 2.7105567e-001
 2.7117202e-001
 2.7127194e-001
 2.7134752e-001
 2.7139279e-001
 2.7140385e-001
 2.7137873e-001
 2.7131695e-001
 2.7121878e-001
 2.7108517e-001
 2.7091727e-001
 2.7071670e-001
 2.7048618e-001
 2.7022976e-001
 2.6995352e-001
 2.6966608e-001
 2.6937783e-001
 2.6910070e-001
 2.6884747e-001
 2.6863134e-001
 2.6846495e-001
 2.6835957e-001
 2.6832363e-001
 2.6836056e-001
 2.6846725e-001
 2.6863316e-001
 2.6884124e-001
 2.6906952e-001
 2.6929319e-001
 2.6948619e-001
 2.6962292e-001
 2.6967984e-001
 2.6963797e-001
 2.6948607e-001
 2.6922336e-001
 2.6886076e-001
 2.6841953e-001
 2.6792866e-001
 2.6742160e-001
 2.6693404e-001
 2.6650107e-001
 2.6615542e-001
 2.6592419e-001
 2.6582479e-001
 2.6586169e-001
 2.6602492e-001
 2.6629159e-001
 2.6662931e-001
 2.6699972e-001
 2.6736236e-001
 2.6767671e-001
 2.6790503e-001
 2.6801550e-001
 2.6798680e-001
 2.6781148e-001
 2.6749778e-001
 2.6706776e-001
 2.6655376e-001
 2.6599458e-001
 2.6543128e-001
 2.6490515e-001
 2.6445487e-001
 2.6411355e-001
 2.6390409e-001
 2.6383621e-001
 2.6390466e-001
 2.6409087e-001
 2.6436639e-001
 2.6469681e-001
 2.6504523e-001
 2.6537457e-001
 2.6564968e-001
 2.6584038e-001
 2.6592487e-001
 2.6589242e-001
 2.6574486e-001
 2.6549521e-001
 2.6516470e-001
 2.6477975e-001
 2.6436880e-001
 2.6396066e-001
 2.6358324e-001
 2.6326123e-001
 2.6301441e-001
 2.6285571e-001
 2.6279062e-001
 2.6281759e-001
 2.6293027e-001
 2.6311910e-001
 2.6337308e-001
 2.6368079e-001
 2.6403028e-001
 2.6440987e-001
 2.6480800e-001
 2.6521280e-001
 2.6561284e-001
 2.6599666e-001
 2.6635298e-001
 2.6667026e-001
 2.6693746e-001
 2.6714379e-001
 2.6727927e-001
 2.6733601e-001
 2.6730910e-001
 2.6719803e-001
 2.6700687e-001
 2.6674405e-001
 2.6642096e-001
 2.6605120e-001
 2.6564887e-001
 2.6522830e-001
 2.6480368e-001
 2.6438779e-001
 2.6399156e-001
 2.6362377e-001
 2.6329011e-001
 2.6299378e-001
 2.6273635e-001
 2.6251805e-001
 2.6233864e-001
 2.6219741e-001
 2.6209339e-001
 2.6202485e-001
 2.6198885e-001
 2.6198104e-001
 2.6199529e-001
 2.6202393e-001
 2.6205823e-001
 2.6208872e-001
 2.6210570e-001
 2.6209965e-001
 2.6206157e-001
 2.6198375e-001
 2.6186055e-001
 2.6168934e-001
 2.6147053e-001
 2.6120743e-001
 2.6090568e-001
 2.6057193e-001
 2.6021352e-001
 2.5983822e-001
 2.5945359e-001
 2.5906721e-001
 2.5868642e-001
 2.5831863e-001
 2.5797078e-001
 2.5764954e-001
 2.5736168e-001
 2.5711367e-001
 2.5691187e-001
 2.5676253e-001
 2.5667128e-001
 2.5664267e-001
 2.5667956e-001
 2.5678241e-001
 2.5694901e-001
 2.5717485e-001
 2.5745344e-001
 2.5777745e-001
 2.5813907e-001
 2.5852996e-001
 2.5894195e-001
 2.5936672e-001
 2.5979590e-001
 2.6022074e-001
 2.6063249e-001
 2.6102236e-001
 2.6138109e-001
 2.6169974e-001
 2.6196936e-001
 2.6218125e-001
 2.6232788e-001
 2.6240379e-001
 2.6240683e-001
 2.6233962e-001
 2.6220992e-001
 2.6203004e-001
 2.6181594e-001
 2.6158535e-001
 2.6135686e-001
 2.6114917e-001
 2.6097971e-001
 2.6086351e-001
 2.6081172e-001
 2.6082984e-001
 2.6091751e-001
 2.6106882e-001
 2.6127374e-001
 2.6151979e-001
 2.6179338e-001
 2.6208052e-001
 2.6236784e-001
 2.6264331e-001
 2.6289696e-001
 2.6312217e-001
 2.6331583e-001
 2.6347774e-001
 2.6361009e-001
 2.6371625e-001
 2.6380023e-001
 2.6386598e-001
 2.6391739e-001
 2.6395771e-001
 2.6398930e-001
 2.6401341e-001
 2.6402995e-001
 2.6403761e-001
 2.6403415e-001
 2.6401672e-001
 2.6398224e-001
 2.6392752e-001
 2.6384950e-001
 2.6374513e-001
 2.6361176e-001
 2.6345357e-001
 2.6330209e-001
 2.6308087e-001
 2.6284802e-001
 2.6261294e-001
 2.6238501e-001
 2.6217350e-001
 2.6198792e-001
 2.6183763e-001
 2.6173198e-001
 2.6168033e-001
 2.6169103e-001
 2.6176214e-001
 2.6188627e-001
 2.6205596e-001
 2.6226377e-001
 2.6250210e-001
 2.6276359e-001
 2.6304072e-001
 2.6332605e-001
 2.6361206e-001
 2.6389128e-001
 2.6415625e-001
 2.6439956e-001
 2.6461360e-001
 2.6479164e-001
 2.6493320e-001
 2.6504114e-001
 2.6511827e-001
 2.6516753e-001
 2.6519182e-001
 2.6519394e-001
 2.6517683e-001
 2.6514339e-001
 2.6509646e-001
 2.6503894e-001
 2.6497373e-001
 2.6490369e-001
 2.6483172e-001
 2.6476070e-001
 2.6469350e-001
 2.6463297e-001
 2.6458207e-001
 2.6454335e-001
 2.6451701e-001
 2.6450184e-001
 2.6449668e-001
 2.6450035e-001
 2.6451176e-001
 2.6452968e-001
 2.6455298e-001
 2.6458046e-001
 2.6461098e-001
 2.6464340e-001
 2.6467654e-001
 2.6470917e-001
 2.6474023e-001
 2.6476848e-001
 2.6479283e-001
 2.6481202e-001
 2.6482496e-001
 2.6483044e-001
 2.6482737e-001
 2.6481450e-001
 2.6479068e-001
 2.6475495e-001
 2.6470742e-001
 2.6464888e-001
 2.6458016e-001
 2.6450202e-001
 2.6441529e-001
 2.6432064e-001
 2.6421902e-001
 2.6411113e-001
 2.6399776e-001
 2.6387969e-001
 2.6375777e-001
 2.6363274e-001
 2.6350540e-001
 2.6337653e-001
 2.6324695e-001
 2.6311746e-001
 2.6298878e-001
 2.6286176e-001
 2.6273713e-001
 2.6261577e-001
 2.6249838e-001
 2.6238585e-001
 2.6227885e-001
 2.6217827e-001
 2.6208484e-001
 2.6199931e-001
 2.6192167e-001
 2.6185176e-001
 2.6178923e-001
 2.6173386e-001
 2.6168534e-001
 2.6164341e-001
 2.6160783e-001
 2.6157829e-001
 2.6155454e-001
 2.6153636e-001
 2.6152343e-001
 2.6151550e-001
 2.6151228e-001
 2.6151353e-001
 2.6151896e-001
 2.6152834e-001
 2.6154137e-001
 2.6155773e-001
 2.6157728e-001
 2.6159966e-001
 2.6162457e-001
 2.6165187e-001
 2.6168120e-001
 2.6171228e-001
 2.6174492e-001
 2.6177877e-001
 2.6181364e-001
 2.6184919e-001
 2.6188517e-001
 2.6192135e-001
 2.6195756e-001
 2.6199362e-001
 2.6202944e-001
