s07_ASD Record=4595: Goethite WS222 Medium Gr.     BECKa AREF
 1.4626191e-002
 1.4598926e-002
 1.4587884e-002
 1.4613641e-002
 1.4686654e-002
 1.4801300e-002
 1.4939148e-002
 1.5077728e-002
 1.5199304e-002
 1.5296166e-002
 1.5371043e-002
 1.5434236e-002
 1.5500094e-002
 1.5584289e-002
 1.5700081e-002
 1.5853357e-002
 1.6039038e-002
 1.6241189e-002
 1.6435418e-002
 1.6593618e-002
 1.6691547e-002
 1.6718091e-002
 1.6681675e-002
 1.6608950e-002
 1.6536396e-002
 1.6497949e-002
 1.6509511e-002
 1.6560743e-002
 1.6627222e-002
 1.6691566e-002
 1.6752586e-002
 1.6820082e-002
 1.6905295e-002
 1.7015414e-002
 1.7148327e-002
 1.7290598e-002
 1.7423684e-002
 1.7529815e-002
 1.7594922e-002
 1.7610153e-002
 1.7573236e-002
 1.7490266e-002
 1.7376788e-002
 1.7256020e-002
 1.7153937e-002
 1.7092744e-002
 1.7085398e-002
 1.7133221e-002
 1.7227797e-002
 1.7357001e-002
 1.7512770e-002
 1.7695865e-002
 1.7913425e-002
 1.8169478e-002
 1.8455615e-002
 1.8749034e-002
 1.9020787e-002
 1.9252941e-002
 1.9445520e-002
 1.9613478e-002
 1.9787611e-002
 1.9976582e-002
 2.0172581e-002
 2.0362515e-002
 2.0515783e-002
 2.0606192e-002
 2.0635657e-002
 2.0624485e-002
 2.0600084e-002
 2.0591186e-002
 2.0620776e-002
 2.0705007e-002
 2.0858863e-002
 2.1098904e-002
 2.1436008e-002
 2.1859908e-002
 2.2327339e-002
 2.2767900e-002
 2.3110898e-002
 2.3320492e-002
 2.3418300e-002
 2.3478439e-002
 2.3596369e-002
 2.3847919e-002
 2.4259720e-002
 2.4804503e-002
 2.5421260e-002
 2.6048118e-002
 2.6649360e-002
 2.7223220e-002
 2.7787987e-002
 2.8358283e-002
 2.8927898e-002
 2.9469987e-002
 2.9950557e-002
 3.0343561e-002
 3.0639486e-002
 3.0845616e-002
 3.0983014e-002
 3.1083386e-002
 3.1184413e-002
 3.1318508e-002
 3.1498637e-002
 3.1710602e-002
 3.1918671e-002
 3.2088462e-002
 3.2212172e-002
 3.2310892e-002
 3.2411043e-002
 3.2517426e-002
 3.2611042e-002
 3.2675073e-002
 3.2722358e-002
 3.2795317e-002
 3.2936305e-002
 3.3153184e-002
 3.3407267e-002
 3.3631783e-002
 3.3767611e-002
 3.3794828e-002
 3.3742905e-002
 3.3674754e-002
 3.3653043e-002
 3.3708226e-002
 3.3829272e-002
 3.3983719e-002
 3.4148559e-002
 3.4321509e-002
 3.4503050e-002
 3.4675300e-002
 3.4810711e-002
 3.4907624e-002
 3.5013743e-002
 3.5207435e-002
 3.5547491e-002
 3.6029834e-002
 3.6582947e-002
 3.7107576e-002
 3.7537251e-002
 3.7879795e-002
 3.8208749e-002
 3.8608536e-002
 3.9113831e-002
 3.9687235e-002
 4.0249314e-002
 4.0736463e-002
 4.1147575e-002
 4.1552354e-002
 4.2055834e-002
 4.2735003e-002
 4.3581575e-002
 4.4493519e-002
 4.5332149e-002
 4.6011113e-002
 4.6552703e-002
 4.7072869e-002
 4.7709819e-002
 4.8546761e-002
 4.9572639e-002
 5.0699338e-002
 5.1821973e-002
 5.2886479e-002
 5.3919148e-002
 5.4994151e-002
 5.6164730e-002
 5.7417534e-002
 5.8688611e-002
 5.9914097e-002
 6.1062995e-002
 6.2141486e-002
 6.3189611e-002
 6.4273290e-002
 6.5456681e-002
 6.6773146e-002
 6.8224296e-002
 6.9794238e-002
 7.1442932e-002
 7.3095806e-002
 7.4682206e-002
 7.6207168e-002
 7.7773020e-002
 7.9503059e-002
 8.1431635e-002
 8.3476029e-002
 8.5521750e-002
 8.7527685e-002
 8.9534394e-002
 9.1582559e-002
 9.3651190e-002
 9.5688619e-002
 9.7688153e-002
 9.9709958e-002
 1.0181774e-001
 1.0399767e-001
 1.0616119e-001
 1.0824568e-001
 1.1031416e-001
 1.1252777e-001
 1.1499295e-001
 1.1764254e-001
 1.2029402e-001
 1.2282002e-001
 1.2523133e-001
 1.2760846e-001
 1.2999651e-001
 1.3237800e-001
 1.3471876e-001
 1.3700761e-001
 1.3925560e-001
 1.4148699e-001
 1.4375316e-001
 1.4612420e-001
 1.4862257e-001
 1.5117131e-001
 1.5364441e-001
 1.5595633e-001
 1.5806352e-001
 1.5992020e-001
 1.6151439e-001
 1.6294469e-001
 1.6439751e-001
 1.6604319e-001
 1.6798721e-001
 1.7026241e-001
 1.7276874e-001
 1.7523877e-001
 1.7738041e-001
 1.7909257e-001
 1.8049975e-001
 1.8179114e-001
 1.8306266e-001
 1.8425652e-001
 1.8518312e-001
 1.8569797e-001
 1.8600166e-001
 1.8665566e-001
 1.8805328e-001
 1.8992031e-001
 1.9159634e-001
 1.9275719e-001
 1.9359878e-001
 1.9437097e-001
 1.9502021e-001
 1.9533482e-001
 1.9527841e-001
 1.9511110e-001
 1.9521168e-001
 1.9578922e-001
 1.9672829e-001
 1.9770083e-001
 1.9845536e-001
 1.9896914e-001
 1.9934042e-001
 1.9964537e-001
 1.9992155e-001
 2.0017315e-001
 2.0038302e-001
 2.0060129e-001
 2.0090479e-001
 2.0118333e-001
 2.0118684e-001
 2.0087795e-001
 2.0054217e-001
 2.0049818e-001
 2.0081690e-001
 2.0130175e-001
 2.0163882e-001
 2.0161447e-001
 2.0130312e-001
 2.0098446e-001
 2.0082217e-001
 2.0077986e-001
 2.0082219e-001
 2.0092456e-001
 2.0096382e-001
 2.0088682e-001
 2.0087825e-001
 2.0110354e-001
 2.0137978e-001
 2.0138247e-001
 2.0110865e-001
 2.0088193e-001
 2.0093168e-001
 2.0116977e-001
 2.0137142e-001
 2.0139322e-001
 2.0123301e-001
 2.0101014e-001
 2.0092055e-001
 2.0113978e-001
 2.0165375e-001
 2.0217842e-001
 2.0241614e-001
 2.0244808e-001
 2.0264104e-001
 2.0308551e-001
 2.0343214e-001
 2.0339936e-001
 2.0313044e-001
 2.0292883e-001
 2.0291087e-001
 2.0303814e-001
 2.0331088e-001
 2.0379876e-001
 2.0449889e-001
 2.0521617e-001
 2.0566235e-001
 2.0571627e-001
 2.0553607e-001
 2.0540690e-001
 2.0555288e-001
 2.0606954e-001
 2.0689221e-001
 2.0778233e-001
 2.0846933e-001
 2.0889880e-001
 2.0924421e-001
 2.0964001e-001
 2.1002837e-001
 2.1027148e-001
 2.1034819e-001
 2.1036719e-001
 2.1044740e-001
 2.1065916e-001
 2.1104439e-001
 2.1163858e-001
 2.1245982e-001
 2.1347219e-001
 2.1456416e-001
 2.1558708e-001
 2.1644071e-001
 2.1713179e-001
 2.1774660e-001
 2.1836609e-001
 2.1900578e-001
 2.1963125e-001
 2.2022271e-001
 2.2082044e-001
 2.2150777e-001
 2.2235054e-001
 2.2335178e-001
 2.2445446e-001
 2.2557312e-001
 2.2662261e-001
 2.2754371e-001
 2.2833699e-001
 2.2907859e-001
 2.2987586e-001
 2.3077998e-001
 2.3173834e-001
 2.3265086e-001
 2.3349579e-001
 2.3438418e-001
 2.3539644e-001
 2.3635399e-001
 2.3705678e-001
 2.3759401e-001
 2.3834841e-001
 2.3969369e-001
 2.4153566e-001
 2.4326135e-001
 2.4439144e-001
 2.4508137e-001
 2.4572279e-001
 2.4642779e-001
 2.4719809e-001
 2.4820988e-001
 2.4958229e-001
 2.5109753e-001
 2.5240657e-001
 2.5337631e-001
 2.5413707e-001
 2.5492370e-001
 2.5591239e-001
 2.5713539e-001
 2.5849390e-001
 2.5982606e-001
 2.6099390e-001
 2.6198417e-001
 2.6298138e-001
 2.6424715e-001
 2.6576555e-001
 2.6712912e-001
 2.6798934e-001
 2.6844403e-001
 2.6879576e-001
 2.6918879e-001
 2.6967570e-001
 2.7041113e-001
 2.7157110e-001
 2.7312505e-001
 2.7473378e-001
 2.7593374e-001
 2.7655426e-001
 2.7688390e-001
 2.7729276e-001
 2.7783707e-001
 2.7843833e-001
 2.7911675e-001
 2.7997169e-001
 2.8082207e-001
 2.8114972e-001
 2.8089279e-001
 2.8071344e-001
 2.8121924e-001
 2.8235987e-001
 2.8352034e-001
 2.8405622e-001
 2.8383422e-001
 2.8325817e-001
 2.8280970e-001
 2.8268933e-001
 2.8280735e-001
 2.8299862e-001
 2.8316239e-001
 2.8327435e-001
 2.8334466e-001
 2.8340575e-001
 2.8350571e-001
 2.8367817e-001
 2.8390318e-001
 2.8410667e-001
 2.8419992e-001
 2.8411388e-001
 2.8380948e-001
 2.8328356e-001
 2.8258771e-001
 2.8183579e-001
 2.8117508e-001
 2.8074786e-001
 2.8027606e-001
 2.7969840e-001
 2.7890399e-001
 2.7799514e-001
 2.7715978e-001
 2.7658615e-001
 2.7641791e-001
 2.7650544e-001
 2.7658081e-001
 2.7637595e-001
 2.7567068e-001
 2.7456003e-001
 2.7326664e-001
 2.7201334e-001
 2.7099726e-001
 2.7024144e-001
 2.6969871e-001
 2.6932174e-001
 2.6906016e-001
 2.6884305e-001
 2.6854032e-001
 2.6814759e-001
 2.6755145e-001
 2.6674807e-001
 2.6580605e-001
 2.6479685e-001
 2.6379243e-001
 2.6286224e-001
 2.6203063e-001
 2.6127735e-001
 2.6057976e-001
 2.5991568e-001
 2.5926256e-001
 2.5859874e-001
 2.5790298e-001
 2.5715426e-001
 2.5633126e-001
 2.5541490e-001
 2.5442663e-001
 2.5342846e-001
 2.5248358e-001
 2.5165567e-001
 2.5100806e-001
 2.5057775e-001
 2.5029930e-001
 2.5008217e-001
 2.4983595e-001
 2.4947022e-001
 2.4889459e-001
 2.4804808e-001
 2.4698402e-001
 2.4578263e-001
 2.4452469e-001
 2.4329039e-001
 2.4216054e-001
 2.4121545e-001
 2.4051110e-001
 2.4001057e-001
 2.3965439e-001
 2.3938335e-001
 2.3913810e-001
 2.3885936e-001
 2.3848779e-001
 2.3796418e-001
 2.3724772e-001
 2.3636842e-001
 2.3537244e-001
 2.3430641e-001
 2.3321640e-001
 2.3214914e-001
 2.3115082e-001
 2.3026770e-001
 2.2953457e-001
 2.2894149e-001
 2.2846863e-001
 2.2809586e-001
 2.2780326e-001
 2.2757071e-001
 2.2737832e-001
 2.2720599e-001
 2.2703743e-001
 2.2686970e-001
 2.2670308e-001
 2.2653779e-001
 2.2637403e-001
 2.2621204e-001
 2.2605205e-001
 2.2589429e-001
 2.2573899e-001
 2.2558638e-001
 2.2543669e-001
 2.2529013e-001
 2.2514598e-001
 2.2500002e-001
 2.2484720e-001
 2.2468249e-001
 2.2450088e-001
 2.2429736e-001
 2.2406685e-001
 2.2380438e-001
 2.2350493e-001
 2.2316338e-001
 2.2277485e-001
 2.2233415e-001
 2.2184113e-001
 2.2131224e-001
 2.2076787e-001
 2.2022822e-001
 2.1971376e-001
 2.1924467e-001
 2.1884133e-001
 2.1852398e-001
 2.1831305e-001
 2.1822874e-001
 2.1829143e-001
 2.1851121e-001
 2.1886276e-001
 2.1931265e-001
 2.1982774e-001
 2.2037460e-001
 2.2092009e-001
 2.2143082e-001
 2.2187361e-001
 2.2221509e-001
 2.2242206e-001
 2.2247210e-001
 2.2238076e-001
 2.2217165e-001
 2.2186857e-001
 2.2149511e-001
 2.2107504e-001
 2.2063196e-001
 2.2018968e-001
 2.1977176e-001
 2.1940202e-001
 2.1909891e-001
 2.1886346e-001
 2.1869282e-001
 2.1858421e-001
 2.1853481e-001
 2.1854189e-001
 2.1860260e-001
 2.1871415e-001
 2.1887372e-001
 2.1907860e-001
 2.1932380e-001
 2.1959752e-001
 2.1988624e-001
 2.2017665e-001
 2.2045533e-001
 2.2070888e-001
 2.2092392e-001
 2.2108705e-001
 2.2118488e-001
 2.2120951e-001
 2.2117132e-001
 2.2108455e-001
 2.2096342e-001
 2.2082210e-001
 2.2067484e-001
 2.2053586e-001
 2.2041933e-001
 2.2033814e-001
 2.2030045e-001
 2.2031364e-001
 2.2038496e-001
 2.2052169e-001
 2.2073121e-001
 2.2102073e-001
 2.2139759e-001
 2.2186370e-001
 2.2240315e-001
 2.2299671e-001
 2.2362481e-001
 2.2426814e-001
 2.2490722e-001
 2.2552276e-001
 2.2609523e-001
 2.2661005e-001
 2.2706747e-001
 2.2747102e-001
 2.2779416e-001
 2.2809419e-001
 2.2835495e-001
 2.2858162e-001
 2.2878814e-001
 2.2899558e-001
 2.2923014e-001
 2.2952050e-001
 2.2989453e-001
 2.3037191e-001
 2.3095110e-001
 2.3160195e-001
 2.3227394e-001
 2.3290916e-001
 2.3345324e-001
 2.3386878e-001
 2.3415066e-001
 2.3433089e-001
 2.3446928e-001
 2.3463778e-001
 2.3490518e-001
 2.3531970e-001
 2.3589180e-001
 2.3658802e-001
 2.3734076e-001
 2.3806660e-001
 2.3868425e-001
 2.3913252e-001
 2.3938523e-001
 2.3945598e-001
 2.3939015e-001
 2.3925044e-001
 2.3910335e-001
 2.3900881e-001
 2.3901342e-001
 2.3914833e-001
 2.3943131e-001
 2.3987004e-001
 2.4046278e-001
 2.4119568e-001
 2.4235454e-001
 2.4298024e-001
 2.4361174e-001
 2.4422802e-001
 2.4481198e-001
 2.4535213e-001
 2.4584411e-001
 2.4629121e-001
 2.4670377e-001
 2.4709843e-001
 2.4749528e-001
 2.4791506e-001
 2.4837603e-001
 2.4889047e-001
 2.4946329e-001
 2.5009188e-001
 2.5076649e-001
 2.5147241e-001
 2.5219172e-001
 2.5290585e-001
 2.5359836e-001
 2.5425628e-001
 2.5487185e-001
 2.5544247e-001
 2.5597078e-001
 2.5646436e-001
 2.5693488e-001
 2.5739700e-001
 2.5786617e-001
 2.5835645e-001
 2.5887859e-001
 2.5943863e-001
 2.6003805e-001
 2.6067409e-001
 2.6134104e-001
 2.6203188e-001
 2.6273951e-001
 2.6345861e-001
 2.6418602e-001
 2.6492146e-001
 2.6566732e-001
 2.6642734e-001
 2.6720583e-001
 2.6800665e-001
 2.6883170e-001
 2.6968122e-001
 2.7055293e-001
 2.7144274e-001
 2.7234542e-001
 2.7325472e-001
 2.7416453e-001
 2.7506858e-001
 2.7596143e-001
 2.7683902e-001
 2.7769858e-001
 2.7854019e-001
 2.7936649e-001
 2.8018337e-001
 2.8099972e-001
 2.8182599e-001
 2.8267327e-001
 2.8355068e-001
 2.8446391e-001
 2.8541425e-001
 2.8639787e-001
 2.8740692e-001
 2.8843164e-001
 2.8946194e-001
 2.9049024e-001
 2.9151219e-001
 2.9252708e-001
 2.9353747e-001
 2.9454675e-001
 2.9555815e-001
 2.9657257e-001
 2.9758817e-001
 2.9860115e-001
 2.9960629e-001
 3.0059952e-001
 3.0157888e-001
 3.0254599e-001
 3.0350697e-001
 3.0447075e-001
 3.0544883e-001
 3.0645263e-001
 3.0749181e-001
 3.0857313e-001
 3.0969873e-001
 3.1086636e-001
 3.1207025e-001
 3.1330156e-001
 3.1455088e-001
 3.1580907e-001
 3.1706879e-001
 3.1832606e-001
 3.1957924e-001
 3.2082987e-001
 3.2208094e-001
 3.2333615e-001
 3.2459968e-001
 3.2587424e-001
 3.2716233e-001
 3.2846513e-001
 3.2978344e-001
 3.3111864e-001
 3.3247173e-001
 3.3384469e-001
 3.3523881e-001
 3.3665439e-001
 3.3809018e-001
 3.3954132e-001
 3.4099999e-001
 3.4245452e-001
 3.4389096e-001
 3.4529531e-001
 3.4665531e-001
 3.4796357e-001
 3.4922025e-001
 3.5043323e-001
 3.5161883e-001
 3.5279888e-001
 3.5399777e-001
 3.5523883e-001
 3.5653946e-001
 3.5790935e-001
 3.5934821e-001
 3.6084652e-001
 3.6238858e-001
 3.6395440e-001
 3.6552480e-001
 3.6708358e-001
 3.6862043e-001
 3.7013233e-001
 3.7162200e-001
 3.7309766e-001
 3.7456965e-001
 3.7604818e-001
 3.7754193e-001
 3.7905541e-001
 3.8058901e-001
 3.8214019e-001
 3.8370335e-001
 3.8527277e-001
 3.8684276e-001
 3.8840890e-001
 3.8996887e-001
 3.9152071e-001
 3.9306360e-001
 3.9459613e-001
 3.9611673e-001
 3.9762482e-001
 3.9912036e-001
 4.0060630e-001
 4.0208751e-001
 4.0357077e-001
 4.0506378e-001
 4.0657157e-001
 4.0809557e-001
 4.0963092e-001
 4.1116691e-001
 4.1268906e-001
 4.1418126e-001
 4.1563103e-001
 4.1703221e-001
 4.1838804e-001
 4.1971233e-001
 4.2102668e-001
 4.2235741e-001
 4.2373127e-001
 4.2516923e-001
 4.2668387e-001
 4.2827588e-001
 4.2993426e-001
 4.3163890e-001
 4.3336287e-001
 4.3507847e-001
 4.3676037e-001
 4.3838996e-001
 4.3995792e-001
 4.4146323e-001
 4.4291288e-001
 4.4431767e-001
 4.4568905e-001
 4.4703633e-001
 4.4836333e-001
 4.4966912e-001
 4.5094809e-001
 4.5219293e-001
 4.5339823e-001
 4.5456249e-001
 4.5569065e-001
 4.5679507e-001
 4.5789316e-001
 4.5900622e-001
 4.6015471e-001
 4.6135509e-001
 4.6261698e-001
 4.6394029e-001
 4.6531600e-001
 4.6672645e-001
 4.6814877e-001
 4.6955898e-001
 4.7093496e-001
 4.7226065e-001
 4.7352687e-001
 4.7473204e-001
 4.7588119e-001
 4.7698262e-001
 4.7804648e-001
 4.7908151e-001
 4.8009431e-001
 4.8108962e-001
 4.8207039e-001
 4.8303953e-001
 4.8400140e-001
 4.8496166e-001
 4.8592800e-001
 4.8690832e-001
 4.8790962e-001
 4.8893675e-001
 4.8999059e-001
 4.9106830e-001
 4.9216285e-001
 4.9326426e-001
 4.9436125e-001
 4.9544197e-001
 4.9649629e-001
 4.9751571e-001
 4.9849454e-001
 4.9943012e-001
 5.0032169e-001
 5.0117093e-001
 5.0198030e-001
 5.0275320e-001
 5.0349343e-001
 5.0420481e-001
 5.0489163e-001
 5.0555831e-001
 5.0621003e-001
 5.0685287e-001
 5.0749320e-001
 5.0813806e-001
 5.0879431e-001
 5.0946766e-001
 5.1016247e-001
 5.1088041e-001
 5.1162022e-001
 5.1237792e-001
 5.1314664e-001
 5.1391804e-001
 5.1468301e-001
 5.1543301e-001
 5.1616150e-001
 5.1686418e-001
 5.1753944e-001
 5.1818788e-001
 5.1881129e-001
 5.1941210e-001
 5.1999217e-001
 5.2055317e-001
 5.2109623e-001
 5.2162284e-001
 5.2213591e-001
 5.2263987e-001
 5.2314067e-001
 5.2364510e-001
 5.2415913e-001
 5.2468669e-001
 5.2522814e-001
 5.2577972e-001
 5.2633464e-001
 5.2688366e-001
 5.2741754e-001
 5.2792871e-001
 5.2841246e-001
 5.2886766e-001
 5.2929574e-001
 5.2969980e-001
 5.3008246e-001
 5.3044498e-001
 5.3078657e-001
 5.3110427e-001
 5.3139430e-001
 5.3165299e-001
 5.3187841e-001
 5.3207123e-001
 5.3223479e-001
 5.3237516e-001
 5.3250027e-001
 5.3261882e-001
 5.3273976e-001
 5.3287125e-001
 5.3302056e-001
 5.3319371e-001
 5.3339523e-001
 5.3362828e-001
 5.3389400e-001
 5.3419155e-001
 5.3451788e-001
 5.3486741e-001
 5.3523260e-001
 5.3560436e-001
 5.3597271e-001
 5.3632820e-001
 5.3666192e-001
 5.3696716e-001
 5.3723925e-001
 5.3747606e-001
 5.3767818e-001
 5.3784823e-001
 5.3799105e-001
 5.3811276e-001
 5.3822035e-001
 5.3832060e-001
 5.3841925e-001
 5.3852028e-001
 5.3862500e-001
 5.3873217e-001
 5.3883839e-001
 5.3893900e-001
 5.3903002e-001
 5.3910959e-001
 5.3917956e-001
 5.3924608e-001
 5.3931886e-001
 5.3940970e-001
 5.3953004e-001
 5.3968817e-001
 5.3988695e-001
 5.4012263e-001
 5.4038507e-001
 5.4066002e-001
 5.4093105e-001
 5.4118353e-001
 5.4140687e-001
 5.4159623e-001
 5.4175341e-001
 5.4188550e-001
 5.4200327e-001
 5.4211909e-001
 5.4224432e-001
 5.4238802e-001
 5.4255575e-001
 5.4274899e-001
 5.4296553e-001
 5.4319984e-001
 5.4344404e-001
 5.4368836e-001
 5.4392248e-001
 5.4413617e-001
 5.4432023e-001
 5.4446757e-001
 5.4457361e-001
 5.4463708e-001
 5.4466009e-001
 5.4464781e-001
 5.4460818e-001
 5.4455096e-001
 5.4448676e-001
 5.4442638e-001
 5.4438001e-001
 5.4435647e-001
 5.4436320e-001
 5.4440582e-001
 5.4448831e-001
 5.4461247e-001
 5.4477835e-001
 5.4498398e-001
 5.4522562e-001
 5.4549783e-001
 5.4579407e-001
 5.4610687e-001
 5.4642850e-001
 5.4675108e-001
 5.4706681e-001
 5.4736805e-001
 5.4764694e-001
 5.4789573e-001
 5.4810691e-001
 5.4827362e-001
 5.4839069e-001
 5.4845542e-001
 5.4846841e-001
 5.4843372e-001
 5.4835856e-001
 5.4825228e-001
 5.4812503e-001
 5.4798603e-001
 5.4784268e-001
 5.4769999e-001
 5.4756099e-001
 5.4742742e-001
 5.4730129e-001
 5.4718518e-001
 5.4708248e-001
 5.4699641e-001
 5.4692864e-001
 5.4687744e-001
 5.4683685e-001
 5.4679668e-001
 5.4674441e-001
 5.4666746e-001
 5.4655719e-001
 5.4641140e-001
 5.4623652e-001
 5.4604727e-001
 5.4586488e-001
 5.4571337e-001
 5.4561520e-001
 5.4558718e-001
 5.4563713e-001
 5.4576302e-001
 5.4595321e-001
 5.4618925e-001
 5.4644901e-001
 5.4671109e-001
 5.4695797e-001
 5.4717880e-001
 5.4737008e-001
 5.4753453e-001
 5.4767948e-001
 5.4781348e-001
 5.4794300e-001
 5.4807061e-001
 5.4819340e-001
 5.4830408e-001
 5.4839259e-001
 5.4844946e-001
 5.4846871e-001
 5.4845041e-001
 5.4840142e-001
 5.4833502e-001
 5.4826862e-001
 5.4822004e-001
 5.4820424e-001
 5.4822963e-001
 5.4829639e-001
 5.4839587e-001
 5.4851240e-001
 5.4862642e-001
 5.4871881e-001
 5.4877537e-001
 5.4879010e-001
 5.4876685e-001
 5.4871857e-001
 5.4866451e-001
 5.4862517e-001
 5.4861754e-001
 5.4865044e-001
 5.4872215e-001
 5.4882056e-001
 5.4892600e-001
 5.4901570e-001
 5.4906923e-001
 5.4907310e-001
 5.4902387e-001
 5.4892862e-001
 5.4880357e-001
 5.4867047e-001
 5.4855216e-001
 5.4846865e-001
 5.4843342e-001
 5.4845202e-001
 5.4852158e-001
 5.4863286e-001
 5.4877228e-001
 5.4892558e-001
 5.4908031e-001
 5.4922867e-001
 5.4936820e-001
 5.4950213e-001
 5.4963809e-001
 5.4978591e-001
 5.4995537e-001
 5.5015385e-001
 5.5038434e-001
 5.5064487e-001
 5.5092758e-001
 5.5122000e-001
 5.5150586e-001
 5.5176699e-001
 5.5198520e-001
 5.5214411e-001
 5.5223113e-001
 5.5223924e-001
 5.5216837e-001
 5.5202591e-001
 5.5182713e-001
 5.5159420e-001
 5.5135447e-001
 5.5113769e-001
 5.5097276e-001
 5.5088371e-001
 5.5088645e-001
 5.5098587e-001
 5.5117452e-001
 5.5143279e-001
 5.5173129e-001
 5.5203450e-001
 5.5230635e-001
 5.5251533e-001
 5.5264026e-001
 5.5267334e-001
 5.5262142e-001
 5.5250460e-001
 5.5235189e-001
 5.5219555e-001
 5.5206466e-001
 5.5198014e-001
 5.5195153e-001
 5.5197704e-001
 5.5204594e-001
 5.5214292e-001
 5.5225241e-001
 5.5236226e-001
 5.5246550e-001
 5.5256003e-001
 5.5264729e-001
 5.5272913e-001
 5.5280626e-001
 5.5287737e-001
 5.5293995e-001
 5.5299205e-001
 5.5303395e-001
 5.5306917e-001
 5.5310541e-001
 5.5315381e-001
 5.5322748e-001
 5.5333847e-001
 5.5349386e-001
 5.5369288e-001
 5.5392516e-001
 5.5417192e-001
 5.5440891e-001
 5.5461144e-001
 5.5475962e-001
 5.5484140e-001
 5.5485362e-001
 5.5480087e-001
 5.5469376e-001
 5.5454630e-001
 5.5437410e-001
 5.5419296e-001
 5.5401742e-001
 5.5386013e-001
 5.5373108e-001
 5.5363780e-001
 5.5358464e-001
 5.5357307e-001
 5.5360144e-001
 5.5366510e-001
 5.5375636e-001
 5.5386543e-001
 5.5398113e-001
 5.5409241e-001
 5.5418956e-001
 5.5426556e-001
 5.5431640e-001
 5.5434144e-001
 5.5434334e-001
 5.5432749e-001
 5.5430114e-001
 5.5427188e-001
 5.5424559e-001
 5.5422515e-001
 5.5420882e-001
 5.5419034e-001
 5.5415958e-001
 5.5410475e-001
 5.5401486e-001
 5.5388266e-001
 5.5370682e-001
 5.5349231e-001
 5.5324960e-001
 5.5299252e-001
 5.5273569e-001
 5.5249208e-001
 5.5227125e-001
 5.5207813e-001
 5.5191267e-001
 5.5177021e-001
 5.5164236e-001
 5.5151862e-001
 5.5138814e-001
 5.5124116e-001
 5.5107045e-001
 5.5087191e-001
 5.5064493e-001
 5.5039215e-001
 5.5011839e-001
 5.4983062e-001
 5.4953641e-001
 5.4924357e-001
 5.4895943e-001
 5.4868978e-001
 5.4843879e-001
 5.4820853e-001
 5.4799855e-001
 5.4780608e-001
 5.4762590e-001
 5.4745132e-001
 5.4727435e-001
 5.4708713e-001
 5.4688269e-001
 5.4665583e-001
 5.4640430e-001
 5.4612857e-001
 5.4583240e-001
 5.4552209e-001
 5.4520577e-001
 5.4489255e-001
 5.4459125e-001
 5.4430956e-001
 5.4405344e-001
 5.4382604e-001
 5.4362816e-001
 5.4345763e-001
 5.4330981e-001
 5.4317784e-001
 5.4305321e-001
 5.4292649e-001
 5.4278809e-001
 5.4262918e-001
 5.4244280e-001
 5.4222476e-001
 5.4197472e-001
 5.4169619e-001
 5.4139656e-001
 5.4108673e-001
 5.4077911e-001
 5.4048645e-001
 5.4021960e-001
 5.3998566e-001
 5.3978658e-001
 5.3961849e-001
 5.3947210e-001
 5.3933358e-001
 5.3918648e-001
 5.3901416e-001
 5.3880197e-001
 5.3853941e-001
 5.3822154e-001
 5.3784984e-001
 5.3743196e-001
 5.3698105e-001
 5.3651452e-001
 5.3605264e-001
 5.3561664e-001
 5.3522724e-001
 5.3490323e-001
 5.3465939e-001
 5.3450555e-001
 5.3444463e-001
 5.3447241e-001
 5.3457654e-001
 5.3473735e-001
 5.3492963e-001
 5.3512526e-001
 5.3529602e-001
 5.3541636e-001
 5.3546619e-001
 5.3543234e-001
 5.3530967e-001
 5.3510159e-001
 5.3482020e-001
 5.3448504e-001
 5.3412157e-001
 5.3375828e-001
 5.3342420e-001
 5.3314614e-001
 5.3294629e-001
 5.3284073e-001
 5.3283823e-001
 5.3293961e-001
 5.3313738e-001
 5.3341556e-001
 5.3374994e-001
 5.3410941e-001
 5.3445840e-001
 5.3475964e-001
 5.3497797e-001
 5.3508377e-001
 5.3505683e-001
 5.3488874e-001
 5.3458416e-001
 5.3416073e-001
 5.3364837e-001
 5.3308636e-001
 5.3251916e-001
 5.3199184e-001
 5.3154528e-001
 5.3121179e-001
 5.3101194e-001
 5.3095323e-001
 5.3103018e-001
 5.3122610e-001
 5.3151613e-001
 5.3187031e-001
 5.3225738e-001
 5.3264713e-001
 5.3301311e-001
 5.3333390e-001
 5.3359342e-001
 5.3378153e-001
 5.3389299e-001
 5.3392738e-001
 5.3388816e-001
 5.3378242e-001
 5.3361994e-001
 5.3341293e-001
 5.3317535e-001
 5.3292185e-001
 5.3266698e-001
 5.3242439e-001
 5.3220516e-001
 5.3201777e-001
 5.3186679e-001
 5.3175330e-001
 5.3167510e-001
 5.3162718e-001
 5.3160322e-001
 5.3159660e-001
 5.3160161e-001
 5.3161466e-001
 5.3163481e-001
 5.3166389e-001
 5.3170621e-001
 5.3176755e-001
 5.3185397e-001
 5.3197014e-001
 5.3211778e-001
 5.3229457e-001
 5.3249305e-001
 5.3270084e-001
 5.3290111e-001
 5.3307402e-001
 5.3319895e-001
 5.3325647e-001
 5.3323096e-001
 5.3311259e-001
 5.3289849e-001
 5.3259379e-001
 5.3221047e-001
 5.3176695e-001
 5.3128570e-001
 5.3079128e-001
 5.3030831e-001
 5.2985913e-001
 5.2946305e-001
 5.2913457e-001
 5.2888393e-001
 5.2871650e-001
 5.2863336e-001
 5.2863193e-001
 5.2870607e-001
 5.2884692e-001
 5.2904296e-001
 5.2928078e-001
 5.2954549e-001
 5.2982163e-001
 5.3009385e-001
 5.3034806e-001
 5.3057235e-001
 5.3075790e-001
 5.3089935e-001
 5.3099525e-001
 5.3104764e-001
 5.3106141e-001
 5.3104359e-001
 5.3100234e-001
 5.3094590e-001
 5.3088176e-001
 5.3081608e-001
 5.3075349e-001
 5.3069711e-001
 5.3064835e-001
 5.3060800e-001
 5.3057623e-001
 5.3055352e-001
 5.3054082e-001
 5.3054029e-001
 5.3055483e-001
 5.3058803e-001
 5.3064406e-001
 5.3072673e-001
 5.3083926e-001
 5.3098369e-001
 5.3116071e-001
 5.3136933e-001
 5.3160709e-001
 5.3186947e-001
 5.3215009e-001
 5.3244102e-001
 5.3273320e-001
 5.3301698e-001
 5.3328317e-001
 5.3352380e-001
 5.3373253e-001
 5.3390551e-001
 5.3404111e-001
 5.3418201e-001
 5.3424162e-001
 5.3426832e-001
 5.3426516e-001
 5.3423464e-001
 5.3417850e-001
 5.3409737e-001
 5.3399092e-001
 5.3385794e-001
 5.3369689e-001
 5.3350621e-001
 5.3328460e-001
 5.3303170e-001
 5.3274894e-001
 5.3244078e-001
 5.3211522e-001
 5.3178447e-001
 5.3146434e-001
 5.3117335e-001
 5.3093201e-001
 5.3076112e-001
 5.3068131e-001
 5.3071123e-001
 5.3086555e-001
 5.3115171e-001
 5.3156745e-001
 5.3209966e-001
 5.3272504e-001
 5.3341365e-001
 5.3413075e-001
 5.3484017e-001
 5.3550601e-001
 5.3609431e-001
 5.3657657e-001
 5.3693241e-001
 5.3715295e-001
 5.3724194e-001
 5.3721434e-001
 5.3709364e-001
 5.3690821e-001
 5.3668875e-001
 5.3646600e-001
 5.3626931e-001
 5.3612393e-001
 5.3604859e-001
 5.3605294e-001
 5.3613657e-001
 5.3629011e-001
 5.3649747e-001
 5.3673863e-001
 5.3699178e-001
 5.3723496e-001
 5.3744739e-001
 5.3761131e-001
 5.3771383e-001
 5.3774917e-001
 5.3771877e-001
 5.3763115e-001
 5.3749973e-001
 5.3734088e-001
 5.3717238e-001
 5.3701204e-001
 5.3687650e-001
 5.3677970e-001
 5.3673118e-001
 5.3673428e-001
 5.3678566e-001
 5.3687567e-001
 5.3699034e-001
 5.3711295e-001
 5.3722560e-001
 5.3731054e-001
 5.3735113e-001
 5.3733367e-001
 5.3724927e-001
 5.3709561e-001
 5.3687745e-001
 5.3660625e-001
 5.3629822e-001
 5.3597242e-001
 5.3564912e-001
 5.3534865e-001
 5.3508991e-001
 5.3488892e-001
 5.3475648e-001
 5.3469688e-001
 5.3470653e-001
 5.3477508e-001
 5.3488725e-001
 5.3502470e-001
 5.3516769e-001
 5.3529644e-001
 5.3539234e-001
 5.3543925e-001
 5.3542519e-001
 5.3534418e-001
 5.3519672e-001
 5.3498894e-001
 5.3473133e-001
 5.3443718e-001
 5.3412044e-001
 5.3379565e-001
 5.3347611e-001
 5.3317320e-001
 5.3289473e-001
 5.3264362e-001
 5.3241771e-001
 5.3220981e-001
 5.3200924e-001
 5.3180343e-001
 5.3157860e-001
 5.3132135e-001
 5.3101909e-001
 5.3066188e-001
 5.3024387e-001
 5.2976465e-001
 5.2923024e-001
 5.2865219e-001
 5.2804589e-001
 5.2742970e-001
 5.2682251e-001
 5.2624369e-001
 5.2571160e-001
 5.2524227e-001
 5.2484846e-001
 5.2453786e-001
 5.2431285e-001
 5.2417094e-001
 5.2410603e-001
 5.2410990e-001
 5.2417326e-001
 5.2428633e-001
 5.2443945e-001
 5.2462292e-001
 5.2482730e-001
 5.2504349e-001
 5.2526265e-001
 5.2547634e-001
 5.2567637e-001
 5.2585471e-001
 5.2600330e-001
 5.2611488e-001
 5.2618277e-001
 5.2620220e-001
 5.2617145e-001
 5.2609301e-001
 5.2597368e-001
 5.2582467e-001
 5.2565998e-001
 5.2549547e-001
 5.2534789e-001
 5.2523363e-001
 5.2516836e-001
 5.2516544e-001
 5.2523458e-001
 5.2538037e-001
 5.2560192e-001
 5.2589339e-001
 5.2624518e-001
 5.2664542e-001
 5.2708125e-001
 5.2753943e-001
 5.2800679e-001
 5.2847075e-001
 5.2891946e-001
 5.2934223e-001
 5.2972960e-001
 5.3007329e-001
 5.3036582e-001
 5.3060031e-001
 5.3077012e-001
 5.3086919e-001
 5.3089231e-001
 5.3083611e-001
 5.3070015e-001
 5.3048807e-001
 5.3020799e-001
 5.2987200e-001
 5.2949536e-001
 5.2909482e-001
 5.2868813e-001
 5.2829272e-001
 5.2792537e-001
 5.2760077e-001
 5.2732992e-001
 5.2711952e-001
 5.2697074e-001
 5.2688038e-001
 5.2684164e-001
 5.2684569e-001
 5.2688277e-001
 5.2694315e-001
 5.2701765e-001
 5.2709883e-001
 5.2718222e-001
 5.2726704e-001
 5.2735668e-001
 5.2745855e-001
 5.2758282e-001
 5.2774137e-001
 5.2794659e-001
 5.2821088e-001
 5.2854508e-001
 5.2895749e-001
 5.2945167e-001
 5.3002465e-001
 5.3066671e-001
 5.3136152e-001
 5.3208846e-001
 5.3282362e-001
 5.3354228e-001
 5.3422016e-001
 5.3483421e-001
 5.3536570e-001
 5.3580254e-001
 5.3614134e-001
 5.3638899e-001
 5.3656101e-001
 5.3667992e-001
 5.3677171e-001
 5.3686452e-001
 5.3698623e-001
 5.3716326e-001
 5.3741825e-001
 5.3776795e-001
 5.3822005e-001
 5.3877348e-001
 5.3941852e-001
 5.4013890e-001
 5.4091507e-001
 5.4172558e-001
 5.4254884e-001
 5.4336339e-001
 5.4415041e-001
 5.4489416e-001
 5.4558295e-001
 5.4621053e-001
 5.4677528e-001
 5.4727817e-001
 5.4772282e-001
 5.4811352e-001
 5.4845530e-001
 5.4875284e-001
 5.4901147e-001
 5.4923666e-001
 5.4943401e-001
 5.4960978e-001
 5.4977030e-001
 5.4992229e-001
 5.5007243e-001
 5.5022764e-001
 5.5039442e-001
 5.5057865e-001
 5.5078501e-001
 5.5101621e-001
 5.5127180e-001
 5.5154842e-001
 5.5183983e-001
 5.5213743e-001
 5.5243176e-001
 5.5271262e-001
 5.5296981e-001
 5.5319405e-001
 5.5337751e-001
 5.5351490e-001
 5.5360454e-001
 5.5364883e-001
 5.5365360e-001
 5.5362731e-001
 5.5358005e-001
 5.5352259e-001
 5.5346590e-001
 5.5342090e-001
 5.5339766e-001
 5.5340546e-001
 5.5345213e-001
 5.5354404e-001
 5.5368620e-001
 5.5388248e-001
 5.5413616e-001
 5.5445033e-001
 5.5482715e-001
 5.5526793e-001
 5.5577219e-001
 5.5633539e-001
 5.5694896e-001
 5.5759889e-001
 5.5826688e-001
 5.5893064e-001
 5.5956644e-001
 5.6014985e-001
 5.6065649e-001
 5.6106478e-001
 5.6135786e-001
 5.6152678e-001
 5.6157392e-001
 5.6151372e-001
 5.6137156e-001
 5.6118107e-001
 5.6098068e-001
 5.6081057e-001
 5.6071085e-001
 5.6071866e-001
 5.6086451e-001
 5.6116825e-001
 5.6163466e-001
 5.6225258e-001
 5.6299549e-001
 5.6382638e-001
 5.6470168e-001
 5.6557518e-001
 5.6639993e-001
 5.6713200e-001
 5.6773311e-001
 5.6817430e-001
 5.6844014e-001
 5.6852961e-001
 5.6845474e-001
 5.6823748e-001
 5.6790531e-001
 5.6748849e-001
 5.6701815e-001
 5.6652427e-001
 5.6603432e-001
 5.6557178e-001
 5.6515419e-001
 5.6479251e-001
 5.6449223e-001
 5.6425428e-001
 5.6407708e-001
 5.6395787e-001
 5.6389302e-001
 5.6387842e-001
 5.6390911e-001
 5.6397861e-001
 5.6407863e-001
 5.6419885e-001
 5.6432682e-001
 5.6444907e-001
 5.6455100e-001
 5.6461793e-001
 5.6463546e-001
 5.6459039e-001
 5.6447184e-001
 5.6427318e-001
 5.6399339e-001
 5.6363738e-001
 5.6321591e-001
 5.6274372e-001
 5.6223786e-001
 5.6171685e-001
 5.6119907e-001
 5.6070232e-001
 5.6024343e-001
 5.5983615e-001
 5.5949128e-001
 5.5921578e-001
 5.5901337e-001
 5.5888516e-001
 5.5883080e-001
 5.5884916e-001
 5.5893844e-001
 5.5909598e-001
 5.5931717e-001
 5.5959469e-001
 5.5991733e-001
 5.6026977e-001
 5.6063247e-001
 5.6098330e-001
 5.6129843e-001
 5.6155336e-001
 5.6172407e-001
 5.6178808e-001
 5.6172645e-001
 5.6152642e-001
 5.6118304e-001
 5.6070048e-001
 5.6009102e-001
 5.5937278e-001
 5.5856723e-001
 5.5769819e-001
 5.5678922e-001
 5.5586302e-001
 5.5494136e-001
 5.5404210e-001
 5.5317920e-001
 5.5236232e-001
 5.5159646e-001
 5.5088383e-001
 5.5022448e-001
 5.4961801e-001
 5.4906309e-001
 5.4855782e-001
 5.4809994e-001
 5.4768544e-001
 5.4730862e-001
 5.4696208e-001
 5.4663628e-001
 5.4632068e-001
 5.4600364e-001
 5.4567373e-001
 5.4531956e-001
 5.4493088e-001
 5.4450005e-001
 5.4402322e-001
 5.4350203e-001
 5.4294449e-001
 5.4236370e-001
 5.4177678e-001
 5.4120362e-001
 5.4066467e-001
 5.4018027e-001
 5.3976917e-001
 5.3944695e-001
 5.3922302e-001
 5.3909910e-001
 5.3906822e-001
 5.3911543e-001
 5.3922015e-001
 5.3935814e-001
 5.3950375e-001
 5.3963119e-001
 5.3971559e-001
 5.3973472e-001
 5.3967053e-001
 5.3951091e-001
 5.3925025e-001
 5.3888869e-001
 5.3843051e-001
 5.3788316e-001
 5.3725481e-001
 5.3655428e-001
 5.3579134e-001
 5.3497571e-001
 5.3411818e-001
 5.3323025e-001
 5.3232539e-001
 5.3141755e-001
 5.3052133e-001
 5.2965248e-001
 5.2882630e-001
 5.2805758e-001
 5.2736086e-001
 5.2674776e-001
 5.2622658e-001
 5.2580053e-001
 5.2546775e-001
 5.2522123e-001
 5.2505016e-001
 5.2494198e-001
 5.2488279e-001
 5.2485853e-001
 5.2485538e-001
 5.2486026e-001
 5.2486151e-001
 5.2484906e-001
 5.2481490e-001
 5.2475297e-001
 5.2465820e-001
 5.2452666e-001
 5.2435470e-001
 5.2413905e-001
 5.2387726e-001
 5.2356786e-001
 5.2321142e-001
 5.2281135e-001
 5.2237386e-001
 5.2190781e-001
 5.2142394e-001
 5.2093464e-001
 5.2045214e-001
 5.1998872e-001
 5.1955581e-001
 5.1916242e-001
 5.1881397e-001
 5.1851106e-001
 5.1824868e-001
 5.1801687e-001
 5.1780218e-001
 5.1758879e-001
 5.1736021e-001
 5.1709968e-001
 5.1679194e-001
 5.1642388e-001
 5.1598650e-001
 5.1547682e-001
 5.1489770e-001
 5.1425761e-001
 5.1356965e-001
 5.1284885e-001
 5.1211166e-001
 5.1137441e-001
 5.1065338e-001
 5.0996286e-001
 5.0931454e-001
 5.0871706e-001
 5.0817460e-001
 5.0768805e-001
 5.0725585e-001
 5.0687468e-001
 5.0654030e-001
 5.0624835e-001
 5.0599384e-001
 5.0577110e-001
 5.0557333e-001
 5.0539225e-001
 5.0521791e-001
 5.0503874e-001
 5.0484228e-001
 5.0461531e-001
 5.0434434e-001
 5.0401658e-001
 5.0362021e-001
 5.0314623e-001
 5.0258994e-001
 5.0195307e-001
 5.0124359e-001
 5.0047553e-001
 4.9966782e-001
 4.9884152e-001
 4.9801877e-001
 4.9722192e-001
 4.9647105e-001
 4.9578246e-001
 4.9516574e-001
 4.9462190e-001
 4.9414167e-001
 4.9370685e-001
 4.9329293e-001
 4.9287117e-001
 4.9241135e-001
 4.9188372e-001
 4.9126083e-001
 4.9052066e-001
 4.8965102e-001
 4.8865196e-001
 4.8753768e-001
 4.8633465e-001
 4.8507965e-001
 4.8381391e-001
 4.8258102e-001
 4.8142520e-001
 4.8038694e-001
 4.7950038e-001
 4.7878951e-001
 4.7826311e-001
 4.7791404e-001
 4.7772044e-001
 4.7764963e-001
 4.7766215e-001
 4.7771558e-001
 4.7776687e-001
 4.7777474e-001
 4.7770235e-001
 4.7752044e-001
 4.7721028e-001
 4.7676483e-001
 4.7618771e-001
 4.7548959e-001
 4.7468537e-001
 4.7379169e-001
 4.7282636e-001
 4.7180626e-001
 4.7074732e-001
 4.6966472e-001
 4.6857104e-001
 4.6747658e-001
 4.6639052e-001
 4.6531960e-001
 4.6426985e-001
 4.6324635e-001
 4.6225467e-001
 4.6129945e-001
 4.6038514e-001
 4.5951667e-001
 4.5872569e-001
 4.5814568e-001
 4.5742324e-001
 4.5672977e-001
 4.5605436e-001
 4.5538616e-001
 4.5471427e-001
 4.5402822e-001
 4.5331711e-001
 4.5257014e-001
 4.5177653e-001
 4.5092660e-001
 4.5002356e-001
 4.4907647e-001
 4.4809496e-001
 4.4708815e-001
 4.4606602e-001
 4.4503772e-001
 4.4401273e-001
 4.4300038e-001
 4.4201052e-001
 4.4105238e-001
 4.4013545e-001
 4.3926895e-001
 4.3846276e-001
 4.3772528e-001
 4.3705648e-001
 4.3645188e-001
 4.3590680e-001
 4.3541697e-001
 4.3497768e-001
 4.3458438e-001
 4.3423250e-001
 4.3391770e-001
 4.3363521e-001
 4.3338054e-001
 4.3314913e-001
 4.3293652e-001
 4.3273810e-001
 4.3254933e-001
 4.3236572e-001
 4.3218255e-001
 4.3199548e-001
 4.3180034e-001
 4.3159679e-001
 4.3138647e-001
 4.3117121e-001
 4.3095270e-001
 4.3073267e-001
 4.3051273e-001
 4.3029472e-001
 4.3008041e-001
 4.2987135e-001
 4.2966932e-001
 4.2947608e-001
 4.2929330e-001
 4.2912272e-001
 4.2896610e-001
 4.2882508e-001
 4.2870137e-001
 4.2859679e-001
 4.2851302e-001
 4.2845169e-001
 4.2841461e-001
 4.2840350e-001
 4.2841977e-001
 4.2846271e-001
 4.2853045e-001
 4.2862120e-001
 4.2873302e-001
 4.2886412e-001
 4.2901257e-001
 4.2917651e-001
 4.2935416e-001
 4.2954355e-001
 4.2974293e-001
 4.2995036e-001
 4.3016401e-001
 4.3038195e-001
 4.3060252e-001
 4.3082365e-001
 4.3104354e-001
 4.3126041e-001
 4.3147224e-001
 4.3167731e-001
 4.3187371e-001
 4.3205956e-001
 4.3223301e-001
 4.3239224e-001
 4.3253538e-001
 4.3266052e-001
 4.3276602e-001
 4.3285206e-001
 4.3291956e-001
 4.3296957e-001
 4.3300304e-001
 4.3302107e-001
 4.3302450e-001
 4.3301445e-001
 4.3299189e-001
 4.3295777e-001
 4.3291312e-001
 4.3285894e-001
 4.3279630e-001
 4.3272603e-001
 4.3264928e-001
 4.3256697e-001
 4.3248013e-001
 4.3238974e-001
 4.3229678e-001
 4.3220234e-001
 4.3210730e-001
 4.3201268e-001
 4.3191954e-001
 4.3182883e-001
 4.3174157e-001
 4.3165872e-001
 4.3158135e-001
 4.3151036e-001
 4.3144682e-001
 4.3139169e-001
 4.3134591e-001
 4.3130955e-001
 4.3128228e-001
 4.3126389e-001
