s07_ASD Record=2326: Carbon_Black GDS68 sm.ap.     BECKa AREF
 1.6679579e-002
 1.6587380e-002
 1.6501375e-002
 1.6427247e-002
 1.6368942e-002
 1.6328327e-002
 1.6305368e-002
 1.6298490e-002
 1.6304864e-002
 1.6320791e-002
 1.6342293e-002
 1.6365558e-002
 1.6387254e-002
 1.6404636e-002
 1.6415887e-002
 1.6420465e-002
 1.6419083e-002
 1.6413204e-002
 1.6404463e-002
 1.6394194e-002
 1.6383151e-002
 1.6371522e-002
 1.6359221e-002
 1.6346313e-002
 1.6333289e-002
 1.6321195e-002
 1.6311415e-002
 1.6305106e-002
 1.6302556e-002
 1.6302954e-002
 1.6304616e-002
 1.6305620e-002
 1.6304452e-002
 1.6300319e-002
 1.6293710e-002
 1.6286561e-002
 1.6281188e-002
 1.6278943e-002
 1.6279370e-002
 1.6280297e-002
 1.6278932e-002
 1.6273223e-002
 1.6262660e-002
 1.6248142e-002
 1.6231092e-002
 1.6212421e-002
 1.6192080e-002
 1.6169427e-002
 1.6144214e-002
 1.6117437e-002
 1.6091367e-002
 1.6068712e-002
 1.6051495e-002
 1.6040381e-002
 1.6034758e-002
 1.6033197e-002
 1.6033683e-002
 1.6033877e-002
 1.6031565e-002
 1.6024137e-002
 1.6010692e-002
 1.5994908e-002
 1.5979797e-002
 1.5968619e-002
 1.5966130e-002
 1.5972614e-002
 1.5982380e-002
 1.5988132e-002
 1.5983915e-002
 1.5967928e-002
 1.5944539e-002
 1.5922604e-002
 1.5910475e-002
 1.5911436e-002
 1.5922271e-002
 1.5935447e-002
 1.5943559e-002
 1.5943030e-002
 1.5934855e-002
 1.5922435e-002
 1.5908642e-002
 1.5894206e-002
 1.5878154e-002
 1.5859447e-002
 1.5838334e-002
 1.5816564e-002
 1.5796496e-002
 1.5779888e-002
 1.5767170e-002
 1.5757591e-002
 1.5750123e-002
 1.5744457e-002
 1.5741410e-002
 1.5742395e-002
 1.5748287e-002
 1.5758337e-002
 1.5769813e-002
 1.5778851e-002
 1.5782306e-002
 1.5779397e-002
 1.5771987e-002
 1.5763326e-002
 1.5756093e-002
 1.5751002e-002
 1.5746431e-002
 1.5739374e-002
 1.5727432e-002
 1.5710628e-002
 1.5691886e-002
 1.5675675e-002
 1.5665529e-002
 1.5662409e-002
 1.5664982e-002
 1.5670946e-002
 1.5677992e-002
 1.5684331e-002
 1.5689440e-002
 1.5694227e-002
 1.5699562e-002
 1.5704369e-002
 1.5705980e-002
 1.5702855e-002
 1.5696594e-002
 1.5690941e-002
 1.5689008e-002
 1.5691252e-002
 1.5695147e-002
 1.5696278e-002
 1.5690528e-002
 1.5676642e-002
 1.5657431e-002
 1.5638273e-002
 1.5623814e-002
 1.5615525e-002
 1.5612064e-002
 1.5611747e-002
 1.5614484e-002
 1.5621154e-002
 1.5630862e-002
 1.5638970e-002
 1.5638901e-002
 1.5627680e-002
 1.5610583e-002
 1.5598953e-002
 1.5600752e-002
 1.5612009e-002
 1.5618712e-002
 1.5609012e-002
 1.5584130e-002
 1.5556845e-002
 1.5539696e-002
 1.5536110e-002
 1.5542918e-002
 1.5557724e-002
 1.5580088e-002
 1.5606905e-002
 1.5631301e-002
 1.5647264e-002
 1.5652606e-002
 1.5646575e-002
 1.5627420e-002
 1.5594432e-002
 1.5551550e-002
 1.5507920e-002
 1.5474903e-002
 1.5461613e-002
 1.5470793e-002
 1.5497204e-002
 1.5529767e-002
 1.5555894e-002
 1.5565425e-002
 1.5554267e-002
 1.5527979e-002
 1.5501481e-002
 1.5491213e-002
 1.5504221e-002
 1.5533943e-002
 1.5566269e-002
 1.5589600e-002
 1.5600868e-002
 1.5605221e-002
 1.5611855e-002
 1.5628971e-002
 1.5659451e-002
 1.5698159e-002
 1.5732277e-002
 1.5746566e-002
 1.5733199e-002
 1.5699809e-002
 1.5666200e-002
 1.5648853e-002
 1.5647614e-002
 1.5649099e-002
 1.5641671e-002
 1.5624389e-002
 1.5604028e-002
 1.5588882e-002
 1.5584834e-002
 1.5591482e-002
 1.5599803e-002
 1.5596796e-002
 1.5574990e-002
 1.5537597e-002
 1.5495434e-002
 1.5460172e-002
 1.5438622e-002
 1.5429839e-002
 1.5427137e-002
 1.5424922e-002
 1.5423695e-002
 1.5426789e-002
 1.5433528e-002
 1.5438555e-002
 1.5437169e-002
 1.5428429e-002
 1.5414106e-002
 1.5398022e-002
 1.5385699e-002
 1.5381108e-002
 1.5384273e-002
 1.5395496e-002
 1.5420571e-002
 1.5466175e-002
 1.5527988e-002
 1.5586552e-002
 1.5618821e-002
 1.5616721e-002
 1.5595460e-002
 1.5582051e-002
 1.5593105e-002
 1.5621708e-002
 1.5644552e-002
 1.5642826e-002
 1.5618684e-002
 1.5592580e-002
 1.5584014e-002
 1.5593488e-002
 1.5602908e-002
 1.5595273e-002
 1.5573835e-002
 1.5559724e-002
 1.5571439e-002
 1.5608121e-002
 1.5649430e-002
 1.5667446e-002
 1.5640726e-002
 1.5564971e-002
 1.5459439e-002
 1.5365221e-002
 1.5322160e-002
 1.5332494e-002
 1.5358009e-002
 1.5364231e-002
 1.5353008e-002
 1.5343796e-002
 1.5342078e-002
 1.5342335e-002
 1.5343671e-002
 1.5348019e-002
 1.5353519e-002
 1.5357712e-002
 1.5361910e-002
 1.5366221e-002
 1.5362545e-002
 1.5341367e-002
 1.5306960e-002
 1.5274371e-002
 1.5250698e-002
 1.5233165e-002
 1.5219629e-002
 1.5208933e-002
 1.5206622e-002
 1.5231287e-002
 1.5289289e-002
 1.5353173e-002
 1.5389641e-002
 1.5391186e-002
 1.5367487e-002
 1.5330426e-002
 1.5297754e-002
 1.5289777e-002
 1.5307340e-002
 1.5323115e-002
 1.5311526e-002
 1.5276086e-002
 1.5235634e-002
 1.5203097e-002
 1.5186224e-002
 1.5194003e-002
 1.5230599e-002
 1.5285173e-002
 1.5331923e-002
 1.5343125e-002
 1.5308707e-002
 1.5250146e-002
 1.5213422e-002
 1.5233776e-002
 1.5298291e-002
 1.5355610e-002
 1.5370178e-002
 1.5352026e-002
 1.5331027e-002
 1.5323580e-002
 1.5330050e-002
 1.5346210e-002
 1.5366453e-002
 1.5382214e-002
 1.5384769e-002
 1.5372031e-002
 1.5353668e-002
 1.5348816e-002
 1.5373266e-002
 1.5420663e-002
 1.5457099e-002
 1.5450587e-002
 1.5413848e-002
 1.5393264e-002
 1.5408643e-002
 1.5429257e-002
 1.5412812e-002
 1.5357949e-002
 1.5299994e-002
 1.5270297e-002
 1.5277286e-002
 1.5312246e-002
 1.5357732e-002
 1.5394646e-002
 1.5410908e-002
 1.5407344e-002
 1.5394797e-002
 1.5385243e-002
 1.5385072e-002
 1.5394154e-002
 1.5407979e-002
 1.5419851e-002
 1.5423629e-002
 1.5417617e-002
 1.5407006e-002
 1.5401630e-002
 1.5410294e-002
 1.5436314e-002
 1.5476681e-002
 1.5523000e-002
 1.5563227e-002
 1.5586761e-002
 1.5593239e-002
 1.5596879e-002
 1.5615975e-002
 1.5651952e-002
 1.5679108e-002
 1.5663795e-002
 1.5603476e-002
 1.5540906e-002
 1.5506829e-002
 1.5455741e-002
 1.5369564e-002
 1.5326492e-002
 1.5390138e-002
 1.5503737e-002
 1.5576649e-002
 1.5595862e-002
 1.5583578e-002
 1.5530980e-002
 1.5446615e-002
 1.5401208e-002
 1.5447803e-002
 1.5544091e-002
 1.5608886e-002
 1.5612673e-002
 1.5582241e-002
 1.5555604e-002
 1.5550679e-002
 1.5557895e-002
 1.5550989e-002
 1.5508972e-002
 1.5438458e-002
 1.5370266e-002
 1.5320951e-002
 1.5278813e-002
 1.5252532e-002
 1.5292613e-002
 1.5416873e-002
 1.5556397e-002
 1.5627375e-002
 1.5621616e-002
 1.5596032e-002
 1.5605119e-002
 1.5653748e-002
 1.5696725e-002
 1.5682079e-002
 1.5594992e-002
 1.5465411e-002
 1.5348923e-002
 1.5299130e-002
 1.5338511e-002
 1.5431866e-002
 1.5509913e-002
 1.5541390e-002
 1.5554057e-002
 1.5613495e-002
 1.5711440e-002
 1.5731735e-002
 1.5635906e-002
 1.5533772e-002
 1.5532681e-002
 1.5624328e-002
 1.5701309e-002
 1.5657017e-002
 1.5492608e-002
 1.5319388e-002
 1.5250389e-002
 1.5300117e-002
 1.5386716e-002
 1.5425982e-002
 1.5420121e-002
 1.5455632e-002
 1.5608611e-002
 1.5844550e-002
 1.6023746e-002
 1.6018249e-002
 1.5829824e-002
 1.5590564e-002
 1.5446436e-002
 1.5442730e-002
 1.5525710e-002
 1.5624425e-002
 1.5695509e-002
 1.5726957e-002
 1.5723059e-002
 1.5696350e-002
 1.5642777e-002
 1.5572740e-002
 1.5493016e-002
 1.5417093e-002
 1.5361162e-002
 1.5341422e-002
 1.5369562e-002
 1.5427623e-002
 1.5485698e-002
 1.5513850e-002
 1.5488321e-002
 1.5426139e-002
 1.5360820e-002
 1.5325923e-002
 1.5348265e-002
 1.5410009e-002
 1.5475213e-002
 1.5507878e-002
 1.5477904e-002
 1.5394364e-002
 1.5262543e-002
 1.5148716e-002
 1.5060024e-002
 1.5005470e-002
 1.4978694e-002
 1.4972652e-002
 1.4980307e-002
 1.4994638e-002
 1.5009060e-002
 1.5017403e-002
 1.5013522e-002
 1.4991276e-002
 1.4944961e-002
 1.4879024e-002
 1.4807876e-002
 1.4746382e-002
 1.4709379e-002
 1.4710799e-002
 1.4744085e-002
 1.4782600e-002
 1.4798870e-002
 1.4765421e-002
 1.4654780e-002
 1.4449863e-002
 1.4174073e-002
 1.3860506e-002
 1.3542395e-002
 1.3252820e-002
 1.3025010e-002
 1.2883005e-002
 1.2816050e-002
 1.2804950e-002
 1.2830527e-002
 1.2873609e-002
 1.2915006e-002
 1.2935548e-002
 1.2922170e-002
 1.2885114e-002
 1.2840171e-002
 1.2803141e-002
 1.2789813e-002
 1.2815982e-002
 1.2897452e-002
 1.3049995e-002
 1.3282744e-002
 1.3579499e-002
 1.3918230e-002
 1.4276762e-002
 1.4633083e-002
 1.4965010e-002
 1.5250494e-002
 1.5467462e-002
 1.5600703e-002
 1.5660936e-002
 1.5664855e-002
 1.5629178e-002
 1.5570620e-002
 1.5505881e-002
 1.5451687e-002
 1.5424741e-002
 1.5437680e-002
 1.5488122e-002
 1.5570201e-002
 1.5678069e-002
 1.5805891e-002
 1.5947785e-002
 1.6097935e-002
 1.6250448e-002
 1.6399512e-002
 1.6539237e-002
 1.6663805e-002
 1.6767334e-002
 1.6845463e-002
 1.6899129e-002
 1.6930498e-002
 1.6941724e-002
 1.6934963e-002
 1.6912380e-002
 1.6876129e-002
 1.6828364e-002
 1.6771251e-002
 1.6706938e-002
 1.6637595e-002
 1.6565366e-002
 1.6492249e-002
 1.6419601e-002
 1.6348662e-002
 1.6280651e-002
 1.6216813e-002
 1.6158361e-002
 1.6106538e-002
 1.6062567e-002
 1.6027685e-002
 1.6003115e-002
 1.5990088e-002
 1.5989367e-002
 1.6000072e-002
 1.6020956e-002
 1.6050775e-002
 1.6088283e-002
 1.6132245e-002
 1.6181404e-002
 1.6234526e-002
 1.6290359e-002
 1.6347669e-002
 1.6404942e-002
 1.6459798e-002
 1.6509665e-002
 1.6551947e-002
 1.6584078e-002
 1.6603466e-002
 1.6607536e-002
 1.6593713e-002
 1.6559407e-002
 1.6502049e-002
 1.6421139e-002
 1.6323375e-002
 1.6216941e-002
 1.6110072e-002
 1.6010948e-002
 1.5927799e-002
 1.5868824e-002
 1.5842222e-002
 1.5856210e-002
 1.5919000e-002
 1.6034560e-002
 1.6192675e-002
 1.6380072e-002
 1.6583543e-002
 1.6789811e-002
 1.6985675e-002
 1.7157851e-002
 1.7293138e-002
 1.7378265e-002
 1.7404594e-002
 1.7378734e-002
 1.7310480e-002
 1.7209612e-002
 1.7085940e-002
 1.6949227e-002
 1.6809298e-002
 1.6675910e-002
 1.6556982e-002
 1.6454088e-002
 1.6367571e-002
 1.6297722e-002
 1.6244877e-002
 1.6209338e-002
 1.6191427e-002
 1.6191453e-002
 1.6208950e-002
 1.6240874e-002
 1.6283680e-002
 1.6333794e-002
 1.6387669e-002
 1.6441742e-002
 1.6492462e-002
 1.6536260e-002
 1.6570928e-002
 1.6598554e-002
 1.6622115e-002
 1.6643211e-002
 1.6668485e-002
 1.6699074e-002
 1.6735520e-002
 1.6774444e-002
 1.6808465e-002
 1.6827490e-002
 1.6820185e-002
 1.6775550e-002
 1.6686149e-002
 1.6553694e-002
 1.6392285e-002
 1.6224800e-002
 1.6077301e-002
 1.5974414e-002
 1.5933722e-002
 1.5959438e-002
 1.6040422e-002
 1.6154015e-002
 1.6272372e-002
 1.6368307e-002
 1.6421394e-002
 1.6423754e-002
 1.6382139e-002
 1.6314635e-002
 1.6244696e-002
 1.6195212e-002
 1.6182778e-002
 1.6212964e-002
 1.6278801e-002
 1.6363442e-002
 1.6445104e-002
 1.6502412e-002
 1.6519407e-002
 1.6489396e-002
 1.6416108e-002
 1.6311696e-002
 1.6192717e-002
 1.6075654e-002
 1.5972672e-002
 1.5913950e-002
 1.5830237e-002
 1.5746348e-002
 1.5664199e-002
 1.5586222e-002
 1.5515706e-002
 1.5456820e-002
 1.5414374e-002
 1.5393208e-002
 1.5397159e-002
 1.5427950e-002
 1.5484196e-002
 1.5560990e-002
 1.5650334e-002
 1.5742663e-002
 1.5828704e-002
 1.5901078e-002
 1.5955552e-002
 1.5991416e-002
 1.6011156e-002
 1.6019456e-002
 1.6021920e-002
 1.6023906e-002
 1.6029580e-002
 1.6041396e-002
 1.6059875e-002
 1.6083531e-002
 1.6109210e-002
 1.6132658e-002
 1.6149336e-002
 1.6155178e-002
 1.6147051e-002
 1.6122967e-002
 1.6082134e-002
 1.6024945e-002
 1.5952939e-002
 1.5868893e-002
 1.5776733e-002
 1.5681464e-002
 1.5588802e-002
 1.5504564e-002
 1.5434004e-002
 1.5380979e-002
 1.5347262e-002
 1.5332199e-002
 1.5332682e-002
 1.5343628e-002
 1.5358799e-002
 1.5371892e-002
 1.5377642e-002
 1.5372775e-002
 1.5356598e-002
 1.5331123e-002
 1.5300686e-002
 1.5271165e-002
 1.5248875e-002
 1.5239420e-002
 1.5246665e-002
 1.5272074e-002
 1.5314500e-002
 1.5370496e-002
 1.5434975e-002
 1.5502128e-002
 1.5566351e-002
 1.5622892e-002
 1.5668258e-002
 1.5700258e-002
 1.5717778e-002
 1.5720520e-002
 1.5708748e-002
 1.5683243e-002
 1.5645355e-002
 1.5597178e-002
 1.5541570e-002
 1.5482062e-002
 1.5422452e-002
 1.5366226e-002
 1.5315995e-002
 1.5273034e-002
 1.5237241e-002
 1.5207444e-002
 1.5182068e-002
 1.5159961e-002
 1.5141061e-002
 1.5126725e-002
 1.5119540e-002
 1.5122666e-002
 1.5138892e-002
 1.5169678e-002
 1.5214491e-002
 1.5270594e-002
 1.5333438e-002
 1.5397402e-002
 1.5456805e-002
 1.5506875e-002
 1.5544359e-002
 1.5567828e-002
 1.5577527e-002
 1.5574979e-002
 1.5562464e-002
 1.5542530e-002
 1.5517625e-002
 1.5489897e-002
 1.5461085e-002
 1.5432459e-002
 1.5404785e-002
 1.5378251e-002
 1.5352487e-002
 1.5326663e-002
 1.5299741e-002
 1.5270901e-002
 1.5239982e-002
 1.5207904e-002
 1.5176814e-002
 1.5149903e-002
 1.5130895e-002
 1.5123232e-002
 1.5129226e-002
 1.5149386e-002
 1.5182128e-002
 1.5223971e-002
 1.5270184e-002
 1.5315744e-002
 1.5356241e-002
 1.5388631e-002
 1.5411506e-002
 1.5424971e-002
 1.5430143e-002
 1.5428509e-002
 1.5421350e-002
 1.5409409e-002
 1.5392861e-002
 1.5371514e-002
 1.5345151e-002
 1.5313772e-002
 1.5277728e-002
 1.5237593e-002
 1.5193906e-002
 1.5146926e-002
 1.5096484e-002
 1.5042027e-002
 1.4982982e-002
 1.4919152e-002
 1.4851237e-002
 1.4781126e-002
 1.4711902e-002
 1.4647617e-002
 1.4592656e-002
 1.4551086e-002
 1.4525933e-002
 1.4518664e-002
 1.4529009e-002
 1.4555094e-002
 1.4593908e-002
 1.4641979e-002
 1.4696138e-002
 1.4754103e-002
 1.4814883e-002
 1.4878720e-002
 1.4946694e-002
 1.5020031e-002
 1.5099145e-002
 1.5182886e-002
 1.5267924e-002
 1.5348680e-002
 1.5417793e-002
 1.5466983e-002
 1.5488325e-002
 1.5475541e-002
 1.5425104e-002
 1.5336893e-002
 1.5214357e-002
 1.5064089e-002
 1.4894859e-002
 1.4716589e-002
 1.4538997e-002
 1.4370718e-002
 1.4218553e-002
 1.4087177e-002
 1.3979426e-002
 1.3896656e-002
 1.3839454e-002
 1.3808100e-002
 1.3802829e-002
 1.3823730e-002
 1.3870267e-002
 1.3940604e-002
 1.4030972e-002
 1.4135408e-002
 1.4245911e-002
 1.4353266e-002
 1.4448372e-002
 1.4523627e-002
 1.4574345e-002
 1.4599511e-002
 1.4601931e-002
 1.4587562e-002
 1.4564262e-002
 1.4540230e-002
 1.4522521e-002
 1.4515923e-002
 1.4522419e-002
 1.4541270e-002
 1.4569624e-002
 1.4603425e-002
 1.4638406e-002
 1.4670973e-002
 1.4698737e-002
 1.4720758e-002
 1.4737395e-002
 1.4749924e-002
 1.4760018e-002
 1.4769204e-002
 1.4778430e-002
 1.4787835e-002
 1.4796722e-002
 1.4803747e-002
 1.4807246e-002
 1.4805626e-002
 1.4797728e-002
 1.4783085e-002
 1.4762034e-002
 1.4735695e-002
 1.4705818e-002
 1.4674546e-002
 1.4644186e-002
 1.4616948e-002
 1.4594785e-002
 1.4579259e-002
 1.4571468e-002
 1.4572049e-002
 1.4581188e-002
 1.4598683e-002
 1.4623995e-002
 1.4656314e-002
 1.4694564e-002
 1.4737421e-002
 1.4783208e-002
 1.4829799e-002
 1.4874503e-002
 1.4913962e-002
 1.4944199e-002
 1.4960870e-002
 1.4959705e-002
 1.4937211e-002
 1.4891478e-002
 1.4822946e-002
 1.4734876e-002
 1.4633466e-002
 1.4527249e-002
 1.4426105e-002
 1.4339740e-002
 1.4276070e-002
 1.4239905e-002
 1.4232072e-002
 1.4249331e-002
 1.4285026e-002
 1.4330378e-002
 1.4376064e-002
 1.4413871e-002
 1.4437939e-002
 1.4445548e-002
 1.4437247e-002
 1.4416413e-002
 1.4388403e-002
 1.4359460e-002
 1.4335655e-002
 1.4321948e-002
 1.4321594e-002
 1.4335846e-002
 1.4364007e-002
 1.4403723e-002
 1.4451456e-002
 1.4502957e-002
 1.4553752e-002
 1.4599540e-002
 1.4636452e-002
 1.4661324e-002
 1.4671874e-002
 1.4666944e-002
 1.4646698e-002
 1.4612787e-002
 1.4568361e-002
 1.4517891e-002
 1.4466731e-002
 1.4420423e-002
 1.4383954e-002
 1.4360971e-002
 1.4353290e-002
 1.4360701e-002
 1.4381202e-002
 1.4411536e-002
 1.4447886e-002
 1.4486550e-002
 1.4524320e-002
 1.4558640e-002
 1.4587414e-002
 1.4608755e-002
 1.4620823e-002
 1.4621891e-002
 1.4610766e-002
 1.4587409e-002
 1.4553575e-002
 1.4513138e-002
 1.4471954e-002
 1.4437046e-002
 1.4415357e-002
 1.4412240e-002
 1.4430149e-002
 1.4467889e-002
 1.4520685e-002
 1.4581038e-002
 1.4640256e-002
 1.4690260e-002
 1.4725146e-002
 1.4742270e-002
 1.4742516e-002
 1.4729735e-002
 1.4709549e-002
 1.4687799e-002
 1.4669019e-002
 1.4655266e-002
 1.4645624e-002
 1.4636423e-002
 1.4622203e-002
 1.4597164e-002
 1.4556778e-002
 1.4499230e-002
 1.4426224e-002
 1.4343071e-002
 1.4257882e-002
 1.4180054e-002
 1.4118533e-002
 1.4080009e-002
 1.4067755e-002
 1.4081097e-002
 1.4115787e-002
 1.4165000e-002
 1.4220731e-002
 1.4275230e-002
 1.4322090e-002
 1.4356963e-002
 1.4377687e-002
 1.4384089e-002
 1.4377545e-002
 1.4360491e-002
 1.4336013e-002
 1.4307558e-002
 1.4278709e-002
 1.4252964e-002
 1.4233503e-002
 1.4222852e-002
 1.4222562e-002
 1.4232937e-002
 1.4252908e-002
 1.4280120e-002
 1.4311253e-002
 1.4342474e-002
 1.4369988e-002
 1.4390564e-002
 1.4401893e-002
 1.4402829e-002
 1.4393418e-002
 1.4374831e-002
 1.4349177e-002
 1.4319313e-002
 1.4288596e-002
 1.4260586e-002
 1.4238718e-002
 1.4225855e-002
 1.4223844e-002
 1.4233067e-002
 1.4252162e-002
 1.4277979e-002
 1.4305897e-002
 1.4330450e-002
 1.4346249e-002
 1.4349001e-002
 1.4336399e-002
 1.4308725e-002
 1.4268985e-002
 1.4222535e-002
 1.4176209e-002
 1.4137204e-002
 1.4111781e-002
 1.4104179e-002
 1.4115827e-002
 1.4145059e-002
 1.4187369e-002
 1.4236168e-002
 1.4283921e-002
 1.4323370e-002
 1.4348751e-002
 1.4356608e-002
 1.4346186e-002
 1.4319275e-002
 1.4279592e-002
 1.4231871e-002
 1.4180915e-002
 1.4130789e-002
 1.4084315e-002
 1.4043011e-002
 1.4007271e-002
 1.3976812e-002
 1.3951096e-002
 1.3929635e-002
 1.3912127e-002
 1.3898324e-002
 1.3887811e-002
 1.3879730e-002
 1.3872618e-002
 1.3864446e-002
 1.3852878e-002
 1.3835756e-002
 1.3811696e-002
 1.3780632e-002
 1.3744228e-002
 1.3705928e-002
 1.3670596e-002
 1.3643802e-002
 1.3630745e-002
 1.3635147e-002
 1.3658264e-002
 1.3698351e-002
 1.3750677e-002
 1.3808229e-002
 1.3862845e-002
 1.3906660e-002
 1.3933482e-002
 1.3939723e-002
 1.3924826e-002
 1.3891005e-002
 1.3842518e-002
 1.3784616e-002
 1.3722582e-002
 1.3660897e-002
 1.3602894e-002
 1.3550710e-002
 1.3505522e-002
 1.3467962e-002
 1.3438439e-002
 1.3417353e-002
 1.3405170e-002
 1.3402347e-002
 1.3409221e-002
 1.3425897e-002
 1.3452213e-002
 1.3487719e-002
 1.3531711e-002
 1.3583194e-002
 1.3640826e-002
 1.3702838e-002
 1.3766888e-002
 1.3830096e-002
 1.3889098e-002
 1.3940337e-002
 1.3980477e-002
 1.4006821e-002
 1.4017775e-002
 1.4013101e-002
 1.3994021e-002
 1.3963055e-002
 1.3923706e-002
 1.3880019e-002
 1.3836108e-002
 1.3795790e-002
 1.3762254e-002
 1.3737911e-002
 1.3724267e-002
 1.3721866e-002
 1.3730246e-002
 1.3747904e-002
 1.3772280e-002
 1.3799828e-002
 1.3826225e-002
 1.3846689e-002
 1.3856513e-002
 1.3851668e-002
 1.3829467e-002
 1.3789151e-002
 1.3732314e-002
 1.3662994e-002
 1.3587482e-002
 1.3513703e-002
 1.3450251e-002
 1.3405303e-002
 1.3385371e-002
 1.3394307e-002
 1.3432576e-002
 1.3497079e-002
 1.3581465e-002
 1.3676974e-002
 1.3773682e-002
 1.3861766e-002
 1.3932878e-002
 1.3981056e-002
 1.4003364e-002
 1.3999998e-002
 1.3973951e-002
 1.3930359e-002
 1.3875646e-002
 1.3816613e-002
 1.3759583e-002
 1.3709827e-002
 1.3671129e-002
 1.3645720e-002
 1.3634372e-002
 1.3636689e-002
 1.3651476e-002
 1.3677107e-002
 1.3711803e-002
 1.3753794e-002
 1.3801383e-002
 1.3852837e-002
 1.3906272e-002
 1.3959544e-002
 1.4010131e-002
 1.4055252e-002
 1.4092042e-002
 1.4118012e-002
 1.4131456e-002
 1.4131731e-002
 1.4119428e-002
 1.4096322e-002
 1.4065173e-002
 1.4029570e-002
 1.3993586e-002
 1.3961159e-002
 1.3935407e-002
 1.3917926e-002
 1.3908344e-002
 1.3904306e-002
 1.3901862e-002
 1.3896258e-002
 1.3882961e-002
 1.3858663e-002
 1.3821817e-002
 1.3772704e-002
 1.3713202e-002
 1.3646307e-002
 1.3575571e-002
 1.3504678e-002
 1.3437030e-002
 1.3375366e-002
 1.3321576e-002
 1.3276534e-002
 1.3240176e-002
 1.3211615e-002
 1.3189400e-002
 1.3171853e-002
 1.3157402e-002
 1.3144920e-002
 1.3133957e-002
 1.3124865e-002
 1.3118768e-002
 1.3117418e-002
 1.3122963e-002
 1.3137692e-002
 1.3163828e-002
 1.3203342e-002
 1.3257681e-002
 1.3327501e-002
 1.3412446e-002
 1.3511033e-002
 1.3620494e-002
 1.3736834e-002
 1.3855053e-002
 1.3969330e-002
 1.4073521e-002
 1.4161528e-002
 1.4227861e-002
 1.4268224e-002
 1.4279787e-002
 1.4261352e-002
 1.4213375e-002
 1.4137942e-002
 1.4038590e-002
 1.3920163e-002
 1.3788440e-002
 1.3649995e-002
 1.3511774e-002
 1.3380571e-002
 1.3262614e-002
 1.3162956e-002
 1.3085170e-002
 1.3031026e-002
 1.3000449e-002
 1.2991706e-002
 1.3001687e-002
 1.3026336e-002
 1.3061076e-002
 1.3101262e-002
 1.3142505e-002
 1.3180957e-002
 1.3213510e-002
 1.3237868e-002
 1.3252625e-002
 1.3257243e-002
 1.3252022e-002
 1.3238034e-002
 1.3217029e-002
 1.3191300e-002
 1.3163553e-002
 1.3136737e-002
 1.3113859e-002
 1.3097816e-002
 1.3091190e-002
 1.3096066e-002
 1.3113829e-002
 1.3144988e-002
 1.3189004e-002
 1.3244234e-002
 1.3307899e-002
 1.3376242e-002
 1.3444852e-002
 1.3509056e-002
 1.3564492e-002
 1.3607713e-002
 1.3636666e-002
 1.3651083e-002
 1.3652568e-002
 1.3644424e-002
 1.3631172e-002
 1.3617850e-002
 1.3609180e-002
 1.3608793e-002
 1.3618583e-002
 1.3638387e-002
 1.3665978e-002
 1.3697453e-002
 1.3727852e-002
 1.3751980e-002
 1.3765227e-002
 1.3764238e-002
 1.3747347e-002
 1.3714686e-002
 1.3667988e-002
 1.3610091e-002
 1.3544356e-002
 1.3474022e-002
 1.3401648e-002
 1.3328875e-002
 1.3256328e-002
 1.3183924e-002
 1.3111305e-002
 1.3038380e-002
 1.2965925e-002
 1.2895908e-002
 1.2831682e-002
 1.2777792e-002
 1.2739451e-002
 1.2721813e-002
 1.2729027e-002
 1.2763366e-002
 1.2824508e-002
 1.2909233e-002
 1.3011670e-002
 1.3124088e-002
 1.3237757e-002
 1.3344027e-002
 1.3435334e-002
 1.3505849e-002
 1.3551920e-002
 1.3572278e-002
 1.3568105e-002
 1.3542688e-002
 1.3500808e-002
 1.3447946e-002
 1.3389398e-002
 1.3329557e-002
 1.3271327e-002
 1.3215993e-002
 1.3163351e-002
 1.3112145e-002
 1.3060715e-002
 1.3007614e-002
 1.2952189e-002
 1.2894890e-002
 1.2837255e-002
 1.2781737e-002
 1.2731262e-002
 1.2688826e-002
 1.2657034e-002
 1.2637746e-002
 1.2631897e-002
 1.2639397e-002
 1.2659135e-002
 1.2689105e-002
 1.2726649e-002
 1.2768712e-002
 1.2812139e-002
 1.2853949e-002
 1.2891512e-002
 1.2922725e-002
 1.2946055e-002
 1.2960583e-002
 1.2965990e-002
 1.2962537e-002
 1.2951043e-002
 1.2932851e-002
 1.2909789e-002
 1.2884056e-002
 1.2858112e-002
 1.2834444e-002
 1.2815332e-002
 1.2802555e-002
 1.2797094e-002
 1.2798922e-002
 1.2806866e-002
 1.2818640e-002
 1.2831029e-002
 1.2840260e-002
 1.2842496e-002
 1.2834413e-002
 1.2813766e-002
 1.2779878e-002
 1.2733910e-002
 1.2678947e-002
 1.2619770e-002
 1.2562356e-002
 1.2513239e-002
 1.2478678e-002
 1.2463893e-002
 1.2472370e-002
 1.2505401e-002
 1.2561896e-002
 1.2638531e-002
 1.2730112e-002
 1.2830190e-002
 1.2931826e-002
 1.3028219e-002
 1.3113433e-002
 1.3182767e-002
 1.3233053e-002
 1.3262709e-002
 1.3271575e-002
 1.3260687e-002
 1.3231950e-002
 1.3187836e-002
 1.3131087e-002
 1.3064534e-002
 1.2990954e-002
 1.2912960e-002
 1.2833047e-002
 1.2753525e-002
 1.2676615e-002
 1.2604448e-002
 1.2539044e-002
 1.2482363e-002
 1.2436185e-002
 1.2402058e-002
 1.2381110e-002
 1.2373849e-002
 1.2379923e-002
 1.2397896e-002
 1.2425063e-002
 1.2457401e-002
 1.2489705e-002
 1.2515901e-002
 1.2529638e-002
 1.2525022e-002
 1.2497503e-002
 1.2444714e-002
 1.2367197e-002
 1.2268823e-002
 1.2156717e-002
 1.2040832e-002
 1.1932892e-002
 1.1845160e-002
 1.1788886e-002
 1.1772799e-002
 1.1801898e-002
 1.1876658e-002
 1.1992748e-002
 1.2141294e-002
 1.2309893e-002
 1.2483970e-002
 1.2648728e-002
 1.2790863e-002
 1.2900285e-002
 1.2971420e-002
 1.3003570e-002
 1.3000398e-002
 1.2968867e-002
 1.2918017e-002
 1.2857646e-002
 1.2797222e-002
 1.2744941e-002
 1.2707290e-002
 1.2688765e-002
 1.2691536e-002
 1.2715343e-002
 1.2757638e-002
 1.2813997e-002
 1.2878648e-002
 1.2945200e-002
 1.3007247e-002
 1.3058973e-002
 1.3095492e-002
 1.3112925e-002
 1.3138772e-002
 1.3111307e-002
 1.3057676e-002
 1.2977320e-002
 1.2871006e-002
 1.2741478e-002
 1.2593918e-002
 1.2435624e-002
 1.2275307e-002
 1.2122473e-002
 1.1986697e-002
 1.1877263e-002
 1.1802469e-002
 1.1768724e-002
 1.1779576e-002
 1.1834996e-002
 1.1931207e-002
 1.2060905e-002
 1.2214225e-002
 1.2379658e-002
 1.2544948e-002
 1.2697849e-002
 1.2826719e-002
 1.2921609e-002
 1.2975346e-002
 1.2984722e-002
 1.2950950e-002
 1.2879232e-002
 1.2777663e-002
 1.2656084e-002
 1.2525115e-002
 1.2395408e-002
 1.2277161e-002
 1.2179284e-002
 1.2108667e-002
 1.2069395e-002
 1.2062468e-002
 1.2086117e-002
 1.2136512e-002
 1.2208608e-002
 1.2296751e-002
 1.2395168e-002
 1.2498190e-002
 1.2600569e-002
 1.2697832e-002
 1.2786460e-002
 1.2864099e-002
 1.2929366e-002
 1.2981630e-002
 1.3020727e-002
 1.3046698e-002
 1.3059715e-002
 1.3060038e-002
 1.3048076e-002
 1.3024460e-002
 1.2990140e-002
 1.2946394e-002
 1.2894819e-002
 1.2837242e-002
 1.2775605e-002
 1.2711935e-002
 1.2648232e-002
 1.2586466e-002
 1.2528478e-002
 1.2475873e-002
 1.2429989e-002
 1.2391836e-002
 1.2362123e-002
 1.2341358e-002
 1.2329902e-002
 1.2328055e-002
 1.2336038e-002
 1.2353974e-002
 1.2381777e-002
 1.2419031e-002
 1.2464860e-002
 1.2517882e-002
 1.2576276e-002
 1.2637867e-002
 1.2700304e-002
 1.2761140e-002
 1.2817940e-002
 1.2868413e-002
 1.2910520e-002
 1.2942706e-002
 1.2964033e-002
 1.2974259e-002
 1.2973779e-002
 1.2963444e-002
 1.2944392e-002
 1.2917892e-002
 1.2885281e-002
 1.2847912e-002
 1.2807176e-002
 1.2764499e-002
 1.2721341e-002
 1.2679236e-002
 1.2639742e-002
 1.2604470e-002
 1.2575040e-002
 1.2553046e-002
 1.2540020e-002
 1.2537280e-002
 1.2545743e-002
 1.2565633e-002
 1.2596255e-002
 1.2635878e-002
 1.2681857e-002
 1.2730853e-002
 1.2779123e-002
 1.2822781e-002
 1.2857956e-002
 1.2881075e-002
 1.2889152e-002
 1.2880234e-002
 1.2853740e-002
 1.2810624e-002
 1.2753233e-002
 1.2684909e-002
 1.2609627e-002
 1.2531606e-002
 1.2455126e-002
 1.2384293e-002
 1.2322764e-002
 1.2273509e-002
 1.2238496e-002
 1.2218631e-002
 1.2213835e-002
 1.2223306e-002
 1.2245807e-002
 1.2279879e-002
 1.2323934e-002
 1.2376247e-002
 1.2434904e-002
 1.2497625e-002
 1.2561698e-002
 1.2623879e-002
 1.2680472e-002
 1.2727463e-002
 1.2760633e-002
 1.2775740e-002
 1.2768729e-002
 1.2736076e-002
 1.2675365e-002
 1.2586036e-002
 1.2470065e-002
 1.2332164e-002
 1.2179620e-002
 1.2021501e-002
 1.1868013e-002
 1.1729797e-002
 1.1617315e-002
 1.1540287e-002
 1.1506636e-002
 1.1521368e-002
 1.1585478e-002
 1.1695558e-002
 1.1844169e-002
 1.2020993e-002
 1.2213907e-002
 1.2410010e-002
 1.2596416e-002
 1.2760803e-002
 1.2892337e-002
 1.2982735e-002
 1.3027069e-002
 1.3024211e-002
 1.2976420e-002
 1.2888487e-002
 1.2766675e-002
 1.2618012e-002
 1.2449685e-002
 1.2268840e-002
 1.2082272e-002
 1.1896069e-002
 1.1715539e-002
 1.1544938e-002
 1.1387723e-002
 1.1246695e-002
 1.1124217e-002
 1.1022489e-002
 1.0943488e-002
 1.0888973e-002
 1.0860200e-002
 1.0857620e-002
 1.0880609e-002
 1.0927353e-002
 1.0994950e-002
 1.1079693e-002
 1.1177435e-002
 1.1283784e-002
 1.1394335e-002
 1.1504889e-002
 1.1611589e-002
 1.1711302e-002
 1.1801764e-002
 1.1881725e-002
 1.1950871e-002
 1.2009527e-002
 1.2058450e-002
 1.2098570e-002
 1.2130925e-002
 1.2156547e-002
 1.2176499e-002
 1.2191841e-002
 1.2203625e-002
 1.2212913e-002
 1.2220765e-002
 1.2228239e-002
 1.2236391e-002
 1.2246273e-002
 1.2258912e-002
 1.2275271e-002
 1.2296202e-002
 1.2322361e-002
 1.2354118e-002
 1.2391563e-002
 1.2434511e-002
 1.2482594e-002
 1.2535279e-002
 1.2591992e-002
 1.2652079e-002
 1.2714690e-002
 1.2778711e-002
 1.2842529e-002
 1.2903812e-002
 1.2959519e-002
 1.3005928e-002
 1.3038789e-002
 1.3053605e-002
 1.3045792e-002
 1.3010915e-002
 1.2945103e-002
 1.2845584e-002
 1.2711426e-002
 1.2544336e-002
 1.2348735e-002
 1.2131560e-002
 1.1901770e-002
 1.1669273e-002
 1.1444493e-002
 1.1237758e-002
 1.1058940e-002
 1.0916404e-002
 1.0816267e-002
 1.0761614e-002
 1.0752027e-002
 1.0784033e-002
 1.0851846e-002
 1.0948339e-002
 1.1065783e-002
 1.1196234e-002
 1.1332106e-002
 1.1466496e-002
 1.1593747e-002
 1.1709764e-002
 1.1812375e-002
 1.1901053e-002
 1.1976425e-002
 1.2039913e-002
 1.2093267e-002
 1.2138282e-002
 1.2176673e-002
 1.2209822e-002
 1.2238572e-002
 1.2262997e-002
 1.2282365e-002
 1.2295194e-002
 1.2299444e-002
 1.2292762e-002
 1.2272667e-002
 1.2236752e-002
 1.2182889e-002
 1.2109586e-002
 1.2016390e-002
 1.1904350e-002
 1.1776049e-002
 1.1635487e-002
 1.1487829e-002
 1.1338760e-002
 1.1194225e-002
 1.1060226e-002
 1.0942272e-002
 1.0845028e-002
 1.0771784e-002
 1.0723799e-002
 1.0700187e-002
 1.0698104e-002
 1.0713266e-002
 1.0740530e-002
 1.0774400e-002
 1.0809383e-002
 1.0840440e-002
 1.0863511e-002
 1.0876170e-002
 1.0878253e-002
 1.0872069e-002
 1.0862167e-002
 1.0854750e-002
 1.0856980e-002
 1.0876400e-002
 1.0920384e-002
 1.0995497e-002
 1.1106562e-002
 1.1255343e-002
 1.1439645e-002
 1.1652836e-002
 1.1884095e-002
 1.2119787e-002
 1.2344482e-002
 1.2542089e-002
 1.2696556e-002
 1.2793192e-002
 1.2819930e-002
 1.2769186e-002
 1.2639502e-002
 1.2436098e-002
 1.2170445e-002
 1.1858365e-002
 1.1518393e-002
 1.1170154e-002
 1.0833602e-002
 1.0527461e-002
 1.0268192e-002
 1.0068561e-002
 9.9358726e-003
 9.8716598e-003
 9.8722260e-003
 9.9299382e-003
 1.0034897e-002
 1.0176037e-002
 1.0342103e-002
 1.0522168e-002
 1.0706319e-002
 1.0886188e-002
 1.1055821e-002
 1.1211781e-002
 1.1352800e-002
 1.1479410e-002
 1.1593134e-002
 1.1695893e-002
 1.1789814e-002
 1.1876891e-002
 1.1958801e-002
 1.2036573e-002
 1.2110500e-002
 1.2179982e-002
 1.2243574e-002
 1.2299293e-002
 1.2344805e-002
 1.2377610e-002
 1.2395300e-002
 1.2395740e-002
 1.2377427e-002
 1.2339919e-002
 1.2284203e-002
 1.2212835e-002
 1.2129858e-002
 1.2040319e-002
 1.1949879e-002
 1.1864524e-002
 1.1790137e-002
 1.1732233e-002
 1.1695541e-002
 1.1683347e-002
 1.1697057e-002
 1.1735993e-002
 1.1797545e-002
 1.1877740e-002
 1.1971780e-002
 1.2074412e-002
 1.2180365e-002
 1.2284512e-002
 1.2382044e-002
 1.2468888e-002
 1.2541874e-002
 1.2598780e-002
 1.2638346e-002
 1.2659966e-002
 1.2663435e-002
 1.2648768e-002
 1.2616108e-002
 1.2565742e-002
 1.2498260e-002
 1.2414657e-002
 1.2316499e-002
 1.2206080e-002
 1.2086213e-002
 1.1960165e-002
 1.1831431e-002
 1.1703702e-002
 1.1580559e-002
 1.1465435e-002
 1.1361493e-002
 1.1271234e-002
 1.1196378e-002
 1.1137823e-002
 1.1095620e-002
 1.1069256e-002
 1.1057860e-002
 1.1060379e-002
 1.1075624e-002
 1.1102265e-002
 1.1138665e-002
 1.1182751e-002
 1.1231831e-002
 1.1282496e-002
 1.1330749e-002
 1.1372139e-002
 1.1401934e-002
 1.1415381e-002
 1.1407928e-002
 1.1375642e-002
 1.1315948e-002
 1.1228458e-002
 1.1115758e-002
 1.0983836e-002
 1.0841598e-002
 1.0700142e-002
 1.0571957e-002
 1.0469905e-002
 1.0406621e-002
 1.0393515e-002
 1.0439349e-002
 1.0548431e-002
 1.0719096e-002
 1.0942881e-002
 1.1205412e-002
 1.1487923e-002
 1.1768832e-002
 1.2025691e-002
 1.2236247e-002
 1.2379795e-002
 1.2439547e-002
 1.2404962e-002
 1.2274020e-002
 1.2054283e-002
 1.1761786e-002
 1.1418797e-002
 1.1051566e-002
 1.0687680e-002
 1.0354606e-002
 1.0078112e-002
 9.8793525e-003
 9.7722197e-003
 9.7606303e-003
 9.8374458e-003
 9.9855270e-003
 1.0180453e-002
 1.0393308e-002
 1.0593464e-002
 1.0750399e-002
 1.0835661e-002
 1.0825874e-002
 1.0705915e-002
 1.0472084e-002
 1.0133148e-002
 9.7092120e-003
 9.2285937e-003
 8.7249046e-003
 8.2335491e-003
 7.7899247e-003
 7.4275401e-003
 7.1745045e-003
 7.0504858e-003
 7.0636258e-003
 7.2091166e-003
 7.4705980e-003
 7.8232586e-003
 8.2369372e-003
 8.6794430e-003
 9.1183912e-003
 9.5227100e-003
 9.8655578e-003
 1.0126656e-002
 1.0294548e-002
 1.0367945e-002
 1.0354471e-002
 1.0268403e-002
 1.0127955e-002
 9.9530946e-003
 9.7639151e-003
 9.5793633e-003
 9.4151786e-003
 9.2819110e-003
 9.1831321e-003
 9.1144815e-003
 9.0645533e-003
 9.0167793e-003
 8.9515131e-003
 8.8479444e-003
 8.6857183e-003
 8.4471907e-003
 8.1202490e-003
 7.7021443e-003
 7.2032586e-003
 6.6478732e-003
 6.0730302e-003
 5.5256025e-003
 5.0575533e-003
 4.7230292e-003
 4.5754137e-003
 4.6629147e-003
 5.0232029e-003
 5.6763249e-003
 6.6176439e-003
 7.8161936e-003
 9.2170667e-003
 1.0746524e-002
 1.2321295e-002
 1.3853683e-002
 1.5255213e-002
 1.6443923e-002
 1.7349675e-002
 1.7922994e-002
 1.8141951e-002
 1.8015994e-002
 1.7582169e-002
 1.6898425e-002
 1.6034668e-002
 1.5066140e-002
 1.4069511e-002
 1.3117215e-002
 1.2273296e-002
 1.1587054e-002
 1.1088414e-002
 1.0784814e-002
 1.0664009e-002
 1.0699167e-002
 1.0854599e-002
 1.1090681e-002
 1.1366755e-002
 1.1643997e-002
 1.1887990e-002
 1.2071684e-002
 1.2178491e-002
 1.2203141e-002
 1.2150613e-002
 1.2033468e-002
 1.1868734e-002
 1.1675466e-002
 1.1473319e-002
 1.1281024e-002
 1.1115227e-002
 1.0989117e-002
 1.0910906e-002
 1.0883491e-002
 1.0904910e-002
 1.0969542e-002
 1.1069572e-002
 1.1196154e-002
 1.1340003e-002
 1.1492034e-002
 1.1643676e-002
 1.1787167e-002
 1.1916124e-002
 1.2025599e-002
 1.2111866e-002
 1.2172210e-002
 1.2204457e-002
 1.2206765e-002
 1.2177575e-002
 1.2115756e-002
 1.2020876e-002
 1.1893713e-002
 1.1736485e-002
 1.1553056e-002
 1.1348985e-002
 1.1130912e-002
 1.0906255e-002
 1.0682694e-002
 1.0468095e-002
 1.0270036e-002
 1.0095903e-002
 9.9529484e-003
 9.8505057e-003
 9.8070046e-003
 9.7900061e-003
 9.8068183e-003
 9.8522715e-003
 9.9211978e-003
 1.0008461e-002
 1.0108853e-002
 1.0217232e-002
 1.0328430e-002
 1.0437289e-002
 1.0539040e-002
 1.0632348e-002
 1.0717859e-002
 1.0796215e-002
 1.0868073e-002
 1.0934037e-002
 1.0994767e-002
 1.1050906e-002
 1.1103105e-002
 1.1151979e-002
 1.1198184e-002
 1.1242358e-002
 1.1285155e-002
 1.1327194e-002
 1.1369066e-002
 1.1410823e-002
 1.1452223e-002
 1.1493036e-002
 1.1533000e-002
 1.1571884e-002
 1.1609447e-002
 1.1645457e-002
 1.1679654e-002
 1.1711805e-002
 1.1741672e-002
 1.1769017e-002
 1.1793585e-002
 1.1815144e-002
 1.1833451e-002
 1.1848266e-002
 1.1859350e-002
 1.1866454e-002
 1.1869369e-002
 1.1868119e-002
 1.1862851e-002
 1.1853718e-002
 1.1840868e-002
 1.1824453e-002
 1.1804616e-002
 1.1781521e-002
 1.1755309e-002
 1.1726134e-002
 1.1694144e-002
 1.1659481e-002
 1.1622312e-002
 1.1582780e-002
 1.1541034e-002
 1.1497217e-002
 1.1451495e-002
 1.1404011e-002
 1.1354915e-002
 1.1304344e-002
 1.1252474e-002
 1.1199443e-002
 1.1145405e-002
 1.1090548e-002
 1.1035122e-002
 1.0979339e-002
 1.0923423e-002
 1.0867595e-002
 1.0812067e-002
 1.0757091e-002
 1.0702876e-002
 1.0649646e-002
 1.0597610e-002
 1.0547022e-002
 1.0498088e-002
 1.0451035e-002
 1.0406077e-002
 1.0363455e-002
 1.0323386e-002
 1.0286091e-002
 1.0251795e-002
 1.0220715e-002
 1.0193089e-002
 1.0169135e-002
 1.0149075e-002
 1.0133129e-002
 1.0121529e-002
 1.0114494e-002
 1.0112208e-002
 1.0114534e-002
 1.0121163e-002
 1.0131794e-002
 1.0146121e-002
 1.0163844e-002
 1.0184659e-002
 1.0208255e-002
 1.0234331e-002
 1.0262585e-002
 1.0292719e-002
 1.0324416e-002
 1.0357378e-002
 1.0391300e-002
 1.0425888e-002
 1.0460820e-002
 1.0495802e-002
 1.0530530e-002
 1.0564705e-002
 1.0598010e-002
 1.0630148e-002
 1.0660814e-002
 1.0689705e-002
 1.0716525e-002
 1.0740953e-002
 1.0762695e-002
 1.0781446e-002
 1.0796906e-002
 1.0808762e-002
 1.0816715e-002
 1.0820501e-002
 1.0820176e-002
 1.0815945e-002
 1.0808015e-002
