s07_ASD Record=10707: Sphalerite S26-34             BECKb AREF
 3.7404153e-002
 3.7689105e-002
 3.8007613e-002
 3.8337089e-002
 3.8657688e-002
 3.8958680e-002
 3.9239883e-002
 3.9508104e-002
 3.9772265e-002
 4.0039428e-002
 4.0312968e-002
 4.0592574e-002
 4.0875178e-002
 4.1155800e-002
 4.1428734e-002
 4.1689660e-002
 4.1937720e-002
 4.2176276e-002
 4.2412143e-002
 4.2653769e-002
 4.2908553e-002
 4.3180455e-002
 4.3469436e-002
 4.3773107e-002
 4.4089690e-002
 4.4420678e-002
 4.4772182e-002
 4.5152780e-002
 4.5568023e-002
 4.6016458e-002
 4.6488881e-002
 4.6971951e-002
 4.7452368e-002
 4.7918577e-002
 4.8362512e-002
 4.8781950e-002
 4.9178656e-002
 4.9555115e-002
 4.9913831e-002
 5.0258514e-002
 5.0595868e-002
 5.0935905e-002
 5.1290084e-002
 5.1668242e-002
 5.2075639e-002
 5.2511297e-002
 5.2967582e-002
 5.3431589e-002
 5.3888269e-002
 5.4325331e-002
 5.4737996e-002
 5.5131149e-002
 5.5517536e-002
 5.5912420e-002
 5.6328084e-002
 5.6770802e-002
 5.7239909e-002
 5.7728320e-002
 5.8226209e-002
 5.8720484e-002
 5.9193846e-002
 5.9642270e-002
 6.0066074e-002
 6.0462698e-002
 6.0828358e-002
 6.1162665e-002
 6.1466154e-002
 6.1740775e-002
 6.1990991e-002
 6.2224515e-002
 6.2448766e-002
 6.2665485e-002
 6.2868387e-002
 6.3046306e-002
 6.3189775e-002
 6.3297816e-002
 6.3381299e-002
 6.3460469e-002
 6.3557424e-002
 6.3686870e-002
 6.3849360e-002
 6.4029925e-002
 6.4202733e-002
 6.4339682e-002
 6.4419948e-002
 6.4437285e-002
 6.4403020e-002
 6.4343944e-002
 6.4295560e-002
 6.4292394e-002
 6.4358130e-002
 6.4498685e-002
 6.4701006e-002
 6.4938612e-002
 6.5181531e-002
 6.5406911e-002
 6.5606989e-002
 6.5790564e-002
 6.5975972e-002
 6.6178955e-002
 6.6403404e-002
 6.6640511e-002
 6.6876255e-002
 6.7101426e-002
 6.7318030e-002
 6.7537487e-002
 6.7769855e-002
 6.8013862e-002
 6.8256907e-002
 6.8485707e-002
 6.8698257e-002
 6.8905801e-002
 6.9123961e-002
 6.9362879e-002
 6.9625787e-002
 6.9913343e-002
 7.0223629e-002
 7.0545897e-002
 7.0858210e-002
 7.1139663e-002
 7.1389474e-002
 7.1632698e-002
 7.1901068e-002
 7.2204053e-002
 7.2518624e-002
 7.2809830e-002
 7.3065229e-002
 7.3311985e-002
 7.3601045e-002
 7.3969863e-002
 7.4413307e-002
 7.4886270e-002
 7.5336024e-002
 7.5737812e-002
 7.6104634e-002
 7.6467380e-002
 7.6847285e-002
 7.7246308e-002
 7.7657655e-002
 7.8077376e-002
 7.8501187e-002
 7.8912981e-002
 7.9285711e-002
 7.9601467e-002
 7.9873644e-002
 8.0146804e-002
 8.0470353e-002
 8.0868445e-002
 8.1332661e-002
 8.1841387e-002
 8.2382858e-002
 8.2957365e-002
 8.3559811e-002
 8.4168293e-002
 8.4756069e-002
 8.5313328e-002
 8.5849389e-002
 8.6372763e-002
 8.6876631e-002
 8.7351784e-002
 8.7810166e-002
 8.8283554e-002
 8.8792227e-002
 8.9323252e-002
 8.9852326e-002
 9.0383694e-002
 9.0955764e-002
 9.1604829e-002
 9.2329480e-002
 9.3088128e-002
 9.3821391e-002
 9.4483279e-002
 9.5068805e-002
 9.5618382e-002
 9.6184842e-002
 9.6790113e-002
 9.7416826e-002
 9.8040059e-002
 9.8658763e-002
 9.9294811e-002
 9.9972188e-002
 1.0070501e-001
 1.0149985e-001
 1.0235589e-001
 1.0325511e-001
 1.0416408e-001
 1.0506111e-001
 1.0596032e-001
 1.0689141e-001
 1.0785002e-001
 1.0877909e-001
 1.0961036e-001
 1.1032619e-001
 1.1097503e-001
 1.1162690e-001
 1.1232253e-001
 1.1307221e-001
 1.1388548e-001
 1.1477569e-001
 1.1573343e-001
 1.1671706e-001
 1.1768194e-001
 1.1861385e-001
 1.1953101e-001
 1.2045935e-001
 1.2141125e-001
 1.2238375e-001
 1.2335967e-001
 1.2430274e-001
 1.2517157e-001
 1.2596633e-001
 1.2675132e-001
 1.2760225e-001
 1.2853487e-001
 1.2951098e-001
 1.3050014e-001
 1.3149795e-001
 1.3249642e-001
 1.3347954e-001
 1.3444483e-001
 1.3539292e-001
 1.3630319e-001
 1.3716662e-001
 1.3804705e-001
 1.3906257e-001
 1.4026405e-001
 1.4153084e-001
 1.4262335e-001
 1.4338589e-001
 1.4390276e-001
 1.4442594e-001
 1.4516398e-001
 1.4616869e-001
 1.4737569e-001
 1.4867499e-001
 1.4995393e-001
 1.5114959e-001
 1.5228045e-001
 1.5339148e-001
 1.5446953e-001
 1.5545438e-001
 1.5632889e-001
 1.5715642e-001
 1.5802121e-001
 1.5895195e-001
 1.5991527e-001
 1.6087973e-001
 1.6187270e-001
 1.6295493e-001
 1.6413037e-001
 1.6530168e-001
 1.6634490e-001
 1.6722952e-001
 1.6803932e-001
 1.6887470e-001
 1.6976480e-001
 1.7068388e-001
 1.7159900e-001
 1.7249092e-001
 1.7335603e-001
 1.7418140e-001
 1.7493567e-001
 1.7562133e-001
 1.7630634e-001
 1.7706144e-001
 1.7789078e-001
 1.7874715e-001
 1.7958654e-001
 1.8037756e-001
 1.8106802e-001
 1.8159823e-001
 1.8199152e-001
 1.8238176e-001
 1.8287605e-001
 1.8343443e-001
 1.8395583e-001
 1.8442464e-001
 1.8490446e-001
 1.8542513e-001
 1.8593647e-001
 1.8637426e-001
 1.8673751e-001
 1.8709168e-001
 1.8749630e-001
 1.8794550e-001
 1.8839012e-001
 1.8881170e-001
 1.8927233e-001
 1.8987383e-001
 1.9064964e-001
 1.9150582e-001
 1.9227785e-001
 1.9284792e-001
 1.9322315e-001
 1.9351326e-001
 1.9383757e-001
 1.9426525e-001
 1.9482401e-001
 1.9550896e-001
 1.9626300e-001
 1.9699614e-001
 1.9766143e-001
 1.9829945e-001
 1.9899312e-001
 1.9977964e-001
 2.0060551e-001
 2.0137523e-001
 2.0204753e-001
 2.0265864e-001
 2.0324454e-001
 2.0378006e-001
 2.0420790e-001
 2.0450322e-001
 2.0470208e-001
 2.0488298e-001
 2.0511933e-001
 2.0543197e-001
 2.0578027e-001
 2.0609879e-001
 2.0636293e-001
 2.0663273e-001
 2.0701657e-001
 2.0759684e-001
 2.0838913e-001
 2.0933188e-001
 2.1029234e-001
 2.1111368e-001
 2.1170336e-001
 2.1209709e-001
 2.1243416e-001
 2.1287249e-001
 2.1351819e-001
 2.1439016e-001
 2.1539341e-001
 2.1631691e-001
 2.1692218e-001
 2.1711247e-001
 2.1704176e-001
 2.1702665e-001
 2.1731576e-001
 2.1792676e-001
 2.1869189e-001
 2.1943763e-001
 2.2011441e-001
 2.2077748e-001
 2.2147432e-001
 2.2216415e-001
 2.2274730e-001
 2.2316332e-001
 2.2345740e-001
 2.2375555e-001
 2.2417562e-001
 2.2474283e-001
 2.2533955e-001
 2.2578943e-001
 2.2608101e-001
 2.2639833e-001
 2.2689964e-001
 2.2752817e-001
 2.2814713e-001
 2.2874418e-001
 2.2940932e-001
 2.3019968e-001
 2.3107322e-001
 2.3193093e-001
 2.3273090e-001
 2.3352155e-001
 2.3430443e-001
 2.3495571e-001
 2.3539214e-001
 2.3572293e-001
 2.3613366e-001
 2.3670153e-001
 2.3737907e-001
 2.3808423e-001
 2.3877491e-001
 2.3947228e-001
 2.4023247e-001
 2.4109726e-001
 2.4205683e-001
 2.4304761e-001
 2.4400006e-001
 2.4492051e-001
 2.4595165e-001
 2.4729334e-001
 2.4896115e-001
 2.5071809e-001
 2.5239348e-001
 2.5412390e-001
 2.5611645e-001
 2.5836772e-001
 2.6077417e-001
 2.6332316e-001
 2.6601455e-001
 2.6873294e-001
 2.7133361e-001
 2.7380705e-001
 2.7625206e-001
 2.7879730e-001
 2.8157046e-001
 2.8463513e-001
 2.8795406e-001
 2.9136649e-001
 2.9461378e-001
 2.9750374e-001
 3.0006987e-001
 3.0253547e-001
 3.0513245e-001
 3.0791339e-001
 3.1074491e-001
 3.1347749e-001
 3.1609160e-001
 3.1869498e-001
 3.2138631e-001
 3.2411766e-001
 3.2669920e-001
 3.2896310e-001
 3.3093992e-001
 3.3285064e-001
 3.3491269e-001
 3.3715534e-001
 3.3941716e-001
 3.4151390e-001
 3.4340155e-001
 3.4517044e-001
 3.4691924e-001
 3.4867668e-001
 3.5038960e-001
 3.5196447e-001
 3.5314897e-001
 3.5450783e-001
 3.5594657e-001
 3.5756809e-001
 3.5928303e-001
 3.6092439e-001
 3.6232498e-001
 3.6335319e-001
 3.6411375e-001
 3.6480626e-001
 3.6563072e-001
 3.6675009e-001
 3.6808541e-001
 3.6945960e-001
 3.7069559e-001
 3.7164351e-001
 3.7233695e-001
 3.7288380e-001
 3.7339213e-001
 3.7395760e-001
 3.7459478e-001
 3.7540427e-001
 3.7613368e-001
 3.7687573e-001
 3.7761047e-001
 3.7831634e-001
 3.7897205e-001
 3.7955594e-001
 3.8004813e-001
 3.8046131e-001
 3.8084021e-001
 3.8123131e-001
 3.8168088e-001
 3.8223293e-001
 3.8287792e-001
 3.8355362e-001
 3.8419548e-001
 3.8473916e-001
 3.8512266e-001
 3.8534096e-001
 3.8544470e-001
 3.8548696e-001
 3.8552073e-001
 3.8559911e-001
 3.8576421e-001
 3.8601592e-001
 3.8634396e-001
 3.8673782e-001
 3.8718733e-001
 3.8768199e-001
 3.8821161e-001
 3.8876599e-001
 3.8933513e-001
 3.8990885e-001
 3.9047712e-001
 3.9102980e-001
 3.9155683e-001
 3.9205110e-001
 3.9251620e-001
 3.9295846e-001
 3.9338422e-001
 3.9379975e-001
 3.9421138e-001
 3.9462548e-001
 3.9504832e-001
 3.9548507e-001
 3.9593658e-001
 3.9640272e-001
 3.9688331e-001
 3.9737827e-001
 3.9788732e-001
-1.2300000e+034
-1.2300000e+034
 3.9949813e-001
 4.0006244e-001
 4.0064010e-001
 4.0123114e-001
 4.0183520e-001
 4.0245229e-001
-1.2300000e+034
-1.2300000e+034
 4.0437970e-001
 4.0504718e-001
 4.0572682e-001
 4.0641844e-001
 4.0712211e-001
 4.0783745e-001
 4.0856451e-001
 4.0930292e-001
 4.1005275e-001
 4.1081363e-001
 4.1158563e-001
 4.1236839e-001
 4.1316274e-001
 4.1397178e-001
 4.1479975e-001
 4.1565043e-001
 4.1652796e-001
 4.1743621e-001
 4.1837910e-001
 4.1936094e-001
 4.2038536e-001
 4.2145655e-001
 4.2257831e-001
 4.2375490e-001
 4.2498806e-001
 4.2627329e-001
 4.2760399e-001
 4.2897412e-001
 4.3037710e-001
 4.3180686e-001
 4.3325675e-001
 4.3472087e-001
 4.3619251e-001
 4.3766549e-001
 4.3913367e-001
 4.4059101e-001
 4.4203413e-001
 4.4345939e-001
 4.4486398e-001
 4.4624415e-001
 4.4759718e-001
 4.4891933e-001
 4.5020774e-001
 4.5145878e-001
 4.5266959e-001
 4.5384055e-001
 4.5498639e-001
 4.5612466e-001
 4.5727268e-001
 4.5844811e-001
 4.5966834e-001
 4.6095103e-001
 4.6231350e-001
 4.6377346e-001
 4.6534824e-001
 4.6704769e-001
 4.6885413e-001
 4.7074494e-001
 4.7269660e-001
 4.7468644e-001
 4.7669101e-001
 4.7868741e-001
 4.8065284e-001
 4.8256367e-001
 4.8439744e-001
 4.8613799e-001
 4.8779544e-001
 4.8938423e-001
 4.9091971e-001
 4.9241644e-001
 4.9388969e-001
 4.9535403e-001
 4.9682474e-001
 4.9831641e-001
 4.9984008e-001
 5.0139374e-001
 5.0297189e-001
 5.0456989e-001
 5.0618231e-001
 5.0780439e-001
 5.0943077e-001
 5.1105678e-001
 5.1267707e-001
 5.1428741e-001
 5.1588297e-001
 5.1745981e-001
 5.1901275e-001
 5.2053803e-001
 5.2203059e-001
 5.2348614e-001
 5.2490342e-001
 5.2629000e-001
 5.2765638e-001
 5.2901196e-001
 5.3036714e-001
 5.3173172e-001
 5.3311586e-001
 5.3452921e-001
 5.3597736e-001
 5.3744960e-001
 5.3893286e-001
 5.4030836e-001
 5.4176044e-001
 5.4318744e-001
 5.4457539e-001
 5.4592562e-001
 5.4724765e-001
 5.4855651e-001
 5.4986995e-001
 5.5120540e-001
 5.5257475e-001
 5.5397540e-001
 5.5538571e-001
 5.5677032e-001
 5.5808890e-001
 5.5930400e-001
 5.6039077e-001
 5.6134880e-001
 5.6220531e-001
 5.6300861e-001
 5.6381631e-001
 5.6468433e-001
 5.6565529e-001
 5.6674677e-001
 5.6794780e-001
 5.6922430e-001
 5.7053113e-001
 5.7182091e-001
 5.7305145e-001
 5.7419062e-001
 5.7521760e-001
 5.7612157e-001
 5.7689816e-001
 5.7754880e-001
 5.7808316e-001
 5.7852191e-001
 5.7889795e-001
 5.7925361e-001
 5.7963473e-001
 5.8008313e-001
 5.8062768e-001
 5.8165932e-001
 5.8229518e-001
 5.8294821e-001
 5.8360982e-001
 5.8427024e-001
 5.8491969e-001
 5.8555037e-001
 5.8615780e-001
 5.8674139e-001
 5.8730525e-001
 5.8785766e-001
 5.8840990e-001
 5.8897501e-001
 5.8956462e-001
 5.9018701e-001
 5.9084558e-001
 5.9153748e-001
 5.9225422e-001
 5.9298241e-001
 5.9370577e-001
 5.9440792e-001
 5.9507424e-001
 5.9569383e-001
 5.9626055e-001
 5.9677285e-001
 5.9723419e-001
 5.9765220e-001
 5.9803766e-001
 5.9840238e-001
 5.9875703e-001
 5.9910941e-001
 5.9946305e-001
 5.9981787e-001
 6.0017079e-001
 6.0051769e-001
 6.0085541e-001
 6.0118276e-001
 6.0150224e-001
 6.0181946e-001
 6.0214221e-001
 6.0247874e-001
 6.0283506e-001
 6.0321325e-001
 6.0361022e-001
 6.0401803e-001
 6.0442561e-001
 6.0482144e-001
 6.0519660e-001
 6.0554725e-001
 6.0587573e-001
 6.0619020e-001
 6.0650223e-001
 6.0682410e-001
 6.0716563e-001
 6.0753155e-001
 6.0792124e-001
 6.0832870e-001
 6.0874510e-001
 6.0916084e-001
 6.0956770e-001
 6.0996020e-001
 6.1033571e-001
 6.1069381e-001
 6.1103493e-001
 6.1135918e-001
 6.1166596e-001
 6.1195409e-001
 6.1222267e-001
 6.1247236e-001
 6.1270612e-001
 6.1292970e-001
 6.1315095e-001
 6.1337864e-001
 6.1362094e-001
 6.1388367e-001
 6.1416918e-001
 6.1447620e-001
 6.1479974e-001
 6.1513269e-001
 6.1546677e-001
 6.1579436e-001
 6.1610979e-001
 6.1640984e-001
 6.1669385e-001
 6.1696327e-001
 6.1722058e-001
 6.1746830e-001
 6.1770743e-001
 6.1793733e-001
 6.1815518e-001
 6.1835676e-001
 6.1853713e-001
 6.1869210e-001
 6.1881942e-001
 6.1891967e-001
 6.1899662e-001
 6.1905694e-001
 6.1910927e-001
 6.1916333e-001
 6.1922801e-001
 6.1931068e-001
 6.1941618e-001
 6.1954606e-001
 6.1969906e-001
 6.1987132e-001
 6.2005699e-001
 6.2024939e-001
 6.2044162e-001
 6.2062764e-001
 6.2080276e-001
 6.2096399e-001
 6.2111026e-001
 6.2124223e-001
 6.2136173e-001
 6.2147152e-001
 6.2157398e-001
 6.2167114e-001
 6.2176365e-001
 6.2185091e-001
 6.2193102e-001
 6.2200129e-001
 6.2205893e-001
 6.2210184e-001
 6.2212944e-001
 6.2214279e-001
 6.2214524e-001
 6.2214148e-001
 6.2213761e-001
 6.2213969e-001
 6.2215304e-001
 6.2218130e-001
 6.2222576e-001
 6.2228507e-001
 6.2235510e-001
 6.2242949e-001
 6.2250006e-001
 6.2255812e-001
 6.2259495e-001
 6.2260342e-001
 6.2257850e-001
 6.2251830e-001
 6.2242413e-001
 6.2230057e-001
 6.2215447e-001
 6.2199426e-001
 6.2182820e-001
 6.2166309e-001
 6.2150282e-001
 6.2134802e-001
 6.2119573e-001
 6.2104052e-001
 6.2087548e-001
 6.2069446e-001
 6.2049311e-001
 6.2027079e-001
 6.2003028e-001
 6.1977834e-001
 6.1952364e-001
 6.1927611e-001
 6.1904466e-001
 6.1883563e-001
 6.1865216e-001
 6.1849320e-001
 6.1835438e-001
 6.1822850e-001
 6.1810690e-001
 6.1798120e-001
 6.1784428e-001
 6.1769140e-001
 6.1752057e-001
 6.1733252e-001
 6.1712974e-001
 6.1691594e-001
 6.1669451e-001
 6.1646760e-001
 6.1623567e-001
 6.1599696e-001
 6.1574799e-001
 6.1548394e-001
 6.1519969e-001
 6.1489052e-001
 6.1455345e-001
 6.1418736e-001
 6.1379379e-001
 6.1337662e-001
 6.1294162e-001
 6.1249614e-001
 6.1204761e-001
 6.1160243e-001
 6.1116505e-001
 6.1073726e-001
 6.1031717e-001
 6.0990000e-001
 6.0947859e-001
 6.0904485e-001
 6.0859185e-001
 6.0811508e-001
 6.0761440e-001
 6.0709411e-001
 6.0656255e-001
 6.0603058e-001
 6.0550898e-001
 6.0500604e-001
 6.0452521e-001
 6.0406429e-001
 6.0361528e-001
 6.0316586e-001
 6.0270220e-001
 6.0221148e-001
 6.0168463e-001
 6.0111815e-001
 6.0051423e-001
 5.9988058e-001
 5.9922832e-001
 5.9856957e-001
 5.9791565e-001
 5.9727448e-001
 5.9665000e-001
 5.9604174e-001
 5.9544533e-001
 5.9485447e-001
 5.9426177e-001
 5.9366143e-001
 5.9304988e-001
 5.9242624e-001
 5.9179258e-001
 5.9115249e-001
 5.9051025e-001
 5.8986908e-001
 5.8923018e-001
 5.8859241e-001
 5.8795208e-001
 5.8730394e-001
 5.8664215e-001
 5.8596110e-001
 5.8525693e-001
 5.8452749e-001
 5.8377296e-001
 5.8299583e-001
 5.8219987e-001
 5.8139038e-001
 5.8057338e-001
 5.7975495e-001
 5.7894135e-001
 5.7813805e-001
 5.7734990e-001
 5.7658058e-001
 5.7583195e-001
 5.7510424e-001
 5.7439542e-001
 5.7370156e-001
 5.7301670e-001
 5.7233322e-001
 5.7164282e-001
 5.7093644e-001
 5.7020569e-001
 5.6944335e-001
 5.6864369e-001
 5.6780392e-001
 5.6692344e-001
 5.6600511e-001
 5.6505477e-001
 5.6408036e-001
 5.6309211e-001
 5.6210124e-001
 5.6111842e-001
 5.6015354e-001
 5.5921406e-001
 5.5830497e-001
 5.5742848e-001
 5.5658364e-001
 5.5576807e-001
 5.5497718e-001
 5.5420583e-001
 5.5344838e-001
 5.5269808e-001
 5.5194813e-001
 5.5119079e-001
 5.5041838e-001
 5.4962373e-001
 5.4880124e-001
 5.4794872e-001
 5.4706776e-001
 5.4616499e-001
 5.4525131e-001
 5.4434001e-001
 5.4344547e-001
 5.4257959e-001
 5.4175049e-001
 5.4096097e-001
 5.4020810e-001
 5.3948480e-001
 5.3878188e-001
 5.3808975e-001
 5.3740078e-001
 5.3670990e-001
 5.3601491e-001
 5.3531563e-001
 5.3461212e-001
 5.3390414e-001
 5.3318971e-001
 5.3246576e-001
 5.3172827e-001
 5.3097337e-001
 5.3019911e-001
 5.2940571e-001
 5.2859676e-001
 5.2777845e-001
 5.2695888e-001
 5.2614731e-001
 5.2535230e-001
 5.2458078e-001
 5.2383727e-001
 5.2312285e-001
 5.2243567e-001
 5.2177131e-001
 5.2112329e-001
 5.2048451e-001
 5.1984793e-001
 5.1920807e-001
 5.1856154e-001
 5.1790720e-001
 5.1724678e-001
 5.1658386e-001
 5.1592350e-001
 5.1527113e-001
 5.1463133e-001
 5.1400757e-001
 5.1340085e-001
 5.1281035e-001
 5.1223361e-001
 5.1166701e-001
 5.1110715e-001
 5.1055115e-001
 5.0999790e-001
 5.0944752e-001
 5.0890118e-001
 5.0836086e-001
 5.0782812e-001
 5.0730348e-001
 5.0678623e-001
 5.0627416e-001
 5.0576419e-001
 5.0525326e-001
 5.0473899e-001
 5.0422090e-001
 5.0370073e-001
 5.0318307e-001
 5.0267446e-001
 5.0218260e-001
 5.0171518e-001
 5.0127816e-001
 5.0087458e-001
 5.0050360e-001
 5.0016004e-001
 4.9983519e-001
 4.9951753e-001
 4.9919447e-001
 4.9885386e-001
 4.9848533e-001
 4.9808156e-001
 4.9763858e-001
 4.9715629e-001
 4.9663836e-001
 4.9609175e-001
 4.9552697e-001
 4.9495742e-001
 4.9439874e-001
 4.9386814e-001
 4.9338239e-001
 4.9295628e-001
 4.9260029e-001
 4.9231842e-001
 4.9210733e-001
 4.9195597e-001
 4.9184677e-001
 4.9175799e-001
 4.9166679e-001
 4.9155265e-001
 4.9140015e-001
 4.9120107e-001
 4.9095494e-001
 4.9066833e-001
 4.9035317e-001
 4.9002406e-001
 4.8969579e-001
 4.8938072e-001
 4.8908690e-001
 4.8881757e-001
 4.8857099e-001
 4.8834142e-001
 4.8812100e-001
 4.8790136e-001
 4.8767573e-001
 4.8744020e-001
 4.8719448e-001
 4.8694193e-001
 4.8668861e-001
 4.8644194e-001
 4.8620903e-001
 4.8599455e-001
 4.8579982e-001
 4.8562154e-001
 4.8545218e-001
 4.8528075e-001
 4.8509452e-001
 4.8488122e-001
 4.8463124e-001
 4.8433980e-001
 4.8400807e-001
 4.8364341e-001
 4.8325884e-001
 4.8287112e-001
 4.8249859e-001
 4.8215869e-001
 4.8186526e-001
 4.8162717e-001
 4.8144710e-001
 4.8132175e-001
 4.8124281e-001
 4.8119879e-001
 4.8117706e-001
 4.8116601e-001
 4.8115644e-001
 4.8114261e-001
 4.8112199e-001
 4.8109439e-001
 4.8106065e-001
 4.8102108e-001
 4.8097429e-001
 4.8091665e-001
 4.8084253e-001
 4.8074517e-001
 4.8061815e-001
 4.8045704e-001
 4.8026049e-001
 4.8003128e-001
 4.7977626e-001
 4.7950542e-001
 4.7923067e-001
 4.7896391e-001
 4.7871491e-001
 4.7848982e-001
 4.7828984e-001
 4.7811115e-001
 4.7794545e-001
 4.7778130e-001
 4.7760630e-001
 4.7740892e-001
 4.7718051e-001
 4.7691670e-001
 4.7661784e-001
 4.7628897e-001
 4.7593877e-001
 4.7557846e-001
 4.7522008e-001
 4.7487503e-001
 4.7455311e-001
 4.7426146e-001
 4.7400469e-001
 4.7378477e-001
 4.7360158e-001
 4.7345349e-001
 4.7333780e-001
 4.7325090e-001
 4.7318819e-001
 4.7314397e-001
 4.7311103e-001
 4.7308058e-001
 4.7304231e-001
 4.7298518e-001
 4.7289827e-001
 4.7277239e-001
 4.7260109e-001
 4.7238204e-001
 4.7211769e-001
 4.7181514e-001
 4.7148556e-001
 4.7114283e-001
 4.7080159e-001
 4.7047552e-001
 4.7017545e-001
 4.6990812e-001
 4.6967575e-001
 4.6947619e-001
 4.6930411e-001
 4.6915248e-001
 4.6901423e-001
 4.6888363e-001
 4.6875715e-001
 4.6863335e-001
 4.6851239e-001
 4.6839461e-001
 4.6827963e-001
 4.6816516e-001
 4.6804684e-001
 4.6791872e-001
 4.6777436e-001
 4.6760833e-001
 4.6741781e-001
 4.6720380e-001
 4.6697173e-001
 4.6673107e-001
 4.6649447e-001
 4.6627581e-001
 4.6608841e-001
 4.6594277e-001
 4.6584523e-001
 4.6579701e-001
 4.6579438e-001
 4.6582964e-001
 4.6589282e-001
 4.6597344e-001
 4.6606207e-001
 4.6615148e-001
 4.6623680e-001
 4.6631491e-001
 4.6638355e-001
 4.6643978e-001
 4.6647939e-001
 4.6649647e-001
 4.6648389e-001
 4.6643442e-001
 4.6634179e-001
 4.6620134e-001
 4.6601126e-001
 4.6577367e-001
 4.6549535e-001
 4.6518770e-001
 4.6486610e-001
 4.6454829e-001
 4.6425247e-001
 4.6399495e-001
 4.6378821e-001
 4.6363899e-001
 4.6354714e-001
 4.6350637e-001
 4.6350518e-001
 4.6352860e-001
 4.6355987e-001
 4.6358222e-001
 4.6358043e-001
 4.6354222e-001
 4.6345991e-001
 4.6333128e-001
 4.6316025e-001
 4.6295679e-001
 4.6273607e-001
 4.6251681e-001
 4.6231934e-001
 4.6216297e-001
 4.6206388e-001
 4.6203282e-001
 4.6207374e-001
 4.6218395e-001
 4.6235490e-001
 4.6257320e-001
 4.6282238e-001
 4.6308443e-001
 4.6334079e-001
 4.6357372e-001
 4.6376753e-001
 4.6390983e-001
 4.6399277e-001
 4.6401355e-001
 4.6397468e-001
 4.6388370e-001
 4.6375194e-001
 4.6359327e-001
 4.6342254e-001
 4.6325356e-001
 4.6309769e-001
 4.6296287e-001
 4.6285319e-001
 4.6276948e-001
 4.6270972e-001
 4.6266991e-001
 4.6264473e-001
 4.6262845e-001
 4.6261546e-001
 4.6260068e-001
 4.6258041e-001
 4.6255261e-001
 4.6251735e-001
 4.6247697e-001
 4.6243584e-001
 4.6240002e-001
 4.6237645e-001
 4.6237198e-001
 4.6239230e-001
 4.6244094e-001
 4.6251866e-001
 4.6262294e-001
 4.6274826e-001
 4.6288663e-001
 4.6302849e-001
 4.6316400e-001
 4.6328419e-001
 4.6338189e-001
 4.6345261e-001
 4.6349460e-001
 4.6350881e-001
 4.6349832e-001
 4.6346766e-001
 4.6342182e-001
 4.6336570e-001
 4.6330342e-001
 4.6323809e-001
 4.6317163e-001
 4.6310496e-001
 4.6303838e-001
 4.6297181e-001
 4.6290508e-001
 4.6283835e-001
 4.6277216e-001
 4.6270752e-001
 4.6264583e-001
 4.6258873e-001
 4.6253809e-001
 4.6249574e-001
 4.6246335e-001
 4.6244243e-001
 4.6243426e-001
 4.6243986e-001
 4.6246007e-001
 4.6249554e-001
 4.6254680e-001
 4.6261439e-001
 4.6269882e-001
 4.6280059e-001
 4.6292031e-001
 4.6305859e-001
 4.6321604e-001
 4.6339315e-001
 4.6359012e-001
 4.6380654e-001
 4.6404111e-001
 4.6429124e-001
 4.6455267e-001
 4.6481928e-001
 4.6508297e-001
 4.6533394e-001
 4.6556127e-001
 4.6575376e-001
 4.6590102e-001
 4.6599478e-001
 4.6602991e-001
 4.6600536e-001
 4.6592441e-001
 4.6579468e-001
 4.6562749e-001
 4.6543694e-001
 4.6523818e-001
 4.6504641e-001
 4.6487507e-001
 4.6473494e-001
 4.6463346e-001
 4.6457466e-001
 4.6455953e-001
 4.6458641e-001
 4.6465158e-001
 4.6474990e-001
 4.6487540e-001
 4.6502149e-001
 4.6518138e-001
 4.6534854e-001
 4.6551698e-001
 4.6568176e-001
 4.6583918e-001
 4.6598697e-001
 4.6612442e-001
 4.6625203e-001
 4.6637124e-001
 4.6648377e-001
 4.6659091e-001
 4.6669298e-001
 4.6678880e-001
 4.6687558e-001
 4.6694943e-001
 4.6700600e-001
 4.6704140e-001
 4.6705356e-001
 4.6704310e-001
 4.6701419e-001
 4.6697479e-001
 4.6693662e-001
 4.6691453e-001
 4.6692517e-001
 4.6698514e-001
 4.6710888e-001
 4.6730652e-001
 4.6758208e-001
 4.6793208e-001
 4.6834540e-001
 4.6880409e-001
 4.6928507e-001
 4.6976301e-001
 4.7021279e-001
 4.7061294e-001
 4.7094780e-001
 4.7120926e-001
 4.7139755e-001
 4.7152048e-001
 4.7159210e-001
 4.7163033e-001
 4.7165424e-001
 4.7168127e-001
 4.7172502e-001
 4.7179356e-001
 4.7188887e-001
 4.7200707e-001
 4.7213987e-001
 4.7227648e-001
 4.7240588e-001
 4.7251934e-001
 4.7261211e-001
 4.7268513e-001
 4.7274503e-001
 4.7280374e-001
 4.7287700e-001
 4.7298208e-001
 4.7313526e-001
 4.7334906e-001
 4.7363025e-001
 4.7397825e-001
 4.7438467e-001
 4.7483414e-001
 4.7530580e-001
 4.7577578e-001
 4.7622043e-001
 4.7661883e-001
 4.7695559e-001
 4.7722235e-001
 4.7741860e-001
 4.7755140e-001
 4.7763377e-001
 4.7768295e-001
 4.7771758e-001
 4.7775555e-001
 4.7781166e-001
 4.7789624e-001
 4.7801426e-001
 4.7816545e-001
 4.7834501e-001
 4.7854486e-001
 4.7875509e-001
 4.7896543e-001
 4.7916672e-001
 4.7935173e-001
 4.7951585e-001
 4.7965711e-001
 4.7977614e-001
 4.7987565e-001
 4.7995988e-001
 4.8003420e-001
 4.8010436e-001
 4.8017630e-001
 4.8025575e-001
 4.8034796e-001
 4.8045754e-001
 4.8058829e-001
 4.8074284e-001
 4.8092270e-001
 4.8112789e-001
 4.8135692e-001
 4.8160702e-001
 4.8187387e-001
 4.8215249e-001
 4.8243710e-001
 4.8272195e-001
 4.8300162e-001
 4.8327136e-001
 4.8352748e-001
 4.8376736e-001
 4.8398942e-001
 4.8419309e-001
 4.8437846e-001
 4.8454601e-001
 4.8469624e-001
 4.8482937e-001
 4.8494539e-001
 4.8504367e-001
 4.8512331e-001
 4.8518312e-001
 4.8522180e-001
 4.8523837e-001
 4.8523214e-001
 4.8520297e-001
 4.8515123e-001
 4.8507786e-001
 4.8498446e-001
 4.8487347e-001
 4.8474792e-001
 4.8461118e-001
 4.8446691e-001
 4.8431864e-001
 4.8416942e-001
 4.8402169e-001
 4.8387694e-001
 4.8373595e-001
 4.8359507e-001
 4.8346204e-001
 4.8333126e-001
 4.8320162e-001
 4.8307222e-001
 4.8294246e-001
 4.8281211e-001
 4.8268133e-001
 4.8255053e-001
 4.8242027e-001
 4.8229107e-001
 4.8216349e-001
 4.8203781e-001
 4.8191401e-001
 4.8179135e-001
 4.8166835e-001
 4.8154265e-001
 4.8141110e-001
 4.8126993e-001
 4.8111501e-001
 4.8094216e-001
 4.8074704e-001
 4.8052570e-001
 4.8027456e-001
 4.7999111e-001
 4.7967410e-001
 4.7932363e-001
 4.7894123e-001
 4.7852927e-001
 4.7809079e-001
 4.7762907e-001
 4.7714734e-001
 4.7664908e-001
 4.7613737e-001
 4.7561532e-001
 4.7508585e-001
 4.7455138e-001
 4.7401437e-001
 4.7347707e-001
 4.7294137e-001
 4.7240946e-001
 4.7188303e-001
 4.7136384e-001
 4.7085309e-001
 4.7035104e-001
 4.6985704e-001
 4.6936905e-001
 4.6888411e-001
 4.6839851e-001
 4.6790779e-001
 4.6740764e-001
 4.6689358e-001
 4.6636170e-001
 4.6580902e-001
 4.6523383e-001
 4.6463680e-001
 4.6402052e-001
 4.6338990e-001
 4.6275127e-001
 4.6211171e-001
 4.6147892e-001
 4.6086019e-001
 4.6026236e-001
 4.5969093e-001
 4.5914876e-001
 4.5863566e-001
 4.5814794e-001
 4.5767847e-001
 4.5721790e-001
 4.5675540e-001
 4.5627961e-001
 4.5577908e-001
 4.5524287e-001
 4.5466152e-001
 4.5402756e-001
 4.5333672e-001
 4.5258802e-001
 4.5178333e-001
 4.5092702e-001
 4.5002440e-001
 4.4908175e-001
 4.4810557e-001
 4.4710192e-001
 4.4607714e-001
 4.4503647e-001
 4.4398502e-001
 4.4292706e-001
 4.4186586e-001
 4.4080460e-001
 4.3974614e-001
 4.3869281e-001
 4.3764728e-001
 4.3661159e-001
 4.3558770e-001
 4.3457696e-001
 4.3357953e-001
 4.3259513e-001
 4.3162212e-001
 4.3065864e-001
 4.2970240e-001
 4.2875066e-001
 4.2780104e-001
 4.2685074e-001
 4.2589751e-001
 4.2493927e-001
 4.2397398e-001
 4.2300034e-001
 4.2201701e-001
 4.2102316e-001
 4.2001820e-001
 4.1900113e-001
 4.1797161e-001
 4.1692880e-001
 4.1587237e-001
 4.1480210e-001
 4.1371769e-001
 4.1261944e-001
 4.1150793e-001
 4.1038346e-001
 4.0924701e-001
 4.0809903e-001
 4.0694037e-001
 4.0577188e-001
 4.0459386e-001
 4.0340701e-001
 4.0221119e-001
 4.0100643e-001
 3.9979255e-001
 3.9856875e-001
 3.9733469e-001
 3.9608940e-001
 3.9483243e-001
 3.9356345e-001
 3.9228198e-001
 3.9098859e-001
 3.8968399e-001
 3.8837007e-001
 3.8704929e-001
 3.8572425e-001
 3.8439828e-001
 3.8307479e-001
 3.8175678e-001
 3.8044760e-001
 3.7914976e-001
 3.7786552e-001
 3.7659639e-001
 3.7534243e-001
 3.7410361e-001
 3.7287855e-001
 3.7166607e-001
 3.7046477e-001
 3.6927286e-001
 3.6808908e-001
 3.6691201e-001
 3.6574095e-001
 3.6457577e-001
 3.6341658e-001
 3.6226454e-001
 3.6112073e-001
 3.5998684e-001
 3.5886458e-001
 3.5775512e-001
 3.5665953e-001
 3.5557780e-001
 3.5450768e-001
 3.5344511e-001
 3.5238278e-001
 3.5131127e-001
 3.5021949e-001
 3.4909484e-001
 3.4792492e-001
 3.4669706e-001
 3.4540009e-001
 3.4402537e-001
 3.4256780e-001
 3.4102851e-001
 3.3941403e-001
 3.3773693e-001
 3.3601394e-001
 3.3426356e-001
 3.3250621e-001
 3.3076143e-001
 3.2904854e-001
 3.2738468e-001
 3.2578260e-001
 3.2425091e-001
 3.2279187e-001
 3.2140329e-001
 3.2007930e-001
 3.1881121e-001
 3.1758991e-001
 3.1640586e-001
 3.1524938e-001
 3.1411189e-001
 3.1298548e-001
 3.1186414e-001
 3.1074360e-001
 3.0962071e-001
 3.0849397e-001
 3.0736208e-001
 3.0622458e-001
 3.0508056e-001
 3.0393010e-001
 3.0277270e-001
 3.0160806e-001
 3.0043703e-001
 2.9926008e-001
 2.9807824e-001
 2.9689252e-001
 2.9570499e-001
 2.9451686e-001
 2.9332954e-001
 2.9214555e-001
 2.9096690e-001
 2.8979644e-001
 2.8863880e-001
 2.8749892e-001
 2.8638303e-001
 2.8529778e-001
 2.8425106e-001
 2.8325003e-001
 2.8230140e-001
 2.8141144e-001
 2.8058323e-001
 2.7981570e-001
 2.7910271e-001
 2.7843127e-001
 2.7778277e-001
 2.7713498e-001
 2.7646273e-001
 2.7574003e-001
 2.7494097e-001
 2.7404219e-001
 2.7302390e-001
 2.7187306e-001
 2.7058691e-001
 2.6917228e-001
 2.6764530e-001
 2.6603013e-001
 2.6435390e-001
 2.6264605e-001
 2.6093581e-001
 2.5925246e-001
 2.5762123e-001
 2.5606251e-001
 2.5459126e-001
 2.5321400e-001
 2.5193077e-001
 2.5073761e-001
 2.4962676e-001
 2.4858905e-001
 2.4761549e-001
 2.4669611e-001
 2.4582112e-001
 2.4498042e-001
 2.4416441e-001
 2.4336274e-001
 2.4256501e-001
 2.4176125e-001
 2.4094096e-001
 2.4009366e-001
 2.3920988e-001
 2.3828027e-001
 2.3729749e-001
 2.3625673e-001
 2.3515779e-001
 2.3400395e-001
 2.3280233e-001
 2.3156375e-001
 2.3029982e-001
 2.2902291e-001
 2.2774646e-001
 2.2648259e-001
 2.2524272e-001
 2.2403628e-001
 2.2287120e-001
 2.2175202e-001
 2.2068097e-001
 2.1965933e-001
 2.1868654e-001
 2.1776152e-001
 2.1688348e-001
 2.1605039e-001
 2.1525924e-001
 2.1450600e-001
 2.1378380e-001
 2.1308357e-001
 2.1239381e-001
 2.1170191e-001
 2.1099387e-001
 2.1025535e-001
 2.0947298e-001
 2.0863427e-001
 2.0772982e-001
 2.0675591e-001
 2.0571518e-001
 2.0461813e-001
 2.0348190e-001
 2.0232959e-001
 2.0118645e-001
 2.0007898e-001
 1.9903414e-001
 1.9807602e-001
 1.9722427e-001
 1.9649139e-001
 1.9587889e-001
 1.9537686e-001
 1.9496527e-001
 1.9461612e-001
 1.9429699e-001
 1.9397338e-001
 1.9361112e-001
 1.9317792e-001
 1.9264624e-001
 1.9199707e-001
 1.9122209e-001
 1.9032507e-001
 1.8932152e-001
 1.8823445e-001
 1.8709187e-001
 1.8592373e-001
 1.8476094e-001
 1.8363202e-001
 1.8256158e-001
 1.8156847e-001
 1.8066189e-001
 1.7984122e-001
 1.7909755e-001
 1.7841478e-001
 1.7777300e-001
 1.7715101e-001
 1.7652695e-001
 1.7588045e-001
 1.7519397e-001
 1.7445564e-001
 1.7366017e-001
 1.7280993e-001
 1.7191496e-001
 1.7098984e-001
 1.7005220e-001
 1.6912168e-001
 1.6821729e-001
 1.6735688e-001
 1.6655521e-001
 1.6582249e-001
 1.6516152e-001
 1.6456753e-001
 1.6402930e-001
 1.6353011e-001
 1.6305032e-001
 1.6256928e-001
 1.6206600e-001
 1.6152073e-001
 1.6091706e-001
 1.6024311e-001
 1.5949389e-001
 1.5867159e-001
 1.5778574e-001
 1.5685023e-001
 1.5588188e-001
 1.5489949e-001
 1.5392143e-001
 1.5296535e-001
 1.5204774e-001
 1.5118130e-001
 1.5037471e-001
 1.4963186e-001
 1.4895287e-001
 1.4833426e-001
 1.4777070e-001
 1.4725631e-001
 1.4678439e-001
 1.4634800e-001
 1.4594023e-001
 1.4555332e-001
 1.4517894e-001
 1.4480829e-001
 1.4443165e-001
 1.4403896e-001
 1.4361979e-001
 1.4316404e-001
 1.4266177e-001
 1.4210422e-001
 1.4148559e-001
 1.4080392e-001
 1.4006294e-001
 1.3927329e-001
 1.3845080e-001
 1.3761571e-001
 1.3679056e-001
 1.3599943e-001
 1.3526548e-001
 1.3461004e-001
 1.3405071e-001
 1.3359761e-001
 1.3325147e-001
 1.3300271e-001
 1.3283201e-001
 1.3271314e-001
 1.3261575e-001
 1.3250774e-001
 1.3235709e-001
 1.3213380e-001
 1.3181272e-001
 1.3137650e-001
 1.3081846e-001
 1.3014416e-001
 1.2936962e-001
 1.2851861e-001
 1.2762029e-001
 1.2670532e-001
 1.2580469e-001
 1.2494776e-001
 1.2416080e-001
 1.2346335e-001
 1.2286658e-001
 1.2237283e-001
 1.2197562e-001
 1.2166236e-001
 1.2141699e-001
 1.2122147e-001
 1.2105739e-001
 1.2090674e-001
 1.2075292e-001
 1.2058151e-001
 1.2038116e-001
 1.2014411e-001
 1.1986556e-001
 1.1954297e-001
 1.1917543e-001
 1.1876252e-001
 1.1830430e-001
 1.1780169e-001
 1.1725637e-001
 1.1667181e-001
 1.1605359e-001
 1.1541029e-001
 1.1475234e-001
 1.1409180e-001
 1.1344220e-001
 1.1281695e-001
 1.1222912e-001
 1.1169103e-001
 1.1121193e-001
 1.1079695e-001
 1.1044525e-001
 1.1014975e-001
 1.0989724e-001
 1.0967023e-001
 1.0944887e-001
 1.0921206e-001
 1.0893889e-001
 1.0861022e-001
 1.0821018e-001
 1.0772873e-001
 1.0716410e-001
 1.0652299e-001
 1.0582018e-001
 1.0507609e-001
 1.0431515e-001
 1.0356279e-001
 1.0284439e-001
 1.0218436e-001
 1.0160299e-001
 1.0111474e-001
 1.0072625e-001
 1.0043489e-001
 1.0023003e-001
 1.0009504e-001
 1.0000985e-001
 9.9952661e-002
 9.9901490e-002
 9.9835373e-002
 9.9735737e-002
 9.9588074e-002
 9.9383578e-002
 9.9119514e-002
 9.8798685e-002
 9.8428249e-002
 9.8017596e-002
 9.7577311e-002
 9.7118102e-002
 9.6650533e-002
 9.6183576e-002
 9.5724039e-002
 9.5276110e-002
 9.4840407e-002
 9.4414614e-002
 9.3994558e-002
 9.3574479e-002
 9.3148202e-002
 9.2709549e-002
 9.2253491e-002
 9.1776505e-002
 9.1278121e-002
 9.0762392e-002
 9.0237625e-002
 8.9716293e-002
 8.9214280e-002
 8.8748910e-002
 8.8338189e-002
 8.8000067e-002
 8.7750509e-002
 8.7601945e-002
 8.7560728e-002
 8.7624967e-002
 8.7783583e-002
 8.8017337e-002
 8.8300735e-002
 8.8604815e-002
 8.8899113e-002
 8.9152955e-002
 8.9337513e-002
 8.9427598e-002
 8.9404278e-002
 8.9257151e-002
 8.8985264e-002
 8.8596068e-002
 8.8103570e-002
 8.7525271e-002
 8.6880371e-002
 8.6189047e-002
 8.5470654e-002
 8.4743559e-002
 8.4023908e-002
 8.3325654e-002
 8.2659177e-002
 8.2032137e-002
 8.1450611e-002
 8.0918983e-002
 8.0441058e-002
 8.0020569e-002
 7.9660498e-002
 7.9363123e-002
 7.9129741e-002
 7.8959823e-002
 7.8851089e-002
 7.8799665e-002
 7.8800499e-002
 7.8847788e-002
 7.8935400e-002
 7.9056889e-002
 7.9205602e-002
 7.9374440e-002
 7.9555377e-002
 7.9739474e-002
 7.9916567e-002
 8.0075435e-002
 8.0203936e-002
 8.0289565e-002
 8.0319703e-002
 8.0282100e-002
 8.0165789e-002
 7.9962477e-002
 7.9668596e-002
 7.9286747e-002
 7.8826480e-002
 7.8303754e-002
 7.7738419e-002
 7.7152744e-002
 7.6569691e-002
 7.6012261e-002
 7.5501390e-002
 7.5054809e-002
 7.4685521e-002
 7.4399494e-002
 7.4195355e-002
 7.4064896e-002
 7.3994339e-002
 7.3966578e-002
 7.3962905e-002
 7.3964246e-002
 7.3951751e-002
 7.3907077e-002
 7.3812567e-002
 7.3659301e-002
 7.3471650e-002
 7.3158696e-002
 7.2797269e-002
 7.2402418e-002
 7.1989298e-002
 7.1572937e-002
 7.1168669e-002
 7.0791535e-002
 7.0456684e-002
 7.0179231e-002
 6.9972731e-002
 6.9836289e-002
 6.9760934e-002
 6.9737658e-002
 6.9757462e-002
 6.9811329e-002
 6.9890261e-002
 6.9985241e-002
 7.0087306e-002
 7.0187390e-002
 7.0276506e-002
 7.0345670e-002
 7.0385866e-002
 7.0388071e-002
 7.0344158e-002
 7.0253752e-002
 7.0120655e-002
 6.9948688e-002
 6.9741771e-002
 6.9503732e-002
 6.9238409e-002
 6.8949595e-002
 6.8641268e-002
 6.8317212e-002
 6.7981280e-002
 6.7637257e-002
 6.7289129e-002
 6.6940673e-002
 6.6595763e-002
 6.6258222e-002
 6.5931834e-002
 6.5620609e-002
 6.5327995e-002
 6.5054476e-002
 6.4798974e-002
 6.4560547e-002
 6.4338051e-002
 6.4130440e-002
 6.3936599e-002
 6.3755572e-002
 6.3586220e-002
 6.3427508e-002
 6.3278362e-002
 6.3137688e-002
 6.3004486e-002
 6.2877670e-002
 6.2756166e-002
 6.2638894e-002
 6.2524840e-002
 6.2412918e-002
 6.2302053e-002
 6.2191181e-002
 6.2079266e-002
 6.1965235e-002
 6.1848119e-002
 6.1727792e-002
 6.1604656e-002
 6.1479036e-002
 6.1351266e-002
 6.1221708e-002
 6.1090659e-002
 6.0958542e-002
 6.0825668e-002
 6.0692385e-002
 6.0558997e-002
 6.0425941e-002
 6.0293511e-002
 6.0162045e-002
 6.0031887e-002
 5.9903424e-002
 5.9776977e-002
 5.9652898e-002
 5.9531525e-002
 5.9413183e-002
 5.9298277e-002
 5.9187122e-002
 5.9080057e-002
 5.8977418e-002
 5.8879599e-002
 5.8786910e-002
 5.8699653e-002
 5.8617614e-002
 5.8540422e-002
 5.8467638e-002
 5.8398835e-002
 5.8333602e-002
 5.8271486e-002
 5.8212120e-002
 5.8155056e-002
 5.8099873e-002
 5.8046144e-002
 5.7993475e-002
 5.7941426e-002
 5.7889573e-002
 5.7837505e-002
 5.7784807e-002
 5.7731062e-002
 5.7675831e-002
 5.7618693e-002
 5.7559252e-002
 5.7497073e-002
 5.7431743e-002
 5.7362832e-002
 5.7289910e-002
 5.7212584e-002
 5.7130434e-002
 5.7043016e-002
 5.6949902e-002
 5.6850716e-002
 5.6745011e-002
 5.6632441e-002
 5.6513142e-002
 5.6387588e-002
 5.6256186e-002
