s07_ASD Record=16639: o-Terphenyl SA-T2800 75K     ASDHRa AREF
-1.2300000e+034
 8.6920094e-001
 8.7079918e-001
 8.6529082e-001
 8.7114906e-001
 8.7934273e-001
 8.7498921e-001
 8.6990649e-001
 8.7392974e-001
 8.8298613e-001
 8.8380206e-001
 8.7870258e-001
 8.7368560e-001
 8.7380475e-001
 8.7974411e-001
 8.8517493e-001
 8.8273478e-001
 8.7708277e-001
 8.8419062e-001
 8.8692951e-001
 8.8264054e-001
 8.7775666e-001
 8.8288885e-001
 8.8531423e-001
 8.8388753e-001
 8.8359916e-001
 8.8363570e-001
 8.8085020e-001
 8.7822914e-001
 8.8152689e-001
 8.8277060e-001
 8.8539332e-001
 8.8858843e-001
 8.8657880e-001
 8.8560838e-001
 8.8634753e-001
 8.8866562e-001
 8.9140457e-001
 8.8959736e-001
 8.8695645e-001
 8.8819414e-001
 8.8714492e-001
 8.8707918e-001
 8.8837409e-001
 8.8856030e-001
 8.8719648e-001
 8.8793576e-001
 8.9015436e-001
 8.8826132e-001
 8.8823479e-001
 8.8970667e-001
 8.9075804e-001
 8.9041764e-001
 8.9010715e-001
 8.9093643e-001
 8.9277172e-001
 8.9332211e-001
 8.9378077e-001
 8.9435977e-001
 8.9418137e-001
 8.9366376e-001
 8.9304155e-001
 8.9292532e-001
 8.9361686e-001
 8.9326680e-001
 8.9289600e-001
 8.9362490e-001
 8.9385045e-001
 8.9396405e-001
 8.9514667e-001
 8.9728534e-001
 8.9565051e-001
 8.9437795e-001
 8.9527684e-001
 8.9556724e-001
 8.9525032e-001
 8.9490616e-001
 8.9519525e-001
 8.9582419e-001
 8.9693040e-001
 8.9736742e-001
 8.9635235e-001
 8.9627689e-001
 8.9615119e-001
 8.9558983e-001
 8.9536518e-001
 8.9611882e-001
 8.9652169e-001
 8.9640373e-001
 8.9786357e-001
 8.9800137e-001
 8.9726508e-001
 8.9733970e-001
 8.9751333e-001
 8.9713103e-001
 8.9672643e-001
 8.9762062e-001
 8.9805937e-001
 8.9827269e-001
 8.9847481e-001
 8.9839464e-001
 8.9822370e-001
 8.9825046e-001
 8.9854866e-001
 8.9849347e-001
 8.9826840e-001
 8.9819175e-001
 8.9837706e-001
 8.9811641e-001
 8.9821261e-001
 8.9897513e-001
 8.9910024e-001
 8.9819497e-001
 8.9764297e-001
 8.9844310e-001
 8.9800274e-001
 8.9809465e-001
 8.9889812e-001
 8.9905083e-001
 8.9912182e-001
 8.9918751e-001
 8.9928854e-001
 8.9940548e-001
 8.9989018e-001
 9.0041471e-001
 9.0038627e-001
 8.9994276e-001
 8.9964324e-001
 8.9955932e-001
 8.9926678e-001
 8.9916515e-001
 8.9913791e-001
 8.9915061e-001
 8.9934736e-001
 8.9938229e-001
 8.9947683e-001
 8.9978623e-001
 8.9959460e-001
 8.9974213e-001
 9.0010291e-001
 8.9975059e-001
 8.9993620e-001
 9.0007931e-001
 8.9995092e-001
 9.0046996e-001
 9.0046167e-001
 9.0021318e-001
 9.0043569e-001
 9.0016162e-001
 8.9995676e-001
 9.0007430e-001
 9.0021241e-001
 9.0033293e-001
 9.0048289e-001
 9.0059346e-001
 9.0038449e-001
 9.0029377e-001
 9.0038097e-001
 9.0041637e-001
 9.0044940e-001
 9.0078473e-001
 9.0106171e-001
 9.0044761e-001
 9.0057075e-001
 9.0093464e-001
 9.0071809e-001
 9.0066272e-001
 9.0069932e-001
 9.0072089e-001
 9.0063965e-001
 9.0074551e-001
 9.0088224e-001
 9.0085787e-001
 9.0070987e-001
 9.0075409e-001
 9.0086347e-001
 9.0073699e-001
 9.0055060e-001
 9.0060282e-001
 9.0084505e-001
 9.0080100e-001
 9.0058047e-001
 9.0070742e-001
 9.0119767e-001
 9.0099347e-001
 9.0111572e-001
 9.0142763e-001
 9.0131056e-001
 9.0141255e-001
 9.0147287e-001
 9.0149325e-001
 9.0175790e-001
 9.0176576e-001
 9.0158266e-001
 9.0151483e-001
 9.0166938e-001
 9.0152800e-001
 9.0132177e-001
 9.0169483e-001
 9.0167916e-001
 9.0141732e-001
 9.0115529e-001
 9.0099055e-001
 9.0096557e-001
 9.0097100e-001
 9.0091497e-001
 9.0101004e-001
 9.0110844e-001
 9.0110612e-001
 9.0106177e-001
 9.0115100e-001
 9.0109909e-001
 9.0080291e-001
 9.0078020e-001
 9.0062386e-001
 9.0030962e-001
 9.0004408e-001
 8.9970422e-001
 8.9941603e-001
 8.9926142e-001
 8.9916086e-001
 8.9899373e-001
 8.9900458e-001
 8.9932311e-001
 8.9932847e-001
 8.9931899e-001
 8.9945853e-001
 8.9962834e-001
 8.9961958e-001
 8.9976692e-001
 9.0019596e-001
 9.0035349e-001
 9.0049899e-001
 9.0065449e-001
 9.0066570e-001
 9.0046239e-001
 9.0047204e-001
 9.0111995e-001
 9.0229970e-001
 9.0294921e-001
 9.0314108e-001
 9.0296340e-001
 9.0176326e-001
 9.0036923e-001
 8.9958704e-001
 8.9942992e-001
 8.9939547e-001
 8.9936930e-001
 8.9930427e-001
 8.9917040e-001
 8.9908659e-001
 8.9905310e-001
 8.9896786e-001
 8.9876920e-001
 8.9867568e-001
 8.9873248e-001
 8.9869756e-001
 8.9854306e-001
 8.9855301e-001
 8.9886385e-001
 8.9901608e-001
 8.9921665e-001
 8.9946347e-001
 8.9960986e-001
 8.9965266e-001
 8.9966577e-001
 8.9974755e-001
 8.9988220e-001
 8.9981973e-001
 8.9971721e-001
 8.9975125e-001
 8.9961571e-001
 8.9955586e-001
 8.9959741e-001
 8.9956516e-001
 8.9959568e-001
 8.9964664e-001
 8.9964700e-001
 8.9956772e-001
 8.9949137e-001
 8.9946216e-001
 8.9943540e-001
 8.9927369e-001
 8.9919633e-001
 8.9928305e-001
 8.9933646e-001
 8.9934009e-001
 8.9931542e-001
 8.9929354e-001
 8.9921921e-001
 8.9911813e-001
 8.9903563e-001
 8.9900118e-001
 8.9892226e-001
 8.9890742e-001
 8.9891553e-001
 8.9872605e-001
 8.9871901e-001
 8.9884841e-001
 8.9890927e-001
 8.9890712e-001
 8.9884675e-001
 8.9878130e-001
 8.9873588e-001
 8.9859831e-001
 8.9855313e-001
 8.9867353e-001
 8.9865899e-001
 8.9850932e-001
 8.9836985e-001
 8.9838326e-001
 8.9830637e-001
 8.9824837e-001
 8.9822835e-001
 8.9814770e-001
 8.9811063e-001
 8.9806557e-001
 8.9798552e-001
 8.9797848e-001
 8.9796668e-001
 8.9787674e-001
 8.9771497e-001
 8.9767945e-001
 8.9764351e-001
 8.9756233e-001
 8.9757699e-001
 8.9759433e-001
 8.9753842e-001
 8.9741653e-001
 8.9741147e-001
 8.9740008e-001
 8.9736181e-001
 8.9737344e-001
 8.9738029e-001
 8.9726031e-001
 8.9704472e-001
 8.9698136e-001
 8.9686984e-001
 8.9682323e-001
 8.9694917e-001
 8.9692748e-001
 8.9678329e-001
 8.9666235e-001
 8.9672369e-001
 8.9665926e-001
 8.9651334e-001
 8.9635825e-001
 8.9617318e-001
 8.9592415e-001
 8.9565945e-001
 8.9540863e-001
 8.9499253e-001
 8.9434612e-001
 8.9351308e-001
 8.9264244e-001
 8.9169967e-001
 8.9063412e-001
 8.8941950e-001
 8.8813150e-001
 8.8684982e-001
 8.8579458e-001
 8.8516223e-001
 8.8478649e-001
 8.8467109e-001
 8.8481545e-001
 8.8533020e-001
 8.8656551e-001
 8.8839608e-001
 8.9034480e-001
 8.9177126e-001
 8.9280182e-001
 8.9350355e-001
 8.9394671e-001
 8.9422709e-001
 8.9444929e-001
 8.9458972e-001
 8.9455259e-001
 8.9457858e-001
 8.9463478e-001
 8.9464009e-001
 8.9457482e-001
 8.9448798e-001
 8.9446688e-001
 8.9455026e-001
 8.9457333e-001
 8.9453954e-001
 8.9444649e-001
 8.9429110e-001
 8.9412695e-001
 8.9399099e-001
 8.9392054e-001
 8.9388812e-001
 8.9372557e-001
 8.9352971e-001
 8.9345813e-001
 8.9338464e-001
 8.9330131e-001
 8.9313579e-001
 8.9288205e-001
 8.9282835e-001
 8.9276248e-001
 8.9255434e-001
 8.9237112e-001
 8.9219928e-001
 8.9201611e-001
 8.9187229e-001
 8.9190352e-001
 8.9179474e-001
 8.9155495e-001
 8.9139730e-001
 8.9119554e-001
 8.9099216e-001
 8.9079863e-001
 8.9059448e-001
 8.9039576e-001
 8.9017093e-001
 8.8993740e-001
 8.8978922e-001
 8.8961411e-001
 8.8938618e-001
 8.8915777e-001
 8.8899601e-001
 8.8880855e-001
 8.8854426e-001
 8.8825142e-001
 8.8804513e-001
 8.8788730e-001
 8.8777578e-001
 8.8773727e-001
 8.8752991e-001
 8.8726169e-001
 8.8705868e-001
 8.8679129e-001
 8.8661915e-001
 8.8651061e-001
 8.8634628e-001
 8.8619536e-001
 8.8608116e-001
 8.8595706e-001
 8.8572776e-001
 8.8550925e-001
 8.8539237e-001
 8.8533562e-001
 8.8514102e-001
 8.8498116e-001
 8.8487238e-001
 8.8475186e-001
 8.8456523e-001
 8.8448870e-001
 8.8442761e-001
 8.8424420e-001
 8.8425130e-001
 8.8432366e-001
 8.8437533e-001
 8.8443714e-001
 8.8461316e-001
 8.8476139e-001
 8.8482380e-001
 8.8492411e-001
 8.8497633e-001
 8.8510013e-001
 8.8531655e-001
 8.8539505e-001
 8.8554305e-001
 8.8571787e-001
 8.8585192e-001
 8.8611728e-001
 8.8633543e-001
 8.8648301e-001
 8.8667220e-001
 8.8689196e-001
 8.8709641e-001
 8.8725466e-001
 8.8738316e-001
 8.8750702e-001
 8.8770622e-001
 8.8794804e-001
 8.8806552e-001
 8.8824713e-001
 8.8860178e-001
 8.8904792e-001
 8.8925195e-001
 8.8938957e-001
 8.8952792e-001
 8.8973188e-001
 8.9004880e-001
 8.9020115e-001
 8.9028817e-001
 8.9060760e-001
 8.9090395e-001
 8.9112961e-001
 8.9124805e-001
 8.9130092e-001
 8.9141667e-001
 8.9156812e-001
 8.9169770e-001
 8.9176190e-001
 8.9176381e-001
 8.9172250e-001
 8.9169252e-001
 8.9167583e-001
 8.9143866e-001
 8.9103401e-001
 8.9054930e-001
 8.8986200e-001
 8.8891709e-001
 8.8761896e-001
 8.8587403e-001
 8.8364744e-001
 8.8091195e-001
 8.7751478e-001
 8.7330580e-001
 8.6841267e-001
 8.6281818e-001
 8.5665882e-001
 8.5018957e-001
 8.4364653e-001
 8.3744651e-001
 8.3174908e-001
 8.2664603e-001
 8.2290691e-001
 8.2045412e-001
 8.1935281e-001
 8.1999767e-001
 8.2250857e-001
 8.2679796e-001
 8.3259505e-001
 8.3961976e-001
 8.4767038e-001
 8.5583711e-001
 8.6335939e-001
 8.7012225e-001
 8.7588239e-001
 8.8071573e-001
 8.8481885e-001
 8.8836074e-001
 8.9145142e-001
 8.9398921e-001
 8.9596862e-001
 8.9773566e-001
 8.9929807e-001
 9.0049702e-001
 9.0143913e-001
 9.0275538e-001
 9.0398461e-001
 9.0488863e-001
 9.0552819e-001
 9.0629029e-001
 9.0696341e-001
 9.0753585e-001
 9.0817016e-001
 9.0893179e-001
 9.0929431e-001
 9.0947324e-001
 9.0993530e-001
 9.1047198e-001
 9.1098672e-001
 9.1141498e-001
 9.1185349e-001
 9.1244930e-001
 9.1283417e-001
 9.1310829e-001
 9.1351044e-001
 9.1385907e-001
 9.1430420e-001
 9.1470104e-001
 9.1497010e-001
 9.1551095e-001
 9.1609818e-001
 9.1645700e-001
 9.1663033e-001
 9.1722107e-001
 9.1773731e-001
 9.1802400e-001
 9.1820073e-001
 9.1843802e-001
 9.1859603e-001
 9.1872853e-001
 9.1902602e-001
 9.1955614e-001
 9.2000645e-001
 9.2027318e-001
 9.2048007e-001
 9.2088926e-001
 9.2142087e-001
 9.2188728e-001
 9.2206544e-001
 9.2207175e-001
 9.2243046e-001
 9.2270076e-001
 9.2262733e-001
 9.2296255e-001
 9.2343116e-001
 9.2371082e-001
 9.2367995e-001
 9.2365843e-001
 9.2362630e-001
 9.2386860e-001
 9.2439479e-001
 9.2469406e-001
 9.2467219e-001
 9.2483526e-001
 9.2535937e-001
 9.2558670e-001
 9.2528516e-001
 9.2557663e-001
 9.2629522e-001
 9.2617714e-001
 9.2618626e-001
 9.2617655e-001
 9.2631954e-001
 9.2665708e-001
 9.2649633e-001
 9.2620260e-001
 9.2611659e-001
 9.2630422e-001
 9.2635071e-001
 9.2626941e-001
 9.2616570e-001
 9.2612135e-001
 9.2598832e-001
 9.2575288e-001
 9.2564821e-001
 9.2576146e-001
 9.2577201e-001
 9.2574680e-001
 9.2600119e-001
 9.2641932e-001
 9.2636728e-001
 9.2616916e-001
 9.2619514e-001
 9.2643368e-001
 9.2646211e-001
 9.2632735e-001
 9.2635739e-001
 9.2649847e-001
 9.2654502e-001
 9.2666101e-001
 9.2667955e-001
 9.2656153e-001
 9.2620015e-001
 9.2563015e-001
 9.2574131e-001
 9.2647487e-001
 9.2722511e-001
 9.2720717e-001
 9.2677832e-001
 9.2701232e-001
 9.2767668e-001
 9.2793906e-001
 9.2882562e-001
 9.2796671e-001
 9.2799383e-001
 9.2797387e-001
 9.2791712e-001
 9.2783552e-001
 9.2773914e-001
 9.2763317e-001
 9.2751747e-001
 9.2738724e-001
 9.2723501e-001
 9.2705423e-001
 9.2684287e-001
 9.2660695e-001
 9.2636192e-001
 9.2613113e-001
 9.2594075e-001
 9.2581481e-001
 9.2577010e-001
 9.2581600e-001
 9.2595577e-001
 9.2618990e-001
 9.2651761e-001
 9.2693621e-001
 9.2743820e-001
 9.2800897e-001
 9.2862642e-001
 9.2926210e-001
 9.2988598e-001
 9.3046981e-001
 9.3099123e-001
 9.3143660e-001
 9.3180168e-001
 9.3209177e-001
 9.3231976e-001
 9.3250245e-001
 9.3265653e-001
 9.3279427e-001
 9.3292189e-001
 9.3304026e-001
 9.3314809e-001
 9.3324578e-001
 9.3333745e-001
 9.3343085e-001
 9.3353450e-001
 9.3365395e-001
 9.3378973e-001
 9.3393683e-001
 9.3408722e-001
 9.3423313e-001
 9.3437046e-001
 9.3450010e-001
 9.3462777e-001
 9.3476188e-001
 9.3491089e-001
 9.3508089e-001
 9.3527400e-001
 9.3548834e-001
 9.3571919e-001
 9.3596077e-001
 9.3620825e-001
 9.3645954e-001
 9.3671554e-001
 9.3697935e-001
 9.3725431e-001
 9.3754202e-001
 9.3784046e-001
 9.3814451e-001
 9.3844640e-001
 9.3873799e-001
 9.3901157e-001
 9.3926030e-001
 9.3947756e-001
 9.3965566e-001
 9.3978560e-001
 9.3985850e-001
 9.3986714e-001
 9.3980932e-001
 9.3968868e-001
 9.3951464e-001
 9.3929946e-001
 9.3905413e-001
 9.3878436e-001
 9.3848854e-001
 9.3815738e-001
 9.3777722e-001
 9.3733346e-001
 9.3681431e-001
 9.3621415e-001
 9.3553394e-001
 9.3478024e-001
 9.3396312e-001
 9.3309164e-001
 9.3217105e-001
 9.3119985e-001
 9.3016922e-001
 9.2906576e-001
 9.2787385e-001
 9.2658019e-001
 9.2517513e-001
 9.2365175e-001
 9.2200458e-001
 9.2022449e-001
 9.1829681e-001
 9.1619939e-001
 9.1390139e-001
 9.1136682e-001
 9.0855408e-001
 9.0541971e-001
 9.0191925e-001
 8.9800578e-001
 8.9363384e-001
 8.8875508e-001
 8.8332224e-001
 8.7728769e-001
 8.7060064e-001
 8.6321121e-001
 8.5506880e-001
 8.4611934e-001
 8.3631372e-001
 8.2560182e-001
 8.1394458e-001
 8.0131644e-001
 7.8770739e-001
 7.7314150e-001
 7.5767118e-001
 7.4139494e-001
 7.2445560e-001
 7.0703441e-001
 6.8936288e-001
 6.7170101e-001
 6.5434474e-001
 6.3761020e-001
 6.2181711e-001
 6.0729116e-001
 5.9433776e-001
 5.8324361e-001
 5.7426101e-001
 5.6759691e-001
 5.6341136e-001
 5.6180555e-001
 5.6281531e-001
 5.6640583e-001
 5.7246888e-001
 5.8082104e-001
 5.9120941e-001
 6.0332829e-001
 6.1682630e-001
 6.3133740e-001
 6.4649063e-001
 6.6193271e-001
 6.7734993e-001
 6.9246632e-001
 7.0706534e-001
 7.2097969e-001
 7.3409539e-001
 7.4635029e-001
 7.5771576e-001
 7.6819932e-001
 7.7782613e-001
 7.8663695e-001
 7.9468518e-001
 8.0202657e-001
 8.0872458e-001
 8.1484246e-001
 8.2044446e-001
 8.2559597e-001
 8.3035773e-001
 8.3478594e-001
 8.3893251e-001
 8.4284043e-001
 8.4654742e-001
 8.5008281e-001
 8.5346967e-001
 8.5672677e-001
 8.5986650e-001
 8.6289912e-001
 8.6582989e-001
 8.6866099e-001
 8.7139225e-001
 8.7401950e-001
 8.7653768e-001
 8.7893999e-001
 8.8122016e-001
 8.8337463e-001
 8.8540149e-001
 8.8730335e-001
 8.8908559e-001
 8.9075691e-001
 8.9232874e-001
 8.9381295e-001
 8.9522099e-001
 8.9656264e-001
 8.9784402e-001
 8.9906806e-001
 9.0023357e-001
 9.0133691e-001
 9.0237343e-001
 9.0333837e-001
 9.0422851e-001
 9.0504199e-001
 9.0577823e-001
 9.0643740e-001
 9.0701997e-001
 9.0752774e-001
 9.0796447e-001
 9.0833771e-001
 9.0865946e-001
 9.0894550e-001
 9.0921408e-001
 9.0948343e-001
 9.0976888e-001
 9.1008157e-001
 9.1042691e-001
 9.1080588e-001
 9.1121602e-001
 9.1165340e-001
 9.1211385e-001
 9.1259390e-001
 9.1309059e-001
 9.1360152e-001
 9.1412419e-001
 9.1465622e-001
 9.1519511e-001
 9.1573930e-001
 9.1628903e-001
 9.1684657e-001
 9.1741717e-001
 9.1800743e-001
 9.1862398e-001
 9.1927129e-001
 9.1994917e-001
 9.2065221e-001
 9.2136967e-001
 9.2208755e-001
 9.2279148e-001
 9.2346847e-001
 9.2410928e-001
 9.2470872e-001
 9.2526537e-001
 9.2578161e-001
 9.2626244e-001
 9.2671508e-001
 9.2714828e-001
 9.2757094e-001
 9.2799085e-001
 9.2841309e-001
 9.2883933e-001
 9.2926800e-001
 9.2969519e-001
 9.3011647e-001
 9.3052810e-001
 9.3092781e-001
 9.3131483e-001
 9.3168813e-001
 9.3204582e-001
 9.3238431e-001
 9.3269843e-001
 9.3298274e-001
 9.3323195e-001
 9.3344229e-001
 9.3361127e-001
 9.3373823e-001
 9.3382406e-001
 9.3387157e-001
 9.3388528e-001
 9.3387127e-001
 9.3383640e-001
 9.3378723e-001
 9.3372899e-001
 9.3366480e-001
 9.3359524e-001
 9.3351841e-001
 9.3343014e-001
 9.3332422e-001
 9.3319261e-001
 9.3302536e-001
 9.3281096e-001
 9.3253618e-001
 9.3218637e-001
 9.3174547e-001
 9.3119627e-001
 9.3052161e-001
 9.2970520e-001
 9.2873406e-001
 9.2759997e-001
 9.2629999e-001
 9.2483759e-001
 9.2322135e-001
 9.2146546e-001
 9.1958982e-001
 9.1761965e-001
 9.1558754e-001
 9.1353327e-001
 9.1150141e-001
 9.0954083e-001
 9.0769875e-001
 9.0601844e-001
 9.0453374e-001
 9.0326488e-001
 9.0221751e-001
 9.0138096e-001
 9.0073097e-001
 9.0023249e-001
 8.9984411e-001
 8.9952266e-001
 8.9922613e-001
 8.9891618e-001
 8.9855915e-001
 8.9812648e-001
 8.9759505e-001
 8.9694726e-001
 8.9617127e-001
 8.9526117e-001
 8.9421654e-001
 8.9304310e-001
 8.9175260e-001
 8.9036185e-001
 8.8889384e-001
 8.8737625e-001
 8.8584143e-001
 8.8432437e-001
 8.8285989e-001
 8.8148063e-001
 8.8021195e-001
 8.7906939e-001
 8.7805551e-001
 8.7715799e-001
 8.7635052e-001
 8.7559319e-001
 8.7483615e-001
 8.7402242e-001
 8.7309206e-001
 8.7198800e-001
 8.7066084e-001
 8.6907578e-001
 8.6721796e-001
 8.6509585e-001
 8.6274505e-001
 8.6022699e-001
 8.5762501e-001
 8.5503989e-001
 8.5257953e-001
 8.5035086e-001
 8.4844899e-001
 8.4694767e-001
 8.4589350e-001
 8.4530050e-001
 8.4515011e-001
 8.4539294e-001
 8.4595472e-001
 8.4674358e-001
 8.4765989e-001
 8.4860390e-001
 8.4948367e-001
 8.5022002e-001
 8.5074794e-001
 8.5101670e-001
 8.5098743e-001
 8.5063076e-001
 8.4992415e-001
 8.4885240e-001
 8.4740734e-001
 8.4559143e-001
 8.4342039e-001
 8.4092486e-001
 8.3815354e-001
 8.3517265e-001
 8.3206272e-001
 8.2891703e-001
 8.2583326e-001
 8.2290953e-001
 8.2023597e-001
 8.1788766e-001
 8.1592196e-001
 8.1437284e-001
 8.1325167e-001
 8.1254750e-001
 8.1222945e-001
 8.1225133e-001
 8.1255645e-001
 8.1308323e-001
 8.1376982e-001
 8.1455833e-001
 8.1539649e-001
 8.1623858e-001
 8.1704372e-001
 8.1777447e-001
 8.1839526e-001
 8.1887078e-001
 8.1916672e-001
 8.1925118e-001
 8.1909734e-001
 8.1868678e-001
 8.1801325e-001
 8.1708533e-001
 8.1592786e-001
 8.1458229e-001
 8.1310320e-001
 8.1155527e-001
 8.1000745e-001
 8.0852675e-001
 8.0717456e-001
 8.0600131e-001
 8.0504477e-001
 8.0432808e-001
 8.0385894e-001
 8.0362993e-001
 8.0361915e-001
 8.0379134e-001
 8.0409974e-001
 8.0448937e-001
 8.0489987e-001
 8.0527025e-001
 8.0554330e-001
 8.0566961e-001
 8.0561143e-001
 8.0534482e-001
 8.0486023e-001
 8.0416214e-001
 8.0326819e-001
 8.0220658e-001
 8.0101514e-001
 7.9973948e-001
 7.9843086e-001
 7.9714561e-001
 7.9594195e-001
 7.9487890e-001
 7.9401356e-001
 7.9339772e-001
 7.9307580e-001
 7.9308170e-001
 7.9343700e-001
 7.9414994e-001
 7.9521555e-001
 7.9661602e-001
 7.9832274e-001
 8.0029732e-001
 8.0249369e-001
 8.0486214e-001
 8.0735016e-001
 8.0990577e-001
 8.1248039e-001
 8.1502807e-001
 8.1750822e-001
 8.1988329e-001
 8.2211941e-001
 8.2418722e-001
 8.2606012e-001
 8.2771736e-001
 8.2914346e-001
 8.3033091e-001
 8.3128154e-001
 8.3200675e-001
 8.3252913e-001
 8.3288133e-001
 8.3310574e-001
 8.3325320e-001
 8.3338046e-001
 8.3354747e-001
 8.3381367e-001
 8.3423346e-001
 8.3485126e-001
 8.3569622e-001
 8.3677763e-001
 8.3808261e-001
 8.3957469e-001
 8.4119725e-001
 8.4287715e-001
 8.4453249e-001
 8.4608144e-001
 8.4744948e-001
 8.4857863e-001
 8.4943151e-001
 8.4999561e-001
 8.5028243e-001
 8.5032433e-001
 8.5016894e-001
 8.4987247e-001
 8.4949285e-001
 8.4908384e-001
 8.4869164e-001
 8.4835255e-001
 8.4809327e-001
 8.4793139e-001
 8.4787691e-001
 8.4793383e-001
 8.4810156e-001
 8.4837645e-001
 8.4875375e-001
 8.4922922e-001
 8.4979981e-001
 8.5046417e-001
 8.5122216e-001
 8.5207307e-001
 8.5301429e-001
 8.5403866e-001
 8.5513335e-001
 8.5627955e-001
 8.5745221e-001
 8.5862261e-001
 8.5976028e-001
 8.6083663e-001
 8.6182857e-001
 8.6271989e-001
 8.6350393e-001
 8.6418283e-001
 8.6476761e-001
 8.6527693e-001
 8.6573458e-001
 8.6616784e-001
 8.6660486e-001
 8.6707222e-001
 8.6759347e-001
 8.6818713e-001
 8.6886513e-001
 8.6963242e-001
 8.7048584e-001
 8.7141484e-001
 8.7240261e-001
 8.7342840e-001
 8.7447071e-001
 8.7550932e-001
 8.7652922e-001
 8.7752122e-001
 8.7848336e-001
 8.7942135e-001
 8.8034612e-001
 8.8127244e-001
 8.8221526e-001
 8.8318676e-001
 8.8419390e-001
 8.8523632e-001
 8.8630712e-001
 8.8739282e-001
 8.8847584e-001
 8.8953787e-001
 8.9056134e-001
 8.9153278e-001
 8.9244330e-001
 8.9328986e-001
 8.9407480e-001
 8.9480448e-001
 8.9548779e-001
 8.9613491e-001
 8.9675468e-001
 8.9735419e-001
 8.9793658e-001
 8.9850122e-001
 8.9904344e-001
 8.9955479e-001
 9.0002412e-001
 9.0043849e-001
 9.0078521e-001
 9.0105349e-001
 9.0123612e-001
 9.0133107e-001
 9.0134162e-001
 9.0127581e-001
 9.0114480e-001
 9.0096092e-001
 9.0073550e-001
 9.0047777e-001
 9.0019393e-001
 8.9988714e-001
 8.9955813e-001
 8.9920580e-001
 8.9882755e-001
 8.9842010e-001
 8.9797878e-001
 8.9749765e-001
 8.9696801e-001
 8.9637744e-001
 8.9570975e-001
 8.9494455e-001
 8.9405924e-001
 8.9303082e-001
 8.9183766e-001
 8.9046252e-001
 8.8889283e-001
 8.8712257e-001
 8.8515210e-001
 8.8298744e-001
 8.8064128e-001
 8.7812948e-001
 8.7547106e-001
 8.7268448e-001
 8.6978382e-001
 8.6677831e-001
 8.6367035e-001
 8.6045504e-001
 8.5712475e-001
 8.5366982e-001
 8.5008490e-001
 8.4637165e-001
 8.4253919e-001
 8.3860779e-001
 8.3460343e-001
 8.3055794e-001
 8.2650256e-001
 8.2246149e-001
 8.1845045e-001
 8.1446910e-001
 8.1050259e-001
 8.0652052e-001
 8.0247772e-001
 7.9832160e-001
 7.9399264e-001
 7.8943062e-001
 7.8457499e-001
 7.7936113e-001
 7.7372128e-001
 7.6757580e-001
 7.6083612e-001
 7.5340480e-001
 7.4517989e-001
 7.3607194e-001
 7.2601563e-001
 7.1497977e-001
 7.0298636e-001
 6.9010502e-001
 6.7646033e-001
 6.6221917e-001
 6.4757079e-001
 6.3272172e-001
 6.1786598e-001
 6.0318536e-001
 5.8883911e-001
 5.7496119e-001
 5.6168044e-001
 5.4911810e-001
 5.3740776e-001
 5.2669263e-001
 5.1711559e-001
 5.0881392e-001
 5.0189197e-001
 4.9641180e-001
 4.9238014e-001
 4.8974895e-001
 4.8842904e-001
 4.8830423e-001
 4.8924738e-001
 4.9112841e-001
 4.9381205e-001
 4.9714351e-001
 5.0092906e-001
 5.0491935e-001
 5.0879633e-001
 5.1218116e-001
 5.1465088e-001
 5.1577324e-001
 5.1514679e-001
 5.1243997e-001
 5.0742126e-001
 4.9997902e-001
 4.9012476e-001
 4.7797748e-001
 4.6375194e-001
 4.4772226e-001
 4.3020904e-001
 4.1155621e-001
 3.9211139e-001
 3.7223682e-001
 3.5229021e-001
 3.3264193e-001
 3.1366560e-001
 2.9572451e-001
 2.7917209e-001
 2.6432604e-001
 2.5144285e-001
 2.4070966e-001
 2.3221709e-001
 2.2596146e-001
 2.2184236e-001
 2.1967407e-001
 2.1920842e-001
 2.2015762e-001
 2.2222231e-001
 2.2511685e-001
 2.2859329e-001
 2.3245579e-001
 2.3657419e-001
 2.4088494e-001
 2.4539027e-001
 2.5015229e-001
 2.5527698e-001
 2.6090261e-001
 2.6717660e-001
 2.7423656e-001
 2.8219348e-001
 2.9110977e-001
 3.0098927e-001
 3.1177574e-001
 3.2334608e-001
 3.3552971e-001
 3.4811446e-001
 3.6087045e-001
 3.7357667e-001
 3.8603127e-001
 3.9808059e-001
 4.0961954e-001
 4.2059955e-001
 4.3102750e-001
 4.4094503e-001
 4.5042172e-001
 4.5952758e-001
 4.6831918e-001
 4.7682890e-001
 4.8505080e-001
 4.9294910e-001
 5.0045866e-001
 5.0750059e-001
 5.1399952e-001
 5.1989311e-001
 5.2514613e-001
 5.2975941e-001
 5.3376675e-001
 5.3723574e-001
 5.4025537e-001
 5.4292470e-001
 5.4533964e-001
 5.4757595e-001
 5.4968119e-001
 5.5166674e-001
 5.5351102e-001
 5.5516875e-001
 5.5658537e-001
 5.5771768e-001
 5.5855125e-001
 5.5911553e-001
 5.5948961e-001
 5.5979675e-001
 5.6019002e-001
 5.6082946e-001
 5.6185633e-001
 5.6337023e-001
 5.6541055e-001
 5.6794959e-001
 5.7089233e-001
 5.7408839e-001
 5.7735121e-001
 5.8047926e-001
 5.8328068e-001
 5.8559555e-001
 5.8730888e-001
 5.8836079e-001
 5.8874530e-001
 5.8850515e-001
 5.8772016e-001
 5.8649385e-001
 5.8493900e-001
 5.8316499e-001
 5.8126742e-001
 5.7932043e-001
 5.7737476e-001
 5.7545733e-001
 5.7357723e-001
 5.7173240e-001
 5.6991786e-001
 5.6813550e-001
 5.6639814e-001
 5.6473303e-001
 5.6317973e-001
 5.6178504e-001
 5.6059897e-001
 5.5966955e-001
 5.5904144e-001
 5.5875731e-001
 5.5886012e-001
 5.5939573e-001
 5.6041241e-001
 5.6195784e-001
 5.6407046e-001
 5.6677109e-001
 5.7005125e-001
 5.7386577e-001
 5.7813162e-001
 5.8272713e-001
 5.8750468e-001
 5.9230047e-001
 5.9695184e-001
 6.0131437e-001
 6.0526979e-001
 6.0873652e-001
 6.1166656e-001
 6.1404228e-001
 6.1586905e-001
 6.1716384e-001
 6.1794955e-001
 6.1824775e-001
 6.1807793e-001
 6.1745930e-001
 6.1641598e-001
 6.1498445e-001
 6.1321902e-001
 6.1119622e-001
 6.0901242e-001
 6.0677958e-001
 6.0461569e-001
 6.0263330e-001
 6.0093129e-001
 5.9898371e-001
 5.9801596e-001
 5.9751278e-001
 5.9746289e-001
 5.9783441e-001
 5.9858388e-001
 5.9966350e-001
 6.0102737e-001
 6.0263699e-001
 6.0446316e-001
 6.0648775e-001
 6.0870087e-001
 6.1109614e-001
 6.1366415e-001
 6.1638325e-001
 6.1921448e-001
 6.2210107e-001
 6.2497091e-001
 6.2774903e-001
 6.3036877e-001
 6.3278449e-001
 6.3497847e-001
 6.3695627e-001
 6.3873845e-001
 6.4034504e-001
 6.4178497e-001
 6.4305097e-001
 6.4412147e-001
 6.4497113e-001
 6.4558250e-001
 6.4595842e-001
 6.4612955e-001
 6.4615452e-001
 6.4611298e-001
 6.4609259e-001
 6.4617395e-001
 6.4641684e-001
 6.4685071e-001
 6.4746898e-001
 6.4822954e-001
 6.4906013e-001
 6.4986926e-001
 6.5055954e-001
 6.5104216e-001
 6.5124875e-001
 6.5113777e-001
 6.5069705e-001
 6.4994109e-001
 6.4890683e-001
 6.4764684e-001
 6.4622456e-001
 6.4470685e-001
 6.4315951e-001
 6.4164126e-001
 6.4019936e-001
 6.3886899e-001
 6.3767117e-001
 6.3661486e-001
 6.3569689e-001
 6.3490331e-001
 6.3421237e-001
 6.3359952e-001
 6.3304520e-001
 6.3254434e-001
 6.3211507e-001
 6.3180411e-001
 6.3168544e-001
 6.3185215e-001
 6.3240331e-001
 6.3342887e-001
 6.3499469e-001
 6.3713133e-001
 6.3982648e-001
 6.4301866e-001
 6.4660025e-001
 6.5042293e-001
 6.5431458e-001
 6.5810043e-001
 6.6162038e-001
 6.6474849e-001
 6.6739911e-001
 6.6953146e-001
 6.7114800e-001
 6.7228746e-001
 6.7301744e-001
 6.7342103e-001
 6.7358345e-001
 6.7357856e-001
 6.7346001e-001
 6.7325848e-001
 6.7298484e-001
 6.7263651e-001
 6.7220503e-001
 6.7168307e-001
 6.7107010e-001
 6.7037761e-001
 6.6963220e-001
 6.6887349e-001
 6.6814804e-001
 6.6749883e-001
 6.6695565e-001
 6.6653121e-001
 6.6622353e-001
 6.6602457e-001
 6.6592956e-001
 6.6594195e-001
 6.6607153e-001
 6.6632718e-001
 6.6670716e-001
 6.6719246e-001
 6.6774619e-001
 6.6831833e-001
 6.6885602e-001
 6.6931224e-001
 6.6965264e-001
 6.6985738e-001
 6.6991842e-001
 6.6983688e-001
 6.6962147e-001
 6.6929096e-001
 6.6887796e-001
 6.6843164e-001
 6.6801643e-001
 6.6770428e-001
 6.6756386e-001
 6.6764843e-001
 6.6798866e-001
 6.6858989e-001
 6.6943544e-001
 6.7049134e-001
 6.7171156e-001
 6.7304063e-001
 6.7441690e-001
 6.7577678e-001
 6.7705786e-001
 6.7820543e-001
 6.7917532e-001
 6.7993772e-001
 6.8047845e-001
 6.8079931e-001
 6.8091732e-001
 6.8086368e-001
 6.8068010e-001
 6.8041545e-001
 6.8012244e-001
 6.7985481e-001
 6.7966449e-001
 6.7959785e-001
 6.7969072e-001
 6.7996418e-001
 6.8042225e-001
 6.8105358e-001
 6.8183404e-001
 6.8273073e-001
 6.8370271e-001
 6.8470293e-001
 6.8568116e-001
 6.8658781e-001
 6.8738008e-001
 6.8802649e-001
 6.8850976e-001
 6.8882555e-001
 6.8897808e-001
 6.8897349e-001
 6.8881327e-001
 6.8849081e-001
 6.8799305e-001
 6.8730652e-001
 6.8642533e-001
 6.8535674e-001
 6.8412435e-001
 6.8276542e-001
 6.8132818e-001
 6.7986792e-001
 6.7844325e-001
 6.7711431e-001
 6.7593640e-001
 6.7495406e-001
 6.7419237e-001
 6.7365074e-001
 6.7330140e-001
 6.7309195e-001
 6.7295241e-001
 6.7280412e-001
 6.7256790e-001
 6.7217255e-001
 6.7156035e-001
 6.7069215e-001
 6.6955054e-001
 6.6814142e-001
 6.6649497e-001
 6.6466361e-001
 6.6271621e-001
 6.6073066e-001
 6.5878135e-001
 6.5693003e-001
 6.5521801e-001
 6.5366387e-001
 6.5226847e-001
 6.5101898e-001
 6.4989716e-001
 6.4888287e-001
 6.4795911e-001
 6.4711261e-001
 6.4633387e-001
 6.4561552e-001
 6.4494699e-001
 6.4431089e-001
 6.4367944e-001
 6.4301467e-001
 6.4227015e-001
 6.4139771e-001
 6.4035708e-001
 6.3912624e-001
 6.3771319e-001
 6.3616538e-001
 6.3456768e-001
 6.3303441e-001
 6.3169032e-001
 6.3064939e-001
 6.2999177e-001
 6.2975103e-001
 6.2991011e-001
 6.3040674e-001
 6.3114798e-001
 6.3202673e-001
 6.3293880e-001
 6.3379395e-001
 6.3452059e-001
 6.3506776e-001
 6.3540262e-001
 6.3550884e-001
 6.3538480e-001
 6.3504201e-001
 6.3450211e-001
 6.3379306e-001
 6.3294250e-001
 6.3197148e-001
 6.3088924e-001
 6.2968761e-001
 6.2834203e-001
 6.2681496e-001
 6.2506628e-001
 6.2306321e-001
 6.2079352e-001
 6.1827749e-001
 6.1556953e-001
 6.1275649e-001
 6.0994875e-001
 6.0726041e-001
 6.0479492e-001
 6.0263711e-001
 6.0084826e-001
 5.9947461e-001
 5.9855372e-001
 5.9811866e-001
 5.9819287e-001
 5.9878230e-001
 5.9986401e-001
 6.0137844e-001
 6.0322732e-001
 6.0527682e-001
 6.0737395e-001
 6.0936391e-001
 6.1111128e-001
 6.1251473e-001
 6.1351776e-001
 6.1410600e-001
 6.1430019e-001
 6.1414576e-001
 6.1369854e-001
 6.1301285e-001
 6.1212963e-001
 6.1107010e-001
 6.0983455e-001
 6.0840845e-001
 6.0676879e-001
 6.0489452e-001
 6.0277605e-001
 6.0041821e-001
 5.9784395e-001
 5.9509581e-001
 5.9222841e-001
 5.8930331e-001
 5.8638281e-001
 5.8351809e-001
 5.8074725e-001
 5.7809430e-001
 5.7557470e-001
 5.7319450e-001
 5.7095224e-001
 5.6883651e-001
 5.6681788e-001
 5.6484950e-001
 5.6287360e-001
 5.6083053e-001
 5.5867374e-001
 5.5637771e-001
 5.5394250e-001
 5.5138713e-001
 5.4874569e-001
 5.4606551e-001
 5.4340094e-001
 5.4081196e-001
 5.3835964e-001
 5.3609335e-001
 5.3404319e-001
 5.3221446e-001
 5.3058207e-001
 5.2909487e-001
 5.2768004e-001
 5.2625132e-001
 5.2471471e-001
 5.2297592e-001
 5.2094549e-001
 5.1853776e-001
 5.1567054e-001
 5.1226604e-001
 5.0824755e-001
 5.0354457e-001
 4.9809378e-001
 4.9184582e-001
 4.8475590e-001
 4.7678405e-001
 4.6790013e-001
 4.5807290e-001
 4.4727769e-001
 4.3550834e-001
 4.2276475e-001
 4.0906176e-001
 3.9444351e-001
 3.7896964e-001
 3.6273634e-001
 3.4587872e-001
 3.2859382e-001
 3.1111783e-001
 2.9373023e-001
 2.7674979e-001
 2.6048583e-001
 2.4522564e-001
 2.3122068e-001
 2.1864775e-001
 2.0761529e-001
 1.9815870e-001
 1.9025856e-001
 1.8384264e-001
 1.7881228e-001
 1.7506145e-001
 1.7248249e-001
 1.7097752e-001
 1.7045730e-001
 1.7083068e-001
 1.7199303e-001
 1.7380932e-001
 1.7610413e-001
 1.7865720e-001
 1.8121272e-001
 1.8349817e-001
 1.8526055e-001
 1.8630204e-001
 1.8651541e-001
 1.8591075e-001
 1.8462221e-001
 1.8289897e-001
 1.8107499e-001
 1.7952937e-001
 1.7863902e-001
 1.7873366e-001
 1.8005590e-001
 1.8273668e-001
 1.8678014e-001
 1.9207139e-001
 1.9839533e-001
 2.0546338e-001
 2.1296342e-001
 2.2059698e-001
 2.2810675e-001
 2.3530653e-001
 2.4207555e-001
 2.4834870e-001
 2.5408903e-001
 2.5927475e-001
 2.6387843e-001
 2.6785901e-001
 2.7117443e-001
 2.7379325e-001
 2.7571407e-001
 2.7698883e-001
 2.7773070e-001
 2.7811092e-001
 2.7833921e-001
 2.7863351e-001
 2.7918628e-001
 2.8013667e-001
 2.8155622e-001
 2.8344846e-001
 2.8576005e-001
 2.8840533e-001
 2.9128987e-001
 2.9433426e-001
 2.9748765e-001
 3.0073962e-001
 3.0411699e-001
 3.0767280e-001
 3.1147665e-001
 3.1559455e-001
 3.2006744e-001
 3.2490101e-001
 3.3005297e-001
 3.3542544e-001
 3.4087619e-001
 3.4622505e-001
 3.5127383e-001
 3.5582504e-001
 3.5971677e-001
 3.6284649e-001
 3.6519289e-001
 3.6683309e-001
 3.6793745e-001
 3.6875132e-001
 3.6956525e-001
 3.7067494e-001
 3.7234184e-001
 3.7475720e-001
 3.7802163e-001
 3.8213745e-001
 3.8701329e-001
 3.9248973e-001
 3.9836198e-001
 4.0439868e-001
 4.1037020e-001
 4.1605991e-001
 4.2127377e-001
 4.2586091e-001
 4.2971867e-001
 4.3280140e-001
 4.3511882e-001
 4.3673590e-001
 4.3775931e-001
 4.3832240e-001
 4.3856844e-001
 4.3863207e-001
 4.3862662e-001
 4.3863934e-001
 4.3873531e-001
 4.3896660e-001
 4.3938038e-001
 4.4002277e-001
 4.4093615e-001
 4.4215140e-001
 4.4368133e-001
 4.4551399e-001
 4.4760686e-001
 4.4988826e-001
 4.5225832e-001
 4.5459321e-001
 4.5675850e-001
 4.5861968e-001
 4.6005660e-001
 4.6097401e-001
 4.6131214e-001
 4.6104923e-001
 4.6020168e-001
 4.5881963e-001
 4.5697924e-001
 4.5477465e-001
 4.5230430e-001
 4.4966131e-001
 4.4692320e-001
 4.4414830e-001
 4.4136941e-001
 4.3859631e-001
 4.3581977e-001
 4.3301010e-001
 4.3012246e-001
 4.2710316e-001
 4.2389107e-001
 4.2042398e-001
 4.1664305e-001
 4.1248634e-001
 4.0788940e-001
 4.0278271e-001
 3.9710286e-001
 3.9079735e-001
 3.8384295e-001
 3.7626499e-001
 3.6813396e-001
 3.5956687e-001
 3.5072222e-001
 3.4177053e-001
 3.3288497e-001
 3.2422361e-001
 3.1592983e-001
 3.0811751e-001
 3.0087855e-001
 2.9428861e-001
 2.8839788e-001
 2.8323820e-001
 2.7882972e-001
 2.7517954e-001
 2.7229401e-001
 2.7018636e-001
 2.6887512e-001
 2.6838589e-001
 2.6874530e-001
 2.6997301e-001
 2.7207288e-001
 2.7502415e-001
 2.7876955e-001
 2.8321382e-001
 2.8822157e-001
 2.9361799e-001
 2.9920745e-001
 3.0478477e-001
 3.1015691e-001
 3.1515634e-001
 3.1966305e-001
 3.2360610e-001
 3.2695720e-001
 3.2972252e-001
 3.3192039e-001
 3.3356124e-001
 3.3463776e-001
 3.3511984e-001
 3.3496359e-001
 3.3412898e-001
 3.3260024e-001
 3.3040321e-001
 3.2761952e-001
 3.2438833e-001
 3.2090670e-001
 3.1742609e-001
 3.1423363e-001
 3.1163111e-001
 3.0990258e-001
 3.0927008e-001
 3.0985746e-001
 3.1166342e-001
 3.1455281e-001
 3.1827652e-001
 3.2250959e-001
 3.2689768e-001
 3.3111405e-001
 3.3489653e-001
 3.3806881e-001
 3.4055299e-001
 3.4235951e-001
 3.4357277e-001
 3.4432793e-001
 3.4478524e-001
 3.4509766e-001
 3.4538084e-001
 3.4569040e-001
 3.4601149e-001
 3.4626359e-001
 3.4631765e-001
 3.4601972e-001
 3.4521765e-001
 3.4378687e-001
 3.4165525e-001
 3.3882114e-001
 3.3536485e-001
 3.3143935e-001
 3.2725322e-001
 3.2304722e-001
 3.1905907e-001
 3.1550002e-001
 3.1253499e-001
 3.1026155e-001
 3.0870482e-001
 3.0781737e-001
 3.0749103e-001
 3.0757567e-001
 3.0790463e-001
 3.0831689e-001
 3.0867442e-001
 3.0887115e-001
 3.0883679e-001
 3.0853906e-001
 3.0798391e-001
 3.0721447e-001
 3.0630353e-001
 3.0534169e-001
 3.0442020e-001
 3.0361357e-001
 3.0296177e-001
 3.0246118e-001
 3.0206671e-001
 3.0170628e-001
 3.0130759e-001
 3.0082649e-001
 3.0026671e-001
 2.9968604e-001
 2.9918802e-001
 2.9890490e-001
 2.9897550e-001
 2.9952419e-001
 3.0063972e-001
 3.0235732e-001
 3.0464387e-001
 3.0738544e-001
 3.1038883e-001
 3.1339049e-001
 3.1607819e-001
 3.1813121e-001
 3.1925789e-001
 3.1923229e-001
 3.1792077e-001
 3.1529632e-001
 3.1144014e-001
 3.0653578e-001
 3.0083832e-001
 2.9463580e-001
 2.8820568e-001
 2.8176239e-001
 2.7544007e-001
 2.6929516e-001
 2.6334286e-001
 2.5759149e-001
 2.5208527e-001
 2.4692765e-001
 2.4226801e-001
 2.3827834e-001
 2.3511398e-001
 2.3286612e-001
 2.3153643e-001
 2.3102887e-001
 2.3116116e-001
 2.3169497e-001
 2.3237012e-001
 2.3293626e-001
 2.3317999e-001
 2.3294255e-001
 2.3213069e-001
 2.3071711e-001
 2.2873001e-001
 2.2623581e-001
 2.2331157e-001
 2.2002371e-001
 2.1640995e-001
 2.1247458e-001
 2.0818204e-001
 2.0346457e-001
 1.9824044e-001
 1.9243254e-001
 1.8600376e-001
 1.7899096e-001
 1.7150694e-001
 1.6373385e-001
 1.5588880e-001
 1.4819482e-001
 1.4083906e-001
 1.3395759e-001
 1.2762830e-001
 1.2185793e-001
 1.1659566e-001
 1.1175641e-001
 1.0724214e-001
 1.0297538e-001
 9.8923467e-002
 9.5100783e-002
 9.1567121e-002
 8.8408649e-002
 8.5717566e-002
 8.3565950e-002
 8.1996530e-002
 8.1024632e-002
 8.0647878e-002
 8.0861472e-002
 8.1663035e-002
 8.3047435e-002
 8.4995255e-002
 8.7465383e-002
 9.0394728e-002
 9.3713932e-002
 9.7361721e-002
 1.0129429e-001
 1.0549664e-001
 1.0998054e-001
 1.1477578e-001
 1.1992329e-001
 1.2544811e-001
 1.3132450e-001
 1.3746099e-001
 1.4369833e-001
 1.4984962e-001
 1.5575399e-001
 1.6133739e-001
 1.6662198e-001
 1.7168914e-001
 1.7662399e-001
 1.8145497e-001
 1.8613066e-001
 1.9054830e-001
 1.9459346e-001
 1.9818130e-001
 2.0127107e-001
 2.0386840e-001
 2.0600909e-001
-1.2300000e+034
