s07_ASD Record=9285: Prochlorite SMR-14.a 115um    BECKa AREF
 6.9563754e-002
 6.9641255e-002
 6.9963582e-002
 7.0477135e-002
 7.1094774e-002
 7.1722634e-002
 7.2285302e-002
 7.2734587e-002
 7.3047623e-002
 7.3220864e-002
 7.3262535e-002
 7.3187254e-002
 7.3012769e-002
 7.2760649e-002
 7.2460644e-002
 7.2154030e-002
 7.1893215e-002
 7.1735665e-002
 7.1732536e-002
 7.1913563e-002
 7.2272949e-002
 7.2766371e-002
 7.3325165e-002
 7.3879488e-002
 7.4375063e-002
 7.4776366e-002
 7.5062290e-002
 7.5222529e-002
 7.5265311e-002
 7.5224951e-002
 7.5154699e-002
 7.5104319e-002
 7.5104527e-002
 7.5165845e-002
 7.5279415e-002
 7.5429641e-002
 7.5613573e-002
 7.5841367e-002
 7.6118648e-002
 7.6427050e-002
 7.6722376e-002
 7.6954752e-002
 7.7096999e-002
 7.7160701e-002
 7.7189110e-002
 7.7233933e-002
 7.7332698e-002
 7.7498816e-002
 7.7724375e-002
 7.7987827e-002
 7.8261204e-002
 7.8517072e-002
 7.8737497e-002
 7.8921475e-002
 7.9083368e-002
 7.9240419e-002
 7.9396129e-002
 7.9532966e-002
 7.9622224e-002
 7.9624191e-002
 7.9527825e-002
 7.9394996e-002
 7.9276301e-002
 7.9229392e-002
 7.9352163e-002
 7.9698488e-002
 8.0241531e-002
 8.0919884e-002
 8.1666112e-002
 8.2411952e-002
 8.3095692e-002
 8.3664522e-002
 8.4076680e-002
 8.4309481e-002
 8.4368393e-002
 8.4289558e-002
 8.4129676e-002
 8.3947733e-002
 8.3788984e-002
 8.3679952e-002
 8.3635725e-002
 8.3672799e-002
 8.3816774e-002
 8.4097110e-002
 8.4530465e-002
 8.5103698e-002
 8.5769676e-002
 8.6461015e-002
 8.7113403e-002
 8.7684721e-002
 8.8160656e-002
 8.8549845e-002
 8.8876732e-002
 8.9176111e-002
 8.9484289e-002
 8.9821510e-002
 9.0171248e-002
 9.0478539e-002
 9.0685904e-002
 9.0783834e-002
 9.0825796e-002
 9.0884291e-002
 9.0982579e-002
 9.1058105e-002
 9.0986274e-002
 9.0666808e-002
 9.0116255e-002
 8.9492202e-002
 8.9031681e-002
 8.8930942e-002
 8.9234903e-002
 8.9810275e-002
 9.0422459e-002
 9.0861939e-002
 9.1037534e-002
 9.0994932e-002
 9.0876155e-002
 9.0849161e-002
 9.1030344e-002
 9.1432124e-002
 9.1968559e-002
 9.2511877e-002
 9.2950791e-002
 9.3216009e-002
 9.3284801e-002
 9.3188673e-002
 9.3020268e-002
 9.2915975e-002
 9.3005091e-002
 9.3346126e-002
 9.3891338e-002
 9.4512939e-002
 9.5077083e-002
 9.5503107e-002
 9.5760517e-002
 9.5834412e-002
 9.5723890e-002
 9.5477618e-002
 9.5202230e-002
 9.5009506e-002
 9.4950698e-002
 9.5001698e-002
 9.5095664e-002
 9.5153674e-002
 9.5102645e-002
 9.4922021e-002
 9.4720915e-002
 9.4754033e-002
 9.5294178e-002
 9.6426174e-002
 9.7935580e-002
 9.9391840e-002
 1.0036596e-001
 1.0064847e-001
 1.0035244e-001
 9.9842310e-002
 9.9523060e-002
 9.9628925e-002
 1.0013843e-001
 1.0081527e-001
 1.0131666e-001
 1.0136891e-001
 1.0097130e-001
 1.0043796e-001
 1.0016423e-001
 1.0034624e-001
 1.0095971e-001
 1.0191718e-001
 1.0309250e-001
 1.0422041e-001
 1.0495525e-001
 1.0510496e-001
 1.0474103e-001
 1.0408001e-001
 1.0335248e-001
 1.0278120e-001
 1.0254558e-001
 1.0267228e-001
 1.0298847e-001
 1.0322958e-001
 1.0320303e-001
 1.0287558e-001
 1.0236590e-001
 1.0188752e-001
 1.0166159e-001
 1.0180482e-001
 1.0225148e-001
 1.0280072e-001
 1.0327894e-001
 1.0365330e-001
 1.0397726e-001
 1.0428291e-001
 1.0457902e-001
 1.0487375e-001
 1.0509542e-001
 1.0507337e-001
 1.0474710e-001
 1.0431728e-001
 1.0400796e-001
 1.0377438e-001
 1.0349067e-001
 1.0334015e-001
 1.0369167e-001
 1.0455669e-001
 1.0542295e-001
 1.0569364e-001
 1.0515805e-001
 1.0406026e-001
 1.0289618e-001
 1.0216904e-001
 1.0215240e-001
 1.0272409e-001
 1.0342225e-001
 1.0375753e-001
 1.0356759e-001
 1.0310141e-001
 1.0273273e-001
 1.0258077e-001
 1.0242386e-001
 1.0196001e-001
 1.0111699e-001
 1.0012968e-001
 9.9359624e-002
 9.9045999e-002
 9.9203683e-002
 9.9729948e-002
 1.0055792e-001
 1.0161206e-001
 1.0256819e-001
 1.0282663e-001
 1.0198461e-001
 1.0035080e-001
 9.8787151e-002
 9.7972997e-002
 9.7899161e-002
 9.8073907e-002
 9.8137721e-002
 9.8224044e-002
 9.8701976e-002
 9.9625260e-002
 1.0053807e-001
 1.0086116e-001
 1.0043535e-001
 9.9597022e-002
 9.8681182e-002
 9.7689174e-002
 9.6693993e-002
 9.6201822e-002
 9.6526071e-002
 9.7084492e-002
 9.7140208e-002
 9.6894465e-002
 9.7063452e-002
 9.7748317e-002
 9.8300591e-002
 9.8147228e-002
 9.7338594e-002
 9.6370868e-002
 9.5659554e-002
 9.5158413e-002
 9.4542772e-002
 9.3750499e-002
 9.3132325e-002
 9.2994742e-002
 9.3205661e-002
 9.3428895e-002
 9.3607895e-002
 9.3953006e-002
 9.4416440e-002
 9.4403684e-002
 9.3288258e-002
 9.1281168e-002
 8.9472577e-002
 8.8703036e-002
 8.8655122e-002
 8.8455126e-002
 8.7951675e-002
 8.7906659e-002
 8.8901356e-002
 9.0498708e-002
 9.1721505e-002
 9.2057481e-002
 9.1857083e-002
 9.1748983e-002
 9.1876522e-002
 9.1865264e-002
 9.1419183e-002
 9.0790398e-002
 9.0426140e-002
 9.0164535e-002
 8.9302629e-002
 8.7645046e-002
 8.5939527e-002
 8.5038379e-002
 8.5094355e-002
 8.5709244e-002
 8.6399294e-002
 8.6790785e-002
 8.6807884e-002
 8.6848401e-002
 8.7348647e-002
 8.7984040e-002
 8.7826096e-002
 8.6543664e-002
 8.4896728e-002
 8.3829373e-002
 8.3621629e-002
 8.4070541e-002
 8.4944360e-002
 8.6015902e-002
 8.6985454e-002
 8.7586373e-002
 8.7633364e-002
 8.6964816e-002
 8.5647725e-002
 8.4304295e-002
 8.3729915e-002
 8.4015772e-002
 8.4392898e-002
 8.4080413e-002
 8.3196834e-002
 8.2461745e-002
 8.2264274e-002
 8.2419626e-002
 8.2595028e-002
 8.2656674e-002
 8.2664818e-002
 8.2669251e-002
 8.2564890e-002
 8.2176477e-002
 8.1509918e-002
 8.0908120e-002
 8.0884792e-002
 8.1713200e-002
 8.3139099e-002
 8.4508158e-002
 8.5176118e-002
 8.4832139e-002
 8.3568923e-002
 8.1831843e-002
 8.0331780e-002
 7.9800919e-002
 8.0578521e-002
 8.2339868e-002
 8.4281862e-002
 8.5638680e-002
 8.6067073e-002
 8.5632160e-002
 8.4572248e-002
 8.3147265e-002
 8.1674740e-002
 8.0638409e-002
 8.0572277e-002
 8.1297152e-002
 8.1472129e-002
 8.0349006e-002
 7.8826979e-002
 7.8271203e-002
 7.8993991e-002
 8.0409504e-002
 8.1846423e-002
 8.2638301e-002
 8.2220927e-002
 8.0927961e-002
 8.0136545e-002
 8.0719620e-002
 8.1925176e-002
 8.2570434e-002
 8.2499452e-002
 8.2178585e-002
 8.1773967e-002
 8.1314020e-002
 8.1145033e-002
 8.1638359e-002
 8.2656451e-002
 8.3547130e-002
 8.3679713e-002
 8.3160914e-002
 8.2900591e-002
 8.3580039e-002
 8.4779888e-002
 8.5426174e-002
 8.4776580e-002
 8.2909629e-002
 8.0628380e-002
 7.8974418e-002
 7.8618512e-002
 7.9433694e-002
 8.0627188e-002
 8.1519105e-002
 8.2051978e-002
 8.2375035e-002
 8.2445987e-002
 8.2437724e-002
 8.2940854e-002
 8.4090449e-002
 8.5038900e-002
 8.4994540e-002
 8.3901763e-002
 8.2582280e-002
 8.1982851e-002
 8.2383648e-002
 8.3578542e-002
 8.5102946e-002
 8.6511232e-002
 8.7534599e-002
 8.8048041e-002
 8.8012636e-002
 8.7517872e-002
 8.6772121e-002
 8.5973874e-002
 8.5184410e-002
 8.4340699e-002
 8.3448634e-002
 8.2829840e-002
 8.3088249e-002
 8.4652431e-002
 8.7185979e-002
 8.9631140e-002
 9.0966567e-002
 9.0937734e-002
 9.0079457e-002
 8.9151874e-002
 8.8702500e-002
 8.8980258e-002
 8.9946158e-002
 9.1150485e-002
 9.1667995e-002
 9.0346843e-002
 8.7525658e-002
 8.3724074e-002
 8.1355900e-002
 8.1967555e-002
 8.4910549e-002
 8.8655159e-002
 9.1669545e-002
 9.2659630e-002
 9.1900267e-002
 9.0297848e-002
 8.8760413e-002
 8.8059857e-002
 8.8067099e-002
 8.8289060e-002
 8.8231638e-002
 8.7495461e-002
 8.6307481e-002
 8.5148729e-002
 8.4500939e-002
 8.4764048e-002
 8.5793450e-002
 8.7474935e-002
 8.8909253e-002
 8.9959778e-002
 9.0533771e-002
 9.0800717e-002
 9.0941660e-002
 9.1137551e-002
 9.1561362e-002
 9.2204735e-002
 9.2879049e-002
 9.3388274e-002
 9.3536086e-002
 9.3136087e-002
 9.2221014e-002
 9.1039374e-002
 8.9849301e-002
 8.8908397e-002
 8.8465676e-002
 8.8568665e-002
 8.9067824e-002
 8.9805417e-002
 9.0623461e-002
 9.1364250e-002
 9.1905653e-002
 9.2263624e-002
 9.2487872e-002
 9.2627920e-002
 9.2733435e-002
 9.2854008e-002
 9.3022890e-002
 9.3210347e-002
 9.3371555e-002
 9.3461618e-002
 9.3435705e-002
 9.3248963e-002
 9.2856549e-002
 9.2234306e-002
 9.1437548e-002
 9.0540104e-002
 8.9616209e-002
 8.8739693e-002
 8.7984771e-002
 8.7425299e-002
 8.7135442e-002
 8.7162405e-002
 8.7452665e-002
 8.7928988e-002
 8.8513985e-002
 8.9130484e-002
 8.9701086e-002
 9.0148553e-002
 9.0395652e-002
 9.0386875e-002
 9.0148151e-002
 8.9724444e-002
 8.9160599e-002
 8.8501640e-002
 8.7792329e-002
 8.7077759e-002
 8.6402670e-002
 8.5803322e-002
 8.5283183e-002
 8.4838487e-002
 8.4465295e-002
 8.4159672e-002
 8.3917834e-002
 8.3735839e-002
 8.3609819e-002
 8.3535887e-002
 8.3510175e-002
 8.3528787e-002
 8.3587825e-002
 8.3682917e-002
 8.3807662e-002
 8.3955318e-002
 8.4119037e-002
 8.4292077e-002
 8.4467605e-002
 8.4638856e-002
 8.4799051e-002
 8.4941357e-002
 8.5059032e-002
 8.5145243e-002
 8.5193224e-002
 8.5197590e-002
 8.5158013e-002
 8.5075319e-002
 8.4950283e-002
 8.4783763e-002
 8.4576495e-002
 8.4329352e-002
 8.4043071e-002
 8.3718546e-002
 8.3356537e-002
 8.2957789e-002
 8.2528085e-002
 8.2090065e-002
 8.1670359e-002
 8.1295356e-002
 8.0991656e-002
 8.0785714e-002
 8.0704056e-002
 8.0773197e-002
 8.1019625e-002
 8.1469901e-002
 8.2133688e-002
 8.2962841e-002
 8.3896726e-002
 8.4874347e-002
 8.5835189e-002
 8.6718261e-002
 8.7463006e-002
 8.8008501e-002
 8.8294096e-002
 8.8258982e-002
 8.7867983e-002
 8.7173454e-002
 8.6246230e-002
 8.5157506e-002
 8.3977982e-002
 8.2778923e-002
 8.1631139e-002
 8.0605514e-002
 7.9773217e-002
 7.9205059e-002
 7.8948773e-002
 7.8973182e-002
 7.9230577e-002
 7.9673290e-002
 8.0253519e-002
 8.0923684e-002
 8.1635922e-002
 8.2342699e-002
 8.2996123e-002
 8.3561040e-002
 8.4043764e-002
 8.4459044e-002
 8.4821880e-002
 8.5147046e-002
 8.5449532e-002
 8.5744135e-002
 8.6045794e-002
 8.6365409e-002
 8.6701028e-002
 8.7047897e-002
 8.7401450e-002
 8.7756880e-002
 8.8109650e-002
 8.8454962e-002
 8.8788204e-002
 8.9099094e-002
 8.9358836e-002
 8.9535072e-002
 8.9595318e-002
 8.9507125e-002
 8.9238085e-002
 8.8755690e-002
 8.8027619e-002
 8.7054968e-002
 8.5947923e-002
 8.4838048e-002
 8.3954625e-002
 8.3306164e-002
 8.3061568e-002
 8.3301172e-002
 8.4015928e-002
 8.5118286e-002
 8.6466968e-002
 8.7894835e-002
 8.9229092e-002
 9.0314701e-002
 9.1049455e-002
 9.1407374e-002
 9.1417752e-002
 9.1132946e-002
 9.0611272e-002
 8.9913301e-002
 8.9102045e-002
 8.8243663e-002
 8.7406836e-002
 8.6660065e-002
 8.6065568e-002
 8.5666910e-002
 8.5474938e-002
 8.5462533e-002
 8.5573219e-002
 8.5736327e-002
 8.5881844e-002
 8.5954048e-002
 8.5922658e-002
 8.5786358e-002
 8.5567363e-002
 8.5302435e-002
 8.5036874e-002
 8.4823340e-002
 8.4723145e-002
 8.4806316e-002
 8.5147694e-002
 8.5816838e-002
 8.6858742e-002
 8.8267602e-002
 9.0090372e-002
 9.0936773e-002
 9.1670334e-002
 9.2224382e-002
 9.2546768e-002
 9.2607036e-002
 9.2401065e-002
 9.1951393e-002
 9.1306157e-002
 9.0532660e-002
 8.9708075e-002
 8.8907935e-002
 8.8195257e-002
 8.7613322e-002
 8.7183975e-002
 8.6910956e-002
 8.6785965e-002
 8.6794265e-002
 8.6919427e-002
 8.7145753e-002
 8.7459221e-002
 8.7846383e-002
 8.8293038e-002
 8.8782370e-002
 8.9293979e-002
 8.9802958e-002
 9.0279460e-002
 9.0690784e-002
 9.1004051e-002
 9.1191299e-002
 9.1234274e-002
 9.1127522e-002
 9.0880103e-002
 9.0515286e-002
 9.0068050e-002
 8.9580804e-002
 8.9098476e-002
 8.8662229e-002
 8.8304669e-002
 8.8045917e-002
 8.7892219e-002
 8.7837242e-002
 8.7865017e-002
 8.7954491e-002
 8.8084184e-002
 8.8236384e-002
 8.8399701e-002
 8.8569939e-002
 8.8749096e-002
 8.8942498e-002
 8.9155480e-002
 8.9389510e-002
 8.9639440e-002
 8.9892171e-002
 9.0127029e-002
 9.0318315e-002
 9.0438947e-002
 9.0465069e-002
 9.0380132e-002
 9.0177976e-002
 8.9864023e-002
 8.9454852e-002
 8.8975981e-002
 8.8458471e-002
 8.7935746e-002
 8.7440252e-002
 8.7000869e-002
 8.6641721e-002
 8.6380966e-002
 8.6230785e-002
 8.6197123e-002
 8.6279705e-002
 8.6472131e-002
 8.6762227e-002
 8.7132543e-002
 8.7561518e-002
 8.8025361e-002
 8.8499717e-002
 8.8962279e-002
 8.9394420e-002
 8.9782946e-002
 9.0120971e-002
 9.0407692e-002
 9.0647854e-002
 9.0850100e-002
 9.1025218e-002
 9.1184266e-002
 9.1336638e-002
 9.1488793e-002
 9.1643512e-002
 9.1799654e-002
 9.1952734e-002
 9.2095733e-002
 9.2220254e-002
 9.2317767e-002
 9.2380516e-002
 9.2402309e-002
 9.2378922e-002
 9.2308275e-002
 9.2190333e-002
 9.2027068e-002
 9.1822244e-002
 9.1581561e-002
 9.1312677e-002
 9.1025263e-002
 9.0731293e-002
 9.0444639e-002
 9.0180911e-002
 8.9956447e-002
 8.9787044e-002
 8.9686640e-002
 8.9665711e-002
 8.9730188e-002
 8.9880697e-002
 9.0112761e-002
 9.0417340e-002
 9.0782002e-002
 9.1192231e-002
 9.1632031e-002
 9.2084609e-002
 9.2531890e-002
 9.2954308e-002
 9.3330875e-002
 9.3639620e-002
 9.3859799e-002
 9.3974590e-002
 9.3974784e-002
 9.3861967e-002
 9.3650468e-002
 9.3367107e-002
 9.3048729e-002
 9.2737429e-002
 9.2474483e-002
 9.2294656e-002
 9.2221342e-002
 9.2264257e-002
 9.2419356e-002
 9.2671186e-002
 9.2996404e-002
 9.3367815e-002
 9.3758024e-002
 9.4141573e-002
 9.4496503e-002
 9.4804347e-002
 9.5050178e-002
 9.5222592e-002
 9.5313899e-002
 9.5321059e-002
 9.5246643e-002
 9.5099896e-002
 9.4897047e-002
 9.4660982e-002
 9.4419546e-002
 9.4203211e-002
 9.4041713e-002
 9.3960389e-002
 9.3976989e-002
 9.4099022e-002
 9.4322488e-002
 9.4632097e-002
 9.5003352e-002
 9.5405541e-002
 9.5806278e-002
 9.6175715e-002
 9.6490763e-002
 9.6738130e-002
 9.6915498e-002
 9.7031236e-002
 9.7102121e-002
 9.7149722e-002
 9.7196177e-002
 9.7259983e-002
 9.7352862e-002
 9.7478308e-002
 9.7631954e-002
 9.7804025e-002
 9.7982667e-002
 9.8157682e-002
 9.8323390e-002
 9.8479606e-002
 9.8630905e-002
 9.8783821e-002
 9.8943390e-002
 9.9109963e-002
 9.9277146e-002
 9.9432066e-002
 9.9557534e-002
 9.9635839e-002
 9.9653065e-002
 9.9602714e-002
 9.9487871e-002
 9.9321291e-002
 9.9123761e-002
 9.8920912e-002
 9.8739922e-002
 9.8606147e-002
 9.8540746e-002
 9.8559394e-002
 9.8671734e-002
 9.8881550e-002
 9.9187031e-002
 9.9581331e-002
 1.0005260e-001
 1.0058464e-001
 1.0115705e-001
 1.0174625e-001
 1.0232698e-001
 1.0287352e-001
 1.0336204e-001
 1.0377207e-001
 1.0408840e-001
 1.0430232e-001
 1.0441231e-001
 1.0442439e-001
 1.0435194e-001
 1.0421500e-001
 1.0403911e-001
 1.0385375e-001
 1.0369016e-001
 1.0357878e-001
 1.0354648e-001
 1.0361374e-001
 1.0379232e-001
 1.0408360e-001
 1.0447826e-001
 1.0495693e-001
 1.0549260e-001
 1.0605344e-001
 1.0660665e-001
 1.0712244e-001
 1.0757675e-001
 1.0795395e-001
 1.0824736e-001
 1.0845899e-001
 1.0859787e-001
 1.0867751e-001
 1.0871326e-001
 1.0871994e-001
 1.0871035e-001
 1.0869483e-001
 1.0868187e-001
 1.0867920e-001
 1.0869502e-001
 1.0873839e-001
 1.0881869e-001
 1.0894386e-001
 1.0911807e-001
 1.0933961e-001
 1.0959965e-001
 1.0988311e-001
 1.1017099e-001
 1.1044454e-001
 1.1068971e-001
 1.1090057e-001
 1.1108095e-001
 1.1124326e-001
 1.1140499e-001
 1.1158379e-001
 1.1179224e-001
 1.1203421e-001
 1.1230336e-001
 1.1258460e-001
 1.1285778e-001
 1.1310247e-001
 1.1330293e-001
 1.1345174e-001
 1.1355135e-001
 1.1361368e-001
 1.1365772e-001
 1.1370616e-001
 1.1378178e-001
 1.1390418e-001
 1.1408766e-001
 1.1434001e-001
 1.1466252e-001
 1.1505087e-001
 1.1549628e-001
 1.1598738e-001
 1.1651153e-001
 1.1705628e-001
 1.1761058e-001
 1.1816484e-001
 1.1871136e-001
 1.1924335e-001
 1.1975420e-001
 1.2023665e-001
 1.2068170e-001
 1.2107898e-001
 1.2141724e-001
 1.2168632e-001
 1.2187963e-001
 1.2199651e-001
 1.2204414e-001
 1.2203801e-001
 1.2200048e-001
 1.2195763e-001
 1.2193500e-001
 1.2195306e-001
 1.2202370e-001
 1.2214875e-001
 1.2232085e-001
 1.2252633e-001
 1.2274942e-001
 1.2297655e-001
 1.2319902e-001
 1.2341408e-001
 1.2362345e-001
 1.2383062e-001
 1.2403764e-001
 1.2424236e-001
 1.2443778e-001
 1.2461298e-001
 1.2475607e-001
 1.2485792e-001
 1.2491563e-001
 1.2493490e-001
 1.2493043e-001
 1.2492419e-001
 1.2494204e-001
 1.2500922e-001
 1.2514573e-001
 1.2536263e-001
 1.2565973e-001
 1.2602565e-001
 1.2643935e-001
 1.2687394e-001
 1.2730135e-001
 1.2769668e-001
 1.2804253e-001
 1.2833108e-001
 1.2856472e-001
 1.2875488e-001
 1.2891906e-001
 1.2907755e-001
 1.2924984e-001
 1.2945178e-001
 1.2969384e-001
 1.2998018e-001
 1.3030870e-001
 1.3067190e-001
 1.3105740e-001
 1.3144943e-001
 1.3182963e-001
 1.3217854e-001
 1.3247739e-001
 1.3270979e-001
 1.3286401e-001
 1.3293482e-001
 1.3292496e-001
 1.3284551e-001
 1.3271531e-001
 1.3255914e-001
 1.3240506e-001
 1.3228129e-001
 1.3221295e-001
 1.3221954e-001
 1.3231304e-001
 1.3249703e-001
 1.3276669e-001
 1.3310993e-001
 1.3350849e-001
 1.3394015e-001
 1.3438031e-001
 1.3480420e-001
 1.3518882e-001
 1.3551424e-001
 1.3576539e-001
 1.3593307e-001
 1.3601461e-001
 1.3601424e-001
 1.3594280e-001
 1.3581702e-001
 1.3565803e-001
 1.3548966e-001
 1.3533612e-001
 1.3521978e-001
 1.3515908e-001
 1.3516672e-001
 1.3524881e-001
 1.3540459e-001
 1.3562706e-001
 1.3590407e-001
 1.3622001e-001
 1.3655686e-001
 1.3689584e-001
 1.3721780e-001
 1.3750412e-001
 1.3773738e-001
 1.3790214e-001
 1.3798656e-001
 1.3798425e-001
 1.3789605e-001
 1.3773152e-001
 1.3750926e-001
 1.3725556e-001
 1.3700156e-001
 1.3677926e-001
 1.3661680e-001
 1.3653453e-001
 1.3654236e-001
 1.3663931e-001
 1.3681503e-001
 1.3705331e-001
 1.3733630e-001
 1.3764851e-001
 1.3798004e-001
 1.3832732e-001
 1.3869256e-001
 1.3908067e-001
 1.3949560e-001
 1.3993645e-001
 1.4039424e-001
 1.4085113e-001
 1.4128137e-001
 1.4165547e-001
 1.4194609e-001
 1.4213431e-001
 1.4221589e-001
 1.4220494e-001
 1.4213428e-001
 1.4205202e-001
 1.4201488e-001
 1.4207903e-001
 1.4229076e-001
 1.4267826e-001
 1.4324673e-001
 1.4397679e-001
 1.4482723e-001
 1.4574128e-001
 1.4665402e-001
 1.4750193e-001
 1.4823033e-001
 1.4879997e-001
 1.4919105e-001
 1.4940371e-001
 1.4945672e-001
 1.4938349e-001
 1.4922678e-001
 1.4903280e-001
 1.4884554e-001
 1.4870194e-001
 1.4862829e-001
 1.4863850e-001
 1.4873368e-001
 1.4890334e-001
 1.4912774e-001
 1.4938125e-001
 1.4963607e-001
 1.4986634e-001
 1.5005180e-001
 1.5018095e-001
 1.5025324e-001
 1.5027958e-001
 1.5028165e-001
 1.5028922e-001
 1.5033637e-001
 1.5045686e-001
 1.5067926e-001
 1.5102294e-001
 1.5149508e-001
 1.5208963e-001
 1.5278827e-001
 1.5356228e-001
 1.5437619e-001
 1.5519191e-001
 1.5597194e-001
 1.5668352e-001
 1.5730073e-001
 1.5780681e-001
 1.5819561e-001
 1.5847170e-001
 1.5865044e-001
 1.5875641e-001
 1.5882117e-001
 1.5887982e-001
 1.5896668e-001
 1.5911096e-001
 1.5933266e-001
 1.5963984e-001
 1.6002788e-001
 1.6048063e-001
 1.6097412e-001
 1.6148102e-001
 1.6197620e-001
 1.6244182e-001
 1.6287030e-001
 1.6326617e-001
 1.6364475e-001
 1.6402930e-001
 1.6444656e-001
 1.6492127e-001
 1.6547118e-001
 1.6610342e-001
 1.6681185e-001
 1.6757753e-001
 1.6837008e-001
 1.6915147e-001
 1.6988054e-001
 1.7051683e-001
 1.7102487e-001
 1.7137615e-001
 1.7155065e-001
 1.7153704e-001
 1.7133233e-001
 1.7094147e-001
 1.7037752e-001
 1.6966213e-001
 1.6882583e-001
 1.6790897e-001
 1.6696028e-001
 1.6603582e-001
 1.6519487e-001
 1.6449499e-001
 1.6398695e-001
 1.6370888e-001
 1.6368105e-001
 1.6390218e-001
 1.6434821e-001
 1.6497405e-001
 1.6571887e-001
 1.6651654e-001
 1.6730413e-001
 1.6802965e-001
 1.6865583e-001
 1.6916122e-001
 1.6954099e-001
 1.6980606e-001
 1.6998020e-001
 1.7009410e-001
 1.7017880e-001
 1.7025919e-001
 1.7035013e-001
 1.7045602e-001
 1.7057371e-001
 1.7069739e-001
 1.7082380e-001
 1.7095529e-001
 1.7110027e-001
 1.7127134e-001
 1.7148235e-001
 1.7174566e-001
 1.7206953e-001
 1.7245638e-001
 1.7290200e-001
 1.7339529e-001
 1.7391972e-001
 1.7445455e-001
 1.7497700e-001
 1.7546447e-001
 1.7589620e-001
 1.7625535e-001
 1.7653002e-001
 1.7671447e-001
 1.7680953e-001
 1.7682180e-001
 1.7676270e-001
 1.7664745e-001
 1.7649378e-001
 1.7632055e-001
 1.7614713e-001
 1.7599228e-001
 1.7587313e-001
 1.7580387e-001
 1.7579468e-001
 1.7585094e-001
 1.7597282e-001
 1.7615573e-001
 1.7639109e-001
 1.7666793e-001
 1.7697439e-001
 1.7729957e-001
 1.7763494e-001
 1.7797486e-001
 1.7831676e-001
 1.7865990e-001
 1.7900455e-001
 1.7935087e-001
 1.7969772e-001
 1.8004234e-001
 1.8037970e-001
 1.8070275e-001
 1.8100269e-001
 1.8126953e-001
 1.8149300e-001
 1.8166341e-001
 1.8177278e-001
 1.8181594e-001
 1.8179147e-001
 1.8170282e-001
 1.8155897e-001
 1.8137497e-001
 1.8117155e-001
 1.8097442e-001
 1.8081228e-001
 1.8071409e-001
 1.8070583e-001
 1.8080698e-001
 1.8102737e-001
 1.8136501e-001
 1.8180574e-001
 1.8232408e-001
 1.8288682e-001
 1.8345705e-001
 1.8399948e-001
 1.8448585e-001
 1.8489842e-001
 1.8523285e-001
 1.8549791e-001
 1.8571387e-001
 1.8590872e-001
 1.8611334e-001
 1.8635668e-001
 1.8666120e-001
 1.8703975e-001
 1.8749426e-001
 1.8801543e-001
 1.8858445e-001
 1.8917561e-001
 1.8975893e-001
 1.9030373e-001
 1.9078107e-001
 1.9116642e-001
 1.9144171e-001
 1.9159675e-001
 1.9163035e-001
 1.9155070e-001
 1.9137533e-001
 1.9112976e-001
 1.9084588e-001
 1.9055873e-001
 1.9030340e-001
 1.9011118e-001
 1.9000621e-001
 1.9000338e-001
 1.9010714e-001
 1.9031239e-001
 1.9060673e-001
 1.9097431e-001
 1.9139977e-001
 1.9187224e-001
 1.9238842e-001
 1.9295305e-001
 1.9357823e-001
 1.9427940e-001
 1.9507048e-001
 1.9595847e-001
 1.9693750e-001
 1.9798613e-001
 1.9906564e-001
 2.0012257e-001
 2.0109461e-001
 2.0191805e-001
 2.0253840e-001
 2.0291914e-001
 2.0304964e-001
 2.0294900e-001
 2.0266320e-001
 2.0225826e-001
 2.0181085e-001
 2.0139785e-001
 2.0108633e-001
 2.0092647e-001
 2.0094725e-001
 2.0115390e-001
 2.0152755e-001
 2.0202868e-001
 2.0260301e-001
 2.0318970e-001
 2.0373027e-001
 2.0417626e-001
 2.0449544e-001
 2.0467409e-001
 2.0471674e-001
 2.0464313e-001
 2.0448358e-001
 2.0427392e-001
 2.0405085e-001
 2.0384803e-001
 2.0369369e-001
 2.0360975e-001
 2.0361136e-001
 2.0370696e-001
 2.0389828e-001
 2.0418067e-001
 2.0454347e-001
 2.0497091e-001
 2.0544270e-001
 2.0593573e-001
 2.0642637e-001
 2.0689243e-001
 2.0731573e-001
 2.0768428e-001
 2.0799327e-001
 2.0824575e-001
 2.0845163e-001
 2.0862596e-001
 2.0878640e-001
 2.0895009e-001
 2.0913090e-001
 2.0933680e-001
 2.0956829e-001
 2.0981811e-001
 2.1007174e-001
 2.1030965e-001
 2.1050988e-001
 2.1065155e-001
 2.1071827e-001
 2.1070096e-001
 2.1059985e-001
 2.1042530e-001
 2.1019717e-001
 2.0994306e-001
 2.0969579e-001
 2.0949012e-001
 2.0935960e-001
 2.0933378e-001
 2.0943603e-001
 2.0968214e-001
 2.1007961e-001
 2.1062775e-001
 2.1131764e-001
 2.1213302e-001
 2.1305020e-001
 2.1403877e-001
 2.1506284e-001
 2.1608119e-001
 2.1705018e-001
 2.1792528e-001
 2.1866474e-001
 2.1923329e-001
 2.1960515e-001
 2.1976750e-001
 2.1972202e-001
 2.1948549e-001
 2.1908824e-001
 2.1857142e-001
 2.1798249e-001
 2.1737069e-001
 2.1678215e-001
 2.1625540e-001
 2.1581888e-001
 2.1548936e-001
 2.1527196e-001
 2.1516210e-001
 2.1514781e-001
 2.1521316e-001
 2.1534123e-001
 2.1551685e-001
 2.1572843e-001
 2.1596892e-001
 2.1623547e-001
 2.1652830e-001
 2.1684895e-001
 2.1719788e-001
 2.1757239e-001
 2.1796456e-001
 2.1836029e-001
 2.1873944e-001
 2.1907654e-001
 2.1934371e-001
 2.1951337e-001
 2.1956252e-001
 2.1947639e-001
 2.1925177e-001
 2.1889904e-001
 2.1844245e-001
 2.1791881e-001
 2.1737377e-001
 2.1685773e-001
 2.1642037e-001
 2.1610519e-001
 2.1594553e-001
 2.1596126e-001
 2.1615764e-001
 2.1652533e-001
 2.1704260e-001
 2.1767843e-001
 2.1839723e-001
 2.1916278e-001
 2.1994227e-001
 2.2070949e-001
 2.2144580e-001
 2.2214055e-001
 2.2278881e-001
 2.2338967e-001
 2.2394413e-001
 2.2445278e-001
 2.2491485e-001
 2.2532654e-001
 2.2568049e-001
 2.2596584e-001
 2.2616835e-001
 2.2627148e-001
 2.2625822e-001
 2.2611353e-001
 2.2582732e-001
 2.2539791e-001
 2.2483480e-001
 2.2415939e-001
 2.2340539e-001
 2.2257508e-001
 2.2173746e-001
 2.2097215e-001
 2.2033349e-001
 2.1986800e-001
 2.1960787e-001
 2.1956757e-001
 2.1974549e-001
 2.2012866e-001
 2.2069778e-001
 2.2143124e-001
 2.2230648e-001
 2.2330073e-001
 2.2439133e-001
 2.2555488e-001
 2.2676738e-001
 2.2800425e-001
 2.2923931e-001
 2.3044610e-001
 2.3159724e-001
 2.3266529e-001
 2.3362386e-001
 2.3444806e-001
 2.3511760e-001
 2.3561907e-001
 2.3594919e-001
 2.3611598e-001
 2.3613742e-001
 2.3603888e-001
 2.3585010e-001
 2.3560272e-001
 2.3532839e-001
 2.3505735e-001
 2.3481603e-001
 2.3462486e-001
 2.3449607e-001
 2.3443271e-001
 2.3442969e-001
 2.3447584e-001
 2.3455639e-001
 2.3465478e-001
 2.3475404e-001
 2.3483741e-001
 2.3488921e-001
 2.3489563e-001
 2.3484534e-001
 2.3472983e-001
 2.3454310e-001
 2.3428105e-001
 2.3394068e-001
 2.3351975e-001
 2.3301658e-001
 2.3243077e-001
 2.3176424e-001
 2.3102237e-001
 2.3021597e-001
 2.2936101e-001
 2.2847888e-001
 2.2759461e-001
 2.2673514e-001
 2.2592868e-001
 2.2520266e-001
 2.2458310e-001
 2.2409204e-001
 2.2374485e-001
 2.2354831e-001
 2.2349931e-001
 2.2358593e-001
 2.2378977e-001
 2.2408856e-001
 2.2445825e-001
 2.2487441e-001
 2.2531365e-001
 2.2575468e-001
 2.2618029e-001
 2.2657834e-001
 2.2694254e-001
 2.2727200e-001
 2.2756958e-001
 2.2784056e-001
 2.2809128e-001
 2.2832860e-001
 2.2855954e-001
 2.2879106e-001
 2.2903016e-001
 2.2928379e-001
 2.2955878e-001
 2.2986203e-001
 2.3020034e-001
 2.3058033e-001
 2.3100865e-001
 2.3149112e-001
 2.3203234e-001
 2.3263378e-001
 2.3329197e-001
 2.3399699e-001
 2.3473126e-001
 2.3547085e-001
 2.3618667e-001
 2.3684685e-001
 2.3741864e-001
 2.3786974e-001
 2.3817109e-001
 2.3829991e-001
 2.3824427e-001
 2.3800685e-001
 2.3760660e-001
 2.3707697e-001
 2.3646228e-001
 2.3581329e-001
 2.3518313e-001
 2.3462489e-001
 2.3418762e-001
 2.3391235e-001
 2.3382606e-001
 2.3393677e-001
 2.3423164e-001
 2.3467873e-001
 2.3523244e-001
 2.3583862e-001
 2.3643984e-001
 2.3697852e-001
 2.3740086e-001
 2.3766182e-001
 2.3773073e-001
 2.3759666e-001
 2.3727050e-001
 2.3678292e-001
 2.3617892e-001
 2.3551232e-001
 2.3484045e-001
 2.3422088e-001
 2.3370747e-001
 2.3334548e-001
 2.3316608e-001
 2.3318098e-001
 2.3338048e-001
 2.3373543e-001
 2.3420255e-001
 2.3472995e-001
 2.3526198e-001
 2.3574291e-001
 2.3611987e-001
 2.3634738e-001
 2.3639201e-001
 2.3623700e-001
 2.3588388e-001
 2.3535085e-001
 2.3466812e-001
 2.3387341e-001
 2.3300786e-001
 2.3211303e-001
 2.3122962e-001
 2.3039441e-001
 2.2963862e-001
 2.2898532e-001
 2.2844842e-001
 2.2803403e-001
 2.2774208e-001
 2.2756901e-001
 2.2750942e-001
 2.2755703e-001
 2.2770490e-001
 2.2794510e-001
 2.2826831e-001
 2.2866312e-001
 2.2911607e-001
 2.2961156e-001
 2.3013255e-001
 2.3066132e-001
 2.3117957e-001
 2.3166938e-001
 2.3211336e-001
 2.3249573e-001
 2.3280339e-001
 2.3302674e-001
 2.3316017e-001
 2.3320153e-001
 2.3315141e-001
 2.3301189e-001
 2.3278601e-001
 2.3247731e-001
 2.3209015e-001
 2.3163030e-001
 2.3110564e-001
 2.3052737e-001
 2.2990975e-001
 2.2927035e-001
 2.2862896e-001
 2.2800650e-001
 2.2742458e-001
 2.2690469e-001
 2.2646706e-001
 2.2612990e-001
 2.2590752e-001
 2.2580919e-001
 2.2583854e-001
 2.2599405e-001
 2.2627045e-001
 2.2666024e-001
 2.2715464e-001
 2.2774459e-001
 2.2842014e-001
 2.2917107e-001
 2.2998625e-001
 2.3085266e-001
 2.3175636e-001
 2.3268183e-001
 2.3361287e-001
 2.3453201e-001
 2.3542236e-001
 2.3626731e-001
 2.3705086e-001
 2.3776002e-001
 2.3838583e-001
 2.3892438e-001
 2.3937835e-001
 2.3975570e-001
 2.4006861e-001
 2.4033140e-001
 2.4055971e-001
 2.4076934e-001
 2.4097526e-001
 2.4119093e-001
 2.4142708e-001
 2.4169047e-001
 2.4198385e-001
 2.4230623e-001
 2.4265361e-001
 2.4302052e-001
 2.4340060e-001
 2.4378732e-001
 2.4417378e-001
 2.4455348e-001
 2.4492010e-001
 2.4526742e-001
 2.4558973e-001
 2.4588163e-001
 2.4613772e-001
 2.4635300e-001
 2.4652252e-001
 2.4664177e-001
 2.4670699e-001
 2.4671620e-001
 2.4667025e-001
 2.4657385e-001
 2.4643597e-001
 2.4626939e-001
 2.4608986e-001
 2.4591465e-001
 2.4576172e-001
 2.4564900e-001
 2.4559309e-001
 2.4560812e-001
 2.4570400e-001
 2.4588473e-001
 2.4614796e-001
 2.4648562e-001
 2.4688511e-001
 2.4733151e-001
 2.4780886e-001
 2.4830073e-001
 2.4879187e-001
 2.4926905e-001
 2.4972259e-001
 2.5014719e-001
 2.5054321e-001
 2.5091565e-001
 2.5127277e-001
 2.5162509e-001
 2.5198409e-001
 2.5236064e-001
 2.5276461e-001
 2.5320277e-001
 2.5367683e-001
 2.5418139e-001
 2.5470367e-001
 2.5522405e-001
 2.5571746e-001
 2.5615627e-001
 2.5651169e-001
 2.5675526e-001
 2.5686163e-001
 2.5681126e-001
 2.5659487e-001
 2.5621682e-001
 2.5569671e-001
 2.5506765e-001
 2.5437325e-001
 2.5366277e-001
 2.5298774e-001
 2.5239992e-001
 2.5194684e-001
 2.5166807e-001
 2.5158980e-001
 2.5171953e-001
 2.5204438e-001
 2.5253311e-001
 2.5314054e-001
 2.5381383e-001
 2.5449663e-001
 2.5513202e-001
 2.5566700e-001
 2.5605640e-001
 2.5626788e-001
 2.5628749e-001
 2.5612101e-001
 2.5579226e-001
 2.5533831e-001
 2.5480407e-001
 2.5423780e-001
 2.5368863e-001
 2.5320277e-001
 2.5282040e-001
 2.5257197e-001
 2.5247374e-001
 2.5252694e-001
 2.5271884e-001
 2.5302669e-001
 2.5342157e-001
 2.5387201e-001
 2.5434557e-001
 2.5481144e-001
 2.5524205e-001
 2.5561514e-001
 2.5591645e-001
 2.5613996e-001
 2.5628725e-001
 2.5636554e-001
 2.5638548e-001
 2.5635919e-001
 2.5629929e-001
 2.5621790e-001
 2.5612590e-001
 2.5603199e-001
 2.5594193e-001
 2.5585803e-001
 2.5577983e-001
 2.5570455e-001
 2.5562805e-001
 2.5554565e-001
 2.5545231e-001
 2.5534284e-001
 2.5521192e-001
 2.5505409e-001
 2.5486362e-001
 2.5463438e-001
 2.5436017e-001
 2.5403452e-001
 2.5365075e-001
 2.5320274e-001
 2.5268465e-001
 2.5209236e-001
 2.5142562e-001
 2.5068942e-001
 2.4989681e-001
 2.4906915e-001
 2.4823624e-001
 2.4743296e-001
 2.4669762e-001
 2.4607018e-001
 2.4558933e-001
 2.4529044e-001
 2.4520163e-001
 2.4533845e-001
 2.4569963e-001
 2.4626549e-001
 2.4699904e-001
 2.4785136e-001
 2.4876624e-001
 2.4968362e-001
 2.5054404e-001
 2.5129101e-001
 2.5187472e-001
 2.5225779e-001
 2.5241897e-001
 2.5235489e-001
 2.5207859e-001
 2.5161505e-001
 2.5099623e-001
 2.5025806e-001
 2.4943691e-001
 2.4856864e-001
 2.4768765e-001
 2.4682434e-001
 2.4600434e-001
 2.4524868e-001
 2.4457297e-001
 2.4398963e-001
 2.4350879e-001
 2.4313962e-001
 2.4289002e-001
 2.4276628e-001
 2.4277167e-001
 2.4290428e-001
 2.4315535e-001
 2.4350825e-001
 2.4393964e-001
 2.4442102e-001
 2.4492101e-001
 2.4540661e-001
 2.4584536e-001
 2.4620654e-001
 2.4646316e-001
 2.4659516e-001
 2.4659140e-001
 2.4645084e-001
 2.4618147e-001
 2.4579783e-001
 2.4531876e-001
 2.4476460e-001
 2.4415612e-001
 2.4351291e-001
 2.4285263e-001
 2.4218829e-001
 2.4152724e-001
 2.4087106e-001
 2.4021520e-001
 2.3955090e-001
 2.3886745e-001
 2.3815243e-001
 2.3739335e-001
 2.3657784e-001
 2.3569518e-001
 2.3473580e-001
 2.3369250e-001
 2.3256145e-001
 2.3134056e-001
 2.3002933e-001
 2.2862940e-001
 2.2714202e-001
 2.2556897e-001
 2.2391388e-001
 2.2218093e-001
 2.2037716e-001
 2.1851265e-001
 2.1660270e-001
 2.1466470e-001
 2.1271859e-001
 2.1078728e-001
 2.0889290e-001
 2.0705771e-001
 2.0530486e-001
 2.0365494e-001
 2.0212719e-001
 2.0073788e-001
 1.9950137e-001
 1.9842841e-001
 1.9752802e-001
 1.9680858e-001
 1.9627705e-001
 1.9593972e-001
 1.9580144e-001
 1.9586357e-001
 1.9612235e-001
 1.9656654e-001
 1.9717708e-001
 1.9792768e-001
 1.9878691e-001
 1.9971956e-001
 2.0068951e-001
 2.0166029e-001
 2.0259517e-001
 2.0345943e-001
 2.0422034e-001
 2.0484763e-001
 2.0531484e-001
 2.0559825e-001
 2.0567627e-001
 2.0552874e-001
 2.0513649e-001
 2.0448142e-001
 2.0354848e-001
 2.0232727e-001
 2.0081559e-001
 1.9902381e-001
 1.9697389e-001
 1.9469902e-001
 1.9224244e-001
 1.8965089e-001
 1.8697402e-001
 1.8426153e-001
 1.8156484e-001
 1.7893222e-001
 1.7640989e-001
 1.7404298e-001
 1.7187160e-001
 1.6993321e-001
 1.6826445e-001
 1.6689904e-001
 1.6586985e-001
 1.6520713e-001
 1.6493592e-001
 1.6506921e-001
 1.6560146e-001
 1.6650088e-001
 1.6770761e-001
 1.6913627e-001
 1.7068158e-001
 1.7222816e-001
 1.7365624e-001
 1.7484666e-001
 1.7569014e-001
 1.7609636e-001
 1.7600724e-001
 1.7540875e-001
 1.7433542e-001
 1.7286533e-001
 1.7110996e-001
 1.6919893e-001
 1.6727021e-001
 1.6546345e-001
 1.6390947e-001
 1.6272210e-001
 1.6198565e-001
 1.6174489e-001
 1.6199969e-001
 1.6271037e-001
 1.6380723e-001
 1.6520342e-001
 1.6680424e-001
 1.6851196e-001
 1.7023310e-001
 1.7188211e-001
 1.7338797e-001
 1.7469794e-001
 1.7578174e-001
 1.7662826e-001
 1.7724013e-001
 1.7762914e-001
 1.7781124e-001
 1.7780407e-001
 1.7762645e-001
 1.7729802e-001
 1.7684026e-001
 1.7627633e-001
 1.7563170e-001
 1.7493363e-001
 1.7421131e-001
 1.7349425e-001
 1.7281216e-001
 1.7219482e-001
 1.7167008e-001
 1.7126293e-001
 1.7099370e-001
 1.7087577e-001
 1.7091537e-001
 1.7111208e-001
 1.7146038e-001
 1.7195185e-001
 1.7257667e-001
 1.7332388e-001
 1.7418262e-001
 1.7514172e-001
 1.7618874e-001
 1.7731118e-001
 1.7849573e-001
 1.7972754e-001
 1.8099229e-001
 1.8227522e-001
 1.8356200e-001
 1.8483774e-001
 1.8608941e-001
 1.8730548e-001
 1.8847597e-001
 1.8959494e-001
 1.9065998e-001
 1.9167124e-001
 1.9263215e-001
 1.9354758e-001
 1.9442339e-001
 1.9526505e-001
 1.9607866e-001
 1.9687010e-001
 1.9764449e-001
 1.9838032e-001
 1.9895218e-001
 1.9968961e-001
 2.0040692e-001
 2.0109928e-001
 2.0176165e-001
 2.0238914e-001
 2.0297642e-001
 2.0351863e-001
 2.0401070e-001
 2.0444761e-001
 2.0482518e-001
 2.0514619e-001
 2.0541757e-001
 2.0564620e-001
 2.0583904e-001
 2.0600289e-001
 2.0614465e-001
 2.0627126e-001
 2.0638965e-001
 2.0650661e-001
 2.0662908e-001
 2.0676397e-001
 2.0691818e-001
 2.0709857e-001
 2.0731136e-001
 2.0755650e-001
 2.0783058e-001
 2.0813021e-001
 2.0845185e-001
 2.0879211e-001
 2.0914748e-001
 2.0951471e-001
 2.0989014e-001
 2.1027039e-001
 2.1065204e-001
 2.1103176e-001
 2.1140586e-001
 2.1177106e-001
 2.1212387e-001
 2.1246091e-001
 2.1277869e-001
 2.1307375e-001
 2.1334285e-001
 2.1358466e-001
 2.1379885e-001
 2.1398492e-001
 2.1414259e-001
 2.1427146e-001
 2.1437116e-001
 2.1444133e-001
 2.1448155e-001
 2.1449150e-001
 2.1447079e-001
 2.1441904e-001
 2.1433587e-001
 2.1422097e-001
 2.1407390e-001
 2.1389425e-001
 2.1368174e-001
 2.1343596e-001
 2.1315654e-001
 2.1284303e-001
 2.1249522e-001
 2.1211264e-001
 2.1169515e-001
 2.1124455e-001
 2.1076398e-001
 2.1025623e-001
 2.0972426e-001
 2.0917100e-001
 2.0859922e-001
 2.0801215e-001
 2.0741257e-001
 2.0680341e-001
 2.0618743e-001
 2.0556791e-001
 2.0494758e-001
 2.0432937e-001
 2.0371613e-001
 2.0311099e-001
 2.0251681e-001
 2.0193648e-001
 2.0137294e-001
 2.0082895e-001
 2.0030779e-001
 1.9981217e-001
 1.9934508e-001
 1.9890931e-001
 1.9850805e-001
 1.9814405e-001
 1.9781989e-001
 1.9753493e-001
 1.9728726e-001
 1.9707461e-001
 1.9689491e-001
 1.9674602e-001
 1.9662581e-001
 1.9653220e-001
 1.9646306e-001
 1.9641627e-001
 1.9638968e-001
 1.9638121e-001
 1.9638874e-001
 1.9641010e-001
 1.9644323e-001
 1.9648601e-001
 1.9653630e-001
 1.9659197e-001
 1.9665094e-001
 1.9671106e-001
 1.9677021e-001
 1.9682626e-001
 1.9687715e-001
 1.9692069e-001
 1.9695483e-001
 1.9697739e-001
 1.9698627e-001
 1.9697937e-001
 1.9695458e-001
 1.9690973e-001
 1.9684303e-001
 1.9675474e-001
 1.9664629e-001
 1.9651902e-001
