s07_ASD Record=15253: 2-4Diamino6hydroxypyrimidine ASDHRa AREF
-1.2300000e+034
 3.6745000e-001
 3.6693761e-001
 3.6301208e-001
 3.5890123e-001
 3.5702357e-001
 3.5711348e-001
 3.5584399e-001
 3.5623005e-001
 3.5556316e-001
 3.5240456e-001
 3.5261446e-001
 3.5230601e-001
 3.5156107e-001
 3.5248846e-001
 3.5354584e-001
 3.5404155e-001
 3.5403049e-001
 3.5462299e-001
 3.5594636e-001
 3.5664093e-001
 3.5663396e-001
 3.5788229e-001
 3.5790497e-001
 3.5816464e-001
 3.5986686e-001
 3.6000305e-001
 3.6020270e-001
 3.6063275e-001
 3.6087155e-001
 3.6194310e-001
 3.6310539e-001
 3.6397469e-001
 3.6478269e-001
 3.6530536e-001
 3.6534503e-001
 3.6533961e-001
 3.6636004e-001
 3.6717737e-001
 3.6775425e-001
 3.6824319e-001
 3.6815137e-001
 3.6834931e-001
 3.6900336e-001
 3.6957768e-001
 3.6991212e-001
 3.7044317e-001
 3.7124333e-001
 3.7177566e-001
 3.7234044e-001
 3.7297142e-001
 3.7385109e-001
 3.7522644e-001
 3.7639570e-001
 3.7743142e-001
 3.7877342e-001
 3.8024947e-001
 3.8177040e-001
 3.8330126e-001
 3.8499427e-001
 3.8709885e-001
 3.8933545e-001
 3.9150319e-001
 3.9376757e-001
 3.9604259e-001
 3.9844784e-001
 4.0106374e-001
 4.0369827e-001
 4.0649134e-001
 4.0942913e-001
 4.1237077e-001
 4.1532409e-001
 4.1842470e-001
 4.2172277e-001
 4.2508984e-001
 4.2858058e-001
 4.3234754e-001
 4.3642548e-001
 4.4049677e-001
 4.4470677e-001
 4.4927168e-001
 4.5432100e-001
 4.5952529e-001
 4.6502838e-001
 4.7088692e-001
 4.7696260e-001
 4.8324978e-001
 4.8994005e-001
 4.9708471e-001
 5.0428885e-001
 5.1166284e-001
 5.1923501e-001
 5.2695054e-001
 5.3465122e-001
 5.4245514e-001
 5.5036628e-001
 5.5816638e-001
 5.6585962e-001
 5.7353336e-001
 5.8120465e-001
 5.8866668e-001
 5.9601146e-001
 6.0320050e-001
 6.1013961e-001
 6.1688757e-001
 6.2342703e-001
 6.2975228e-001
 6.3584542e-001
 6.4156723e-001
 6.4697623e-001
 6.5214384e-001
 6.5699863e-001
 6.6165763e-001
 6.6607368e-001
 6.7010951e-001
 6.7386383e-001
 6.7739713e-001
 6.8071860e-001
 6.8376446e-001
 6.8657917e-001
 6.8923604e-001
 6.9180661e-001
 6.9424760e-001
 6.9649726e-001
 6.9862670e-001
 7.0072699e-001
 7.0257229e-001
 7.0436394e-001
 7.0620930e-001
 7.0793611e-001
 7.0951635e-001
 7.1108109e-001
 7.1269476e-001
 7.1410060e-001
 7.1556997e-001
 7.1704906e-001
 7.1827310e-001
 7.1956271e-001
 7.2080332e-001
 7.2191679e-001
 7.2299379e-001
 7.2402507e-001
 7.2500849e-001
 7.2594160e-001
 7.2682613e-001
 7.2759753e-001
 7.2829211e-001
 7.2903788e-001
 7.2976750e-001
 7.3042089e-001
 7.3095602e-001
 7.3144913e-001
 7.3199856e-001
 7.3256302e-001
 7.3300159e-001
 7.3331177e-001
 7.3362374e-001
 7.3398381e-001
 7.3429805e-001
 7.3463333e-001
 7.3494273e-001
 7.3520690e-001
 7.3548180e-001
 7.3561466e-001
 7.3565918e-001
 7.3580486e-001
 7.3599768e-001
 7.3615938e-001
 7.3625958e-001
 7.3636234e-001
 7.3638088e-001
 7.3636824e-001
 7.3638928e-001
 7.3638594e-001
 7.3645014e-001
 7.3654938e-001
 7.3653841e-001
 7.3646706e-001
 7.3643029e-001
 7.3646700e-001
 7.3647046e-001
 7.3653436e-001
 7.3665726e-001
 7.3677748e-001
 7.3685640e-001
 7.3693109e-001
 7.3702973e-001
 7.3718828e-001
 7.3753774e-001
 7.3796839e-001
 7.3836046e-001
 7.3881322e-001
 7.3929816e-001
 7.3984611e-001
 7.4049443e-001
 7.4116826e-001
 7.4192905e-001
 7.4279010e-001
 7.4365807e-001
 7.4454683e-001
 7.4550384e-001
 7.4654162e-001
 7.4750286e-001
 7.4840772e-001
 7.4926168e-001
 7.5002539e-001
 7.5065577e-001
 7.5124896e-001
 7.5188899e-001
 7.5249976e-001
 7.5305945e-001
 7.5360727e-001
 7.5425053e-001
 7.5506854e-001
 7.5602919e-001
 7.5702381e-001
 7.5794107e-001
 7.5891608e-001
 7.6000071e-001
 7.6118606e-001
 7.6241440e-001
 7.6378614e-001
 7.6530063e-001
 7.6685101e-001
 7.6843023e-001
 7.6998365e-001
 7.7145040e-001
 7.7278304e-001
 7.7396828e-001
 7.7494270e-001
 7.7564728e-001
 7.7617538e-001
 7.7658504e-001
 7.7696556e-001
 7.7742040e-001
 7.7795899e-001
 7.7859497e-001
 7.7931595e-001
 7.8013927e-001
 7.8125805e-001
 7.8264743e-001
 7.8407949e-001
 7.8548300e-001
 7.8675425e-001
 7.8791571e-001
 7.8911704e-001
 7.9018265e-001
 7.9111159e-001
 7.9198825e-001
 7.9285073e-001
 7.9374462e-001
 7.9462039e-001
 7.9539895e-001
 7.9631805e-001
 7.9733568e-001
 7.9836667e-001
 7.9940832e-001
 8.0039746e-001
 8.0138391e-001
 8.0248910e-001
 8.0366188e-001
 8.0472487e-001
 8.0564797e-001
 8.0668730e-001
 8.0782419e-001
 8.0898768e-001
 8.1006163e-001
 8.1103772e-001
 8.1202543e-001
 8.1306189e-001
 8.1409931e-001
 8.1517845e-001
 8.1625932e-001
 8.1732297e-001
 8.1839252e-001
 8.1938618e-001
 8.2035553e-001
 8.2140851e-001
 8.2250381e-001
 8.2359767e-001
 8.2468504e-001
 8.2584900e-001
 8.2711166e-001
 8.2834184e-001
 8.2944667e-001
 8.3060950e-001
 8.3189118e-001
 8.3320332e-001
 8.3436835e-001
 8.3551359e-001
 8.3674544e-001
 8.3804786e-001
 8.3923113e-001
 8.4041876e-001
 8.4164685e-001
 8.4292299e-001
 8.4424251e-001
 8.4562564e-001
 8.4701055e-001
 8.4829658e-001
 8.4957826e-001
 8.5081768e-001
 8.5201305e-001
 8.5325688e-001
 8.5453397e-001
 8.5582387e-001
 8.5705984e-001
 8.5817701e-001
 8.5933131e-001
 8.6057043e-001
 8.6171609e-001
 8.6269963e-001
 8.6364514e-001
 8.6477458e-001
 8.6610073e-001
 8.6720461e-001
 8.6811364e-001
 8.6917001e-001
 8.7021965e-001
 8.7127900e-001
 8.7232733e-001
 8.7329996e-001
 8.7416428e-001
 8.7505847e-001
 8.7605196e-001
 8.7688935e-001
 8.7780946e-001
 8.7889624e-001
 8.7999642e-001
 8.8087732e-001
 8.8166374e-001
 8.8253146e-001
 8.8345987e-001
 8.8422561e-001
 8.8489443e-001
 8.8567561e-001
 8.8657182e-001
 8.8748658e-001
 8.8827264e-001
 8.8884640e-001
 8.8946003e-001
 8.9022267e-001
 8.9106095e-001
 8.9170110e-001
 8.9234465e-001
 8.9299870e-001
 8.9358431e-001
 8.9413697e-001
 8.9472753e-001
 8.9540142e-001
 8.9614660e-001
 8.9694792e-001
 8.9776045e-001
 8.9852470e-001
 8.9919728e-001
 8.9979678e-001
 9.0040267e-001
 9.0109318e-001
 9.0178388e-001
 9.0246093e-001
 9.0308350e-001
 9.0358788e-001
 9.0400386e-001
 9.0444160e-001
 9.0497357e-001
 9.0551245e-001
 9.0607816e-001
 9.0666050e-001
 9.0725648e-001
 9.0788627e-001
 9.0845293e-001
 9.0894061e-001
 9.0942734e-001
 9.0983140e-001
 9.1010964e-001
 9.1033441e-001
 9.1074890e-001
 9.1126513e-001
 9.1169947e-001
 9.1194659e-001
 9.1231710e-001
 9.1265881e-001
 9.1295546e-001
 9.1336721e-001
 9.1382724e-001
 9.1424322e-001
 9.1456711e-001
 9.1493070e-001
 9.1542625e-001
 9.1595024e-001
 9.1633075e-001
 9.1664934e-001
 9.1691446e-001
 9.1723013e-001
 9.1766006e-001
 9.1788954e-001
 9.1811246e-001
 9.1847181e-001
 9.1884565e-001
 9.1929507e-001
 9.1963440e-001
 9.1973162e-001
 9.1989756e-001
 9.2016846e-001
 9.2048550e-001
 9.2076880e-001
 9.2117900e-001
 9.2161900e-001
 9.2193770e-001
 9.2208862e-001
 9.2239654e-001
 9.2283601e-001
 9.2323542e-001
 9.2347687e-001
 9.2365843e-001
 9.2381966e-001
 9.2400455e-001
 9.2433667e-001
 9.2470449e-001
 9.2494911e-001
 9.2502165e-001
 9.2524397e-001
 9.2543942e-001
 9.2549706e-001
 9.2561436e-001
 9.2574131e-001
 9.2597556e-001
 9.2635006e-001
 9.2663276e-001
 9.2685485e-001
 9.2709112e-001
 9.2737520e-001
 9.2751247e-001
 9.2757708e-001
 9.2767102e-001
 9.2787725e-001
 9.2819858e-001
 9.2854750e-001
 9.2876494e-001
 9.2875576e-001
 9.2876893e-001
 9.2889088e-001
 9.2912459e-001
 9.2943144e-001
 9.2964929e-001
 9.2978334e-001
 9.2995882e-001
 9.3012571e-001
 9.3038046e-001
 9.3068480e-001
 9.3086362e-001
 9.3101156e-001
 9.3114340e-001
 9.3123734e-001
 9.3130684e-001
 9.3162793e-001
 9.3209028e-001
 9.3239820e-001
 9.3248618e-001
 9.3263042e-001
 9.3298417e-001
 9.3347770e-001
 9.3384451e-001
 9.3412703e-001
 9.3433082e-001
 9.3445545e-001
 9.3469942e-001
 9.3498206e-001
 9.3521124e-001
 9.3542677e-001
 9.3575847e-001
 9.3614155e-001
 9.3645030e-001
 9.3665946e-001
 9.3686634e-001
 9.3710357e-001
 9.3739593e-001
 9.3779749e-001
 9.3818486e-001
 9.3850338e-001
 9.3876749e-001
 9.3900228e-001
 9.3922234e-001
 9.3951195e-001
 9.3989897e-001
 9.4007593e-001
 9.4026601e-001
 9.4054043e-001
 9.4069922e-001
 9.4096673e-001
 9.4121844e-001
 9.4131708e-001
 9.4132727e-001
 9.4137728e-001
 9.4148260e-001
 9.4158477e-001
 9.4159770e-001
 9.4143313e-001
 9.4108891e-001
 9.4060624e-001
 9.3993586e-001
 9.3897849e-001
 9.3772864e-001
 9.3628800e-001
 9.3487030e-001
 9.3385017e-001
 9.3350053e-001
 9.3393707e-001
 9.3510360e-001
 9.3660563e-001
 9.3817568e-001
 9.3980885e-001
 9.4127738e-001
 9.4245422e-001
 9.4328982e-001
 9.4387025e-001
 9.4435328e-001
 9.4480348e-001
 9.4522446e-001
 9.4557816e-001
 9.4586033e-001
 9.4610399e-001
 9.4635409e-001
 9.4658548e-001
 9.4669712e-001
 9.4679511e-001
 9.4696480e-001
 9.4700164e-001
 9.4695091e-001
 9.4686127e-001
 9.4677746e-001
 9.4671553e-001
 9.4675761e-001
 9.4676673e-001
 9.4659162e-001
 9.4646364e-001
 9.4633883e-001
 9.4622874e-001
 9.4616342e-001
 9.4607830e-001
 9.4587231e-001
 9.4567227e-001
 9.4566464e-001
 9.4559324e-001
 9.4559777e-001
 9.4564825e-001
 9.4555068e-001
 9.4532543e-001
 9.4516426e-001
 9.4518352e-001
 9.4533247e-001
 9.4546795e-001
 9.4543433e-001
 9.4530892e-001
 9.4533068e-001
 9.4533402e-001
 9.4536382e-001
 9.4545162e-001
 9.4554126e-001
 9.4550359e-001
 9.4557291e-001
 9.4582951e-001
 9.4604373e-001
 9.4602561e-001
 9.4580823e-001
 9.4556510e-001
 9.4549739e-001
 9.4551849e-001
 9.4553143e-001
 9.4555229e-001
 9.4565171e-001
 9.4556564e-001
 9.4537365e-001
 9.4528180e-001
 9.4537538e-001
 9.4521761e-001
 9.4503063e-001
 9.4488752e-001
 9.4467324e-001
 9.4452095e-001
 9.4436145e-001
 9.4415426e-001
 9.4388992e-001
 9.4356632e-001
 9.4331312e-001
 9.4311625e-001
 9.4287920e-001
 9.4272619e-001
 9.4259185e-001
 9.4235772e-001
 9.4199139e-001
 9.4171256e-001
 9.4138688e-001
 9.4110733e-001
 9.4098580e-001
 9.4076854e-001
 9.4060409e-001
 9.4045907e-001
 9.4028592e-001
 9.4025171e-001
 9.4028127e-001
 9.4024110e-001
 9.4006866e-001
 9.3985683e-001
 9.3943155e-001
 9.3902123e-001
 9.3889785e-001
 9.3895614e-001
 9.3897951e-001
 9.3892312e-001
 9.3882805e-001
 9.3870610e-001
 9.3847799e-001
 9.3822241e-001
 9.3803072e-001
 9.3788213e-001
 9.3762350e-001
 9.3730712e-001
 9.3699414e-001
 9.3672508e-001
 9.3647772e-001
 9.3604201e-001
 9.3558586e-001
 9.3534791e-001
 9.3491548e-001
 9.3452543e-001
 9.3403572e-001
 9.3331724e-001
 9.3275112e-001
 9.3227500e-001
 9.3173975e-001
 9.3111771e-001
 9.3058681e-001
 9.2989349e-001
 9.2932498e-001
 9.2888540e-001
 9.2818254e-001
 9.2759144e-001
 9.2691284e-001
 9.2610204e-001
 9.2531490e-001
 9.2453647e-001
 9.2364794e-001
 9.2255259e-001
 9.2133373e-001
 9.2028505e-001
 9.1927212e-001
 9.1803718e-001
 9.1668499e-001
 9.1553503e-001
 9.1470140e-001
 9.1228580e-001
 9.1085309e-001
 9.0941739e-001
 9.0799272e-001
 9.0658885e-001
 9.0521258e-001
 9.0386873e-001
 9.0256137e-001
 9.0129620e-001
 9.0007919e-001
 8.9891714e-001
 8.9781606e-001
 8.9677942e-001
 8.9580762e-001
 8.9489710e-001
 8.9404035e-001
 8.9322788e-001
 8.9244926e-001
 8.9169598e-001
 8.9096236e-001
 8.9024538e-001
 8.8954449e-001
 8.8885963e-001
 8.8819063e-001
 8.8753688e-001
 8.8689756e-001
 8.8627285e-001
 8.8566417e-001
 8.8507468e-001
 8.8450873e-001
 8.8397092e-001
 8.8346565e-001
 8.8299626e-001
 8.8256502e-001
 8.8217330e-001
 8.8182169e-001
 8.8151163e-001
 8.8124585e-001
 8.8102925e-001
 8.8086849e-001
 8.8077110e-001
 8.8074392e-001
 8.8079196e-001
 8.8091761e-001
 8.8112092e-001
 8.8140023e-001
 8.8175285e-001
 8.8217556e-001
 8.8266492e-001
 8.8321656e-001
 8.8382554e-001
 8.8448572e-001
 8.8519025e-001
 8.8593251e-001
 8.8670611e-001
 8.8750577e-001
 8.8832676e-001
 8.8916439e-001
 8.9001375e-001
 8.9086819e-001
 8.9172024e-001
 8.9256126e-001
 8.9338297e-001
 8.9417893e-001
 8.9494503e-001
 8.9568049e-001
 8.9638740e-001
 8.9706987e-001
 8.9773303e-001
 8.9838141e-001
 8.9901829e-001
 8.9964539e-001
 9.0026200e-001
 9.0086609e-001
 9.0145439e-001
 9.0202320e-001
 9.0256953e-001
 9.0309089e-001
 9.0358651e-001
 9.0405613e-001
 9.0450048e-001
 9.0492111e-001
 9.0531963e-001
 9.0569812e-001
 9.0605819e-001
 9.0640068e-001
 9.0672517e-001
 9.0702927e-001
 9.0730882e-001
 9.0755862e-001
 9.0777242e-001
 9.0794384e-001
 9.0806645e-001
 9.0813321e-001
 9.0813643e-001
 9.0806681e-001
 9.0791327e-001
 9.0766275e-001
 9.0729982e-001
 9.0680671e-001
 9.0616328e-001
 9.0534651e-001
 9.0433097e-001
 9.0308940e-001
 9.0159303e-001
 8.9981383e-001
 8.9772499e-001
 8.9530480e-001
 8.9254016e-001
 8.8943136e-001
 8.8600194e-001
 8.8230348e-001
 8.7842494e-001
 8.7449431e-001
 8.7067372e-001
 8.6715269e-001
 8.6413068e-001
 8.6179566e-001
 8.6030501e-001
 8.5976380e-001
 8.6021185e-001
 8.6161685e-001
 8.6387807e-001
 8.6683744e-001
 8.7030083e-001
 8.7405884e-001
 8.7791085e-001
 8.8168579e-001
 8.8525170e-001
 8.8852388e-001
 8.9146000e-001
 8.9405364e-001
 8.9632422e-001
 8.9830410e-001
 9.0003133e-001
 9.0154129e-001
 9.0286392e-001
 9.0402323e-001
 9.0503669e-001
 9.0591764e-001
 9.0667701e-001
 9.0732396e-001
 9.0786731e-001
 9.0831572e-001
 9.0867758e-001
 9.0896076e-001
 9.0917230e-001
 9.0931827e-001
 9.0940410e-001
 9.0943468e-001
 9.0941525e-001
 9.0935159e-001
 9.0925014e-001
 9.0911770e-001
 9.0896106e-001
 9.0878618e-001
 9.0859777e-001
 9.0839869e-001
 9.0818942e-001
 9.0796787e-001
 9.0772927e-001
 9.0746713e-001
 9.0717429e-001
 9.0684432e-001
 9.0647292e-001
 9.0605783e-001
 9.0559888e-001
 9.0509713e-001
 9.0455335e-001
 9.0396821e-001
 9.0334129e-001
 9.0267193e-001
 9.0195912e-001
 9.0120137e-001
 9.0039700e-001
 8.9954317e-001
 8.9863634e-001
 8.9767206e-001
 8.9664519e-001
 8.9555150e-001
 8.9438671e-001
 8.9314753e-001
 8.9183104e-001
 8.9043343e-001
 8.8895094e-001
 8.8737822e-001
 8.8571024e-001
 8.8394189e-001
 8.8206881e-001
 8.8008958e-001
 8.7800634e-001
 8.7582487e-001
 8.7355715e-001
 8.7121934e-001
 8.6883324e-001
 8.6642498e-001
 8.6402285e-001
 8.6165816e-001
 8.5936117e-001
 8.5716110e-001
 8.5508293e-001
 8.5314488e-001
 8.5135901e-001
 8.4972888e-001
 8.4825230e-001
 8.4692186e-001
 8.4572655e-001
 8.4465492e-001
 8.4369552e-001
 8.4283882e-001
 8.4207702e-001
 8.4140414e-001
 8.4081542e-001
 8.4030658e-001
 8.3987302e-001
 8.3950979e-001
 8.3921087e-001
 8.3897001e-001
 8.3878052e-001
 8.3863550e-001
 8.3852863e-001
 8.3845407e-001
 8.3840704e-001
 8.3838367e-001
 8.3838081e-001
 8.3839524e-001
 8.3842325e-001
 8.3845991e-001
 8.3849937e-001
 8.3853495e-001
 8.3856022e-001
 8.3856922e-001
 8.3855724e-001
 8.3852071e-001
 8.3845717e-001
 8.3836561e-001
 8.3824641e-001
 8.3810186e-001
 8.3793604e-001
 8.3775455e-001
 8.3756346e-001
 8.3736849e-001
 8.3717322e-001
 8.3697861e-001
 8.3678257e-001
 8.3658081e-001
 8.3636749e-001
 8.3613688e-001
 8.3588481e-001
 8.3560908e-001
 8.3531058e-001
 8.3499235e-001
 8.3465940e-001
 8.3431756e-001
 8.3397257e-001
 8.3362901e-001
 8.3328992e-001
 8.3295655e-001
 8.3262855e-001
 8.3230436e-001
 8.3198184e-001
 8.3165908e-001
 8.3133453e-001
 8.3100760e-001
 8.3067816e-001
 8.3034682e-001
 8.3001447e-001
 8.2968217e-001
 8.2935131e-001
 8.2902390e-001
 8.2870191e-001
 8.2838809e-001
 8.2808477e-001
 8.2779384e-001
 8.2751638e-001
 8.2725191e-001
 8.2699889e-001
 8.2675475e-001
 8.2651621e-001
 8.2627940e-001
 8.2604003e-001
 8.2579309e-001
 8.2553250e-001
 8.2525134e-001
 8.2494217e-001
 8.2459706e-001
 8.2420892e-001
 8.2377124e-001
 8.2327950e-001
 8.2273072e-001
 8.2212365e-001
 8.2145882e-001
 8.2073826e-001
 8.1996459e-001
 8.1914103e-001
 8.1827056e-001
 8.1735605e-001
 8.1640065e-001
 8.1540745e-001
 8.1438082e-001
 8.1332582e-001
 8.1224859e-001
 8.1115574e-001
 8.1005359e-001
 8.0894846e-001
 8.0784571e-001
 8.0675077e-001
 8.0566925e-001
 8.0460638e-001
 8.0356771e-001
 8.0255777e-001
 8.0158007e-001
 8.0063659e-001
 7.9972762e-001
 7.9885346e-001
 7.9801530e-001
 7.9721624e-001
 7.9646325e-001
 7.9576617e-001
 7.9513806e-001
 7.9459333e-001
 7.9414606e-001
 7.9380888e-001
 7.9359180e-001
 7.9350126e-001
 7.9354006e-001
 7.9370648e-001
 7.9399425e-001
 7.9439241e-001
 7.9488546e-001
 7.9545438e-001
 7.9607821e-001
 7.9673493e-001
 7.9740411e-001
 7.9806769e-001
 7.9871124e-001
 7.9932457e-001
 7.9990101e-001
 8.0043650e-001
 8.0092847e-001
 8.0137402e-001
 8.0176914e-001
 8.0210787e-001
 8.0238217e-001
 8.0258214e-001
 8.0269653e-001
 8.0271375e-001
 8.0262333e-001
 8.0241752e-001
 8.0209374e-001
 8.0165637e-001
 8.0111802e-001
 8.0049998e-001
 7.9983127e-001
 7.9914546e-001
 7.9847807e-001
 7.9786187e-001
 7.9732370e-001
 7.9688156e-001
 7.9654324e-001
 7.9630703e-001
 7.9616338e-001
 7.9609793e-001
 7.9609418e-001
 7.9613584e-001
 7.9620743e-001
 7.9629445e-001
 7.9638255e-001
 7.9645669e-001
 7.9650080e-001
 7.9649806e-001
 7.9643154e-001
 7.9628551e-001
 7.9604685e-001
 7.9570615e-001
 7.9525924e-001
 7.9470778e-001
 7.9405934e-001
 7.9332745e-001
 7.9252976e-001
 7.9168677e-001
 7.9081935e-001
 7.8994626e-001
 7.8908336e-001
 7.8824174e-001
 7.8742850e-001
 7.8664619e-001
 7.8589356e-001
 7.8516620e-001
 7.8445715e-001
 7.8375673e-001
 7.8305423e-001
 7.8233790e-001
 7.8159684e-001
 7.8082156e-001
 7.8000432e-001
 7.7914011e-001
 7.7822524e-001
 7.7725756e-001
 7.7623522e-001
 7.7515584e-001
 7.7401710e-001
 7.7281642e-001
 7.7155268e-001
 7.7022743e-001
 7.6884568e-001
 7.6741797e-001
 7.6595980e-001
 7.6449209e-001
 7.6303953e-001
 7.6162767e-001
 7.6028234e-001
 7.5902545e-001
 7.5787467e-001
 7.5684142e-001
 7.5593042e-001
 7.5514024e-001
 7.5446397e-001
 7.5388950e-001
 7.5340164e-001
 7.5298297e-001
 7.5261563e-001
 7.5228262e-001
 7.5196850e-001
 7.5166041e-001
 7.5134748e-001
 7.5102103e-001
 7.5067407e-001
 7.5030065e-001
 7.4989599e-001
 7.4945587e-001
 7.4897665e-001
 7.4845457e-001
 7.4788541e-001
 7.4726456e-001
 7.4658680e-001
 7.4584699e-001
 7.4504083e-001
 7.4416453e-001
 7.4321580e-001
 7.4219346e-001
 7.4109733e-001
 7.3992836e-001
 7.3868799e-001
 7.3737872e-001
 7.3600370e-001
 7.3456568e-001
 7.3306847e-001
 7.3151523e-001
 7.2990948e-001
 7.2825450e-001
 7.2655272e-001
 7.2480673e-001
 7.2301775e-001
 7.2118729e-001
 7.1931666e-001
 7.1740681e-001
 7.1546030e-001
 7.1347934e-001
 7.1146733e-001
 7.0942760e-001
 7.0736217e-001
 7.0527244e-001
 7.0315826e-001
 7.0101708e-001
 6.9884568e-001
 6.9663864e-001
 6.9439054e-001
 6.9209504e-001
 6.8974411e-001
 6.8732971e-001
 6.8484122e-001
 6.8226767e-001
 6.7959744e-001
 6.7681837e-001
 6.7392111e-001
 6.7089814e-001
 6.6774690e-001
 6.6447020e-001
 6.6107464e-001
 6.5757358e-001
 6.5398312e-001
 6.5032369e-001
 6.4661765e-001
 6.4288592e-001
 6.3914984e-001
 6.3542700e-001
 6.3173401e-001
 6.2808657e-001
 6.2449968e-001
 6.2099236e-001
 6.1758840e-001
 6.1431646e-001
 6.1121309e-001
 6.0831815e-001
 6.0567522e-001
 6.0332620e-001
 6.0130626e-001
 5.9964150e-001
 5.9834343e-001
 5.9740788e-001
 5.9681350e-001
 5.9652281e-001
 5.9648502e-001
 5.9663981e-001
 5.9692240e-001
 5.9726828e-001
 5.9761858e-001
 5.9792322e-001
 5.9814376e-001
 5.9825414e-001
 5.9824044e-001
 5.9809965e-001
 5.9783787e-001
 5.9746772e-001
 5.9700626e-001
 5.9647316e-001
 5.9588873e-001
 5.9527290e-001
 5.9464377e-001
 5.9401643e-001
 5.9340233e-001
 5.9280843e-001
 5.9223765e-001
 5.9168881e-001
 5.9115696e-001
 5.9063470e-001
 5.9011203e-001
 5.8957779e-001
 5.8901983e-001
 5.8842611e-001
 5.8778608e-001
 5.8709115e-001
 5.8633661e-001
 5.8552140e-001
 5.8464885e-001
 5.8372688e-001
 5.8276713e-001
 5.8178556e-001
 5.8080113e-001
 5.7983494e-001
 5.7890993e-001
 5.7804984e-001
 5.7727808e-001
 5.7661819e-001
 5.7609278e-001
 5.7572371e-001
 5.7553101e-001
 5.7553232e-001
 5.7574147e-001
 5.7616746e-001
 5.7681328e-001
 5.7767516e-001
 5.7874256e-001
 5.7999820e-001
 5.8141941e-001
 5.8297938e-001
 5.8464843e-001
 5.8639687e-001
 5.8819437e-001
 5.9001285e-001
 5.9182519e-001
 5.9360629e-001
 5.9533399e-001
 5.9698766e-001
 5.9854943e-001
 6.0000503e-001
 6.0134298e-001
 6.0255581e-001
 6.0363913e-001
 6.0459149e-001
 6.0541439e-001
 6.0611105e-001
 6.0668653e-001
 6.0714740e-001
 6.0750109e-001
 6.0775596e-001
 6.0792029e-001
 6.0800213e-001
 6.0800880e-001
 6.0794723e-001
 6.0782427e-001
 6.0764706e-001
 6.0742313e-001
 6.0716039e-001
 6.0686642e-001
 6.0654825e-001
 6.0621232e-001
 6.0586476e-001
 6.0551244e-001
 6.0516387e-001
 6.0482961e-001
 6.0452306e-001
 6.0425973e-001
 6.0405642e-001
 6.0393000e-001
 6.0389596e-001
 6.0396695e-001
 6.0415190e-001
 6.0445505e-001
 6.0487586e-001
 6.0540932e-001
 6.0604620e-001
 6.0677409e-001
 6.0757846e-001
 6.0844296e-001
 6.0935128e-001
 6.1028689e-001
 6.1123431e-001
 6.1217946e-001
 6.1310929e-001
 6.1401290e-001
 6.1488020e-001
 6.1570263e-001
 6.1647248e-001
 6.1718255e-001
 6.1782593e-001
 6.1839598e-001
 6.1888599e-001
 6.1928988e-001
 6.1960167e-001
 6.1981571e-001
 6.1992627e-001
 6.1992669e-001
 6.1980832e-001
 6.1955893e-001
 6.1916131e-001
 6.1859041e-001
 6.1781216e-001
 6.1678046e-001
 6.1543757e-001
 6.1371452e-001
 6.1153489e-001
 6.0882384e-001
 6.0551780e-001
 6.0158187e-001
 5.9702510e-001
 5.9191334e-001
 5.8638209e-001
 5.8063573e-001
 5.7493597e-001
 5.6958663e-001
 5.6489897e-001
 5.6116295e-001
 5.5861098e-001
 5.5739027e-001
 5.5754763e-001
 5.5902570e-001
 5.6167394e-001
 5.6527114e-001
 5.6955725e-001
 5.7426178e-001
 5.7913619e-001
 5.8397061e-001
 5.8860713e-001
 5.9294379e-001
 5.9692568e-001
 6.0053945e-001
 6.0379815e-001
 6.0673183e-001
 6.0937905e-001
 6.1177850e-001
 6.1396742e-001
 6.1597818e-001
 6.1783850e-001
 6.1957204e-001
 6.2119704e-001
 6.2272751e-001
 6.2417382e-001
 6.2554216e-001
 6.2683672e-001
 6.2805909e-001
 6.2920982e-001
 6.3028896e-001
 6.3129622e-001
 6.3223219e-001
 6.3309860e-001
 6.3389903e-001
 6.3463926e-001
 6.3532668e-001
 6.3596988e-001
 6.3657749e-001
 6.3715708e-001
 6.3771516e-001
 6.3825643e-001
 6.3878411e-001
 6.3930005e-001
 6.3980484e-001
 6.4029843e-001
 6.4077961e-001
 6.4124668e-001
 6.4169806e-001
 6.4213246e-001
 6.4254951e-001
 6.4294976e-001
 6.4333469e-001
 6.4370632e-001
 6.4406645e-001
 6.4441615e-001
 6.4475542e-001
 6.4508325e-001
 6.4539754e-001
 6.4569581e-001
 6.4597577e-001
 6.4623570e-001
 6.4647484e-001
 6.4669400e-001
 6.4689523e-001
 6.4708185e-001
 6.4725804e-001
 6.4742792e-001
 6.4759505e-001
 6.4776123e-001
 6.4792663e-001
 6.4809000e-001
 6.4824879e-001
 6.4840025e-001
 6.4854181e-001
 6.4867121e-001
 6.4878666e-001
 6.4888674e-001
 6.4897043e-001
 6.4903665e-001
 6.4908457e-001
 6.4911348e-001
 6.4912283e-001
 6.4911240e-001
 6.4908254e-001
 6.4903432e-001
 6.4896959e-001
 6.4889073e-001
 6.4880055e-001
 6.4870143e-001
 6.4859474e-001
 6.4848036e-001
 6.4835691e-001
 6.4822203e-001
 6.4807373e-001
 6.4791167e-001
 6.4773786e-001
 6.4755696e-001
 6.4737564e-001
 6.4720130e-001
 6.4704078e-001
 6.4689928e-001
 6.4677978e-001
 6.4668280e-001
 6.4660686e-001
 6.4654899e-001
 6.4650542e-001
 6.4647251e-001
 6.4644730e-001
 6.4642763e-001
 6.4641237e-001
 6.4640123e-001
 6.4639431e-001
 6.4639258e-001
 6.4639717e-001
 6.4640981e-001
 6.4643180e-001
 6.4646387e-001
 6.4650518e-001
 6.4655364e-001
 6.4660579e-001
 6.4665765e-001
 6.4670533e-001
 6.4674562e-001
 6.4677685e-001
 6.4679879e-001
 6.4681315e-001
 6.4682341e-001
 6.4683414e-001
 6.4685047e-001
 6.4687735e-001
 6.4691871e-001
 6.4697719e-001
 6.4705390e-001
 6.4714855e-001
 6.4725929e-001
 6.4738321e-001
 6.4751649e-001
 6.4765465e-001
 6.4779288e-001
 6.4792633e-001
 6.4805037e-001
 6.4816082e-001
 6.4825439e-001
 6.4832932e-001
 6.4838564e-001
 6.4842629e-001
 6.4845657e-001
 6.4848411e-001
 6.4851731e-001
 6.4856398e-001
 6.4862943e-001
 6.4871556e-001
 6.4882034e-001
 6.4893824e-001
 6.4906138e-001
 6.4918035e-001
 6.4931887e-001
 6.4941347e-001
 6.4947462e-001
 6.4949459e-001
 6.4946818e-001
 6.4939469e-001
 6.4927840e-001
 6.4912808e-001
 6.4895499e-001
 6.4877105e-001
 6.4858645e-001
 6.4840859e-001
 6.4824146e-001
 6.4808524e-001
 6.4793646e-001
 6.4778858e-001
 6.4763367e-001
 6.4746433e-001
 6.4727545e-001
 6.4706492e-001
 6.4683235e-001
 6.4657676e-001
 6.4629591e-001
 6.4598542e-001
 6.4564109e-001
 6.4526027e-001
 6.4484298e-001
 6.4439237e-001
 6.4391357e-001
 6.4341307e-001
 6.4289814e-001
 6.4237607e-001
 6.4185387e-001
 6.4133704e-001
 6.4082879e-001
 6.4032900e-001
 6.3983488e-001
 6.3934308e-001
 6.3885218e-001
 6.3836426e-001
 6.3788509e-001
 6.3742203e-001
 6.3698101e-001
 6.3656479e-001
 6.3617265e-001
 6.3580191e-001
 6.3544935e-001
 6.3511187e-001
 6.3478667e-001
 6.3447058e-001
 6.3416147e-001
 6.3385892e-001
 6.3356555e-001
 6.3328618e-001
 6.3302541e-001
 6.3278508e-001
 6.3256174e-001
 6.3234740e-001
 6.3213068e-001
 6.3190001e-001
 6.3164616e-001
 6.3136405e-001
 6.3105381e-001
 6.3072097e-001
 6.3037580e-001
 6.3003284e-001
 6.2970901e-001
 6.2942147e-001
 6.2918621e-001
 6.2901568e-001
 6.2891817e-001
 6.2889695e-001
 6.2895036e-001
 6.2907159e-001
 6.2924939e-001
 6.2946850e-001
 6.2971181e-001
 6.2996250e-001
 6.3020647e-001
 6.3043463e-001
 6.3064331e-001
 6.3083375e-001
 6.3100940e-001
 6.3117290e-001
 6.3132322e-001
 6.3145405e-001
 6.3155431e-001
 6.3161033e-001
 6.3160902e-001
 6.3154143e-001
 6.3140410e-001
 6.3119954e-001
 6.3093334e-001
 6.3061190e-001
 6.3023949e-001
 6.2981731e-001
 6.2934452e-001
 6.2881941e-001
 6.2824136e-001
 6.2761211e-001
 6.2693596e-001
 6.2622076e-001
 6.2547636e-001
 6.2471390e-001
 6.2394351e-001
 6.2317139e-001
 6.2239867e-001
 6.2161946e-001
 6.2082219e-001
 6.1999089e-001
 6.1910850e-001
 6.1816114e-001
 6.1714107e-001
 6.1604875e-001
 6.1489213e-001
 6.1368299e-001
 6.1243325e-001
 6.1115199e-001
 6.0984427e-001
 6.0851353e-001
 6.0716271e-001
 6.0579604e-001
 6.0441732e-001
 6.0302740e-001
 6.0162276e-001
 6.0019416e-001
 5.9872949e-001
 5.9721547e-001
 5.9563929e-001
 5.9399068e-001
 5.9226060e-001
 5.9044260e-001
 5.8853239e-001
 5.8652735e-001
 5.8442777e-001
 5.8223432e-001
 5.7994866e-001
 5.7757276e-001
 5.7510775e-001
 5.7255602e-001
 5.6992018e-001
 5.6720185e-001
 5.6440347e-001
 5.6152481e-001
 5.5856520e-001
 5.5552191e-001
 5.5238926e-001
 5.4916149e-001
 5.4583043e-001
 5.4238808e-001
 5.3882557e-001
 5.3513086e-001
 5.3129137e-001
 5.2729058e-001
 5.2311301e-001
 5.1874441e-001
 5.1417148e-001
 5.0938606e-001
 5.0438035e-001
 4.9915037e-001
 4.9369347e-001
 4.8800564e-001
 4.8208472e-001
 4.7592914e-001
 4.6953738e-001
 4.6291643e-001
 4.5607927e-001
 4.4905216e-001
 4.4187200e-001
 4.3458125e-001
 4.2723075e-001
 4.1987017e-001
 4.1255265e-001
 4.0533185e-001
 3.9825973e-001
 3.9139405e-001
 3.8479352e-001
 3.7852547e-001
 3.7266299e-001
 3.6727977e-001
 3.6244819e-001
 3.5822600e-001
 3.5465267e-001
 3.5174191e-001
 3.4947917e-001
 3.4782505e-001
 3.4671685e-001
 3.4607461e-001
 3.4580478e-001
 3.4580454e-001
 3.4596553e-001
 3.4617782e-001
 3.4633529e-001
 3.4634158e-001
 3.4611604e-001
 3.4559813e-001
 3.4474954e-001
 3.4355319e-001
 3.4201261e-001
 3.4014875e-001
 3.3800018e-001
 3.3561942e-001
 3.3307445e-001
 3.3044189e-001
 3.2780442e-001
 3.2524836e-001
 3.2285577e-001
 3.2070389e-001
 3.1886259e-001
 3.1739461e-001
 3.1635135e-001
 3.1577253e-001
 3.1568322e-001
 3.1609070e-001
 3.1698421e-001
 3.1833443e-001
 3.2009646e-001
 3.2221168e-001
 3.2461122e-001
 3.2721642e-001
 3.2994577e-001
 3.3271781e-001
 3.3545411e-001
 3.3808830e-001
 3.4056771e-001
 3.4285310e-001
 3.4492207e-001
 3.4676474e-001
 3.4838042e-001
 3.4977746e-001
 3.5096940e-001
 3.5197386e-001
 3.5281047e-001
 3.5350123e-001
 3.5406896e-001
 3.5453606e-001
 3.5492378e-001
 3.5525081e-001
 3.5553205e-001
 3.5577860e-001
 3.5599691e-001
 3.5618785e-001
 3.5634568e-001
 3.5645866e-001
 3.5651097e-001
 3.5648718e-001
 3.5637677e-001
 3.5617757e-001
 3.5589644e-001
 3.5554770e-001
 3.5515034e-001
 3.5472608e-001
 3.5429701e-001
 3.5388458e-001
 3.5350829e-001
 3.5318446e-001
 3.5292464e-001
 3.5273549e-001
 3.5261899e-001
 3.5257301e-001
 3.5259181e-001
 3.5266632e-001
 3.5278347e-001
 3.5292593e-001
 3.5307142e-001
 3.5319319e-001
 3.5326168e-001
 3.5324717e-001
 3.5312352e-001
 3.5287130e-001
 3.5247964e-001
 3.5194674e-001
 3.5127756e-001
 3.5048130e-001
 3.4956864e-001
 3.4855068e-001
 3.4743798e-001
 3.4624180e-001
 3.4497651e-001
 3.4365818e-001
 3.4230459e-001
 3.4093422e-001
 3.3956197e-001
 3.3819798e-001
 3.3684745e-001
 3.3550841e-001
 3.3417335e-001
 3.3282962e-001
 3.3146170e-001
 3.3005089e-001
 3.2857859e-001
 3.2703072e-001
 3.2539868e-001
 3.2368362e-001
 3.2189965e-001
 3.2007229e-001
 3.1823978e-001
 3.1645086e-001
 3.1476381e-001
 3.1323987e-001
 3.1193975e-001
 3.1091911e-001
 3.1022200e-001
 3.0987805e-001
 3.0989939e-001
 3.1027889e-001
 3.1099135e-001
 3.1199604e-001
 3.1324312e-001
 3.1467938e-001
 3.1625462e-001
 3.1792387e-001
 3.1965187e-001
 3.2141200e-001
 3.2318452e-001
 3.2495847e-001
 3.2672945e-001
 3.2849720e-001
 3.3026648e-001
 3.3204234e-001
 3.3382788e-001
 3.3561969e-001
 3.3740905e-001
 3.3918092e-001
 3.4091443e-001
 3.4258768e-001
 3.4417877e-001
 3.4566641e-001
 3.4703434e-001
 3.4827131e-001
 3.4937158e-001
 3.5033700e-001
 3.5117516e-001
 3.5189876e-001
 3.5252354e-001
 3.5306826e-001
 3.5355324e-001
 3.5399875e-001
 3.5442421e-001
 3.5484526e-001
 3.5527119e-001
 3.5570410e-001
 3.5613865e-001
 3.5656443e-001
 3.5696885e-001
 3.5734132e-001
 3.5767564e-001
 3.5797098e-001
 3.5823274e-001
 3.5847107e-001
 3.5869858e-001
 3.5892785e-001
 3.5916814e-001
 3.5942289e-001
 3.5968953e-001
 3.5995996e-001
 3.6022165e-001
 3.6045799e-001
 3.6064807e-001
 3.6076546e-001
 3.6077878e-001
 3.6065423e-001
 3.6035985e-001
 3.5986996e-001
 3.5916775e-001
 3.5824588e-001
 3.5710442e-001
 3.5574993e-001
 3.5419169e-001
 3.5244122e-001
 3.5051319e-001
 3.4842286e-001
 3.4618726e-001
 3.4382707e-001
 3.4136388e-001
 3.3882189e-001
 3.3623081e-001
 3.3362317e-001
 3.3103770e-001
 3.2851893e-001
 3.2611927e-001
 3.2389405e-001
 3.2190078e-001
 3.2019591e-001
 3.1882688e-001
 3.1782821e-001
 3.1721720e-001
 3.1698981e-001
 3.1712124e-001
 3.1756717e-001
 3.1826696e-001
 3.1914875e-001
 3.2013521e-001
 3.2114860e-001
 3.2211840e-001
 3.2298565e-001
 3.2370692e-001
 3.2425883e-001
 3.2463840e-001
 3.2486233e-001
 3.2496363e-001
 3.2498714e-001
 3.2498416e-001
 3.2500803e-001
 3.2511097e-001
 3.2534108e-001
 3.2574010e-001
 3.2634184e-001
 3.2717067e-001
 3.2823971e-001
 3.2955164e-001
 3.3109766e-001
 3.3285901e-001
 3.3480626e-001
 3.3690390e-001
 3.3911085e-001
 3.4138030e-001
 3.4366456e-001
 3.4591562e-001
 3.4808657e-001
 3.5013875e-001
 3.5204318e-001
 3.5378370e-001
 3.5535604e-001
 3.5676873e-001
 3.5803869e-001
 3.5918683e-001
 3.6023653e-001
 3.6121047e-001
 3.6212939e-001
 3.6301360e-001
 3.6388281e-001
 3.6475521e-001
 3.6564815e-001
 3.6657637e-001
 3.6755165e-001
 3.6858141e-001
 3.6967021e-001
 3.7081921e-001
 3.7202588e-001
 3.7328583e-001
 3.7459227e-001
 3.7593436e-001
 3.7729785e-001
 3.7866277e-001
 3.8000366e-001
 3.8128975e-001
 3.8249019e-001
 3.8357696e-001
 3.8452744e-001
 3.8532731e-001
 3.8596916e-001
 3.8645113e-001
 3.8677683e-001
 3.8695407e-001
 3.8699347e-001
 3.8690710e-001
 3.8670632e-001
 3.8640103e-001
 3.8600037e-001
 3.8551369e-001
 3.8495091e-001
 3.8432258e-001
 3.8363793e-001
 3.8290486e-001
 3.8213128e-001
 3.8132539e-001
 3.8049734e-001
 3.7965831e-001
 3.7882003e-001
 3.7799171e-001
 3.7717867e-001
 3.7638193e-001
 3.7559667e-001
 3.7481409e-001
 3.7402570e-001
 3.7322727e-001
 3.7242609e-001
 3.7164679e-001
 3.7093237e-001
 3.7034288e-001
 3.6994839e-001
 3.6981982e-001
 3.7001824e-001
 3.7058657e-001
 3.7154236e-001
 3.7287509e-001
 3.7454581e-001
 3.7648812e-001
 3.7861636e-001
 3.8083246e-001
 3.8303649e-001
 3.8513425e-001
 3.8704821e-001
 3.8872099e-001
 3.9011610e-001
 3.9122012e-001
 3.9204028e-001
 3.9260262e-001
 3.9295202e-001
 3.9314875e-001
 3.9326403e-001
 3.9337355e-001
 3.9354897e-001
 3.9384943e-001
 3.9431435e-001
 3.9496031e-001
 3.9578256e-001
 3.9675999e-001
 3.9786395e-001
 3.9906344e-001
 4.0032592e-001
 4.0161794e-001
 4.0290296e-001
 4.0414339e-001
 4.0530404e-001
 4.0635893e-001
 4.0729314e-001
 4.0810227e-001
 4.0879160e-001
 4.0937275e-001
 4.0986186e-001
 4.1027856e-001
 4.1064295e-001
 4.1097197e-001
 4.1127598e-001
 4.1155773e-001
 4.1181436e-001
 4.1204110e-001
 4.1223568e-001
 4.1239992e-001
 4.1253918e-001
 4.1266105e-001
 4.1277343e-001
 4.1288334e-001
 4.1299596e-001
 4.1311318e-001
 4.1323280e-001
 4.1334867e-001
 4.1345245e-001
 4.1353631e-001
 4.1359532e-001
 4.1362852e-001
 4.1363734e-001
 4.1362181e-001
 4.1357604e-001
 4.1348463e-001
 4.1332278e-001
 4.1306090e-001
 4.1267234e-001
 4.1214067e-001
 4.1146439e-001
 4.1065454e-001
 4.0972927e-001
 4.0870807e-001
 4.0760586e-001
 4.0643275e-001
 4.0519738e-001
 4.0391004e-001
 4.0258813e-001
 4.0125743e-001
 3.9995101e-001
 3.9870009e-001
 3.9752600e-001
 3.9643475e-001
 3.9541540e-001
 3.9444786e-001
 3.9351347e-001
 3.9260063e-001
 3.9170641e-001
 3.9083043e-001
 3.8996816e-001
 3.8910562e-001
 3.8822216e-001
 3.8729873e-001
 3.8632432e-001
 3.8529983e-001
 3.8423544e-001
 3.8314152e-001
 3.8202274e-001
 3.8087714e-001
 3.7969816e-001
 3.7848067e-001
 3.7722212e-001
 3.7592047e-001
 3.7456745e-001
 3.7314692e-001
 3.7163854e-001
 3.7002116e-001
 3.6827931e-001
 3.6640784e-001
 3.6441156e-001
 3.6230859e-001
 3.6013058e-001
 3.5792241e-001
 3.5573176e-001
 3.5360029e-001
 3.5155737e-001
 3.4961557e-001
 3.4777850e-001
 3.4604988e-001
 3.4443492e-001
 3.4293950e-001
 3.4156531e-001
 3.4030464e-001
 3.3914346e-001
 3.3806655e-001
 3.3706340e-001
 3.3612764e-001
 3.3525535e-001
 3.3444318e-001
 3.3368576e-001
 3.3297685e-001
 3.3230942e-001
 3.3167359e-001
 3.3105817e-001
 3.3045495e-001
 3.2986552e-001
 3.2930297e-001
 3.2878616e-001
 3.2832706e-001
 3.2791844e-001
 3.2753274e-001
 3.2713345e-001
 3.2669163e-001
 3.2619905e-001
 3.2567075e-001
 3.2513559e-001
 3.2462350e-001
 3.2415411e-001
 3.2373130e-001
 3.2334206e-001
 3.2296047e-001
 3.2255456e-001
 3.2209358e-001
 3.2155564e-001
 3.2093260e-001
 3.2022893e-001
 3.1945699e-001
 3.1862870e-001
 3.1774855e-001
 3.1680837e-001
 3.1579006e-001
 3.1467491e-001
 3.1345353e-001
 3.1213489e-001
 3.1074908e-001
 3.0933973e-001
 3.0795598e-001
 3.0664322e-001
 3.0543810e-001
 3.0436492e-001
 3.0343977e-001
 3.0267861e-001
 3.0210471e-001
 3.0175373e-001
 3.0166942e-001
 3.0189097e-001
 3.0243927e-001
 3.0330652e-001
 3.0445558e-001
 3.0582610e-001
 3.0734637e-001
 3.0894488e-001
 3.1056428e-001
 3.1216761e-001
 3.1373799e-001
 3.1527370e-001
 3.1677467e-001
 3.1822884e-001
 3.1960890e-001
 3.2087785e-001
 3.2200617e-001
 3.2298857e-001
 3.2385340e-001
 3.2465449e-001
 3.2545221e-001
 3.2629368e-001
 3.2719824e-001
 3.2815397e-001
 3.2912686e-001
 3.3007458e-001
 3.3096018e-001
 3.3176219e-001
 3.3247474e-001
 3.3310509e-001
 3.3366999e-001
 3.3419308e-001
 3.3469713e-001
 3.3519217e-001
 3.3566627e-001
 3.3608556e-001
 3.3640644e-001
 3.3659357e-001
 3.3663252e-001
 3.3653271e-001
 3.3632234e-001
 3.3603892e-001
 3.3572006e-001
-1.2300000e+034
