s07_ASD Record=9101: Phlogopite WS496              BECKb AREF
 2.5881979e-001
 2.6018518e-001
 2.6154667e-001
 2.6291189e-001
 2.6431382e-001
 2.6580492e-001
 2.6743650e-001
 2.6923716e-001
 2.7120212e-001
 2.7329701e-001
 2.7547422e-001
 2.7768746e-001
 2.7990133e-001
 2.8209394e-001
 2.8425786e-001
 2.8639764e-001
 2.8852347e-001
 2.9064655e-001
 2.9277608e-001
 2.9491714e-001
 2.9706639e-001
 2.9920930e-001
 3.0132264e-001
 3.0338138e-001
 3.0536604e-001
 3.0726472e-001
 3.0907118e-001
 3.1077558e-001
 3.1235826e-001
 3.1379279e-001
 3.1505701e-001
 3.1614119e-001
 3.1704661e-001
 3.1778175e-001
 3.1837121e-001
 3.1886098e-001
 3.1930977e-001
 3.1978065e-001
 3.2033321e-001
 3.2101181e-001
 3.2183501e-001
 3.2279006e-001
 3.2383487e-001
 3.2490814e-001
 3.2594475e-001
 3.2689270e-001
 3.2772383e-001
 3.2843548e-001
 3.2904202e-001
 3.2956246e-001
 3.3001289e-001
 3.3040798e-001
 3.3077013e-001
 3.3113602e-001
 3.3155414e-001
 3.3207464e-001
 3.3273467e-001
 3.3354324e-001
 3.3448863e-001
 3.3555543e-001
 3.3669263e-001
 3.3783910e-001
 3.3897313e-001
 3.4008175e-001
 3.4116802e-001
 3.4227228e-001
 3.4343880e-001
 3.4468868e-001
 3.4601822e-001
 3.4739742e-001
 3.4878257e-001
 3.5013938e-001
 3.5145962e-001
 3.5276005e-001
 3.5406655e-001
 3.5539460e-001
 3.5673720e-001
 3.5807058e-001
 3.5937324e-001
 3.6064330e-001
 3.6189920e-001
 3.6315984e-001
 3.6442059e-001
 3.6564466e-001
 3.6678237e-001
 3.6780584e-001
 3.6873493e-001
 3.6963502e-001
 3.7058485e-001
 3.7163407e-001
 3.7277269e-001
 3.7393036e-001
 3.7500477e-001
 3.7590444e-001
 3.7658128e-001
 3.7703767e-001
 3.7731013e-001
 3.7744388e-001
 3.7748358e-001
 3.7748748e-001
 3.7754655e-001
 3.7777990e-001
 3.7830243e-001
 3.7918374e-001
 3.8041121e-001
 3.8187903e-001
 3.8342687e-001
 3.8490498e-001
 3.8622734e-001
 3.8738868e-001
 3.8843921e-001
 3.8944006e-001
 3.9043459e-001
 3.9145026e-001
 3.9251891e-001
 3.9368737e-001
 3.9500108e-001
 3.9646932e-001
 3.9804387e-001
 3.9964205e-001
 4.0120086e-001
 4.0271151e-001
 4.0420175e-001
 4.0569860e-001
 4.0722412e-001
 4.0881702e-001
 4.1052911e-001
 4.1238326e-001
 4.1434696e-001
 4.1635942e-001
 4.1837683e-001
 4.2037717e-001
 4.2232060e-001
 4.2412385e-001
 4.2568728e-001
 4.2695054e-001
 4.2791575e-001
 4.2862117e-001
 4.2910713e-001
 4.2941999e-001
 4.2963898e-001
 4.2986971e-001
 4.3019748e-001
 4.3066442e-001
 4.3130848e-001
 4.3219569e-001
 4.3336916e-001
 4.3476728e-001
 4.3623167e-001
 4.3761033e-001
 4.3883738e-001
 4.3992615e-001
 4.4092178e-001
 4.4186118e-001
 4.4273826e-001
 4.4350007e-001
 4.4411346e-001
 4.4465500e-001
 4.4530332e-001
 4.4620949e-001
 4.4737390e-001
 4.4866261e-001
 4.4993380e-001
 4.5112583e-001
 4.5223022e-001
 4.5322943e-001
 4.5410046e-001
 4.5484462e-001
 4.5545483e-001
 4.5587286e-001
 4.5605317e-001
 4.5608473e-001
 4.5617852e-001
 4.5647666e-001
 4.5689160e-001
 4.5718634e-001
 4.5723945e-001
 4.5721000e-001
 4.5740640e-001
 4.5799020e-001
 4.5883173e-001
 4.5965862e-001
 4.6032155e-001
 4.6089515e-001
 4.6152264e-001
 4.6218741e-001
 4.6267408e-001
 4.6278554e-001
 4.6259806e-001
 4.6246490e-001
 4.6272695e-001
 4.6342495e-001
 4.6431553e-001
 4.6512517e-001
 4.6573547e-001
 4.6618119e-001
 4.6658683e-001
 4.6710789e-001
 4.6782717e-001
 4.6865043e-001
 4.6935287e-001
 4.6978715e-001
 4.7003931e-001
 4.7033107e-001
 4.7075352e-001
 4.7117165e-001
 4.7146815e-001
 4.7180104e-001
 4.7247216e-001
 4.7355989e-001
 4.7480980e-001
 4.7586203e-001
 4.7646713e-001
 4.7653589e-001
 4.7616884e-001
 4.7568491e-001
 4.7549164e-001
 4.7582462e-001
 4.7659978e-001
 4.7750866e-001
 4.7823998e-001
 4.7863865e-001
 4.7872621e-001
 4.7863623e-001
 4.7854516e-001
 4.7861031e-001
 4.7889292e-001
 4.7931054e-001
 4.7969827e-001
 4.7996143e-001
 4.8016965e-001
 4.8044744e-001
 4.8073739e-001
 4.8077062e-001
 4.8039749e-001
 4.7984466e-001
 4.7944802e-001
 4.7925311e-001
 4.7915396e-001
 4.7929251e-001
 4.7993416e-001
 4.8096797e-001
 4.8186994e-001
 4.8222318e-001
 4.8208621e-001
 4.8182762e-001
 4.8171651e-001
 4.8170245e-001
 4.8153913e-001
 4.8110336e-001
 4.8056284e-001
 4.8018348e-001
 4.8001501e-001
 4.7985932e-001
 4.7948807e-001
 4.7873718e-001
 4.7753799e-001
 4.7619668e-001
 4.7541827e-001
 4.7564378e-001
 4.7652498e-001
 4.7727582e-001
 4.7742233e-001
 4.7714654e-001
 4.7691438e-001
 4.7680885e-001
 4.7649539e-001
 4.7587058e-001
 4.7526956e-001
 4.7494942e-001
 4.7480521e-001
 4.7463208e-001
 4.7435984e-001
 4.7398856e-001
 4.7344109e-001
 4.7259480e-001
 4.7150809e-001
 4.7049987e-001
 4.6986547e-001
 4.6959448e-001
 4.6946204e-001
 4.6928734e-001
 4.6910158e-001
 4.6911553e-001
 4.6943602e-001
 4.6979001e-001
 4.6971136e-001
 4.6907961e-001
 4.6826503e-001
 4.6763867e-001
 4.6717343e-001
 4.6660960e-001
 4.6581376e-001
 4.6489379e-001
 4.6407160e-001
 4.6349376e-001
 4.6310484e-001
 4.6268192e-001
 4.6207407e-001
 4.6143761e-001
 4.6108869e-001
 4.6105984e-001
 4.6099329e-001
 4.6056029e-001
 4.5980895e-001
 4.5903471e-001
 4.5845065e-001
 4.5803890e-001
 4.5766145e-001
 4.5725662e-001
 4.5686927e-001
 4.5650157e-001
 4.5605290e-001
 4.5547009e-001
 4.5489663e-001
 4.5458353e-001
 4.5455584e-001
 4.5439479e-001
 4.5347488e-001
 4.5161840e-001
 4.4951588e-001
 4.4817674e-001
 4.4803098e-001
 4.4875389e-001
 4.4970843e-001
 4.5031980e-001
 4.5023459e-001
 4.4942597e-001
 4.4823545e-001
 4.4719779e-001
 4.4668871e-001
 4.4668692e-001
 4.4687217e-001
 4.4694805e-001
 4.4687480e-001
 4.4682741e-001
 4.4697785e-001
 4.4733262e-001
 4.4774628e-001
 4.4804275e-001
 4.4811037e-001
 4.4791493e-001
 4.4747058e-001
 4.4682199e-001
 4.4606066e-001
 4.4536540e-001
 4.4500136e-001
 4.4517702e-001
 4.4578969e-001
 4.4631517e-001
 4.4611564e-001
 4.4505572e-001
 4.4380465e-001
 4.4317010e-001
 4.4295713e-001
 4.4268572e-001
 4.4255817e-001
 4.4297343e-001
 4.4374314e-001
 4.4426262e-001
 4.4415736e-001
 4.4358793e-001
 4.4309902e-001
 4.4313601e-001
 4.4364342e-001
 4.4410798e-001
 4.4397441e-001
 4.4319174e-001
 4.4239542e-001
 4.4238007e-001
 4.4337153e-001
 4.4474626e-001
 4.4547746e-001
 4.4519228e-001
 4.4467950e-001
 4.4498691e-001
 4.4630089e-001
 4.4791090e-001
 4.4897717e-001
 4.4934693e-001
 4.4961792e-001
 4.5017815e-001
 4.5062676e-001
 4.5062095e-001
 4.5060709e-001
 4.5104793e-001
 4.5160046e-001
 4.5171487e-001
 4.5150149e-001
 4.5150873e-001
 4.5197105e-001
 4.5248741e-001
 4.5242226e-001
 4.5176053e-001
 4.5135641e-001
 4.5193979e-001
 4.5318305e-001
 4.5434180e-001
 4.5494670e-001
 4.5504865e-001
 4.5516902e-001
 4.5585939e-001
 4.5707268e-001
 4.5804387e-001
 4.5810115e-001
 4.5730844e-001
 4.5636058e-001
 4.5601073e-001
 4.5651478e-001
 4.5759654e-001
 4.5886531e-001
 4.6010217e-001
 4.6127391e-001
 4.6240589e-001
 4.6351323e-001
 4.6458980e-001
 4.6559867e-001
 4.6643713e-001
 4.6695024e-001
 4.6704265e-001
 4.6682844e-001
 4.6662429e-001
 4.6673736e-001
 4.6722806e-001
 4.6792451e-001
 4.6863121e-001
 4.6925029e-001
 4.6979377e-001
 4.7032961e-001
 4.7079700e-001
 4.7130924e-001
 4.7169504e-001
 4.7189221e-001
 4.7196266e-001
 4.7201774e-001
 4.7216910e-001
 4.7250822e-001
 4.7299483e-001
 4.7353548e-001
 4.7403666e-001
 4.7441792e-001
 4.7468579e-001
 4.7488201e-001
 4.7504839e-001
 4.7521850e-001
 4.7537181e-001
 4.7546563e-001
 4.7545734e-001
 4.7531703e-001
 4.7509995e-001
 4.7486922e-001
 4.7479364e-001
 4.7492242e-001
 4.7525907e-001
 4.7572416e-001
 4.7623485e-001
 4.7670811e-001
 4.7706318e-001
 4.7726664e-001
 4.7733197e-001
 4.7727478e-001
 4.7711071e-001
 4.7685587e-001
 4.7653952e-001
 4.7620362e-001
 4.7589082e-001
 4.7564363e-001
 4.7550282e-001
 4.7546664e-001
 4.7549194e-001
 4.7553375e-001
 4.7554713e-001
 4.7548720e-001
 4.7531796e-001
 4.7503829e-001
 4.7465530e-001
 4.7417650e-001
 4.7360897e-001
 4.7296017e-001
 4.7223940e-001
 4.7146505e-001
 4.7065711e-001
 4.6983603e-001
 4.6902183e-001
 4.6823493e-001
 4.6749541e-001
 4.6681961e-001
 4.6620938e-001
 4.6566266e-001
 4.6517777e-001
 4.6475276e-001
 4.6438581e-001
-1.2300000e+034
-1.2300000e+034
 4.6361488e-001
 4.6346176e-001
 4.6335742e-001
 4.6330005e-001
 4.6328786e-001
 4.6331900e-001
 4.6339154e-001
 4.6350369e-001
 4.6365181e-001
 4.6382588e-001
 4.6401399e-001
 4.6420470e-001
 4.6438619e-001
 4.6454686e-001
 4.6467498e-001
 4.6475893e-001
 4.6478942e-001
 4.6476603e-001
 4.6469030e-001
 4.6456397e-001
 4.6438855e-001
 4.6416563e-001
 4.6389684e-001
 4.6358380e-001
 4.6322817e-001
 4.6283150e-001
 4.6239534e-001
 4.6192145e-001
 4.6141255e-001
 4.6087605e-001
 4.6032012e-001
 4.5975333e-001
 4.5918375e-001
 4.5861995e-001
 4.5807016e-001
 4.5754260e-001
 4.5704579e-001
 4.5658797e-001
 4.5617747e-001
 4.5582265e-001
 4.5553011e-001
 4.5530021e-001
 4.5513204e-001
 4.5502463e-001
 4.5497701e-001
 4.5498821e-001
 4.5505726e-001
 4.5518324e-001
 4.5536518e-001
 4.5560202e-001
 4.5589292e-001
 4.5623511e-001
 4.5661998e-001
 4.5703739e-001
 4.5747739e-001
 4.5792985e-001
 4.5838487e-001
 4.5883223e-001
 4.5926210e-001
 4.5966429e-001
 4.6002889e-001
 4.6034861e-001
 4.6062633e-001
 4.6086702e-001
 4.6107557e-001
 4.6125701e-001
 4.6141624e-001
 4.6155819e-001
 4.6168795e-001
 4.6181038e-001
 4.6193045e-001
 4.6205294e-001
 4.6218210e-001
 4.6232197e-001
 4.6247664e-001
 4.6265021e-001
 4.6284676e-001
 4.6307036e-001
 4.6332517e-001
 4.6361515e-001
 4.6394458e-001
 4.6431592e-001
 4.6472740e-001
 4.6517590e-001
 4.6565855e-001
 4.6617231e-001
 4.6671429e-001
 4.6728146e-001
 4.6787092e-001
 4.6847960e-001
 4.6910205e-001
 4.6972454e-001
 4.7033131e-001
 4.7090688e-001
 4.7143546e-001
 4.7190171e-001
 4.7228980e-001
 4.7258428e-001
 4.7277814e-001
 4.7289297e-001
 4.7295627e-001
 4.7299552e-001
 4.7303814e-001
 4.7311163e-001
 4.7324350e-001
 4.7346112e-001
 4.7378087e-001
 4.7418228e-001
 4.7463772e-001
 4.7511932e-001
 4.7559938e-001
 4.7605008e-001
 4.7644377e-001
 4.7675255e-001
 4.7696131e-001
 4.7709510e-001
 4.7718742e-001
 4.7726828e-001
 4.7738919e-001
 4.7757423e-001
 4.7784215e-001
 4.7819057e-001
 4.7859669e-001
 4.7902399e-001
 4.7942963e-001
 4.7977120e-001
 4.8001778e-001
 4.8016861e-001
 4.8026374e-001
 4.8037258e-001
 4.8057476e-001
 4.8094383e-001
 4.8152497e-001
 4.8230976e-001
 4.8322800e-001
 4.8416314e-001
 4.8497882e-001
 4.8554596e-001
 4.8577541e-001
 4.8565066e-001
 4.8523980e-001
 4.8467612e-001
 4.8412293e-001
 4.8373652e-001
 4.8362833e-001
 4.8383218e-001
 4.8429421e-001
 4.8489136e-001
 4.8546737e-001
 4.8587206e-001
 4.8600063e-001
 4.8582405e-001
 4.8539835e-001
 4.8484784e-001
 4.8433086e-001
 4.8399982e-001
 4.8396185e-001
 4.8522672e-001
 4.8539862e-001
 4.8559296e-001
 4.8578259e-001
 4.8593870e-001
 4.8603609e-001
 4.8605779e-001
 4.8599768e-001
 4.8586184e-001
 4.8566771e-001
 4.8544076e-001
 4.8521027e-001
 4.8500389e-001
 4.8484349e-001
 4.8474273e-001
 4.8470685e-001
 4.8473385e-001
 4.8481616e-001
 4.8494244e-001
 4.8509905e-001
 4.8527148e-001
 4.8544532e-001
 4.8560706e-001
 4.8574477e-001
 4.8584852e-001
 4.8591110e-001
 4.8592874e-001
 4.8590216e-001
 4.8583665e-001
 4.8574203e-001
 4.8563099e-001
 4.8551711e-001
 4.8541266e-001
 4.8532668e-001
 4.8526362e-001
 4.8522267e-001
 4.8519811e-001
 4.8518026e-001
 4.8515722e-001
 4.8511693e-001
 4.8504919e-001
 4.8494732e-001
 4.8480946e-001
 4.8463884e-001
 4.8444384e-001
 4.8423687e-001
 4.8403308e-001
 4.8384851e-001
 4.8369792e-001
 4.8359281e-001
 4.8353943e-001
 4.8353755e-001
 4.8357996e-001
 4.8365286e-001
 4.8373729e-001
 4.8381150e-001
 4.8385373e-001
 4.8384508e-001
 4.8377216e-001
 4.8362869e-001
 4.8341605e-001
 4.8314288e-001
 4.8282364e-001
 4.8247626e-001
 4.8212039e-001
 4.8177502e-001
 4.8145673e-001
 4.8117897e-001
 4.8095080e-001
 4.8077711e-001
 4.8065814e-001
 4.8058990e-001
 4.8056465e-001
 4.8057157e-001
 4.8059806e-001
 4.8063108e-001
 4.8065886e-001
 4.8067248e-001
 4.8066682e-001
 4.8064131e-001
 4.8059949e-001
 4.8054808e-001
 4.8049542e-001
 4.8044953e-001
 4.8041677e-001
 4.8040050e-001
 4.8040095e-001
 4.8041537e-001
 4.8043951e-001
 4.8046893e-001
 4.8050061e-001
 4.8053429e-001
 4.8057288e-001
 4.8062211e-001
 4.8068917e-001
 4.8078084e-001
 4.8090118e-001
 4.8104984e-001
 4.8122090e-001
 4.8140335e-001
 4.8158249e-001
 4.8174283e-001
 4.8187068e-001
 4.8195723e-001
 4.8200017e-001
 4.8200399e-001
 4.8197898e-001
 4.8193911e-001
 4.8189920e-001
 4.8187262e-001
 4.8186946e-001
 4.8189571e-001
 4.8195350e-001
 4.8204193e-001
 4.8215845e-001
 4.8229966e-001
 4.8246220e-001
 4.8264304e-001
 4.8283920e-001
 4.8304781e-001
 4.8326561e-001
 4.8348889e-001
 4.8371357e-001
 4.8393506e-001
 4.8414853e-001
 4.8434868e-001
 4.8452988e-001
 4.8468643e-001
 4.8481277e-001
 4.8490447e-001
 4.8495924e-001
 4.8497811e-001
 4.8496610e-001
 4.8493269e-001
 4.8489106e-001
 4.8485658e-001
 4.8484457e-001
 4.8486805e-001
 4.8493573e-001
 4.8505083e-001
 4.8521134e-001
 4.8541132e-001
 4.8564279e-001
 4.8589829e-001
 4.8617247e-001
 4.8646352e-001
 4.8677251e-001
 4.8710263e-001
 4.8745671e-001
 4.8783538e-001
 4.8823518e-001
 4.8864743e-001
 4.8905894e-001
 4.8945299e-001
 4.8981211e-001
 4.9012125e-001
 4.9037033e-001
 4.9055687e-001
 4.9068668e-001
 4.9077335e-001
 4.9083626e-001
 4.9089715e-001
 4.9097678e-001
 4.9109155e-001
 4.9125135e-001
 4.9145907e-001
 4.9171120e-001
 4.9200001e-001
 4.9231616e-001
 4.9265078e-001
 4.9299747e-001
 4.9335253e-001
 4.9371472e-001
 4.9408409e-001
 4.9446055e-001
 4.9484280e-001
 4.9522761e-001
 4.9560991e-001
 4.9598381e-001
 4.9634328e-001
 4.9668375e-001
 4.9700263e-001
 4.9730003e-001
 4.9757850e-001
 4.9784207e-001
 4.9809548e-001
 4.9834260e-001
 4.9858576e-001
 4.9882546e-001
 4.9906054e-001
 4.9928933e-001
 4.9951124e-001
 4.9972802e-001
 4.9994487e-001
 5.0017053e-001
 5.0041652e-001
 5.0069523e-001
 5.0101769e-001
 5.0139129e-001
 5.0181788e-001
 5.0229287e-001
 5.0280601e-001
 5.0334227e-001
 5.0388479e-001
 5.0441706e-001
 5.0492561e-001
 5.0540215e-001
 5.0584418e-001
 5.0625539e-001
 5.0664437e-001
 5.0702292e-001
 5.0740451e-001
 5.0780153e-001
 5.0822401e-001
 5.0867844e-001
 5.0916696e-001
 5.0968808e-001
 5.1023674e-001
 5.1080543e-001
 5.1138532e-001
 5.1196623e-001
 5.1253814e-001
 5.1309121e-001
 5.1361674e-001
 5.1410836e-001
 5.1456279e-001
 5.1498127e-001
 5.1536971e-001
 5.1573926e-001
 5.1610482e-001
 5.1648295e-001
 5.1688969e-001
 5.1733702e-001
 5.1783079e-001
 5.1836944e-001
 5.1894397e-001
 5.1953959e-001
 5.2013826e-001
 5.2072185e-001
 5.2127540e-001
 5.2178919e-001
 5.2225977e-001
 5.2269012e-001
 5.2308816e-001
 5.2346534e-001
 5.2383381e-001
 5.2420515e-001
 5.2458858e-001
 5.2498996e-001
 5.2541196e-001
 5.2585387e-001
 5.2631259e-001
 5.2678353e-001
 5.2726102e-001
 5.2773958e-001
 5.2821392e-001
 5.2867961e-001
 5.2913350e-001
 5.2957362e-001
 5.3000021e-001
 5.3041536e-001
 5.3082365e-001
 5.3123206e-001
 5.3164899e-001
 5.3208345e-001
 5.3254336e-001
 5.3303385e-001
 5.3355592e-001
 5.3410530e-001
 5.3467321e-001
 5.3524733e-001
 5.3581381e-001
 5.3636026e-001
 5.3687775e-001
 5.3736240e-001
 5.3781617e-001
 5.3824568e-001
 5.3866076e-001
 5.3907204e-001
 5.3948861e-001
 5.3991652e-001
 5.4035777e-001
 5.4081070e-001
 5.4127049e-001
 5.4173112e-001
 5.4218709e-001
 5.4263443e-001
 5.4307228e-001
 5.4350287e-001
 5.4393137e-001
 5.4436529e-001
 5.4481292e-001
 5.4528195e-001
 5.4577827e-001
 5.4630452e-001
 5.4685974e-001
 5.4743916e-001
 5.4803491e-001
 5.4863751e-001
 5.4923731e-001
 5.4982656e-001
 5.5040061e-001
 5.5095869e-001
 5.5150378e-001
 5.5204076e-001
 5.5257493e-001
 5.5310887e-001
 5.5364090e-001
 5.5416423e-001
 5.5466747e-001
 5.5513746e-001
 5.5556184e-001
 5.5593318e-001
 5.5625111e-001
 5.5652344e-001
 5.5676448e-001
 5.5699295e-001
 5.5722731e-001
 5.5748332e-001
 5.5777127e-001
 5.5809653e-001
 5.5846095e-001
 5.5886549e-001
 5.5931270e-001
 5.5980784e-001
 5.6035793e-001
 5.6096959e-001
 5.6164521e-001
 5.6238019e-001
 5.6316149e-001
 5.6396836e-001
 5.6477606e-001
 5.6556004e-001
 5.6630141e-001
 5.6699008e-001
 5.6762606e-001
 5.6821841e-001
 5.6878108e-001
 5.6932813e-001
 5.6986970e-001
 5.7040799e-001
 5.7093728e-001
 5.7144433e-001
 5.7191247e-001
 5.7232529e-001
 5.7267076e-001
 5.7294446e-001
 5.7315087e-001
 5.7330257e-001
 5.7341802e-001
 5.7351786e-001
 5.7362032e-001
 5.7373691e-001
 5.7386869e-001
 5.7400364e-001
 5.7411450e-001
 5.7415831e-001
 5.7407546e-001
 5.7379013e-001
 5.7321066e-001
 5.7223225e-001
 5.7074142e-001
 5.6862545e-001
 5.6578606e-001
 5.6215537e-001
 5.5771726e-001
 5.5252409e-001
 5.4670578e-001
 5.4047519e-001
 5.3411055e-001
 5.2793622e-001
 5.2228612e-001
 5.1746428e-001
 5.1371533e-001
 5.1119614e-001
 5.0996917e-001
 5.1000583e-001
 5.1120389e-001
 5.1341146e-001
 5.1645297e-001
 5.2014810e-001
 5.2432597e-001
 5.2883285e-001
 5.3352916e-001
 5.3829157e-001
 5.4300767e-001
 5.4757798e-001
 5.5192083e-001
 5.5597341e-001
 5.5969721e-001
 5.6308079e-001
 5.6613511e-001
 5.6889212e-001
 5.7139498e-001
 5.7369184e-001
 5.7583028e-001
 5.7785076e-001
 5.7978636e-001
 5.8166122e-001
 5.8349198e-001
 5.8528960e-001
 5.8705938e-001
 5.8880305e-001
 5.9051782e-001
 5.9219724e-001
 5.9383279e-001
 5.9541309e-001
 5.9692717e-001
 5.9836435e-001
 5.9971607e-001
 6.0097688e-001
 6.0214359e-001
 6.0321611e-001
 6.0419619e-001
 6.0508811e-001
 6.0589910e-001
 6.0663909e-001
 6.0732186e-001
 6.0796469e-001
 6.0858685e-001
 6.0920817e-001
 6.0984558e-001
 6.1051065e-001
 6.1120701e-001
 6.1192900e-001
 6.1266291e-001
 6.1338848e-001
 6.1408246e-001
 6.1472291e-001
 6.1529213e-001
 6.1577964e-001
 6.1618274e-001
 6.1650646e-001
 6.1676210e-001
 6.1696482e-001
 6.1713147e-001
 6.1727887e-001
 6.1742187e-001
 6.1757278e-001
 6.1774081e-001
 6.1793214e-001
 6.1815017e-001
 6.1839634e-001
 6.1867106e-001
 6.1897480e-001
 6.1930943e-001
 6.1967921e-001
 6.2009078e-001
 6.2055272e-001
 6.2107372e-001
 6.2166017e-001
 6.2231362e-001
 6.2302786e-001
 6.2378877e-001
 6.2457412e-001
 6.2535691e-001
 6.2610930e-001
 6.2680715e-001
 6.2743479e-001
 6.2798727e-001
 6.2847108e-001
 6.2890244e-001
 6.2930322e-001
 6.2969613e-001
 6.3010043e-001
 6.3052768e-001
 6.3098043e-001
 6.3145190e-001
 6.3192832e-001
 6.3239187e-001
 6.3282460e-001
 6.3321197e-001
 6.3354564e-001
 6.3382518e-001
 6.3405871e-001
 6.3426167e-001
 6.3445514e-001
 6.3466275e-001
 6.3490796e-001
 6.3521075e-001
 6.3558513e-001
 6.3603753e-001
 6.3656628e-001
 6.3716197e-001
 6.3780969e-001
 6.3849103e-001
 6.3918757e-001
 6.3988286e-001
 6.4056468e-001
 6.4122587e-001
 6.4186352e-001
 6.4247757e-001
 6.4306885e-001
 6.4363670e-001
 6.4417803e-001
 6.4468610e-001
 6.4515162e-001
 6.4556426e-001
 6.4591414e-001
 6.4619422e-001
 6.4640129e-001
 6.4653695e-001
 6.4660746e-001
 6.4662308e-001
 6.4659727e-001
 6.4654577e-001
 6.4648563e-001
 6.4643461e-001
 6.4641070e-001
 6.4643139e-001
 6.4651281e-001
 6.4666897e-001
 6.4691079e-001
 6.4724451e-001
 6.4767140e-001
 6.4818704e-001
 6.4878076e-001
 6.4943665e-001
 6.5013456e-001
 6.5085202e-001
 6.5156728e-001
 6.5226120e-001
 6.5291899e-001
 6.5353066e-001
 6.5409094e-001
 6.5459967e-001
 6.5506166e-001
 6.5548599e-001
 6.5588486e-001
 6.5627193e-001
 6.5666056e-001
 6.5706176e-001
 6.5748334e-001
 6.5792888e-001
 6.5839738e-001
 6.5888363e-001
 6.5937847e-001
 6.5986997e-001
 6.6034418e-001
 6.6078621e-001
 6.6118175e-001
 6.6151810e-001
 6.6178620e-001
 6.6198266e-001
 6.6211098e-001
 6.6218251e-001
 6.6221577e-001
 6.6223466e-001
 6.6226560e-001
 6.6233325e-001
 6.6245639e-001
 6.6264486e-001
 6.6289735e-001
 6.6320270e-001
 6.6354287e-001
 6.6389763e-001
 6.6424912e-001
 6.6458571e-001
 6.6490394e-001
 6.6520941e-001
 6.6551632e-001
 6.6584456e-001
 6.6621512e-001
 6.6664487e-001
 6.6713989e-001
 6.6769171e-001
 6.6827619e-001
 6.6885543e-001
 6.6938472e-001
 6.6982025e-001
 6.7012894e-001
 6.7029601e-001
 6.7032784e-001
 6.7025024e-001
 6.7010325e-001
 6.6993409e-001
 6.6979057e-001
 6.6971451e-001
 6.6973859e-001
 6.6988349e-001
 6.7015707e-001
 6.7055500e-001
 6.7106223e-001
 6.7165613e-001
 6.7230874e-001
 6.7298990e-001
 6.7367041e-001
 6.7432386e-001
 6.7492902e-001
 6.7547166e-001
 6.7594498e-001
 6.7635071e-001
 6.7669827e-001
 6.7700309e-001
 6.7728513e-001
 6.7756504e-001
 6.7786151e-001
 6.7818809e-001
 6.7855096e-001
 6.7894804e-001
 6.7936921e-001
 6.7979860e-001
 6.8021721e-001
 6.8060684e-001
 6.8095356e-001
 6.8125027e-001
 6.8149847e-001
 6.8170786e-001
 6.8189460e-001
 6.8207836e-001
 6.8227834e-001
 6.8250984e-001
 6.8278104e-001
 6.8309188e-001
 6.8343377e-001
 6.8379200e-001
 6.8414861e-001
 6.8448657e-001
 6.8479365e-001
 6.8506533e-001
 6.8530619e-001
 6.8552953e-001
 6.8575478e-001
 6.8600351e-001
 6.8629491e-001
 6.8664104e-001
 6.8704349e-001
 6.8749160e-001
 6.8796325e-001
 6.8842810e-001
 6.8885189e-001
 6.8920237e-001
 6.8945539e-001
 6.8959856e-001
 6.8963456e-001
 6.8958038e-001
 6.8946511e-001
 6.8932503e-001
 6.8919814e-001
 6.8911773e-001
 6.8910801e-001
 6.8918037e-001
 6.8933332e-001
 6.8955350e-001
 6.8981957e-001
 6.9010693e-001
 6.9039214e-001
 6.9065738e-001
 6.9089311e-001
 6.9109905e-001
 6.9128340e-001
 6.9146049e-001
 6.9164771e-001
 6.9186151e-001
 6.9211441e-001
 6.9241250e-001
 6.9275486e-001
 6.9313461e-001
 6.9354016e-001
 6.9395775e-001
 6.9437379e-001
 6.9477624e-001
 6.9515628e-001
 6.9550842e-001
 6.9583106e-001
 6.9612592e-001
 6.9639689e-001
 6.9664872e-001
 6.9688535e-001
 6.9710863e-001
 6.9731760e-001
 6.9750839e-001
 6.9767487e-001
 6.9781029e-001
 6.9790888e-001
 6.9796789e-001
 6.9798893e-001
 6.9797868e-001
 6.9794858e-001
 6.9791341e-001
 6.9788969e-001
 6.9789380e-001
 6.9793993e-001
 6.9803870e-001
 6.9819635e-001
 6.9841450e-001
 6.9868988e-001
 6.9901502e-001
 6.9937950e-001
 6.9977057e-001
 7.0017469e-001
 7.0057869e-001
 7.0097029e-001
 7.0133913e-001
 7.0167655e-001
 7.0197606e-001
 7.0223325e-001
 7.0244557e-001
 7.0261234e-001
 7.0273471e-001
 7.0281547e-001
 7.0285934e-001
 7.0287246e-001
 7.0286274e-001
 7.0283961e-001
 7.0281398e-001
 7.0279825e-001
 7.0280600e-001
 7.0285201e-001
 7.0295137e-001
 7.0311868e-001
 7.0336711e-001
 7.0370638e-001
 7.0414102e-001
 7.0466888e-001
 7.0527917e-001
 7.0595223e-001
 7.0665956e-001
 7.0736527e-001
 7.0802969e-001
 7.0861220e-001
 7.0907652e-001
 7.0939451e-001
 7.0955044e-001
 7.0954305e-001
 7.0938653e-001
 7.0910889e-001
 7.0874941e-001
 7.0835370e-001
 7.0796871e-001
 7.0763767e-001
 7.0739526e-001
 7.0726466e-001
 7.0725626e-001
 7.0736754e-001
 7.0758510e-001
 7.0788777e-001
 7.0824987e-001
 7.0864487e-001
 7.0904875e-001
 7.0944184e-001
 7.0981020e-001
 7.1014619e-001
 7.1044749e-001
 7.1071601e-001
 7.1095639e-001
 7.1117455e-001
 7.1137631e-001
 7.1156627e-001
 7.1174783e-001
 7.1192265e-001
 7.1209151e-001
 7.1225500e-001
 7.1241421e-001
 7.1257198e-001
 7.1273345e-001
 7.1290648e-001
 7.1310145e-001
 7.1333045e-001
 7.1360600e-001
 7.1393871e-001
 7.1433544e-001
 7.1479684e-001
 7.1531558e-001
 7.1587521e-001
 7.1645075e-001
 7.1701002e-001
 7.1751690e-001
 7.1793520e-001
 7.1823335e-001
 7.1838903e-001
 7.1839297e-001
 7.1825117e-001
 7.1798563e-001
 7.1763313e-001
 7.1724147e-001
 7.1686471e-001
 7.1655583e-001
 7.1636081e-001
 7.1631223e-001
 7.1642500e-001
 7.1669471e-001
 7.1710074e-001
 7.1761018e-001
 7.1818280e-001
 7.1877646e-001
 7.1935147e-001
 7.1987420e-001
 7.2031891e-001
 7.2066849e-001
 7.2091615e-001
 7.2106540e-001
 7.2112954e-001
 7.2112918e-001
 7.2108978e-001
 7.2103804e-001
 7.2099841e-001
 7.2099054e-001
 7.2102726e-001
 7.2111458e-001
 7.2119850e-001
 7.2139257e-001
 7.2162551e-001
 7.2188753e-001
 7.2216845e-001
 7.2245842e-001
 7.2274792e-001
 7.2302771e-001
 7.2328913e-001
 7.2352380e-001
 7.2372359e-001
 7.2388083e-001
 7.2398895e-001
 7.2404331e-001
 7.2404218e-001
 7.2398764e-001
 7.2388572e-001
 7.2374606e-001
 7.2358108e-001
 7.2340482e-001
 7.2323227e-001
 7.2307831e-001
 7.2295696e-001
 7.2288048e-001
 7.2285771e-001
 7.2289294e-001
 7.2298509e-001
 7.2312862e-001
 7.2331452e-001
 7.2353166e-001
 7.2376806e-001
 7.2401166e-001
 7.2425085e-001
 7.2447550e-001
 7.2467774e-001
 7.2485262e-001
 7.2499871e-001
 7.2511762e-001
 7.2521317e-001
 7.2529054e-001
 7.2535551e-001
 7.2541410e-001
 7.2547209e-001
 7.2553450e-001
 7.2560561e-001
 7.2568810e-001
 7.2578323e-001
 7.2589082e-001
 7.2600961e-001
 7.2613788e-001
 7.2627336e-001
 7.2641379e-001
 7.2655672e-001
 7.2669941e-001
 7.2683871e-001
 7.2697091e-001
 7.2709173e-001
 7.2719646e-001
 7.2727972e-001
 7.2733611e-001
 7.2736019e-001
 7.2734678e-001
 7.2729129e-001
 7.2719079e-001
 7.2704482e-001
 7.2685635e-001
 7.2663218e-001
 7.2638237e-001
 7.2611976e-001
 7.2585839e-001
 7.2561318e-001
 7.2539884e-001
 7.2522926e-001
 7.2511691e-001
 7.2507095e-001
 7.2509688e-001
 7.2519565e-001
 7.2536427e-001
 7.2559690e-001
 7.2588581e-001
 7.2622257e-001
 7.2659808e-001
 7.2700310e-001
 7.2742778e-001
 7.2786170e-001
 7.2829330e-001
 7.2871000e-001
 7.2909826e-001
 7.2944379e-001
 7.2973186e-001
 7.2994781e-001
 7.3007751e-001
 7.3010814e-001
 7.3002994e-001
 7.2983813e-001
 7.2953457e-001
 7.2912878e-001
 7.2863668e-001
 7.2807950e-001
 7.2748125e-001
 7.2686708e-001
 7.2626269e-001
 7.2569221e-001
 7.2517759e-001
 7.2473669e-001
 7.2438139e-001
 7.2411764e-001
 7.2394550e-001
 7.2386086e-001
 7.2385716e-001
 7.2392666e-001
 7.2406089e-001
 7.2425151e-001
 7.2448993e-001
 7.2476757e-001
 7.2507596e-001
 7.2540647e-001
 7.2575051e-001
 7.2609949e-001
 7.2644490e-001
 7.2677827e-001
 7.2709137e-001
 7.2737670e-001
 7.2762823e-001
 7.2784221e-001
 7.2801828e-001
 7.2815955e-001
 7.2827232e-001
 7.2836530e-001
 7.2844857e-001
 7.2853291e-001
 7.2862870e-001
 7.2874564e-001
 7.2889102e-001
 7.2906882e-001
 7.2927803e-001
 7.2951227e-001
 7.2976035e-001
 7.3000753e-001
 7.3023701e-001
 7.3043090e-001
 7.3057187e-001
 7.3064381e-001
 7.3063385e-001
 7.3053455e-001
 7.3034555e-001
 7.3007476e-001
 7.2973716e-001
 7.2935313e-001
 7.2894639e-001
 7.2854179e-001
 7.2816437e-001
 7.2783798e-001
 7.2758323e-001
 7.2741604e-001
 7.2734535e-001
 7.2737271e-001
 7.2749281e-001
 7.2769541e-001
 7.2796714e-001
 7.2829330e-001
 7.2865880e-001
 7.2904867e-001
 7.2944844e-001
 7.2984535e-001
 7.3022777e-001
 7.3058647e-001
 7.3091358e-001
 7.3120254e-001
 7.3144776e-001
 7.3164392e-001
 7.3178625e-001
 7.3187095e-001
 7.3189580e-001
 7.3186159e-001
 7.3177302e-001
 7.3163891e-001
 7.3147213e-001
 7.3128837e-001
 7.3110497e-001
 7.3093992e-001
 7.3081106e-001
 7.3073500e-001
 7.3072588e-001
 7.3079318e-001
 7.3094058e-001
 7.3116505e-001
 7.3145765e-001
 7.3180485e-001
 7.3219067e-001
 7.3259789e-001
 7.3300892e-001
 7.3340696e-001
 7.3377639e-001
 7.3410439e-001
 7.3438126e-001
 7.3460108e-001
 7.3476136e-001
 7.3486209e-001
 7.3490471e-001
 7.3489147e-001
 7.3482496e-001
 7.3470825e-001
 7.3454469e-001
 7.3433864e-001
 7.3409551e-001
 7.3382193e-001
 7.3352551e-001
 7.3321474e-001
 7.3289871e-001
 7.3258656e-001
 7.3228717e-001
 7.3200935e-001
 7.3176056e-001
 7.3154676e-001
 7.3137164e-001
 7.3123634e-001
 7.3113972e-001
 7.3107910e-001
 7.3105073e-001
 7.3105031e-001
 7.3107350e-001
 7.3111600e-001
 7.3117381e-001
 7.3124331e-001
 7.3132163e-001
 7.3140645e-001
 7.3149627e-001
 7.3158985e-001
 7.3168647e-001
 7.3178536e-001
 7.3188573e-001
 7.3198646e-001
 7.3208618e-001
 7.3218238e-001
 7.3227149e-001
 7.3234874e-001
 7.3240811e-001
 7.3244268e-001
 7.3244506e-001
 7.3240799e-001
 7.3232418e-001
 7.3218781e-001
 7.3199511e-001
 7.3174626e-001
 7.3144662e-001
 7.3110741e-001
 7.3074490e-001
 7.3037940e-001
 7.3003322e-001
 7.2972953e-001
 7.2949076e-001
 7.2933632e-001
 7.2927952e-001
 7.2932351e-001
 7.2945726e-001
 7.2965443e-001
 7.2987479e-001
 7.3006761e-001
 7.3017639e-001
 7.3014230e-001
 7.2990763e-001
 7.2942013e-001
 7.2863942e-001
 7.2754461e-001
 7.2614259e-001
 7.2446924e-001
 7.2258711e-001
 7.2057998e-001
 7.1854180e-001
 7.1657151e-001
 7.1476853e-001
 7.1322381e-001
 7.1201301e-001
 7.1118480e-001
 7.1075255e-001
 7.1068883e-001
 7.1093047e-001
 7.1138757e-001
 7.1195447e-001
 7.1251899e-001
 7.1296847e-001
 7.1319801e-001
 7.1311873e-001
 7.1266967e-001
 7.1182716e-001
 7.1060920e-001
 7.0907086e-001
 7.0729595e-001
 7.0538378e-001
 7.0344079e-001
 7.0157546e-001
 6.9988984e-001
 6.9847327e-001
 6.9739485e-001
 6.9669354e-001
 6.9637638e-001
 6.9642144e-001
 6.9678533e-001
 6.9741178e-001
 6.9823873e-001
 6.9920194e-001
 7.0023936e-001
 7.0129371e-001
 7.0231521e-001
 7.0326585e-001
 7.0411986e-001
 7.0486218e-001
 7.0548636e-001
 7.0599091e-001
 7.0637691e-001
 7.0664650e-001
 7.0680380e-001
 7.0685488e-001
 7.0680988e-001
 7.0668393e-001
 7.0649791e-001
 7.0627779e-001
 7.0605338e-001
 7.0585656e-001
 7.0572007e-001
 7.0567596e-001
 7.0575351e-001
 7.0597649e-001
 7.0635885e-001
 7.0690185e-001
 7.0759249e-001
 7.0840448e-001
 7.0930231e-001
 7.1024507e-001
 7.1118867e-001
 7.1208972e-001
 7.1290737e-001
 7.1360683e-001
 7.1416306e-001
 7.1456522e-001
 7.1481764e-001
 7.1493828e-001
 7.1495539e-001
 7.1490324e-001
 7.1481872e-001
 7.1473885e-001
 7.1469843e-001
 7.1472704e-001
 7.1484530e-001
 7.1506172e-001
 7.1537173e-001
 7.1575814e-001
 7.1619540e-001
 7.1665245e-001
 7.1709585e-001
 7.1749240e-001
 7.1781147e-001
 7.1802759e-001
 7.1812505e-001
 7.1810079e-001
 7.1796590e-001
 7.1774423e-001
 7.1746904e-001
 7.1717906e-001
 7.1691561e-001
 7.1671945e-001
 7.1662849e-001
 7.1667397e-001
 7.1687543e-001
 7.1723717e-001
 7.1774638e-001
 7.1837437e-001
 7.1908140e-001
 7.1982104e-001
 7.2054344e-001
 7.2119939e-001
 7.2174257e-001
 7.2213346e-001
 7.2234482e-001
 7.2236538e-001
 7.2220182e-001
 7.2187704e-001
 7.2142577e-001
 7.2088981e-001
 7.2031426e-001
 7.1974438e-001
 7.1922272e-001
 7.1878642e-001
 7.1846247e-001
 7.1826440e-001
 7.1819103e-001
 7.1822757e-001
 7.1834946e-001
 7.1852624e-001
 7.1872461e-001
 7.1891087e-001
 7.1905285e-001
 7.1912140e-001
 7.1909356e-001
 7.1895421e-001
 7.1869701e-001
 7.1832353e-001
 7.1784133e-001
 7.1726120e-001
 7.1659613e-001
 7.1585953e-001
 7.1506506e-001
 7.1422714e-001
 7.1336007e-001
 7.1247864e-001
 7.1159887e-001
 7.1073651e-001
 7.0990777e-001
 7.0912969e-001
 7.0841825e-001
 7.0778888e-001
 7.0725453e-001
 7.0682335e-001
 7.0649505e-001
 7.0625812e-001
 7.0608896e-001
 7.0595247e-001
 7.0580548e-001
 7.0560002e-001
 7.0528609e-001
 7.0481378e-001
 7.0413613e-001
 7.0321286e-001
 7.0201391e-001
 7.0052350e-001
 6.9874293e-001
 6.9668704e-001
 6.9438112e-001
 6.9185853e-001
 6.8915409e-001
 6.8630397e-001
 6.8334717e-001
 6.8032104e-001
 6.7726469e-001
 6.7421776e-001
 6.7122340e-001
 6.6832364e-001
 6.6556174e-001
 6.6298306e-001
 6.6063094e-001
 6.5854764e-001
 6.5677303e-001
 6.5533847e-001
 6.5426326e-001
 6.5355033e-001
 6.5318447e-001
 6.5313357e-001
 6.5335351e-001
 6.5379256e-001
 6.5439588e-001
 6.5510786e-001
 6.5587336e-001
 6.5664065e-001
 6.5736300e-001
 6.5799999e-001
 6.5851915e-001
 6.5889478e-001
 6.5910619e-001
 6.5913558e-001
 6.5896726e-001
 6.5858716e-001
 6.5798432e-001
 6.5715343e-001
 6.5609848e-001
 6.5483707e-001
 6.5340048e-001
 6.5183300e-001
 6.5018797e-001
 6.4852536e-001
 6.4690584e-001
 6.4538825e-001
 6.4402515e-001
 6.4285272e-001
 6.4188159e-001
 6.4108825e-001
 6.4040983e-001
 6.3974887e-001
 6.3898253e-001
 6.3797277e-001
 6.3657534e-001
 6.3464719e-001
 6.3205731e-001
 6.2869680e-001
 6.2449509e-001
 6.1943805e-001
 6.1356753e-001
 6.0697788e-001
 5.9980744e-001
 5.9221309e-001
 5.8436376e-001
 5.7642740e-001
 5.6857008e-001
 5.6093407e-001
 5.5363107e-001
 5.4673606e-001
 5.4027265e-001
 5.3422296e-001
 5.2854258e-001
 5.2316427e-001
 5.1801264e-001
 5.1301408e-001
 5.0809443e-001
 5.0318938e-001
 4.9824846e-001
 4.9324501e-001
 4.8817113e-001
 4.8303920e-001
 4.7788018e-001
 4.7273049e-001
 4.6763086e-001
 4.6262777e-001
 4.5776507e-001
 4.5308903e-001
 4.4864652e-001
 4.4448990e-001
 4.4067073e-001
 4.3724331e-001
 4.3426582e-001
 4.3179479e-001
 4.2988682e-001
 4.2859733e-001
 4.2797381e-001
 4.2805070e-001
 4.2884043e-001
 4.3032429e-001
 4.3245047e-001
 4.3513748e-001
 4.3827936e-001
 4.4175875e-001
 4.4545305e-001
 4.4923720e-001
 4.5299560e-001
 4.5662788e-001
 4.6005678e-001
 4.6324265e-001
 4.6618360e-001
 4.6891338e-001
 4.7148934e-001
 4.7398591e-001
 4.7648400e-001
 4.7906274e-001
 4.8179635e-001
 4.8474407e-001
 4.8793766e-001
 4.9137652e-001
 4.9502137e-001
 4.9879900e-001
 5.0260752e-001
 5.0633228e-001
 5.0985116e-001
 5.1303881e-001
 5.1577729e-001
 5.1796043e-001
 5.1950210e-001
 5.2034676e-001
 5.2047181e-001
 5.1988381e-001
 5.1860994e-001
 5.1668900e-001
 5.1416522e-001
 5.1108760e-001
 5.0750643e-001
 5.0347573e-001
 4.9905980e-001
 4.9432921e-001
 4.8936483e-001
 4.8426080e-001
 4.7911504e-001
 4.7403088e-001
 4.6911180e-001
 4.6446389e-001
 4.6018788e-001
 4.5638195e-001
 4.5314375e-001
 4.5063534e-001
 4.4929790e-001
 4.4826832e-001
 4.4789568e-001
 4.4812787e-001
 4.4891319e-001
 4.5020023e-001
 4.5193657e-001
 4.5407072e-001
 4.5655090e-001
 4.5932534e-001
 4.6234432e-001
 4.6556762e-001
 4.6896359e-001
 4.7250003e-001
 4.7614551e-001
 4.7986609e-001
 4.8363024e-001
 4.8740578e-001
 4.9116135e-001
 4.9486291e-001
 4.9847907e-001
 5.0197750e-001
 5.0532681e-001
 5.0849313e-001
 5.1144761e-001
 5.1418382e-001
 5.1670814e-001
 5.1902735e-001
 5.2114677e-001
 5.2307343e-001
 5.2481353e-001
 5.2637386e-001
 5.2776021e-001
 5.2897900e-001
 5.3003681e-001
 5.3094029e-001
 5.3169519e-001
 5.3230816e-001
 5.3278559e-001
 5.3313392e-001
 5.3335941e-001
 5.3346837e-001
 5.3346759e-001
 5.3336585e-001
 5.3317291e-001
 5.3289920e-001
 5.3255433e-001
 5.3214854e-001
 5.3169173e-001
 5.3119403e-001
 5.3066528e-001
 5.3011572e-001
 5.2955508e-001
 5.2899337e-001
 5.2844083e-001
 5.2790743e-001
 5.2740300e-001
 5.2693766e-001
 5.2652144e-001
 5.2616429e-001
 5.2587622e-001
 5.2566725e-001
 5.2554739e-001
 5.2552658e-001
 5.2561378e-001
 5.2580792e-001
 5.2610272e-001
 5.2649218e-001
 5.2697003e-001
 5.2753013e-001
 5.2816641e-001
 5.2887255e-001
 5.2964240e-001
 5.3046978e-001
 5.3134882e-001
 5.3227288e-001
 5.3323609e-001
 5.3423208e-001
 5.3525513e-001
 5.3629839e-001
 5.3735620e-001
 5.3842223e-001
 5.3949028e-001
 5.4055440e-001
 5.4160810e-001
 5.4264534e-001
 5.4365993e-001
 5.4464602e-001
 5.4559690e-001
 5.4650664e-001
 5.4736978e-001
 5.4818583e-001
 5.4895627e-001
 5.4968345e-001
 5.5036902e-001
 5.5101508e-001
 5.5162358e-001
 5.5219620e-001
 5.5273509e-001
 5.5324191e-001
 5.5371904e-001
 5.5416793e-001
 5.5459076e-001
 5.5498928e-001
 5.5536568e-001
 5.5572152e-001
 5.5605906e-001
 5.5638003e-001
 5.5668640e-001
 5.5698007e-001
 5.5726302e-001
 5.5753708e-001
 5.5780423e-001
 5.5806649e-001
 5.5832553e-001
 5.5858338e-001
 5.5884212e-001
 5.5910349e-001
 5.5936950e-001
 5.5964196e-001
 5.5992264e-001
 5.6021100e-001
 5.6050545e-001
 5.6080443e-001
