s07_ASD Record=1445: Antigorite NMNH17958          BECKb AREF
 2.6047161e-001
 2.6233372e-001
 2.6429388e-001
 2.6635462e-001
 2.6850581e-001
 2.7072138e-001
 2.7296317e-001
 2.7518657e-001
 2.7734745e-001
 2.7940837e-001
 2.8134298e-001
 2.8313705e-001
 2.8478736e-001
 2.8630090e-001
 2.8769645e-001
 2.8900203e-001
 2.9024637e-001
 2.9145029e-001
 2.9262203e-001
 2.9375744e-001
 2.9484323e-001
 2.9586250e-001
 2.9680040e-001
 2.9764608e-001
 2.9839247e-001
 2.9903534e-001
 2.9957581e-001
 3.0002359e-001
 3.0039796e-001
 3.0072525e-001
 3.0103692e-001
 3.0136606e-001
 3.0174538e-001
 3.0221009e-001
 3.0279601e-001
 3.0352888e-001
 3.0441988e-001
 3.0546656e-001
 3.0665299e-001
 3.0795071e-001
 3.0932164e-001
 3.1072032e-001
 3.1209648e-001
 3.1340003e-001
 3.1458813e-001
 3.1563351e-001
 3.1652960e-001
 3.1728977e-001
 3.1794038e-001
 3.1851172e-001
 3.1903091e-001
 3.1951967e-001
 3.1999549e-001
 3.2047382e-001
 3.2097027e-001
 3.2150349e-001
 3.2209864e-001
 3.2278353e-001
 3.2358435e-001
 3.2453892e-001
 3.2564574e-001
 3.2682329e-001
 3.2801944e-001
 3.2918745e-001
 3.3026150e-001
 3.3122113e-001
 3.3210838e-001
 3.3298650e-001
 3.3391824e-001
 3.3495021e-001
 3.3609524e-001
 3.3732778e-001
 3.3859876e-001
 3.3985639e-001
 3.4106201e-001
 3.4219730e-001
 3.4326184e-001
 3.4426594e-001
 3.4522375e-001
 3.4615079e-001
 3.4706637e-001
 3.4799591e-001
 3.4896928e-001
 3.5001230e-001
 3.5113460e-001
 3.5232052e-001
 3.5352993e-001
 3.5471019e-001
 3.5581177e-001
 3.5679945e-001
 3.5765344e-001
 3.5836607e-001
 3.5894042e-001
 3.5939527e-001
 3.5977018e-001
 3.6012366e-001
 3.6051971e-001
 3.6100790e-001
 3.6161035e-001
 3.6232525e-001
 3.6313909e-001
 3.6403617e-001
 3.6500159e-001
 3.6602017e-001
 3.6707503e-001
 3.6814901e-001
 3.6922985e-001
 3.7031558e-001
 3.7141669e-001
 3.7255034e-001
 3.7372831e-001
 3.7494680e-001
 3.7618992e-001
 3.7744340e-001
 3.7870947e-001
 3.8001141e-001
 3.8138726e-001
 3.8287535e-001
 3.8449499e-001
 3.8623422e-001
 3.8805324e-001
 3.8990384e-001
 3.9174846e-001
 3.9356634e-001
 3.9534929e-001
 3.9709404e-001
 3.9879802e-001
 4.0045625e-001
 4.0206146e-001
 4.0360838e-001
 4.0509912e-001
 4.0653989e-001
 4.0792710e-001
 4.0923965e-001
 4.1045016e-001
 4.1154966e-001
 4.1255805e-001
 4.1350821e-001
 4.1441533e-001
 4.1525924e-001
 4.1599479e-001
 4.1658634e-001
 4.1704381e-001
 4.1743267e-001
 4.1784942e-001
 4.1838372e-001
 4.1909462e-001
 4.2000386e-001
 4.2109367e-001
 4.2231080e-001
 4.2358869e-001
 4.2487782e-001
 4.2615619e-001
 4.2741337e-001
 4.2862961e-001
 4.2977172e-001
 4.3080303e-001
 4.3170106e-001
 4.3247333e-001
 4.3315598e-001
 4.3378600e-001
 4.3436983e-001
 4.3488476e-001
 4.3531483e-001
 4.3568277e-001
 4.3604156e-001
 4.3643191e-001
 4.3684471e-001
 4.3722194e-001
 4.3750009e-001
 4.3766007e-001
 4.3773928e-001
 4.3779263e-001
 4.3784341e-001
 4.3787411e-001
 4.3785900e-001
 4.3779492e-001
 4.3770167e-001
 4.3760416e-001
 4.3752187e-001
 4.3747091e-001
 4.3746740e-001
 4.3752301e-001
 4.3763500e-001
 4.3778181e-001
 4.3793076e-001
 4.3805447e-001
 4.3814188e-001
 4.3819544e-001
 4.3822077e-001
 4.3822348e-001
 4.3821731e-001
 4.3823078e-001
 4.3829605e-001
 4.3842155e-001
 4.3857065e-001
 4.3867430e-001
 4.3867761e-001
 4.3858412e-001
 4.3845272e-001
 4.3834397e-001
 4.3827206e-001
 4.3821499e-001
 4.3815789e-001
 4.3810368e-001
 4.3804297e-001
 4.3794188e-001
 4.3778282e-001
 4.3761289e-001
 4.3752229e-001
 4.3754774e-001
 4.3760887e-001
 4.3757001e-001
 4.3736014e-001
 4.3700883e-001
 4.3658808e-001
 4.3616465e-001
 4.3579617e-001
 4.3551320e-001
 4.3528157e-001
 4.3501297e-001
 4.3464822e-001
 4.3423343e-001
 4.3388304e-001
 4.3363923e-001
 4.3339348e-001
 4.3299377e-001
 4.3240318e-001
 4.3169501e-001
 4.3093291e-001
 4.3014687e-001
 4.2940116e-001
 4.2877811e-001
 4.2827606e-001
 4.2779273e-001
 4.2723635e-001
 4.2662549e-001
 4.2607248e-001
 4.2567617e-001
 4.2541826e-001
 4.2514706e-001
 4.2467827e-001
 4.2394990e-001
 4.2308512e-001
 4.2227787e-001
 4.2162263e-001
 4.2108554e-001
 4.2060471e-001
 4.2015260e-001
 4.1970199e-001
 4.1919929e-001
 4.1861936e-001
 4.1801652e-001
 4.1745904e-001
 4.1691625e-001
 4.1629589e-001
 4.1559294e-001
 4.1488573e-001
 4.1421080e-001
 4.1355357e-001
 4.1292533e-001
 4.1234156e-001
 4.1174382e-001
 4.1103786e-001
 4.1021416e-001
 4.0937218e-001
 4.0863213e-001
 4.0803790e-001
 4.0750784e-001
 4.0691045e-001
 4.0622306e-001
 4.0552485e-001
 4.0484399e-001
 4.0415388e-001
 4.0345988e-001
 4.0275654e-001
 4.0199187e-001
 4.0114102e-001
 4.0024406e-001
 3.9938992e-001
 3.9868692e-001
 3.9816934e-001
 3.9773914e-001
 3.9729527e-001
 3.9684328e-001
 3.9638987e-001
 3.9586389e-001
 3.9522007e-001
 3.9452481e-001
 3.9387020e-001
 3.9325652e-001
 3.9260671e-001
 3.9189240e-001
 3.9121318e-001
 3.9068422e-001
 3.9024338e-001
 3.8969675e-001
 3.8899863e-001
 3.8833284e-001
 3.8785815e-001
 3.8752019e-001
 3.8715938e-001
 3.8665703e-001
 3.8593674e-001
 3.8497546e-001
 3.8389727e-001
 3.8295931e-001
 3.8235787e-001
 3.8206631e-001
 3.8187721e-001
 3.8158512e-001
 3.8113976e-001
 3.8063288e-001
 3.8015559e-001
 3.7972102e-001
 3.7931627e-001
 3.7893733e-001
 3.7854534e-001
 3.7806147e-001
 3.7745550e-001
 3.7681881e-001
 3.7628150e-001
 3.7587112e-001
 3.7550405e-001
 3.7509134e-001
 3.7461451e-001
 3.7411258e-001
 3.7361702e-001
 3.7310612e-001
 3.7253153e-001
 3.7189639e-001
 3.7130359e-001
 3.7090576e-001
 3.7078002e-001
 3.7084287e-001
 3.7089708e-001
 3.7077123e-001
 3.7042266e-001
 3.6992967e-001
 3.6941713e-001
 3.6899477e-001
 3.6872900e-001
 3.6862445e-001
 3.6861566e-001
 3.6859137e-001
 3.6844683e-001
 3.6812758e-001
 3.6764801e-001
 3.6710063e-001
 3.6664656e-001
 3.6644307e-001
 3.6651495e-001
 3.6667958e-001
 3.6665496e-001
 3.6635670e-001
 3.6593506e-001
 3.6559972e-001
 3.6549550e-001
 3.6561272e-001
 3.6577940e-001
 3.6578989e-001
 3.6563909e-001
 3.6554334e-001
 3.6556447e-001
 3.6544535e-001
 3.6510316e-001
 3.6493474e-001
 3.6521944e-001
 3.6560720e-001
 3.6562729e-001
 3.6532894e-001
 3.6509076e-001
 3.6514518e-001
 3.6551291e-001
 3.6612698e-001
 3.6681396e-001
 3.6730120e-001
 3.6743638e-001
 3.6733869e-001
 3.6722404e-001
 3.6718509e-001
 3.6721867e-001
 3.6733603e-001
 3.6754945e-001
 3.6782554e-001
 3.6812365e-001
 3.6843866e-001
 3.6876294e-001
 3.6906236e-001
 3.6934653e-001
 3.6970580e-001
 3.7020567e-001
 3.7078175e-001
 3.7129152e-001
 3.7165070e-001
 3.7193364e-001
 3.7229365e-001
 3.7275091e-001
 3.7313637e-001
 3.7318745e-001
 3.7300184e-001
 3.7314618e-001
 3.7388498e-001
 3.7487322e-001
 3.7569186e-001
 3.7617916e-001
 3.7639886e-001
 3.7650454e-001
 3.7669581e-001
 3.7719643e-001
 3.7814802e-001
 3.7943500e-001
 3.8070184e-001
 3.8161021e-001
 3.8210508e-001
 3.8241458e-001
 3.8281512e-001
 3.8344431e-001
 3.8428912e-001
 3.8527164e-001
 3.8627890e-001
 3.8717532e-001
 3.8786796e-001
 3.8840979e-001
 3.8897571e-001
 3.8971776e-001
 3.9066613e-001
 3.9171436e-001
 3.9268187e-001
 3.9333114e-001
 3.9394861e-001
 3.9447296e-001
 3.9496452e-001
 3.9544803e-001
 3.9593363e-001
 3.9643157e-001
 3.9695233e-001
 3.9750934e-001
 3.9811707e-001
 3.9879003e-001
 3.9953408e-001
 4.0029860e-001
 4.0101016e-001
 4.0159538e-001
 4.0199712e-001
 4.0226847e-001
 4.0250674e-001
 4.0280959e-001
 4.0325874e-001
 4.0383103e-001
 4.0456656e-001
 4.0517977e-001
 4.0570855e-001
 4.0612537e-001
 4.0643939e-001
 4.0666151e-001
 4.0680256e-001
 4.0687385e-001
 4.0689594e-001
 4.0689835e-001
 4.0691125e-001
 4.0696463e-001
 4.0708739e-001
 4.0728271e-001
 4.0752837e-001
 4.0780097e-001
 4.0807727e-001
 4.0833390e-001
 4.0854827e-001
 4.0869850e-001
 4.0876245e-001
 4.0871838e-001
 4.0854424e-001
 4.0822965e-001
 4.0780926e-001
 4.0732849e-001
 4.0683281e-001
 4.0636763e-001
 4.0597859e-001
 4.0569896e-001
 4.0551636e-001
 4.0540704e-001
 4.0534747e-001
 4.0531391e-001
 4.0528283e-001
 4.0523052e-001
 4.0513799e-001
 4.0500385e-001
 4.0483066e-001
 4.0462124e-001
 4.0437829e-001
 4.0410459e-001
 4.0380275e-001
 4.0347558e-001
 4.0312642e-001
 4.0276146e-001
 4.0238738e-001
 4.0201098e-001
 4.0163895e-001
 4.0127811e-001
 4.0093508e-001
 4.0061668e-001
 4.0032625e-001
 4.0005457e-001
 3.9978948e-001
 3.9951882e-001
 3.9923051e-001
 3.9891216e-001
 3.9855191e-001
 3.9813739e-001
 3.9766118e-001
 3.9713290e-001
 3.9656627e-001
 3.9597484e-001
 3.9537218e-001
 3.9477202e-001
 3.9418790e-001
 3.9363351e-001
 3.9312246e-001
 3.9266843e-001
 3.9228487e-001
 3.9198563e-001
 3.9177924e-001
 3.9165658e-001
 3.9160451e-001
 3.9160967e-001
 3.9165902e-001
 3.9173925e-001
 3.9183715e-001
 3.9193955e-001
 3.9203319e-001
 3.9210486e-001
 3.9214143e-001
 3.9212957e-001
 3.9206031e-001
 3.9193931e-001
 3.9177555e-001
 3.9157808e-001
 3.9135584e-001
 3.9111790e-001
 3.9087322e-001
 3.9063081e-001
 3.9039969e-001
 3.9018887e-001
 3.9000726e-001
 3.8986087e-001
 3.8974479e-001
 3.8965183e-001
 3.8957468e-001
 3.8950613e-001
 3.8943896e-001
 3.8936582e-001
 3.8927963e-001
 3.8917300e-001
 3.8903877e-001
 3.8887325e-001
 3.8868508e-001
 3.8848570e-001
 3.8828644e-001
 3.8809872e-001
 3.8793388e-001
 3.8780332e-001
 3.8771838e-001
 3.8769045e-001
 3.8773093e-001
 3.8784695e-001
 3.8803107e-001
 3.8827291e-001
 3.8856193e-001
 3.8888767e-001
 3.8923973e-001
 3.8960755e-001
 3.8998073e-001
 3.9034873e-001
 3.9070120e-001
 3.9102942e-001
 3.9133132e-001
 3.9160609e-001
 3.9185297e-001
 3.9207107e-001
 3.9225963e-001
 3.9241782e-001
 3.9254487e-001
 3.9263996e-001
 3.9270383e-001
 3.9274243e-001
 3.9276269e-001
 3.9277166e-001
 3.9277625e-001
 3.9278352e-001
 3.9280042e-001
 3.9283398e-001
 3.9289060e-001
 3.9297485e-001
 3.9309111e-001
 3.9324352e-001
 3.9343637e-001
 3.9367387e-001
 3.9396027e-001
 3.9429981e-001
 3.9469197e-001
 3.9512056e-001
 3.9556637e-001
 3.9600986e-001
 3.9643192e-001
 3.9681304e-001
 3.9713398e-001
 3.9737540e-001
 3.9752814e-001
 3.9761549e-001
 3.9766756e-001
 3.9771366e-001
 3.9779601e-001
 3.9793825e-001
 3.9816064e-001
 3.9847070e-001
 3.9886433e-001
 3.9932957e-001
 3.9985076e-001
 4.0041038e-001
 4.0098900e-001
 4.0156353e-001
 4.0210706e-001
 4.0259010e-001
 4.0298280e-001
 4.0325817e-001
 4.0339887e-001
 4.0340549e-001
 4.0329921e-001
 4.0311673e-001
 4.0290192e-001
 4.0269834e-001
 4.0254197e-001
 4.0245447e-001
 4.0244094e-001
 4.0249333e-001
 4.0259695e-001
 4.0273562e-001
 4.0289533e-001
 4.0306675e-001
 4.0324587e-001
 4.0343294e-001
 4.0363050e-001
 4.0384135e-001
 4.0406689e-001
 4.0430596e-001
 4.0455443e-001
 4.0480563e-001
 4.0505126e-001
 4.0528148e-001
 4.0548515e-001
 4.0528196e-001
 4.0533394e-001
 4.0534288e-001
 4.0530956e-001
 4.0523869e-001
 4.0513891e-001
 4.0502256e-001
 4.0490463e-001
 4.0480185e-001
 4.0473032e-001
 4.0470347e-001
 4.0472960e-001
 4.0481016e-001
 4.0493920e-001
 4.0510473e-001
 4.0529075e-001
 4.0547988e-001
 4.0565589e-001
 4.0580538e-001
 4.0591922e-001
 4.0599301e-001
 4.0602648e-001
 4.0602276e-001
 4.0598726e-001
 4.0592644e-001
 4.0584680e-001
 4.0575412e-001
 4.0565255e-001
 4.0554416e-001
 4.0542912e-001
 4.0530634e-001
 4.0517473e-001
 4.0503433e-001
 4.0488735e-001
 4.0473846e-001
 4.0459463e-001
 4.0446427e-001
 4.0435594e-001
 4.0427664e-001
 4.0423048e-001
 4.0421754e-001
 4.0423349e-001
 4.0427008e-001
 4.0431610e-001
 4.0435910e-001
 4.0438721e-001
 4.0439075e-001
 4.0436378e-001
 4.0430462e-001
 4.0421566e-001
 4.0410268e-001
 4.0397340e-001
 4.0383589e-001
 4.0369731e-001
 4.0356305e-001
 4.0343630e-001
 4.0331852e-001
 4.0320992e-001
 4.0311021e-001
 4.0301895e-001
 4.0293580e-001
 4.0286002e-001
 4.0279019e-001
 4.0272382e-001
 4.0265748e-001
 4.0258723e-001
 4.0250984e-001
 4.0242365e-001
 4.0232968e-001
 4.0223187e-001
 4.0213662e-001
 4.0205157e-001
 4.0198380e-001
 4.0193814e-001
 4.0191573e-001
 4.0191346e-001
 4.0192434e-001
 4.0193880e-001
 4.0194663e-001
 4.0193918e-001
 4.0191126e-001
 4.0186229e-001
 4.0179682e-001
 4.0172359e-001
 4.0165424e-001
 4.0160105e-001
 4.0157473e-001
 4.0158257e-001
 4.0162712e-001
 4.0170610e-001
 4.0181300e-001
 4.0193883e-001
 4.0207392e-001
 4.0220979e-001
 4.0234044e-001
 4.0246296e-001
 4.0257713e-001
 4.0268466e-001
 4.0278798e-001
 4.0288940e-001
 4.0299049e-001
 4.0309206e-001
 4.0319464e-001
 4.0329894e-001
 4.0340653e-001
 4.0351969e-001
 4.0364140e-001
 4.0377471e-001
 4.0392193e-001
 4.0408432e-001
 4.0426162e-001
 4.0445232e-001
 4.0465397e-001
 4.0486366e-001
 4.0507853e-001
 4.0529582e-001
 4.0551275e-001
 4.0572652e-001
 4.0593365e-001
 4.0613028e-001
 4.0631223e-001
 4.0647557e-001
 4.0661752e-001
 4.0673694e-001
 4.0683505e-001
 4.0691540e-001
 4.0698349e-001
 4.0704611e-001
 4.0711024e-001
 4.0718216e-001
 4.0726653e-001
 4.0736610e-001
 4.0748170e-001
 4.0761247e-001
 4.0775675e-001
 4.0791255e-001
 4.0807846e-001
 4.0825433e-001
 4.0844122e-001
 4.0864176e-001
 4.0885961e-001
 4.0909892e-001
 4.0936357e-001
 4.0965608e-001
 4.0997702e-001
 4.1032448e-001
 4.1069373e-001
 4.1107783e-001
 4.1146827e-001
 4.1185641e-001
 4.1223511e-001
 4.1259980e-001
 4.1294968e-001
 4.1328740e-001
 4.1361833e-001
 4.1394889e-001
 4.1428429e-001
 4.1462657e-001
 4.1497341e-001
 4.1531798e-001
 4.1565052e-001
 4.1596019e-001
 4.1623849e-001
 4.1648126e-001
 4.1669053e-001
 4.1687438e-001
 4.1704550e-001
 4.1721877e-001
 4.1740826e-001
 4.1762456e-001
 4.1787356e-001
 4.1815600e-001
 4.1846836e-001
 4.1880515e-001
 4.1916057e-001
 4.1953078e-001
 4.1991457e-001
 4.2031375e-001
 4.2073244e-001
 4.2117542e-001
 4.2164674e-001
 4.2214802e-001
 4.2267734e-001
 4.2322922e-001
 4.2379457e-001
 4.2436230e-001
 4.2492038e-001
 4.2545766e-001
 4.2596576e-001
 4.2643940e-001
 4.2687738e-001
 4.2728207e-001
 4.2765862e-001
 4.2801392e-001
 4.2835522e-001
 4.2868909e-001
 4.2902097e-001
 4.2935425e-001
 4.2969087e-001
 4.3003106e-001
 4.3037418e-001
 4.3071908e-001
 4.3106437e-001
 4.3140909e-001
 4.3175274e-001
 4.3209532e-001
 4.3243778e-001
 4.3278161e-001
 4.3312925e-001
 4.3348384e-001
 4.3384925e-001
 4.3423006e-001
 4.3463120e-001
 4.3505743e-001
 4.3551314e-001
 4.3600115e-001
 4.3652260e-001
 4.3707594e-001
 4.3765679e-001
 4.3825829e-001
 4.3887118e-001
 4.3948513e-001
 4.4008946e-001
 4.4067451e-001
 4.4123298e-001
 4.4176018e-001
 4.4225478e-001
 4.4271827e-001
 4.4315454e-001
 4.4356892e-001
 4.4396693e-001
 4.4435352e-001
 4.4473237e-001
 4.4510558e-001
 4.4547433e-001
 4.4583920e-001
 4.4620156e-001
 4.4656411e-001
 4.4693139e-001
 4.4730985e-001
 4.4770688e-001
 4.4812942e-001
 4.4858283e-001
 4.4906902e-001
 4.4958603e-001
 4.5012763e-001
 4.5068428e-001
 4.5124468e-001
 4.5179731e-001
 4.5233262e-001
 4.5284426e-001
 4.5332983e-001
 4.5379120e-001
 4.5423335e-001
 4.5466340e-001
 4.5508879e-001
 4.5551586e-001
 4.5594871e-001
 4.5638832e-001
 4.5683295e-001
 4.5727834e-001
 4.5771909e-001
 4.5814967e-001
 4.5856541e-001
 4.5896319e-001
 4.5934159e-001
 4.5970038e-001
 4.6004009e-001
 4.6036121e-001
 4.6066383e-001
 4.6094775e-001
 4.6121278e-001
 4.6145964e-001
 4.6169060e-001
 4.6191025e-001
 4.6212569e-001
 4.6234620e-001
 4.6258247e-001
 4.6284536e-001
 4.6314472e-001
 4.6348828e-001
 4.6388060e-001
 4.6432292e-001
 4.6481287e-001
 4.6534494e-001
 4.6591160e-001
 4.6650362e-001
 4.6711165e-001
 4.6772671e-001
 4.6834117e-001
 4.6894953e-001
 4.6954831e-001
 4.7013623e-001
 4.7071415e-001
 4.7128418e-001
 4.7184944e-001
 4.7241294e-001
 4.7297707e-001
 4.7354326e-001
 4.7411126e-001
 4.7467956e-001
 4.7524521e-001
 4.7580451e-001
 4.7635379e-001
 4.7688958e-001
 4.7740981e-001
 4.7791353e-001
 4.7840163e-001
 4.7887668e-001
 4.7934231e-001
 4.7980317e-001
 4.8026401e-001
 4.8072922e-001
 4.8120254e-001
 4.8168638e-001
 4.8218182e-001
 4.8268890e-001
 4.8320639e-001
 4.8373231e-001
 4.8426399e-001
 4.8479822e-001
 4.8533186e-001
 4.8586151e-001
 4.8638433e-001
 4.8689798e-001
 4.8740119e-001
 4.8789439e-001
 4.8837924e-001
 4.8885909e-001
 4.8933798e-001
 4.8981991e-001
 4.9030811e-001
 4.9080342e-001
 4.9130425e-001
 4.9180588e-001
 4.9230114e-001
 4.9278143e-001
 4.9323758e-001
 4.9366128e-001
 4.9404609e-001
 4.9438736e-001
 4.9468258e-001
 4.9493039e-001
 4.9513003e-001
 4.9528071e-001
 4.9538115e-001
 4.9542975e-001
 4.9542505e-001
 4.9536639e-001
 4.9525476e-001
 4.9509338e-001
 4.9488801e-001
 4.9464732e-001
 4.9438265e-001
 4.9410772e-001
 4.9383846e-001
 4.9359202e-001
 4.9338621e-001
 4.9323806e-001
 4.9316207e-001
 4.9316844e-001
 4.9326089e-001
 4.9343455e-001
 4.9367452e-001
 4.9395493e-001
 4.9423838e-001
 4.9447599e-001
 4.9460801e-001
 4.9456409e-001
 4.9426448e-001
 4.9362189e-001
 4.9254525e-001
 4.9094519e-001
 4.8874384e-001
 4.8588476e-001
 4.8234677e-001
 4.7815478e-001
 4.7338477e-001
 4.6816757e-001
 4.6267608e-001
 4.5711306e-001
 4.5168677e-001
 4.4658494e-001
 4.4195777e-001
 4.3789923e-001
 4.3444690e-001
 4.3158644e-001
 4.2926574e-001
 4.2741594e-001
 4.2596966e-001
 4.2487600e-001
 4.2411047e-001
 4.2367560e-001
 4.2359725e-001
 4.2391557e-001
 4.2467538e-001
 4.2591614e-001
 4.2766562e-001
 4.2993411e-001
 4.3271253e-001
 4.3597355e-001
 4.3967059e-001
 4.4374305e-001
 4.4811645e-001
 4.5270693e-001
 4.5742685e-001
 4.6218514e-001
 4.6689597e-001
 4.7147876e-001
 4.7586355e-001
 4.7999525e-001
 4.8383164e-001
 4.8734793e-001
 4.9053299e-001
 4.9338946e-001
 4.9593237e-001
 4.9818477e-001
 5.0017607e-001
 5.0193995e-001
 5.0351059e-001
 5.0492203e-001
 5.0620568e-001
 5.0738961e-001
 5.0849849e-001
 5.0955254e-001
 5.1056856e-001
 5.1155943e-001
 5.1253486e-001
 5.1350188e-001
 5.1446450e-001
 5.1542473e-001
 5.1638174e-001
 5.1733279e-001
 5.1827377e-001
 5.1919937e-001
 5.2010447e-001
 5.2098429e-001
 5.2183563e-001
 5.2265698e-001
 5.2344823e-001
 5.2420986e-001
 5.2494293e-001
 5.2564734e-001
 5.2632225e-001
 5.2696609e-001
 5.2757758e-001
 5.2815747e-001
 5.2870941e-001
 5.2924120e-001
 5.2976453e-001
 5.3029382e-001
 5.3084463e-001
 5.3143024e-001
 5.3206033e-001
 5.3273839e-001
 5.3346187e-001
 5.3422320e-001
 5.3501093e-001
 5.3581262e-001
 5.3661656e-001
 5.3741336e-001
 5.3819704e-001
 5.3896385e-001
 5.3971195e-001
 5.4044032e-001
 5.4114717e-001
 5.4183006e-001
 5.4248524e-001
 5.4310817e-001
 5.4369473e-001
 5.4424113e-001
 5.4474515e-001
 5.4520607e-001
 5.4562461e-001
 5.4600281e-001
 5.4634333e-001
 5.4664934e-001
 5.4692411e-001
 5.4717147e-001
 5.4739612e-001
 5.4760432e-001
 5.4780442e-001
 5.4800719e-001
 5.4822534e-001
 5.4847264e-001
 5.4876196e-001
 5.4910332e-001
 5.4950160e-001
 5.4995525e-001
 5.5045593e-001
 5.5098861e-001
 5.5153406e-001
 5.5207121e-001
 5.5258024e-001
 5.5304569e-001
 5.5345798e-001
 5.5381489e-001
 5.5412138e-001
 5.5438811e-001
 5.5462992e-001
 5.5486327e-001
 5.5510420e-001
 5.5536658e-001
 5.5566049e-001
 5.5599207e-001
 5.5636322e-001
 5.5677217e-001
 5.5721468e-001
 5.5768460e-001
 5.5817574e-001
 5.5868214e-001
 5.5919886e-001
 5.5972236e-001
 5.6025004e-001
 5.6077981e-001
 5.6130975e-001
 5.6183696e-001
 5.6235778e-001
 5.6286716e-001
 5.6335962e-001
 5.6383008e-001
 5.6427449e-001
 5.6469095e-001
 5.6507975e-001
 5.6544346e-001
 5.6578720e-001
 5.6611770e-001
 5.6644320e-001
 5.6677169e-001
 5.6710958e-001
 5.6746101e-001
 5.6782693e-001
 5.6820548e-001
 5.6859314e-001
 5.6898558e-001
 5.6937915e-001
 5.6977117e-001
 5.7015985e-001
 5.7054371e-001
 5.7092118e-001
 5.7129008e-001
 5.7164758e-001
 5.7199067e-001
 5.7231706e-001
 5.7262570e-001
 5.7291788e-001
 5.7319748e-001
 5.7347077e-001
 5.7374573e-001
 5.7403040e-001
 5.7433152e-001
 5.7465309e-001
 5.7499510e-001
 5.7535404e-001
 5.7572365e-001
 5.7609665e-001
 5.7646620e-001
 5.7682765e-001
 5.7717919e-001
 5.7752228e-001
 5.7786185e-001
 5.7820493e-001
 5.7855952e-001
 5.7893252e-001
 5.7932752e-001
 5.7974303e-001
 5.8017242e-001
 5.8060408e-001
 5.8102351e-001
 5.8141643e-001
 5.8177119e-001
 5.8208215e-001
 5.8235025e-001
 5.8258271e-001
 5.8279115e-001
 5.8298981e-001
 5.8319294e-001
 5.8341306e-001
 5.8365965e-001
 5.8393836e-001
 5.8425063e-001
 5.8459401e-001
 5.8496243e-001
 5.8534759e-001
 5.8573931e-001
 5.8612698e-001
 5.8650076e-001
 5.8685201e-001
 5.8717477e-001
 5.8746618e-001
 5.8772689e-001
 5.8796167e-001
 5.8817852e-001
 5.8838814e-001
 5.8860284e-001
 5.8883452e-001
 5.8909327e-001
 5.8938527e-001
 5.8971196e-001
 5.9006947e-001
 5.9044874e-001
 5.9083694e-001
 5.9121907e-001
 5.9158015e-001
 5.9190774e-001
 5.9219313e-001
 5.9243309e-001
 5.9262967e-001
 5.9278995e-001
 5.9292454e-001
 5.9304607e-001
 5.9316748e-001
 5.9329998e-001
 5.9345222e-001
 5.9362948e-001
 5.9383368e-001
 5.9406346e-001
 5.9431523e-001
 5.9458393e-001
 5.9486377e-001
 5.9514922e-001
 5.9543526e-001
 5.9571809e-001
 5.9599501e-001
 5.9626472e-001
 5.9652716e-001
 5.9678310e-001
 5.9703434e-001
 5.9728295e-001
 5.9753138e-001
 5.9778148e-001
 5.9803456e-001
 5.9829104e-001
 5.9854984e-001
 5.9880894e-001
 5.9906518e-001
 5.9931481e-001
 5.9955430e-001
 5.9978050e-001
 5.9999168e-001
 6.0018760e-001
 6.0036987e-001
 6.0054159e-001
 6.0070682e-001
 6.0086977e-001
 6.0103399e-001
 6.0120118e-001
 6.0137135e-001
 6.0154182e-001
 6.0170835e-001
 6.0186553e-001
 6.0200828e-001
 6.0213310e-001
 6.0223991e-001
 6.0233241e-001
 6.0241908e-001
 6.0251182e-001
 6.0262483e-001
 6.0277271e-001
 6.0296822e-001
 6.0322094e-001
 6.0353529e-001
 6.0391086e-001
 6.0434091e-001
 6.0481328e-001
 6.0531110e-001
 6.0581404e-001
 6.0630095e-001
 6.0675162e-001
 6.0714895e-001
 6.0748088e-001
 6.0774076e-001
 6.0792792e-001
 6.0804772e-001
 6.0811055e-001
 6.0813135e-001
 6.0812891e-001
 6.0812449e-001
 6.0814041e-001
 6.0819846e-001
 6.0831851e-001
 6.0851622e-001
 6.0880172e-001
 6.0917848e-001
 6.0964251e-001
 6.1018252e-001
 6.1078060e-001
 6.1141336e-001
 6.1205429e-001
 6.1267602e-001
 6.1325288e-001
 6.1376339e-001
 6.1419129e-001
 6.1452717e-001
 6.1476791e-001
 6.1491632e-001
 6.1497992e-001
 6.1496967e-001
 6.1489838e-001
 6.1477959e-001
 6.1462682e-001
 6.1445266e-001
 6.1426866e-001
 6.1408484e-001
 6.1390990e-001
 6.1375093e-001
 6.1361343e-001
 6.1350143e-001
 6.1341739e-001
 6.1336225e-001
 6.1333573e-001
 6.1333650e-001
 6.1336243e-001
 6.1341113e-001
 6.1348009e-001
 6.1356711e-001
 6.1367035e-001
 6.1378837e-001
 6.1392015e-001
 6.1406481e-001
 6.1422127e-001
 6.1438787e-001
 6.1456192e-001
 6.1473954e-001
 6.1491555e-001
 6.1508316e-001
 6.1523497e-001
 6.1536282e-001
 6.1545926e-001
 6.1551809e-001
 6.1553538e-001
 6.1551028e-001
 6.1544561e-001
 6.1534762e-001
 6.1522591e-001
 6.1509216e-001
 6.1495924e-001
 6.1483943e-001
 6.1474323e-001
 6.1467797e-001
 6.1464703e-001
 6.1464965e-001
 6.1468148e-001
 6.1473507e-001
 6.1480165e-001
 6.1487275e-001
 6.1494154e-001
 6.1500436e-001
 6.1506170e-001
 6.1511803e-001
 6.1518174e-001
 6.1526358e-001
 6.1537516e-001
 6.1552674e-001
 6.1572546e-001
 6.1597347e-001
 6.1626697e-001
 6.1659598e-001
 6.1694515e-001
 6.1729538e-001
 6.1762631e-001
 6.1791879e-001
 6.1815822e-001
 6.1833650e-001
 6.1845362e-001
 6.1851805e-001
 6.1854589e-001
 6.1855870e-001
 6.1858070e-001
 6.1863512e-001
 6.1874104e-001
 6.1891037e-001
 6.1914641e-001
 6.1944246e-001
 6.1978281e-001
 6.2014443e-001
 6.2049967e-001
 6.2082005e-001
 6.2107980e-001
 6.2125921e-001
 6.2134713e-001
 6.2134206e-001
 6.2125087e-001
 6.2108690e-001
 6.2086755e-001
 6.2061197e-001
 6.2033874e-001
 6.2006432e-001
 6.1980194e-001
 6.1956137e-001
 6.1934799e-001
 6.1916322e-001
 6.1900437e-001
 6.1886591e-001
 6.1874056e-001
 6.1862069e-001
 6.1850005e-001
 6.1837476e-001
 6.1824429e-001
 6.1811113e-001
 6.1796516e-001
 6.1783487e-001
 6.1772358e-001
 6.1764002e-001
 6.1759084e-001
 6.1757964e-001
 6.1760604e-001
 6.1766595e-001
 6.1775291e-001
 6.1785901e-001
 6.1797589e-001
 6.1809546e-001
 6.1820990e-001
 6.1831284e-001
 6.1839944e-001
 6.1846721e-001
 6.1851579e-001
 6.1854696e-001
 6.1856395e-001
 6.1857098e-001
 6.1857277e-001
 6.1857384e-001
 6.1857843e-001
 6.1858946e-001
 6.1860812e-001
 6.1863273e-001
 6.1865878e-001
 6.1867905e-001
 6.1868423e-001
 6.1866409e-001
 6.1860776e-001
 6.1850500e-001
 6.1834675e-001
 6.1812705e-001
 6.1784464e-001
 6.1750519e-001
 6.1712122e-001
 6.1671215e-001
 6.1630231e-001
 6.1591858e-001
 6.1558932e-001
 6.1534220e-001
 6.1520284e-001
 6.1519194e-001
 6.1532182e-001
 6.1559367e-001
 6.1599642e-001
 6.1650747e-001
 6.1709625e-001
 6.1772710e-001
 6.1836231e-001
 6.1896402e-001
 6.1949605e-001
 6.1992627e-001
 6.2022966e-001
 6.2039053e-001
 6.2040377e-001
 6.2027353e-001
 6.2001103e-001
 6.1963159e-001
 6.1915267e-001
 6.1859220e-001
 6.1796796e-001
 6.1729693e-001
 6.1659414e-001
 6.1587274e-001
 6.1514330e-001
 6.1441404e-001
 6.1369175e-001
 6.1298186e-001
 6.1228949e-001
 6.1161911e-001
 6.1097366e-001
 6.1035419e-001
 6.0975760e-001
 6.0917592e-001
 6.0859543e-001
 6.0799706e-001
 6.0735828e-001
 6.0665393e-001
 6.0585839e-001
 6.0494620e-001
 6.0389328e-001
 6.0267979e-001
 6.0129160e-001
 5.9972328e-001
 5.9797901e-001
 5.9607071e-001
 5.9401715e-001
 5.9184080e-001
 5.8956528e-001
 5.8721584e-001
 5.8481658e-001
 5.8239186e-001
 5.7996505e-001
 5.7755727e-001
 5.7518923e-001
 5.7287908e-001
 5.7064497e-001
 5.6850410e-001
 5.6647265e-001
 5.6456715e-001
 5.6280202e-001
 5.6119019e-001
 5.5974066e-001
 5.5845696e-001
 5.5733746e-001
 5.5637503e-001
 5.5555910e-001
 5.5487680e-001
 5.5431408e-001
 5.5385667e-001
 5.5349040e-001
 5.5320191e-001
 5.5297899e-001
 5.5281097e-001
 5.5268890e-001
 5.5260557e-001
 5.5255485e-001
 5.5253130e-001
 5.5252999e-001
 5.5254585e-001
 5.5257410e-001
 5.5260968e-001
 5.5264771e-001
 5.5268300e-001
 5.5271024e-001
 5.5272418e-001
 5.5271930e-001
 5.5269015e-001
 5.5263132e-001
 5.5253756e-001
 5.5240411e-001
 5.5222720e-001
 5.5200469e-001
 5.5173671e-001
 5.5142587e-001
 5.5107701e-001
 5.5069655e-001
 5.5029196e-001
 5.4987121e-001
 5.4944187e-001
 5.4901141e-001
 5.4858571e-001
 5.4816866e-001
 5.4776144e-001
 5.4736191e-001
 5.4696518e-001
 5.4656416e-001
 5.4615068e-001
 5.4571617e-001
 5.4525191e-001
 5.4475057e-001
 5.4420686e-001
 5.4361928e-001
 5.4299152e-001
 5.4233259e-001
 5.4165697e-001
 5.4098254e-001
 5.4032958e-001
 5.3971928e-001
 5.3917241e-001
 5.3870851e-001
 5.3834367e-001
 5.3808850e-001
 5.3794611e-001
 5.3791130e-001
 5.3797150e-001
 5.3810847e-001
 5.3830075e-001
 5.3852558e-001
 5.3876001e-001
 5.3898287e-001
 5.3917629e-001
 5.3932822e-001
 5.3943461e-001
 5.3950024e-001
 5.3953761e-001
 5.3956532e-001
 5.3960526e-001
 5.3968072e-001
 5.3981513e-001
 5.4002988e-001
 5.4034245e-001
 5.4076368e-001
 5.4129493e-001
 5.4192781e-001
 5.4264444e-001
 5.4342014e-001
 5.4422659e-001
 5.4503345e-001
 5.4581052e-001
 5.4652971e-001
 5.4716718e-001
 5.4770696e-001
 5.4814303e-001
 5.4848081e-001
 5.4873604e-001
 5.4893190e-001
 5.4909623e-001
 5.4925853e-001
 5.4944873e-001
 5.4969466e-001
 5.5002040e-001
 5.5044311e-001
 5.5097032e-001
 5.5159944e-001
 5.5231863e-001
 5.5310929e-001
 5.5394804e-001
 5.5481040e-001
 5.5567187e-001
 5.5650866e-001
 5.5730140e-001
 5.5803680e-001
 5.5870926e-001
 5.5932295e-001
 5.5989015e-001
 5.6042939e-001
 5.6096250e-001
 5.6151313e-001
 5.6210494e-001
 5.6275952e-001
 5.6349486e-001
 5.6432253e-001
 5.6524444e-001
 5.6625319e-001
 5.6733251e-001
 5.6845880e-001
 5.6960523e-001
 5.7074320e-001
 5.7184422e-001
 5.7288116e-001
 5.7383186e-001
 5.7468122e-001
 5.7542366e-001
 5.7606494e-001
 5.7662058e-001
 5.7711309e-001
 5.7756960e-001
 5.7801902e-001
 5.7849038e-001
 5.7901084e-001
 5.7960403e-001
 5.8028698e-001
 5.8106756e-001
 5.8194411e-001
 5.8290625e-001
 5.8393645e-001
 5.8501387e-001
 5.8611590e-001
 5.8721870e-001
 5.8829975e-001
 5.8933806e-001
 5.9031552e-001
 5.9121716e-001
 5.9203297e-001
 5.9275681e-001
 5.9338462e-001
 5.9391475e-001
 5.9434634e-001
 5.9467846e-001
 5.9491104e-001
 5.9504431e-001
 5.9507912e-001
 5.9501755e-001
 5.9486258e-001
 5.9461826e-001
 5.9428954e-001
 5.9388167e-001
 5.9339994e-001
 5.9284997e-001
 5.9223688e-001
 5.9156525e-001
 5.9083849e-001
 5.9005928e-001
 5.8922827e-001
 5.8834493e-001
 5.8740819e-001
 5.8641595e-001
 5.8536583e-001
 5.8425641e-001
 5.8308649e-001
 5.8185655e-001
 5.8057106e-001
 5.7923776e-001
 5.7786918e-001
 5.7648158e-001
 5.7509542e-001
 5.7373184e-001
 5.7241273e-001
 5.7116091e-001
 5.6999713e-001
 5.6893975e-001
 5.6800395e-001
 5.6719869e-001
 5.6652713e-001
 5.6598693e-001
 5.6557196e-001
 5.6527340e-001
 5.6508124e-001
 5.6498522e-001
 5.6497437e-001
 5.6503767e-001
 5.6516349e-001
 5.6533957e-001
 5.6555283e-001
 5.6578964e-001
 5.6603569e-001
 5.6627667e-001
 5.6649816e-001
 5.6668597e-001
 5.6682730e-001
 5.6691164e-001
 5.6693238e-001
 5.6688827e-001
 5.6678396e-001
 5.6662935e-001
 5.6643838e-001
 5.6622726e-001
 5.6601322e-001
 5.6581378e-001
 5.6564581e-001
 5.6552440e-001
 5.6546241e-001
 5.6546879e-001
 5.6554878e-001
 5.6570387e-001
 5.6593305e-001
 5.6623375e-001
 5.6660241e-001
 5.6703514e-001
 5.6752771e-001
 5.6807518e-001
 5.6867141e-001
 5.6930906e-001
 5.6997931e-001
 5.7067132e-001
 5.7137400e-001
 5.7207531e-001
 5.7276285e-001
 5.7342482e-001
 5.7405049e-001
 5.7463145e-001
 5.7516271e-001
 5.7564479e-001
 5.7608402e-001
 5.7649130e-001
 5.7688183e-001
 5.7727295e-001
 5.7768267e-001
 5.7812917e-001
 5.7862931e-001
 5.7919693e-001
 5.7984114e-001
 5.8056462e-001
 5.8136296e-001
 5.8222461e-001
 5.8313382e-001
 5.8407205e-001
 5.8501863e-001
 5.8595353e-001
 5.8685720e-001
 5.8771116e-001
 5.8850044e-001
 5.8921373e-001
 5.8984399e-001
 5.9038770e-001
 5.9084469e-001
 5.9121633e-001
 5.9150469e-001
 5.9171242e-001
 5.9184283e-001
 5.9189957e-001
 5.9188777e-001
 5.9181392e-001
 5.9168625e-001
 5.9151453e-001
 5.9130973e-001
 5.9108329e-001
 5.9084713e-001
 5.9061277e-001
 5.9039080e-001
 5.9019017e-001
 5.9001672e-001
 5.8987206e-001
 5.8975327e-001
 5.8965325e-001
 5.8956188e-001
 5.8946717e-001
 5.8935642e-001
 5.8921683e-001
 5.8903611e-001
 5.8880377e-001
 5.8851171e-001
 5.8815527e-001
 5.8773404e-001
 5.8725077e-001
 5.8671087e-001
 5.8612126e-001
 5.8548987e-001
 5.8482438e-001
 5.8413196e-001
 5.8341926e-001
 5.8269054e-001
 5.8194786e-001
 5.8119082e-001
 5.8041620e-001
 5.7961905e-001
 5.7879376e-001
 5.7793367e-001
 5.7703179e-001
 5.7608074e-001
 5.7507288e-001
 5.7399887e-001
 5.7284766e-001
 5.7160735e-001
 5.7026362e-001
 5.6880087e-001
 5.6720400e-001
 5.6545657e-001
 5.6354302e-001
 5.6144863e-001
 5.5916286e-001
 5.5667847e-001
 5.5399442e-001
 5.5111855e-001
 5.4806334e-001
 5.4484552e-001
 5.4148716e-001
 5.3800952e-001
 5.3443450e-001
 5.3078729e-001
 5.2709192e-001
 5.2337509e-001
 5.1966548e-001
 5.1599741e-001
 5.1240528e-001
 5.0892544e-001
 5.0559789e-001
 5.0246012e-001
 4.9954867e-001
 4.9689817e-001
 4.9453354e-001
 4.9246728e-001
 4.9069411e-001
 4.8919040e-001
 4.8791364e-001
 4.8680863e-001
 4.8581326e-001
 4.8486125e-001
 4.8388633e-001
 4.8282602e-001
 4.8162466e-001
 4.8023874e-001
 4.7864267e-001
 4.7682866e-001
 4.7480598e-001
 4.7259587e-001
 4.7022858e-001
 4.6773639e-001
 4.6515250e-001
 4.6251154e-001
 4.5984435e-001
 4.5717844e-001
 4.5453876e-001
 4.5194328e-001
 4.4940612e-001
 4.4693747e-001
 4.4454721e-001
 4.4224232e-001
 4.4002897e-001
 4.3791345e-001
 4.3589780e-001
 4.3397996e-001
 4.3215322e-001
 4.3040320e-001
 4.2870957e-001
 4.2704901e-001
 4.2539442e-001
 4.2371809e-001
 4.2199203e-001
 4.2019114e-001
 4.1829270e-001
 4.1627982e-001
 4.1414523e-001
 4.1188926e-001
 4.0952018e-001
 4.0705410e-001
 4.0450886e-001
 4.0190461e-001
 3.9926100e-001
 3.9659879e-001
 3.9393446e-001
 3.9128068e-001
 3.8864666e-001
 3.8603404e-001
 3.8343906e-001
 3.8085601e-001
 3.7827495e-001
 3.7568492e-001
 3.7307653e-001
 3.7043881e-001
 3.6776242e-001
 3.6503905e-001
 3.6226451e-001
 3.5943520e-001
 3.5654968e-001
 3.5361031e-001
 3.5061839e-001
 3.4757608e-001
 3.4448868e-001
 3.4136188e-001
 3.3820668e-001
 3.3504128e-001
 3.3189669e-001
 3.2881346e-001
 3.2584286e-001
 3.2304606e-001
 3.2048663e-001
 3.1823021e-001
 3.1634340e-001
 3.1488755e-001
 3.1391683e-001
 3.1347227e-001
 3.1357747e-001
 3.1423604e-001
 3.1543437e-001
 3.1714487e-001
 3.1933284e-001
 3.2196024e-001
 3.2498553e-001
 3.2836887e-001
 3.3207098e-001
 3.3605069e-001
 3.4027049e-001
 3.4469324e-001
 3.4928396e-001
 3.5400519e-001
 3.5882324e-001
 3.6370483e-001
 3.6861372e-001
 3.7351778e-001
 3.7838629e-001
 3.8318753e-001
 3.8789642e-001
 3.9249021e-001
 3.9695027e-001
 4.0125716e-001
 4.0539601e-001
 4.0935251e-001
 4.1310954e-001
 4.1665259e-001
 4.1996619e-001
 4.2303139e-001
 4.2582989e-001
 4.2834195e-001
 4.3054485e-001
 4.3241689e-001
 4.3393534e-001
 4.3507814e-001
 4.3582401e-001
 4.3615600e-001
 4.3606365e-001
 4.3554702e-001
 4.3462014e-001
 4.3331221e-001
 4.3166792e-001
 4.2974228e-001
 4.2759752e-001
 4.2529833e-001
 4.2291155e-001
 4.2050144e-001
 4.1813076e-001
 4.1586214e-001
 4.1382369e-001
 4.1239995e-001
 4.1074243e-001
 4.0928182e-001
 4.0800446e-001
 4.0689701e-001
 4.0594599e-001
 4.0513852e-001
 4.0446112e-001
 4.0390038e-001
 4.0344316e-001
 4.0307596e-001
 4.0278602e-001
 4.0256029e-001
 4.0238592e-001
 4.0224993e-001
 4.0213954e-001
 4.0204173e-001
 4.0194368e-001
 4.0183243e-001
 4.0169519e-001
 4.0151897e-001
 4.0129083e-001
 4.0099788e-001
 4.0062734e-001
 4.0016758e-001
 3.9961958e-001
 3.9899084e-001
 3.9828891e-001
 3.9752170e-001
 3.9669678e-001
 3.9582178e-001
 3.9490417e-001
 3.9395198e-001
 3.9297265e-001
 3.9197391e-001
 3.9096311e-001
 3.8994840e-001
 3.8893721e-001
 3.8793716e-001
 3.8695595e-001
 3.8600096e-001
 3.8508034e-001
 3.8420093e-001
 3.8336429e-001
 3.8256902e-001
 3.8181436e-001
 3.8109881e-001
 3.8042119e-001
 3.7978002e-001
 3.7917453e-001
 3.7860319e-001
 3.7806484e-001
 3.7755820e-001
 3.7708196e-001
 3.7663513e-001
 3.7621632e-001
 3.7582436e-001
 3.7545788e-001
 3.7511581e-001
 3.7479684e-001
 3.7449977e-001
 3.7422329e-001
 3.7396631e-001
 3.7372744e-001
 3.7350556e-001
 3.7329894e-001
 3.7310606e-001
 3.7292510e-001
 3.7275437e-001
 3.7259218e-001
 3.7243676e-001
 3.7228644e-001
 3.7213951e-001
 3.7199426e-001
 3.7184891e-001
 3.7170190e-001
 3.7155145e-001
 3.7139577e-001
 3.7123320e-001
 3.7106210e-001
 3.7088069e-001
 3.7068728e-001
 3.7048012e-001
 3.7025753e-001
 3.7001777e-001
 3.6975923e-001
 3.6948013e-001
 3.6917865e-001
 3.6885327e-001
 3.6850220e-001
 3.6812395e-001
 3.6771885e-001
 3.6728835e-001
 3.6683375e-001
 3.6635631e-001
 3.6585739e-001
 3.6533815e-001
 3.6480021e-001
 3.6424476e-001
 3.6367309e-001
 3.6308649e-001
 3.6248645e-001
 3.6187416e-001
 3.6125100e-001
 3.6061814e-001
 3.5997716e-001
 3.5932928e-001
 3.5867584e-001
 3.5801792e-001
 3.5735729e-001
 3.5669500e-001
 3.5603240e-001
 3.5537085e-001
 3.5471150e-001
 3.5405600e-001
 3.5340551e-001
 3.5276136e-001
 3.5212469e-001
 3.5149717e-001
 3.5087994e-001
 3.5027432e-001
 3.4968087e-001
 3.4910047e-001
 3.4853351e-001
