s07_ASD Record=8159: Natrolite NMNH83380 Zeolite   BECKb AREF
 6.9425428e-001
 6.9470519e-001
 6.9528121e-001
 6.9596553e-001
 6.9672650e-001
 6.9752526e-001
 6.9832456e-001
 6.9909209e-001
 6.9980294e-001
 7.0044041e-001
 7.0099694e-001
 7.0147300e-001
 7.0187497e-001
 7.0221424e-001
 7.0250690e-001
 7.0277202e-001
 7.0302916e-001
 7.0329648e-001
 7.0359015e-001
 7.0392275e-001
 7.0430166e-001
 7.0472836e-001
 7.0520079e-001
 7.0571798e-001
 7.0628428e-001
 7.0690984e-001
 7.0760399e-001
 7.0836347e-001
 7.0916557e-001
 7.0997554e-001
 7.1076053e-001
 7.1150100e-001
 7.1219236e-001
 7.1284229e-001
 7.1347022e-001
 7.1410006e-001
 7.1474844e-001
 7.1541953e-001
 7.1610552e-001
 7.1679205e-001
 7.1746576e-001
 7.1812069e-001
 7.1876138e-001
 7.1939999e-001
 7.2004908e-001
 7.2071338e-001
 7.2138470e-001
 7.2204477e-001
 7.2267431e-001
 7.2326374e-001
 7.2381783e-001
 7.2435141e-001
 7.2487986e-001
 7.2541267e-001
 7.2595495e-001
 7.2651631e-001
 7.2711855e-001
 7.2778821e-001
 7.2854280e-001
 7.2938484e-001
 7.3025274e-001
 7.3107123e-001
 7.3181397e-001
 7.3245907e-001
 7.3300552e-001
 7.3350674e-001
 7.3401397e-001
 7.3455042e-001
 7.3512149e-001
 7.3572338e-001
 7.3635060e-001
 7.3699903e-001
 7.3766369e-001
 7.3833698e-001
 7.3900914e-001
 7.3967212e-001
 7.4032271e-001
 7.4096334e-001
 7.4159974e-001
 7.4223793e-001
 7.4288368e-001
 7.4354494e-001
 7.4423391e-001
 7.4496663e-001
 7.4575692e-001
 7.4660957e-001
 7.4751592e-001
 7.4845558e-001
 7.4940246e-001
 7.5033098e-001
 7.5121993e-001
 7.5205475e-001
 7.5283122e-001
 7.5356144e-001
 7.5427711e-001
 7.5502545e-001
 7.5585300e-001
 7.5677890e-001
 7.5777495e-001
 7.5877100e-001
 7.5968993e-001
 7.6049083e-001
 7.6118904e-001
 7.6183993e-001
 7.6249862e-001
 7.6318109e-001
 7.6385915e-001
 7.6449150e-001
 7.6505566e-001
 7.6555848e-001
 7.6602745e-001
 7.6649606e-001
 7.6699179e-001
 7.6752728e-001
 7.6809859e-001
 7.6869404e-001
 7.6930457e-001
 7.6992494e-001
 7.7054423e-001
 7.7113831e-001
 7.7167618e-001
 7.7213901e-001
 7.7253693e-001
 7.7291054e-001
 7.7331460e-001
 7.7378994e-001
 7.7434260e-001
 7.7494490e-001
 7.7556032e-001
 7.7616841e-001
 7.7676564e-001
 7.7734858e-001
 7.7790505e-001
 7.7842897e-001
 7.7893722e-001
 7.7946281e-001
 7.8003037e-001
 7.8064305e-001
 7.8129607e-001
 7.8199255e-001
 7.8273219e-001
 7.8348285e-001
 7.8417963e-001
 7.8476608e-001
 7.8524530e-001
 7.8568739e-001
 7.8618538e-001
 7.8679991e-001
 7.8753489e-001
 7.8834724e-001
 7.8916782e-001
 7.8992248e-001
 7.9055887e-001
 7.9107404e-001
 7.9151857e-001
 7.9196775e-001
 7.9247856e-001
 7.9306370e-001
 7.9369509e-001
 7.9432887e-001
 7.9493386e-001
 7.9550809e-001
 7.9607457e-001
 7.9665601e-001
 7.9724747e-001
 7.9781038e-001
 7.9830158e-001
 7.9871511e-001
 7.9910052e-001
 7.9954052e-001
 8.0010504e-001
 8.0081040e-001
 8.0160707e-001
 8.0240357e-001
 8.0311537e-001
 8.0370903e-001
 8.0421543e-001
 8.0471057e-001
 8.0527735e-001
 8.0596024e-001
 8.0672884e-001
 8.0748701e-001
 8.0814451e-001
 8.0870140e-001
 8.0925435e-001
 8.0990028e-001
 8.1062281e-001
 8.1129152e-001
 8.1179553e-001
 8.1217945e-001
 8.1262571e-001
 8.1329685e-001
 8.1420469e-001
 8.1523257e-001
 8.1626272e-001
 8.1725776e-001
 8.1821704e-001
 8.1908822e-001
 8.1977403e-001
 8.2024407e-001
 8.2061845e-001
 8.2110626e-001
 8.2184011e-001
 8.2277215e-001
 8.2373959e-001
 8.2461411e-001
 8.2536757e-001
 8.2602167e-001
 8.2659864e-001
 8.2714140e-001
 8.2774472e-001
 8.2851130e-001
 8.2945454e-001
 8.3047593e-001
 8.3147627e-001
 8.3246177e-001
 8.3348519e-001
 8.3451587e-001
 8.3544898e-001
 8.3623582e-001
 8.3693397e-001
 8.3762866e-001
 8.3836561e-001
 8.3915806e-001
 8.4000450e-001
 8.4088713e-001
 8.4178519e-001
 8.4268898e-001
 8.4356874e-001
 8.4434694e-001
 8.4494835e-001
 8.4538662e-001
 8.4577143e-001
 8.4622639e-001
 8.4681576e-001
 8.4752816e-001
 8.4829164e-001
 8.4900808e-001
 8.4960991e-001
 8.5009807e-001
 8.5051686e-001
 8.5090840e-001
 8.5131687e-001
 8.5180485e-001
 8.5240126e-001
 8.5303032e-001
 8.5354519e-001
 8.5386145e-001
 8.5405499e-001
 8.5431981e-001
 8.5480309e-001
 8.5547465e-001
 8.5615623e-001
 8.5667390e-001
 8.5698980e-001
 8.5720241e-001
 8.5744148e-001
 8.5779476e-001
 8.5829121e-001
 8.5889590e-001
 8.5951048e-001
 8.5999197e-001
 8.6021888e-001
 8.6022228e-001
 8.6023200e-001
 8.6048132e-001
 8.6097461e-001
 8.6152297e-001
 8.6196280e-001
 8.6226743e-001
 8.6249882e-001
 8.6273962e-001
 8.6305672e-001
 8.6346376e-001
 8.6393452e-001
 8.6446434e-001
 8.6504394e-001
 8.6557347e-001
 8.6590648e-001
 8.6600882e-001
 8.6601847e-001
 8.6614621e-001
 8.6649948e-001
 8.6698133e-001
 8.6738783e-001
 8.6761421e-001
 8.6773223e-001
 8.6788774e-001
 8.6817127e-001
 8.6857450e-001
 8.6898565e-001
 8.6922842e-001
 8.6923301e-001
 8.6920327e-001
 8.6944234e-001
 8.6994612e-001
 8.7038916e-001
 8.7058663e-001
 8.7069583e-001
 8.7087822e-001
 8.7106574e-001
 8.7117743e-001
 8.7130576e-001
 8.7155640e-001
 8.7187558e-001
 8.7213010e-001
 8.7226224e-001
 8.7232059e-001
 8.7240726e-001
 8.7262553e-001
 8.7303174e-001
 8.7359536e-001
 8.7421322e-001
 8.7476242e-001
 8.7510997e-001
 8.7510544e-001
 8.7469161e-001
 8.7404704e-001
 8.7353551e-001
 8.7342280e-001
 8.7363362e-001
 8.7390673e-001
 8.7412173e-001
 8.7435675e-001
 8.7469995e-001
 8.7510908e-001
 8.7544268e-001
 8.7560028e-001
 8.7562561e-001
 8.7566960e-001
 8.7585640e-001
 8.7618697e-001
 8.7655956e-001
 8.7686467e-001
 8.7705803e-001
 8.7716591e-001
 8.7725145e-001
 8.7738633e-001
 8.7763482e-001
 8.7803876e-001
 8.7860322e-001
 8.7928200e-001
 8.7995684e-001
 8.8043892e-001
 8.8054872e-001
 8.8027269e-001
 8.7985480e-001
 8.7966514e-001
 8.7991410e-001
 8.8047391e-001
 8.8098484e-001
 8.8116330e-001
 8.8104498e-001
 8.8098615e-001
 8.8131160e-001
 8.8197362e-001
 8.8260460e-001
 8.8281941e-001
 8.8254970e-001
 8.8210189e-001
 8.8193417e-001
 8.8229346e-001
 8.8300931e-001
 8.8367724e-001
 8.8397449e-001
 8.8382107e-001
 8.8339347e-001
 8.8304281e-001
 8.8309848e-001
 8.8358814e-001
 8.8416815e-001
 8.8446528e-001
 8.8441271e-001
 8.8417810e-001
 8.8392955e-001
 8.8375270e-001
 8.8368589e-001
 8.8375461e-001
 8.8395655e-001
 8.8420832e-001
 8.8436025e-001
 8.8433665e-001
 8.8422769e-001
 8.8418430e-001
 8.8427490e-001
 8.8447410e-001
 8.8470411e-001
 8.8483870e-001
 8.8476151e-001
 8.8452768e-001
 8.8439304e-001
 8.8455051e-001
 8.8491166e-001
 8.8524312e-001
 8.8538170e-001
 8.8525623e-001
 8.8485742e-001
 8.8426656e-001
 8.8366729e-001
 8.8333154e-001
 8.8340086e-001
 8.8375461e-001
 8.8415217e-001
 8.8434237e-001
 8.8417310e-001
 8.8373172e-001
 8.8330764e-001
 8.8318890e-001
 8.8343745e-001
 8.8387877e-001
 8.8429672e-001
 8.8457769e-001
 8.8471645e-001
 8.8474584e-001
 8.8470411e-001
 8.8463086e-001
 8.8457209e-001
 8.8459027e-001
 8.8475859e-001
 8.8511622e-001
 8.8560098e-001
 8.8605124e-001
 8.8629609e-001
 8.8624913e-001
 8.8591778e-001
 8.8536668e-001
 8.8472289e-001
 8.8418877e-001
 8.8400465e-001
 8.8420337e-001
 8.8461161e-001
 8.8489383e-001
 8.8480455e-001
 8.8446492e-001
 8.8414234e-001
 8.8410521e-001
 8.8456464e-001
 8.8535744e-001
 8.8616931e-001
 8.8668591e-001
 8.8664776e-001
 8.8615984e-001
 8.8547450e-001
 8.8484412e-001
 8.8449031e-001
 8.8442641e-001
 8.8458157e-001
 8.8488483e-001
 8.8526654e-001
 8.8566661e-001
 8.8608193e-001
 8.8632959e-001
 8.8642049e-001
 8.8636494e-001
 8.8623679e-001
 8.8611269e-001
 8.8606930e-001
 8.8617963e-001
 8.8643426e-001
 8.8674140e-001
 8.8700622e-001
 8.8713372e-001
 8.8703322e-001
 8.8671327e-001
 8.8627952e-001
 8.8584232e-001
 8.8551158e-001
 8.8539338e-001
 8.8549888e-001
 8.8574719e-001
 8.8605332e-001
 8.8633233e-001
 8.8649952e-001
 8.8649225e-001
 8.8633567e-001
 8.8607603e-001
 8.8575971e-001
 8.8543302e-001
 8.8514215e-001
 8.8492268e-001
 8.8476902e-001
 8.8466573e-001
 8.8459730e-001
 8.8454819e-001
 8.8450289e-001
 8.8444591e-001
 8.8436770e-001
 8.8428134e-001
 8.8420534e-001
 8.8415819e-001
 8.8415837e-001
 8.8422441e-001
 8.8437480e-001
 8.8462794e-001
 8.8499284e-001
 8.8544238e-001
 8.8594133e-001
 8.8645363e-001
 8.8694412e-001
 8.8737720e-001
 8.8771719e-001
 8.8792872e-001
 8.8798815e-001
 8.8791734e-001
 8.8774818e-001
 8.8751292e-001
 8.8724363e-001
 8.8697237e-001
 8.8673127e-001
 8.8655257e-001
 8.8646054e-001
 8.8645124e-001
 8.8651407e-001
 8.8663852e-001
 8.8681400e-001
 8.8702995e-001
 8.8727587e-001
 8.8754106e-001
 8.8781518e-001
 8.8808745e-001
 8.8834751e-001
 8.8858467e-001
 8.8879120e-001
 8.8896811e-001
 8.8911939e-001
 8.8924831e-001
 8.8935864e-001
 8.8945401e-001
 8.8953763e-001
 8.8961345e-001
 8.8968492e-001
 8.8975549e-001
 8.8982886e-001
 8.8990861e-001
 8.8999718e-001
 8.9009327e-001
 8.9019477e-001
 8.9029956e-001
 8.9040548e-001
 8.9051038e-001
 8.9061201e-001
 8.9070845e-001
 8.9079744e-001
 8.9087671e-001
 8.9094442e-001
 8.9099842e-001
 8.9103818e-001
 8.9106297e-001
 8.9107257e-001
 8.9106619e-001
 8.9104360e-001
 8.9100397e-001
 8.9094692e-001
 8.9087206e-001
 8.9077884e-001
 8.9066786e-001
 8.9054435e-001
 8.9041412e-001
 8.9028329e-001
 8.9015788e-001
 8.9004385e-001
 8.8994706e-001
 8.8987374e-001
 8.8982975e-001
 8.8982123e-001
 8.8985157e-001
 8.8991636e-001
 8.9000934e-001
 8.9012408e-001
 8.9025432e-001
 8.9039385e-001
 8.9053625e-001
 8.9067543e-001
 8.9080483e-001
 8.9091837e-001
 8.9101076e-001
 8.9108104e-001
 8.9112890e-001
 8.9115387e-001
 8.9115596e-001
 8.9113474e-001
 8.9108986e-001
 8.9102125e-001
 8.9092839e-001
 8.9080954e-001
 8.9065695e-001
 8.9046186e-001
 8.9021552e-001
 8.8990915e-001
 8.8953394e-001
 8.8908130e-001
 8.8854218e-001
 8.8791549e-001
 8.8722360e-001
 8.8649464e-001
 8.8575631e-001
 8.8503641e-001
 8.8436258e-001
 8.8376290e-001
 8.8326484e-001
 8.8288409e-001
 8.8259643e-001
 8.8236940e-001
 8.8217068e-001
 8.8196772e-001
 8.8172829e-001
 8.8142008e-001
 8.8101053e-001
 8.8048017e-001
 8.7985039e-001
 8.7915087e-001
 8.7846202e-001
 8.7772340e-001
 8.7700784e-001
 8.7634104e-001
 8.7573719e-001
 8.7520313e-001
 8.7474108e-001
 8.7435120e-001
 8.7403190e-001
 8.7377781e-001
 8.7357473e-001
 8.7339652e-001
 8.7320912e-001
 8.7297577e-001
 8.7266296e-001
 8.7224901e-001
 8.7173456e-001
 8.7114614e-001
 8.7052971e-001
 8.6993998e-001
 8.6943138e-001
 8.6904871e-001
 8.6881882e-001
 8.6874759e-001
 8.6882442e-001
 8.6902994e-001
 8.6934197e-001
 8.6973864e-001
 8.7020022e-001
 8.7070918e-001
 8.7125021e-001
 8.7180966e-001
 8.7237519e-001
 8.7293714e-001
 8.7348920e-001
 8.7402886e-001
 8.7455690e-001
 8.7507588e-001
 8.7558913e-001
 8.7610018e-001
 8.7662834e-001
 8.7715614e-001
 8.7768573e-001
 8.7821746e-001
 8.7875140e-001
 8.7928730e-001
 8.7982458e-001
 8.8036281e-001
 8.8090181e-001
 8.8144201e-001
 8.8198477e-001
 8.8253218e-001
 8.8308740e-001
 8.8365334e-001
 8.8423216e-001
 8.8482469e-001
 8.8542920e-001
 8.8604230e-001
 8.8665843e-001
 8.8727117e-001
 8.8787454e-001
 8.8846362e-001
 8.8903564e-001
 8.8959014e-001
 8.9012885e-001
 8.9065564e-001
 8.9117569e-001
 8.9169466e-001
 8.9221710e-001
 8.9274520e-001
 8.9327800e-001
 8.9381087e-001
 8.9433622e-001
 8.9484441e-001
 8.9532495e-001
 8.9576834e-001
 8.9616692e-001
 8.9651680e-001
 8.9681780e-001
 8.9707416e-001
 8.9729381e-001
 8.9748728e-001
 8.9766639e-001
 8.9784241e-001
 8.9802444e-001
 8.9821798e-001
 8.9842397e-001
 8.9863873e-001
 8.9885443e-001
 8.9906043e-001
 8.9924532e-001
 8.9939874e-001
 8.9951390e-001
 8.9958894e-001
 8.9962775e-001
 8.9963961e-001
 8.9963841e-001
 8.9964038e-001
 8.9966190e-001
 8.9971679e-001
 8.9981455e-001
 8.9995885e-001
 9.0014702e-001
 9.0037036e-001
 9.0061575e-001
 9.0086699e-001
 9.0110773e-001
 9.0132314e-001
 9.0150213e-001
 9.0163875e-001
 9.0173262e-001
 9.0178901e-001
 9.0181750e-001
 9.0183067e-001
 9.0184176e-001
 9.0186274e-001
 9.0190214e-001
 9.0196395e-001
 9.0204662e-001
 9.0214354e-001
 9.0224397e-001
 9.0233487e-001
 9.0240276e-001
 9.0243620e-001
 9.0242708e-001
 9.0237224e-001
 9.0227354e-001
 9.0213740e-001
 9.0197402e-001
 9.0179533e-001
 9.0161383e-001
 9.0144026e-001
 9.0128291e-001
 9.0114671e-001
 9.0103275e-001
 9.0093911e-001
 9.0086138e-001
 9.0079373e-001
 9.0072989e-001
 9.0066427e-001
 9.0059215e-001
 9.0051043e-001
 9.0041733e-001
 9.0031254e-001
 9.0019691e-001
 9.0007269e-001
 8.9994317e-001
 8.9981288e-001
 8.9968699e-001
 8.9957136e-001
 8.9947140e-001
 8.9939159e-001
 8.9933443e-001
 8.9930016e-001
 8.9928597e-001
 8.9928681e-001
 8.9929521e-001
 8.9930266e-001
 8.9930010e-001
 8.9927894e-001
 8.9923114e-001
 8.9914989e-001
 8.9902955e-001
 8.9886606e-001
 8.9865690e-001
 8.9840215e-001
 8.9810455e-001
 8.9776975e-001
 8.9740652e-001
 8.9702523e-001
 8.9663690e-001
 8.9625096e-001
 8.9587313e-001
 8.9550424e-001
 8.9513922e-001
 8.9476782e-001
 8.9437568e-001
 8.9394647e-001
 8.9346391e-001
 8.9291346e-001
 8.9228290e-001
 8.9156318e-001
 8.9074683e-001
 8.8982832e-001
 8.8880318e-001
 8.8766742e-001
 8.8641924e-001
 8.8505846e-001
 8.8358867e-001
 8.8201696e-001
 8.8035321e-001
 8.7861025e-001
 8.7680107e-001
 8.7493837e-001
 8.7303281e-001
 8.7109172e-001
 8.6912102e-001
 8.6712390e-001
 8.6510420e-001
 8.6306667e-001
 8.6101753e-001
 8.5896623e-001
 8.5692394e-001
 8.5490412e-001
 8.5292113e-001
 8.5098845e-001
 8.4911925e-001
 8.4732509e-001
 8.4561533e-001
 8.4399855e-001
 8.4248161e-001
 8.4107125e-001
 8.3977449e-001
 8.3859837e-001
 8.3755141e-001
 8.3664292e-001
 8.3588356e-001
 8.3528435e-001
 8.3485639e-001
 8.3460981e-001
 8.3455294e-001
 8.3469093e-001
 8.3502454e-001
 8.3554941e-001
 8.3625466e-001
 8.3712304e-001
 8.3813024e-001
 8.3924580e-001
 8.4043425e-001
 8.4165651e-001
 8.4287196e-001
 8.4404135e-001
 8.4512818e-001
 8.4610188e-001
 8.4693879e-001
 8.4762353e-001
 8.4814984e-001
 8.4851980e-001
 8.4874398e-001
 8.4884006e-001
 8.4883165e-001
 8.4874696e-001
 8.4861720e-001
 8.4847456e-001
 8.4835058e-001
 8.4827387e-001
 8.4826845e-001
 8.4835190e-001
 8.4853435e-001
 8.4881765e-001
 8.4919578e-001
 8.4965593e-001
 8.5017937e-001
 8.5074395e-001
 8.5132581e-001
 8.5190135e-001
 8.5244882e-001
 8.5294980e-001
 8.5338980e-001
 8.5375947e-001
 8.5405427e-001
 8.5427481e-001
 8.5442632e-001
 8.5451823e-001
 8.5456288e-001
 8.5457432e-001
 8.5456687e-001
 8.5455346e-001
 8.5454416e-001
 8.5454518e-001
 8.5455835e-001
 8.5458124e-001
 8.5460812e-001
 8.5463130e-001
 8.5464329e-001
 8.5463870e-001
 8.5461599e-001
 8.5457855e-001
 8.5453475e-001
 8.5449708e-001
 8.5447985e-001
 8.5449696e-001
 8.5455865e-001
 8.5466981e-001
 8.5482830e-001
 8.5502529e-001
 8.5524637e-001
 8.5547394e-001
 8.5569012e-001
 8.5587925e-001
 8.5603005e-001
 8.5613674e-001
 8.5619968e-001
 8.5622424e-001
 8.5622019e-001
 8.5619992e-001
 8.5617703e-001
 8.5616475e-001
 8.5617477e-001
 8.5621560e-001
 8.5629183e-001
 8.5640323e-001
 8.5654449e-001
 8.5670567e-001
 8.5687310e-001
 8.5703129e-001
 8.5716504e-001
 8.5726148e-001
 8.5731202e-001
 8.5731363e-001
 8.5726869e-001
 8.5718465e-001
 8.5707194e-001
 8.5694265e-001
 8.5680836e-001
 8.5667878e-001
 8.5656077e-001
 8.5645807e-001
 8.5637164e-001
 8.5630012e-001
 8.5624039e-001
 8.5618836e-001
 8.5613930e-001
 8.5608834e-001
 8.5603094e-001
 8.5596311e-001
 8.5588181e-001
 8.5578525e-001
 8.5567278e-001
 8.5554498e-001
 8.5540283e-001
 8.5524768e-001
 8.5508025e-001
 8.5490012e-001
 8.5470581e-001
 8.5449463e-001
 8.5426354e-001
 8.5400921e-001
 8.5372913e-001
 8.5342157e-001
 8.5308576e-001
 8.5272145e-001
 8.5232812e-001
 8.5190433e-001
 8.5144711e-001
 8.5095131e-001
 8.5041022e-001
 8.4981549e-001
 8.4915823e-001
 8.4842986e-001
 8.4762257e-001
 8.4673053e-001
 8.4574962e-001
 8.4467727e-001
 8.4351230e-001
 8.4225434e-001
 8.4090221e-001
 8.3945489e-001
 8.3790958e-001
 8.3626312e-001
 8.3451223e-001
 8.3265364e-001
 8.3068705e-001
 8.2861459e-001
 8.2644385e-001
 8.2418793e-001
 8.2186532e-001
 8.1950122e-001
 8.1712472e-001
 8.1476897e-001
 8.1246835e-001
 8.1025487e-001
 8.0815774e-001
 8.0619872e-001
 8.0439192e-001
 8.0274171e-001
 8.0124217e-001
 7.9987884e-001
 7.9863000e-001
 7.9746890e-001
 7.9636800e-001
 7.9530072e-001
 7.9424512e-001
 7.9318511e-001
 7.9211050e-001
 7.9101717e-001
 7.8990471e-001
 7.8877562e-001
 7.8763306e-001
 7.8648013e-001
 7.8532070e-001
 7.8415930e-001
 7.8300327e-001
 7.8186303e-001
 7.8075165e-001
 7.7968472e-001
 7.7867705e-001
 7.7774072e-001
 7.7688247e-001
 7.7610195e-001
 7.7539200e-001
 7.7473956e-001
 7.7412862e-001
 7.7354264e-001
 7.7296686e-001
 7.7239025e-001
 7.7180564e-001
 7.7120835e-001
 7.7059549e-001
 7.6996309e-001
 7.6930547e-001
 7.6861435e-001
 7.6787871e-001
 7.6708657e-001
 7.6622564e-001
 7.6528591e-001
 7.6426083e-001
 7.6314759e-001
 7.6194835e-001
 7.6066852e-001
 7.5931650e-001
 7.5790179e-001
 7.5643235e-001
 7.5491428e-001
 7.5334901e-001
 7.5173354e-001
 7.5006014e-001
 7.4831611e-001
 7.4648589e-001
 7.4455243e-001
 7.4249768e-001
 7.4030614e-001
 7.3796403e-001
 7.3546153e-001
 7.3279256e-001
 7.2995275e-001
 7.2694129e-001
 7.2375691e-001
 7.2039980e-001
 7.1687001e-001
 7.1316659e-001
 7.0929134e-001
 7.0524627e-001
 7.0103872e-001
 6.9668072e-001
 6.9218802e-001
 6.8758380e-001
 6.8289334e-001
 6.7814595e-001
 6.7337120e-001
 6.6859496e-001
 6.6384119e-001
 6.5912628e-001
 6.5446270e-001
 6.4985818e-001
 6.4531589e-001
 6.4083999e-001
 6.3643628e-001
 6.3211232e-001
 6.2788135e-001
 6.2375760e-001
 6.1975807e-001
 6.1589825e-001
 6.1218876e-001
 6.0863650e-001
 6.0524040e-001
 6.0199463e-001
 5.9888840e-001
 5.9590620e-001
 5.9303159e-001
 5.9024525e-001
 5.8752781e-001
 5.8485913e-001
 5.8221847e-001
 5.7958764e-001
 5.7695121e-001
 5.7430130e-001
 5.7163936e-001
 5.6897718e-001
 5.6633902e-001
 5.6375903e-001
 5.6127679e-001
 5.5893493e-001
 5.5677122e-001
 5.5481672e-001
 5.5309159e-001
 5.5160397e-001
 5.5035275e-001
 5.4932928e-001
 5.4852259e-001
 5.4792303e-001
 5.4752594e-001
 5.4733425e-001
 5.4735881e-001
 5.4761755e-001
 5.4813284e-001
 5.4892850e-001
 5.5002564e-001
 5.5144060e-001
 5.5318147e-001
 5.5524743e-001
 5.5762923e-001
 5.6030822e-001
 5.6325728e-001
 5.6644243e-001
 5.6982005e-001
 5.7333916e-001
 5.7693779e-001
 5.8054435e-001
 5.8407938e-001
 5.8745515e-001
 5.9058297e-001
 5.9337568e-001
 5.9575546e-001
 5.9766078e-001
 5.9905046e-001
 5.9991026e-001
 6.0025376e-001
 6.0012418e-001
 5.9959173e-001
 5.9875029e-001
 5.9771109e-001
 5.9659630e-001
 5.9553111e-001
 5.9463543e-001
 5.9401768e-001
 5.9376740e-001
 5.9395117e-001
 5.9460938e-001
 5.9575558e-001
 5.9737688e-001
 5.9943700e-001
 6.0188115e-001
 6.0464001e-001
 6.0763758e-001
 6.1079514e-001
 6.1403728e-001
 6.1729777e-001
 6.2051994e-001
 6.2366110e-001
 6.2669039e-001
 6.2958831e-001
 6.3234615e-001
 6.3496065e-001
 6.3743412e-001
 6.3977015e-001
 6.4197278e-001
 6.4404649e-001
 6.4599383e-001
 6.4781797e-001
 6.4952123e-001
 6.5110660e-001
 6.5257829e-001
 6.5394109e-001
 6.5520036e-001
 6.5636206e-001
 6.5743148e-001
 6.5841353e-001
 6.5931153e-001
 6.6012782e-001
 6.6086417e-001
 6.6152132e-001
 6.6210008e-001
 6.6260135e-001
 6.6302580e-001
 6.6337442e-001
 6.6364831e-001
 6.6384846e-001
 6.6397512e-001
 6.6402745e-001
 6.6400325e-001
 6.6389936e-001
 6.6371268e-001
 6.6344190e-001
 6.6308922e-001
 6.6266191e-001
 6.6217226e-001
 6.6163659e-001
 6.6107464e-001
 6.6050792e-001
 6.5995824e-001
 6.5944755e-001
 6.5899652e-001
 6.5862375e-001
 6.5834528e-001
 6.5817356e-001
 6.5811682e-001
 6.5817791e-001
 6.5835357e-001
 6.5863317e-001
 6.5899861e-001
 6.5942425e-001
 6.5987819e-001
 6.6032565e-001
 6.6073191e-001
 6.6106653e-001
 6.6130626e-001
 6.6143733e-001
 6.6145647e-001
 6.6137052e-001
 6.6119689e-001
 6.6096133e-001
 6.6069502e-001
 6.6043007e-001
 6.6019499e-001
 6.6001081e-001
 6.5988785e-001
 6.5982568e-001
 6.5981406e-001
 6.5983582e-001
 6.5987074e-001
 6.5989912e-001
 6.5990490e-001
 6.5987682e-001
 6.5980875e-001
 6.5969884e-001
 6.5954852e-001
 6.5936166e-001
 6.5914291e-001
 6.5889764e-001
 6.5863103e-001
 6.5834773e-001
 6.5805143e-001
 6.5774494e-001
 6.5743005e-001
 6.5710783e-001
 6.5677881e-001
 6.5644383e-001
 6.5610462e-001
 6.5576416e-001
 6.5542769e-001
 6.5510243e-001
 6.5479785e-001
 6.5452486e-001
 6.5429479e-001
 6.5411812e-001
 6.5400267e-001
 6.5395248e-001
 6.5396672e-001
 6.5403897e-001
 6.5415788e-001
 6.5430796e-001
 6.5447128e-001
 6.5462941e-001
 6.5476525e-001
 6.5486515e-001
 6.5491962e-001
 6.5492421e-001
 6.5487933e-001
 6.5478945e-001
 6.5466237e-001
 6.5450776e-001
 6.5433621e-001
 6.5415829e-001
 6.5398371e-001
 6.5382117e-001
 6.5367794e-001
 6.5355998e-001
 6.5347219e-001
 6.5341824e-001
 6.5340072e-001
 6.5342134e-001
 6.5348065e-001
 6.5357798e-001
 6.5371144e-001
 6.5387779e-001
 6.5407258e-001
 6.5429044e-001
 6.5452546e-001
 6.5477240e-001
 6.5502685e-001
 6.5528673e-001
 6.5555286e-001
 6.5582937e-001
 6.5612358e-001
 6.5644550e-001
 6.5680641e-001
 6.5721768e-001
 6.5768832e-001
 6.5822369e-001
 6.5882427e-001
 6.5948480e-001
 6.6019529e-001
 6.6094142e-001
 6.6170704e-001
 6.6247636e-001
 6.6323596e-001
 6.6397685e-001
 6.6469502e-001
 6.6539210e-001
 6.6607434e-001
 6.6675097e-001
 6.6743237e-001
 6.6812760e-001
 6.6884267e-001
 6.6957957e-001
 6.7033541e-001
 6.7110384e-001
 6.7187583e-001
 6.7264110e-001
 6.7339015e-001
 6.7411482e-001
 6.7480958e-001
 6.7547137e-001
 6.7610025e-001
 6.7669928e-001
 6.7727315e-001
 6.7782784e-001
 6.7836928e-001
 6.7890251e-001
 6.7943090e-001
 6.7995566e-001
 6.8047625e-001
 6.8099052e-001
 6.8149525e-001
 6.8198705e-001
 6.8246263e-001
 6.8291962e-001
 6.8335694e-001
 6.8377465e-001
 6.8417442e-001
 6.8455929e-001
 6.8493426e-001
 6.8530589e-001
 6.8568224e-001
 6.8607312e-001
 6.8648893e-001
 6.8694031e-001
 6.8743742e-001
 6.8798822e-001
 6.8859738e-001
 6.8926597e-001
 6.8998969e-001
 6.9075966e-001
 6.9156206e-001
 6.9237936e-001
 6.9319195e-001
 6.9397873e-001
 6.9471973e-001
 6.9539624e-001
 6.9599241e-001
 6.9649613e-001
 6.9689858e-001
 6.9719476e-001
 6.9738322e-001
 6.9746578e-001
 6.9744736e-001
 6.9733566e-001
 6.9714087e-001
 6.9687533e-001
 6.9655287e-001
 6.9618767e-001
 6.9579345e-001
 6.9538206e-001
 6.9496238e-001
 6.9453931e-001
 6.9411290e-001
 6.9367898e-001
 6.9322920e-001
 6.9275260e-001
 6.9223756e-001
 6.9167334e-001
 6.9105285e-001
 6.9037402e-001
 6.8964082e-001
 6.8886387e-001
 6.8805945e-001
 6.8724853e-001
 6.8645424e-001
 6.8569928e-001
 6.8500400e-001
 6.8438357e-001
 6.8384689e-001
 6.8339604e-001
 6.8302619e-001
 6.8272728e-001
 6.8248516e-001
 6.8228430e-001
 6.8210942e-001
 6.8194759e-001
 6.8178922e-001
 6.8162912e-001
 6.8146616e-001
 6.8130308e-001
 6.8114513e-001
 6.8099940e-001
 6.8087327e-001
 6.8077362e-001
 6.8070585e-001
 6.8067342e-001
 6.8067777e-001
 6.8071783e-001
 6.8079042e-001
 6.8089026e-001
 6.8101001e-001
 6.8114060e-001
 6.8127143e-001
 6.8139064e-001
 6.8148625e-001
 6.8154669e-001
 6.8156224e-001
 6.8152648e-001
 6.8143761e-001
 6.8129957e-001
 6.8112296e-001
 6.8092459e-001
 6.8072677e-001
 6.8055552e-001
 6.8043840e-001
 6.8040162e-001
 6.8046772e-001
 6.8065286e-001
 6.8096596e-001
 6.8140757e-001
 6.8197006e-001
 6.8263882e-001
 6.8339366e-001
 6.8421149e-001
 6.8506801e-001
 6.8593991e-001
 6.8680692e-001
 6.8765205e-001
 6.8846256e-001
 6.8922883e-001
 6.8994397e-001
 6.9060326e-001
 6.9120312e-001
 6.9174075e-001
 6.9221330e-001
 6.9261771e-001
 6.9295067e-001
 6.9320881e-001
 6.9338864e-001
 6.9348711e-001
 6.9350183e-001
 6.9343174e-001
 6.9327760e-001
 6.9304276e-001
 6.9273311e-001
 6.9235718e-001
 6.9197333e-001
 6.9148237e-001
 6.9096112e-001
 6.9042295e-001
 6.8988025e-001
 6.8934327e-001
 6.8881989e-001
 6.8831575e-001
 6.8783438e-001
 6.8737876e-001
 6.8695104e-001
 6.8655342e-001
 6.8618822e-001
 6.8585759e-001
 6.8556416e-001
 6.8531102e-001
 6.8510157e-001
 6.8493974e-001
 6.8482971e-001
 6.8477577e-001
 6.8478227e-001
 6.8485343e-001
 6.8499273e-001
 6.8520236e-001
 6.8548250e-001
 6.8583006e-001
 6.8623877e-001
 6.8669915e-001
 6.8719971e-001
 6.8772751e-001
 6.8826890e-001
 6.8881035e-001
 6.8933815e-001
 6.8983912e-001
 6.9030058e-001
 6.9071072e-001
 6.9105858e-001
 6.9133395e-001
 6.9152737e-001
 6.9162953e-001
 6.9163167e-001
 6.9152534e-001
 6.9130319e-001
 6.9095975e-001
 6.9049305e-001
 6.8990570e-001
 6.8920511e-001
 6.8840349e-001
 6.8751657e-001
 6.8656147e-001
 6.8555659e-001
 6.8451971e-001
 6.8346715e-001
 6.8241149e-001
 6.8135923e-001
 6.8030882e-001
 6.7924929e-001
 6.7816174e-001
 6.7702138e-001
 6.7579919e-001
 6.7446530e-001
 6.7298877e-001
 6.7134029e-001
 6.6949290e-001
 6.6742307e-001
 6.6511345e-001
 6.6255289e-001
 6.5973479e-001
 6.5665805e-001
 6.5332234e-001
 6.4972991e-001
 6.4588332e-001
 6.4178371e-001
 6.3743371e-001
 6.3283318e-001
 6.2798256e-001
 6.2288117e-001
 6.1752552e-001
 6.1191398e-001
 6.0604173e-001
 5.9990597e-001
 5.9350467e-001
 5.8683497e-001
 5.7990038e-001
 5.7270664e-001
 5.6526905e-001
 5.5761153e-001
 5.4976213e-001
 5.4175735e-001
 5.3363669e-001
 5.2543837e-001
 5.1720440e-001
 5.0897175e-001
 5.0077748e-001
 4.9265358e-001
 4.8462275e-001
 4.7670409e-001
 4.6890637e-001
 4.6123624e-001
 4.5369744e-001
 4.4628963e-001
 4.3901545e-001
 4.3187398e-001
 4.2486724e-001
 4.1799778e-001
 4.1126639e-001
 4.0467793e-001
 3.9823478e-001
 3.9194232e-001
 3.8580608e-001
 3.7982923e-001
 3.7401697e-001
 3.6836955e-001
 3.6288464e-001
 3.5755220e-001
 3.5234994e-001
 3.4724596e-001
 3.4219798e-001
 3.3715442e-001
 3.3206147e-001
 3.2686117e-001
 3.2149807e-001
 3.1592020e-001
 3.1008127e-001
 3.0395046e-001
 2.9751149e-001
 2.9076949e-001
 2.8374702e-001
 2.7647698e-001
 2.6900360e-001
 2.6137194e-001
 2.5363287e-001
 2.4584211e-001
 2.3806147e-001
 2.3037103e-001
 2.2286680e-001
 2.1566933e-001
 2.0891862e-001
 2.0276672e-001
 1.9737643e-001
 1.9291282e-001
 1.8953608e-001
 1.8739635e-001
 1.8661706e-001
 1.8728027e-001
 1.8940984e-001
 1.9296698e-001
 1.9785410e-001
 2.0393328e-001
 2.1103959e-001
 2.1899536e-001
 2.2762191e-001
 2.3673767e-001
 2.4617031e-001
 2.5575325e-001
 2.6533201e-001
 2.7476919e-001
 2.8393516e-001
 2.9271391e-001
 3.0099192e-001
 3.0865961e-001
 3.1561506e-001
 3.2176316e-001
 3.2702813e-001
 3.3136752e-001
 3.3477902e-001
 3.3730936e-001
 3.3904654e-001
 3.4011027e-001
 3.4063917e-001
 3.4077996e-001
 3.4068048e-001
 3.4048295e-001
 3.4031615e-001
 3.4028599e-001
 3.4046724e-001
 3.4090039e-001
 3.4159473e-001
 3.4253654e-001
 3.4369859e-001
 3.4504658e-001
 3.4654415e-001
 3.4815428e-001
 3.4984067e-001
 3.5156959e-001
 3.5330898e-001
 3.5503042e-001
 3.5670742e-001
 3.5831547e-001
 3.5983181e-001
 3.6123389e-001
 3.6250016e-001
 3.6361161e-001
 3.6455250e-001
 3.6531401e-001
 3.6589581e-001
 3.6630729e-001
 3.6656675e-001
 3.6669877e-001
 3.6673188e-001
 3.6669633e-001
 3.6662269e-001
 3.6654064e-001
 3.6647758e-001
 3.6645707e-001
 3.6649749e-001
 3.6661136e-001
 3.6680594e-001
 3.6708483e-001
 3.6744899e-001
 3.6789852e-001
 3.6843318e-001
 3.6905250e-001
 3.6975673e-001
 3.7054697e-001
 3.7142479e-001
 3.7239346e-001
 3.7345707e-001
 3.7462085e-001
 3.7588948e-001
 3.7726864e-001
 3.7876377e-001
 3.8037831e-001
 3.8211471e-001
 3.8397211e-001
 3.8594383e-001
 3.8801944e-001
 3.9018399e-001
 3.9241764e-001
 3.9470011e-001
 3.9700973e-001
 3.9932543e-001
 4.0162531e-001
 4.0389118e-001
 4.0610823e-001
 4.0826479e-001
 4.1035587e-001
 4.1238108e-001
 4.1434205e-001
 4.1624382e-001
 4.1809198e-001
 4.1989255e-001
 4.2164963e-001
 4.2336714e-001
 4.2504632e-001
 4.2668375e-001
 4.2827326e-001
 4.2980513e-001
 4.3126595e-001
 4.3264195e-001
 4.3391874e-001
 4.3508145e-001
 4.3611786e-001
 4.3701926e-001
 4.3778324e-001
 4.3841544e-001
 4.3893141e-001
 4.3935505e-001
 4.3971622e-001
 4.4004881e-001
 4.4038823e-001
 4.4076952e-001
 4.4122609e-001
 4.4178694e-001
 4.4247401e-001
 4.4329894e-001
 4.4426289e-001
 4.4535744e-001
 4.4656596e-001
 4.4786844e-001
 4.4924283e-001
 4.5066574e-001
 4.5211571e-001
 4.5357323e-001
 4.5502305e-001
 4.5645434e-001
 4.5786321e-001
 4.5925114e-001
 4.6062261e-001
 4.6198547e-001
 4.6334869e-001
 4.6472073e-001
 4.6611094e-001
 4.6752843e-001
 4.6898079e-001
 4.7047579e-001
 4.7202009e-001
 4.7361997e-001
 4.7528002e-001
 4.7700554e-001
 4.7880167e-001
 4.8067176e-001
 4.8261952e-001
 4.8464665e-001
 4.8675022e-001
 4.8892426e-001
 4.9115753e-001
 4.9343479e-001
 4.9573594e-001
 4.9804065e-001
 5.0032771e-001
 5.0257432e-001
 5.0476015e-001
 5.0686693e-001
 5.0887829e-001
 5.1078421e-001
 5.1257950e-001
 5.1426256e-001
 5.1583654e-001
 5.1730615e-001
 5.1867753e-001
 5.1995617e-001
 5.2114868e-001
 5.2226180e-001
 5.2330130e-001
 5.2427393e-001
 5.2518642e-001
 5.2604467e-001
 5.2685559e-001
 5.2762550e-001
 5.2836114e-001
 5.2906829e-001
 5.2975273e-001
 5.3041905e-001
 5.3106940e-001
 5.3170371e-001
 5.3231889e-001
 5.3290892e-001
 5.3346592e-001
 5.3398114e-001
 5.3444475e-001
 5.3484732e-001
 5.3517962e-001
 5.3543335e-001
 5.3560156e-001
 5.3567946e-001
 5.3566456e-001
 5.3555632e-001
 5.3535569e-001
 5.3506452e-001
 5.3468531e-001
 5.3422076e-001
 5.3367394e-001
 5.3304875e-001
 5.3235066e-001
 5.3158647e-001
 5.3076482e-001
 5.2989686e-001
 5.2899414e-001
 5.2806920e-001
 5.2713531e-001
 5.2620512e-001
 5.2529049e-001
 5.2440262e-001
 5.2354962e-001
 5.2273667e-001
 5.2196503e-001
 5.2123350e-001
 5.2053779e-001
 5.1987231e-001
 5.1923120e-001
 5.1860821e-001
 5.1799721e-001
 5.1739347e-001
 5.1679343e-001
 5.1619542e-001
 5.1560009e-001
 5.1501030e-001
 5.1443005e-001
 5.1386428e-001
 5.1331860e-001
 5.1279807e-001
 5.1230729e-001
 5.1184976e-001
 5.1142621e-001
 5.1103449e-001
 5.1066923e-001
 5.1032144e-001
 5.0998026e-001
 5.0963318e-001
 5.0926751e-001
 5.0887042e-001
 5.0843036e-001
 5.0793839e-001
 5.0738937e-001
 5.0678366e-001
 5.0612831e-001
 5.0543535e-001
 5.0472111e-001
 5.0400418e-001
 5.0330484e-001
 5.0264293e-001
 5.0203812e-001
 5.0150919e-001
 5.0107247e-001
 5.0074160e-001
 5.0052732e-001
 5.0043756e-001
 5.0047815e-001
 5.0065362e-001
 5.0096798e-001
 5.0142455e-001
 5.0202626e-001
 5.0277430e-001
 5.0366807e-001
 5.0470424e-001
 5.0587565e-001
 5.0717294e-001
 5.0858474e-001
 5.1009738e-001
 5.1169765e-001
 5.1337159e-001
 5.1510555e-001
 5.1688445e-001
 5.1869410e-001
 5.2051985e-001
 5.2234542e-001
 5.2415538e-001
 5.2593386e-001
 5.2766377e-001
 5.2932918e-001
 5.3091449e-001
 5.3240567e-001
 5.3379065e-001
 5.3506303e-001
 5.3622311e-001
 5.3727734e-001
 5.3823954e-001
 5.3912830e-001
 5.3996438e-001
 5.4077023e-001
 5.4156828e-001
 5.4237843e-001
 5.4321736e-001
 5.4409492e-001
 5.4501235e-001
 5.4596037e-001
 5.4692125e-001
 5.4787105e-001
 5.4878092e-001
 5.4962140e-001
 5.5036306e-001
 5.5097836e-001
 5.5144554e-001
 5.5175149e-001
 5.5189508e-001
 5.5188829e-001
 5.5175531e-001
 5.5152893e-001
 5.5124736e-001
 5.5095094e-001
 5.5067986e-001
 5.5047202e-001
 5.5035967e-001
 5.5036545e-001
 5.5049920e-001
 5.5075651e-001
 5.5112010e-001
 5.5156332e-001
 5.5205363e-001
 5.5255616e-001
 5.5303568e-001
 5.5345821e-001
 5.5379391e-001
 5.5401939e-001
 5.5411994e-001
 5.5409068e-001
 5.5393565e-001
 5.5366516e-001
 5.5329365e-001
 5.5283737e-001
 5.5231309e-001
 5.5173773e-001
 5.5112749e-001
 5.5049729e-001
 5.4986119e-001
 5.4923111e-001
 5.4861736e-001
 5.4802978e-001
 5.4747701e-001
 5.4696745e-001
 5.4650903e-001
 5.4610908e-001
 5.4577333e-001
 5.4550505e-001
 5.4530448e-001
 5.4516810e-001
 5.4508913e-001
 5.4505843e-001
 5.4506540e-001
 5.4509878e-001
 5.4514718e-001
 5.4519928e-001
 5.4524451e-001
 5.4527318e-001
 5.4527688e-001
 5.4524881e-001
 5.4518348e-001
 5.4507625e-001
 5.4492331e-001
 5.4472095e-001
 5.4446572e-001
 5.4415435e-001
 5.4378384e-001
 5.4335159e-001
 5.4285592e-001
 5.4229540e-001
 5.4166943e-001
 5.4097807e-001
 5.4022139e-001
 5.3939950e-001
 5.3851336e-001
 5.3756350e-001
 5.3655148e-001
 5.3547937e-001
 5.3435147e-001
 5.3317279e-001
 5.3194958e-001
 5.3069013e-001
 5.2940232e-001
 5.2809411e-001
 5.2677441e-001
 5.2545053e-001
 5.2412874e-001
 5.2281266e-001
 5.2150398e-001
 5.2019995e-001
 5.1889485e-001
 5.1758152e-001
 5.1625079e-001
 5.1489252e-001
 5.1349783e-001
 5.1205713e-001
 5.1056182e-001
 5.0900626e-001
 5.0738627e-001
 5.0570047e-001
 5.0394976e-001
 5.0213790e-001
 5.0026864e-001
 4.9834609e-001
 4.9637604e-001
 4.9436289e-001
 4.9231118e-001
 4.9022681e-001
 4.8811439e-001
 4.8597896e-001
 4.8382527e-001
 4.8165947e-001
 4.7948632e-001
 4.7731042e-001
 4.7513774e-001
 4.7297186e-001
 4.7081479e-001
 4.6866748e-001
 4.6652570e-001
 4.6438128e-001
 4.6222413e-001
 4.6004021e-001
 4.5781472e-001
 4.5553190e-001
 4.5317802e-001
 4.5073903e-001
 4.4820333e-001
 4.4556513e-001
 4.4282216e-001
 4.3997782e-001
 4.3704313e-001
 4.3403128e-001
 4.3095881e-001
 4.2784277e-001
 4.2470264e-001
 4.2155552e-001
 4.1841802e-001
 4.1530862e-001
 4.1235077e-001
 4.1006780e-001
 4.0711984e-001
 4.0422264e-001
 4.0137058e-001
 3.9855880e-001
 3.9578167e-001
 3.9303565e-001
 3.9031512e-001
 3.8761520e-001
 3.8493097e-001
 3.8225707e-001
 3.7959191e-001
 3.7693280e-001
 3.7427789e-001
 3.7162459e-001
 3.6897224e-001
 3.6631823e-001
 3.6366063e-001
 3.6099693e-001
 3.5832641e-001
 3.5564652e-001
 3.5295528e-001
 3.5025018e-001
 3.4753048e-001
 3.4479424e-001
 3.4204498e-001
 3.3928868e-001
 3.3653098e-001
 3.3377928e-001
 3.3103916e-001
 3.2831669e-001
 3.2561752e-001
 3.2294896e-001
 3.2031658e-001
 3.1772658e-001
 3.1518444e-001
 3.1269759e-001
 3.1027156e-001
 3.0791253e-001
 3.0562666e-001
 3.0341953e-001
 3.0129841e-001
 2.9926836e-001
 2.9732940e-001
 2.9547837e-001
 2.9371342e-001
 2.9203123e-001
 2.9042909e-001
 2.8890389e-001
 2.8745353e-001
 2.8607488e-001
 2.8476515e-001
 2.8352159e-001
 2.8234115e-001
 2.8122157e-001
 2.8015986e-001
 2.7915317e-001
 2.7819857e-001
 2.7729365e-001
 2.7643546e-001
 2.7562124e-001
 2.7484801e-001
 2.7411333e-001
 2.7341431e-001
 2.7274832e-001
 2.7211475e-001
 2.7151436e-001
 2.7094749e-001
 2.7041465e-001
 2.6991636e-001
 2.6945299e-001
 2.6902521e-001
 2.6863348e-001
 2.6827827e-001
 2.6796001e-001
 2.6767936e-001
 2.6743674e-001
 2.6723257e-001
 2.6706746e-001
 2.6694188e-001
 2.6685631e-001
 2.6681125e-001
 2.6680723e-001
 2.6684472e-001
 2.6692420e-001
 2.6704621e-001
 2.6721120e-001
 2.6741976e-001
 2.6767230e-001
 2.6796934e-001
 2.6831108e-001
 2.6869559e-001
 2.6911950e-001
 2.6957968e-001
 2.7007291e-001
 2.7059603e-001
 2.7114591e-001
 2.7171916e-001
 2.7231267e-001
 2.7292326e-001
 2.7354786e-001
 2.7418298e-001
 2.7482554e-001
 2.7547237e-001
 2.7612045e-001
 2.7676621e-001
 2.7740669e-001
 2.7803859e-001
 2.7865890e-001
 2.7926415e-001
 2.7985126e-001
 2.8041697e-001
 2.8095821e-001
 2.8147182e-001
 2.8195435e-001
 2.8240275e-001
 2.8281382e-001
 2.8318444e-001
 2.8351122e-001
 2.8379104e-001
 2.8402120e-001
 2.8420210e-001
 2.8433585e-001
 2.8442445e-001
