s07_ASD Record=16690: Theobromine SA-T4500         ASDHRa AREF
-1.2300000e+034
 7.0722747e-001
 7.0442522e-001
 7.0170224e-001
 6.9490552e-001
 6.8924987e-001
 6.8742549e-001
 6.8476111e-001
 6.8404776e-001
 6.8371558e-001
 6.8149799e-001
 6.7816091e-001
 6.7503834e-001
 6.7405945e-001
 6.7547262e-001
 6.7458773e-001
 6.7367548e-001
 6.7320883e-001
 6.7136902e-001
 6.6954052e-001
 6.6844338e-001
 6.6831958e-001
 6.6831511e-001
 6.6797847e-001
 6.6782743e-001
 6.6820878e-001
 6.6795415e-001
 6.6769445e-001
 6.6816831e-001
 6.6970676e-001
 6.7109185e-001
 6.7253369e-001
 6.7417771e-001
 6.7606986e-001
 6.7866176e-001
 6.8175566e-001
 6.8507624e-001
 6.8850952e-001
 6.9179821e-001
 6.9506377e-001
 6.9848502e-001
 7.0207924e-001
 7.0661771e-001
 7.1172291e-001
 7.1621990e-001
 7.2069532e-001
 7.2600371e-001
 7.3217016e-001
 7.3800457e-001
 7.4411857e-001
 7.5075763e-001
 7.5797278e-001
 7.6536274e-001
 7.7274007e-001
 7.8018159e-001
 7.8785497e-001
 7.9563749e-001
 8.0363798e-001
 8.1159037e-001
 8.1899333e-001
 8.2623988e-001
 8.3348924e-001
 8.4045231e-001
 8.4641206e-001
 8.5225463e-001
 8.5781676e-001
 8.6274445e-001
 8.6740911e-001
 8.7151051e-001
 8.7510979e-001
 8.7854534e-001
 8.8173467e-001
 8.8455850e-001
 8.8699621e-001
 8.8922733e-001
 8.9121872e-001
 8.9314461e-001
 8.9503688e-001
 8.9654642e-001
 8.9799333e-001
 8.9945382e-001
 9.0084523e-001
 9.0222555e-001
 9.0343928e-001
 9.0446210e-001
 9.0547585e-001
 9.0646046e-001
 9.0749371e-001
 9.0861273e-001
 9.0966910e-001
 9.1050476e-001
 9.1120434e-001
 9.1198206e-001
 9.1271138e-001
 9.1340077e-001
 9.1403532e-001
 9.1458482e-001
 9.1506064e-001
 9.1552383e-001
 9.1599673e-001
 9.1637856e-001
 9.1669619e-001
 9.1694587e-001
 9.1711915e-001
 9.1727495e-001
 9.1745001e-001
 9.1761959e-001
 9.1771621e-001
 9.1785455e-001
 9.1802883e-001
 9.1821510e-001
 9.1843766e-001
 9.1870058e-001
 9.1900170e-001
 9.1934365e-001
 9.1974324e-001
 9.2019844e-001
 9.2065251e-001
 9.2101699e-001
 9.2138463e-001
 9.2183220e-001
 9.2236835e-001
 9.2284203e-001
 9.2325395e-001
 9.2370200e-001
 9.2423654e-001
 9.2454714e-001
 9.2495662e-001
 9.2553556e-001
 9.2588514e-001
 9.2628866e-001
 9.2671442e-001
 9.2707759e-001
 9.2745775e-001
 9.2783630e-001
 9.2819726e-001
 9.2853183e-001
 9.2888385e-001
 9.2918152e-001
 9.2943275e-001
 9.2976707e-001
 9.3005568e-001
 9.3027484e-001
 9.3048108e-001
 9.3076271e-001
 9.3101430e-001
 9.3122494e-001
 9.3148804e-001
 9.3175131e-001
 9.3203306e-001
 9.3232358e-001
 9.3257678e-001
 9.3284661e-001
 9.3316942e-001
 9.3351114e-001
 9.3374562e-001
 9.3403482e-001
 9.3442947e-001
 9.3477929e-001
 9.3509364e-001
 9.3546498e-001
 9.3594819e-001
 9.3638146e-001
 9.3675351e-001
 9.3707192e-001
 9.3738252e-001
 9.3773478e-001
 9.3804199e-001
 9.3827260e-001
 9.3851101e-001
 9.3869817e-001
 9.3888229e-001
 9.3908912e-001
 9.3920231e-001
 9.3933243e-001
 9.3944794e-001
 9.3941230e-001
 9.3937075e-001
 9.3935031e-001
 9.3934351e-001
 9.3930840e-001
 9.3928319e-001
 9.3928194e-001
 9.3928069e-001
 9.3921220e-001
 9.3913710e-001
 9.3907255e-001
 9.3896592e-001
 9.3885779e-001
 9.3875134e-001
 9.3864471e-001
 9.3853325e-001
 9.3840194e-001
 9.3832237e-001
 9.3837827e-001
 9.3841201e-001
 9.3847930e-001
 9.3858957e-001
 9.3865639e-001
 9.3876618e-001
 9.3895203e-001
 9.3920171e-001
 9.3944436e-001
 9.3969965e-001
 9.3997085e-001
 9.4023669e-001
 9.4050735e-001
 9.4082665e-001
 9.4119412e-001
 9.4151318e-001
 9.4183224e-001
 9.4211316e-001
 9.4229615e-001
 9.4248271e-001
 9.4266504e-001
 9.4282925e-001
 9.4296658e-001
 9.4308746e-001
 9.4327128e-001
 9.4357240e-001
 9.4385940e-001
 9.4406646e-001
 9.4415838e-001
 9.4416189e-001
 9.4416595e-001
 9.4420457e-001
 9.4431531e-001
 9.4452816e-001
 9.4474590e-001
 9.4494498e-001
 9.4511873e-001
 9.4518256e-001
 9.4520664e-001
 9.4524646e-001
 9.4528723e-001
 9.4526917e-001
 9.4521779e-001
 9.4514382e-001
 9.4497633e-001
 9.4482023e-001
 9.4468927e-001
 9.4452769e-001
 9.4437110e-001
 9.4421148e-001
 9.4405931e-001
 9.4394380e-001
 9.4381988e-001
 9.4368285e-001
 9.4353789e-001
 9.4335610e-001
 9.4312954e-001
 9.4288379e-001
 9.4267559e-001
 9.4249868e-001
 9.4233882e-001
 9.4217616e-001
 9.4200534e-001
 9.4183475e-001
 9.4171143e-001
 9.4168401e-001
 9.4167268e-001
 9.4162625e-001
 9.4155854e-001
 9.4159210e-001
 9.4175506e-001
 9.4199544e-001
 9.4223446e-001
 9.4250923e-001
 9.4287014e-001
 9.4330961e-001
 9.4374239e-001
 9.4415504e-001
 9.4464308e-001
 9.4525474e-001
 9.4584835e-001
 9.4638473e-001
 9.4688797e-001
 9.4742304e-001
 9.4796580e-001
 9.4846576e-001
 9.4892234e-001
 9.4940484e-001
 9.4985992e-001
 9.5025527e-001
 9.5055854e-001
 9.5076352e-001
 9.5095843e-001
 9.5117205e-001
 9.5138037e-001
 9.5156848e-001
 9.5172608e-001
 9.5186591e-001
 9.5201123e-001
 9.5206696e-001
 9.5208508e-001
 9.5216972e-001
 9.5228148e-001
 9.5234847e-001
 9.5239973e-001
 9.5254272e-001
 9.5261347e-001
 9.5262575e-001
 9.5263803e-001
 9.5268536e-001
 9.5270628e-001
 9.5271087e-001
 9.5274800e-001
 9.5279920e-001
 9.5276612e-001
 9.5267409e-001
 9.5267493e-001
 9.5263457e-001
 9.5258379e-001
 9.5259196e-001
 9.5265490e-001
 9.5264143e-001
 9.5255280e-001
 9.5249707e-001
 9.5246226e-001
 9.5242798e-001
 9.5238793e-001
 9.5237416e-001
 9.5236415e-001
 9.5235211e-001
 9.5236123e-001
 9.5242733e-001
 9.5242888e-001
 9.5237124e-001
 9.5236647e-001
 9.5235199e-001
 9.5234954e-001
 9.5236999e-001
 9.5239305e-001
 9.5239985e-001
 9.5234311e-001
 9.5224267e-001
 9.5227611e-001
 9.5235467e-001
 9.5239669e-001
 9.5237601e-001
 9.5233822e-001
 9.5225370e-001
 9.5208728e-001
 9.5187068e-001
 9.5171696e-001
 9.5165008e-001
 9.5162064e-001
 9.5158631e-001
 9.5157033e-001
 9.5162195e-001
 9.5178312e-001
 9.5199341e-001
 9.5219970e-001
 9.5237094e-001
 9.5251995e-001
 9.5258588e-001
 9.5260721e-001
 9.5264083e-001
 9.5259804e-001
 9.5252562e-001
 9.5246696e-001
 9.5243818e-001
 9.5241123e-001
 9.5236671e-001
 9.5228952e-001
 9.5216894e-001
 9.5198739e-001
 9.5180547e-001
 9.5169514e-001
 9.5156980e-001
 9.5141363e-001
 9.5126843e-001
 9.5122653e-001
 9.5122313e-001
 9.5115256e-001
 9.5098054e-001
 9.5086592e-001
 9.5079362e-001
 9.5078510e-001
 9.5084882e-001
 9.5091212e-001
 9.5092922e-001
 9.5093018e-001
 9.5102102e-001
 9.5116419e-001
 9.5130211e-001
 9.5140076e-001
 9.5151168e-001
 9.5161372e-001
 9.5173252e-001
 9.5188630e-001
 9.5200729e-001
 9.5208812e-001
 9.5217079e-001
 9.5231313e-001
 9.5242417e-001
 9.5253038e-001
 9.5261204e-001
 9.5258206e-001
 9.5255202e-001
 9.5254654e-001
 9.5257199e-001
 9.5265383e-001
 9.5275366e-001
 9.5281881e-001
 9.5284367e-001
 9.5293665e-001
 9.5299256e-001
 9.5296437e-001
 9.5294893e-001
 9.5296067e-001
 9.5301288e-001
 9.5306712e-001
 9.5302677e-001
 9.5291483e-001
 9.5280117e-001
 9.5276684e-001
 9.5276386e-001
 9.5271903e-001
 9.5261663e-001
 9.5253235e-001
 9.5249963e-001
 9.5250154e-001
 9.5249104e-001
 9.5242476e-001
 9.5231956e-001
 9.5225739e-001
 9.5229429e-001
 9.5232260e-001
 9.5233619e-001
 9.5229787e-001
 9.5219642e-001
 9.5214248e-001
 9.5210540e-001
 9.5205832e-001
 9.5202428e-001
 9.5205408e-001
 9.5209295e-001
 9.5205903e-001
 9.5193362e-001
 9.5180094e-001
 9.5167571e-001
 9.5156264e-001
 9.5151567e-001
 9.5148426e-001
 9.5139182e-001
 9.5123178e-001
 9.5120966e-001
 9.5124495e-001
 9.5125353e-001
 9.5121938e-001
 9.5117062e-001
 9.5111102e-001
 9.5104563e-001
 9.5099998e-001
 9.5101529e-001
 9.5108771e-001
 9.5114732e-001
 9.5110857e-001
 9.5111269e-001
 9.5114672e-001
 9.5113540e-001
 9.5119119e-001
 9.5122141e-001
 9.5118135e-001
 9.5111793e-001
 9.5109606e-001
 9.5109630e-001
 9.5111543e-001
 9.5120090e-001
 9.5132357e-001
 9.5145452e-001
 9.5149589e-001
 9.5134890e-001
 9.5127624e-001
 9.5132726e-001
 9.5140576e-001
 9.5141929e-001
 9.5140916e-001
 9.5142597e-001
 9.5147133e-001
 9.5143515e-001
 9.5136029e-001
 9.5129359e-001
 9.5122087e-001
 9.5103753e-001
 9.5086873e-001
 9.5074350e-001
 9.5052677e-001
 9.5031762e-001
 9.5008487e-001
 9.4979686e-001
 9.4947666e-001
 9.4912356e-001
 9.4868696e-001
 9.4809973e-001
 9.4735527e-001
 9.4649398e-001
 9.4556177e-001
 9.4457620e-001
 9.4351518e-001
 9.4248968e-001
 9.4165325e-001
 9.4113088e-001
 9.4089383e-001
 9.4102186e-001
 9.4145966e-001
 9.4203645e-001
 9.4271600e-001
 9.4342703e-001
 9.4407934e-001
 9.4458789e-001
 9.4499242e-001
 9.4530338e-001
 9.4554746e-001
 9.4573641e-001
 9.4579834e-001
 9.4572490e-001
 9.4556552e-001
 9.4539112e-001
 9.4512600e-001
 9.4479465e-001
 9.4445199e-001
 9.4409484e-001
 9.4363379e-001
 9.4308054e-001
 9.4251484e-001
 9.4199330e-001
 9.4145596e-001
 9.4087607e-001
 9.4025654e-001
 9.3963200e-001
 9.3906498e-001
 9.3855381e-001
 9.3808383e-001
 9.3771642e-001
 9.3738669e-001
 9.3709177e-001
 9.3689865e-001
 9.3682665e-001
 9.3674320e-001
 9.3665898e-001
 9.3669432e-001
 9.3681091e-001
 9.3703395e-001
 9.3732005e-001
 9.3759632e-001
 9.3791890e-001
 9.3832445e-001
 9.3882895e-001
 9.3943733e-001
 9.4014442e-001
 9.4076043e-001
 9.4129217e-001
 9.4193155e-001
 9.4255185e-001
 9.4316632e-001
 9.4377494e-001
 9.4438964e-001
 9.4507229e-001
 9.4580060e-001
 9.4650036e-001
 9.4710988e-001
 9.4772726e-001
 9.4831592e-001
 9.4887048e-001
 9.4942582e-001
 9.4995123e-001
 9.5043612e-001
 9.5088023e-001
 9.5128381e-001
 9.5161808e-001
 9.5190042e-001
 9.5216799e-001
 9.5241749e-001
 9.5252764e-001
 9.5257556e-001
 9.5261121e-001
 9.5265287e-001
 9.5277172e-001
 9.5286483e-001
 9.5287526e-001
 9.5284659e-001
 9.5284355e-001
 9.5285177e-001
 9.5285416e-001
 9.5282900e-001
 9.5277512e-001
 9.5280957e-001
 9.5291603e-001
 9.5297807e-001
 9.5302141e-001
 9.5307416e-001
 9.5312685e-001
 9.5314610e-001
 9.5316416e-001
 9.5322138e-001
 9.5326364e-001
 9.5322514e-001
 9.5318127e-001
 9.5313281e-001
 9.5304310e-001
 9.5289344e-001
 9.5275182e-001
 9.5259428e-001
 9.5245349e-001
 9.5234317e-001
 9.5221978e-001
 9.5211166e-001
 9.5200032e-001
 9.5186180e-001
 9.5171934e-001
 9.5163888e-001
 9.5149904e-001
 9.5133942e-001
 9.5132768e-001
 9.5111400e-001
 9.5073438e-001
 9.5027155e-001
 9.4985646e-001
 9.4957954e-001
 9.4917214e-001
 9.4868565e-001
 9.4835222e-001
 9.4798094e-001
 9.4760716e-001
 9.4712245e-001
 9.4650722e-001
 9.4603938e-001
 9.4563758e-001
 9.4518447e-001
 9.4462508e-001
 9.4412476e-001
 9.4376493e-001
 9.4336921e-001
 9.4285315e-001
 9.4244802e-001
 9.4228375e-001
 9.4216073e-001
 9.4190681e-001
 9.4160801e-001
 9.4150269e-001
 9.4134837e-001
 9.4125015e-001
 9.4127065e-001
 9.4103527e-001
 9.4113302e-001
 9.4115233e-001
 9.4090903e-001
 9.4113964e-001
 9.4110972e-001
 9.4108105e-001
 9.4110179e-001
 9.4114220e-001
 9.4120610e-001
 9.4129717e-001
 9.4141787e-001
 9.4156969e-001
 9.4175291e-001
 9.4196671e-001
 9.4220924e-001
 9.4247758e-001
 9.4276792e-001
 9.4307506e-001
 9.4339228e-001
 9.4371092e-001
 9.4402075e-001
 9.4431031e-001
 9.4456899e-001
 9.4478804e-001
 9.4496208e-001
 9.4508952e-001
 9.4517106e-001
 9.4520915e-001
 9.4520640e-001
 9.4516546e-001
 9.4508970e-001
 9.4498426e-001
 9.4485682e-001
 9.4471794e-001
 9.4458026e-001
 9.4445717e-001
 9.4436139e-001
 9.4430345e-001
 9.4429028e-001
 9.4432515e-001
 9.4440770e-001
 9.4453526e-001
 9.4470412e-001
 9.4491082e-001
 9.4515270e-001
 9.4542766e-001
 9.4573325e-001
 9.4606596e-001
 9.4642109e-001
 9.4679260e-001
 9.4717425e-001
 9.4755995e-001
 9.4794387e-001
 9.4832033e-001
 9.4868326e-001
 9.4902599e-001
 9.4934148e-001
 9.4962317e-001
 9.4986683e-001
 9.5007110e-001
 9.5023847e-001
 9.5037401e-001
 9.5048422e-001
 9.5057517e-001
 9.5065123e-001
 9.5071399e-001
 9.5076281e-001
 9.5079523e-001
 9.5080841e-001
 9.5080030e-001
 9.5077056e-001
 9.5072162e-001
 9.5065808e-001
 9.5058638e-001
 9.5051324e-001
 9.5044428e-001
 9.5038259e-001
 9.5032823e-001
 9.5027804e-001
 9.5022655e-001
 9.5016706e-001
 9.5009291e-001
 9.4999838e-001
 9.4987887e-001
 9.4973099e-001
 9.4955194e-001
 9.4933933e-001
 9.4909132e-001
 9.4880635e-001
 9.4848359e-001
 9.4812232e-001
 9.4772130e-001
 9.4727808e-001
 9.4678873e-001
 9.4624704e-001
 9.4564545e-001
 9.4497472e-001
 9.4422430e-001
 9.4338202e-001
 9.4243383e-001
 9.4136429e-001
 9.4015622e-001
 9.3879330e-001
 9.3726081e-001
 9.3554682e-001
 9.3364501e-001
 9.3155324e-001
 9.2927611e-001
 9.2682487e-001
 9.2421699e-001
 9.2147976e-001
 9.1864812e-001
 9.1576684e-001
 9.1288882e-001
 9.1007197e-001
 9.0737879e-001
 9.0487087e-001
 9.0260762e-001
 9.0064079e-001
 8.9901012e-001
 8.9774030e-001
 8.9683670e-001
 8.9628357e-001
 8.9604503e-001
 8.9606756e-001
 8.9628524e-001
 8.9662606e-001
 8.9701927e-001
 8.9740139e-001
 8.9772141e-001
 8.9794326e-001
 8.9804715e-001
 8.9802808e-001
 8.9789295e-001
 8.9765650e-001
 8.9733666e-001
 8.9694977e-001
 8.9650697e-001
 8.9601278e-001
 8.9546472e-001
 8.9485574e-001
 8.9417762e-001
 8.9342421e-001
 8.9259547e-001
 8.9169890e-001
 8.9074975e-001
 8.8976997e-001
 8.8878465e-001
 8.8781899e-001
 8.8689387e-001
 8.8602233e-001
 8.8520837e-001
 8.8444537e-001
 8.8371879e-001
 8.8300794e-001
 8.8228947e-001
 8.8154101e-001
 8.8074344e-001
 8.7988305e-001
 8.7895304e-001
 8.7795347e-001
 8.7689215e-001
 8.7578332e-001
 8.7464762e-001
 8.7351006e-001
 8.7239850e-001
 8.7134349e-001
 8.7037641e-001
 8.6952955e-001
 8.6883509e-001
 8.6832303e-001
 8.6802024e-001
 8.6794746e-001
 8.6811775e-001
 8.6853546e-001
 8.6919612e-001
 8.7008786e-001
 8.7119299e-001
 8.7249118e-001
 8.7396055e-001
 8.7558073e-001
 8.7733299e-001
 8.7920088e-001
 8.8117123e-001
 8.8323081e-001
 8.8536733e-001
 8.8756543e-001
 8.8980609e-001
 8.9206666e-001
 8.9431930e-001
 8.9653516e-001
 8.9868492e-001
 9.0074253e-001
 9.0268862e-001
 9.0451044e-001
 9.0620309e-001
 9.0776968e-001
 9.0921837e-001
 9.1056216e-001
 9.1181606e-001
 9.1299564e-001
 9.1411620e-001
 9.1519058e-001
 9.1622907e-001
 9.1723818e-001
 9.1822040e-001
 9.1917503e-001
 9.2009801e-001
 9.2098439e-001
 9.2182875e-001
 9.2262697e-001
 9.2337745e-001
 9.2408049e-001
 9.2473888e-001
 9.2535681e-001
 9.2593950e-001
 9.2649275e-001
 9.2702198e-001
 9.2753237e-001
 9.2802870e-001
 9.2851484e-001
 9.2899400e-001
 9.2946815e-001
 9.2993748e-001
 9.3040037e-001
 9.3085289e-001
 9.3128985e-001
 9.3170530e-001
 9.3209350e-001
 9.3244976e-001
 9.3277073e-001
 9.3305463e-001
 9.3330079e-001
 9.3350983e-001
 9.3368351e-001
 9.3382454e-001
 9.3393654e-001
 9.3402338e-001
 9.3408877e-001
 9.3413597e-001
 9.3416739e-001
 9.3418521e-001
 9.3419105e-001
 9.3418688e-001
 9.3417454e-001
 9.3415558e-001
 9.3413097e-001
 9.3410069e-001
 9.3406373e-001
 9.3401819e-001
 9.3396157e-001
 9.3389165e-001
 9.3380696e-001
 9.3370754e-001
 9.3359554e-001
 9.3347538e-001
 9.3335348e-001
 9.3323785e-001
 9.3313688e-001
 9.3305832e-001
 9.3300790e-001
 9.3298858e-001
 9.3299973e-001
 9.3303704e-001
 9.3309313e-001
 9.3315798e-001
 9.3322033e-001
 9.3326885e-001
 9.3329322e-001
 9.3328506e-001
 9.3323803e-001
 9.3314815e-001
 9.3301332e-001
 9.3283308e-001
 9.3260849e-001
 9.3234199e-001
 9.3203753e-001
 9.3170023e-001
 9.3133652e-001
 9.3095344e-001
 9.3055767e-001
 9.3015552e-001
 9.2975199e-001
 9.2935109e-001
 9.2895585e-001
 9.2856801e-001
 9.2818862e-001
 9.2781746e-001
 9.2745346e-001
 9.2709470e-001
 9.2673874e-001
 9.2638314e-001
 9.2602539e-001
 9.2566371e-001
 9.2529660e-001
 9.2492324e-001
 9.2454350e-001
 9.2415798e-001
 9.2376804e-001
 9.2337561e-001
 9.2298281e-001
 9.2259133e-001
 9.2220235e-001
 9.2181545e-001
 9.2142904e-001
 9.2103952e-001
 9.2064196e-001
 9.2022991e-001
 9.1979575e-001
 9.1933179e-001
 9.1883045e-001
 9.1828603e-001
 9.1769475e-001
 9.1705531e-001
 9.1636890e-001
 9.1563809e-001
 9.1486633e-001
 9.1405660e-001
 9.1321069e-001
 9.1232926e-001
 9.1141194e-001
 9.1045690e-001
 9.0946203e-001
 9.0842378e-001
 9.0733749e-001
 9.0619636e-001
 9.0499055e-001
 9.0370822e-001
 9.0233457e-001
 9.0085393e-001
 8.9925039e-001
 8.9750874e-001
 8.9561647e-001
 8.9356369e-001
 8.9134520e-001
 8.8896072e-001
 8.8641471e-001
 8.8371879e-001
 8.8089025e-001
 8.7795460e-001
 8.7494516e-001
 8.7190151e-001
 8.6887050e-001
 8.6590213e-001
 8.6304486e-001
 8.6034369e-001
 8.5783291e-001
 8.5553521e-001
 8.5345840e-001
 8.5159439e-001
 8.4992260e-001
 8.4841114e-001
 8.4702289e-001
 8.4572005e-001
 8.4446913e-001
 8.4324622e-001
 8.4203833e-001
 8.4084487e-001
 8.3967501e-001
 8.3854413e-001
 8.3747035e-001
 8.3646977e-001
 8.3555406e-001
 8.3472902e-001
 8.3399385e-001
 8.3334386e-001
 8.3277178e-001
 8.3227110e-001
 8.3183825e-001
 8.3147365e-001
 8.3118212e-001
 8.3097142e-001
 8.3085048e-001
 8.3082712e-001
 8.3090633e-001
 8.3108914e-001
 8.3137274e-001
 8.3175147e-001
 8.3221859e-001
 8.3276868e-001
 8.3339930e-001
 8.3411252e-001
 8.3491528e-001
 8.3581775e-001
 8.3683115e-001
 8.3796382e-001
 8.3921784e-001
 8.4058690e-001
 8.4205395e-001
 8.4359318e-001
 8.4517163e-001
 8.4675324e-001
 8.4830415e-001
 8.4979564e-001
 8.5120767e-001
 8.5253155e-001
 8.5376829e-001
 8.5492921e-001
 8.5603178e-001
 8.5709715e-001
 8.5814691e-001
 8.5919911e-001
 8.6026651e-001
 8.6135495e-001
 8.6246300e-001
 8.6358398e-001
 8.6470670e-001
 8.6581922e-001
 8.6691004e-001
 8.6797065e-001
 8.6899644e-001
 8.6998576e-001
 8.7093979e-001
 8.7186003e-001
 8.7274659e-001
 8.7359732e-001
 8.7440586e-001
 8.7516236e-001
 8.7585342e-001
 8.7646329e-001
 8.7697566e-001
 8.7737405e-001
 8.7764329e-001
 8.7777001e-001
 8.7774265e-001
 8.7755239e-001
 8.7719327e-001
 8.7666327e-001
 8.7596536e-001
 8.7510878e-001
 8.7410998e-001
 8.7299389e-001
 8.7179416e-001
 8.7055194e-001
 8.6931533e-001
 8.6813509e-001
 8.6706185e-001
 8.6614126e-001
 8.6540991e-001
 8.6489284e-001
 8.6460191e-001
 8.6453611e-001
 8.6468309e-001
 8.6502200e-001
 8.6552620e-001
 8.6616629e-001
 8.6691320e-001
 8.6773944e-001
 8.6862129e-001
 8.6953890e-001
 8.7047690e-001
 8.7142473e-001
 8.7237567e-001
 8.7332737e-001
 8.7428099e-001
 8.7524122e-001
 8.7621629e-001
 8.7721652e-001
 8.7825465e-001
 8.7934363e-001
 8.8049531e-001
 8.8171929e-001
 8.8302010e-001
 8.8439715e-001
 8.8584268e-001
 8.8734257e-001
 8.8887751e-001
 8.9042407e-001
 8.9195698e-001
 8.9345235e-001
 8.9488804e-001
 8.9624685e-001
 8.9751595e-001
 8.9868778e-001
 8.9975983e-001
 9.0073287e-001
 9.0161073e-001
 9.0239835e-001
 9.0310127e-001
 9.0372503e-001
 9.0427482e-001
 9.0475625e-001
 9.0517521e-001
 9.0553832e-001
 9.0585309e-001
 9.0612721e-001
 9.0636855e-001
 9.0658480e-001
 9.0678263e-001
 9.0696794e-001
 9.0714538e-001
 9.0731871e-001
 9.0749091e-001
 9.0766460e-001
 9.0784228e-001
 9.0802640e-001
 9.0821868e-001
 9.0842021e-001
 9.0863031e-001
 9.0884709e-001
 9.0906733e-001
 9.0928715e-001
 9.0950280e-001
 9.0971100e-001
 9.0990925e-001
 9.1009581e-001
 9.1026884e-001
 9.1042650e-001
 9.1056573e-001
 9.1068244e-001
 9.1077119e-001
 9.1082555e-001
 9.1083872e-001
 9.1080391e-001
 9.1071522e-001
 9.1056812e-001
 9.1036004e-001
 9.1009086e-001
 9.0976304e-001
 9.0938181e-001
 9.0895432e-001
 9.0848917e-001
 9.0799505e-001
 9.0748006e-001
 9.0695053e-001
 9.0641046e-001
 9.0586227e-001
 9.0530682e-001
 9.0474480e-001
 9.0417749e-001
 9.0360695e-001
 9.0303665e-001
 9.0247041e-001
 9.0191251e-001
 9.0136659e-001
 9.0083545e-001
 9.0032071e-001
 8.9982259e-001
 8.9934009e-001
 8.9887089e-001
 8.9841169e-001
 8.9795923e-001
 8.9751059e-001
 8.9706427e-001
 8.9662004e-001
 8.9617866e-001
 8.9574134e-001
 8.9530933e-001
 8.9488238e-001
 8.9445943e-001
 8.9403766e-001
 8.9361334e-001
 8.9318174e-001
 8.9273751e-001
 8.9227515e-001
 8.9178944e-001
 8.9127612e-001
 8.9073223e-001
 8.9015645e-001
 8.8954967e-001
 8.8891393e-001
 8.8825262e-001
 8.8756919e-001
 8.8686633e-001
 8.8614577e-001
 8.8540739e-001
 8.8464975e-001
 8.8386995e-001
 8.8306355e-001
 8.8222528e-001
 8.8134933e-001
 8.8042903e-001
 8.7945825e-001
 8.7843066e-001
 8.7734091e-001
 8.7618482e-001
 8.7495875e-001
 8.7366110e-001
 8.7229097e-001
 8.7084925e-001
 8.6933798e-001
 8.6775941e-001
 8.6611658e-001
 8.6441153e-001
 8.6264646e-001
 8.6082369e-001
 8.5894608e-001
 8.5701960e-001
 8.5505229e-001
 8.5305601e-001
 8.5104567e-001
 8.4903705e-001
 8.4704781e-001
 8.4509563e-001
 8.4319675e-001
 8.4136683e-001
 8.3961803e-001
 8.3795995e-001
 8.3639759e-001
 8.3493078e-001
 8.3355510e-001
 8.3226103e-001
 8.3103567e-001
 8.2986325e-001
 8.2872546e-001
 8.2760352e-001
 8.2647777e-001
 8.2532954e-001
 8.2414150e-001
 8.2289737e-001
 8.2158303e-001
 8.2018459e-001
 8.1868881e-001
 8.1708193e-001
 8.1534845e-001
 8.1347263e-001
 8.1143749e-001
 8.0922735e-001
 8.0682826e-001
 8.0422819e-001
 8.0141878e-001
 7.9839462e-001
 7.9515153e-001
 7.9168832e-001
 7.8800339e-001
 7.8409725e-001
 7.7997190e-001
 7.7563018e-001
 7.7108163e-001
 7.6634115e-001
 7.6143605e-001
 7.5640774e-001
 7.5131184e-001
 7.4622285e-001
 7.4122673e-001
 7.3642027e-001
 7.3190129e-001
 7.2775799e-001
 7.2406328e-001
 7.2086263e-001
 7.1817231e-001
 7.1597642e-001
 7.1422940e-001
 7.1286380e-001
 7.1179813e-001
 7.1094638e-001
 7.1022719e-001
 7.0956957e-001
 7.0891738e-001
 7.0822901e-001
 7.0747495e-001
 7.0663416e-001
 7.0568842e-001
 7.0461941e-001
 7.0340633e-001
 7.0202684e-001
 7.0046139e-001
 6.9869739e-001
 6.9673520e-001
 6.9459087e-001
 6.9229490e-001
 6.8988955e-001
 6.8741858e-001
 6.8491948e-001
 6.8241221e-001
 6.7989153e-001
 6.7732722e-001
 6.7466617e-001
 6.7184585e-001
 6.6881019e-001
 6.6552746e-001
 6.6200984e-001
 6.5832543e-001
 6.5460098e-001
 6.5101975e-001
 6.4780253e-001
 6.4518780e-001
 6.4340216e-001
 6.4263242e-001
 6.4300269e-001
 6.4455789e-001
 6.4725804e-001
 6.5098244e-001
 6.5554607e-001
 6.6071725e-001
 6.6624564e-001
 6.7188174e-001
 6.7739844e-001
 6.8260747e-001
 6.8736321e-001
 6.9156957e-001
 6.9517308e-001
 6.9815803e-001
 7.0053822e-001
 7.0234561e-001
 7.0362300e-001
 7.0441753e-001
 7.0477533e-001
 7.0474011e-001
 7.0435143e-001
 7.0364529e-001
 7.0265388e-001
 7.0140731e-001
 6.9993377e-001
 6.9826239e-001
 6.9642526e-001
 6.9445825e-001
 6.9240415e-001
 6.9031054e-001
 6.8823057e-001
 6.8622017e-001
 6.8433458e-001
 6.8262684e-001
 6.8114322e-001
 6.7992151e-001
 6.7898786e-001
 6.7835420e-001
 6.7801845e-001
 6.7796439e-001
 6.7816430e-001
 6.7858243e-001
 6.7918009e-001
 6.7991960e-001
 6.8076867e-001
 6.8170321e-001
 6.8270767e-001
 6.8377548e-001
 6.8490654e-001
 6.8610471e-001
 6.8737555e-001
 6.8872321e-001
 6.9015050e-001
 6.9165778e-001
 6.9324422e-001
 6.9490916e-001
 6.9665134e-001
 6.9847000e-001
 7.0036215e-001
 7.0232135e-001
 7.0433736e-001
 7.0639372e-001
 7.0847094e-001
 7.1054703e-001
 7.1260107e-001
 7.1461695e-001
 7.1658355e-001
 7.1849549e-001
 7.2035295e-001
 7.2215796e-001
 7.2391385e-001
 7.2562224e-001
 7.2728240e-001
 7.2889191e-001
 7.3044556e-001
 7.3193771e-001
 7.3336130e-001
 7.3470908e-001
 7.3597378e-001
 7.3714775e-001
 7.3822439e-001
 7.3919833e-001
 7.4006718e-001
 7.4083239e-001
 7.4149865e-001
 7.4207348e-001
 7.4256533e-001
 7.4298161e-001
 7.4332815e-001
 7.4360788e-001
 7.4382168e-001
 7.4396914e-001
 7.4404937e-001
 7.4406189e-001
 7.4400634e-001
 7.4388313e-001
 7.4369282e-001
 7.4343634e-001
 7.4311548e-001
 7.4273384e-001
 7.4229729e-001
 7.4181533e-001
 7.4130148e-001
 7.4077278e-001
 7.4024892e-001
 7.3975074e-001
 7.3929787e-001
 7.3890799e-001
 7.3859543e-001
 7.3837090e-001
 7.3824173e-001
 7.3821151e-001
 7.3828095e-001
 7.3844814e-001
 7.3870927e-001
 7.3905957e-001
 7.3949414e-001
 7.4000782e-001
 7.4059492e-001
 7.4124867e-001
 7.4195981e-001
 7.4271679e-001
 7.4350554e-001
 7.4431098e-001
 7.4511850e-001
 7.4591500e-001
 7.4673361e-001
 7.4748611e-001
 7.4820220e-001
 7.4888140e-001
 7.4952674e-001
 7.5014567e-001
 7.5074881e-001
 7.5134748e-001
 7.5195080e-001
 7.5256288e-001
 7.5318307e-001
 7.5380647e-001
 7.5442606e-001
 7.5503457e-001
 7.5562543e-001
 7.5619429e-001
 7.5674075e-001
 7.5726843e-001
 7.5778395e-001
 7.5829351e-001
 7.5879908e-001
 7.5929689e-001
 7.5977719e-001
 7.6022798e-001
 7.6063806e-001
 7.6100022e-001
 7.6131123e-001
 7.6157063e-001
 7.6177877e-001
 7.6193613e-001
 7.6204497e-001
 7.6211196e-001
 7.6215065e-001
 7.6218116e-001
 7.6222616e-001
 7.6230460e-001
 7.6242667e-001
 7.6259142e-001
 7.6278889e-001
 7.6300335e-001
 7.6321715e-001
 7.6341283e-001
 7.6357442e-001
 7.6368928e-001
 7.6374990e-001
 7.6375508e-001
 7.6370901e-001
 7.6361853e-001
 7.6348960e-001
 7.6332641e-001
 7.6313323e-001
 7.6291817e-001
 7.6269573e-001
 7.6248616e-001
 7.6231086e-001
 7.6218683e-001
 7.6212209e-001
 7.6211381e-001
 7.6214880e-001
 7.6220530e-001
 7.6225609e-001
 7.6227272e-001
 7.6223147e-001
 7.6211965e-001
 7.6194125e-001
 7.6171863e-001
 7.6149088e-001
 7.6130736e-001
 7.6122010e-001
 7.6127440e-001
 7.6150179e-001
 7.6191455e-001
 7.6250440e-001
 7.6324397e-001
 7.6409179e-001
 7.6499742e-001
 7.6590812e-001
 7.6677406e-001
 7.6755214e-001
 7.6820964e-001
 7.6872617e-001
 7.6909512e-001
 7.6932341e-001
 7.6942855e-001
 7.6943445e-001
 7.6936555e-001
 7.6924139e-001
 7.6907337e-001
 7.6886457e-001
 7.6861209e-001
 7.6831079e-001
 7.6795667e-001
 7.6754802e-001
 7.6708567e-001
 7.6657307e-001
 7.6601577e-001
 7.6542294e-001
 7.6480782e-001
 7.6418823e-001
 7.6358557e-001
 7.6302254e-001
 7.6252103e-001
 7.6209766e-001
 7.6176053e-001
 7.6150525e-001
 7.6131332e-001
 7.6115435e-001
 7.6099026e-001
 7.6078153e-001
 7.6049232e-001
 7.6009297e-001
 7.5956196e-001
 7.5888640e-001
 7.5806469e-001
 7.5710869e-001
 7.5604451e-001
 7.5491184e-001
 7.5376081e-001
 7.5264740e-001
 7.5163084e-001
 7.5076836e-001
 7.5011086e-001
 7.4969560e-001
 7.4953932e-001
 7.4963367e-001
 7.4994493e-001
 7.5041902e-001
 7.5099105e-001
 7.5159645e-001
 7.5218093e-001
 7.5270808e-001
 7.5316203e-001
 7.5354725e-001
 7.5388581e-001
 7.5421184e-001
 7.5456631e-001
 7.5499010e-001
 7.5551754e-001
 7.5617093e-001
 7.5695640e-001
 7.5786364e-001
 7.5886959e-001
 7.5994247e-001
 7.6104879e-001
 7.6215690e-001
 7.6324010e-001
 7.6427823e-001
 7.6525670e-001
 7.6616633e-001
 7.6700121e-001
 7.6775736e-001
 7.6843154e-001
 7.6902074e-001
 7.6952398e-001
 7.6994312e-001
 7.7028394e-001
 7.7055544e-001
 7.7076769e-001
 7.7093071e-001
 7.7105361e-001
 7.7114457e-001
 7.7121121e-001
 7.7125931e-001
 7.7129120e-001
 7.7130443e-001
 7.7129161e-001
 7.7124184e-001
 7.7114278e-001
 7.7098274e-001
 7.7075219e-001
 7.7044511e-001
 7.7005929e-001
 7.6959628e-001
 7.6906008e-001
 7.6845509e-001
 7.6778537e-001
 7.6705348e-001
 7.6626229e-001
 7.6541561e-001
 7.6451874e-001
 7.6357943e-001
 7.6260710e-001
 7.6161385e-001
 7.6061445e-001
 7.5962549e-001
 7.5866455e-001
 7.5774711e-001
 7.5688577e-001
 7.5608850e-001
 7.5535810e-001
 7.5469166e-001
 7.5407946e-001
 7.5350338e-001
 7.5293839e-001
 7.5235540e-001
 7.5172669e-001
 7.5103080e-001
 7.5025403e-001
 7.4938971e-001
 7.4843448e-001
 7.4738663e-001
 7.4624527e-001
 7.4501312e-001
 7.4369627e-001
 7.4230468e-001
 7.4085134e-001
 7.3934793e-001
 7.3780465e-001
 7.3622847e-001
 7.3462486e-001
 7.3299551e-001
 7.3134065e-001
 7.2966105e-001
 7.2795773e-001
 7.2623378e-001
 7.2449630e-001
 7.2275418e-001
 7.2101861e-001
 7.1930045e-001
 7.1760976e-001
 7.1595061e-001
 7.1432161e-001
 7.1271932e-001
 7.1113902e-001
 7.0957947e-001
 7.0804518e-001
 7.0654213e-001
 7.0507586e-001
 7.0364869e-001
 7.0225596e-001
 7.0088732e-001
 6.9952691e-001
 6.9815612e-001
 6.9675291e-001
 6.9529319e-001
 6.9375318e-001
 6.9210804e-001
 6.9033527e-001
 6.8841779e-001
 6.8634290e-001
 6.8410408e-001
 6.8169808e-001
 6.7912453e-001
 6.7637962e-001
 6.7345691e-001
 6.7035085e-001
 6.6705525e-001
 6.6356927e-001
 6.5990299e-001
 6.5607518e-001
 6.5211630e-001
 6.4807117e-001
 6.4399147e-001
 6.3993615e-001
 6.3596475e-001
 6.3213545e-001
 6.2849391e-001
 6.2507129e-001
 6.2188363e-001
 6.1892557e-001
 6.1617243e-001
 6.1358351e-001
 6.1109990e-001
 6.0865211e-001
 6.0616434e-001
 6.0356498e-001
 6.0079008e-001
 5.9779114e-001
 5.9454060e-001
 5.9102976e-001
 5.8727151e-001
 5.8330286e-001
 5.7917929e-001
 5.7497597e-001
 5.7078326e-001
 5.6670773e-001
 5.6286287e-001
 5.5936921e-001
 5.5635148e-001
 5.5392611e-001
 5.5219477e-001
 5.5123502e-001
 5.5108994e-001
 5.5176586e-001
 5.5323094e-001
 5.5541962e-001
 5.5823749e-001
 5.6156927e-001
 5.6528360e-001
 5.6924605e-001
 5.7332546e-001
 5.7739794e-001
 5.8135748e-001
 5.8511543e-001
 5.8859771e-001
 5.9174949e-001
 5.9453052e-001
 5.9691691e-001
 5.9889925e-001
 6.0048544e-001
 6.0169625e-001
 6.0255933e-001
 6.0310441e-001
 6.0335618e-001
 6.0333091e-001
 6.0303718e-001
 6.0247749e-001
 6.0165256e-001
 6.0056216e-001
 5.9920651e-001
 5.9758484e-001
 5.9569716e-001
 5.9354353e-001
 5.9112900e-001
 5.8847052e-001
 5.8559763e-001
 5.8255625e-001
 5.7941025e-001
 5.7623285e-001
 5.7310408e-001
 5.7010257e-001
 5.6730193e-001
 5.6476092e-001
 5.6252134e-001
 5.6060588e-001
 5.5901396e-001
 5.5772346e-001
 5.5669492e-001
 5.5587411e-001
 5.5519956e-001
 5.5460900e-001
 5.5404323e-001
 5.5345082e-001
 5.5279040e-001
 5.5203271e-001
 5.5116022e-001
 5.5016685e-001
 5.4905784e-001
 5.4784584e-001
 5.4654831e-001
 5.4518527e-001
 5.4377395e-001
 5.4232836e-001
 5.4085863e-001
 5.3937447e-001
 5.3788465e-001
 5.3639889e-001
 5.3492725e-001
 5.3347588e-001
 5.3204554e-001
 5.3063351e-001
 5.2923340e-001
 5.2784002e-001
 5.2645212e-001
 5.2507091e-001
 5.2369928e-001
 5.2233833e-001
 5.2098608e-001
 5.1963437e-001
 5.1826984e-001
 5.1687711e-001
 5.1543945e-001
 5.1394331e-001
 5.1238316e-001
 5.1076132e-001
 5.0909066e-001
 5.0739276e-001
 5.0569683e-001
 5.0403255e-001
 5.0242764e-001
 5.0090533e-001
 4.9948159e-001
 4.9816734e-001
 4.9697125e-001
 4.9589929e-001
 4.9495590e-001
 4.9414396e-001
 4.9346307e-001
 4.9291027e-001
 4.9248025e-001
 4.9216577e-001
 4.9195653e-001
 4.9183846e-001
 4.9179250e-001
 4.9179387e-001
 4.9181244e-001
 4.9181449e-001
 4.9176517e-001
 4.9163073e-001
 4.9138021e-001
 4.9098653e-001
 4.9042726e-001
 4.8968685e-001
 4.8876080e-001
 4.8765841e-001
 4.8640415e-001
 4.8503578e-001
 4.8359534e-001
 4.8212063e-001
 4.8063633e-001
 4.7915092e-001
 4.7765550e-001
 4.7612980e-001
 4.7454903e-001
 4.7288617e-001
 4.7111395e-001
 4.6920562e-001
 4.6713170e-001
 4.6486285e-001
 4.6237507e-001
 4.5965070e-001
 4.5668295e-001
 4.5347461e-001
 4.5003918e-001
 4.4639346e-001
 4.4255671e-001
 4.3855050e-001
 4.3438998e-001
 4.3008363e-001
 4.2563540e-001
 4.2103958e-001
 4.1628814e-001
 4.1137195e-001
 4.0628910e-001
 4.0104043e-001
 3.9563540e-001
 3.9009804e-001
 3.8446051e-001
 3.7876526e-001
 3.7306517e-001
 3.6740953e-001
 3.6184210e-001
 3.5640082e-001
 3.5110790e-001
 3.4597510e-001
 3.4100267e-001
 3.3618647e-001
 3.3151460e-001
 3.2697624e-001
 3.2257062e-001
 3.1830510e-001
 3.1420088e-001
 3.1029400e-001
 3.0662492e-001
 3.0323598e-001
 3.0016309e-001
 2.9743347e-001
 2.9505813e-001
 2.9303470e-001
 2.9135153e-001
 2.8999072e-001
 2.8893676e-001
 2.8818330e-001
 2.8773457e-001
 2.8760493e-001
 2.8781277e-001
 2.8837147e-001
 2.8928107e-001
 2.9052311e-001
 2.9205823e-001
 2.9383042e-001
 2.9577175e-001
 2.9780766e-001
 2.9986781e-001
 3.0189294e-001
 3.0384070e-001
 3.0569336e-001
 3.0745721e-001
 3.0916125e-001
 3.1085071e-001
 3.1258327e-001
 3.1442147e-001
 3.1642556e-001
 3.1865099e-001
 3.2114330e-001
 3.2393283e-001
 3.2703570e-001
 3.3045116e-001
 3.3415920e-001
 3.3812746e-001
 3.4231186e-001
 3.4666207e-001
 3.5112059e-001
 3.5563052e-001
 3.6013308e-001
 3.6456400e-001
 3.6885977e-001
 3.7295341e-001
 3.7677133e-001
 3.8023859e-001
 3.8327512e-001
 3.8579908e-001
 3.8772824e-001
 3.8898882e-001
 3.8951951e-001
 3.8927895e-001
 3.8825399e-001
 3.8646579e-001
 3.8397729e-001
 3.8089234e-001
 3.7735227e-001
 3.7352782e-001
 3.6959621e-001
 3.6572295e-001
 3.6203846e-001
 3.5862505e-001
 3.5550418e-001
 3.5264352e-001
 3.4997466e-001
 3.4741372e-001
 3.4489262e-001
 3.4238753e-001
 3.3993354e-001
 3.3763221e-001
 3.3564031e-001
 3.3414802e-001
 3.3334407e-001
 3.3338428e-001
 3.3436215e-001
 3.3629122e-001
 3.3910269e-001
 3.4265482e-001
 3.4676182e-001
 3.5122240e-001
 3.5585174e-001
 3.6050045e-001
 3.6507472e-001
 3.6953643e-001
 3.7389410e-001
 3.7819499e-001
 3.8250205e-001
 3.8686928e-001
 3.9132932e-001
 3.9587945e-001
 4.0047562e-001
 4.0504456e-001
 4.0948996e-001
 4.1370791e-001
 4.1759613e-001
 4.2107135e-001
 4.2407459e-001
 4.2657483e-001
 4.2857581e-001
 4.3011251e-001
 4.3124643e-001
 4.3206066e-001
 4.3264931e-001
 4.3310916e-001
 4.3353257e-001
 4.3400404e-001
 4.3459824e-001
 4.3537778e-001
 4.3639103e-001
 4.3766791e-001
 4.3921426e-001
 4.4101131e-001
 4.4301531e-001
 4.4515902e-001
 4.4736046e-001
 4.4952843e-001
 4.5157200e-001
 4.5340645e-001
 4.5496270e-001
 4.5618930e-001
 4.5705426e-001
 4.5754874e-001
 4.5768887e-001
 4.5751947e-001
 4.5711604e-001
 4.5658168e-001
 4.5603806e-001
 4.5561162e-001
 4.5541668e-001
 4.5554224e-001
 4.5604196e-001
 4.5692921e-001
 4.5817518e-001
 4.5970789e-001
 4.6141860e-001
 4.6317211e-001
 4.6482357e-001
 4.6624362e-001
 4.6733710e-001
 4.6805570e-001
 4.6839765e-001
 4.6839967e-001
 4.6812221e-001
 4.6763688e-001
 4.6701682e-001
 4.6633109e-001
 4.6564227e-001
 4.6500397e-001
 4.6446106e-001
 4.6405029e-001
 4.6380147e-001
 4.6373728e-001
 4.6387377e-001
 4.6422023e-001
 4.6477923e-001
 4.6554586e-001
 4.6650314e-001
 4.6761805e-001
 4.6883738e-001
 4.7008818e-001
 4.7128648e-001
 4.7234580e-001
 4.7318640e-001
 4.7374022e-001
 4.7395626e-001
 4.7380510e-001
 4.7328532e-001
 4.7242808e-001
 4.7129598e-001
 4.6997681e-001
 4.6857047e-001
 4.6717924e-001
 4.6590111e-001
 4.6482909e-001
 4.6404848e-001
 4.6363401e-001
 4.6364060e-001
 4.6409079e-001
 4.6496490e-001
 4.6619472e-001
 4.6766716e-001
 4.6923298e-001
 4.7071898e-001
 4.7194695e-001
 4.7274953e-001
 4.7298697e-001
 4.7255871e-001
 4.7140872e-001
 4.6952254e-001
 4.6692383e-001
 4.6366733e-001
 4.5983845e-001
 4.5555678e-001
 4.5096922e-001
 4.4624686e-001
 4.4157267e-001
 4.3713298e-001
 4.3309858e-001
 4.2961797e-001
 4.2681220e-001
 4.2476717e-001
 4.2353892e-001
 4.2316055e-001
 4.2364791e-001
 4.2500389e-001
 4.2721364e-001
 4.3022999e-001
 4.3396339e-001
 4.3827593e-001
 4.4298518e-001
 4.4789067e-001
 4.5279759e-001
 4.5753753e-001
 4.6199086e-001
 4.6608627e-001
 4.6979037e-001
 4.7309962e-001
 4.7602272e-001
 4.7857624e-001
 4.8078519e-001
 4.8269451e-001
 4.8437047e-001
 4.8589313e-001
 4.8734215e-001
 4.8877805e-001
 4.9023327e-001
 4.9171963e-001
 4.9324107e-001
 4.9480590e-001
 4.9642563e-001
 4.9810600e-001
 4.9983215e-001
 5.0156254e-001
 5.0324231e-001
 5.0482458e-001
 5.0629127e-001
 5.0766528e-001
 5.0900209e-001
 5.1037133e-001
 5.1183861e-001
 5.1344812e-001
 5.1520956e-001
 5.1708436e-001
 5.1897913e-001
 5.2074927e-001
 5.2222610e-001
 5.2327096e-001
 5.2382743e-001
 5.2394730e-001
 5.2376813e-001
 5.2345204e-001
 5.2312392e-001
 5.2284342e-001
 5.2261633e-001
 5.2242404e-001
-1.2300000e+034
