s07_ASD Record=7991: Muscovite GDS120 Pegma M.     BECKa AREF
 4.6330041e-001
 4.6914330e-001
 4.7485027e-001
 4.8038343e-001
 4.8570040e-001
 4.9075887e-001
 4.9551803e-001
 4.9993777e-001
 5.0398457e-001
 5.0763971e-001
 5.1090550e-001
 5.1380742e-001
 5.1639217e-001
 5.1872814e-001
 5.2090752e-001
 5.2303517e-001
 5.2520633e-001
 5.2748984e-001
 5.2992165e-001
 5.3250754e-001
 5.3522968e-001
 5.3805715e-001
 5.4095709e-001
 5.4390013e-001
 5.4686069e-001
 5.4981089e-001
 5.5271775e-001
 5.5554855e-001
 5.5828631e-001
 5.6093931e-001
 5.6353748e-001
 5.6611872e-001
 5.6871575e-001
 5.7135361e-001
 5.7404548e-001
 5.7678896e-001
 5.7957411e-001
 5.8238995e-001
 5.8522856e-001
 5.8808398e-001
 5.9095109e-001
 5.9382373e-001
 5.9669387e-001
 5.9955257e-001
 6.0238969e-001
 6.0519361e-001
 6.0794908e-001
 6.1063594e-001
 6.1322951e-001
 6.1570621e-001
 6.1805141e-001
 6.2026644e-001
 6.2237018e-001
 6.2439233e-001
 6.2636322e-001
 6.2830508e-001
 6.3023061e-001
 6.3214529e-001
 6.3404959e-001
 6.3593507e-001
 6.3777161e-001
 6.3953358e-001
 6.4120555e-001
 6.4276177e-001
 6.4417434e-001
 6.4546710e-001
 6.4668947e-001
 6.4787596e-001
 6.4903367e-001
 6.5013593e-001
 6.5112585e-001
 6.5193975e-001
 6.5253872e-001
 6.5292901e-001
 6.5316230e-001
 6.5331626e-001
 6.5346456e-001
 6.5365171e-001
 6.5388572e-001
 6.5414762e-001
 6.5440720e-001
 6.5463495e-001
 6.5480703e-001
 6.5490574e-001
 6.5492135e-001
 6.5485460e-001
 6.5471810e-001
 6.5453321e-001
 6.5432531e-001
 6.5412092e-001
 6.5395111e-001
 6.5385908e-001
 6.5390682e-001
 6.5417331e-001
 6.5474033e-001
 6.5567005e-001
 6.5697885e-001
 6.5862536e-001
 6.6052628e-001
 6.6259372e-001
 6.6476369e-001
 6.6699767e-001
 6.6926235e-001
 6.7150730e-001
 6.7365676e-001
 6.7562842e-001
 6.7736495e-001
 6.7885524e-001
 6.8013132e-001
 6.8124384e-001
 6.8223453e-001
 6.8312263e-001
 6.8391484e-001
 6.8462276e-001
 6.8527061e-001
 6.8588901e-001
 6.8650705e-001
 6.8715179e-001
 6.8784666e-001
 6.8859875e-001
 6.8938434e-001
 6.9015723e-001
 6.9088179e-001
 6.9155812e-001
 6.9220924e-001
 6.9284767e-001
 6.9346678e-001
 6.9406706e-001
 6.9467682e-001
 6.9533151e-001
 6.9603157e-001
 6.9672984e-001
 6.9736511e-001
 6.9790691e-001
 6.9836909e-001
 6.9879073e-001
 6.9921499e-001
 6.9967932e-001
 7.0020318e-001
 7.0076644e-001
 7.0130366e-001
 7.0173818e-001
 7.0203435e-001
 7.0221275e-001
 7.0231372e-001
 7.0235974e-001
 7.0236486e-001
 7.0236015e-001
 7.0238113e-001
 7.0243537e-001
 7.0251048e-001
 7.0261395e-001
 7.0277488e-001
 7.0299548e-001
 7.0322502e-001
 7.0339888e-001
 7.0349300e-001
 7.0353335e-001
 7.0356637e-001
 7.0363289e-001
 7.0376182e-001
 7.0396155e-001
 7.0420426e-001
 7.0443332e-001
 7.0461047e-001
 7.0476139e-001
 7.0495659e-001
 7.0523447e-001
 7.0554948e-001
 7.0581168e-001
 7.0598102e-001
 7.0611203e-001
 7.0629352e-001
 7.0655209e-001
 7.0682985e-001
 7.0705765e-001
 7.0723617e-001
 7.0744067e-001
 7.0775336e-001
 7.0819062e-001
 7.0868117e-001
 7.0910394e-001
 7.0935744e-001
 7.0942396e-001
 7.0939279e-001
 7.0941401e-001
 7.0959657e-001
 7.0992279e-001
 7.1025759e-001
 7.1045202e-001
 7.1045464e-001
 7.1034378e-001
 7.1026433e-001
 7.1033007e-001
 7.1057039e-001
 7.1095276e-001
 7.1143609e-001
 7.1198142e-001
 7.1251440e-001
 7.1292698e-001
 7.1316797e-001
 7.1331447e-001
 7.1349907e-001
 7.1377540e-001
 7.1410227e-001
 7.1443808e-001
 7.1478361e-001
 7.1513981e-001
 7.1548742e-001
 7.1581155e-001
 7.1609670e-001
 7.1630645e-001
 7.1642393e-001
 7.1651328e-001
 7.1668661e-001
 7.1700126e-001
 7.1742624e-001
 7.1790522e-001
 7.1840864e-001
 7.1890783e-001
 7.1933478e-001
 7.1962023e-001
 7.1979058e-001
 7.1998608e-001
 7.2033149e-001
 7.2082818e-001
 7.2143286e-001
 7.2216415e-001
 7.2299623e-001
 7.2370929e-001
 7.2403300e-001
 7.2396010e-001
 7.2378683e-001
 7.2381562e-001
 7.2409582e-001
 7.2446758e-001
 7.2480005e-001
 7.2513622e-001
 7.2559333e-001
 7.2617036e-001
 7.2672009e-001
 7.2711086e-001
 7.2736913e-001
 7.2764689e-001
 7.2806352e-001
 7.2860974e-001
 7.2921360e-001
 7.2981828e-001
 7.3032379e-001
 7.3057854e-001
 7.3060477e-001
 7.3069334e-001
 7.3108494e-001
 7.3169351e-001
 7.3226547e-001
 7.3268539e-001
 7.3302847e-001
 7.3345923e-001
 7.3407298e-001
 7.3473561e-001
 7.3519224e-001
 7.3538119e-001
 7.3550111e-001
 7.3578554e-001
 7.3630971e-001
 7.3696202e-001
 7.3754257e-001
 7.3793125e-001
 7.3819000e-001
 7.3849398e-001
 7.3894840e-001
 7.3947102e-001
 7.3990113e-001
 7.4023110e-001
 7.4061024e-001
 7.4112380e-001
 7.4172449e-001
 7.4227917e-001
 7.4256557e-001
 7.4251473e-001
 7.4246711e-001
 7.4281424e-001
 7.4345267e-001
 7.4402046e-001
 7.4445248e-001
 7.4488443e-001
 7.4532795e-001
 7.4570507e-001
 7.4600476e-001
 7.4625897e-001
 7.4648708e-001
 7.4674582e-001
 7.4713540e-001
 7.4768692e-001
 7.4830556e-001
 7.4886215e-001
 7.4929011e-001
 7.4958223e-001
 7.4975628e-001
 7.4985200e-001
 7.4992234e-001
 7.5000978e-001
 7.5016475e-001
 7.5048327e-001
 7.5104171e-001
 7.5176150e-001
 7.5243115e-001
 7.5291401e-001
 7.5325948e-001
 7.5359279e-001
 7.5398993e-001
 7.5446951e-001
 7.5499010e-001
 7.5543112e-001
 7.5571364e-001
 7.5599515e-001
 7.5655836e-001
 7.5744647e-001
 7.5835454e-001
 7.5892562e-001
 7.5912219e-001
 7.5919580e-001
 7.5940007e-001
 7.5983840e-001
 7.6047117e-001
 7.6115596e-001
 7.6171452e-001
 7.6203632e-001
 7.6215124e-001
 7.6219898e-001
 7.6232898e-001
 7.6262420e-001
 7.6309061e-001
 7.6368171e-001
 7.6432097e-001
 7.6492727e-001
 7.6544726e-001
 7.6587850e-001
 7.6626366e-001
 7.6666582e-001
 7.6714522e-001
 7.6773334e-001
 7.6839638e-001
 7.6902080e-001
 7.6946980e-001
 7.6970381e-001
 7.6985472e-001
 7.7014828e-001
 7.7072370e-001
 7.7151799e-001
 7.7232033e-001
 7.7294338e-001
 7.7335310e-001
 7.7366084e-001
 7.7395624e-001
 7.7418131e-001
 7.7422702e-001
 7.7416545e-001
 7.7430105e-001
 7.7480459e-001
 7.7547950e-001
 7.7610242e-001
 7.7674955e-001
 7.7754420e-001
 7.7834779e-001
 7.7894664e-001
 7.7933604e-001
 7.7963775e-001
 7.7989948e-001
 7.8010219e-001
 7.8028917e-001
 7.8062290e-001
 7.8126538e-001
 7.8211981e-001
 7.8282362e-001
 7.8320533e-001
 7.8351647e-001
 7.8392625e-001
 7.8417492e-001
 7.8412789e-001
 7.8419411e-001
 7.8469294e-001
 7.8529978e-001
 7.8563118e-001
 7.8589481e-001
 7.8649205e-001
 7.8737479e-001
 7.8812927e-001
 7.8845304e-001
 7.8842163e-001
 7.8839600e-001
 7.8865933e-001
 7.8913265e-001
 7.8947496e-001
 7.8943694e-001
 7.8921825e-001
 7.8933418e-001
 7.8998864e-001
 7.9085630e-001
 7.9120225e-001
 7.9081398e-001
 7.9043734e-001
 7.9065019e-001
 7.9133117e-001
 7.9216605e-001
 7.9288799e-001
 7.9327935e-001
 7.9322118e-001
 7.9286206e-001
 7.9260373e-001
 7.9279178e-001
 7.9337430e-001
 7.9391950e-001
 7.9400843e-001
 7.9362720e-001
 7.9316360e-001
 7.9303187e-001
 7.9333293e-001
 7.9384965e-001
 7.9430592e-001
 7.9456252e-001
 7.9462934e-001
 7.9456306e-001
 7.9439741e-001
 7.9414099e-001
 7.9381222e-001
 7.9347217e-001
 7.9323590e-001
 7.9324573e-001
 7.9349530e-001
 7.9393303e-001
 7.9433596e-001
 7.9454863e-001
 7.9456323e-001
 7.9443091e-001
 7.9420334e-001
 7.9393387e-001
 7.9368818e-001
 7.9353678e-001
 7.9355043e-001
 7.9377723e-001
 7.9411566e-001
 7.9440433e-001
 7.9448098e-001
 7.9421645e-001
 7.9369462e-001
 7.9308605e-001
 7.9256177e-001
 7.9226887e-001
 7.9219621e-001
 7.9228896e-001
 7.9243404e-001
 7.9256099e-001
 7.9262632e-001
 7.9261738e-001
 7.9252326e-001
 7.9233259e-001
 7.9203588e-001
 7.9165614e-001
 7.9124856e-001
 7.9087001e-001
 7.9057723e-001
 7.9042429e-001
 7.9040420e-001
 7.9044956e-001
 7.9049057e-001
 7.9045725e-001
 7.9028255e-001
 7.8995705e-001
 7.8952873e-001
 7.8904754e-001
 7.8856367e-001
 7.8812724e-001
 7.8777713e-001
 7.8750861e-001
 7.8730673e-001
 7.8715616e-001
 7.8704178e-001
 7.8694838e-001
 7.8686392e-001
 7.8678846e-001
 7.8672475e-001
 7.8667587e-001
 7.8664464e-001
 7.8663397e-001
 7.8664684e-001
 7.8668332e-001
 7.8673255e-001
 7.8678173e-001
 7.8681737e-001
 7.8682631e-001
 7.8679538e-001
 7.8671145e-001
 7.8656137e-001
 7.8633666e-001
 7.8604847e-001
 7.8571182e-001
 7.8534216e-001
 7.8495449e-001
 7.8456444e-001
 7.8418696e-001
 7.8383738e-001
 7.8352809e-001
 7.8326035e-001
 7.8303295e-001
 7.8284478e-001
 7.8269458e-001
 7.8258109e-001
 7.8250331e-001
 7.8245974e-001
 7.8244853e-001
 7.8246486e-001
 7.8250313e-001
 7.8255785e-001
 7.8262353e-001
 7.8269452e-001
 7.8276545e-001
 7.8283054e-001
 7.8288460e-001
 7.8292179e-001
 7.8293675e-001
 7.8292394e-001
 7.8287989e-001
 7.8280848e-001
 7.8271544e-001
 7.8260624e-001
 7.8248638e-001
 7.8236198e-001
 7.8223819e-001
 7.8212082e-001
 7.8201550e-001
 7.8192776e-001
 7.8186321e-001
 7.8182769e-001
 7.8182423e-001
 7.8184813e-001
 7.8189242e-001
 7.8195059e-001
 7.8201568e-001
 7.8208107e-001
 7.8213996e-001
 7.8218561e-001
 7.8221130e-001
 7.8221023e-001
 7.8217566e-001
 7.8210372e-001
 7.8200120e-001
 7.8187680e-001
 7.8173947e-001
 7.8159821e-001
 7.8146178e-001
 7.8133911e-001
 7.8123903e-001
 7.8117049e-001
 7.8114241e-001
 7.8116059e-001
 7.8122020e-001
 7.8131407e-001
 7.8143531e-001
 7.8157669e-001
 7.8173101e-001
 7.8189135e-001
 7.8205055e-001
 7.8220147e-001
 7.8233707e-001
 7.8245223e-001
 7.8254914e-001
 7.8263134e-001
 7.8270239e-001
 7.8276581e-001
 7.8282523e-001
 7.8288424e-001
 7.8294653e-001
 7.8301543e-001
 7.8309476e-001
 7.8318787e-001
 7.8329802e-001
 7.8342831e-001
 7.8358197e-001
 7.8376210e-001
 7.8397191e-001
 7.8421444e-001
 7.8449297e-001
 7.8481048e-001
 7.8516668e-001
 7.8554970e-001
 7.8594494e-001
 7.8633809e-001
 7.8671461e-001
 7.8706008e-001
 7.8736019e-001
 7.8760034e-001
 7.8777075e-001
 7.8787661e-001
 7.8792638e-001
 7.8792816e-001
 7.8789037e-001
 7.8782135e-001
 7.8772944e-001
 7.8762287e-001
 7.8750885e-001
 7.8739071e-001
 7.8727108e-001
 7.8715253e-001
 7.8703767e-001
 7.8692901e-001
 7.8682923e-001
 7.8674096e-001
 7.8666866e-001
 7.8662336e-001
 7.8661728e-001
 7.8666675e-001
 7.8678668e-001
 7.8698266e-001
 7.8726083e-001
 7.8761715e-001
 7.8803879e-001
 7.8850633e-001
 7.8899753e-001
 7.8948963e-001
 7.8996360e-001
 7.9041046e-001
 7.9083532e-001
 7.9125345e-001
 7.9168397e-001
 7.9214549e-001
 7.9265183e-001
 7.9320771e-001
 7.9380739e-001
 7.9443711e-001
 7.9507935e-001
 7.9571563e-001
 7.9632825e-001
 7.9690176e-001
 7.9742312e-001
 7.9788136e-001
 7.9826736e-001
 7.9857498e-001
 7.9880434e-001
 7.9896516e-001
 7.9907811e-001
 7.9917222e-001
 7.9928035e-001
 7.9943293e-001
 7.9965162e-001
 7.9994392e-001
 8.0030137e-001
 8.0070281e-001
 8.0111986e-001
 8.0152363e-001
 8.0189002e-001
 8.0192202e-001
 8.0216026e-001
 8.0236965e-001
 8.0254793e-001
 8.0269486e-001
 8.0281168e-001
 8.0290085e-001
 8.0296594e-001
 8.0301172e-001
 8.0304432e-001
 8.0307126e-001
 8.0310166e-001
 8.0314547e-001
 8.0321264e-001
 8.0331171e-001
 8.0344898e-001
 8.0362689e-001
 8.0384439e-001
 8.0409634e-001
 8.0437469e-001
 8.0466980e-001
 8.0497140e-001
 8.0526990e-001
 8.0555737e-001
 8.0582762e-001
 8.0607647e-001
 8.0630159e-001
 8.0650264e-001
 8.0668014e-001
 8.0683517e-001
 8.0696911e-001
 8.0708241e-001
 8.0717552e-001
 8.0724829e-001
 8.0730051e-001
 8.0733216e-001
 8.0734360e-001
 8.0733585e-001
 8.0731064e-001
 8.0727077e-001
 8.0722004e-001
 8.0716383e-001
 8.0710894e-001
 8.0706388e-001
 8.0703813e-001
 8.0704200e-001
 8.0708539e-001
 8.0717665e-001
 8.0732119e-001
 8.0752015e-001
 8.0776972e-001
 8.0806065e-001
 8.0837882e-001
 8.0870682e-001
 8.0902559e-001
 8.0931747e-001
 8.0956841e-001
 8.0977029e-001
 8.0992198e-001
 8.1002897e-001
 8.1010240e-001
 8.1015587e-001
 8.1020325e-001
 8.1025547e-001
 8.1031871e-001
 8.1039387e-001
 8.1047726e-001
 8.1056195e-001
 8.1064039e-001
 8.1070644e-001
 8.1075680e-001
 8.1079191e-001
 8.1081563e-001
 8.1083417e-001
 8.1085479e-001
 8.1088442e-001
 8.1092840e-001
 8.1099039e-001
 8.1107199e-001
 8.1117344e-001
 8.1129432e-001
 8.1143433e-001
 8.1159359e-001
 8.1177276e-001
 8.1197256e-001
 8.1219292e-001
 8.1243217e-001
 8.1268626e-001
 8.1294823e-001
 8.1320900e-001
 8.1345803e-001
 8.1368518e-001
 8.1388235e-001
 8.1404507e-001
 8.1417358e-001
 8.1427288e-001
 8.1435180e-001
 8.1442165e-001
 8.1449372e-001
 8.1457770e-001
 8.1467944e-001
 8.1480032e-001
 8.1493711e-001
 8.1508255e-001
 8.1522733e-001
 8.1536138e-001
 8.1547636e-001
 8.1556708e-001
 8.1563216e-001
 8.1567442e-001
 8.1569999e-001
 8.1571692e-001
 8.1573319e-001
 8.1575543e-001
 8.1578737e-001
 8.1582952e-001
 8.1587917e-001
 8.1593174e-001
 8.1598186e-001
 8.1602526e-001
 8.1605983e-001
 8.1608671e-001
 8.1611043e-001
 8.1613833e-001
 8.1617975e-001
 8.1624448e-001
 8.1634122e-001
 8.1647611e-001
 8.1665188e-001
 8.1686735e-001
 8.1711745e-001
 8.1739408e-001
 8.1768727e-001
 8.1798637e-001
 8.1828153e-001
 8.1856471e-001
 8.1882995e-001
 8.1907403e-001
 8.1929582e-001
 8.1949574e-001
 8.1967515e-001
 8.1983542e-001
 8.1997800e-001
 8.2010382e-001
 8.2021379e-001
 8.2030964e-001
 8.2039398e-001
 8.2047123e-001
 8.2054740e-001
 8.2062966e-001
 8.2072496e-001
 8.2083911e-001
 8.2097507e-001
 8.2113206e-001
 8.2130522e-001
 8.2148635e-001
 8.2166475e-001
 8.2182926e-001
 8.2196987e-001
 8.2207882e-001
 8.2215160e-001
 8.2218683e-001
 8.2218611e-001
 8.2215339e-001
 8.2209456e-001
 8.2201755e-001
 8.2193220e-001
 8.2185048e-001
 8.2178605e-001
 8.2175314e-001
 8.2176530e-001
 8.2183278e-001
 8.2196105e-001
 8.2214940e-001
 8.2239091e-001
 8.2267368e-001
 8.2298350e-001
 8.2330656e-001
 8.2363260e-001
 8.2395619e-001
 8.2427740e-001
 8.2460010e-001
 8.2492989e-001
 8.2527119e-001
 8.2562470e-001
 8.2598621e-001
 8.2634676e-001
 8.2669395e-001
 8.2701451e-001
 8.2729697e-001
 8.2753402e-001
 8.2772422e-001
 8.2787216e-001
 8.2798797e-001
 8.2808530e-001
 8.2817948e-001
 8.2828492e-001
 8.2841295e-001
 8.2857049e-001
 8.2875925e-001
 8.2897621e-001
 8.2921427e-001
 8.2946390e-001
 8.2971483e-001
 8.2995772e-001
 8.3018553e-001
 8.3039457e-001
 8.3058447e-001
 8.3075857e-001
 8.3092272e-001
 8.3108485e-001
 8.3125365e-001
 8.3143759e-001
 8.3164376e-001
 8.3187693e-001
 8.3213907e-001
 8.3242863e-001
 8.3274078e-001
 8.3306742e-001
 8.3339816e-001
 8.3372110e-001
 8.3402425e-001
 8.3429652e-001
 8.3452928e-001
 8.3471715e-001
 8.3485866e-001
 8.3495629e-001
 8.3501649e-001
 8.3504885e-001
 8.3506536e-001
 8.3507901e-001
 8.3510256e-001
 8.3514714e-001
 8.3522087e-001
 8.3532780e-001
 8.3546686e-001
 8.3563197e-001
 8.3581251e-001
 8.3599442e-001
 8.3616287e-001
 8.3630431e-001
 8.3640927e-001
 8.3647442e-001
 8.3650345e-001
 8.3650649e-001
 8.3649850e-001
 8.3649641e-001
 8.3651584e-001
 8.3656901e-001
 8.3666277e-001
 8.3679885e-001
 8.3697492e-001
 8.3718693e-001
 8.3743066e-001
 8.3770341e-001
 8.3800375e-001
 8.3833063e-001
 8.3868194e-001
 8.3905226e-001
 8.3943272e-001
 8.3981061e-001
 8.4017152e-001
 8.4050179e-001
 8.4079093e-001
 8.4103388e-001
 8.4123176e-001
 8.4139121e-001
 8.4152246e-001
 8.4163660e-001
 8.4174323e-001
 8.4184855e-001
 8.4195435e-001
 8.4205872e-001
 8.4215719e-001
 8.4224492e-001
 8.4231836e-001
 8.4237701e-001
 8.4242374e-001
 8.4246480e-001
 8.4250855e-001
 8.4256369e-001
 8.4263724e-001
 8.4273309e-001
 8.4285051e-001
 8.4298420e-001
 8.4312469e-001
 8.4325969e-001
 8.4337610e-001
 8.4346187e-001
 8.4350777e-001
 8.4350854e-001
 8.4346318e-001
 8.4337515e-001
 8.4325129e-001
 8.4310120e-001
 8.4293598e-001
 8.4276730e-001
 8.4260648e-001
 8.4246325e-001
 8.4234518e-001
 8.4225643e-001
 8.4219760e-001
 8.4216511e-001
 8.4215224e-001
 8.4214967e-001
 8.4214771e-001
 8.4213841e-001
 8.4211713e-001
 8.4208435e-001
 8.4204561e-001
 8.4201086e-001
 8.4199232e-001
 8.4200180e-001
 8.4204841e-001
 8.4213609e-001
 8.4226304e-001
 8.4242195e-001
 8.4260124e-001
 8.4278792e-001
 8.4296978e-001
 8.4313780e-001
 8.4328765e-001
 8.4342003e-001
 8.4354013e-001
 8.4365571e-001
 8.4377521e-001
 8.4390569e-001
 8.4405059e-001
 8.4420955e-001
 8.4437835e-001
 8.4455007e-001
 8.4471738e-001
 8.4487426e-001
 8.4501821e-001
 8.4515077e-001
 8.4527767e-001
 8.4540713e-001
 8.4554833e-001
 8.4570879e-001
 8.4589309e-001
 8.4610134e-001
 8.4632957e-001
 8.4657001e-001
 8.4681278e-001
 8.4704715e-001
 8.4726286e-001
 8.4745109e-001
 8.4760463e-001
 8.4771830e-001
 8.4778911e-001
 8.4781581e-001
 8.4779954e-001
 8.4774339e-001
 8.4765249e-001
 8.4753335e-001
 8.4739286e-001
 8.4723693e-001
 8.4706932e-001
 8.4688973e-001
 8.4669352e-001
 8.4647149e-001
 8.4621054e-001
 8.4589529e-001
 8.4551030e-001
 8.4504181e-001
 8.4448028e-001
 8.4382147e-001
 8.4306681e-001
 8.4222376e-001
 8.4130371e-001
 8.4032071e-001
 8.3928895e-001
 8.3821982e-001
 8.3712053e-001
 8.3599138e-001
 8.3482599e-001
 8.3361059e-001
 8.3232427e-001
 8.3094126e-001
 8.2943094e-001
 8.2775980e-001
 8.2589215e-001
 8.2378870e-001
 8.2140791e-001
 8.1870228e-001
 8.1561983e-001
 8.1210274e-001
 8.0808771e-001
 8.0351210e-001
 7.9831892e-001
 7.9246217e-001
 7.8591990e-001
 7.7869636e-001
 7.7083200e-001
 7.6240313e-001
 7.5351554e-001
 7.4430478e-001
 7.3491800e-001
 7.2551048e-001
 7.1623266e-001
 7.0721889e-001
 6.9859123e-001
 6.9045031e-001
 6.8288505e-001
 6.7597353e-001
 6.6978520e-001
 6.6439068e-001
 6.5985715e-001
 6.5625286e-001
 6.5364170e-001
 6.5207762e-001
 6.5160102e-001
 6.5223116e-001
 6.5396237e-001
 6.5676075e-001
 6.6056550e-001
 6.6528982e-001
 6.7082584e-001
 6.7705357e-001
 6.8384260e-001
 6.9106495e-001
 6.9859463e-001
 7.0631462e-001
 7.1412230e-001
 7.2192436e-001
 7.2964442e-001
 7.3721582e-001
 7.4458301e-001
 7.5170273e-001
 7.5853604e-001
 7.6505357e-001
 7.7122867e-001
 7.7703923e-001
 7.8246945e-001
 7.8750545e-001
 7.9214150e-001
 7.9637647e-001
 8.0021644e-001
 8.0367649e-001
 8.0677688e-001
 8.0954355e-001
 8.1200671e-001
 8.1419635e-001
 8.1614232e-001
 8.1787080e-001
 8.1940454e-001
 8.2076311e-001
 8.2196313e-001
 8.2302064e-001
 8.2395160e-001
 8.2477373e-001
 8.2550693e-001
 8.2617241e-001
 8.2679212e-001
 8.2738674e-001
 8.2797378e-001
 8.2856619e-001
 8.2917064e-001
 8.2978785e-001
 8.3041257e-001
 8.3103514e-001
 8.3164424e-001
 8.3222848e-001
 8.3277905e-001
 8.3329195e-001
 8.3376795e-001
 8.3421344e-001
 8.3463860e-001
 8.3505595e-001
 8.3547813e-001
 8.3591533e-001
 8.3637375e-001
 8.3685416e-001
 8.3735162e-001
 8.3785635e-001
 8.3835495e-001
 8.3883286e-001
 8.3927661e-001
 8.3967632e-001
 8.4002757e-001
 8.4033233e-001
 8.4059918e-001
 8.4084219e-001
 8.4107888e-001
 8.4132779e-001
 8.4160560e-001
 8.4192455e-001
 8.4229070e-001
 8.4270304e-001
 8.4315419e-001
 8.4363180e-001
 8.4412122e-001
 8.4460837e-001
 8.4508169e-001
 8.4553450e-001
 8.4596503e-001
 8.4637606e-001
 8.4677368e-001
 8.4716505e-001
 8.4755713e-001
 8.4795511e-001
 8.4836167e-001
 8.4877735e-001
 8.4920025e-001
 8.4962720e-001
 8.5005373e-001
 8.5047477e-001
 8.5088497e-001
 8.5127908e-001
 8.5165268e-001
 8.5200316e-001
 8.5233045e-001
 8.5263789e-001
 8.5293192e-001
 8.5322130e-001
 8.5351580e-001
 8.5382336e-001
 8.5414815e-001
 8.5448819e-001
 8.5483503e-001
 8.5517514e-001
 8.5549212e-001
 8.5577041e-001
 8.5599738e-001
 8.5616529e-001
 8.5627294e-001
 8.5632712e-001
 8.5634267e-001
 8.5634118e-001
 8.5634804e-001
 8.5638863e-001
 8.5648435e-001
 8.5664892e-001
 8.5688639e-001
 8.5719025e-001
 8.5754514e-001
 8.5793042e-001
 8.5832417e-001
 8.5870653e-001
 8.5906237e-001
 8.5938281e-001
 8.5966504e-001
 8.5991198e-001
 8.6013091e-001
 8.6033088e-001
 8.6052108e-001
 8.6070848e-001
 8.6089736e-001
 8.6108887e-001
 8.6128217e-001
 8.6147588e-001
 8.6166936e-001
 8.6186397e-001
 8.6206305e-001
 8.6227101e-001
 8.6249197e-001
 8.6272788e-001
 8.6297727e-001
 8.6323458e-001
 8.6348975e-001
 8.6372858e-001
 8.6393404e-001
 8.6408859e-001
 8.6417705e-001
 8.6418951e-001
 8.6412376e-001
 8.6398613e-001
 8.6379123e-001
 8.6355925e-001
 8.6331314e-001
 8.6307466e-001
 8.6286098e-001
 8.6268300e-001
 8.6254513e-001
 8.6244684e-001
 8.6238432e-001
 8.6235285e-001
 8.6234826e-001
 8.6236823e-001
 8.6241245e-001
 8.6248213e-001
 8.6257935e-001
 8.6270547e-001
 8.6285996e-001
 8.6303931e-001
 8.6323649e-001
 8.6344099e-001
 8.6364013e-001
 8.6382020e-001
 8.6396867e-001
 8.6407554e-001
 8.6413544e-001
 8.6414772e-001
 8.6411709e-001
 8.6405265e-001
 8.6396670e-001
 8.6387295e-001
 8.6378473e-001
 8.6371320e-001
 8.6366647e-001
 8.6364853e-001
 8.6365932e-001
 8.6369509e-001
 8.6374897e-001
 8.6381209e-001
 8.6387444e-001
 8.6392599e-001
 8.6395746e-001
 8.6396146e-001
 8.6393297e-001
 8.6387026e-001
 8.6377513e-001
 8.6365318e-001
 8.6351359e-001
 8.6336827e-001
 8.6323100e-001
 8.6311591e-001
 8.6303592e-001
 8.6300129e-001
 8.6301839e-001
 8.6308891e-001
 8.6320978e-001
 8.6337346e-001
 8.6356878e-001
 8.6378223e-001
 8.6399925e-001
 8.6420536e-001
 8.6438751e-001
 8.6453474e-001
 8.6463892e-001
 8.6469519e-001
 8.6470181e-001
 8.6466068e-001
 8.6457664e-001
 8.6445749e-001
 8.6431330e-001
 8.6415553e-001
 8.6399633e-001
 8.6384743e-001
 8.6371928e-001
 8.6362022e-001
 8.6355609e-001
 8.6352962e-001
 8.6354071e-001
 8.6358654e-001
 8.6366206e-001
 8.6376035e-001
 8.6387360e-001
 8.6399311e-001
 8.6411041e-001
 8.6421764e-001
 8.6430800e-001
 8.6437672e-001
 8.6442107e-001
 8.6444098e-001
 8.6443859e-001
 8.6441833e-001
 8.6438566e-001
 8.6434650e-001
 8.6430639e-001
 8.6426950e-001
 8.6423838e-001
 8.6421359e-001
 8.6419374e-001
 8.6417568e-001
 8.6415511e-001
 8.6412770e-001
 8.6408967e-001
 8.6403936e-001
 8.6397767e-001
 8.6390841e-001
 8.6383826e-001
 8.6377543e-001
 8.6372858e-001
 8.6370462e-001
 8.6370707e-001
 8.6373484e-001
 8.6378139e-001
 8.6383569e-001
 8.6388350e-001
 8.6390978e-001
 8.6390090e-001
 8.6384684e-001
 8.6374295e-001
 8.6359107e-001
 8.6339915e-001
 8.6318141e-001
 8.6295640e-001
 8.6274493e-001
 8.6256778e-001
 8.6244261e-001
 8.6238211e-001
 8.6239207e-001
 8.6247075e-001
 8.6260939e-001
 8.6279327e-001
 8.6300403e-001
 8.6322147e-001
 8.6342651e-001
 8.6360246e-001
 8.6373699e-001
 8.6382258e-001
 8.6385649e-001
 8.6384046e-001
 8.6377931e-001
 8.6367995e-001
 8.6354983e-001
 8.6339623e-001
 8.6322498e-001
 8.6304051e-001
 8.6284542e-001
 8.6264104e-001
 8.6242783e-001
 8.6220610e-001
 8.6197650e-001
 8.6174095e-001
 8.6150253e-001
 8.6126602e-001
 8.6103737e-001
 8.6082327e-001
 8.6063075e-001
 8.6046588e-001
 8.6033326e-001
 8.6023533e-001
 8.6017162e-001
 8.6013889e-001
 8.6013144e-001
 8.6014152e-001
 8.6016017e-001
 8.6017853e-001
 8.6018866e-001
 8.6018443e-001
 8.6016202e-001
 8.6012036e-001
 8.6006093e-001
 8.5998696e-001
 8.5990304e-001
 8.5981405e-001
 8.5972410e-001
 8.5963595e-001
 8.5955042e-001
 8.5946620e-001
 8.5937995e-001
 8.5928696e-001
 8.5918164e-001
 8.5905868e-001
 8.5891384e-001
 8.5874468e-001
 8.5855103e-001
 8.5833538e-001
 8.5810250e-001
 8.5785931e-001
 8.5761368e-001
 8.5737407e-001
 8.5714859e-001
 8.5694402e-001
 8.5676557e-001
 8.5661632e-001
 8.5649729e-001
 8.5640728e-001
 8.5634333e-001
 8.5630065e-001
 8.5627311e-001
 8.5625321e-001
 8.5623276e-001
 8.5620272e-001
 8.5615408e-001
 8.5607815e-001
 8.5596728e-001
 8.5581589e-001
 8.5562074e-001
 8.5538203e-001
 8.5510325e-001
 8.5479182e-001
 8.5445803e-001
 8.5411483e-001
 8.5377634e-001
 8.5345614e-001
 8.5316652e-001
 8.5291630e-001
 8.5271049e-001
 8.5254931e-001
 8.5242945e-001
 8.5234427e-001
 8.5228556e-001
 8.5224420e-001
 8.5221118e-001
 8.5217863e-001
 8.5214007e-001
 8.5209048e-001
 8.5202700e-001
 8.5194844e-001
 8.5185564e-001
 8.5175079e-001
 8.5163730e-001
 8.5151893e-001
 8.5139948e-001
 8.5128224e-001
 8.5116959e-001
 8.5106325e-001
 8.5095495e-001
 8.5086358e-001
 8.5077965e-001
 8.5070223e-001
 8.5063010e-001
 8.5056102e-001
 8.5049176e-001
 8.5041833e-001
 8.5033602e-001
 8.5023987e-001
 8.5012496e-001
 8.4998655e-001
 8.4982055e-001
 8.4962410e-001
 8.4939623e-001
 8.4913832e-001
 8.4885418e-001
 8.4855014e-001
 8.4823394e-001
 8.4791470e-001
 8.4760189e-001
 8.4730470e-001
 8.4703183e-001
 8.4678984e-001
 8.4658235e-001
 8.4640878e-001
 8.4626341e-001
 8.4613639e-001
 8.4601462e-001
 8.4588319e-001
 8.4572643e-001
 8.4552902e-001
 8.4527707e-001
 8.4495986e-001
 8.4457231e-001
 8.4411657e-001
 8.4360254e-001
 8.4304780e-001
 8.4247524e-001
 8.4191060e-001
 8.4138131e-001
 8.4091431e-001
 8.4053469e-001
 8.4026307e-001
 8.4011263e-001
 8.4008634e-001
 8.4017611e-001
 8.4036362e-001
 8.4062296e-001
 8.4092408e-001
 8.4123456e-001
 8.4152198e-001
 8.4175479e-001
 8.4190434e-001
 8.4194678e-001
 8.4186476e-001
 8.4164786e-001
 8.4129232e-001
 8.4079915e-001
 8.4017205e-001
 8.3941638e-001
 8.3853745e-001
 8.3754092e-001
 8.3643174e-001
 8.3521324e-001
 8.3388776e-001
 8.3245581e-001
 8.3091605e-001
 8.2926655e-001
 8.2750398e-001
 8.2562554e-001
 8.2362860e-001
 8.2151115e-001
 8.1927419e-001
 8.1692171e-001
 8.1446373e-001
 8.1191599e-001
 8.0929852e-001
 8.0663657e-001
 8.0395615e-001
 8.0128533e-001
 7.9865175e-001
 7.9608035e-001
 7.9359347e-001
 7.9120570e-001
 7.8892380e-001
 7.8674477e-001
 7.8465605e-001
 7.8263921e-001
 7.8067219e-001
 7.7873039e-001
 7.7678990e-001
 7.7482748e-001
 7.7282351e-001
 7.7076370e-001
 7.6864034e-001
 7.6645464e-001
 7.6421392e-001
 7.6193172e-001
 7.5962478e-001
 7.5731039e-001
 7.5500762e-001
 7.5273401e-001
 7.5050718e-001
 7.4834323e-001
 7.4625564e-001
 7.4425650e-001
 7.4235511e-001
 7.4055982e-001
 7.3887825e-001
 7.3731673e-001
 7.3588228e-001
 7.3458058e-001
 7.3341703e-001
 7.3239583e-001
 7.3151898e-001
 7.3078686e-001
 7.3019820e-001
 7.2975016e-001
 7.2943920e-001
 7.2926152e-001
 7.2921282e-001
 7.2928858e-001
 7.2948354e-001
 7.2979134e-001
 7.3020428e-001
 7.3071289e-001
 7.3130614e-001
 7.3197222e-001
 7.3269832e-001
 7.3347163e-001
 7.3427922e-001
 7.3510844e-001
 7.3594749e-001
 7.3678547e-001
 7.3761350e-001
 7.3842412e-001
 7.3921150e-001
 7.3997122e-001
 7.4069941e-001
 7.4139255e-001
 7.4204773e-001
 7.4266231e-001
 7.4323499e-001
 7.4376619e-001
 7.4425864e-001
 7.4471802e-001
 7.4515218e-001
 7.4557108e-001
 7.4598545e-001
 7.4640650e-001
 7.4684554e-001
 7.4731320e-001
 7.4781883e-001
 7.4836951e-001
 7.4896920e-001
 7.4961895e-001
 7.5031614e-001
 7.5105667e-001
 7.5183451e-001
 7.5264311e-001
 7.5347602e-001
 7.5432658e-001
 7.5518829e-001
 7.5605547e-001
 7.5692260e-001
 7.5778526e-001
 7.5863940e-001
 7.5948137e-001
 7.6030815e-001
 7.6111645e-001
 7.6190358e-001
 7.6266694e-001
 7.6340455e-001
 7.6411593e-001
 7.6480162e-001
 7.6546425e-001
 7.6610762e-001
 7.6673681e-001
 7.6735771e-001
 7.6797605e-001
 7.6859814e-001
 7.6922935e-001
 7.6987463e-001
 7.7053761e-001
 7.7121997e-001
 7.7192175e-001
 7.7264088e-001
 7.7337408e-001
 7.7411753e-001
 7.7486676e-001
 7.7561724e-001
 7.7636462e-001
 7.7710462e-001
 7.7783340e-001
 7.7854741e-001
 7.7924377e-001
 7.7992004e-001
 7.8057402e-001
 7.8120393e-001
 7.8180784e-001
 7.8238434e-001
 7.8293180e-001
 7.8344959e-001
 7.8393799e-001
 7.8439802e-001
 7.8483260e-001
 7.8524560e-001
 7.8564209e-001
 7.8602713e-001
 7.8640664e-001
 7.8678620e-001
 7.8717119e-001
 7.8756666e-001
 7.8797704e-001
 7.8840530e-001
 7.8885365e-001
 7.8932309e-001
 7.8981405e-001
 7.9032612e-001
 7.9085892e-001
 7.9141188e-001
 7.9198337e-001
 7.9257143e-001
 7.9317230e-001
 7.9377991e-001
 7.9438609e-001
 7.9498053e-001
 7.9555100e-001
 7.9608476e-001
 7.9656863e-001
 7.9698986e-001
 7.9733640e-001
 7.9759914e-001
 7.9777294e-001
 7.9785806e-001
 7.9786110e-001
 7.9779404e-001
 7.9767305e-001
 7.9751676e-001
 7.9734486e-001
 7.9717696e-001
 7.9703212e-001
 7.9692709e-001
 7.9687536e-001
 7.9688573e-001
 7.9696190e-001
 7.9710287e-001
 7.9730421e-001
 7.9755938e-001
 7.9786116e-001
 7.9820132e-001
 7.9857212e-001
 7.9896545e-001
 7.9937369e-001
 7.9978871e-001
 8.0020303e-001
 8.0060917e-001
 8.0099952e-001
 8.0136681e-001
 8.0170375e-001
 8.0200326e-001
 8.0225885e-001
 8.0246520e-001
 8.0261886e-001
 8.0271876e-001
 8.0276698e-001
 8.0276787e-001
 8.0272782e-001
 8.0265421e-001
 8.0255491e-001
 8.0243778e-001
 8.0230999e-001
 8.0217725e-001
 8.0204266e-001
 8.0190635e-001
 8.0176425e-001
 8.0160928e-001
 8.0143178e-001
 8.0122060e-001
 8.0096400e-001
 8.0065036e-001
 8.0026853e-001
 7.9980898e-001
 7.9926491e-001
 7.9863286e-001
 7.9791343e-001
 7.9711050e-001
 7.9623097e-001
 7.9528308e-001
 7.9427552e-001
 7.9321814e-001
 7.9212046e-001
 7.9099208e-001
 7.8984416e-001
 7.8868759e-001
 7.8753430e-001
 7.8639668e-001
 7.8528845e-001
 7.8422278e-001
 7.8321278e-001
 7.8227192e-001
 7.8141171e-001
 7.8064102e-001
 7.7996528e-001
 7.7938330e-001
 7.7888775e-001
 7.7846587e-001
 7.7810019e-001
 7.7777094e-001
 7.7745724e-001
 7.7713835e-001
 7.7679497e-001
 7.7641040e-001
 7.7597368e-001
 7.7548021e-001
 7.7493304e-001
 7.7434260e-001
 7.7372390e-001
 7.7309525e-001
 7.7247590e-001
 7.7188581e-001
 7.7134329e-001
 7.7086401e-001
 7.7045941e-001
 7.7013445e-001
 7.6988733e-001
 7.6971030e-001
 7.6959085e-001
 7.6951379e-001
 7.6946265e-001
 7.6942062e-001
 7.6937091e-001
 7.6929742e-001
 7.6918513e-001
 7.6902044e-001
 7.6879138e-001
 7.6848757e-001
 7.6809967e-001
 7.6761872e-001
 7.6703680e-001
 7.6634586e-001
 7.6553869e-001
 7.6460922e-001
 7.6355428e-001
 7.6237309e-001
 7.6106793e-001
 7.5964528e-001
 7.5811273e-001
 7.5647914e-001
 7.5475508e-001
 7.5294977e-001
 7.5107157e-001
 7.4912828e-001
 7.4712312e-001
 7.4505520e-001
 7.4291849e-001
 7.4070400e-001
 7.3839802e-001
 7.3598474e-001
 7.3344916e-001
 7.3077440e-001
 7.2794348e-001
 7.2494191e-001
 7.2175401e-001
 7.1836579e-001
 7.1476370e-001
 7.1093774e-001
 7.0687634e-001
 7.0256799e-001
 6.9800490e-001
 6.9317669e-001
 6.8807387e-001
 6.8269295e-001
 6.7703056e-001
 6.7108840e-001
 6.6487807e-001
 6.5841216e-001
 6.5170830e-001
 6.4478505e-001
 6.3766718e-001
 6.3037568e-001
 6.2293333e-001
 6.1537182e-001
 6.0772371e-001
 6.0002929e-001
 5.9234345e-001
 5.8472371e-001
 5.7723540e-001
 5.6994557e-001
 5.6292790e-001
 5.5625069e-001
 5.4998028e-001
 5.4418272e-001
 5.3891158e-001
 5.3420979e-001
 5.3011155e-001
 5.2663690e-001
 5.2379870e-001
 5.2160466e-001
 5.2006125e-001
 5.1917154e-001
 5.1893705e-001
 5.1935530e-001
 5.2041703e-001
 5.2210456e-001
 5.2438927e-001
 5.2723449e-001
 5.3059781e-001
 5.3443015e-001
 5.3868264e-001
 5.4330480e-001
 5.4824579e-001
 5.5344921e-001
 5.5885869e-001
 5.6441331e-001
 5.7004321e-001
 5.7567769e-001
 5.8124274e-001
 5.8665836e-001
 5.9184855e-001
 5.9673768e-001
 6.0125673e-001
 6.0534525e-001
 6.0896540e-001
 6.1210513e-001
 6.1477941e-001
 6.1703187e-001
 6.1892486e-001
 6.2053126e-001
 6.2193048e-001
 6.2320274e-001
 6.2442499e-001
 6.2566859e-001
 6.2699360e-001
 6.2844557e-001
 6.3005251e-001
 6.3182849e-001
 6.3377678e-001
 6.3589263e-001
 6.3816917e-001
 6.4059818e-001
 6.4316827e-001
 6.4586806e-001
 6.4868259e-001
 6.5159369e-001
 6.5457684e-001
 6.5760565e-001
 6.6065085e-001
 6.6367930e-001
 6.6665947e-001
 6.6956007e-001
 6.7234915e-001
 6.7499995e-001
 6.7749107e-001
 6.7980641e-001
 6.8193972e-001
 6.8389136e-001
 6.8566722e-001
 6.8727535e-001
 6.8872666e-001
 6.9003242e-001
 6.9120312e-001
 6.9225031e-001
 6.9318533e-001
 6.9401860e-001
 6.9476116e-001
 6.9542354e-001
 6.9601655e-001
 6.9655013e-001
 6.9703478e-001
 6.9748032e-001
 6.9789559e-001
 6.9828737e-001
 6.9865948e-001
 6.9901079e-001
 6.9933552e-001
 6.9962347e-001
 6.9986093e-001
 7.0003241e-001
 7.0012152e-001
 7.0011187e-001
 6.9998789e-001
 6.9973624e-001
 6.9934660e-001
 6.9881368e-001
 6.9813693e-001
 6.9732028e-001
 6.9637173e-001
 6.9530058e-001
 6.9411743e-001
 6.9283283e-001
 6.9145817e-001
 6.9000340e-001
 6.8847769e-001
 6.8689024e-001
 6.8524808e-001
 6.8355697e-001
 6.8182319e-001
 6.8005127e-001
 6.7824548e-001
 6.7641121e-001
 6.7455208e-001
 6.7267156e-001
 6.7077154e-001
 6.6885382e-001
 6.6691715e-001
 6.6495878e-001
 6.6297626e-001
 6.6096514e-001
 6.5892065e-001
 6.5683913e-001
 6.5471572e-001
 6.5254569e-001
 6.5032393e-001
 6.4804679e-001
 6.4570898e-001
 6.4330494e-001
 6.4083111e-001
 6.3828182e-001
 6.3565189e-001
 6.3293821e-001
 6.3013738e-001
 6.2724912e-001
 6.2427694e-001
 6.2123263e-001
 6.1813235e-001
 6.1499852e-001
 6.1185998e-001
 6.0874611e-001
 6.0568738e-001
 6.0271633e-001
 5.9986174e-001
 5.9714895e-001
 5.9459943e-001
 5.9222478e-001
 5.9002841e-001
 5.8800530e-001
 5.8614624e-001
 5.8443677e-001
 5.8286130e-001
 5.8140522e-001
 5.8005369e-001
 5.7879496e-001
 5.7762271e-001
 5.7653588e-001
 5.7554078e-001
 5.7464975e-001
 5.7388061e-001
 5.7325315e-001
 5.7278848e-001
 5.7250750e-001
 5.7242817e-001
 5.7256281e-001
 5.7291400e-001
 5.7347095e-001
 5.7420808e-001
 5.7508653e-001
 5.7605898e-001
 5.7707310e-001
 5.7807505e-001
 5.7901120e-001
 5.7983214e-001
 5.8049536e-001
 5.8096880e-001
 5.8123511e-001
 5.8129281e-001
 5.8115524e-001
 5.8084756e-001
 5.8040208e-001
 5.7985455e-001
 5.7924193e-001
 5.7860065e-001
 5.7796597e-001
 5.7737291e-001
 5.7687014e-001
 5.7656145e-001
 5.7625425e-001
 5.7603246e-001
 5.7588506e-001
 5.7580149e-001
 5.7577091e-001
 5.7578272e-001
 5.7582611e-001
 5.7589030e-001
 5.7596457e-001
 5.7603860e-001
 5.7610500e-001
 5.7615829e-001
 5.7619286e-001
 5.7620317e-001
 5.7618356e-001
 5.7612854e-001
 5.7603252e-001
 5.7588989e-001
 5.7569522e-001
 5.7544279e-001
 5.7512724e-001
 5.7474267e-001
 5.7428378e-001
 5.7374555e-001
 5.7312864e-001
 5.7243669e-001
 5.7167298e-001
 5.7084179e-001
 5.6994635e-001
 5.6899035e-001
 5.6797737e-001
 5.6691146e-001
 5.6579584e-001
 5.6463444e-001
 5.6343043e-001
 5.6218809e-001
 5.6091082e-001
 5.5960232e-001
 5.5826610e-001
 5.5690557e-001
 5.5552489e-001
 5.5412763e-001
 5.5271769e-001
 5.5129892e-001
 5.4987627e-001
 5.4845339e-001
 5.4703474e-001
 5.4562390e-001
 5.4422599e-001
 5.4284471e-001
 5.4148424e-001
 5.4014874e-001
 5.3884226e-001
 5.3756946e-001
 5.3633428e-001
 5.3514087e-001
 5.3399324e-001
 5.3289592e-001
 5.3185302e-001
 5.3086871e-001
 5.2994680e-001
 5.2909213e-001
 5.2830851e-001
 5.2759969e-001
 5.2696532e-001
 5.2640355e-001
 5.2591175e-001
 5.2548772e-001
 5.2512926e-001
 5.2483386e-001
 5.2459955e-001
 5.2442390e-001
 5.2430463e-001
 5.2423948e-001
 5.2422625e-001
 5.2426249e-001
 5.2434605e-001
 5.2447462e-001
 5.2464592e-001
 5.2485776e-001
 5.2510774e-001
 5.2539355e-001
 5.2571309e-001
 5.2606392e-001
 5.2644378e-001
 5.2685046e-001
 5.2728188e-001
 5.2773529e-001
 5.2820873e-001
 5.2869999e-001
 5.2920789e-001
 5.2973169e-001
 5.3027064e-001
 5.3082407e-001
 5.3139132e-001
 5.3197175e-001
 5.3256440e-001
 5.3316885e-001
 5.3378409e-001
 5.3440970e-001
 5.3504485e-001
 5.3568876e-001
 5.3634077e-001
 5.3700042e-001
 5.3766662e-001
 5.3833878e-001
 5.3901625e-001
 5.3969848e-001
 5.4038441e-001
 5.4107350e-001
 5.4176509e-001
 5.4245842e-001
 5.4315299e-001
 5.4384774e-001
 5.4454213e-001
 5.4523540e-001
 5.4592717e-001
 5.4661620e-001
 5.4730207e-001
 5.4798406e-001
 5.4866183e-001
 5.4933488e-001
 5.5000287e-001
