s07_ASD Record=15217: Cytosine SA-C3506            ASDHRa AREF
-1.2300000e+034
 4.3650886e-001
 4.2786956e-001
 4.1899312e-001
 4.1330871e-001
 4.1025224e-001
 4.0596867e-001
 3.9709476e-001
 3.9246219e-001
 3.9160034e-001
 3.8900068e-001
 3.8492140e-001
 3.8016763e-001
 3.7788364e-001
 3.7985048e-001
 3.7917843e-001
 3.7969959e-001
 3.8393897e-001
 3.8939726e-001
 3.9349991e-001
 3.9863557e-001
 4.0617871e-001
 4.1247839e-001
 4.2009905e-001
 4.2985719e-001
 4.4116771e-001
 4.5271289e-001
 4.6416768e-001
 4.7669664e-001
 4.9079058e-001
 5.0261652e-001
 5.1624572e-001
 5.3155863e-001
 5.4378855e-001
 5.5864817e-001
 5.7278526e-001
 5.8455294e-001
 5.9878063e-001
 6.1216003e-001
 6.2444139e-001
 6.3655049e-001
 6.4816523e-001
 6.5880895e-001
 6.6872269e-001
 6.7845619e-001
 6.8756157e-001
 6.9627482e-001
 7.0391858e-001
 7.0958531e-001
 7.1617085e-001
 7.2234815e-001
 7.2677642e-001
 7.3103458e-001
 7.3482108e-001
 7.3829728e-001
 7.4154067e-001
 7.4411130e-001
 7.4652517e-001
 7.4871016e-001
 7.5039870e-001
 7.5284535e-001
 7.5508708e-001
 7.5665075e-001
 7.5841403e-001
 7.6006210e-001
 7.6169038e-001
 7.6347107e-001
 7.6536500e-001
 7.6699513e-001
 7.6847106e-001
 7.7020979e-001
 7.7197891e-001
 7.7348810e-001
 7.7497059e-001
 7.7695674e-001
 7.7829105e-001
 7.7962887e-001
 7.8147054e-001
 7.8294760e-001
 7.8433931e-001
 7.8572690e-001
 7.8714162e-001
 7.8862667e-001
 7.9016501e-001
 7.9159862e-001
 7.9270309e-001
 7.9369706e-001
 7.9481590e-001
 7.9605460e-001
 7.9702830e-001
 7.9810768e-001
 7.9917878e-001
 8.0000639e-001
 8.0085021e-001
 8.0183583e-001
 8.0281824e-001
 8.0352497e-001
 8.0441386e-001
 8.0525571e-001
 8.0594867e-001
 8.0677295e-001
 8.0750132e-001
 8.0819410e-001
 8.0891466e-001
 8.0946314e-001
 8.1009871e-001
 8.1078494e-001
 8.1126058e-001
 8.1182611e-001
 8.1252676e-001
 8.1321853e-001
 8.1361771e-001
 8.1408095e-001
 8.1461626e-001
 8.1514394e-001
 8.1574452e-001
 8.1621587e-001
 8.1651098e-001
 8.1682128e-001
 8.1731415e-001
 8.1778580e-001
 8.1807220e-001
 8.1833053e-001
 8.1860983e-001
 8.1892967e-001
 8.1923032e-001
 8.1942064e-001
 8.1966257e-001
 8.1996244e-001
 8.2015818e-001
 8.2032776e-001
 8.2055348e-001
 8.2081282e-001
 8.2092237e-001
 8.2106483e-001
 8.2128495e-001
 8.2152838e-001
 8.2171011e-001
 8.2182765e-001
 8.2191712e-001
 8.2205093e-001
 8.2226616e-001
 8.2245940e-001
 8.2254648e-001
 8.2262146e-001
 8.2271910e-001
 8.2283443e-001
 8.2296509e-001
 8.2318616e-001
 8.2334375e-001
 8.2339150e-001
 8.2347053e-001
 8.2359374e-001
 8.2369792e-001
 8.2374817e-001
 8.2387549e-001
 8.2405293e-001
 8.2415688e-001
 8.2408780e-001
 8.2411712e-001
 8.2419628e-001
 8.2427597e-001
 8.2434279e-001
 8.2435113e-001
 8.2443088e-001
 8.2461852e-001
 8.2461590e-001
 8.2466263e-001
 8.2476628e-001
 8.2477170e-001
 8.2485116e-001
 8.2489359e-001
 8.2485300e-001
 8.2486236e-001
 8.2488942e-001
 8.2492721e-001
 8.2498080e-001
 8.2506371e-001
 8.2512492e-001
 8.2512921e-001
 8.2509828e-001
 8.2513201e-001
 8.2525319e-001
 8.2538790e-001
 8.2538229e-001
 8.2536370e-001
 8.2537347e-001
 8.2537526e-001
 8.2532555e-001
 8.2528281e-001
 8.2524693e-001
 8.2514042e-001
 8.2505465e-001
 8.2498032e-001
 8.2488006e-001
 8.2476115e-001
 8.2468086e-001
 8.2464820e-001
 8.2462692e-001
 8.2464135e-001
 8.2470793e-001
 8.2482135e-001
 8.2494688e-001
 8.2513613e-001
 8.2534605e-001
 8.2553065e-001
 8.2577586e-001
 8.2598102e-001
 8.2613200e-001
 8.2632697e-001
 8.2651091e-001
 8.2659662e-001
 8.2654613e-001
 8.2649297e-001
 8.2642305e-001
 8.2630211e-001
 8.2608533e-001
 8.2581270e-001
 8.2554853e-001
 8.2533401e-001
 8.2515025e-001
 8.2499862e-001
 8.2482910e-001
 8.2456130e-001
 8.2418364e-001
 8.2385230e-001
 8.2366413e-001
 8.2360458e-001
 8.2365233e-001
 8.2381868e-001
 8.2404679e-001
 8.2416314e-001
 8.2420480e-001
 8.2422882e-001
 8.2425171e-001
 8.2413304e-001
 8.2398766e-001
 8.2390106e-001
 8.2384747e-001
 8.2379174e-001
 8.2370877e-001
 8.2362086e-001
 8.2361048e-001
 8.2360917e-001
 8.2362181e-001
 8.2372022e-001
 8.2387382e-001
 8.2401437e-001
 8.2405823e-001
 8.2397926e-001
 8.2385904e-001
 8.2368809e-001
 8.2346368e-001
 8.2335734e-001
 8.2334918e-001
 8.2343084e-001
 8.2356757e-001
 8.2355535e-001
 8.2347840e-001
 8.2345408e-001
 8.2342404e-001
 8.2343793e-001
 8.2344103e-001
 8.2335031e-001
 8.2329363e-001
 8.2327688e-001
 8.2325667e-001
 8.2316959e-001
 8.2311511e-001
 8.2310343e-001
 8.2308513e-001
 8.2301325e-001
 8.2299727e-001
 8.2302964e-001
 8.2298970e-001
 8.2296062e-001
 8.2296181e-001
 8.2296240e-001
 8.2287151e-001
 8.2276279e-001
 8.2268661e-001
 8.2264066e-001
 8.2253104e-001
 8.2247329e-001
 8.2248467e-001
 8.2241851e-001
 8.2231694e-001
 8.2222140e-001
 8.2218260e-001
 8.2217264e-001
 8.2211709e-001
 8.2204366e-001
 8.2204252e-001
 8.2200915e-001
 8.2198590e-001
 8.2195836e-001
 8.2183939e-001
 8.2179248e-001
 8.2181150e-001
 8.2181311e-001
 8.2175785e-001
 8.2167053e-001
 8.2160467e-001
 8.2157999e-001
 8.2147568e-001
 8.2134050e-001
 8.2126689e-001
 8.2129276e-001
 8.2130361e-001
 8.2123321e-001
 8.2109255e-001
 8.2100171e-001
 8.2093263e-001
 8.2087189e-001
 8.2084107e-001
 8.2081527e-001
 8.2078820e-001
 8.2073563e-001
 8.2062298e-001
 8.2054049e-001
 8.2050836e-001
 8.2047081e-001
 8.2038552e-001
 8.2030451e-001
 8.2026404e-001
 8.2023728e-001
 8.2021654e-001
 8.2016802e-001
 8.2008070e-001
 8.2001781e-001
 8.1996328e-001
 8.1991249e-001
 8.1987166e-001
 8.1983930e-001
 8.1982601e-001
 8.1980759e-001
 8.1969947e-001
 8.1951332e-001
 8.1932920e-001
 8.1922567e-001
 8.1912923e-001
 8.1904030e-001
 8.1893116e-001
 8.1880152e-001
 8.1880057e-001
 8.1888574e-001
 8.1897980e-001
 8.1905478e-001
 8.1912148e-001
 8.1918526e-001
 8.1924897e-001
 8.1931543e-001
 8.1935054e-001
 8.1927198e-001
 8.1902099e-001
 8.1878221e-001
 8.1847763e-001
 8.1804794e-001
 8.1767279e-001
 8.1759632e-001
 8.1788474e-001
 8.1840539e-001
 8.1891167e-001
 8.1932926e-001
 8.1962067e-001
 8.1978428e-001
 8.1987011e-001
 8.1993002e-001
 8.2001740e-001
 8.2013792e-001
 8.2020581e-001
 8.2025236e-001
 8.2034278e-001
 8.2039249e-001
 8.2042748e-001
 8.2045442e-001
 8.2046980e-001
 8.2050711e-001
 8.2049227e-001
 8.2038748e-001
 8.2030511e-001
 8.2028908e-001
 8.2031065e-001
 8.2029343e-001
 8.2024717e-001
 8.2025903e-001
 8.2030129e-001
 8.2025558e-001
 8.2026023e-001
 8.2026118e-001
 8.2022846e-001
 8.2021850e-001
 8.2018173e-001
 8.2012820e-001
 8.2010031e-001
 8.2011157e-001
 8.2009381e-001
 8.2002580e-001
 8.1996334e-001
 8.1996471e-001
 8.1994623e-001
 8.1987292e-001
 8.1984639e-001
 8.1986624e-001
 8.1989765e-001
 8.1990415e-001
 8.1990218e-001
 8.1986237e-001
 8.1981182e-001
 8.1977248e-001
 8.1965339e-001
 8.1959057e-001
 8.1959558e-001
 8.1950432e-001
 8.1939083e-001
 8.1927401e-001
 8.1917018e-001
 8.1906855e-001
 8.1894338e-001
 8.1884438e-001
 8.1881422e-001
 8.1874353e-001
 8.1865072e-001
 8.1855023e-001
 8.1843311e-001
 8.1825757e-001
 8.1805646e-001
 8.1788635e-001
 8.1776565e-001
 8.1758636e-001
 8.1737661e-001
 8.1720394e-001
 8.1706136e-001
 8.1690794e-001
 8.1672287e-001
 8.1651998e-001
 8.1632560e-001
 8.1609195e-001
 8.1584102e-001
 8.1565380e-001
 8.1545889e-001
 8.1527519e-001
 8.1511837e-001
 8.1496048e-001
 8.1473368e-001
 8.1445885e-001
 8.1419057e-001
 8.1395191e-001
 8.1377953e-001
 8.1365788e-001
 8.1352013e-001
 8.1331128e-001
 8.1307817e-001
 8.1286162e-001
 8.1267560e-001
 8.1251699e-001
 8.1235206e-001
 8.1216592e-001
 8.1199086e-001
 8.1183225e-001
 8.1167001e-001
 8.1149828e-001
 8.1135684e-001
 8.1121880e-001
 8.1110114e-001
 8.1104755e-001
 8.1105500e-001
 8.1101608e-001
 8.1091237e-001
 8.1082904e-001
 8.1078857e-001
 8.1067896e-001
 8.1049448e-001
 8.1038594e-001
 8.1032801e-001
 8.1025201e-001
 8.1016022e-001
 8.1017774e-001
 8.1017751e-001
 8.1013221e-001
 8.1004161e-001
 8.0992001e-001
 8.0980933e-001
 8.0972594e-001
 8.0963206e-001
 8.0946332e-001
 8.0933315e-001
 8.0924344e-001
 8.0911446e-001
 8.0897778e-001
 8.0885148e-001
 8.0868495e-001
 8.0838400e-001
 8.0800378e-001
 8.0749273e-001
 8.0687243e-001
 8.0627567e-001
 8.0576825e-001
 8.0542397e-001
 8.0535614e-001
 8.0566770e-001
 8.0615056e-001
 8.0673075e-001
 8.0734980e-001
 8.0787706e-001
 8.0820340e-001
 8.0838895e-001
 8.0855697e-001
 8.0865681e-001
 8.0862147e-001
 8.0846876e-001
 8.0819297e-001
 8.0756104e-001
 8.0664361e-001
 8.0554289e-001
 8.0440408e-001
 8.0340499e-001
 8.0260706e-001
 8.0221969e-001
 8.0254155e-001
 8.0346423e-001
 8.0489409e-001
 8.0653358e-001
 8.0798948e-001
 8.0931956e-001
 8.1047034e-001
 8.1137395e-001
 8.1197083e-001
 8.1240338e-001
 8.1269246e-001
 8.1288439e-001
 8.1305444e-001
 8.1312507e-001
 8.1313759e-001
 8.1314802e-001
 8.1315476e-001
 8.1313169e-001
 8.1307411e-001
 8.1301314e-001
 8.1299531e-001
 8.1295127e-001
 8.1286401e-001
 8.1275916e-001
 8.1268090e-001
 8.1259525e-001
 8.1250691e-001
 8.1241399e-001
 8.1229085e-001
 8.1220829e-001
 8.1219947e-001
 8.1222308e-001
 8.1217432e-001
 8.1213510e-001
 8.1207442e-001
 8.1198591e-001
 8.1202662e-001
 8.1210947e-001
 8.1214774e-001
 8.1214482e-001
 8.1225955e-001
 8.1237322e-001
 8.1242597e-001
 8.1241411e-001
 8.1241816e-001
 8.1254137e-001
 8.1263345e-001
 8.1251496e-001
 8.1242371e-001
 8.1246907e-001
 8.1253231e-001
 8.1245834e-001
 8.1242067e-001
 8.1238151e-001
 8.1234568e-001
 8.1228662e-001
 8.1215626e-001
 8.1210637e-001
 8.1202453e-001
 8.1183141e-001
 8.1176108e-001
 8.1157511e-001
 8.1138617e-001
 8.1131566e-001
 8.1115955e-001
 8.1100154e-001
 8.1086546e-001
 8.1076759e-001
 8.1068820e-001
 8.1053686e-001
 8.1039029e-001
 8.1030691e-001
 8.1023139e-001
 8.1027704e-001
 8.1025302e-001
 8.1009609e-001
 8.1010485e-001
 8.1025672e-001
 8.1039810e-001
 8.1051654e-001
 8.1079388e-001
 8.1095064e-001
 8.1104559e-001
 8.1117761e-001
 8.1134665e-001
 8.1136829e-001
 8.1138074e-001
 8.1149107e-001
 8.1169677e-001
 8.1190616e-001
 8.1196475e-001
 8.1192541e-001
 8.1207210e-001
 8.1242830e-001
 8.1244302e-001
 8.1224710e-001
 8.1234276e-001
 8.1258297e-001
 8.1265384e-001
 8.1256282e-001
 8.1260663e-001
 8.1293404e-001
 8.1303859e-001
 8.1301761e-001
 8.1305277e-001
 8.1302655e-001
 8.1288129e-001
 8.1280744e-001
 8.1285310e-001
 8.1286210e-001
 8.1291246e-001
 8.1270456e-001
 8.1239700e-001
 8.1226879e-001
 8.1181705e-001
 8.1157130e-001
 8.1148273e-001
 8.1115109e-001
 8.1059605e-001
 8.1014490e-001
 8.0994081e-001
 8.0972236e-001
 8.0912113e-001
 8.0882633e-001
 8.0841464e-001
 8.0771947e-001
 8.0727416e-001
 8.0706453e-001
 8.0657923e-001
 8.0598569e-001
 8.0586511e-001
 8.0574781e-001
 8.0551779e-001
 8.0522555e-001
 8.0491233e-001
 8.0456585e-001
 8.0417722e-001
 8.0374211e-001
 8.0326033e-001
 8.0273473e-001
 8.0216998e-001
 8.0157083e-001
 8.0094165e-001
 8.0028611e-001
 7.9960716e-001
 7.9890776e-001
 7.9819065e-001
 7.9745799e-001
 7.9671192e-001
 7.9595381e-001
 7.9518503e-001
 7.9440659e-001
 7.9361850e-001
 7.9282027e-001
 7.9201061e-001
 7.9118866e-001
 7.9035556e-001
 7.8951478e-001
 7.8867316e-001
 7.8783935e-001
 7.8702348e-001
 7.8623605e-001
 7.8548700e-001
 7.8478587e-001
 7.8414077e-001
 7.8355765e-001
 7.8303909e-001
 7.8258348e-001
 7.8218609e-001
 7.8183991e-001
 7.8153795e-001
 7.8127491e-001
 7.8104824e-001
 7.8085768e-001
 7.8070480e-001
 7.8059107e-001
 7.8051645e-001
 7.8047848e-001
 7.8047186e-001
 7.8048956e-001
 7.8052455e-001
 7.8057158e-001
 7.8062904e-001
 7.8069890e-001
 7.8078574e-001
 7.8089452e-001
 7.8102803e-001
 7.8118563e-001
 7.8136295e-001
 7.8155285e-001
 7.8174734e-001
 7.8193957e-001
 7.8212512e-001
 7.8230274e-001
 7.8247386e-001
 7.8264189e-001
 7.8280985e-001
 7.8297949e-001
 7.8315026e-001
 7.8331923e-001
 7.8348255e-001
 7.8363627e-001
 7.8377748e-001
 7.8390467e-001
 7.8401762e-001
 7.8411692e-001
 7.8420347e-001
 7.8427821e-001
 7.8434128e-001
 7.8439152e-001
 7.8442603e-001
 7.8444046e-001
 7.8442949e-001
 7.8438854e-001
 7.8431469e-001
 7.8420734e-001
 7.8406793e-001
 7.8389889e-001
 7.8370225e-001
 7.8347880e-001
 7.8322786e-001
 7.8294772e-001
 7.8263634e-001
 7.8229153e-001
 7.8191036e-001
 7.8148782e-001
 7.8101504e-001
 7.8047836e-001
 7.7985853e-001
 7.7913284e-001
 7.7827746e-001
 7.7727109e-001
 7.7610010e-001
 7.7476192e-001
 7.7326941e-001
 7.7165329e-001
 7.6996231e-001
 7.6826322e-001
 7.6663589e-001
 7.6516789e-001
 7.6394552e-001
 7.6304317e-001
 7.6251477e-001
 7.6238465e-001
 7.6264411e-001
 7.6325047e-001
 7.6413143e-001
 7.6519150e-001
 7.6632100e-001
 7.6740646e-001
 7.6833904e-001
 7.6902324e-001
 7.6938236e-001
 7.6936269e-001
 7.6893485e-001
 7.6809424e-001
 7.6685989e-001
 7.6527429e-001
 7.6340234e-001
 7.6132953e-001
 7.5916153e-001
 7.5701874e-001
 7.5503182e-001
 7.5333339e-001
 7.5204742e-001
 7.5128037e-001
 7.5111014e-001
 7.5157875e-001
 7.5268722e-001
 7.5439554e-001
 7.5662607e-001
 7.5927168e-001
 7.6220822e-001
 7.6530474e-001
 7.6843768e-001
 7.7149838e-001
 7.7440029e-001
 7.7708280e-001
 7.7950877e-001
 7.8166389e-001
 7.8355050e-001
 7.8518379e-001
 7.8658742e-001
 7.8778815e-001
 7.8881371e-001
 7.8968930e-001
 7.9043680e-001
 7.9107434e-001
 7.9161644e-001
 7.9207534e-001
 7.9246116e-001
 7.9278266e-001
 7.9304719e-001
 7.9326034e-001
 7.9342580e-001
 7.9354537e-001
 7.9361945e-001
 7.9364765e-001
 7.9362911e-001
 7.9356313e-001
 7.9344898e-001
 7.9328573e-001
 7.9307181e-001
 7.9280508e-001
 7.9248291e-001
 7.9210240e-001
 7.9166079e-001
 7.9115593e-001
 7.9058635e-001
 7.8995115e-001
 7.8924948e-001
 7.8848076e-001
 7.8764403e-001
 7.8673834e-001
 7.8576249e-001
 7.8471488e-001
 7.8359419e-001
 7.8239852e-001
 7.8112644e-001
 7.7977717e-001
 7.7834994e-001
 7.7684557e-001
 7.7526599e-001
 7.7361369e-001
 7.7189344e-001
 7.7011085e-001
 7.6827443e-001
 7.6639539e-001
 7.6448745e-001
 7.6256841e-001
 7.6065862e-001
 7.5878257e-001
 7.5696760e-001
 7.5524336e-001
 7.5364220e-001
 7.5219655e-001
 7.5093859e-001
 7.4989742e-001
 7.4909598e-001
 7.4854946e-001
 7.4826199e-001
 7.4822617e-001
 7.4842221e-001
 7.4881917e-001
 7.4937749e-001
 7.5005138e-001
 7.5079310e-001
 7.5155485e-001
 7.5229228e-001
 7.5296581e-001
 7.5354236e-001
 7.5399691e-001
 7.5431275e-001
 7.5448197e-001
 7.5450444e-001
 7.5438631e-001
 7.5413722e-001
 7.5376868e-001
 7.5329185e-001
 7.5271738e-001
 7.5205535e-001
 7.5131547e-001
 7.5050873e-001
 7.4964696e-001
 7.4874377e-001
 7.4781460e-001
 7.4687576e-001
 7.4594498e-001
 7.4503988e-001
 7.4417788e-001
 7.4337536e-001
 7.4264663e-001
 7.4200374e-001
 7.4145544e-001
 7.4100649e-001
 7.4065763e-001
 7.4040520e-001
 7.4024224e-001
 7.4015927e-001
 7.4014539e-001
 7.4018884e-001
 7.4027711e-001
 7.4039698e-001
 7.4053407e-001
 7.4067378e-001
 7.4080217e-001
 7.4090719e-001
 7.4097955e-001
 7.4101335e-001
 7.4100530e-001
 7.4095416e-001
 7.4085993e-001
 7.4072367e-001
 7.4054784e-001
 7.4033648e-001
 7.4009532e-001
 7.3983109e-001
 7.3955047e-001
 7.3925900e-001
 7.3896068e-001
 7.3865777e-001
 7.3835158e-001
 7.3804301e-001
 7.3773307e-001
 7.3742306e-001
 7.3711497e-001
 7.3681098e-001
 7.3651379e-001
 7.3622656e-001
 7.3595232e-001
 7.3569375e-001
 7.3545200e-001
 7.3522609e-001
 7.3501283e-001
 7.3480690e-001
 7.3460197e-001
 7.3439121e-001
 7.3416793e-001
 7.3392582e-001
 7.3365837e-001
 7.3335940e-001
 7.3302257e-001
 7.3264235e-001
 7.3221457e-001
 7.3173743e-001
 7.3121196e-001
 7.3064220e-001
 7.3003507e-001
 7.2939980e-001
 7.2874725e-001
 7.2808874e-001
 7.2743607e-001
 7.2679967e-001
 7.2618884e-001
 7.2561067e-001
 7.2506970e-001
 7.2456843e-001
 7.2410709e-001
 7.2368497e-001
 7.2330070e-001
 7.2295278e-001
 7.2264010e-001
 7.2236180e-001
 7.2211760e-001
 7.2190750e-001
 7.2173172e-001
 7.2159094e-001
 7.2148621e-001
 7.2141886e-001
 7.2139096e-001
 7.2140485e-001
 7.2146297e-001
 7.2156680e-001
 7.2171628e-001
 7.2190922e-001
 7.2214168e-001
 7.2240931e-001
 7.2270817e-001
 7.2303647e-001
 7.2339404e-001
 7.2378218e-001
 7.2420180e-001
 7.2465199e-001
 7.2512960e-001
 7.2562891e-001
 7.2614253e-001
 7.2666246e-001
 7.2718126e-001
 7.2769314e-001
 7.2819370e-001
 7.2868007e-001
 7.2915071e-001
 7.2960442e-001
 7.3004097e-001
 7.3046058e-001
 7.3086452e-001
 7.3125541e-001
 7.3163623e-001
 7.3201042e-001
 7.3237997e-001
 7.3274487e-001
 7.3310220e-001
 7.3344612e-001
 7.3376924e-001
 7.3406351e-001
 7.3432195e-001
 7.3453999e-001
 7.3471546e-001
 7.3484862e-001
 7.3494083e-001
 7.3499370e-001
 7.3500800e-001
 7.3498291e-001
 7.3491609e-001
 7.3480415e-001
 7.3464280e-001
 7.3442751e-001
 7.3415375e-001
 7.3381752e-001
 7.3341578e-001
 7.3294705e-001
 7.3241186e-001
 7.3181349e-001
 7.3115778e-001
 7.3045272e-001
 7.2970849e-001
 7.2893602e-001
 7.2814679e-001
 7.2735268e-001
 7.2656512e-001
 7.2579551e-001
 7.2505462e-001
 7.2435212e-001
 7.2369593e-001
 7.2309089e-001
 7.2253901e-001
 7.2203881e-001
 7.2158653e-001
 7.2117734e-001
 7.2080666e-001
 7.2047180e-001
 7.2017300e-001
 7.1991354e-001
 7.1969938e-001
 7.1953732e-001
 7.1943384e-001
 7.1939230e-001
 7.1941185e-001
 7.1948636e-001
 7.1960491e-001
 7.1975225e-001
 7.1991080e-001
 7.2006232e-001
 7.2018927e-001
 7.2027665e-001
 7.2031307e-001
 7.2029120e-001
 7.2020817e-001
 7.2006494e-001
 7.1986538e-001
 7.1961534e-001
 7.1932131e-001
 7.1898979e-001
 7.1862674e-001
 7.1823728e-001
 7.1782631e-001
 7.1739829e-001
 7.1695727e-001
 7.1650738e-001
 7.1605200e-001
 7.1559364e-001
 7.1513373e-001
 7.1467215e-001
 7.1420717e-001
 7.1373564e-001
 7.1325278e-001
 7.1275347e-001
 7.1223223e-001
 7.1168512e-001
 7.1111012e-001
 7.1050793e-001
 7.0988232e-001
 7.0923948e-001
 7.0858765e-001
 7.0793569e-001
 7.0729268e-001
 7.0666701e-001
 7.0606589e-001
 7.0549524e-001
 7.0495933e-001
 7.0446026e-001
 7.0399797e-001
 7.0356995e-001
 7.0317030e-001
 7.0279044e-001
 7.0241839e-001
 7.0204014e-001
 7.0163995e-001
 7.0120186e-001
 7.0071107e-001
 7.0015472e-001
 6.9952339e-001
 6.9881094e-001
 6.9801420e-001
 6.9713265e-001
 6.9616663e-001
 6.9511694e-001
 6.9398373e-001
 6.9276565e-001
 6.9146097e-001
 6.9006646e-001
 6.8857878e-001
 6.8699437e-001
 6.8530905e-001
 6.8351924e-001
 6.8162161e-001
 6.7961258e-001
 6.7748982e-001
 6.7525083e-001
 6.7289490e-001
 6.7042285e-001
 6.6783643e-001
 6.6514039e-001
 6.6233963e-001
 6.5944129e-001
 6.5645373e-001
 6.5338528e-001
 6.5024698e-001
 6.4705014e-001
 6.4380896e-001
 6.4053917e-001
 6.3725650e-001
 6.3397866e-001
 6.3072103e-001
 6.2749851e-001
 6.2432277e-001
 6.2120056e-001
 6.1813533e-001
 6.1512488e-001
 6.1216438e-001
 6.0924667e-001
 6.0636312e-001
 6.0350722e-001
 6.0067534e-001
 5.9786701e-001
 5.9508872e-001
 5.9235203e-001
 5.8967698e-001
 5.8709109e-001
 5.8462811e-001
 5.8232898e-001
 5.8023733e-001
 5.7839853e-001
 5.7685572e-001
 5.7564598e-001
 5.7479799e-001
 5.7432801e-001
 5.7423800e-001
 5.7451373e-001
 5.7512438e-001
 5.7602340e-001
 5.7715106e-001
 5.7843739e-001
 5.7980692e-001
 5.8118409e-001
 5.8249778e-001
 5.8368635e-001
 5.8470207e-001
 5.8551192e-001
 5.8609951e-001
 5.8646250e-001
 5.8661056e-001
 5.8656138e-001
 5.8633709e-001
 5.8596033e-001
 5.8545184e-001
 5.8482844e-001
 5.8410209e-001
 5.8328044e-001
 5.8236688e-001
 5.8136249e-001
 5.8026725e-001
 5.7908130e-001
 5.7780755e-001
 5.7645160e-001
 5.7502347e-001
 5.7353687e-001
 5.7200789e-001
 5.7045513e-001
 5.6889671e-001
 5.6735009e-001
 5.6583017e-001
 5.6434786e-001
 5.6291068e-001
 5.6152225e-001
 5.6018287e-001
 5.5889165e-001
 5.5764681e-001
 5.5644804e-001
 5.5529743e-001
 5.5419928e-001
 5.5316114e-001
 5.5219251e-001
 5.5130464e-001
 5.5050963e-001
 5.4981887e-001
 5.4924268e-001
 5.4878855e-001
 5.4846054e-001
 5.4825813e-001
 5.4817569e-001
 5.4820281e-001
 5.4832476e-001
 5.4852319e-001
 5.4877722e-001
 5.4906464e-001
 5.4936242e-001
 5.4964787e-001
 5.4989946e-001
 5.5009699e-001
 5.5022222e-001
 5.5025882e-001
 5.5019242e-001
 5.5001074e-001
 5.4970402e-001
 5.4926533e-001
 5.4869175e-001
 5.4798514e-001
 5.4715252e-001
 5.4620695e-001
 5.4516697e-001
 5.4405689e-001
 5.4290515e-001
 5.4174304e-001
 5.4060370e-001
 5.3951937e-001
 5.3852016e-001
 5.3763187e-001
 5.3687412e-001
 5.3625935e-001
 5.3579223e-001
 5.3546941e-001
 5.3528094e-001
 5.3521127e-001
 5.3524125e-001
 5.3534973e-001
 5.3551519e-001
 5.3571677e-001
 5.3593552e-001
 5.3615457e-001
 5.3635955e-001
 5.3653896e-001
 5.3668380e-001
 5.3678697e-001
 5.3684223e-001
 5.3684264e-001
 5.3677887e-001
 5.3663772e-001
 5.3640127e-001
 5.3604752e-001
 5.3555214e-001
 5.3489172e-001
 5.3404838e-001
 5.3301364e-001
 5.3179425e-001
 5.3041500e-001
 5.2892011e-001
 5.2737266e-001
 5.2584946e-001
 5.2443278e-001
 5.2320141e-001
 5.2221876e-001
 5.2152562e-001
 5.2113372e-001
 5.2102512e-001
 5.2115601e-001
 5.2146369e-001
 5.2187544e-001
 5.2231771e-001
 5.2272362e-001
 5.2303857e-001
 5.2322376e-001
 5.2325749e-001
 5.2313548e-001
 5.2287012e-001
 5.2248943e-001
 5.2203465e-001
 5.2155858e-001
 5.2112204e-001
 5.2078968e-001
 5.2062511e-001
 5.2068430e-001
 5.2100891e-001
 5.2161938e-001
 5.2250940e-001
 5.2364218e-001
 5.2495080e-001
 5.2634221e-001
 5.2770382e-001
 5.2891427e-001
 5.2985293e-001
 5.3040975e-001
 5.3049308e-001
 5.3003365e-001
 5.2898633e-001
 5.2732980e-001
 5.2506518e-001
 5.2221262e-001
 5.1881206e-001
 5.1492023e-001
 5.1061398e-001
 5.0599062e-001
 5.0116730e-001
 4.9628451e-001
 4.9149907e-001
 4.8698190e-001
 4.8290667e-001
 4.7943634e-001
 4.7671235e-001
 4.7484007e-001
 4.7387829e-001
 4.7383538e-001
 4.7466841e-001
 4.7628957e-001
 4.7857621e-001
 4.8138568e-001
 4.8456767e-001
 4.8798001e-001
 4.9149632e-001
 4.9501359e-001
 4.9845567e-001
 5.0176936e-001
 5.0492430e-001
 5.0790536e-001
 5.1070964e-001
 5.1334333e-001
 5.1581603e-001
 5.1814067e-001
 5.2032840e-001
 5.2238822e-001
 5.2432591e-001
 5.2614295e-001
 5.2783763e-001
 5.2940744e-001
 5.3084868e-001
 5.3215915e-001
 5.3333759e-001
 5.3438455e-001
 5.3530306e-001
 5.3609818e-001
 5.3677803e-001
 5.3735238e-001
 5.3783268e-001
 5.3823030e-001
 5.3855568e-001
 5.3881717e-001
 5.3902102e-001
 5.3917176e-001
 5.3927296e-001
 5.3932792e-001
 5.3934038e-001
 5.3931469e-001
 5.3925622e-001
 5.3917128e-001
 5.3906655e-001
 5.3894871e-001
 5.3882372e-001
 5.3869593e-001
 5.3856766e-001
 5.3843910e-001
 5.3830802e-001
 5.3817046e-001
 5.3802121e-001
 5.3785497e-001
 5.3766727e-001
 5.3745520e-001
 5.3721756e-001
 5.3695518e-001
 5.3666937e-001
 5.3636175e-001
 5.3603339e-001
 5.3568470e-001
 5.3531623e-001
 5.3492874e-001
 5.3452396e-001
 5.3410435e-001
 5.3367293e-001
 5.3323305e-001
 5.3278798e-001
 5.3234124e-001
 5.3189588e-001
 5.3145427e-001
 5.3101820e-001
 5.3058815e-001
 5.3016376e-001
 5.2974427e-001
 5.2932894e-001
 5.2891779e-001
 5.2851129e-001
 5.2811003e-001
 5.2771461e-001
 5.2732444e-001
 5.2693784e-001
 5.2655178e-001
 5.2616167e-001
 5.2576274e-001
 5.2535045e-001
 5.2492195e-001
 5.2447689e-001
 5.2401727e-001
 5.2354789e-001
 5.2307504e-001
 5.2260578e-001
 5.2214712e-001
 5.2170485e-001
 5.2128357e-001
 5.2088612e-001
 5.2051389e-001
 5.2016723e-001
 5.1984590e-001
 5.1954967e-001
 5.1927799e-001
 5.1902974e-001
 5.1880318e-001
 5.1859504e-001
 5.1840085e-001
 5.1821488e-001
 5.1802999e-001
 5.1783812e-001
 5.1763046e-001
 5.1739758e-001
 5.1713043e-001
 5.1682079e-001
 5.1646274e-001
 5.1605272e-001
 5.1558948e-001
 5.1507354e-001
 5.1450574e-001
 5.1388764e-001
 5.1322103e-001
 5.1251018e-001
 5.1176333e-001
 5.1099408e-001
 5.1022154e-001
 5.0946897e-001
 5.0876051e-001
 5.0811911e-001
 5.0756252e-001
 5.0710249e-001
 5.0674319e-001
 5.0648171e-001
 5.0630891e-001
 5.0612879e-001
 5.0611687e-001
 5.0614208e-001
 5.0618047e-001
 5.0620878e-001
 5.0620681e-001
 5.0616002e-001
 5.0606078e-001
 5.0590789e-001
 5.0570494e-001
 5.0545746e-001
 5.0517160e-001
 5.0485355e-001
 5.0450963e-001
 5.0414717e-001
 5.0377411e-001
 5.0339812e-001
 5.0302607e-001
 5.0266337e-001
 5.0231421e-001
 5.0198090e-001
 5.0166446e-001
 5.0136423e-001
 5.0107759e-001
 5.0079989e-001
 5.0052482e-001
 5.0024432e-001
 4.9994993e-001
 4.9963233e-001
 4.9928200e-001
 4.9888965e-001
 4.9844819e-001
 4.9795625e-001
 4.9742091e-001
 4.9685872e-001
 4.9629295e-001
 4.9574783e-001
 4.9524319e-001
 4.9478993e-001
 4.9438855e-001
 4.9403101e-001
 4.9370369e-001
 4.9339184e-001
 4.9308294e-001
 4.9276876e-001
 4.9244604e-001
 4.9211505e-001
 4.9177828e-001
 4.9143851e-001
 4.9109721e-001
 4.9075431e-001
 4.9040809e-001
 4.9005684e-001
 4.8970032e-001
 4.8934051e-001
 4.8898119e-001
 4.8862517e-001
 4.8827162e-001
 4.8791438e-001
 4.8754328e-001
 4.8714843e-001
 4.8672456e-001
 4.8627457e-001
 4.8580870e-001
 4.8534077e-001
 4.8488343e-001
 4.8444423e-001
 4.8402408e-001
 4.8361820e-001
 4.8321766e-001
 4.8281127e-001
 4.8238707e-001
 4.8193374e-001
 4.8144293e-001
 4.8091045e-001
 4.8033696e-001
 4.7972655e-001
 4.7908381e-001
 4.7841194e-001
 4.7771159e-001
 4.7698328e-001
 4.7623053e-001
 4.7546229e-001
 4.7469392e-001
 4.7394389e-001
 4.7323039e-001
 4.7256702e-001
 4.7196057e-001
 4.7141126e-001
 4.7091338e-001
 4.7045583e-001
 4.7002313e-001
 4.6959603e-001
 4.6915415e-001
 4.6867940e-001
 4.6815914e-001
 4.6758810e-001
 4.6696684e-001
 4.6629918e-001
 4.6558928e-001
 4.6484023e-001
 4.6405500e-001
 4.6323612e-001
 4.6238551e-001
 4.6150243e-001
 4.6058160e-001
 4.5961428e-001
 4.5859000e-001
 4.5750150e-001
 4.5634800e-001
 4.5513654e-001
 4.5388189e-001
 4.5260218e-001
 4.5131585e-001
 4.5003808e-001
 4.4877881e-001
 4.4754410e-001
 4.4633684e-001
 4.4515774e-001
 4.4400692e-001
 4.4288275e-001
 4.4178277e-001
 4.4070360e-001
 4.3964159e-001
 4.3859518e-001
 4.3756443e-001
 4.3655157e-001
 4.3555820e-001
 4.3458253e-001
 4.3361875e-001
 4.3265742e-001
 4.3168926e-001
 4.3070862e-001
 4.2971435e-001
 4.2870879e-001
 4.2769244e-001
 4.2666095e-001
 4.2560306e-001
 4.2450190e-001
 4.2333937e-001
 4.2209974e-001
 4.2077214e-001
 4.1935289e-001
 4.1784415e-001
 4.1625375e-001
 4.1459191e-001
 4.1286731e-001
 4.1108498e-001
 4.0924266e-001
 4.0733185e-001
 4.0533885e-001
 4.0324670e-001
 4.0104008e-001
 3.9870542e-001
 3.9623371e-001
 3.9361897e-001
 3.9085665e-001
 3.8794497e-001
 3.8488200e-001
 3.8166794e-001
 3.7830383e-001
 3.7479028e-001
 3.7113070e-001
 3.6733192e-001
 3.6340466e-001
 3.5936737e-001
 3.5524085e-001
 3.5104802e-001
 3.4680879e-001
 3.4253624e-001
 3.3824006e-001
 3.3392444e-001
 3.2959425e-001
 3.2525587e-001
 3.2091683e-001
 3.1658942e-001
 3.1228545e-001
 3.0801794e-001
 3.0379769e-001
 2.9963022e-001
 2.9551920e-001
 2.9146388e-001
 2.8746510e-001
 2.8352657e-001
 2.7965492e-001
 2.7586234e-001
 2.7216101e-001
 2.6856482e-001
 2.6508796e-001
 2.6174539e-001
 2.5855768e-001
 2.5555065e-001
 2.5275373e-001
 2.5019991e-001
 2.4792047e-001
 2.4594520e-001
 2.4430031e-001
 2.4300748e-001
 2.4208471e-001
 2.4154432e-001
 2.4139304e-001
 2.4163075e-001
 2.4224970e-001
 2.4323408e-001
 2.4455988e-001
 2.4619418e-001
 2.4809872e-001
 2.5023103e-001
 2.5254771e-001
 2.5500357e-001
 2.5755587e-001
 2.6016343e-001
 2.6278538e-001
 2.6538590e-001
 2.6793250e-001
 2.7039334e-001
 2.7273926e-001
 2.7493995e-001
 2.7696511e-001
 2.7878419e-001
 2.8037193e-001
 2.8170893e-001
 2.8278229e-001
 2.8358778e-001
 2.8412837e-001
 2.8441337e-001
 2.8445861e-001
 2.8428429e-001
 2.8391370e-001
 2.8337148e-001
 2.8268304e-001
 2.8187516e-001
 2.8097752e-001
 2.8002167e-001
 2.7903995e-001
 2.7806282e-001
 2.7711353e-001
 2.7620643e-001
 2.7534750e-001
 2.7453551e-001
 2.7376685e-001
 2.7303898e-001
 2.7235302e-001
 2.7171245e-001
 2.7112159e-001
 2.7058318e-001
 2.7009574e-001
 2.6965341e-001
 2.6924771e-001
 2.6886898e-001
 2.6850891e-001
 2.6816198e-001
 2.6782477e-001
 2.6749489e-001
 2.6716903e-001
 2.6684207e-001
 2.6650679e-001
 2.6615548e-001
 2.6578239e-001
 2.6538497e-001
 2.6496419e-001
 2.6452374e-001
 2.6406732e-001
 2.6359758e-001
 2.6311517e-001
 2.6261958e-001
 2.6210970e-001
 2.6158574e-001
 2.6105127e-001
 2.6051342e-001
 2.5998282e-001
 2.5947195e-001
 2.5899160e-001
 2.5854906e-001
 2.5814760e-001
 2.5778833e-001
 2.5747216e-001
 2.5720218e-001
 2.5698352e-001
 2.5682059e-001
 2.5671396e-001
 2.5665814e-001
 2.5664243e-001
 2.5665462e-001
 2.5668669e-001
 2.5673884e-001
 2.5682086e-001
 2.5694916e-001
 2.5714108e-001
 2.5740930e-001
 2.5775820e-001
 2.5818378e-001
 2.5867754e-001
 2.5923082e-001
 2.5983757e-001
 2.6049572e-001
 2.6120484e-001
 2.6196262e-001
 2.6276040e-001
 2.6358223e-001
 2.6440510e-001
 2.6520252e-001
 2.6595220e-001
 2.6664117e-001
 2.6726851e-001
 2.6784489e-001
 2.6838687e-001
 2.6891068e-001
 2.6942876e-001
 2.6994872e-001
 2.7047631e-001
 2.7101859e-001
 2.7158654e-001
 2.7219373e-001
 2.7285236e-001
 2.7357003e-001
 2.7434725e-001
 2.7517703e-001
 2.7604815e-001
 2.7694690e-001
 2.7785933e-001
 2.7877128e-001
 2.7967003e-001
 2.8054458e-001
 2.8138581e-001
 2.8218842e-001
 2.8295022e-001
 2.8367072e-001
 2.8434968e-001
 2.8498363e-001
 2.8556281e-001
 2.8607124e-001
 2.8648776e-001
 2.8679043e-001
 2.8696060e-001
 2.8698623e-001
 2.8686142e-001
 2.8658432e-001
 2.8615466e-001
 2.8557235e-001
 2.8483945e-001
 2.8396165e-001
 2.8295138e-001
 2.8182861e-001
 2.8062114e-001
 2.7936059e-001
 2.7807918e-001
 2.7680588e-001
 2.7556083e-001
 2.7435401e-001
 2.7318704e-001
 2.7205443e-001
 2.7094892e-001
 2.6986596e-001
 2.6880422e-001
 2.6776746e-001
 2.6676321e-001
 2.6580277e-001
 2.6489824e-001
 2.6406202e-001
 2.6330611e-001
 2.6263991e-001
 2.6206949e-001
 2.6159617e-001
 2.6121435e-001
 2.6091179e-001
 2.6067150e-001
 2.6047510e-001
 2.6030648e-001
 2.6015449e-001
 2.6001388e-001
 2.5988391e-001
 2.5976607e-001
 2.5966150e-001
 2.5956941e-001
 2.5948727e-001
 2.5941283e-001
 2.5934604e-001
 2.5929037e-001
 2.5925159e-001
 2.5923511e-001
 2.5924313e-001
 2.5927293e-001
 2.5931647e-001
 2.5936088e-001
 2.5938874e-001
 2.5937933e-001
 2.5931022e-001
 2.5916034e-001
 2.5891206e-001
 2.5855213e-001
 2.5807035e-001
 2.5745785e-001
 2.5670767e-001
 2.5581512e-001
 2.5478035e-001
 2.5361034e-001
 2.5231671e-001
 2.5091457e-001
 2.4941997e-001
 2.4785124e-001
 2.4622837e-001
 2.4457654e-001
 2.4292906e-001
 2.4132492e-001
 2.3980805e-001
 2.3842520e-001
 2.3722014e-001
 2.3623177e-001
 2.3549198e-001
 2.3502225e-001
 2.3483349e-001
 2.3492536e-001
 2.3528616e-001
 2.3589337e-001
 2.3671411e-001
 2.3770489e-001
 2.3881453e-001
 2.3998708e-001
 2.4116592e-001
 2.4230097e-001
 2.4335195e-001
 2.4429141e-001
 2.4510485e-001
 2.4579202e-001
 2.4636555e-001
 2.4684966e-001
 2.4727976e-001
 2.4770039e-001
 2.4816276e-001
 2.4872157e-001
 2.4942885e-001
 2.5032580e-001
 2.5143623e-001
 2.5276175e-001
 2.5428253e-001
 2.5596043e-001
 2.5774845e-001
 2.5959665e-001
 2.6145673e-001
 2.6328868e-001
 2.6506177e-001
 2.6675373e-001
 2.6835209e-001
 2.6984969e-001
 2.7124333e-001
 2.7253091e-001
 2.7371338e-001
 2.7479342e-001
 2.7577403e-001
 2.7665836e-001
 2.7744782e-001
 2.7814206e-001
 2.7874216e-001
 2.7925253e-001
 2.7968246e-001
 2.8004685e-001
 2.8036395e-001
 2.8065336e-001
 2.8093430e-001
 2.8122583e-001
 2.8154808e-001
 2.8192291e-001
 2.8237388e-001
 2.8292266e-001
 2.8358385e-001
 2.8436145e-001
 2.8524670e-001
 2.8622055e-001
 2.8725779e-001
 2.8833425e-001
 2.8943101e-001
 2.9053533e-001
 2.9164088e-001
 2.9274377e-001
 2.9383785e-001
 2.9491416e-001
 2.9595992e-001
 2.9696018e-001
 2.9790264e-001
 2.9877976e-001
 2.9959062e-001
 3.0033934e-001
 3.0103347e-001
 3.0168104e-001
 3.0228889e-001
 3.0286357e-001
 3.0341062e-001
 3.0393255e-001
 3.0442676e-001
 3.0488363e-001
 3.0528757e-001
 3.0562031e-001
 3.0586571e-001
 3.0601195e-001
 3.0605215e-001
 3.0598399e-001
 3.0580962e-001
 3.0553651e-001
 3.0517897e-001
 3.0475873e-001
 3.0430460e-001
 3.0384898e-001
 3.0342463e-001
 3.0306110e-001
 3.0278370e-001
 3.0261314e-001
 3.0256665e-001
 3.0265760e-001
 3.0289298e-001
 3.0327049e-001
 3.0377585e-001
 3.0438358e-001
 3.0505967e-001
 3.0576637e-001
 3.0646631e-001
 3.0712801e-001
 3.0772829e-001
 3.0825254e-001
 3.0869332e-001
 3.0904597e-001
 3.0930498e-001
 3.0946413e-001
 3.0951962e-001
 3.0947697e-001
 3.0935705e-001
 3.0919906e-001
 3.0905733e-001
 3.0899268e-001
 3.0906117e-001
 3.0930457e-001
 3.0974576e-001
 3.1038952e-001
 3.1122541e-001
 3.1223002e-001
 3.1336954e-001
 3.1460160e-001
 3.1588012e-001
 3.1715989e-001
 3.1840411e-001
 3.1958634e-001
 3.2069078e-001
 3.2171366e-001
 3.2266200e-001
 3.2355112e-001
 3.2440063e-001
 3.2522491e-001
 3.2602483e-001
 3.2678357e-001
 3.2747251e-001
 3.2806093e-001
 3.2852578e-001
 3.2885608e-001
 3.2904777e-001
 3.2909492e-001
 3.2898185e-001
 3.2868049e-001
 3.2815471e-001
 3.2736808e-001
 3.2629228e-001
 3.2491142e-001
 3.2322291e-001
 3.2123035e-001
 3.1893727e-001
 3.1634489e-001
 3.1345037e-001
 3.1025743e-001
 3.0679271e-001
 3.0311373e-001
 2.9931682e-001
 2.9553100e-001
 2.9191002e-001
 2.8861481e-001
 2.8580594e-001
 2.8363624e-001
 2.8223434e-001
 2.8169087e-001
 2.8204051e-001
 2.8324959e-001
 2.8521740e-001
 2.8778595e-001
 2.9076400e-001
 2.9394943e-001
 2.9715303e-001
 3.0021289e-001
 3.0300835e-001
 3.0545738e-001
 3.0750769e-001
 3.0912921e-001
 3.1030419e-001
 3.1102508e-001
 3.1129983e-001
 3.1115443e-001
 3.1063327e-001
 3.0979517e-001
 3.0870560e-001
 3.0743015e-001
 3.0602962e-001
 3.0455229e-001
 3.0302843e-001
 3.0146721e-001
 2.9985505e-001
 2.9816425e-001
 2.9636711e-001
 2.9444769e-001
 2.9241261e-001
 2.9029024e-001
 2.8812209e-001
 2.8594330e-001
 2.8376853e-001
 2.8158772e-001
 2.7936900e-001
 2.7707502e-001
 2.7468035e-001
 2.7217779e-001
 2.6958326e-001
 2.6693276e-001
 2.6428300e-001
 2.6170737e-001
 2.5929728e-001
 2.5716066e-001
 2.5540978e-001
 2.5414902e-001
 2.5345749e-001
 2.5337049e-001
 2.5387195e-001
 2.5489581e-001
 2.5634196e-001
 2.5809771e-001
 2.6005977e-001
 2.6214582e-001
 2.6429924e-001
 2.6648006e-001
 2.6865101e-001
 2.7077019e-001
 2.7278507e-001
 2.7463478e-001
 2.7626202e-001
 2.7762109e-001
 2.7868482e-001
 2.7944407e-001
 2.7990779e-001
 2.8010327e-001
 2.8008169e-001
 2.7992162e-001
 2.7971914e-001
 2.7956352e-001
 2.7950639e-001
 2.7954298e-001
 2.7961722e-001
 2.7964884e-001
 2.7956831e-001
 2.7934316e-001
 2.7898598e-001
 2.7854347e-001
 2.7807206e-001
 2.7761069e-001
 2.7716193e-001
 2.7669445e-001
 2.7616742e-001
 2.7556273e-001
 2.7490619e-001
 2.7426058e-001
 2.7369475e-001
 2.7324551e-001
 2.7289915e-001
 2.7260348e-001
 2.7230462e-001
 2.7198792e-001
 2.7169853e-001
 2.7152780e-001
 2.7157018e-001
 2.7187121e-001
 2.7239224e-001
 2.7301276e-001
 2.7357146e-001
 2.7392662e-001
 2.7400655e-001
 2.7382192e-001
 2.7344015e-001
 2.7294046e-001
 2.7238145e-001
 2.7179748e-001
 2.7121538e-001
 2.7067426e-001
 2.7022958e-001
 2.6994330e-001
 2.6986909e-001
 2.7004528e-001
 2.7049512e-001
 2.7123064e-001
 2.7225235e-001
 2.7354088e-001
 2.7504817e-001
 2.7669120e-001
 2.7836108e-001
 2.7994457e-001
 2.8135306e-001
 2.8253746e-001
-1.2300000e+034
