s07_ASD Record=4713: Grossular WS485 Garnet        BECKb AREF
 5.9190321e-001
 5.9388989e-001
 5.9587359e-001
 5.9789789e-001
 5.9996772e-001
 6.0205376e-001
 6.0411745e-001
 6.0613585e-001
 6.0811400e-001
 6.1007863e-001
 6.1206120e-001
 6.1408103e-001
 6.1613703e-001
 6.1820334e-001
 6.2023133e-001
 6.2216508e-001
 6.2396508e-001
 6.2562364e-001
 6.2716746e-001
 6.2865061e-001
 6.3014126e-001
 6.3170373e-001
 6.3338220e-001
 6.3519073e-001
 6.3711345e-001
 6.3910794e-001
 6.4111465e-001
 6.4307708e-001
 6.4496171e-001
 6.4676130e-001
 6.4848572e-001
 6.5015233e-001
 6.5177912e-001
 6.5338641e-001
 6.5500247e-001
 6.5666425e-001
 6.5841109e-001
 6.6027266e-001
 6.6225374e-001
 6.6432053e-001
 6.6640103e-001
 6.6840041e-001
 6.7022908e-001
 6.7183495e-001
 6.7322439e-001
 6.7446214e-001
 6.7564642e-001
 6.7686975e-001
 6.7818242e-001
 6.7957580e-001
 6.8099213e-001
 6.8235368e-001
 6.8359762e-001
 6.8469954e-001
 6.8567765e-001
 6.8658149e-001
 6.8747658e-001
 6.8842185e-001
 6.8945438e-001
 6.9059807e-001
 6.9181287e-001
 6.9300556e-001
 6.9412339e-001
 6.9511110e-001
 6.9590795e-001
 6.9654465e-001
 6.9711697e-001
 6.9771606e-001
 6.9840622e-001
 6.9920975e-001
 7.0010000e-001
 7.0101619e-001
 7.0189583e-001
 7.0270252e-001
 7.0343912e-001
 7.0414615e-001
 7.0488471e-001
 7.0571142e-001
 7.0665473e-001
 7.0770258e-001
 7.0880753e-001
 7.0990646e-001
 7.1094942e-001
 7.1192217e-001
 7.1285343e-001
 7.1379882e-001
 7.1480811e-001
 7.1589160e-001
 7.1700543e-001
 7.1806979e-001
 7.1901041e-001
 7.1979827e-001
 7.2045720e-001
 7.2103328e-001
 7.2155225e-001
 7.2200072e-001
 7.2234923e-001
 7.2260076e-001
 7.2282034e-001
 7.2311187e-001
 7.2356278e-001
 7.2420192e-001
 7.2500151e-001
 7.2591251e-001
 7.2689921e-001
 7.2794712e-001
 7.2903568e-001
 7.3011160e-001
 7.3109949e-001
 7.3194826e-001
 7.3266953e-001
 7.3333251e-001
 7.3402679e-001
 7.3482943e-001
 7.3579377e-001
 7.3694307e-001
 7.3825234e-001
 7.3963821e-001
 7.4098861e-001
 7.4222600e-001
 7.4334246e-001
 7.4435836e-001
 7.4524438e-001
 7.4591321e-001
 7.4632061e-001
 7.4657279e-001
 7.4689990e-001
 7.4749500e-001
 7.4838191e-001
 7.4944305e-001
 7.5055724e-001
 7.5168288e-001
 7.5281185e-001
 7.5388867e-001
 7.5481695e-001
 7.5554180e-001
 7.5609457e-001
 7.5654888e-001
 7.5694883e-001
 7.5728422e-001
 7.5751853e-001
 7.5764281e-001
 7.5773287e-001
 7.5796771e-001
 7.5855583e-001
 7.5958514e-001
 7.6091468e-001
 7.6223040e-001
 7.6324511e-001
 7.6387489e-001
 7.6423764e-001
 7.6450211e-001
 7.6475567e-001
 7.6500654e-001
 7.6527345e-001
 7.6563853e-001
 7.6621133e-001
 7.6706243e-001
 7.6820499e-001
 7.6962858e-001
 7.7130955e-001
 7.7315515e-001
 7.7494705e-001
 7.7639776e-001
 7.7731639e-001
 7.7771294e-001
 7.7772450e-001
 7.7747929e-001
 7.7708745e-001
 7.7671933e-001
 7.7658027e-001
 7.7676636e-001
 7.7718699e-001
 7.7764589e-001
 7.7797681e-001
 7.7813900e-001
 7.7825451e-001
 7.7854913e-001
 7.7917701e-001
 7.8007078e-001
 7.8100008e-001
 7.8179020e-001
 7.8245682e-001
 7.8314364e-001
 7.8396940e-001
 7.8492409e-001
 7.8586733e-001
 7.8664184e-001
 7.8722799e-001
 7.8775179e-001
 7.8827995e-001
 7.8867137e-001
 7.8874451e-001
 7.8854954e-001
 7.8834575e-001
 7.8835642e-001
 7.8869641e-001
 7.8949469e-001
 7.9086745e-001
 7.9269284e-001
 7.9453862e-001
 7.9592007e-001
 7.9663163e-001
 7.9682535e-001
 7.9681236e-001
 7.9684770e-001
 7.9709685e-001
 7.9768044e-001
 7.9860973e-001
 7.9969728e-001
 8.0065948e-001
 8.0133802e-001
 8.0176729e-001
 8.0205542e-001
 8.0230790e-001
 8.0268133e-001
 8.0339301e-001
 8.0454767e-001
 8.0593884e-001
 8.0715179e-001
 8.0798507e-001
 8.0865180e-001
 8.0938601e-001
 8.1002551e-001
 8.1031168e-001
 8.1045663e-001
 8.1096053e-001
 8.1185430e-001
 8.1251961e-001
 8.1241763e-001
 8.1180722e-001
 8.1152916e-001
 8.1201893e-001
 8.1273097e-001
 8.1281543e-001
 8.1224412e-001
 8.1191707e-001
 8.1270522e-001
 8.1467909e-001
 8.1721413e-001
 8.1956071e-001
 8.2125944e-001
 8.2220399e-001
 8.2252693e-001
 8.2252163e-001
 8.2258540e-001
 8.2303721e-001
 8.2384348e-001
 8.2452285e-001
 8.2452655e-001
 8.2386488e-001
 8.2312471e-001
 8.2275426e-001
 8.2270223e-001
 8.2287115e-001
 8.2341141e-001
 8.2433939e-001
 8.2541490e-001
 8.2651216e-001
 8.2766557e-001
 8.2876372e-001
 8.2955146e-001
 8.2993984e-001
 8.3009219e-001
 8.3018017e-001
 8.3020365e-001
 8.3007169e-001
 8.2976174e-001
 8.2937777e-001
 8.2906920e-001
 8.2887387e-001
 8.2867110e-001
 8.2838994e-001
 8.2825661e-001
 8.2864571e-001
 8.2958984e-001
 8.3060718e-001
 8.3113873e-001
 8.3108687e-001
 8.3087063e-001
 8.3099800e-001
 8.3163381e-001
 8.3253473e-001
 8.3338308e-001
 8.3404237e-001
 8.3443350e-001
 8.3437771e-001
 8.3374250e-001
 8.3277887e-001
 8.3218658e-001
 8.3253855e-001
 8.3353376e-001
 8.3419734e-001
 8.3401978e-001
 8.3351040e-001
 8.3346975e-001
 8.3409733e-001
 8.3495140e-001
 8.3553225e-001
 8.3575445e-001
 8.3584470e-001
 8.3587730e-001
 8.3565217e-001
 8.3506197e-001
 8.3428687e-001
 8.3356142e-001
 8.3307022e-001
 8.3313215e-001
 8.3405614e-001
 8.3561164e-001
 8.3700591e-001
 8.3762234e-001
 8.3755249e-001
 8.3733261e-001
 8.3741701e-001
 8.3790392e-001
 8.3849907e-001
 8.3865857e-001
 8.3794004e-001
 8.3653373e-001
 8.3542180e-001
 8.3560687e-001
 8.3714730e-001
 8.3918083e-001
 8.4073454e-001
 8.4131634e-001
 8.4096158e-001
 8.4000945e-001
 8.3890259e-001
 8.3805883e-001
 8.3775467e-001
 8.3804667e-001
 8.3878756e-001
 8.3969706e-001
 8.4043628e-001
 8.4072256e-001
 8.4050721e-001
 8.4007651e-001
 8.3989924e-001
 8.4027684e-001
 8.4109902e-001
 8.4193218e-001
 8.4232885e-001
 8.4207165e-001
 8.4123826e-001
 8.4018290e-001
 8.3946991e-001
 8.3963025e-001
 8.4076691e-001
 8.4234571e-001
 8.4351045e-001
 8.4378231e-001
 8.4349132e-001
 8.4336191e-001
 8.4346598e-001
 8.4333342e-001
 8.4273547e-001
 8.4199262e-001
 8.4172273e-001
 8.4212786e-001
 8.4272099e-001
 8.4304124e-001
 8.4325081e-001
 8.4362459e-001
 8.4395039e-001
 8.4388149e-001
 8.4344119e-001
 8.4281260e-001
 8.4206647e-001
 8.4147668e-001
 8.4163952e-001
 8.4273893e-001
 8.4411222e-001
 8.4509724e-001
 8.4579480e-001
 8.4648502e-001
 8.4697062e-001
 8.4711313e-001
 8.4741765e-001
 8.4845901e-001
 8.5007536e-001
 8.5146332e-001
 8.5187531e-001
 8.5123837e-001
 8.5020590e-001
 8.4949428e-001
 8.4925836e-001
 8.4918582e-001
 8.4896147e-001
 8.4856832e-001
 8.4825706e-001
 8.4823465e-001
 8.4841824e-001
 8.4853786e-001
 8.4840435e-001
 8.4810358e-001
 8.4794182e-001
 8.4815985e-001
 8.4882301e-001
 8.4978235e-001
 8.5075170e-001
 8.5146648e-001
 8.5176677e-001
 8.5162342e-001
 8.5112613e-001
 8.5058498e-001
 8.5049784e-001
 8.5127378e-001
 8.5282964e-001
 8.5458601e-001
 8.5591471e-001
 8.5651094e-001
 8.5640615e-001
 8.5577852e-001
 8.5490155e-001
 8.5411793e-001
 8.5370606e-001
 8.5369664e-001
 8.5388172e-001
 8.5401988e-001
 8.5400188e-001
 8.5386318e-001
 8.5371155e-001
 8.5370231e-001
 8.5400224e-001
 8.5469240e-001
 8.5566896e-001
 8.5661626e-001
 8.5710764e-001
 8.5699582e-001
 8.5657942e-001
 8.5630089e-001
 8.5651159e-001
 8.5707229e-001
 8.5764641e-001
 8.5789710e-001
 8.5756576e-001
 8.5690778e-001
 8.5638577e-001
 8.5646325e-001
 8.5750103e-001
 8.5918552e-001
 8.6092991e-001
 8.6214727e-001
 8.6234826e-001
 8.6169380e-001
 8.6060840e-001
 8.5951686e-001
 8.5879260e-001
 8.5846138e-001
 8.5841811e-001
 8.5854292e-001
 8.5869634e-001
 8.5879469e-001
 8.5878438e-001
 8.5861349e-001
 8.5823017e-001
 8.5758936e-001
 8.5680449e-001
 8.5614645e-001
 8.5589278e-001
 8.5632080e-001
 8.5769081e-001
 8.5986757e-001
 8.6232734e-001
 8.6452889e-001
 8.6593187e-001
 8.6601782e-001
 8.6476523e-001
 8.6264038e-001
 8.6012894e-001
 8.5771793e-001
 8.5589314e-001
 8.5501301e-001
 8.5494095e-001
 8.5541981e-001
 8.5619259e-001
 8.5700226e-001
 8.5759169e-001
 8.5776573e-001
 8.5756737e-001
 8.5709649e-001
 8.5645348e-001
 8.5573804e-001
 8.5505074e-001
 8.5449129e-001
 8.5413796e-001
 8.5398465e-001
 8.5400540e-001
 8.5417414e-001
 8.5446483e-001
 8.5485137e-001
-1.2300000e+034
-1.2300000e+034
 8.5632616e-001
 8.5683590e-001
 8.5731155e-001
 8.5772669e-001
 8.5805571e-001
 8.5827219e-001
 8.5835034e-001
 8.5826403e-001
 8.5799915e-001
 8.5758609e-001
 8.5706562e-001
 8.5647833e-001
 8.5586512e-001
 8.5526645e-001
 8.5472339e-001
 8.5427642e-001
 8.5395646e-001
 8.5375732e-001
 8.5366446e-001
 8.5366356e-001
 8.5373992e-001
 8.5387892e-001
 8.5406643e-001
 8.5428745e-001
 8.5452777e-001
 8.5477275e-001
 8.5500795e-001
 8.5521877e-001
 8.5539281e-001
 8.5552597e-001
 8.5561579e-001
 8.5565943e-001
 8.5565472e-001
 8.5559911e-001
 8.5548997e-001
 8.5532498e-001
 8.5510170e-001
 8.5481733e-001
 8.5446978e-001
 8.5405630e-001
 8.5357785e-001
 8.5304743e-001
 8.5248089e-001
 8.5189378e-001
 8.5130203e-001
 8.5072118e-001
 8.5016710e-001
 8.4965533e-001
 8.4920180e-001
 8.4882206e-001
 8.4853196e-001
 8.4833932e-001
 8.4822452e-001
 8.4816170e-001
 8.4812528e-001
 8.4808922e-001
 8.4802800e-001
 8.4791589e-001
 8.4772718e-001
 8.4743589e-001
 8.4701651e-001
 8.4645820e-001
 8.4580201e-001
 8.4510028e-001
 8.4440559e-001
 8.4376979e-001
 8.4324580e-001
 8.4288555e-001
 8.4274161e-001
 8.4286624e-001
 8.4331179e-001
 8.4410280e-001
 8.4516865e-001
 8.4641862e-001
 8.4776163e-001
 8.4910697e-001
 8.5036355e-001
 8.5144061e-001
 8.5224748e-001
 8.5269302e-001
 8.5268646e-001
 8.5217553e-001
 8.5123861e-001
 8.4998119e-001
 8.4850878e-001
 8.4692758e-001
 8.4534276e-001
 8.4386033e-001
 8.4258562e-001
 8.4162462e-001
 8.4105045e-001
 8.4082818e-001
 8.4090036e-001
 8.4120995e-001
 8.4169936e-001
 8.4231150e-001
 8.4298861e-001
 8.4367377e-001
 8.4431690e-001
 8.4489298e-001
 8.4538198e-001
 8.4576410e-001
 8.4601927e-001
 8.4612739e-001
 8.4606874e-001
 8.4582305e-001
 8.4538722e-001
 8.4481132e-001
 8.4415698e-001
 8.4348559e-001
 8.4285837e-001
 8.4233707e-001
 8.4198272e-001
 8.4185696e-001
 8.4199589e-001
 8.4235424e-001
 8.4287083e-001
 8.4344494e-001
 8.4407640e-001
 8.4467018e-001
 8.4518087e-001
 8.4559011e-001
 8.4590256e-001
 8.4613740e-001
 8.4632087e-001
 8.4648007e-001
 8.4663802e-001
 8.4680480e-001
 8.4697354e-001
 8.4712452e-001
 8.4723318e-001
 8.4727585e-001
 8.4723496e-001
 8.4710485e-001
 8.4689337e-001
 8.4661883e-001
 8.4630454e-001
 8.4597492e-001
 8.4565336e-001
 8.4536046e-001
 8.4511358e-001
 8.4492743e-001
 8.4481460e-001
 8.4478450e-001
 8.4484017e-001
 8.4497499e-001
 8.4517115e-001
 8.4540230e-001
 8.4563786e-001
 8.4584779e-001
 8.4600747e-001
 8.4610134e-001
 8.4612411e-001
 8.4607899e-001
 8.4597492e-001
 8.4582436e-001
 8.4564269e-001
 8.4548503e-001
 8.4539872e-001
 8.4531832e-001
 8.4524745e-001
 8.4518671e-001
 8.4513330e-001
 8.4508193e-001
 8.4502596e-001
 8.4495944e-001
 8.4487969e-001
 8.4478945e-001
 8.4469855e-001
 8.4462345e-001
 8.4458447e-001
 8.4460074e-001
 8.4468567e-001
 8.4484255e-001
 8.4506327e-001
 8.4532863e-001
 8.4561217e-001
 8.4588510e-001
 8.4612113e-001
 8.4630078e-001
 8.4641361e-001
 8.4645844e-001
 8.4644276e-001
 8.4638125e-001
 8.4629244e-001
 8.4619415e-001
 8.4609944e-001
 8.4601384e-001
 8.4593475e-001
 8.4585345e-001
 8.4575832e-001
 8.4563798e-001
 8.4548420e-001
 8.4529406e-001
 8.4507018e-001
 8.4482032e-001
 8.4455532e-001
 8.4428686e-001
 8.4402531e-001
 8.4377861e-001
 8.4355140e-001
 8.4334588e-001
 8.4316313e-001
 8.4300464e-001
 8.4287381e-001
 8.4277624e-001
 8.4271896e-001
 8.4270859e-001
 8.4274858e-001
 8.4283668e-001
 8.4296298e-001
 8.4310967e-001
 8.4325290e-001
 8.4336543e-001
 8.4342128e-001
 8.4339982e-001
 8.4328884e-001
 8.4308618e-001
 8.4279937e-001
 8.4244335e-001
 8.4203774e-001
 8.4160304e-001
 8.4115839e-001
 8.4071892e-001
 8.4029567e-001
 8.3989531e-001
 8.3952093e-001
 8.3917290e-001
 8.3884931e-001
 8.3854681e-001
 8.3826047e-001
 8.3798432e-001
 8.3771169e-001
 8.3743572e-001
 8.3715022e-001
 8.3685070e-001
 8.3653522e-001
 8.3620495e-001
 8.3586407e-001
 8.3551991e-001
 8.3518159e-001
 8.3485955e-001
 8.3456349e-001
 8.3430135e-001
 8.3407795e-001
 8.3389413e-001
 8.3374602e-001
 8.3362514e-001
 8.3351940e-001
 8.3341420e-001
 8.3329451e-001
 8.3314717e-001
 8.3296371e-001
 8.3274186e-001
 8.3248740e-001
 8.3221388e-001
 8.3194143e-001
 8.3169413e-001
 8.3149624e-001
 8.3136821e-001
 8.3132279e-001
 8.3136243e-001
 8.3147776e-001
 8.3164895e-001
 8.3184749e-001
 8.3204037e-001
 8.3219469e-001
 8.3228189e-001
 8.3228201e-001
 8.3218557e-001
 8.3199447e-001
 8.3172083e-001
 8.3138448e-001
 8.3100945e-001
 8.3061993e-001
 8.3023775e-001
 8.2987964e-001
 8.2955706e-001
 8.2927632e-001
 8.2903987e-001
 8.2884771e-001
 8.2869840e-001
 8.2858926e-001
 8.2851589e-001
 8.2847136e-001
 8.2844555e-001
 8.2842475e-001
 8.2839280e-001
 8.2833290e-001
 8.2822967e-001
 8.2807177e-001
 8.2785362e-001
 8.2757598e-001
 8.2724559e-001
 8.2687396e-001
 8.2647532e-001
 8.2606536e-001
 8.2565928e-001
 8.2527173e-001
 8.2491624e-001
 8.2460552e-001
 8.2435119e-001
 8.2416326e-001
 8.2404900e-001
 8.2401198e-001
 8.2405037e-001
 8.2415640e-001
 8.2431614e-001
 8.2451016e-001
 8.2471526e-001
 8.2490599e-001
 8.2505721e-001
 8.2514596e-001
 8.2515293e-001
 8.2506460e-001
 8.2487392e-001
 8.2458168e-001
 8.2419705e-001
 8.2373768e-001
 8.2322901e-001
 8.2270223e-001
 8.2219166e-001
 8.2173008e-001
 8.2134533e-001
 8.2105607e-001
 8.2086980e-001
 8.2078260e-001
 8.2078111e-001
 8.2084584e-001
 8.2095540e-001
 8.2109034e-001
 8.2123542e-001
 8.2137984e-001
 8.2151592e-001
 8.2163709e-001
 8.2173568e-001
 8.2180196e-001
 8.2182550e-001
 8.2179761e-001
 8.2171428e-001
 8.2157940e-001
 8.2140559e-001
 8.2121313e-001
 8.2102656e-001
 8.2086986e-001
 8.2076186e-001
 8.2071298e-001
 8.2072395e-001
 8.2078737e-001
 8.2089090e-001
 8.2102120e-001
 8.2116711e-001
 8.2132131e-001
 8.2148063e-001
 8.2164377e-001
 8.2180953e-001
 8.2197452e-001
 8.2213253e-001
 8.2227540e-001
 8.2239491e-001
 8.2248533e-001
 8.2254595e-001
 8.2258189e-001
 8.2260382e-001
 8.2262594e-001
 8.2266307e-001
 8.2272738e-001
 8.2282555e-001
 8.2295746e-001
 8.2311594e-001
 8.2328838e-001
 8.2345945e-001
 8.2361412e-001
 8.2374120e-001
 8.2383513e-001
 8.2389754e-001
 8.2393640e-001
 8.2396430e-001
 8.2399517e-001
 8.2404149e-001
 8.2411087e-001
 8.2420486e-001
 8.2431841e-001
 8.2444143e-001
 8.2456106e-001
 8.2466513e-001
 8.2474500e-001
 8.2479793e-001
 8.2482797e-001
 8.2484573e-001
 8.2486659e-001
 8.2490838e-001
 8.2498801e-001
 8.2511926e-001
 8.2530987e-001
 8.2556081e-001
 8.2586563e-001
 8.2621151e-001
 8.2658100e-001
 8.2695436e-001
 8.2731193e-001
 8.2763690e-001
 8.2791662e-001
 8.2814413e-001
 8.2831830e-001
 8.2844323e-001
 8.2852709e-001
 8.2858050e-001
 8.2861483e-001
 8.2864052e-001
 8.2866615e-001
 8.2869792e-001
 8.2873976e-001
 8.2879400e-001
 8.2886237e-001
 8.2894713e-001
 8.2905173e-001
 8.2918131e-001
 8.2934225e-001
 8.2954121e-001
 8.2978398e-001
 8.3007371e-001
 8.3040982e-001
 8.3078653e-001
 8.3119315e-001
 8.3161426e-001
 8.3203173e-001
 8.3242667e-001
 8.3278185e-001
 8.3308423e-001
 8.3332628e-001
 8.3350676e-001
 8.3363050e-001
 8.3370674e-001
 8.3374757e-001
 8.3376622e-001
 8.3377570e-001
 8.3378839e-001
 8.3381605e-001
 8.3386993e-001
 8.3396137e-001
 8.3410114e-001
 8.3429867e-001
 8.3456039e-001
 8.3488810e-001
 8.3527809e-001
 8.3572054e-001
 8.3620125e-001
 8.3670324e-001
 8.3720976e-001
 8.3770674e-001
 8.3818430e-001
 8.3863747e-001
 8.3906507e-001
 8.3946818e-001
 8.3984852e-001
 8.4020674e-001
 8.4054267e-001
 8.4085560e-001
 8.4114563e-001
 8.4141558e-001
 8.4167135e-001
 8.4192216e-001
 8.4217906e-001
 8.4245288e-001
 8.4275234e-001
 8.4308171e-001
 8.4344053e-001
 8.4382385e-001
 8.4422350e-001
 8.4463072e-001
 8.4503806e-001
 8.4544110e-001
 8.4583998e-001
 8.4623826e-001
 8.4664297e-001
 8.4706205e-001
 8.4750319e-001
 8.4797168e-001
 8.4846926e-001
 8.4899372e-001
 8.4953839e-001
 8.5009307e-001
 8.5064548e-001
 8.5118198e-001
 8.5168976e-001
 8.5215765e-001
 8.5257757e-001
 8.5294539e-001
 8.5326093e-001
 8.5352820e-001
 8.5375470e-001
 8.5395068e-001
 8.5412836e-001
 8.5430026e-001
 8.5447842e-001
 8.5467303e-001
 8.5489148e-001
 8.5513777e-001
 8.5541165e-001
 8.5570902e-001
 8.5602218e-001
 8.5634029e-001
 8.5665107e-001
 8.5694140e-001
 8.5719943e-001
 8.5741568e-001
 8.5758424e-001
 8.5770363e-001
 8.5777646e-001
 8.5780948e-001
 8.5781193e-001
 8.5779464e-001
 8.5776806e-001
 8.5774159e-001
 8.5772294e-001
 8.5771865e-001
 8.5773462e-001
 8.5777771e-001
 8.5785621e-001
 8.5797989e-001
 8.5815805e-001
 8.5839683e-001
 8.5869479e-001
 8.5903853e-001
 8.5939908e-001
 8.5973018e-001
 8.5996902e-001
 8.6004072e-001
 8.5986513e-001
 8.5936648e-001
 8.5848331e-001
 8.5717851e-001
 8.5544652e-001
 8.5331649e-001
 8.5085261e-001
 8.4814656e-001
 8.4530985e-001
 8.4246105e-001
 8.3971220e-001
 8.3716094e-001
 8.3488095e-001
 8.3292198e-001
 8.3131033e-001
 8.3005339e-001
 8.2914668e-001
 8.2857847e-001
 8.2833296e-001
 8.2839131e-001
 8.2873064e-001
 8.2932198e-001
 8.3012909e-001
 8.3110964e-001
 8.3221656e-001
 8.3340359e-001
 8.3462870e-001
 8.3585888e-001
 8.3707273e-001
 8.3825934e-001
 8.3941746e-001
 8.4055066e-001
 8.4166336e-001
 8.4275746e-001
 8.4382862e-001
 8.4486610e-001
 8.4585208e-001
 8.4676391e-001
 8.4757674e-001
 8.4826565e-001
 8.4880960e-001
 8.4919387e-001
 8.4941316e-001
 8.4947383e-001
 8.4939498e-001
 8.4920871e-001
 8.4895867e-001
 8.4869665e-001
 8.4847814e-001
 8.4835643e-001
 8.4837723e-001
 8.4857315e-001
 8.4896100e-001
 8.4954041e-001
 8.5029548e-001
 8.5119820e-001
 8.5221350e-001
 8.5330439e-001
 8.5443765e-001
 8.5558653e-001
 8.5673332e-001
 8.5786986e-001
 8.5899514e-001
 8.6011362e-001
 8.6123103e-001
 8.6235178e-001
 8.6347687e-001
 8.6460173e-001
 8.6571699e-001
 8.6680990e-001
 8.6786562e-001
 8.6887074e-001
 8.6981428e-001
 8.7069011e-001
 8.7149709e-001
 8.7223840e-001
 8.7292039e-001
 8.7355053e-001
 8.7413561e-001
 8.7468040e-001
 8.7518662e-001
 8.7565362e-001
 8.7607920e-001
 8.7646145e-001
 8.7680107e-001
 8.7710255e-001
 8.7737525e-001
 8.7763244e-001
 8.7788981e-001
 8.7816238e-001
 8.7846088e-001
 8.7878871e-001
 8.7913984e-001
 8.7949789e-001
 8.7983769e-001
 8.8012809e-001
 8.8033652e-001
 8.8043392e-001
 8.8039970e-001
 8.8022590e-001
 8.7991917e-001
 8.7950152e-001
 8.7900817e-001
 8.7848443e-001
 8.7797999e-001
 8.7754387e-001
 8.7721878e-001
 8.7703651e-001
 8.7701535e-001
 8.7715870e-001
 8.7745571e-001
 8.7788343e-001
 8.7841004e-001
 8.7899804e-001
 8.7960857e-001
 8.8020420e-001
 8.8075209e-001
 8.8122648e-001
 8.8160974e-001
 8.8189328e-001
 8.8207769e-001
 8.8217145e-001
 8.8218987e-001
 8.8215238e-001
 8.8208038e-001
 8.8199431e-001
 8.8191134e-001
 8.8184339e-001
 8.8179648e-001
 8.8177043e-001
 8.8176030e-001
 8.8175851e-001
 8.8175732e-001
 8.8175148e-001
 8.8174057e-001
 8.8173008e-001
 8.8173091e-001
 8.8175768e-001
 8.8182545e-001
 8.8194627e-001
 8.8212585e-001
 8.8236171e-001
 8.8264257e-001
 8.8295025e-001
 8.8326252e-001
 8.8355762e-001
 8.8381791e-001
 8.8403326e-001
 8.8420123e-001
 8.8432539e-001
 8.8441259e-001
 8.8447046e-001
 8.8450527e-001
 8.8452113e-001
 8.8451988e-001
 8.8450193e-001
 8.8446808e-001
 8.8442177e-001
 8.8437063e-001
 8.8432628e-001
 8.8430202e-001
 8.8430899e-001
 8.8435167e-001
 8.8442481e-001
 8.8451403e-001
 8.8459849e-001
 8.8465565e-001
 8.8466561e-001
 8.8461518e-001
 8.8450021e-001
 8.8432664e-001
 8.8411015e-001
 8.8387418e-001
 8.8364637e-001
 8.8345522e-001
 8.8332605e-001
 8.8327765e-001
 8.8332015e-001
 8.8345349e-001
 8.8366759e-001
 8.8394362e-001
 8.8425660e-001
 8.8457948e-001
 8.8488638e-001
 8.8515598e-001
 8.8537318e-001
 8.8553089e-001
 8.8562942e-001
 8.8567698e-001
 8.8568801e-001
 8.8568097e-001
 8.8567501e-001
 8.8568652e-001
 8.8572592e-001
 8.8579601e-001
 8.8589114e-001
 8.8599867e-001
 8.8610125e-001
 8.8617998e-001
 8.8621801e-001
 8.8620275e-001
 8.8612759e-001
 8.8599223e-001
 8.8580257e-001
 8.8556957e-001
 8.8530874e-001
 8.8503814e-001
 8.8477749e-001
 8.8454616e-001
 8.8436115e-001
 8.8423479e-001
 8.8417321e-001
 8.8417488e-001
 8.8423049e-001
 8.8432378e-001
 8.8443369e-001
 8.8453728e-001
 8.8461280e-001
 8.8464320e-001
 8.8461822e-001
 8.8453603e-001
 8.8440317e-001
 8.8423324e-001
 8.8404471e-001
 8.8385773e-001
 8.8369119e-001
 8.8356000e-001
 8.8347334e-001
 8.8343394e-001
 8.8343883e-001
 8.8348013e-001
 8.8354778e-001
 8.8363093e-001
 8.8372034e-001
 8.8380927e-001
 8.8389415e-001
 8.8397419e-001
 8.8405067e-001
 8.8412529e-001
 8.8419926e-001
 8.8427162e-001
 8.8433903e-001
 8.8439524e-001
 8.8443196e-001
 8.8443959e-001
 8.8440883e-001
 8.8433188e-001
 8.8420403e-001
 8.8402444e-001
 8.8379693e-001
 8.8352978e-001
 8.8323605e-001
 8.8293231e-001
 8.8263816e-001
 8.8237482e-001
 8.8216329e-001
 8.8202298e-001
 8.8196892e-001
 8.8201004e-001
 8.8214654e-001
 8.8236880e-001
 8.8265604e-001
 8.8297760e-001
 8.8329476e-001
 8.8356435e-001
 8.8374400e-001
 8.8379705e-001
 8.8369775e-001
 8.8343525e-001
 8.8301551e-001
 8.8246077e-001
 8.8180703e-001
 8.8109976e-001
 8.8038766e-001
 8.7971777e-001
 8.7912977e-001
 8.7865299e-001
 8.7830448e-001
 8.7808853e-001
 8.7799859e-001
 8.7801945e-001
 8.7813073e-001
 8.7830967e-001
 8.7853366e-001
 8.7878263e-001
 8.7903982e-001
 8.7929207e-001
 8.7952954e-001
 8.7974524e-001
 8.7993461e-001
 8.8009477e-001
 8.8022429e-001
 8.8032287e-001
 8.8039136e-001
 8.8043147e-001
 8.8044590e-001
 8.8043803e-001
 8.8041192e-001
 8.8037211e-001
 8.8032287e-001
 8.8026804e-001
 8.8020998e-001
 8.8014859e-001
 8.8008112e-001
 8.8000113e-001
 8.7989938e-001
 8.7976485e-001
 8.7958634e-001
 8.7935525e-001
 8.7906784e-001
 8.7872803e-001
 8.7834877e-001
 8.7795281e-001
 8.7757212e-001
 8.7724608e-001
 8.7701780e-001
 8.7692887e-001
 8.7701374e-001
 8.7729329e-001
 8.7777036e-001
 8.7842578e-001
 8.7921864e-001
 8.8008869e-001
 8.8096231e-001
 8.8176113e-001
 8.8241047e-001
 8.8284969e-001
 8.8303924e-001
 8.8296640e-001
 8.8264662e-001
 8.8212186e-001
 8.8145441e-001
 8.8071936e-001
 8.7999427e-001
 8.7934965e-001
 8.7884068e-001
 8.7850100e-001
 8.7834042e-001
 8.7834537e-001
 8.7848276e-001
 8.7870586e-001
 8.7896132e-001
 8.7919664e-001
 8.7936622e-001
 8.7943578e-001
 8.7938499e-001
 8.7920785e-001
 8.7891126e-001
 8.7851226e-001
 8.7803483e-001
 8.7750655e-001
 8.7695569e-001
 8.7640852e-001
 8.7588847e-001
 8.7541485e-001
 8.7500280e-001
 8.7466353e-001
 8.7440443e-001
 8.7422949e-001
 8.7413949e-001
 8.7413257e-001
 8.7420410e-001
 8.7434727e-001
 8.7455338e-001
 8.7481230e-001
 8.7511283e-001
 8.7544310e-001
 8.7579125e-001
 8.7614518e-001
 8.7649322e-001
 8.7682420e-001
 8.7712771e-001
 8.7739402e-001
 8.7761456e-001
 8.7778205e-001
 8.7789083e-001
 8.7793672e-001
 8.7791765e-001
 8.7783343e-001
 8.7768596e-001
 8.7747967e-001
 8.7722141e-001
 8.7692046e-001
 8.7658924e-001
 8.7624258e-001
 8.7589747e-001
 8.7557244e-001
 8.7528592e-001
 8.7505472e-001
 8.7489223e-001
 8.7480605e-001
 8.7479693e-001
 8.7485743e-001
 8.7497222e-001
 8.7511915e-001
 8.7527144e-001
 8.7540066e-001
 8.7548006e-001
 8.7548810e-001
 8.7541121e-001
 8.7524551e-001
 8.7499768e-001
 8.7468439e-001
 8.7433058e-001
 8.7396640e-001
 8.7362361e-001
 8.7333196e-001
 8.7311602e-001
 8.7299186e-001
 8.7296647e-001
 8.7303841e-001
 8.7319928e-001
 8.7343568e-001
 8.7373161e-001
 8.7406993e-001
 8.7443411e-001
 8.7480897e-001
 8.7518120e-001
 8.7553966e-001
 8.7587553e-001
 8.7618214e-001
 8.7645507e-001
 8.7669110e-001
 8.7688798e-001
 8.7704360e-001
 8.7715590e-001
 8.7722236e-001
 8.7724000e-001
 8.7727487e-001
 8.7718803e-001
 8.7704152e-001
 8.7683302e-001
 8.7656260e-001
 8.7623429e-001
 8.7585664e-001
 8.7544245e-001
 8.7500715e-001
 8.7456793e-001
 8.7414193e-001
 8.7374610e-001
 8.7339616e-001
 8.7310529e-001
 8.7288296e-001
 8.7273437e-001
 8.7265980e-001
 8.7265539e-001
 8.7271392e-001
 8.7282622e-001
 8.7298197e-001
 8.7317067e-001
 8.7338144e-001
 8.7360364e-001
 8.7382686e-001
 8.7404096e-001
 8.7423640e-001
 8.7440377e-001
 8.7453431e-001
 8.7461931e-001
 8.7465024e-001
 8.7461942e-001
 8.7452030e-001
 8.7434924e-001
 8.7410730e-001
 8.7380165e-001
 8.7344629e-001
 8.7306160e-001
 8.7267244e-001
 8.7230635e-001
 8.7199193e-001
 8.7175733e-001
 8.7162822e-001
 8.7162519e-001
 8.7175995e-001
 8.7203258e-001
 8.7242997e-001
 8.7292701e-001
 8.7348998e-001
 8.7408012e-001
 8.7465626e-001
 8.7517756e-001
 8.7560570e-001
 8.7590808e-001
 8.7606210e-001
 8.7605846e-001
 8.7590271e-001
 8.7561363e-001
 8.7521994e-001
 8.7475616e-001
 8.7425941e-001
 8.7376690e-001
 8.7331367e-001
 8.7292969e-001
 8.7263608e-001
 8.7244225e-001
 8.7234443e-001
 8.7232703e-001
 8.7236589e-001
 8.7243146e-001
 8.7249213e-001
 8.7251592e-001
 8.7247300e-001
 8.7233806e-001
 8.7209332e-001
 8.7173164e-001
 8.7125736e-001
 8.7068510e-001
 8.7003756e-001
 8.6934155e-001
 8.6862618e-001
 8.6792064e-001
 8.6725211e-001
 8.6664385e-001
 8.6611193e-001
 8.6566293e-001
 8.6529297e-001
 8.6498839e-001
 8.6472869e-001
 8.6448920e-001
 8.6424333e-001
 8.6396462e-001
 8.6362821e-001
 8.6321366e-001
 8.6270750e-001
 8.6210561e-001
 8.6141479e-001
 8.6065108e-001
 8.5983765e-001
 8.5900217e-001
 8.5817355e-001
 8.5738128e-001
 8.5665274e-001
 8.5601181e-001
 8.5547572e-001
 8.5505259e-001
 8.5474092e-001
 8.5453016e-001
 8.5440332e-001
 8.5433942e-001
 8.5431576e-001
 8.5430938e-001
 8.5429835e-001
 8.5426354e-001
 8.5419029e-001
 8.5407001e-001
 8.5390097e-001
 8.5368776e-001
 8.5343927e-001
 8.5316724e-001
 8.5288453e-001
 8.5260445e-001
 8.5233945e-001
 8.5210061e-001
 8.5189635e-001
 8.5173154e-001
 8.5160714e-001
 8.5152054e-001
 8.5146648e-001
 8.5143811e-001
 8.5142791e-001
 8.5142815e-001
 8.5143107e-001
 8.5142946e-001
 8.5141671e-001
 8.5138708e-001
 8.5133612e-001
 8.5126013e-001
 8.5115612e-001
 8.5102165e-001
 8.5085452e-001
 8.5065317e-001
 8.5041702e-001
 8.5014743e-001
 8.4984940e-001
 8.4953260e-001
 8.4921181e-001
 8.4890664e-001
 8.4863985e-001
 8.4843653e-001
 8.4832227e-001
 8.4832180e-001
 8.4845716e-001
 8.4874469e-001
 8.4919077e-001
 8.4978855e-001
 8.5051656e-001
 8.5134000e-001
 8.5221446e-001
 8.5308969e-001
 8.5391301e-001
 8.5463256e-001
 8.5520011e-001
 8.5557604e-001
 8.5573512e-001
 8.5567158e-001
 8.5540122e-001
 8.5495943e-001
 8.5439581e-001
 8.5376847e-001
 8.5313934e-001
 8.5256988e-001
 8.5211790e-001
 8.5183179e-001
 8.5174465e-001
 8.5186857e-001
 8.5219234e-001
 8.5268396e-001
 8.5329574e-001
 8.5397118e-001
 8.5464936e-001
 8.5526985e-001
 8.5577559e-001
 8.5611874e-001
 8.5626668e-001
 8.5620725e-001
 8.5595113e-001
 8.5552943e-001
 8.5498869e-001
 8.5438401e-001
 8.5377485e-001
 8.5322058e-001
 8.5277653e-001
 8.5248965e-001
 8.5239190e-001
 8.5249549e-001
 8.5279018e-001
 8.5324603e-001
 8.5381800e-001
 8.5445267e-001
 8.5509253e-001
 8.5568041e-001
 8.5616237e-001
 8.5649359e-001
 8.5664374e-001
 8.5660219e-001
 8.5638040e-001
 8.5600960e-001
 8.5553551e-001
 8.5501295e-001
 8.5450006e-001
 8.5405523e-001
 8.5373366e-001
 8.5358220e-001
 8.5363448e-001
 8.5390550e-001
 8.5439003e-001
 8.5506445e-001
 8.5589194e-001
 8.5682684e-001
 8.5782051e-001
 8.5882390e-001
 8.5978931e-001
 8.6067533e-001
 8.6144960e-001
 8.6209190e-001
 8.6259627e-001
 8.6296934e-001
 8.6322665e-001
 8.6338961e-001
 8.6348200e-001
 8.6352825e-001
 8.6355203e-001
 8.6357462e-001
 8.6361313e-001
 8.6367935e-001
 8.6377877e-001
 8.6391163e-001
 8.6407369e-001
 8.6425871e-001
 8.6445898e-001
 8.6466682e-001
 8.6487460e-001
 8.6507589e-001
 8.6526608e-001
 8.6544263e-001
 8.6560595e-001
 8.6575872e-001
 8.6590528e-001
 8.6605114e-001
 8.6620224e-001
 8.6636430e-001
 8.6654258e-001
 8.6674094e-001
 8.6696112e-001
 8.6720151e-001
 8.6745727e-001
 8.6772066e-001
 8.6798137e-001
 8.6822790e-001
 8.6844838e-001
 8.6863071e-001
 8.6876416e-001
 8.6884010e-001
 8.6885339e-001
 8.6880398e-001
 8.6869729e-001
 8.6854362e-001
 8.6835712e-001
 8.6815387e-001
 8.6795086e-001
 8.6776543e-001
 8.6761355e-001
 8.6750942e-001
 8.6746335e-001
 8.6748099e-001
 8.6756241e-001
 8.6770278e-001
 8.6789370e-001
 8.6812460e-001
 8.6838394e-001
 8.6865950e-001
 8.6893934e-001
 8.6921167e-001
 8.6946499e-001
 8.6968833e-001
 8.6987144e-001
 8.7000453e-001
 8.7007815e-001
 8.7008333e-001
 8.7001115e-001
 8.6985356e-001
 8.6960375e-001
 8.6925781e-001
 8.6881679e-001
 8.6828810e-001
 8.6768633e-001
 8.6703241e-001
 8.6635250e-001
 8.6567521e-001
 8.6503017e-001
 8.6444718e-001
 8.6395353e-001
 8.6357224e-001
 8.6331916e-001
 8.6319971e-001
 8.6320829e-001
 8.6332935e-001
 8.6353970e-001
 8.6381179e-001
 8.6411637e-001
 8.6442351e-001
 8.6470509e-001
 8.6493623e-001
 8.6509764e-001
 8.6517805e-001
 8.6517453e-001
 8.6509222e-001
 8.6494172e-001
 8.6473715e-001
 8.6449420e-001
 8.6422879e-001
 8.6395586e-001
 8.6368805e-001
 8.6343426e-001
 8.6319804e-001
 8.6297709e-001
 8.6276394e-001
 8.6254722e-001
 8.6231321e-001
 8.6204731e-001
 8.6173481e-001
 8.6136186e-001
 8.6091673e-001
 8.6039162e-001
 8.5978329e-001
 8.5909379e-001
 8.5833073e-001
 8.5750479e-001
 8.5662866e-001
 8.5571665e-001
 8.5478252e-001
 8.5383934e-001
 8.5289812e-001
 8.5196716e-001
 8.5104966e-001
 8.5014379e-001
 8.4924412e-001
 8.4834105e-001
 8.4742320e-001
 8.4647894e-001
 8.4549594e-001
 8.4446263e-001
 8.4337008e-001
 8.4221154e-001
 8.4098482e-001
 8.3969212e-001
 8.3834058e-001
 8.3693969e-001
 8.3550054e-001
 8.3403629e-001
 8.3255911e-001
 8.3108079e-001
 8.2961291e-001
 8.2816446e-001
 8.2674187e-001
 8.2534879e-001
 8.2398713e-001
 8.2265592e-001
 8.2135320e-001
 8.2007742e-001
 8.1882578e-001
 8.1759566e-001
 8.1638545e-001
 8.1519300e-001
 8.1401670e-001
 8.1285626e-001
 8.1171101e-001
 8.1058091e-001
 8.0946600e-001
 8.0836701e-001
 8.0728412e-001
 8.0621749e-001
 8.0516809e-001
 8.0413646e-001
 8.0312330e-001
 8.0213010e-001
 8.0115813e-001
 8.0020887e-001
 7.9928374e-001
 7.9838485e-001
 7.9751354e-001
 7.9667109e-001
 7.9585910e-001
 7.9507774e-001
 7.9432672e-001
 7.9360527e-001
 7.9291141e-001
 7.9224265e-001
 7.9159611e-001
 7.9096937e-001
 7.9035974e-001
 7.8976530e-001
 7.8918642e-001
 7.8862560e-001
 7.8808933e-001
 7.8758872e-001
 7.8713810e-001
 7.8675485e-001
 7.8645813e-001
 7.8626722e-001
 7.8620082e-001
 7.8627503e-001
 7.8650051e-001
 7.8687859e-001
 7.8739858e-001
 7.8803539e-001
 7.8875214e-001
 7.8950262e-001
 7.9023486e-001
 7.9089522e-001
 7.9143041e-001
 7.9179066e-001
 7.9193377e-001
 7.9183120e-001
 7.9147190e-001
 7.9086500e-001
 7.9003739e-001
 7.8902882e-001
 7.8788775e-001
 7.8666538e-001
 7.8541368e-001
 7.8418362e-001
 7.8302062e-001
 7.8196263e-001
 7.8103679e-001
 7.8025919e-001
 7.7963448e-001
 7.7915955e-001
 7.7882713e-001
 7.7862704e-001
 7.7854860e-001
 7.7858090e-001
 7.7871335e-001
 7.7893579e-001
 7.7923924e-001
 7.7961528e-001
 7.8005654e-001
 7.8055632e-001
 7.8110796e-001
 7.8170526e-001
 7.8234202e-001
 7.8301144e-001
 7.8370655e-001
 7.8441972e-001
 7.8514159e-001
 7.8586209e-001
 7.8656983e-001
 7.8725266e-001
 7.8789771e-001
 7.8849214e-001
 7.8902322e-001
 7.8947806e-001
 7.8984499e-001
 7.9011327e-001
 7.9027355e-001
 7.9031831e-001
 7.9024160e-001
 7.9003853e-001
 7.8970498e-001
 7.8923744e-001
 7.8863305e-001
 7.8789097e-001
 7.8701371e-001
 7.8600925e-001
 7.8489435e-001
 7.8369349e-001
 7.8243911e-001
 7.8117037e-001
 7.7992868e-001
 7.7875721e-001
 7.7769816e-001
 7.7679139e-001
 7.7606928e-001
 7.7555311e-001
 7.7524912e-001
 7.7514625e-001
 7.7521837e-001
 7.7542806e-001
 7.7573103e-001
 7.7608025e-001
 7.7642822e-001
 7.7672917e-001
 7.7694267e-001
 7.7703625e-001
 7.7698869e-001
 7.7679127e-001
 7.7644646e-001
 7.7596509e-001
 7.7536279e-001
 7.7465755e-001
 7.7386844e-001
 7.7301389e-001
 7.7211124e-001
 7.7117568e-001
 7.7022022e-001
 7.6925409e-001
 7.6828378e-001
 7.6731455e-001
 7.6634943e-001
 7.6539105e-001
 7.6444221e-001
 7.6350451e-001
 7.6257885e-001
 7.6166463e-001
 7.6075983e-001
 7.5985962e-001
 7.5895733e-001
 7.5804549e-001
 7.5711501e-001
 7.5615674e-001
 7.5516230e-001
 7.5412387e-001
 7.5303590e-001
 7.5189656e-001
 7.5070983e-001
 7.4948472e-001
 7.4823517e-001
 7.4697989e-001
 7.4573892e-001
 7.4453324e-001
 7.4338418e-001
 7.4231058e-001
 7.4132740e-001
 7.4044359e-001
 7.3965865e-001
 7.3896235e-001
 7.3833525e-001
 7.3775208e-001
 7.3718309e-001
 7.3659706e-001
 7.3596334e-001
 7.3525292e-001
 7.3444164e-001
 7.3351383e-001
 7.3246425e-001
 7.3129952e-001
 7.3003721e-001
 7.2870362e-001
 7.2732931e-001
 7.2594708e-001
 7.2459114e-001
 7.2329372e-001
 7.2208446e-001
 7.2098899e-001
 7.2002566e-001
 7.1920532e-001
 7.1853286e-001
 7.1800804e-001
 7.1762794e-001
 7.1738833e-001
 7.1728444e-001
 7.1731043e-001
 7.1745968e-001
 7.1772379e-001
 7.1809232e-001
 7.1855247e-001
 7.1908891e-001
 7.1968490e-001
 7.2032255e-001
 7.2098374e-001
 7.2165012e-001
 7.2230393e-001
 7.2292805e-001
 7.2350544e-001
 7.2400409e-001
 7.2433555e-001
 7.2471315e-001
 7.2505051e-001
 7.2536373e-001
 7.2566926e-001
 7.2598314e-001
 7.2632164e-001
 7.2670084e-001
 7.2713697e-001
 7.2764641e-001
 7.2824335e-001
 7.2892481e-001
 7.2967839e-001
 7.3049176e-001
 7.3135233e-001
 7.3224741e-001
 7.3316467e-001
 7.3409152e-001
 7.3501587e-001
 7.3592466e-001
 7.3680556e-001
 7.3764616e-001
 7.3843414e-001
 7.3915654e-001
 7.3980218e-001
 7.4036866e-001
 7.4085861e-001
 7.4127465e-001
 7.4161917e-001
 7.4189502e-001
 7.4210471e-001
 7.4225092e-001
 7.4233627e-001
 7.4236333e-001
 7.4233484e-001
 7.4225318e-001
 7.4212122e-001
 7.4194139e-001
 7.4171644e-001
 7.4144900e-001
 7.4114144e-001
 7.4079663e-001
 7.4041718e-001
 7.4000478e-001
 7.3956096e-001
 7.3908752e-001
 7.3858601e-001
 7.3805785e-001
 7.3750448e-001
 7.3692787e-001
 7.3632938e-001
 7.3571050e-001
 7.3507285e-001
 7.3441792e-001
 7.3374742e-001
 7.3306298e-001
 7.3236597e-001
 7.3165798e-001
 7.3094064e-001
 7.3021561e-001
 7.2948432e-001
 7.2874826e-001
 7.2800922e-001
 7.2726882e-001
 7.2652823e-001
 7.2578847e-001
 7.2505057e-001
 7.2431523e-001
 7.2358298e-001
 7.2285473e-001
 7.2213089e-001
 7.2141266e-001
 7.2070050e-001
 7.1999532e-001
 7.1929741e-001
 7.1860814e-001
 7.1792781e-001
 7.1725726e-001
 7.1659720e-001
 7.1594846e-001
 7.1531171e-001
 7.1468776e-001
 7.1407712e-001
 7.1348065e-001
 7.1289921e-001
 7.1233344e-001
 7.1178412e-001
 7.1125174e-001
 7.1073735e-001
 7.1024162e-001
 7.0976496e-001
 7.0930672e-001
 7.0886588e-001
 7.0844096e-001
 7.0803070e-001
 7.0763379e-001
 7.0724887e-001
 7.0687485e-001
 7.0651031e-001
 7.0615393e-001
 7.0580447e-001
 7.0546067e-001
 7.0512128e-001
 7.0478481e-001
 7.0445019e-001
 7.0411605e-001
 7.0378119e-001
 7.0344412e-001
 7.0310360e-001
 7.0275867e-001
 7.0240760e-001
 7.0204937e-001
 7.0168257e-001
 7.0130587e-001
 7.0091814e-001
 7.0051801e-001
 7.0010424e-001
 6.9967538e-001
 6.9923037e-001
 6.9876778e-001
 6.9828665e-001
 6.9778776e-001
 6.9727337e-001
 6.9674516e-001
