s07_ASD Record=1694: Augite WS592 Pyroxene         BECKb AREF
 9.6541710e-002
 9.7934283e-002
 9.9352084e-002
 1.0078362e-001
 1.0221553e-001
 1.0363741e-001
 1.0504737e-001
 1.0645375e-001
 1.0787296e-001
 1.0932273e-001
 1.1081538e-001
 1.1235302e-001
 1.1392694e-001
 1.1551780e-001
 1.1709792e-001
 1.1863983e-001
 1.2012628e-001
 1.2155499e-001
 1.2293616e-001
 1.2428649e-001
 1.2562209e-001
 1.2695381e-001
 1.2828752e-001
 1.2962723e-001
 1.3097845e-001
 1.3234751e-001
 1.3373692e-001
 1.3513891e-001
 1.3653642e-001
 1.3791226e-001
 1.3925743e-001
 1.4057398e-001
 1.4187141e-001
 1.4316362e-001
 1.4446643e-001
 1.4579062e-001
 1.4713788e-001
 1.4850232e-001
 1.4987545e-001
 1.5125108e-001
 1.5262769e-001
 1.5400545e-001
 1.5538087e-001
 1.5674417e-001
 1.5808085e-001
 1.5937726e-001
 1.6062492e-001
 1.6182160e-001
 1.6296832e-001
 1.6406582e-001
 1.6511287e-001
 1.6610841e-001
 1.6705763e-001
 1.6797669e-001
 1.6889173e-001
 1.6983071e-001
 1.7081107e-001
 1.7182939e-001
 1.7286716e-001
 1.7389524e-001
 1.7488292e-001
 1.7583708e-001
 1.7677222e-001
 1.7770398e-001
 1.7866078e-001
 1.7965475e-001
 1.8065988e-001
 1.8163301e-001
 1.8253598e-001
 1.8335883e-001
 1.8413845e-001
 1.8494698e-001
 1.8585083e-001
 1.8687066e-001
 1.8796775e-001
 1.8906425e-001
 1.9008617e-001
 1.9100219e-001
 1.9183420e-001
 1.9263770e-001
 1.9346899e-001
 1.9435950e-001
 1.9530851e-001
 1.9629124e-001
 1.9727302e-001
 1.9822034e-001
 1.9910607e-001
 1.9991258e-001
 2.0063634e-001
 2.0129646e-001
 2.0194040e-001
 2.0263819e-001
 2.0345791e-001
 2.0443168e-001
 2.0553198e-001
 2.0667602e-001
 2.0776092e-001
 2.0871206e-001
 2.0951174e-001
 2.1018881e-001
 2.1079071e-001
 2.1136390e-001
 2.1194860e-001
 2.1257745e-001
 2.1326515e-001
 2.1399216e-001
 2.1470253e-001
 2.1532956e-001
 2.1583976e-001
 2.1627083e-001
 2.1673286e-001
 2.1735883e-001
 2.1822703e-001
 2.1930543e-001
 2.2046119e-001
 2.2153246e-001
 2.2241554e-001
 2.2311518e-001
 2.2373249e-001
 2.2440135e-001
 2.2521035e-001
 2.2615780e-001
 2.2716475e-001
 2.2812730e-001
 2.2896856e-001
 2.2966823e-001
 2.3027427e-001
 2.3089397e-001
 2.3165546e-001
 2.3264994e-001
 2.3388918e-001
 2.3530233e-001
 2.3676348e-001
 2.3813321e-001
 2.3930262e-001
 2.4023181e-001
 2.4096812e-001
 2.4163724e-001
 2.4240381e-001
 2.4340355e-001
 2.4467286e-001
 2.4613073e-001
 2.4764462e-001
 2.4912620e-001
 2.5056544e-001
 2.5197673e-001
 2.5332990e-001
 2.5454667e-001
 2.5556445e-001
 2.5640818e-001
 2.5720540e-001
 2.5812608e-001
 2.5928465e-001
 2.6067626e-001
 2.6219559e-001
 2.6371583e-001
 2.6515606e-001
 2.6649538e-001
 2.6775563e-001
 2.6899201e-001
 2.7028811e-001
 2.7172428e-001
 2.7332494e-001
 2.7504250e-001
 2.7680281e-001
 2.7854306e-001
 2.8019139e-001
 2.8165659e-001
 2.8290471e-001
 2.8403744e-001
 2.8522900e-001
 2.8657377e-001
 2.8802967e-001
 2.8949597e-001
 2.9089299e-001
 2.9218394e-001
 2.9338801e-001
 2.9457274e-001
 2.9577324e-001
 2.9691848e-001
 2.9789886e-001
 2.9870608e-001
 2.9944119e-001
 3.0017599e-001
 3.0087444e-001
 3.0148673e-001
 3.0207676e-001
 3.0279520e-001
 3.0371580e-001
 3.0474165e-001
 3.0570650e-001
 3.0653134e-001
 3.0723718e-001
 3.0785477e-001
 3.0841380e-001
 3.0899921e-001
 3.0970880e-001
 3.1052572e-001
 3.1130114e-001
 3.1189921e-001
 3.1233153e-001
 3.1273821e-001
 3.1325725e-001
 3.1391615e-001
 3.1462973e-001
 3.1528836e-001
 3.1584802e-001
 3.1633121e-001
 3.1675065e-001
 3.1708172e-001
 3.1734812e-001
 3.1767577e-001
 3.1816924e-001
 3.1875366e-001
 3.1922588e-001
 3.1944087e-001
 3.1936806e-001
 3.1902266e-001
 3.1848109e-001
 3.1795096e-001
 3.1768218e-001
 3.1775618e-001
 3.1802046e-001
 3.1824380e-001
 3.1830138e-001
 3.1823000e-001
 3.1816280e-001
 3.1821513e-001
 3.1838858e-001
 3.1856591e-001
 3.1861693e-001
 3.1850871e-001
 3.1829780e-001
 3.1804672e-001
 3.1778753e-001
 3.1752658e-001
 3.1722653e-001
 3.1683984e-001
 3.1644255e-001
 3.1622985e-001
 3.1621355e-001
 3.1605157e-001
 3.1545416e-001
 3.1466469e-001
 3.1420961e-001
 3.1423482e-001
 3.1440818e-001
 3.1438848e-001
 3.1407908e-001
 3.1351972e-001
 3.1285441e-001
 3.1234324e-001
 3.1214127e-001
 3.1212574e-001
 3.1206211e-001
 3.1184766e-001
 3.1151748e-001
 3.1117940e-001
 3.1097320e-001
 3.1092700e-001
 3.1086344e-001
 3.1060049e-001
 3.1021011e-001
 3.0989289e-001
 3.0963814e-001
 3.0922812e-001
 3.0854309e-001
 3.0768329e-001
 3.0684170e-001
 3.0617133e-001
 3.0574185e-001
 3.0555865e-001
 3.0557057e-001
 3.0563551e-001
 3.0558616e-001
 3.0543068e-001
 3.0538976e-001
 3.0560496e-001
 3.0587474e-001
 3.0584398e-001
 3.0541688e-001
 3.0484959e-001
 3.0445606e-001
 3.0432031e-001
 3.0432308e-001
 3.0433568e-001
 3.0430126e-001
 3.0419537e-001
 3.0404529e-001
 3.0401787e-001
 3.0435067e-001
 3.0510038e-001
 3.0602115e-001
 3.0673656e-001
 3.0699238e-001
 3.0676663e-001
 3.0623019e-001
 3.0563736e-001
 3.0520454e-001
 3.0502450e-001
 3.0505991e-001
 3.0520630e-001
 3.0535644e-001
 3.0543146e-001
 3.0540717e-001
 3.0533877e-001
 3.0533499e-001
 3.0549046e-001
 3.0585995e-001
 3.0647317e-001
 3.0727956e-001
 3.0805254e-001
 3.0846822e-001
 3.0838126e-001
 3.0801049e-001
 3.0780926e-001
 3.0808824e-001
 3.0875590e-001
 3.0943564e-001
 3.0988142e-001
 3.1027848e-001
 3.1095555e-001
 3.1188372e-001
 3.1266838e-001
 3.1296766e-001
 3.1279373e-001
 3.1247312e-001
 3.1240344e-001
 3.1284687e-001
 3.1385654e-001
 3.1526262e-001
 3.1669134e-001
 3.1770167e-001
 3.1803474e-001
 3.1778160e-001
 3.1729239e-001
 3.1690753e-001
 3.1676292e-001
 3.1680843e-001
 3.1695628e-001
 3.1718996e-001
 3.1755239e-001
 3.1805888e-001
 3.1863835e-001
 3.1917340e-001
 3.1961313e-001
 3.2004318e-001
 3.2061252e-001
 3.2136369e-001
 3.2213795e-001
 3.2268593e-001
 3.2292417e-001
 3.2308495e-001
 3.2351589e-001
 3.2423520e-001
 3.2504135e-001
 3.2582414e-001
 3.2655081e-001
 3.2719547e-001
 3.2782954e-001
 3.2862586e-001
 3.2957670e-001
 3.3036166e-001
 3.3073530e-001
 3.3088395e-001
 3.3120817e-001
 3.3190975e-001
 3.3286968e-001
 3.3379513e-001
 3.3446786e-001
 3.3489874e-001
 3.3526129e-001
 3.3572975e-001
 3.3637589e-001
 3.3717147e-001
 3.3806911e-001
 3.3900797e-001
 3.3978802e-001
 3.4014022e-001
 3.4015843e-001
 3.4041387e-001
 3.4127128e-001
 3.4236854e-001
 3.4312159e-001
 3.4342936e-001
 3.4363461e-001
 3.4402972e-001
 3.4451413e-001
 3.4477073e-001
 3.4490594e-001
 3.4556141e-001
 3.4693810e-001
 3.4824347e-001
 3.4874132e-001
 3.4873366e-001
 3.4896258e-001
 3.4956113e-001
 3.5022652e-001
 3.5071343e-001
 3.5101002e-001
 3.5127586e-001
 3.5165772e-001
 3.5222670e-001
 3.5297260e-001
 3.5383514e-001
 3.5467908e-001
 3.5530621e-001
 3.5556939e-001
 3.5555279e-001
 3.5556668e-001
 3.5589328e-001
 3.5652322e-001
 3.5716596e-001
 3.5753113e-001
 3.5760054e-001
 3.5762614e-001
 3.5786954e-001
 3.5835865e-001
 3.5889056e-001
 3.5925344e-001
 3.5942733e-001
 3.5958770e-001
 3.5992777e-001
 3.6048234e-001
 3.6113435e-001
 3.6175054e-001
 3.6225924e-001
 3.6265713e-001
 3.6297891e-001
 3.6322567e-001
 3.6354983e-001
 3.6396208e-001
 3.6450711e-001
 3.6514947e-001
 3.6582136e-001
 3.6645511e-001
 3.6699137e-001
 3.6742848e-001
 3.6778781e-001
 3.6809075e-001
 3.6835599e-001
 3.6858439e-001
 3.6876959e-001
 3.6890522e-001
 3.6899489e-001
 3.6910900e-001
 3.6934489e-001
 3.6980003e-001
 3.7054604e-001
 3.7148333e-001
 3.7259278e-001
 3.7336376e-001
 3.7379482e-001
 3.7386656e-001
 3.7370297e-001
 3.7343439e-001
 3.7319130e-001
 3.7310022e-001
 3.7320369e-001
 3.7346071e-001
 3.7382674e-001
 3.7425718e-001
 3.7470850e-001
 3.7516049e-001
 3.7561625e-001
 3.7607950e-001
 3.7655440e-001
 3.7704408e-001
 3.7753990e-001
 3.7802115e-001
 3.7846670e-001
 3.7885532e-001
 3.7916586e-001
 3.7938365e-001
 3.7951899e-001
 3.7958837e-001
 3.7960821e-001
 3.7959498e-001
 3.7956509e-001
 3.7953302e-001
 3.7950572e-001
 3.7948823e-001
 3.7948564e-001
 3.7950307e-001
 3.7954557e-001
 3.7961823e-001
 3.7972304e-001
 3.7985003e-001
 3.7998646e-001
 3.8011950e-001
 3.8023639e-001
 3.8032445e-001
 3.8037077e-001
 3.8036263e-001
 3.8028836e-001
 3.8014054e-001
 3.7991267e-001
 3.7959826e-001
 3.7919089e-001
 3.7868407e-001
 3.7807140e-001
 3.7734622e-001
 3.7650970e-001
 3.7559006e-001
 3.7462234e-001
 3.7364125e-001
 3.7268189e-001
 3.7177876e-001
 3.7096712e-001
 3.7028146e-001
 3.6974582e-001
 3.6934251e-001
 3.6904475e-001
 3.6882550e-001
 3.6865792e-001
 3.6851501e-001
 3.6836985e-001
 3.6819556e-001
 3.6796519e-001
 3.6765185e-001
 3.6722848e-001
 3.6666828e-001
 3.6595303e-001
 3.6509636e-001
 3.6411899e-001
 3.6304191e-001
 3.6188564e-001
 3.6067134e-001
 3.5941952e-001
 3.5815096e-001
 3.5688674e-001
 3.5564733e-001
 3.5445386e-001
 3.5332683e-001
 3.5227975e-001
 3.5129869e-001
 3.5036418e-001
 3.4945634e-001
 3.4855565e-001
 3.4764218e-001
 3.4669644e-001
 3.4569860e-001
 3.4462917e-001
 3.4346825e-001
 3.4219608e-001
 3.4080365e-001
 3.3931825e-001
 3.3777553e-001
 3.3621091e-001
 3.3466014e-001
 3.3315852e-001
 3.3174184e-001
 3.3044538e-001
 3.2930493e-001
 3.2835579e-001
 3.2761782e-001
 3.2705548e-001
 3.2662135e-001
 3.2626820e-001
 3.2594857e-001
 3.2561511e-001
 3.2522041e-001
 3.2471725e-001
 3.2405806e-001
 3.2319573e-001
 3.2210118e-001
 3.2080945e-001
 3.1936854e-001
 3.1782714e-001
 3.1623313e-001
 3.1463525e-001
 3.1308159e-001
 3.1162035e-001
 3.1030008e-001
 3.0916891e-001
 3.0825490e-001
 3.0751720e-001
 3.0690074e-001
 3.0635011e-001
 3.0581030e-001
 3.0522585e-001
 3.0454174e-001
 3.0370262e-001
 3.0265340e-001
 3.0135971e-001
 2.9985622e-001
 2.9819262e-001
 2.9641804e-001
 2.9458210e-001
 2.9273388e-001
 2.9092312e-001
 2.8919876e-001
 2.8759837e-001
 2.8611803e-001
 2.8474641e-001
 2.8347132e-001
 2.8228137e-001
 2.8116450e-001
 2.8010920e-001
 2.7910355e-001
 2.7813670e-001
 2.7720132e-001
 2.7629033e-001
 2.7539712e-001
 2.7451462e-001
 2.7363610e-001
 2.7275461e-001
 2.7186337e-001
 2.7095705e-001
 2.7003598e-001
 2.6910105e-001
 2.6821861e-001
 2.6726347e-001
 2.6629516e-001
 2.6532105e-001
 2.6434919e-001
 2.6339239e-001
 2.6246685e-001
 2.6159024e-001
 2.6077995e-001
 2.6004890e-001
 2.5939852e-001
 2.5881422e-001
 2.5827023e-001
 2.5773659e-001
 2.5718433e-001
 2.5659123e-001
 2.5594750e-001
 2.5525784e-001
 2.5453782e-001
 2.5380823e-001
 2.5309128e-001
 2.5240782e-001
 2.5177598e-001
 2.5121039e-001
 2.5072289e-001
 2.5032246e-001
 2.5001287e-001
 2.4978687e-001
 2.4961962e-001
 2.4946670e-001
 2.4926884e-001
 2.4896164e-001
 2.4848934e-001
 2.4782127e-001
 2.4696669e-001
 2.4597876e-001
 2.4494575e-001
 2.4397232e-001
 2.4315681e-001
 2.4256751e-001
 2.4312943e-001
 2.4275522e-001
 2.4243307e-001
 2.4214777e-001
 2.4188264e-001
 2.4162339e-001
 2.4136083e-001
 2.4109247e-001
 2.4082308e-001
 2.4056317e-001
 2.4032666e-001
 2.4012719e-001
 2.3997432e-001
 2.3987071e-001
 2.3981139e-001
 2.3978466e-001
 2.3977450e-001
 2.3976356e-001
 2.3973642e-001
 2.3968254e-001
 2.3959801e-001
 2.3948643e-001
 2.3935831e-001
 2.3922966e-001
 2.3912008e-001
 2.3905049e-001
 2.3904040e-001
 2.3910463e-001
 2.3925047e-001
 2.3947585e-001
 2.3977001e-001
 2.4011612e-001
 2.4049489e-001
 2.4088793e-001
 2.4128081e-001
 2.4166496e-001
 2.4203792e-001
 2.4240285e-001
 2.4276656e-001
 2.4313743e-001
 2.4352358e-001
 2.4393097e-001
 2.4436270e-001
 2.4481915e-001
 2.4529804e-001
 2.4579570e-001
 2.4630760e-001
 2.4682942e-001
 2.4735798e-001
 2.4789134e-001
 2.4842951e-001
 2.4897416e-001
 2.4952856e-001
 2.5009736e-001
 2.5068545e-001
 2.5129777e-001
 2.5193799e-001
 2.5260788e-001
 2.5330725e-001
 2.5403297e-001
 2.5478014e-001
 2.5554192e-001
 2.5631073e-001
 2.5707945e-001
 2.5784186e-001
 2.5859347e-001
 2.5933245e-001
 2.6005879e-001
 2.6077509e-001
 2.6148555e-001
 2.6219568e-001
 2.6291233e-001
 2.6364246e-001
 2.6439348e-001
 2.6517236e-001
 2.6598549e-001
 2.6683858e-001
 2.6773572e-001
 2.6867977e-001
 2.6967138e-001
 2.7070886e-001
 2.7178848e-001
 2.7290308e-001
 2.7404335e-001
 2.7519664e-001
 2.7634794e-001
 2.7748087e-001
 2.7857834e-001
 2.7962455e-001
 2.8060770e-001
 2.8152111e-001
 2.8236637e-001
 2.8315336e-001
 2.8390065e-001
 2.8463393e-001
 2.8538263e-001
 2.8617635e-001
 2.8704026e-001
 2.8799155e-001
 2.8903747e-001
 2.9017407e-001
 2.9138848e-001
 2.9266086e-001
 2.9396868e-001
 2.9529089e-001
 2.9661024e-001
 2.9791644e-001
 2.9920572e-001
 3.0048060e-001
 3.0174860e-001
 3.0301881e-001
 3.0430076e-001
 3.0560115e-001
 3.0692306e-001
 3.0826560e-001
 3.0962321e-001
 3.1098691e-001
 3.1234625e-001
 3.1368968e-001
 3.1500742e-001
 3.1629175e-001
 3.1753814e-001
 3.1874636e-001
 3.1991893e-001
 3.2106185e-001
 3.2218239e-001
 3.2328847e-001
 3.2438758e-001
 3.2548505e-001
 3.2658404e-001
 3.2768440e-001
 3.2878304e-001
 3.2987475e-001
 3.3095193e-001
 3.3200675e-001
 3.3303124e-001
 3.3401886e-001
 3.3496594e-001
 3.3587185e-001
 3.3674002e-001
 3.3757851e-001
 3.3839908e-001
 3.3921722e-001
 3.4005010e-001
 3.4091496e-001
 3.4182745e-001
 3.4279865e-001
 3.4383431e-001
 3.4493321e-001
 3.4608749e-001
 3.4728426e-001
 3.4850657e-001
 3.4973708e-001
 3.5095930e-001
 3.5216010e-001
 3.5333109e-001
 3.5446787e-001
 3.5557041e-001
 3.5664091e-001
 3.5768282e-001
 3.5870016e-001
 3.5969591e-001
 3.6067274e-001
 3.6163253e-001
 3.6257702e-001
 3.6350861e-001
 3.6442992e-001
 3.6534393e-001
 3.6625382e-001
 3.6716157e-001
 3.6806810e-001
 3.6897191e-001
 3.6986932e-001
 3.7075520e-001
 3.7162307e-001
 3.7246737e-001
 3.7328407e-001
 3.7407207e-001
 3.7483400e-001
 3.7557521e-001
 3.7630314e-001
 3.7702489e-001
 3.7774533e-001
 3.7846562e-001
 3.7918165e-001
 3.7988487e-001
 3.8056326e-001
 3.8120389e-001
 3.8179612e-001
 3.8233382e-001
 3.8281769e-001
 3.8325629e-001
 3.8366514e-001
 3.8406542e-001
 3.8448066e-001
 3.8493362e-001
 3.8544342e-001
 3.8602242e-001
 3.8667557e-001
 3.8740006e-001
 3.8818672e-001
 3.8902280e-001
 3.8989374e-001
 3.9078614e-001
 3.9168847e-001
 3.9259130e-001
 3.9348707e-001
 3.9436787e-001
 3.9522514e-001
 3.9604837e-001
 3.9682594e-001
 3.9754704e-001
 3.9820299e-001
 3.9878988e-001
 3.9931008e-001
 3.9977190e-001
 4.0018928e-001
 4.0057927e-001
 4.0095973e-001
 4.0134707e-001
 4.0175417e-001
 4.0218991e-001
 4.0265879e-001
 4.0316203e-001
 4.0369841e-001
 4.0426493e-001
 4.0485784e-001
 4.0547246e-001
 4.0610334e-001
 4.0674454e-001
 4.0738916e-001
 4.0803039e-001
 4.0866140e-001
 4.0927628e-001
 4.0987074e-001
 4.1044185e-001
 4.1098881e-001
 4.1151220e-001
 4.1201416e-001
 4.1249835e-001
 4.1296956e-001
 4.1343397e-001
 4.1389924e-001
 4.1437399e-001
 4.1486764e-001
 4.1538912e-001
 4.1594568e-001
 4.1654193e-001
 4.1717821e-001
 4.1785052e-001
 4.1854998e-001
 4.1926387e-001
 4.1997704e-001
 4.2067307e-001
 4.2133656e-001
 4.2195418e-001
 4.2251605e-001
 4.2301679e-001
 4.2345557e-001
 4.2383674e-001
 4.2416921e-001
 4.2446619e-001
 4.2474437e-001
 4.2502236e-001
 4.2531919e-001
 4.2565221e-001
 4.2603469e-001
 4.2647463e-001
 4.2697322e-001
 4.2752501e-001
 4.2811900e-001
 4.2874020e-001
 4.2937267e-001
 4.3000150e-001
 4.3061507e-001
 4.3120649e-001
 4.3177319e-001
 4.3231675e-001
 4.3284088e-001
 4.3335009e-001
 4.3384814e-001
 4.3433684e-001
 4.3481612e-001
 4.3528396e-001
 4.3573767e-001
 4.3617514e-001
 4.3659559e-001
 4.3700084e-001
 4.3739516e-001
 4.3778482e-001
 4.3817744e-001
 4.3858016e-001
 4.3899852e-001
 4.3943575e-001
 4.3989187e-001
 4.4036469e-001
 4.4085041e-001
 4.4134524e-001
 4.4184697e-001
 4.4235551e-001
 4.4287381e-001
 4.4340685e-001
 4.4396082e-001
 4.4454172e-001
 4.4515347e-001
 4.4579715e-001
 4.4646963e-001
 4.4716385e-001
 4.4786936e-001
 4.4857273e-001
 4.4925952e-001
 4.4991499e-001
 4.5052600e-001
 4.5108241e-001
 4.5157787e-001
 4.5201087e-001
 4.5238507e-001
 4.5270878e-001
 4.5299420e-001
 4.5325562e-001
 4.5350742e-001
 4.5376208e-001
 4.5402837e-001
 4.5431039e-001
 4.5460767e-001
 4.5491624e-001
 4.5523071e-001
 4.5554602e-001
 4.5585984e-001
 4.5617306e-001
 4.5649022e-001
 4.5681828e-001
 4.5716497e-001
 4.5753708e-001
 4.5793900e-001
 4.5837212e-001
 4.5883518e-001
 4.5932463e-001
 4.5983559e-001
 4.6036255e-001
 4.6089903e-001
 4.6143740e-001
 4.6196812e-001
 4.6247968e-001
 4.6295935e-001
 4.6339431e-001
 4.6377465e-001
 4.6409529e-001
 4.6435851e-001
 4.6457481e-001
 4.6476215e-001
 4.6494383e-001
 4.6514499e-001
 4.6538889e-001
 4.6569356e-001
 4.6606934e-001
 4.6651846e-001
 4.6703553e-001
 4.6760961e-001
 4.6822703e-001
 4.6887332e-001
 4.6953580e-001
 4.7020385e-001
 4.7086912e-001
 4.7152486e-001
 4.7216401e-001
 4.7277820e-001
 4.7335705e-001
 4.7388801e-001
 4.7435784e-001
 4.7475430e-001
 4.7506881e-001
 4.7529873e-001
 4.7544846e-001
 4.7552979e-001
 4.7556025e-001
 4.7556069e-001
 4.7555184e-001
 4.7555152e-001
 4.7557220e-001
 4.7562066e-001
 4.7569865e-001
 4.7580516e-001
 4.7593892e-001
 4.7610101e-001
 4.7629640e-001
 4.7653404e-001
 4.7682613e-001
 4.7718534e-001
 4.7762206e-001
 4.7814161e-001
 4.7874132e-001
 4.7940969e-001
 4.8012587e-001
 4.8086125e-001
 4.8158240e-001
 4.8225412e-001
 4.8284438e-001
 4.8332763e-001
 4.8368886e-001
 4.8392579e-001
 4.8404941e-001
 4.8408324e-001
 4.8406035e-001
 4.8401940e-001
 4.8399943e-001
 4.8403493e-001
 4.8415169e-001
 4.8436421e-001
 4.8467508e-001
 4.8507687e-001
 4.8555493e-001
 4.8609191e-001
 4.8667124e-001
 4.8728004e-001
 4.8791051e-001
 4.8855871e-001
 4.8922276e-001
 4.8990056e-001
 4.9058673e-001
 4.9127206e-001
 4.9194303e-001
 4.9258354e-001
 4.9317768e-001
 4.9371198e-001
 4.9417853e-001
 4.9457622e-001
 4.9491131e-001
 4.9519685e-001
 4.9545041e-001
 4.9569210e-001
 4.9594155e-001
 4.9621591e-001
 4.9652815e-001
 4.9688622e-001
 4.9729344e-001
 4.9774900e-001
 4.9824917e-001
 4.9878865e-001
 4.9936080e-001
 4.9995825e-001
 5.0057280e-001
 5.0119472e-001
 5.0181317e-001
 5.0241590e-001
 5.0299060e-001
 5.0352663e-001
 5.0401634e-001
 5.0445729e-001
 5.0485283e-001
 5.0521255e-001
 5.0555128e-001
 5.0588673e-001
 5.0623727e-001
 5.0661820e-001
 5.0703973e-001
 5.0750488e-001
 5.0800902e-001
 5.0854081e-001
 5.0908393e-001
 5.0962031e-001
 5.1013356e-001
 5.1061124e-001
 5.1104718e-001
 5.1144183e-001
 5.1180118e-001
 5.1213503e-001
 5.1245391e-001
 5.1276720e-001
 5.1308149e-001
 5.1340038e-001
 5.1372516e-001
 5.1405662e-001
 5.1439613e-001
 5.1474714e-001
 5.1511472e-001
 5.1550442e-001
 5.1592076e-001
 5.1636499e-001
 5.1683450e-001
 5.1732230e-001
 5.1781845e-001
 5.1831234e-001
 5.1879501e-001
 5.1926184e-001
 5.1971340e-001
 5.2015615e-001
 5.2060032e-001
 5.2105778e-001
 5.2153915e-001
 5.2205062e-001
 5.2259153e-001
 5.2315378e-001
 5.2372169e-001
 5.2427429e-001
 5.2478778e-001
 5.2523965e-001
 5.2561218e-001
 5.2589518e-001
 5.2608836e-001
 5.2620101e-001
 5.2625126e-001
 5.2626348e-001
 5.2626479e-001
 5.2628165e-001
 5.2633673e-001
 5.2644634e-001
 5.2661937e-001
 5.2685684e-001
 5.2715325e-001
 5.2749813e-001
 5.2787811e-001
 5.2827942e-001
 5.2868897e-001
 5.2909601e-001
 5.2949226e-001
 5.2987158e-001
 5.3023016e-001
 5.3056526e-001
 5.3087550e-001
 5.3116077e-001
 5.3142214e-001
 5.3166276e-001
 5.3188747e-001
 5.3210336e-001
 5.3231990e-001
 5.3254825e-001
 5.3280103e-001
 5.3309023e-001
 5.3342599e-001
 5.3381491e-001
 5.3425872e-001
 5.3475440e-001
 5.3529394e-001
 5.3586566e-001
 5.3645593e-001
 5.3705072e-001
 5.3763688e-001
 5.3820288e-001
 5.3873903e-001
 5.3923804e-001
 5.3969461e-001
 5.4010570e-001
 5.4047108e-001
 5.4079264e-001
 5.4107523e-001
 5.4132551e-001
 5.4155189e-001
 5.4176390e-001
 5.4197109e-001
 5.4218221e-001
 5.4240423e-001
 5.4264158e-001
 5.4289603e-001
 5.4316634e-001
 5.4344904e-001
 5.4373884e-001
 5.4402936e-001
 5.4431373e-001
 5.4458505e-001
 5.4483694e-001
 5.4506397e-001
 5.4526234e-001
 5.4542983e-001
 5.4556632e-001
 5.4567373e-001
 5.4575557e-001
 5.4581672e-001
 5.4586291e-001
 5.4589993e-001
 5.4593313e-001
 5.4596710e-001
 5.4600537e-001
 5.4605055e-001
 5.4610479e-001
 5.4617006e-001
 5.4624867e-001
 5.4634345e-001
 5.4645789e-001
 5.4659593e-001
 5.4676139e-001
 5.4695791e-001
 5.4718757e-001
 5.4745090e-001
 5.4774594e-001
 5.4806811e-001
 5.4841065e-001
 5.4876465e-001
 5.4912013e-001
 5.4946697e-001
 5.4979575e-001
 5.5009872e-001
 5.5037028e-001
 5.5060738e-001
 5.5080968e-001
 5.5097920e-001
 5.5112010e-001
 5.5123806e-001
 5.5133998e-001
 5.5143315e-001
 5.5152506e-001
 5.5162263e-001
 5.5173188e-001
 5.5185747e-001
 5.5200237e-001
 5.5216783e-001
 5.5235296e-001
 5.5255544e-001
 5.5277121e-001
 5.5299556e-001
 5.5322313e-001
 5.5344892e-001
 5.5366814e-001
 5.5387694e-001
 5.5407208e-001
 5.5425072e-001
 5.5441022e-001
 5.5454761e-001
 5.5465913e-001
 5.5474037e-001
 5.5478603e-001
 5.5479091e-001
 5.5475050e-001
 5.5466235e-001
 5.5452716e-001
 5.5434996e-001
 5.5414057e-001
 5.5391371e-001
 5.5368805e-001
 5.5348450e-001
 5.5332392e-001
 5.5322474e-001
 5.5320001e-001
 5.5325603e-001
 5.5339086e-001
 5.5359465e-001
 5.5385029e-001
 5.5413616e-001
 5.5442786e-001
 5.5470163e-001
 5.5493641e-001
 5.5511606e-001
 5.5523038e-001
 5.5527586e-001
 5.5525506e-001
 5.5517626e-001
 5.5505234e-001
 5.5489951e-001
 5.5473602e-001
 5.5458087e-001
 5.5445218e-001
 5.5436581e-001
 5.5433381e-001
 5.5436325e-001
 5.5445528e-001
 5.5460477e-001
 5.5480123e-001
 5.5503017e-001
 5.5527455e-001
 5.5551678e-001
 5.5574042e-001
 5.5593145e-001
 5.5607903e-001
 5.5617607e-001
 5.5621970e-001
 5.5621135e-001
 5.5615604e-001
 5.5606198e-001
 5.5593956e-001
 5.5580050e-001
 5.5565685e-001
 5.5552036e-001
 5.5540168e-001
 5.5530971e-001
 5.5525094e-001
 5.5522901e-001
 5.5524415e-001
 5.5529302e-001
 5.5536932e-001
 5.5546403e-001
 5.5556625e-001
 5.5566418e-001
 5.5574560e-001
 5.5579871e-001
 5.5581242e-001
 5.5577701e-001
 5.5568463e-001
 5.5553001e-001
 5.5531108e-001
 5.5503029e-001
 5.5469507e-001
 5.5431873e-001
 5.5392069e-001
 5.5352592e-001
 5.5316335e-001
 5.5286396e-001
 5.5265725e-001
 5.5256802e-001
 5.5261308e-001
 5.5279809e-001
 5.5311596e-001
 5.5354673e-001
 5.5405873e-001
 5.5461168e-001
 5.5516094e-001
 5.5566233e-001
 5.5607736e-001
 5.5637723e-001
 5.5654585e-001
 5.5658084e-001
 5.5649322e-001
 5.5630475e-001
 5.5604470e-001
 5.5574536e-001
 5.5543798e-001
 5.5514902e-001
 5.5489761e-001
 5.5469435e-001
 5.5454105e-001
 5.5443197e-001
 5.5435586e-001
 5.5429816e-001
 5.5424368e-001
 5.5417842e-001
 5.5409122e-001
 5.5397493e-001
 5.5382627e-001
 5.5364561e-001
 5.5343670e-001
 5.5320513e-001
 5.5295807e-001
 5.5270290e-001
 5.5244708e-001
 5.5219740e-001
 5.5195957e-001
 5.5173832e-001
 5.5153698e-001
 5.5135733e-001
 5.5119967e-001
 5.5106241e-001
 5.5094230e-001
 5.5083436e-001
 5.5073214e-001
 5.5062801e-001
 5.5051380e-001
 5.5038106e-001
 5.5022210e-001
 5.5002981e-001
 5.4979873e-001
 5.4952502e-001
 5.4920679e-001
 5.4884440e-001
 5.4844046e-001
 5.4800051e-001
 5.4753256e-001
 5.4704803e-001
 5.4656106e-001
 5.4608828e-001
 5.4564816e-001
 5.4525936e-001
 5.4493964e-001
 5.4470348e-001
 5.4456007e-001
 5.4451227e-001
 5.4455501e-001
 5.4467523e-001
 5.4485267e-001
 5.4506147e-001
 5.4527193e-001
 5.4545355e-001
 5.4557705e-001
 5.4561681e-001
 5.4555225e-001
 5.4536897e-001
 5.4505938e-001
 5.4462266e-001
 5.4406506e-001
 5.4339904e-001
 5.4264349e-001
 5.4182315e-001
 5.4096764e-001
 5.4011047e-001
 5.3928608e-001
 5.3852820e-001
 5.3786737e-001
 5.3732812e-001
 5.3692752e-001
 5.3667355e-001
 5.3656501e-001
 5.3659117e-001
 5.3673059e-001
 5.3695166e-001
 5.3721422e-001
 5.3747278e-001
 5.3768039e-001
 5.3779352e-001
 5.3777742e-001
 5.3761023e-001
 5.3728533e-001
 5.3681117e-001
 5.3631377e-001
 5.3557014e-001
 5.3476697e-001
 5.3394347e-001
 5.3313512e-001
 5.3236914e-001
 5.3166288e-001
 5.3102458e-001
 5.3045535e-001
 5.2995300e-001
 5.2951354e-001
 5.2913237e-001
 5.2880496e-001
 5.2852619e-001
 5.2829081e-001
 5.2809334e-001
 5.2792758e-001
 5.2778703e-001
 5.2766460e-001
 5.2755314e-001
 5.2744532e-001
 5.2733386e-001
 5.2721196e-001
 5.2707362e-001
 5.2691430e-001
 5.2673143e-001
 5.2652472e-001
 5.2629608e-001
 5.2604866e-001
 5.2578664e-001
 5.2551466e-001
 5.2523714e-001
 5.2495843e-001
 5.2468199e-001
 5.2441013e-001
 5.2414346e-001
 5.2388054e-001
 5.2361864e-001
 5.2335346e-001
 5.2308011e-001
 5.2279341e-001
 5.2248818e-001
 5.2215970e-001
 5.2180439e-001
 5.2142024e-001
 5.2100766e-001
 5.2056956e-001
 5.2011132e-001
 5.1963997e-001
 5.1916349e-001
 5.1869035e-001
 5.1822853e-001
 5.1778519e-001
 5.1736510e-001
 5.1696903e-001
 5.1659268e-001
 5.1622576e-001
 5.1585287e-001
 5.1545477e-001
 5.1500970e-001
 5.1449549e-001
 5.1389009e-001
 5.1317394e-001
 5.1233220e-001
 5.1135796e-001
 5.1025552e-001
 5.0904131e-001
 5.0774223e-001
 5.0639391e-001
 5.0503612e-001
 5.0371087e-001
 5.0245976e-001
 5.0132084e-001
 5.0032532e-001
 4.9949199e-001
 4.9882361e-001
 4.9830475e-001
 4.9790353e-001
 4.9757612e-001
 4.9727154e-001
 4.9693570e-001
 4.9651471e-001
 4.9595767e-001
 4.9522141e-001
 4.9427500e-001
 4.9310479e-001
 4.9171606e-001
 4.9013069e-001
 4.8838353e-001
 4.8651704e-001
 4.8457637e-001
 4.8260823e-001
 4.8065671e-001
 4.7876218e-001
 4.7695753e-001
 4.7526494e-001
 4.7369617e-001
 4.7225213e-001
 4.7092679e-001
 4.6970958e-001
 4.6858743e-001
 4.6754739e-001
 4.6657652e-001
 4.6566406e-001
 4.6480235e-001
 4.6398753e-001
 4.6322089e-001
 4.6250749e-001
 4.6185568e-001
 4.6127573e-001
 4.6077839e-001
 4.6037444e-001
 4.6007341e-001
 4.5988217e-001
 4.5980319e-001
 4.5983297e-001
 4.5996124e-001
 4.6017176e-001
 4.6044391e-001
 4.6075439e-001
 4.6107882e-001
 4.6139270e-001
 4.6167269e-001
 4.6189809e-001
 4.6205240e-001
 4.6212509e-001
 4.6211207e-001
 4.6201518e-001
 4.6184051e-001
 4.6159688e-001
 4.6129417e-001
 4.6094278e-001
 4.6055284e-001
 4.6013370e-001
 4.5969364e-001
 4.5923895e-001
 4.5877427e-001
 4.5830247e-001
 4.5782503e-001
 4.5734286e-001
 4.5685649e-001
 4.5636636e-001
 4.5587349e-001
 4.5537955e-001
 4.5488784e-001
 4.5440364e-001
 4.5393419e-001
 4.5348901e-001
 4.5307875e-001
 4.5271516e-001
 4.5241016e-001
 4.5217532e-001
 4.5202112e-001
 4.5195556e-001
 4.5198259e-001
 4.5210063e-001
 4.5230201e-001
 4.5257348e-001
 4.5289782e-001
 4.5325524e-001
 4.5362493e-001
 4.5398602e-001
 4.5431811e-001
 4.5460260e-001
 4.5482361e-001
 4.5496905e-001
 4.5503107e-001
 4.5500556e-001
 4.5489118e-001
 4.5468837e-001
 4.5439842e-001
 4.5402315e-001
 4.5356515e-001
 4.5302823e-001
 4.5241797e-001
 4.5174283e-001
 4.5101392e-001
 4.5024520e-001
 4.4945261e-001
 4.4865295e-001
 4.4786376e-001
 4.4710195e-001
 4.4638368e-001
 4.4572252e-001
 4.4512779e-001
 4.4460350e-001
 4.4414726e-001
 4.4375136e-001
 4.4340390e-001
 4.4309050e-001
 4.4279581e-001
 4.4250444e-001
 4.4220188e-001
 4.4187605e-001
 4.4151860e-001
 4.4112650e-001
 4.4070250e-001
 4.4025454e-001
 4.3979448e-001
 4.3933639e-001
 4.3889546e-001
 4.3848664e-001
 4.3812421e-001
 4.3781993e-001
 4.3758166e-001
 4.3741226e-001
 4.3730858e-001
 4.3726221e-001
 4.3726099e-001
 4.3729037e-001
 4.3733481e-001
 4.3737859e-001
 4.3740651e-001
 4.3740496e-001
 4.3736279e-001
 4.3727219e-001
 4.3712923e-001
 4.3693331e-001
 4.3668631e-001
 4.3639177e-001
 4.3605387e-001
 4.3567708e-001
 4.3526638e-001
 4.3482676e-001
 4.3436378e-001
 4.3388385e-001
 4.3339384e-001
 4.3290126e-001
 4.3241438e-001
 4.3194148e-001
 4.3149093e-001
 4.3107089e-001
 4.3068922e-001
 4.3035224e-001
 4.3006438e-001
 4.2982745e-001
 4.2964011e-001
 4.2949834e-001
 4.2939621e-001
 4.2932644e-001
 4.2928120e-001
 4.2925248e-001
 4.2923206e-001
 4.2921171e-001
 4.2918316e-001
 4.2913797e-001
 4.2906764e-001
 4.2896348e-001
 4.2881683e-001
 4.2861900e-001
 4.2836136e-001
 4.2803594e-001
 4.2763594e-001
 4.2715713e-001
 4.2659944e-001
 4.2596906e-001
 4.2527825e-001
 4.2454499e-001
 4.2379206e-001
 4.2304429e-001
 4.2232746e-001
 4.2166752e-001
 4.2108789e-001
 4.2060789e-001
 4.2023951e-001
 4.1998515e-001
 4.1983598e-001
 4.1977355e-001
 4.1977206e-001
 4.1980150e-001
 4.1982996e-001
 4.1982549e-001
 4.1975823e-001
 4.1960266e-001
 4.1934064e-001
 4.1896445e-001
 4.1847745e-001
 4.1789299e-001
 4.1723236e-001
 4.1652095e-001
 4.1578606e-001
 4.1505563e-001
 4.1435584e-001
 4.1370934e-001
 4.1313356e-001
 4.1263765e-001
 4.1222224e-001
 4.1188011e-001
 4.1159841e-001
 4.1136077e-001
 4.1114920e-001
 4.1094556e-001
 4.1073260e-001
 4.1049507e-001
 4.1022170e-001
 4.0990609e-001
 4.0954742e-001
 4.0914991e-001
 4.0872172e-001
 4.0827292e-001
 4.0781462e-001
 4.0735853e-001
 4.0691552e-001
 4.0649530e-001
 4.0610602e-001
 4.0575281e-001
 4.0543789e-001
 4.0516105e-001
 4.0491989e-001
 4.0471092e-001
 4.0452999e-001
 4.0437281e-001
 4.0423471e-001
 4.0411079e-001
 4.0399578e-001
 4.0388370e-001
 4.0376794e-001
 4.0364128e-001
 4.0349612e-001
 4.0332448e-001
 4.0311846e-001
 4.0287042e-001
 4.0257335e-001
 4.0222171e-001
 4.0181279e-001
 4.0134695e-001
 4.0082833e-001
 4.0026486e-001
 3.9966664e-001
 3.9904514e-001
 3.9841312e-001
 3.9778286e-001
 3.9716655e-001
 3.9657539e-001
 3.9601943e-001
 3.9550641e-001
 3.9504176e-001
 3.9462939e-001
 3.9427128e-001
 3.9396855e-001
 3.9372203e-001
 3.9353189e-001
 3.9339760e-001
 3.9331728e-001
 3.9328668e-001
 3.9329836e-001
 3.9334148e-001
 3.9340201e-001
 3.9346361e-001
 3.9350861e-001
 3.9351881e-001
 3.9347640e-001
 3.9336488e-001
 3.9317089e-001
 3.9288607e-001
 3.9250889e-001
 3.9204538e-001
 3.9150867e-001
 3.9091668e-001
 3.9029023e-001
 3.8965192e-001
 3.8902399e-001
 3.8842729e-001
 3.8788030e-001
 3.8739616e-001
 3.8698146e-001
 3.8663536e-001
 3.8635069e-001
 3.8611501e-001
 3.8591304e-001
 3.8572833e-001
 3.8554403e-001
 3.8534403e-001
 3.8511410e-001
 3.8484290e-001
 3.8452312e-001
 3.8415223e-001
 3.8373157e-001
 3.8326558e-001
 3.8276038e-001
 3.8222328e-001
 3.8166168e-001
 3.8108292e-001
 3.8049465e-001
 3.7990391e-001
 3.7931737e-001
 3.7874177e-001
 3.7818307e-001
 3.7764719e-001
 3.7713972e-001
 3.7666649e-001
 3.7623268e-001
 3.7584311e-001
 3.7550163e-001
 3.7521026e-001
 3.7496859e-001
 3.7477377e-001
 3.7462047e-001
 3.7450159e-001
 3.7440908e-001
 3.7433445e-001
 3.7426919e-001
 3.7420514e-001
 3.7413526e-001
 3.7405416e-001
 3.7395874e-001
 3.7384853e-001
 3.7372532e-001
 3.7359259e-001
 3.7345487e-001
 3.7331709e-001
 3.7318408e-001
 3.7306014e-001
 3.7294841e-001
 3.7284973e-001
 3.7276223e-001
 3.7268072e-001
 3.7259725e-001
 3.7250158e-001
 3.7238249e-001
 3.7222809e-001
 3.7202677e-001
 3.7176815e-001
 3.7144446e-001
 3.7105203e-001
 3.7059295e-001
 3.7007597e-001
 3.6951536e-001
 3.6892951e-001
 3.6833981e-001
 3.6776826e-001
 3.6723667e-001
 3.6676574e-001
 3.6637235e-001
 3.6606792e-001
 3.6585602e-001
 3.6573187e-001
 3.6568275e-001
 3.6569035e-001
 3.6573300e-001
 3.6578754e-001
 3.6583069e-001
 3.6584058e-001
 3.6579841e-001
 3.6569053e-001
 3.6551034e-001
 3.6525926e-001
 3.6494556e-001
 3.6458278e-001
 3.6418772e-001
 3.6377841e-001
 3.6337292e-001
 3.6298868e-001
 3.6264050e-001
 3.6233917e-001
 3.6209026e-001
 3.6189321e-001
 3.6174202e-001
 3.6162674e-001
 3.6153507e-001
 3.6145365e-001
 3.6136916e-001
 3.6126953e-001
 3.6114514e-001
 3.6099076e-001
 3.6080724e-001
 3.6060181e-001
 3.6038777e-001
 3.6018261e-001
 3.6000657e-001
 3.5988066e-001
 3.5982522e-001
 3.5985804e-001
 3.5999086e-001
 3.6022583e-001
 3.6055157e-001
 3.6094221e-001
 3.6135864e-001
 3.6175168e-001
 3.6206684e-001
 3.6224720e-001
 3.6223701e-001
 3.6198550e-001
 3.6145309e-001
 3.6061844e-001
 3.5948595e-001
 3.5808730e-001
 3.5647908e-001
 3.5473755e-001
 3.5294878e-001
 3.5120389e-001
 3.4959334e-001
 3.4820345e-001
 3.4710699e-001
 3.4635645e-001
 3.4597674e-001
 3.4596124e-001
 3.4627560e-001
 3.4686455e-001
 3.4766078e-001
 3.4859148e-001
 3.4958231e-001
 3.5056266e-001
 3.5146934e-001
 3.5225230e-001
 3.5287872e-001
 3.5333595e-001
 3.5362878e-001
 3.5377502e-001
 3.5380045e-001
 3.5373434e-001
 3.5360715e-001
 3.5344833e-001
 3.5328466e-001
 3.5313824e-001
 3.5302493e-001
 3.5295340e-001
 3.5292608e-001
 3.5294065e-001
 3.5299194e-001
 3.5307363e-001
 3.5317880e-001
 3.5330099e-001
 3.5343456e-001
 3.5357547e-001
 3.5372174e-001
 3.5387379e-001
 3.5403425e-001
 3.5420713e-001
 3.5439751e-001
 3.5461089e-001
 3.5485247e-001
 3.5512701e-001
 3.5543784e-001
 3.5578582e-001
 3.5616875e-001
 3.5658085e-001
 3.5701334e-001
 3.5745469e-001
 3.5789233e-001
 3.5831317e-001
 3.5870379e-001
 3.5905170e-001
 3.5934588e-001
 3.5957754e-001
 3.5974133e-001
 3.5983559e-001
 3.5986194e-001
 3.5982442e-001
 3.5972869e-001
 3.5958111e-001
 3.5938874e-001
 3.5915911e-001
 3.5890093e-001
 3.5862496e-001
 3.5834429e-001
 3.5807478e-001
 3.5783479e-001
 3.5764405e-001
 3.5752308e-001
 3.5749239e-001
 3.5757148e-001
 3.5777721e-001
 3.5812175e-001
 3.5860950e-001
 3.5923496e-001
 3.5998169e-001
 3.6082229e-001
 3.6172175e-001
 3.6263999e-001
 3.6353493e-001
 3.6436352e-001
 3.6508405e-001
 3.6565602e-001
 3.6603993e-001
 3.6620021e-001
 3.6611259e-001
 3.6578056e-001
 3.6528116e-001
 3.6465615e-001
 3.6394733e-001
 3.6319640e-001
 3.6244550e-001
 3.6173630e-001
 3.6111063e-001
 3.6061040e-001
 3.6027348e-001
 3.6010265e-001
 3.6008093e-001
 3.6019143e-001
 3.6041713e-001
 3.6074090e-001
 3.6114579e-001
 3.6161476e-001
 3.6213103e-001
 3.6267725e-001
 3.6323658e-001
 3.6379197e-001
 3.6432654e-001
 3.6482307e-001
 3.6526605e-001
 3.6565262e-001
 3.6598665e-001
 3.6627224e-001
 3.6651319e-001
 3.6671361e-001
 3.6687750e-001
 3.6700892e-001
 3.6711168e-001
 3.6718994e-001
 3.6724764e-001
 3.6728877e-001
 3.6731732e-001
 3.6733732e-001
 3.6735266e-001
 3.6736751e-001
 3.6738575e-001
 3.6741129e-001
 3.6744806e-001
 3.6749718e-001
 3.6755857e-001
 3.6763227e-001
 3.6771813e-001
 3.6781615e-001
 3.6792624e-001
 3.6804837e-001
 3.6818242e-001
 3.6832839e-001
 3.6848620e-001
 3.6865583e-001
 3.6883712e-001
 3.6903012e-001
 3.6923465e-001
 3.6945081e-001
 3.6967844e-001
 3.6991745e-001
 3.7016782e-001
 3.7042955e-001
 3.7070248e-001
 3.7098658e-001
 3.7128174e-001
 3.7158760e-001
 3.7190342e-001
 3.7222859e-001
 3.7256244e-001
 3.7290436e-001
 3.7325379e-001
 3.7360993e-001
 3.7397224e-001
 3.7434003e-001
 3.7471277e-001
 3.7508970e-001
 3.7547019e-001
 3.7585360e-001
 3.7623951e-001
 3.7662688e-001
 3.7701535e-001
 3.7740418e-001
 3.7779281e-001
 3.7818062e-001
 3.7856680e-001
 3.7895083e-001
 3.7933204e-001
 3.7970990e-001
 3.8008356e-001
 3.8045254e-001
 3.8081619e-001
 3.8117453e-001
 3.8152754e-001
 3.8187546e-001
 3.8221845e-001
 3.8255665e-001
 3.8289028e-001
 3.8321933e-001
 3.8354409e-001
 3.8386464e-001
 3.8418126e-001
 3.8449395e-001
 3.8480288e-001
 3.8510823e-001
 3.8541025e-001
 3.8570899e-001
 3.8600457e-001
 3.8629720e-001
 3.8658705e-001
 3.8687429e-001
 3.8715893e-001
 3.8744125e-001
 3.8772136e-001
 3.8799950e-001
 3.8827571e-001
 3.8855016e-001
 3.8882303e-001
 3.8909453e-001
 3.8936469e-001
 3.8963374e-001
 3.8990176e-001
 3.9016891e-001
 3.9043495e-001
 3.9069986e-001
