s07_ASD Record=21302: Lodgepole-Pine YNP-LP1-C    AVIRISb RTGC
-1.2300000e+034
-1.2300000e+034
-1.2300000e+034
-1.2300000e+034
-1.2300000e+034
-1.2300000e+034
-1.2300000e+034
-1.2300000e+034
-1.2300000e+034
-1.2300000e+034
-1.2300000e+034
-1.2300000e+034
-1.2300000e+034
-1.2300000e+034
-1.2300000e+034
-1.2300000e+034
-1.2300000e+034
-1.2300000e+034
-1.2300000e+034
-1.2300000e+034
-1.2300000e+034
-1.2300000e+034
-1.2300000e+034
-1.2300000e+034
-1.2300000e+034
-1.2300000e+034
-1.2300000e+034
-1.2300000e+034
-1.2300000e+034
-1.2300000e+034
-1.2300000e+034
-1.2300000e+034
-1.2300000e+034
-1.2300000e+034
-1.2300000e+034
-1.2300000e+034
-1.2300000e+034
-1.2300000e+034
-1.2300000e+034
-1.2300000e+034
-1.2300000e+034
-1.2300000e+034
-1.2300000e+034
-1.2300000e+034
-1.2300000e+034
-1.2300000e+034
-1.2300000e+034
-1.2300000e+034
-1.2300000e+034
-1.2300000e+034
-1.2300000e+034
-1.2300000e+034
-1.2300000e+034
-1.2300000e+034
-1.2300000e+034
-1.2300000e+034
-1.2300000e+034
-1.2300000e+034
-1.2300000e+034
 9.0878475e-003
 9.0288986e-003
 8.9707924e-003
 8.9143664e-003
 8.8604661e-003
 8.8099279e-003
 8.7635973e-003
 8.7223146e-003
 8.6869169e-003
 8.6582517e-003
 8.6371554e-003
 8.6242799e-003
 8.6195739e-003
 8.6227814e-003
 8.6336434e-003
 8.6519048e-003
 8.6773038e-003
 8.7095834e-003
 8.7484848e-003
 8.7937545e-003
 8.8451291e-003
 8.9020152e-003
 8.9621050e-003
 9.0227462e-003
 9.0812836e-003
 9.1350600e-003
 9.1814185e-003
 9.2177084e-003
 9.2412708e-003
 9.2494506e-003
 9.2395935e-003
 9.2104059e-003
 9.1660433e-003
 9.1120265e-003
 9.0538710e-003
 8.9970957e-003
 8.9472188e-003
 8.9097610e-003
 8.8902405e-003
 8.8941716e-003
 8.9270771e-003
 8.9927977e-003
 9.0875886e-003
 9.3421340e-003
 9.4907591e-003
 9.6462099e-003
 9.8029217e-003
 9.9553317e-003
 1.0097878e-002
 1.0224997e-002
 1.0332786e-002
 1.0423340e-002
 1.0500450e-002
 1.0567917e-002
 1.0629528e-002
 1.0689084e-002
 1.0750378e-002
 1.0817204e-002
 1.0893357e-002
 1.0982631e-002
 1.1087484e-002
 1.1205005e-002
 1.1330953e-002
 1.1461088e-002
 1.1591160e-002
 1.1716923e-002
 1.1834134e-002
 1.1938552e-002
 1.2025931e-002
 1.2092021e-002
 1.2134061e-002
 1.2154745e-002
 1.2158349e-002
 1.2149148e-002
 1.2131423e-002
 1.2109446e-002
 1.2087496e-002
 1.2069852e-002
 1.2060788e-002
 1.2064582e-002
 1.2084599e-002
 1.2120566e-002
 1.2171298e-002
 1.2235609e-002
 1.2312311e-002
 1.2400227e-002
 1.2498166e-002
 1.2604943e-002
 1.2719374e-002
 1.2840278e-002
 1.2966841e-002
 1.3099000e-002
 1.3237053e-002
 1.3381287e-002
 1.3532017e-002
 1.3689534e-002
 1.3854125e-002
 1.4026107e-002
 1.4205758e-002
 1.4393399e-002
 1.4589250e-002
 1.5005703e-002
 1.5226229e-002
 1.5454925e-002
 1.5691785e-002
 1.5936766e-002
 1.6189829e-002
 1.6450960e-002
 1.6720152e-002
 1.6997635e-002
 1.7283149e-002
 1.7576633e-002
 1.7878082e-002
 1.8187495e-002
 1.8504800e-002
 1.8830007e-002
 1.9163081e-002
 1.9504026e-002
 1.9852774e-002
 2.0208651e-002
 2.0568289e-002
 2.0927582e-002
 2.1282509e-002
 2.1628965e-002
 2.1962909e-002
 2.2280298e-002
 2.2577032e-002
 2.2849083e-002
 2.3092354e-002
 2.3304310e-002
 2.3488441e-002
 2.3649720e-002
 2.3793146e-002
 2.3923716e-002
 2.4046417e-002
 2.4166236e-002
 2.4288164e-002
 2.4417207e-002
 2.4558332e-002
 2.4715025e-002
 2.4883687e-002
 2.5059177e-002
 2.5236337e-002
 2.5410037e-002
 2.5575103e-002
 2.5726400e-002
 2.5858777e-002
 2.5967084e-002
 2.6046179e-002
 2.6092192e-002
 2.6106153e-002
 2.6090443e-002
 2.6047440e-002
 2.5979530e-002
 2.5889089e-002
 2.5778500e-002
 2.5650144e-002
 2.5506400e-002
 2.5349651e-002
 2.5182586e-002
 2.5008073e-002
 2.4829278e-002
 2.4649352e-002
 2.4471445e-002
 2.4298731e-002
 2.4134364e-002
 2.3981500e-002
 2.3843294e-002
 2.3722906e-002
 2.3622669e-002
 2.3541629e-002
 2.3478005e-002
 2.3430016e-002
 2.3395887e-002
 2.3362085e-002
 2.3358852e-002
 2.3362359e-002
 2.3370828e-002
 2.3382779e-002
 2.3397865e-002
 2.3416016e-002
 2.3437187e-002
 2.3461316e-002
 2.3488343e-002
 2.3518212e-002
 2.3550868e-002
 2.3586249e-002
 2.3624303e-002
 2.3664571e-002
 2.3705274e-002
 2.3744231e-002
 2.3779269e-002
 2.3808215e-002
 2.3828894e-002
 2.3839127e-002
 2.3836743e-002
 2.3819566e-002
 2.3785420e-002
 2.3733031e-002
 2.3665085e-002
 2.3585200e-002
 2.3497006e-002
 2.3404121e-002
 2.3310179e-002
 2.3218786e-002
 2.3133574e-002
 2.3058170e-002
 2.2996193e-002
 2.2950443e-002
 2.2920143e-002
 2.2903740e-002
 2.2899657e-002
 2.2906344e-002
 2.2922233e-002
 2.2945758e-002
 2.2975357e-002
 2.3009468e-002
 2.3046527e-002
 2.3085028e-002
 2.3123691e-002
 2.3161294e-002
 2.3196610e-002
 2.3228418e-002
 2.3255492e-002
 2.3276610e-002
 2.3290547e-002
 2.3296084e-002
 2.3291992e-002
 2.3277348e-002
 2.3252403e-002
 2.3217721e-002
 2.3173843e-002
 2.3121329e-002
 2.3060737e-002
 2.2992613e-002
 2.2917515e-002
 2.2835996e-002
 2.2748606e-002
 2.2655893e-002
 2.2558356e-002
 2.2456486e-002
 2.2350781e-002
 2.2241734e-002
 2.2129832e-002
 2.2015572e-002
 2.1899430e-002
 2.1781927e-002
 2.1663535e-002
 2.1544890e-002
 2.1426434e-002
 2.1308765e-002
 2.1078091e-002
 2.0966252e-002
 2.0857537e-002
 2.0752518e-002
 2.0651782e-002
 2.0555917e-002
-1.2300000e+034
 2.0415863e-002
 2.0337906e-002
 2.0267121e-002
 2.0204276e-002
 2.0150132e-002
 2.0105459e-002
 2.0071024e-002
 2.0038946e-002
-1.2300000e+034
 2.0036809e-002
 2.0051796e-002
 2.0085800e-002
 2.0233795e-002
 2.0359272e-002
 2.0526715e-002
 2.0741852e-002
 2.1010445e-002
 2.1338200e-002
 2.1730892e-002
 2.2193784e-002
 2.2727501e-002
 2.3331966e-002
 2.4007244e-002
 2.4753246e-002
 2.5569998e-002
 2.6457546e-002
 2.7415773e-002
 2.8444786e-002
 2.9544447e-002
 3.0713836e-002
 3.1948086e-002
 3.3241440e-002
 3.4587897e-002
 3.5981700e-002
 3.7417002e-002
 4.0388864e-002
 4.1913640e-002
 4.3456566e-002
 4.5013335e-002
 4.6585858e-002
 4.8177298e-002
 4.9791213e-002
 5.1430754e-002
 5.3099371e-002
 5.4800533e-002
 5.6537371e-002
 5.8313467e-002
 6.0131952e-002
 6.1994791e-002
 6.3897990e-002
 6.5835707e-002
 6.7802571e-002
 6.9792725e-002
 7.1800679e-002
 7.3820956e-002
 7.5847685e-002
 7.7875525e-002
 7.9898596e-002
 8.3908096e-002
 8.5882589e-002
 8.7829039e-002
 8.9741655e-002
 9.1614246e-002
 9.3441002e-002
 9.5216006e-002
 9.6933432e-002
 9.8587118e-002
 1.0017237e-001
 1.0168893e-001
 1.0313734e-001
 1.0451850e-001
 1.0583313e-001
 1.0708205e-001
 1.0826591e-001
 1.0938552e-001
 1.1044170e-001
 1.1143507e-001
 1.1236692e-001
 1.1324030e-001
 1.1405857e-001
 1.1482528e-001
 1.1554381e-001
 1.1685029e-001
 1.1744514e-001
 1.1800571e-001
 1.1853540e-001
 1.1903729e-001
 1.1951287e-001
 1.1996311e-001
 1.2038909e-001
 1.2079187e-001
 1.2117244e-001
 1.2153189e-001
 1.2187123e-001
 1.2219155e-001
-1.2300000e+034
 1.2277944e-001
 1.2304910e-001
 1.2330385e-001
 1.2354473e-001
 1.2377278e-001
 1.2398905e-001
 1.2419461e-001
 1.2439049e-001
 1.2457771e-001
 1.2493013e-001
 1.2509660e-001
 1.2525699e-001
 1.2541151e-001
 1.2556042e-001
 1.2570393e-001
 1.2584224e-001
 1.2597562e-001
 1.2610428e-001
 1.2622844e-001
 1.2634864e-001
 1.2646611e-001
 1.2658228e-001
 1.2669872e-001
 1.2681690e-001
 1.2693833e-001
 1.2706453e-001
 1.2719700e-001
 1.2733723e-001
 1.2748678e-001
 1.2764637e-001
 1.2781493e-001
 1.2799056e-001
 1.2817149e-001
 1.2854184e-001
 1.2872761e-001
 1.2891133e-001
 1.2909117e-001
 1.2926528e-001
 1.2943226e-001
 1.2959127e-001
 1.2974197e-001
 1.2988387e-001
 1.3001664e-001
 1.3013987e-001
 1.3025318e-001
 1.3035615e-001
 1.3044839e-001
 1.3052951e-001
 1.3059960e-001
 1.3066113e-001
 1.3071702e-001
 1.3077022e-001
 1.3082367e-001
 1.3088030e-001
 1.3094305e-001
 1.3101482e-001
 1.3109860e-001
 1.3131309e-001
 1.3144463e-001
 1.3158979e-001
 1.3174640e-001
 1.3191232e-001
 1.3208541e-001
 1.3226353e-001
 1.3244455e-001
 1.3262628e-001
 1.3280661e-001
 1.3298379e-001
 1.3315758e-001
 1.3332814e-001
 1.3349564e-001
 1.3366024e-001
 1.3382214e-001
 1.3398144e-001
 1.3413833e-001
 1.3429296e-001
 1.3444550e-001
 1.3459617e-001
 1.3474542e-001
 1.3489375e-001
 1.3504159e-001
 1.3533799e-001
 1.3548750e-001
 1.3563855e-001
 1.3579161e-001
 1.3594721e-001
 1.3610567e-001
 1.3626663e-001
 1.3642961e-001
 1.3659410e-001
 1.3675958e-001
 1.3692556e-001
 1.3709155e-001
 1.3725701e-001
 1.3742147e-001
 1.3758440e-001
 1.3774540e-001
 1.3790435e-001
 1.3806124e-001
 1.3821606e-001
 1.3836884e-001
 1.3851950e-001
 1.3866805e-001
 1.3881449e-001
 1.3895878e-001
 1.3924097e-001
 1.3937928e-001
 1.3951620e-001
 1.3965222e-001
 1.3978769e-001
 1.3992302e-001
 1.4005864e-001
 1.4019494e-001
 1.4033234e-001
 1.4047122e-001
 1.4061144e-001
 1.4075065e-001
 1.4088587e-001
 1.4101419e-001
 1.4113265e-001
 1.4123833e-001
 1.4132828e-001
 1.4139956e-001
 1.4144921e-001
 1.4147437e-001
 1.4147317e-001
 1.4144847e-001
 1.4140433e-001
 1.4134482e-001
 1.4119583e-001
 1.4111444e-001
 1.4103387e-001
 1.4095816e-001
 1.4089137e-001
 1.4083683e-001
 1.4079463e-001
 1.4076427e-001
 1.4074510e-001
 1.4073664e-001
 1.4073826e-001
 1.4074942e-001
 1.4076951e-001
 1.4079803e-001
 1.4083439e-001
 1.4087766e-001
 1.4092565e-001
 1.4097579e-001
 1.4102553e-001
 1.4107232e-001
 1.4111359e-001
 1.4114681e-001
 1.4116941e-001
 1.4117883e-001
 1.4114845e-001
 1.4110672e-001
 1.4104803e-001
 1.4097305e-001
 1.4088246e-001
 1.4077693e-001
 1.4065716e-001
 1.4052378e-001
 1.4037749e-001
-1.2300000e+034
 1.4004911e-001
 1.3986839e-001
 1.3967749e-001
 1.3947707e-001
 1.3926783e-001
 1.3905044e-001
 1.3882557e-001
 1.3859387e-001
 1.3835606e-001
-1.2300000e+034
 1.3786449e-001
 1.3761206e-001
 1.3735619e-001
 1.3709755e-001
 1.3657472e-001
 1.3631187e-001
 1.3604894e-001
 1.3578667e-001
-1.2300000e+034
 1.3526665e-001
 1.3501029e-001
 1.3475727e-001
 1.3450822e-001
 1.3426389e-001
 1.3402490e-001
 1.3379195e-001
 1.3356571e-001
 1.3334686e-001
 1.3313608e-001
 1.3293432e-001
 1.3274240e-001
 1.3256149e-001
 1.3239266e-001
 1.3223708e-001
 1.3209587e-001
 1.3197015e-001
 1.3186105e-001
 1.3176970e-001
 1.3169725e-001
 1.3160844e-001
 1.3158756e-001
 1.3157889e-001
 1.3157980e-001
 1.3158767e-001
 1.3159989e-001
 1.3161384e-001
 1.3162690e-001
 1.3163646e-001
 1.3164079e-001
 1.3164181e-001
 1.3164231e-001
 1.3164508e-001
 1.3165295e-001
 1.3166872e-001
 1.3169517e-001
 1.3173510e-001
 1.3179134e-001
 1.3186668e-001
 1.3196315e-001
 1.3207974e-001
 1.3221461e-001
 1.3236597e-001
 1.3253206e-001
 1.3290115e-001
 1.3310058e-001
 1.3330750e-001
 1.3352014e-001
 1.3373700e-001
 1.3395777e-001
 1.3418245e-001
 1.3441107e-001
 1.3464358e-001
 1.3488002e-001
 1.3512035e-001
 1.3536462e-001
 1.3563764e-001
 1.3589987e-001
 1.3616602e-001
 1.3643557e-001
 1.3670813e-001
 1.3698325e-001
 1.3726096e-001
 1.3754185e-001
 1.3782668e-001
 1.3811612e-001
 1.3840982e-001
 1.3870649e-001
 1.3900445e-001
 1.3930225e-001
 1.3959943e-001
 1.3989657e-001
 1.4019448e-001
 1.4049384e-001
 1.4079480e-001
 1.4109698e-001
 1.4140002e-001
 1.4170347e-001
 1.4200720e-001
 1.4231114e-001
 1.4261535e-001
 1.4292000e-001
 1.4322512e-001
 1.4353085e-001
 1.4383712e-001
 1.4414383e-001
 1.4445086e-001
 1.4475779e-001
 1.4506431e-001
 1.4536983e-001
 1.4567368e-001
 1.4597531e-001
 1.4627391e-001
 1.4656891e-001
 1.4685968e-001
 1.4714564e-001
 1.4742650e-001
 1.4770196e-001
 1.4797185e-001
 1.4823626e-001
 1.4849520e-001
 1.4874893e-001
 1.4899766e-001
 1.4924166e-001
 1.4948130e-001
 1.4971685e-001
 1.4994873e-001
 1.5017727e-001
 1.5040280e-001
 1.5062571e-001
 1.5084626e-001
 1.5106472e-001
 1.5128118e-001
 1.5149558e-001
 1.5170766e-001
 1.5191689e-001
 1.5212245e-001
 1.5232326e-001
 1.5251796e-001
 1.5270507e-001
 1.5288302e-001
 1.5305029e-001
 1.5320559e-001
 1.5334789e-001
 1.5347674e-001
 1.5359214e-001
 1.5369469e-001
 1.5378559e-001
 1.5386645e-001
 1.5393929e-001
 1.5400617e-001
 1.5406911e-001
 1.5412982e-001
 1.5418944e-001
 1.5424848e-001
 1.5430656e-001
 1.5436250e-001
 1.5441433e-001
 1.5445948e-001
 1.5449503e-001
 1.5451796e-001
 1.5452546e-001
 1.5451530e-001
 1.5448606e-001
 1.5443738e-001
 1.5437004e-001
 1.5428594e-001
 1.5418793e-001
 1.5407968e-001
 1.5396512e-001
 1.5384814e-001
 1.5373215e-001
 1.5361954e-001
 1.5351140e-001
 1.5340728e-001
 1.5330492e-001
 1.5320058e-001
 1.5308908e-001
 1.5296432e-001
 1.5281971e-001
 1.5264866e-001
 1.5244523e-001
 1.5220444e-001
 1.5192278e-001
 1.5159839e-001
 1.5123105e-001
 1.5082224e-001
 1.5037461e-001
 1.4989194e-001
 1.4937864e-001
 1.4883916e-001
 1.4827807e-001
 1.4769971e-001
 1.4710794e-001
 1.4650661e-001
 1.4589889e-001
 1.4528753e-001
 1.4467403e-001
 1.4405824e-001
 1.4343907e-001
 1.4281495e-001
 1.4218587e-001
 1.4155401e-001
 1.4092320e-001
 1.4029773e-001
 1.3968004e-001
 1.3907035e-001
 1.3846670e-001
 1.3786587e-001
 1.3726521e-001
 1.3666339e-001
 1.3606176e-001
 1.3546386e-001
 1.3487406e-001
 1.3429616e-001
 1.3373177e-001
 1.3318002e-001
 1.3263863e-001
 1.3210471e-001
 1.3157631e-001
 1.3105336e-001
 1.3053766e-001
 1.3003293e-001
 1.2954284e-001
 1.2907006e-001
 1.2861526e-001
 1.2817721e-001
 1.2775400e-001
 1.2734362e-001
 1.2694526e-001
 1.2655964e-001
 1.2618880e-001
 1.2583557e-001
 1.2550221e-001
 1.2518989e-001
 1.2489846e-001
 1.2462702e-001
 1.2437477e-001
 1.2414113e-001
 1.2392579e-001
 1.2372826e-001
 1.2354750e-001
 1.2338187e-001
 1.2322906e-001
 1.2308621e-001
 1.2295017e-001
 1.2281758e-001
 1.2268517e-001
 1.2254998e-001
 1.2240944e-001
 1.2226173e-001
 1.2210572e-001
 1.2194114e-001
 1.2176855e-001
 1.2158912e-001
 1.2140466e-001
 1.2121728e-001
 1.2102934e-001
 1.2084328e-001
 1.2066137e-001
 1.2048583e-001
 1.2031858e-001
 1.2016134e-001
 1.2001558e-001
 1.1988251e-001
 1.1976323e-001
 1.1965855e-001
 1.1956920e-001
 1.1949570e-001
 1.1943839e-001
 1.1939740e-001
 1.1937272e-001
 1.1936409e-001
 1.1937115e-001
 1.1939342e-001
 1.1943040e-001
 1.1948165e-001
 1.1954690e-001
 1.1962608e-001
 1.1971951e-001
 1.1982778e-001
 1.1995192e-001
 1.2009329e-001
 1.2025347e-001
 1.2043428e-001
 1.2063745e-001
 1.2086459e-001
 1.2111702e-001
 1.2139552e-001
 1.2170026e-001
 1.2203086e-001
 1.2238608e-001
 1.2276411e-001
 1.2316263e-001
 1.2357890e-001
 1.2401003e-001
 1.2445290e-001
 1.2490458e-001
 1.2536208e-001
 1.2582263e-001
 1.2628381e-001
 1.2674318e-001
 1.2719880e-001
 1.2764870e-001
 1.2809117e-001
 1.2852484e-001
 1.2894839e-001
 1.2936094e-001
 1.2976182e-001
 1.3015063e-001
 1.3052748e-001
 1.3089259e-001
 1.3124661e-001
 1.3159022e-001
 1.3192421e-001
 1.3224955e-001
 1.3256697e-001
 1.3287747e-001
 1.3318209e-001
 1.3348274e-001
 1.3378270e-001
 1.3408704e-001
 1.3440166e-001
 1.3472958e-001
 1.3506442e-001
 1.3538752e-001
 1.3566358e-001
 1.3589320e-001
 1.3607804e-001
 1.3622847e-001
 1.3635820e-001
 1.3648048e-001
 1.3660662e-001
 1.3674520e-001
 1.3690129e-001
 1.3707601e-001
 1.3730350e-001
 1.3748929e-001
 1.3766938e-001
 1.3784768e-001
 1.3803190e-001
 1.3822865e-001
 1.3843018e-001
 1.3860446e-001
 1.3873838e-001
 1.3883768e-001
 1.3892214e-001
 1.3901459e-001
 1.3912970e-001
 1.3925548e-001
 1.3935877e-001
 1.3942508e-001
 1.3946259e-001
 1.3948181e-001
 1.3948916e-001
 1.3948892e-001
 1.3948476e-001
 1.3948004e-001
 1.3947752e-001
 1.3947892e-001
 1.3948438e-001
 1.3949223e-001
 1.3949908e-001
 1.3950032e-001
 1.3949056e-001
 1.3946410e-001
 1.3941523e-001
 1.3933848e-001
 1.3922901e-001
 1.3908321e-001
 1.3889919e-001
 1.3867733e-001
 1.3841993e-001
 1.3813071e-001
 1.3781413e-001
 1.3747510e-001
 1.3711841e-001
 1.3674887e-001
 1.3637070e-001
 1.3598713e-001
 1.3560008e-001
 1.3520966e-001
 1.3481463e-001
 1.3441263e-001
 1.3400060e-001
 1.3357539e-001
 1.3313365e-001
 1.3267221e-001
 1.3218817e-001
 1.3167897e-001
 1.3114291e-001
 1.3057916e-001
 1.2998745e-001
 1.2936832e-001
 1.2872228e-001
 1.2805024e-001
 1.2735312e-001
 1.2663162e-001
 1.2588687e-001
 1.2511981e-001
 1.2433182e-001
 1.2352449e-001
 1.2269936e-001
 1.2185845e-001
 1.2100352e-001
 1.2013661e-001
 1.1925981e-001
 1.1837484e-001
 1.1748370e-001
 1.1658775e-001
 1.1568834e-001
 1.1478627e-001
 1.1388096e-001
 1.1297077e-001
 1.1205581e-001
 1.1114699e-001
 1.1026499e-001
 1.0940228e-001
 1.0849991e-001
 1.0752444e-001
 1.0655156e-001
 1.0565354e-001
 1.0479046e-001
 1.0390114e-001
 1.0298131e-001
 1.0206380e-001
 1.0118046e-001
 1.0032275e-001
 9.9426381e-002
 9.8457001e-002
 9.7495712e-002
 9.6614301e-002
 9.5767140e-002
 9.4892837e-002
 9.3990497e-002
 9.3093626e-002
 9.2233695e-002
 9.1402143e-002
 9.0532251e-002
 8.9589454e-002
 8.8661566e-002
 8.7818101e-002
 8.7006226e-002
 8.6166352e-002
 8.5302204e-002
 8.4446721e-002
 8.3629794e-002
 8.2843319e-002
 8.2020052e-002
 8.1127279e-002
 8.0255024e-002
 7.9467900e-002
 7.8709662e-002
 7.7924795e-002
 7.7120163e-002
 7.6327033e-002
 7.5573154e-002
 7.4850440e-002
 7.4093483e-002
 7.3272936e-002
 7.2478719e-002
 7.1767695e-002
 7.1081854e-002
 7.0372023e-002
 6.9647864e-002
 6.8937823e-002
 6.8266355e-002
 6.7626297e-002
 6.6956632e-002
 6.6231370e-002
 6.5536499e-002
 6.4920083e-002
 6.4325660e-002
 6.3711576e-002
 6.3089140e-002
 6.2482875e-002
 6.1913565e-002
 6.1374851e-002
 6.0812477e-002
 6.0205590e-002
 5.9632186e-002
 5.9129115e-002
 5.8644772e-002
 5.8147024e-002
 5.7647601e-002
 5.7166014e-002
 5.6718517e-002
 5.6299388e-002
 5.5864774e-002
 5.5400621e-002
 5.4969806e-002
 5.4597616e-002
 5.4242861e-002
 5.3884208e-002
 5.3532731e-002
 5.3198267e-002
 5.2881252e-002
 5.2580480e-002
 5.2295566e-002
 5.2026354e-002
 5.1772725e-002
 5.1534168e-002
 5.1310141e-002
 5.1100012e-002
 5.0903060e-002
 5.0718628e-002
 5.0545987e-002
 5.0384484e-002
 5.0233513e-002
 5.0092518e-002
 4.9961183e-002
 4.9839288e-002
 4.9726784e-002
 4.9623694e-002
 4.9530022e-002
 4.9445812e-002
 4.9371097e-002
 4.9305826e-002
 4.9249806e-002
 4.9202465e-002
 4.9162716e-002
 4.9128953e-002
 4.9099136e-002
 4.9071040e-002
 4.9042340e-002
 4.9010720e-002
 4.8973899e-002
 4.8929792e-002
 4.8876919e-002
 4.8815038e-002
 4.8745755e-002
 4.8672669e-002
 4.8600674e-002
 4.8535381e-002
 4.8482604e-002
 4.8448227e-002
 4.8438046e-002
 4.8457496e-002
 4.8510924e-002
 4.8600405e-002
 4.8724726e-002
 4.8879463e-002
 4.9057849e-002
 4.9251914e-002
 4.9453281e-002
 4.9653567e-002
 4.9844380e-002
 5.0017897e-002
 5.0167345e-002
 5.0288703e-002
 5.0381705e-002
 5.0449803e-002
 5.0499085e-002
 5.0536867e-002
 5.0570887e-002
 5.0608974e-002
 5.0658885e-002
 5.0728083e-002
 5.0823066e-002
 5.0948452e-002
 5.1105995e-002
 5.1294710e-002
 5.1511850e-002
 5.1753744e-002
 5.2016422e-002
 5.2295949e-002
 5.2588321e-002
 5.2889597e-002
 5.3196196e-002
 5.3504892e-002
 5.3813312e-002
 5.4119635e-002
 5.4422509e-002
 5.4720894e-002
 5.5013668e-002
 5.5299878e-002
 5.5578493e-002
 5.5848621e-002
 5.6109823e-002
 5.6362275e-002
 5.6607246e-002
 5.6846935e-002
 5.7084143e-002
 5.7322055e-002
 5.7563823e-002
 5.7812735e-002
 5.8071934e-002
 5.8344282e-002
 5.8632016e-002
 5.8935881e-002
 5.9254419e-002
 5.9584465e-002
 5.9921518e-002
 6.0260706e-002
 6.0596876e-002
 6.0924843e-002
 6.1239611e-002
 6.1536327e-002
 6.1811071e-002
 6.2061433e-002
 6.2286966e-002
 6.2489256e-002
 6.2670998e-002
 6.2835515e-002
 6.2986225e-002
 6.3126564e-002
 6.3260034e-002
 6.3389957e-002
 6.3519470e-002
 6.3651189e-002
 6.3787080e-002
 6.3928626e-002
 6.4076848e-002
 6.4232707e-002
 6.4397037e-002
 6.4570665e-002
 6.4754471e-002
 6.4949133e-002
 6.5155067e-002
 6.5372251e-002
 6.5599814e-002
 6.5836392e-002
 6.6080175e-002
 6.6329196e-002
 6.6581510e-002
 6.6835076e-002
 6.7087971e-002
 6.7338265e-002
 6.7584217e-002
 6.7824535e-002
 6.8058267e-002
 6.8284981e-002
 6.8504393e-002
 6.8716325e-002
 6.8920702e-002
 6.9117375e-002
 6.9306299e-002
 6.9487460e-002
 6.9661058e-002
 6.9827750e-002
 6.9988661e-002
 7.0145339e-002
 7.0299633e-002
 7.0453443e-002
 7.0608750e-002
 7.0767500e-002
 7.0931576e-002
 7.1102761e-002
 7.1282364e-002
 7.1471065e-002
 7.1668595e-002
 7.1873970e-002
 7.2085835e-002
 7.2302565e-002
 7.2522588e-002
 7.2744235e-002
 7.2965883e-002
 7.3186062e-002
 7.3403426e-002
 7.3617116e-002
 7.3826663e-002
 7.4031994e-002
 7.4233323e-002
 7.4430890e-002
 7.4624956e-002
 7.4815869e-002
 7.5003892e-002
 7.5189419e-002
 7.5372860e-002
 7.5554766e-002
 7.5735934e-002
 7.5917192e-002
 7.6099560e-002
 7.6283999e-002
 7.6471500e-002
 7.6663114e-002
 7.6859750e-002
 7.7062309e-002
 7.7271327e-002
 7.7486932e-002
 7.7708773e-002
 7.7936009e-002
 7.8167647e-002
 7.8402556e-002
 7.8639530e-002
 7.8877471e-002
 7.9115167e-002
 7.9351537e-002
 7.9585478e-002
 7.9815969e-002
 8.0042154e-002
 8.0263153e-002
 8.0478154e-002
 8.0686428e-002
 8.0887154e-002
 8.1079617e-002
 8.1263088e-002
 8.1436999e-002
 8.1601180e-002
 8.1755891e-002
 8.1902064e-002
 8.2041033e-002
 8.2174376e-002
 8.2303829e-002
 8.2431100e-002
 8.2557939e-002
 8.2685947e-002
 8.2816474e-002
 8.2950361e-002
 8.3087556e-002
 8.3227180e-002
 8.3367608e-002
 8.3506823e-002
 8.3642669e-002
 8.3772935e-002
 8.3895393e-002
 8.4007986e-002
 8.4108904e-002
 8.4197000e-002
 8.4271975e-002
 8.4334478e-002
 8.4385917e-002
 8.4428079e-002
 8.4462970e-002
 8.4492594e-002
 8.4518969e-002
 8.4544003e-002
 8.4569320e-002
 8.4596030e-002
 8.4624469e-002
 8.4654160e-002
 8.4684052e-002
 8.4712721e-002
 8.4738605e-002
 8.4760107e-002
 8.4775649e-002
 8.4783763e-002
 8.4783264e-002
 8.4773511e-002
 8.4754594e-002
 8.4727377e-002
 8.4693305e-002
 8.4654160e-002
 8.4611841e-002
 8.4568299e-002
 8.4525436e-002
 8.4484994e-002
 8.4448330e-002
 8.4416069e-002
 8.4387831e-002
 8.4362268e-002
 8.4337249e-002
 8.4310226e-002
 8.4278494e-002
 8.4239282e-002
 8.4189884e-002
 8.4127761e-002
 8.4050849e-002
 8.3957888e-002
 8.3848670e-002
 8.3723985e-002
 8.3585531e-002
 8.3435342e-002
 8.3275713e-002
 8.3108924e-002
 8.2937278e-002
 8.2762949e-002
 8.2587719e-002
 8.2412899e-002
 8.2238995e-002
 8.2065836e-002
 8.1892751e-002
 8.1718691e-002
 8.1542559e-002
 8.1363149e-002
 8.1179366e-002
 8.0990240e-002
 8.0795050e-002
 8.0593646e-002
 8.0386467e-002
 8.0174610e-002
 7.9959653e-002
 7.9743348e-002
 7.9527661e-002
 7.9314470e-002
 7.9105712e-002
 7.8903176e-002
 7.8708291e-002
 7.8522131e-002
 7.8345172e-002
 7.8177303e-002
 7.8018084e-002
 7.7866793e-002
 7.7722639e-002
 7.7584833e-002
 7.7452563e-002
 7.7325165e-002
 7.7202126e-002
 7.7083334e-002
 7.6969042e-002
 7.6859854e-002
 7.6756716e-002
 7.6660648e-002
 7.6572798e-002
 7.6494291e-002
 7.6426171e-002
 7.6369278e-002
 7.6324038e-002
 7.6290242e-002
 7.6266952e-002
 7.6252513e-002
 7.6244771e-002
 7.6241270e-002
 7.6239452e-002
 7.6236695e-002
 7.6230466e-002
 7.6218367e-002
 7.6198317e-002
 7.6168649e-002
 7.6128289e-002
 7.6076612e-002
 7.6013342e-002
 7.5938433e-002
 7.5851902e-002
 7.5753890e-002
 7.5644597e-002
 7.5524531e-002
 7.5394630e-002
 7.5256482e-002
 7.5112469e-002
 7.4965596e-002
 7.4819438e-002
 7.4677810e-002
 7.4544616e-002
 7.4423745e-002
 7.4318767e-002
 7.4232638e-002
 7.4167199e-002
 7.4122608e-002
 7.4097350e-002
 7.4088238e-002
 7.4090891e-002
 7.4100271e-002
 7.4111044e-002
 7.4117869e-002
 7.4115701e-002
 7.4100174e-002
 7.4068099e-002
 7.4017882e-002
 7.3949821e-002
 7.3865823e-002
 7.3768914e-002
 7.3662847e-002
 7.3551632e-002
 7.3439389e-002
 7.3330164e-002
 7.3227689e-002
 7.3135301e-002
 7.3055759e-002
 7.2991118e-002
 7.2942898e-002
 7.2912171e-002
 7.2899781e-002
 7.2906390e-002
 7.2932474e-002
 7.2978079e-002
 7.3042527e-002
 7.3123887e-002
 7.3218614e-002
 7.3321514e-002
 7.3425829e-002
 7.3523752e-002
 7.3606819e-002
 7.3666364e-002
 7.3693894e-002
 7.3681526e-002
 7.3688731e-002
 7.3581502e-002
 7.3416993e-002
 7.3196471e-002
 7.2924197e-002
 7.2605826e-002
 7.2247662e-002
 7.1856178e-002
 7.1437702e-002
 7.0998639e-002
 7.0544809e-002
 7.0081301e-002
 6.9611832e-002
 6.9138452e-002
 6.8661958e-002
 6.8181492e-002
 6.7695282e-002
 6.7209311e-002
 6.6741638e-002
 6.6288717e-002
 6.5798990e-002
 6.5257110e-002
 6.4739414e-002
 6.4272448e-002
 6.3806035e-002
 6.3314065e-002
 6.2808387e-002
 6.2308691e-002
 6.1831694e-002
 6.1365757e-002
 6.0862523e-002
 6.0316734e-002
 5.9797198e-002
 5.9324227e-002
 5.8853272e-002
 5.8359981e-002
 5.7855025e-002
 5.7358727e-002
 5.6885570e-002
 5.6419700e-002
 5.5917881e-002
 5.5382110e-002
 5.4874130e-002
 5.4408785e-002
 5.3946227e-002
 5.3464819e-002
 5.2974503e-002
 5.2495148e-002
 5.2038066e-002
 5.1584836e-002
 5.1099032e-002
 5.0588418e-002
 5.0105453e-002
 4.9660210e-002
 4.9218949e-002
 4.8763078e-002
 4.8301615e-002
 4.7852661e-002
 4.7423661e-002
 4.6995647e-002
 4.6540808e-002
 4.6070285e-002
 4.5625485e-002
 4.5213107e-002
 4.4806227e-002
 4.4389386e-002
 4.3970320e-002
 4.3564454e-002
 4.3176167e-002
 4.2787720e-002
 4.2378437e-002
 4.1960910e-002
 4.1567698e-002
 4.1202776e-002
 4.0845249e-002
 4.0483408e-002
 4.0121209e-002
 3.9764866e-002
 3.9418813e-002
 3.9075900e-002
 3.8739506e-002
 3.8409729e-002
 3.8086418e-002
 3.7770495e-002
 3.7464820e-002
 3.7171818e-002
 3.6887739e-002
 3.6602952e-002
 3.6313348e-002
 3.6028631e-002
 3.5761449e-002
 3.5512295e-002
 3.5272367e-002
 3.5036523e-002
 3.4807503e-002
 3.4589879e-002
 3.4382779e-002
 3.4179702e-002
 3.3977192e-002
 3.3781324e-002
 3.3600863e-002
 3.3436716e-002
 3.3283234e-002
 3.3136729e-002
 3.2998577e-002
 3.2871623e-002
 3.2755829e-002
 3.2648034e-002
 3.2546371e-002
 3.2453638e-002
 3.2374065e-002
 3.2308411e-002
 3.2254398e-002
 3.2210357e-002
 3.2176472e-002
 3.2153588e-002
 3.2142255e-002
 3.2142825e-002
 3.2155566e-002
 3.2180071e-002
 3.2215532e-002
 3.2261938e-002
 3.2320440e-002
 3.2391883e-002
 3.2475501e-002
 3.2569997e-002
 3.2676272e-002
 3.2798264e-002
 3.2938831e-002
 3.3094682e-002
 3.3259407e-002
 3.3431560e-002
 3.3615679e-002
 3.3815667e-002
 3.4030087e-002
 3.4255341e-002
 3.4492441e-002
 3.4748975e-002
 3.5030827e-002
 3.5331987e-002
 3.5639748e-002
 3.5950333e-002
 3.6271352e-002
 3.6611218e-002
 3.6971521e-002
 3.7349209e-002
 3.7741352e-002
 3.8146012e-002
 3.8561113e-002
 3.8982615e-002
 3.9403979e-002
 3.9816499e-002
 4.0209409e-002
 4.0570952e-002
 4.0888641e-002
 4.1150045e-002
 4.1343581e-002
 4.1459389e-002
 4.1490950e-002
 4.1436620e-002
 4.1300185e-002
 4.1091219e-002
 4.0824011e-002
 4.0516049e-002
 4.0186416e-002
 3.9854862e-002
 3.9540462e-002
 3.9260972e-002
 3.9031032e-002
 3.8860876e-002
 3.8755570e-002
 3.8714822e-002
 3.8734034e-002
 3.8805567e-002
 3.8920149e-002
 3.9067775e-002
 3.9238479e-002
 3.9422791e-002
 3.9612349e-002
 3.9800510e-002
 3.9982576e-002
 4.0155955e-002
 4.0319700e-002
 4.0474035e-002
 4.0619910e-002
 4.0758517e-002
 4.0891197e-002
 4.1019205e-002
 4.1143671e-002
 4.1265570e-002
 4.1385602e-002
 4.1504279e-002
 4.1621864e-002
 4.1738078e-002
 4.1852016e-002
 4.1962709e-002
 4.2070702e-002
 4.2178590e-002
 4.2288505e-002
 4.2398933e-002
 4.2505592e-002
 4.2606302e-002
 4.2702604e-002
 4.2796873e-002
 4.2889368e-002
 4.2978670e-002
 4.3064352e-002
 4.3147940e-002
 4.3231055e-002
 4.3312654e-002
 4.3389689e-002
 4.3460485e-002
 4.3526042e-002
 4.3588024e-002
 4.3646686e-002
 4.3701138e-002
 4.3750957e-002
 4.3796815e-002
 4.3839473e-002
 4.3878399e-002
 4.3912079e-002
 4.3939658e-002
 4.3961439e-002
 4.3978080e-002
 4.3989755e-002
 4.3996207e-002
 4.3997139e-002
 4.3992370e-002
 4.3981835e-002
 4.3965526e-002
 4.3943491e-002
 4.3915812e-002
 4.3882653e-002
 4.3844186e-002
 4.3800618e-002
 4.3752205e-002
 4.3699224e-002
 4.3642033e-002
 4.3581191e-002
 4.3517437e-002
 4.3451793e-002
 4.3385562e-002
 4.3320335e-002
 4.3257821e-002
 4.3199830e-002
 4.3148220e-002
 4.3104716e-002
 4.3070823e-002
 4.3047652e-002
 4.3035682e-002
 4.3034639e-002
 4.3043479e-002
 4.3060474e-002
 4.3083414e-002
 4.3109812e-002
 4.3137040e-002
 4.3162517e-002
 4.3183833e-002
 4.3198884e-002
 4.3206070e-002
 4.3204382e-002
 4.3193467e-002
 4.3173496e-002
 4.3145042e-002
 4.3108907e-002
 4.3066040e-002
 4.3017421e-002
 4.2964030e-002
 4.2906884e-002
 4.2846940e-002
 4.2785134e-002
 4.2722419e-002
 4.2659681e-002
 4.2597808e-002
 4.2537652e-002
 4.2480085e-002
 4.2425882e-002
 4.2375710e-002
 4.2330090e-002
 4.2289227e-002
 4.2252999e-002
 4.2220954e-002
 4.2192318e-002
 4.2166103e-002
 4.2141203e-002
 4.2116482e-002
 4.2090878e-002
 4.2063519e-002
 4.2033944e-002
 4.2002201e-002
 4.1969020e-002
 4.1935861e-002
 4.1904759e-002
 4.1878190e-002
 4.1858897e-002
 4.1849669e-002
 4.1853163e-002
 4.1871682e-002
 4.1906822e-002
 4.1959196e-002
 4.2028189e-002
 4.2111937e-002
 4.2207494e-002
 4.2311110e-002
 4.2418502e-002
 4.2525280e-002
 4.2627174e-002
 4.2720277e-002
 4.2801548e-002
 4.2869117e-002
 4.2922571e-002
 4.2962965e-002
 4.2992700e-002
 4.3015130e-002
 4.3034170e-002
 4.3053966e-002
 4.3078586e-002
 4.3111637e-002
 4.3155950e-002
 4.3213166e-002
 4.3283496e-002
 4.3365598e-002
 4.3456867e-002
 4.3553751e-002
 4.3652050e-002
 4.3747403e-002
 4.3835543e-002
 4.3912571e-002
 4.3975450e-002
 4.4022296e-002
 4.4052605e-002
 4.4067450e-002
 4.4069152e-002
 4.4060986e-002
 4.4046793e-002
 4.4030655e-002
 4.4016618e-002
 4.4008415e-002
 4.4009157e-002
 4.4021074e-002
 4.4045284e-002
 4.4081826e-002
 4.4129752e-002
 4.4187404e-002
 4.4252653e-002
 4.4323225e-002
 4.4396892e-002
 4.4471633e-002
 4.4545963e-002
 4.4619124e-002
 4.4691168e-002
 4.4763099e-002
 4.4836704e-002
 4.4914283e-002
 4.4998519e-002
 4.5092162e-002
 4.5197848e-002
 4.5317680e-002
 4.5453053e-002
 4.5604244e-002
 4.5770071e-002
 4.5947999e-002
 4.6134315e-002
 4.6324290e-002
 4.6512801e-002
 4.6694528e-002
 4.6864368e-002
 4.7017675e-002
 4.7150962e-002
 4.7262195e-002
 4.7351070e-002
 4.7419101e-002
 4.7469392e-002
 4.7506176e-002
 4.7534421e-002
 4.7559362e-002
 4.7586124e-002
 4.7619391e-002
 4.7662973e-002
 4.7719464e-002
 4.7789939e-002
 4.7873996e-002
 4.7969922e-002
 4.8074987e-002
 4.8185930e-002
 4.8299249e-002
 4.8411395e-002
 4.8519194e-002
 4.8620008e-002
 4.8712034e-002
 4.8794355e-002
 4.8867147e-002
 4.8931420e-002
 4.8988760e-002
 4.9041178e-002
 4.9090847e-002
 4.9139883e-002
 4.9190249e-002
 4.9243547e-002
 4.9300887e-002
 4.9362727e-002
 4.9428985e-002
 4.9499050e-002
 4.9571875e-002
 4.9646229e-002
 4.9720772e-002
 4.9794100e-002
 4.9864948e-002
 4.9932186e-002
 4.9994860e-002
 5.0052326e-002
 5.0104178e-002
 5.0150249e-002
 5.0190490e-002
 5.0224975e-002
 5.0253779e-002
 5.0276875e-002
 5.0294064e-002
 5.0304826e-002
 5.0308187e-002
 5.0302647e-002
 5.0286215e-002
 5.0256446e-002
 5.0210610e-002
 5.0145820e-002
 5.0059229e-002
 4.9948283e-002
 4.9811285e-002
 4.9647324e-002
 4.9457178e-002
 4.9243100e-002
 4.9009040e-002
 4.8760545e-002
 4.8504014e-002
 4.8246462e-002
 4.7994945e-002
 4.7756337e-002
 4.7536384e-002
 4.7339339e-002
 4.7167473e-002
 4.7020495e-002
 4.6895728e-002
 4.6788525e-002
 4.6692673e-002
 4.6601154e-002
 4.6506621e-002
 4.6402048e-002
 4.6281110e-002
 4.6138786e-002
 4.5971893e-002
 4.5779325e-002
 4.5561954e-002
 4.5322526e-002
 4.5064889e-002
 4.4793610e-002
 4.4513769e-002
 4.4230241e-002
 4.3947637e-002
 4.3669932e-002
 4.3400470e-002
 4.3141522e-002
 4.2894464e-002
 4.2660076e-002
 4.2438418e-002
 4.2229209e-002
 4.2032119e-002
 4.1846558e-002
 4.1671913e-002
 4.1507471e-002
 4.1352540e-002
 4.1206222e-002
 4.1067552e-002
 4.0935572e-002
 4.0809195e-002
 4.0687311e-002
 4.0568914e-002
 4.0452980e-002
 4.0338606e-002
 4.0225171e-002
 4.0112212e-002
 3.9999593e-002
 3.9887413e-002
 3.9776079e-002
 3.9666064e-002
 3.9557911e-002
 3.9452188e-002
 3.9349198e-002
 3.9248914e-002
 3.9150834e-002
 3.9053705e-002
 3.8955517e-002
 3.8853511e-002
 3.8744394e-002
 3.8624410e-002
 3.8489662e-002
 3.8336553e-002
 3.8161986e-002
 3.7963983e-002
 3.7742417e-002
 3.7499227e-002
 3.7238769e-002
 3.6967918e-002
 3.6695261e-002
 3.6430717e-002
 3.6184765e-002
 3.5967946e-002
 3.5789736e-002
 3.5657860e-002
 3.5577409e-002
 3.5549976e-002
 3.5573162e-002
 3.5641018e-002
 3.5744637e-002
 3.5873104e-002
 3.6014464e-002
 3.6156509e-002
 3.6287859e-002
 3.6398731e-002
 3.6481764e-002
 3.6532886e-002
 3.6551338e-002
 3.6539629e-002
 3.6502920e-002
 3.6448166e-002
 3.6383267e-002
 3.6316410e-002
 3.6255274e-002
 3.6206450e-002
 3.6174856e-002
 3.6163207e-002
 3.6171895e-002
 3.6199123e-002
 3.6241330e-002
 3.6293764e-002
 3.6350992e-002
 3.6407460e-002
 3.6457874e-002
 3.6497645e-002
 3.6523201e-002
 3.6532305e-002
 3.6524184e-002
 3.6499366e-002
 3.6459439e-002
 3.6406673e-002
 3.6343798e-002
 3.6273614e-002
 3.6198825e-002
 3.6121827e-002
 3.6044601e-002
 3.5968482e-002
 3.5894196e-002
 3.5821948e-002
 3.5751436e-002
 3.5682060e-002
 3.5613112e-002
 3.5543814e-002
 3.5473477e-002
 3.5401668e-002
 3.5328221e-002
 3.5253350e-002
 3.5177656e-002
 3.5102136e-002
 3.5028026e-002
 3.4956705e-002
 3.4889627e-002
 3.4828067e-002
 3.4772951e-002
 3.4724697e-002
 3.4682881e-002
 3.4646150e-002
 3.4612153e-002
 3.4577683e-002
 3.4538854e-002
 3.4491409e-002
 3.4431085e-002
 3.4353953e-002
 3.4256916e-002
 3.4138374e-002
 3.3998575e-002
 3.3840090e-002
 3.3667874e-002
 3.3488914e-002
 3.3311807e-002
 3.3146065e-002
 3.3001568e-002
 3.2887585e-002
 3.2812111e-002
 3.2780975e-002
 3.2796938e-002
 3.2859240e-002
 3.2963473e-002
 3.3102065e-002
 3.3265021e-002
 3.3440888e-002
 3.3617489e-002
 3.3783060e-002
 3.3926956e-002
 3.4040444e-002
 3.4117617e-002
 3.4155678e-002
 3.4155171e-002
 3.4119438e-002
 3.4053911e-002
 3.3965431e-002
 3.3861402e-002
 3.3749241e-002
 3.3635736e-002
 3.3526726e-002
 3.3426367e-002
 3.3337206e-002
 3.3260107e-002
 3.3194382e-002
 3.3138212e-002
 3.3089090e-002
 3.3044070e-002
 3.3000112e-002
 3.2954209e-002
 3.2903604e-002
 3.2845803e-002
 3.2778643e-002
 3.2700378e-002
 3.2609504e-002
 3.2504782e-002
 3.2385275e-002
 3.2250252e-002
 3.2099370e-002
 3.1933047e-002
 3.1752501e-002
 3.1560127e-002
 3.1359620e-002
 3.1156052e-002
 3.0955393e-002
 3.0764343e-002
 3.0590050e-002
 3.0439377e-002
 3.0318514e-002
 3.0232400e-002
 3.0183895e-002
 3.0173289e-002
 3.0198218e-002
 3.0253530e-002
 3.0331815e-002
 3.0424073e-002
 3.0520320e-002
 3.0610412e-002
 3.0684626e-002
 3.0734248e-002
 3.0752277e-002
 3.0733798e-002
 3.0676190e-002
 3.0579094e-002
 3.0443974e-002
 3.0273629e-002
 3.0071912e-002
 2.9843166e-002
 2.9592171e-002
 2.9324351e-002
 2.9045505e-002
 2.8762059e-002
 2.8481342e-002
 2.8211083e-002
 2.7959563e-002
 2.7735297e-002
 2.7546955e-002
 2.7402680e-002
 2.7309826e-002
 2.7274407e-002
 2.7300386e-002
 2.7389199e-002
 2.7539544e-002
 2.7746787e-002
 2.8002335e-002
 2.8292943e-002
 2.8600419e-002
 2.8904049e-002
 2.9184522e-002
 2.9428076e-002
 2.9628903e-002
-1.2300000e+034
-1.2300000e+034
-1.2300000e+034
-1.2300000e+034
-1.2300000e+034
-1.2300000e+034
-1.2300000e+034
-1.2300000e+034
-1.2300000e+034
-1.2300000e+034
-1.2300000e+034
-1.2300000e+034
-1.2300000e+034
-1.2300000e+034
-1.2300000e+034
-1.2300000e+034
-1.2300000e+034
-1.2300000e+034
-1.2300000e+034
-1.2300000e+034
-1.2300000e+034
-1.2300000e+034
