s07_ASD Record=15936: Naphthalene ENOZ 75K         ASDHRa AREF
-1.2300000e+034
 9.1385990e-001
 8.7524736e-001
 8.7954581e-001
 8.6512256e-001
 8.5126066e-001
 8.6323518e-001
 8.5332078e-001
 8.5471618e-001
 8.5445184e-001
 8.3572042e-001
 8.5153514e-001
 8.5138816e-001
 8.3785141e-001
 8.5615450e-001
 8.5160673e-001
 8.4611601e-001
 8.4723592e-001
 8.3782214e-001
 8.4828269e-001
 8.5195214e-001
 8.3824283e-001
 8.5358417e-001
 8.4933877e-001
 8.3963782e-001
 8.5269046e-001
 8.5138685e-001
 8.4994799e-001
 8.4870154e-001
 8.4235722e-001
 8.4799236e-001
 8.4817201e-001
 8.4236014e-001
 8.4936374e-001
 8.4081054e-001
 8.3954263e-001
 8.5118943e-001
 8.3619356e-001
 8.4072280e-001
 8.5060567e-001
 8.4046620e-001
 8.4325618e-001
 8.4314424e-001
 8.4128892e-001
 8.4672588e-001
 8.4267491e-001
 8.4022766e-001
 8.4259099e-001
 8.4002954e-001
 8.4021097e-001
 8.3837485e-001
 8.3415467e-001
 8.3751148e-001
 8.3559811e-001
 8.3201301e-001
 8.3380353e-001
 8.3084327e-001
 8.3109581e-001
 8.3288330e-001
 8.2905304e-001
 8.3128572e-001
 8.3014888e-001
 8.2496643e-001
 8.2865518e-001
 8.2654357e-001
 8.2283616e-001
 8.2349360e-001
 8.2217944e-001
 8.2258379e-001
 8.2324851e-001
 8.2172441e-001
 8.2307625e-001
 8.2129771e-001
 8.1777787e-001
 8.2057667e-001
 8.1844884e-001
 8.1699979e-001
 8.1954861e-001
 8.1755757e-001
 8.1759918e-001
 8.1859392e-001
 8.1742835e-001
 8.1800830e-001
 8.1691730e-001
 8.1533056e-001
 8.1724769e-001
 8.1546885e-001
 8.1380695e-001
 8.1477118e-001
 8.1427151e-001
 8.1397265e-001
 8.1359690e-001
 8.1263852e-001
 8.1199580e-001
 8.1123871e-001
 8.1074959e-001
 8.1103790e-001
 8.1012601e-001
 8.0984521e-001
 8.1054276e-001
 8.0949378e-001
 8.0951720e-001
 8.0968195e-001
 8.0859739e-001
 8.0842096e-001
 8.0760592e-001
 8.0707330e-001
 8.0866516e-001
 8.0791861e-001
 8.0716735e-001
 8.0746192e-001
 8.0631101e-001
 8.0679369e-001
 8.0735660e-001
 8.0615264e-001
 8.0657476e-001
 8.0692542e-001
 8.0696613e-001
 8.0725890e-001
 8.0587411e-001
 8.0571157e-001
 8.0722708e-001
 8.0606365e-001
 8.0618489e-001
 8.0670428e-001
 8.0605417e-001
 8.0692691e-001
 8.0725831e-001
 8.0695385e-001
 8.0755949e-001
 8.0739015e-001
 8.0757457e-001
 8.0827737e-001
 8.0773509e-001
 8.0812967e-001
 8.0867761e-001
 8.0822659e-001
 8.0907869e-001
 8.0938268e-001
 8.0920571e-001
 8.1019783e-001
 8.0999321e-001
 8.1023818e-001
 8.1155449e-001
 8.1128377e-001
 8.1154811e-001
 8.1207091e-001
 8.1210387e-001
 8.1349915e-001
 8.1417054e-001
 8.1410444e-001
 8.1559998e-001
 8.1622982e-001
 8.1665194e-001
 8.1738222e-001
 8.1731832e-001
 8.1813890e-001
 8.1926036e-001
 8.1934702e-001
 8.2052052e-001
 8.2105583e-001
 8.2090122e-001
 8.2226324e-001
 8.2266366e-001
 8.2309151e-001
 8.2433015e-001
 8.2403421e-001
 8.2445645e-001
 8.2545012e-001
 8.2523209e-001
 8.2559043e-001
 8.2579952e-001
 8.2579565e-001
 8.2665998e-001
 8.2680994e-001
 8.2667798e-001
 8.2708019e-001
 8.2692748e-001
 8.2717764e-001
 8.2770890e-001
 8.2754219e-001
 8.2798749e-001
 8.2821637e-001
 8.2788706e-001
 8.2843560e-001
 8.2882971e-001
 8.2904673e-001
 8.2943380e-001
 8.2941628e-001
 8.2962191e-001
 8.3005172e-001
 8.2996935e-001
 8.3034134e-001
 8.3064789e-001
 8.3053756e-001
 8.3112067e-001
 8.3126694e-001
 8.3113295e-001
 8.3166808e-001
 8.3170253e-001
 8.3184677e-001
 8.3222950e-001
 8.3197099e-001
 8.3212656e-001
 8.3232158e-001
 8.3198708e-001
 8.3223999e-001
 8.3215892e-001
 8.3182681e-001
 8.3228207e-001
 8.3223796e-001
 8.3218843e-001
 8.3249557e-001
 8.3237118e-001
 8.3264768e-001
 8.3310461e-001
 8.3309972e-001
 8.3357072e-001
 8.3396244e-001
 8.3412606e-001
 8.3462298e-001
 8.3470052e-001
 8.3486241e-001
 8.3555949e-001
 8.3570975e-001
 8.3625412e-001
 8.3696741e-001
 8.3681899e-001
 8.3734787e-001
 8.3782262e-001
 8.3774835e-001
 8.3801776e-001
 8.3814842e-001
 8.3838582e-001
 8.3892608e-001
 8.3869088e-001
 8.3855993e-001
 8.3837992e-001
 8.3676058e-001
 8.3527994e-001
 8.3481699e-001
 8.3581072e-001
 8.3769363e-001
 8.3894455e-001
 8.3917773e-001
 8.3968556e-001
 8.3971375e-001
 8.3979964e-001
 8.4006119e-001
 8.3985835e-001
 8.3984971e-001
 8.3992380e-001
 8.3982122e-001
 8.3998346e-001
 8.3990115e-001
 8.3969176e-001
 8.4000295e-001
 8.3993953e-001
 8.4001791e-001
 8.4054297e-001
 8.4059858e-001
 8.4078485e-001
 8.4119439e-001
 8.4156644e-001
 8.4187919e-001
 8.4194803e-001
 8.4197026e-001
 8.4238333e-001
 8.4224749e-001
 8.4216869e-001
 8.4275311e-001
 8.4271443e-001
 8.4281123e-001
 8.4305942e-001
 8.4293348e-001
 8.4328634e-001
 8.4350681e-001
 8.4335333e-001
 8.4370625e-001
 8.4375840e-001
 8.4372562e-001
 8.4409076e-001
 8.4410036e-001
 8.4412807e-001
 8.4426516e-001
 8.4425604e-001
 8.4456980e-001
 8.4478611e-001
 8.4466815e-001
 8.4497809e-001
 8.4509403e-001
 8.4507030e-001
 8.4529036e-001
 8.4513646e-001
 8.4516096e-001
 8.4547484e-001
 8.4537375e-001
 8.4555405e-001
 8.4576631e-001
 8.4570086e-001
 8.4596050e-001
 8.4599447e-001
 8.4589857e-001
 8.4623486e-001
 8.4621412e-001
 8.4628129e-001
 8.4661257e-001
 8.4652752e-001
 8.4662223e-001
 8.4676558e-001
 8.4667695e-001
 8.4693313e-001
 8.4699410e-001
 8.4684193e-001
 8.4709072e-001
 8.4719151e-001
 8.4730709e-001
 8.4748733e-001
 8.4732980e-001
 8.4747410e-001
 8.4774947e-001
 8.4763718e-001
 8.4782112e-001
 8.4778792e-001
 8.4755617e-001
 8.4787077e-001
 8.4790480e-001
 8.4787953e-001
 8.4806168e-001
 8.4792238e-001
 8.4796888e-001
 8.4813148e-001
 8.4798992e-001
 8.4805912e-001
 8.4800792e-001
 8.4788424e-001
 8.4826541e-001
 8.4825057e-001
 8.4808934e-001
 8.4823865e-001
 8.4813505e-001
 8.4817976e-001
 8.4835380e-001
 8.4830779e-001
 8.4837550e-001
 8.4834450e-001
 8.4819609e-001
 8.4826005e-001
 8.4803826e-001
 8.4779096e-001
 8.4785622e-001
 8.4758288e-001
 8.4733486e-001
 8.4709412e-001
 8.4652513e-001
 8.4608823e-001
 8.4548080e-001
 8.4459507e-001
 8.4379297e-001
 8.4236878e-001
 8.4070009e-001
 8.3952439e-001
 8.3850425e-001
 8.3806461e-001
 8.3816606e-001
 8.3835262e-001
 8.3896446e-001
 8.3990884e-001
 8.4115797e-001
 8.4272438e-001
 8.4389091e-001
 8.4477305e-001
 8.4570742e-001
 8.4609008e-001
 8.4633535e-001
 8.4659010e-001
 8.4668332e-001
 8.4685010e-001
 8.4696627e-001
 8.4696621e-001
 8.4700078e-001
 8.4691727e-001
 8.4685534e-001
 8.4692419e-001
 8.4676647e-001
 8.4671348e-001
 8.4676272e-001
 8.4662354e-001
 8.4661287e-001
 8.4649533e-001
 8.4625781e-001
 8.4628648e-001
 8.4612173e-001
 8.4591502e-001
 8.4588206e-001
 8.4566599e-001
 8.4559369e-001
 8.4555084e-001
 8.4523463e-001
 8.4524828e-001
 8.4515160e-001
 8.4488207e-001
 8.4500682e-001
 8.4486043e-001
 8.4463626e-001
 8.4455591e-001
 8.4421492e-001
 8.4397221e-001
 8.4384024e-001
 8.4365320e-001
 8.4357268e-001
 8.4340841e-001
 8.4318191e-001
 8.4310085e-001
 8.4282064e-001
 8.4260184e-001
 8.4254271e-001
 8.4222871e-001
 8.4208506e-001
 8.4193826e-001
 8.4157526e-001
 8.4151459e-001
 8.4131330e-001
 8.4097928e-001
 8.4087366e-001
 8.4063804e-001
 8.4045666e-001
 8.4033048e-001
 8.4002066e-001
 8.3990824e-001
 8.3977532e-001
 8.3945543e-001
 8.3932352e-001
 8.3909804e-001
 8.3889604e-001
 8.3887136e-001
 8.3860600e-001
 8.3856338e-001
 8.3858258e-001
 8.3808970e-001
 8.3799505e-001
 8.3783334e-001
 8.3742481e-001
 8.3731252e-001
 8.3708102e-001
 8.3691078e-001
 8.3690172e-001
 8.3665287e-001
 8.3656645e-001
 8.3650738e-001
 8.3623415e-001
 8.3623457e-001
 8.3614010e-001
 8.3600605e-001
 8.3617002e-001
 8.3607560e-001
 8.3599877e-001
 8.3604270e-001
 8.3595353e-001
 8.3603233e-001
 8.3611006e-001
 8.3605492e-001
 8.3607531e-001
 8.3601362e-001
 8.3608079e-001
 8.3634806e-001
 8.3623827e-001
 8.3637643e-001
 8.3665305e-001
 8.3657962e-001
 8.3676028e-001
 8.3677173e-001
 8.3668160e-001
 8.3699727e-001
 8.3704329e-001
 8.3709729e-001
 8.3728981e-001
 8.3733803e-001
 8.3754522e-001
 8.3771247e-001
 8.3779740e-001
 8.3818072e-001
 8.3817661e-001
 8.3813041e-001
 8.3845061e-001
 8.3834469e-001
 8.3855581e-001
 8.3895093e-001
 8.3896947e-001
 8.3916301e-001
 8.3932614e-001
 8.3944327e-001
 8.3958846e-001
 8.3949107e-001
 8.3964866e-001
 8.3997786e-001
 8.3976501e-001
 8.3991396e-001
 8.4005171e-001
 8.3994377e-001
 8.3997369e-001
 8.3977109e-001
 8.3954203e-001
 8.3944517e-001
 8.3917046e-001
 8.3885998e-001
 8.3825594e-001
 8.3732629e-001
 8.3663404e-001
 8.3517563e-001
 8.3321106e-001
 8.3144099e-001
 8.2898527e-001
 8.2582617e-001
 8.2180202e-001
 8.1691563e-001
 8.1167740e-001
 8.0565834e-001
 7.9900974e-001
 7.9239881e-001
 7.8581995e-001
 7.8040254e-001
 7.7657622e-001
 7.7399009e-001
 7.7362174e-001
 7.7523524e-001
 7.7855593e-001
 7.8335041e-001
 7.8881139e-001
 7.9522181e-001
 8.0241412e-001
 8.0925804e-001
 8.1598383e-001
 8.2183450e-001
 8.2650971e-001
 8.3064413e-001
 8.3356208e-001
 8.3591908e-001
 8.3826256e-001
 8.4003204e-001
 8.4162492e-001
 8.4301668e-001
 8.4426951e-001
 8.4562683e-001
 8.4651142e-001
 8.4739506e-001
 8.4849471e-001
 8.4880698e-001
 8.4956080e-001
 8.5047001e-001
 8.5098273e-001
 8.5166013e-001
 8.5190058e-001
 8.5213059e-001
 8.5268199e-001
 8.5269940e-001
 8.5317636e-001
 8.5364580e-001
 8.5360277e-001
 8.5420954e-001
 8.5445637e-001
 8.5461849e-001
 8.5510659e-001
 8.5506719e-001
 8.5535514e-001
 8.5573304e-001
 8.5589927e-001
 8.5656947e-001
 8.5660160e-001
 8.5662675e-001
 8.5732651e-001
 8.5732615e-001
 8.5783571e-001
 8.5835183e-001
 8.5818934e-001
 8.5842615e-001
 8.5864639e-001
 8.5889542e-001
 8.5923499e-001
 8.5943711e-001
 8.5968053e-001
 8.5978889e-001
 8.5988611e-001
 8.6048937e-001
 8.6042655e-001
 8.6052042e-001
 8.6120385e-001
 8.6098671e-001
 8.6136216e-001
 8.6166507e-001
 8.6144388e-001
 8.6173916e-001
 8.6187500e-001
 8.6213535e-001
 8.6234474e-001
 8.6186582e-001
 8.6213589e-001
 8.6265743e-001
 8.6292470e-001
 8.6295718e-001
 8.6241633e-001
 8.6236662e-001
 8.6298037e-001
 8.6318272e-001
 8.6326784e-001
 8.6273116e-001
 8.6247593e-001
 8.6337161e-001
 8.6280489e-001
 8.6291617e-001
 8.6334574e-001
 8.6261171e-001
 8.6280328e-001
 8.6277598e-001
 8.6262572e-001
 8.6284482e-001
 8.6287099e-001
 8.6281890e-001
 8.6238056e-001
 8.6212313e-001
 8.6313361e-001
 8.6257356e-001
 8.6242199e-001
 8.6311471e-001
 8.6159182e-001
 8.6176848e-001
 8.6201537e-001
 8.6147463e-001
 8.6113238e-001
 8.6045665e-001
 8.6072040e-001
 8.6114001e-001
 8.6033762e-001
 8.6054915e-001
 8.6013508e-001
 8.6055076e-001
 8.6205530e-001
 8.6028236e-001
 8.6051983e-001
 8.6114931e-001
 8.6037290e-001
 8.6075532e-001
 8.6086172e-001
 8.6182052e-001
 8.6279237e-001
 8.6162382e-001
 8.6154443e-001
 8.6176479e-001
 8.6207992e-001
 8.6267722e-001
 8.6277002e-001
 8.6260426e-001
 8.6265808e-001
 8.6266798e-001
 8.6263305e-001
 8.6255741e-001
 8.6244923e-001
 8.6231983e-001
 8.6218196e-001
 8.6204785e-001
 8.6192656e-001
 8.6182255e-001
 8.6173445e-001
 8.6165673e-001
 8.6158288e-001
 8.6150938e-001
 8.6143935e-001
 8.6138296e-001
 8.6135554e-001
 8.6137277e-001
 8.6144578e-001
 8.6157757e-001
 8.6176264e-001
 8.6198956e-001
 8.6224508e-001
 8.6251825e-001
 8.6280239e-001
 8.6309493e-001
 8.6339569e-001
 8.6370456e-001
 8.6402053e-001
 8.6434102e-001
 8.6466265e-001
 8.6498213e-001
 8.6529654e-001
 8.6560380e-001
 8.6590225e-001
 8.6618996e-001
 8.6646408e-001
 8.6672068e-001
 8.6695486e-001
 8.6716205e-001
 8.6733913e-001
 8.6748552e-001
 8.6760390e-001
 8.6769956e-001
 8.6777985e-001
 8.6785275e-001
 8.6792624e-001
 8.6800754e-001
 8.6810321e-001
 8.6821896e-001
 8.6835927e-001
 8.6852688e-001
 8.6872184e-001
 8.6894143e-001
 8.6918038e-001
 8.6943227e-001
 8.6969060e-001
 8.6994976e-001
 8.7020504e-001
 8.7045264e-001
 8.7068880e-001
 8.7091029e-001
 8.7111491e-001
 8.7130159e-001
 8.7147087e-001
 8.7162441e-001
 8.7176365e-001
 8.7188917e-001
 8.7199944e-001
 8.7209088e-001
 8.7215835e-001
 8.7219614e-001
 8.7219983e-001
 8.7216717e-001
 8.7209880e-001
 8.7199777e-001
 8.7186837e-001
 8.7171525e-001
 8.7154239e-001
 8.7135309e-001
 8.7114954e-001
 8.7093347e-001
 8.7070531e-001
 8.7046385e-001
 8.7020570e-001
 8.6992484e-001
 8.6961305e-001
 8.6926109e-001
 8.6885929e-001
 8.6839914e-001
 8.6787325e-001
 8.6727607e-001
 8.6660337e-001
 8.6585176e-001
 8.6501884e-001
 8.6410201e-001
 8.6309910e-001
 8.6200815e-001
 8.6082703e-001
 8.5955471e-001
 8.5818970e-001
 8.5673064e-001
 8.5517460e-001
 8.5351568e-001
 8.5174525e-001
 8.4985065e-001
 8.4781665e-001
 8.4562504e-001
 8.4325409e-001
 8.4067971e-001
 8.3787268e-001
 8.3479959e-001
 8.3142084e-001
 8.2768786e-001
 8.2354414e-001
 8.1892347e-001
 8.1374830e-001
 8.0793476e-001
 8.0139077e-001
 7.9402399e-001
 7.8574568e-001
 7.7647281e-001
 7.6614171e-001
 7.5470591e-001
 7.4215102e-001
 7.2849786e-001
 7.1380246e-001
 6.9817156e-001
 6.8175107e-001
 6.6473937e-001
 6.4738089e-001
 6.2995678e-001
 6.1279440e-001
 5.9624296e-001
 5.8067697e-001
 5.6647426e-001
 5.5399406e-001
 5.4356802e-001
 5.3547549e-001
 5.2992606e-001
 5.2705330e-001
 5.2690315e-001
 5.2943516e-001
 5.3452402e-001
 5.4197168e-001
 5.5151486e-001
 5.6284732e-001
 5.7562912e-001
 5.8950484e-001
 6.0412472e-001
 6.1914575e-001
 6.3425696e-001
 6.4917582e-001
 6.6366059e-001
 6.7751920e-001
 6.9059855e-001
 7.0279664e-001
 7.1404839e-001
 7.2432649e-001
 7.3363978e-001
 7.4201953e-001
 7.4952370e-001
 7.5622398e-001
 7.6220447e-001
 7.6755732e-001
 7.7237260e-001
 7.7673542e-001
 7.8072232e-001
 7.8439498e-001
 7.8780288e-001
 7.9098117e-001
 7.9395401e-001
 7.9673892e-001
 7.9934758e-001
 8.0179220e-001
 8.0408651e-001
 8.0624890e-001
 8.0830431e-001
 8.1028062e-001
 8.1220824e-001
 8.1411415e-001
 8.1601888e-001
 8.1793457e-001
 8.1986243e-001
 8.2179582e-001
 8.2372081e-001
 8.2561946e-001
 8.2747322e-001
 8.2926369e-001
 8.3097500e-001
 8.3259624e-001
 8.3412081e-001
 8.3554840e-001
 8.3688331e-001
 8.3813316e-001
 8.3930731e-001
 8.4041309e-001
 8.4145457e-001
 8.4243047e-001
 8.4333402e-001
 8.4415406e-001
 8.4487617e-001
 8.4548593e-001
 8.4597093e-001
 8.4632391e-001
 8.4654456e-001
 8.4664077e-001
 8.4662890e-001
 8.4653229e-001
 8.4637994e-001
 8.4620345e-001
 8.4603494e-001
 8.4590471e-001
 8.4583956e-001
 8.4586173e-001
 8.4598845e-001
 8.4623134e-001
 8.4659570e-001
 8.4708041e-001
 8.4767741e-001
 8.4837258e-001
 8.4914666e-001
 8.4997720e-001
 8.5084110e-001
 8.5171610e-001
 8.5258317e-001
 8.5342699e-001
 8.5423660e-001
 8.5500562e-001
 8.5573077e-001
 8.5641235e-001
 8.5705286e-001
 8.5765630e-001
 8.5822779e-001
 8.5877240e-001
 8.5929465e-001
 8.5979795e-001
 8.6028475e-001
 8.6075640e-001
 8.6121327e-001
 8.6165458e-001
 8.6207861e-001
 8.6248243e-001
 8.6286300e-001
 8.6321729e-001
 8.6354375e-001
 8.6384249e-001
 8.6411518e-001
 8.6436462e-001
 8.6459345e-001
 8.6480349e-001
 8.6499518e-001
 8.6516792e-001
 8.6532050e-001
 8.6545181e-001
 8.6556089e-001
 8.6564696e-001
 8.6570871e-001
 8.6574405e-001
 8.6575067e-001
 8.6572641e-001
 8.6567056e-001
 8.6558455e-001
 8.6547220e-001
 8.6533910e-001
 8.6519182e-001
 8.6503649e-001
 8.6487794e-001
 8.6471921e-001
 8.6456180e-001
 8.6440599e-001
 8.6425138e-001
 8.6409718e-001
 8.6394125e-001
 8.6377990e-001
 8.6360705e-001
 8.6341429e-001
 8.6319143e-001
 8.6292750e-001
 8.6261111e-001
 8.6223114e-001
 8.6177635e-001
 8.6123586e-001
 8.6059940e-001
 8.5985786e-001
 8.5900515e-001
 8.5803849e-001
 8.5696054e-001
 8.5577917e-001
 8.5450757e-001
 8.5316443e-001
 8.5177290e-001
 8.5035938e-001
 8.4895349e-001
 8.4758544e-001
 8.4628552e-001
 8.4508145e-001
 8.4399492e-001
 8.4304029e-001
 8.4222060e-001
 8.4152740e-001
 8.4094042e-001
 8.4043014e-001
 8.3996189e-001
 8.3949983e-001
 8.3901149e-001
 8.3847010e-001
 8.3785588e-001
 8.3715552e-001
 8.3636028e-001
 8.3546495e-001
 8.3446616e-001
 8.3336192e-001
 8.3215338e-001
 8.3084714e-001
 8.2945704e-001
 8.2800770e-001
 8.2653368e-001
 8.2507849e-001
 8.2368976e-001
 8.2241201e-001
 8.2128060e-001
 8.2031345e-001
 8.1950819e-001
 8.1884009e-001
 8.1826502e-001
 8.1772631e-001
 8.1716275e-001
 8.1651849e-001
 8.1575066e-001
 8.1483400e-001
 8.1376237e-001
 8.1254524e-001
 8.1120306e-001
 8.0976117e-001
 8.0824387e-001
 8.0667299e-001
 8.0506700e-001
 8.0344230e-001
 8.0181706e-001
 8.0021161e-001
 7.9865062e-001
 7.9716164e-001
 7.9577214e-001
 7.9450732e-001
 7.9338539e-001
 7.9241461e-001
 7.9159027e-001
 7.9089236e-001
 7.9028636e-001
 7.8972429e-001
 7.8915000e-001
 7.8850549e-001
 7.8773922e-001
 7.8681582e-001
 7.8572422e-001
 7.8448409e-001
 7.8314793e-001
 7.8179693e-001
 7.8053290e-001
 7.7946395e-001
 7.7868992e-001
 7.7828664e-001
 7.7829432e-001
 7.7871108e-001
 7.7949220e-001
 7.8055590e-001
 7.8179282e-001
 7.8308046e-001
 7.8429651e-001
 7.8533226e-001
 7.8610355e-001
 7.8655630e-001
 7.8667021e-001
 7.8645724e-001
 7.8595805e-001
 7.8523552e-001
 7.8436804e-001
 7.8344113e-001
 7.8254098e-001
 7.8174776e-001
 7.8112966e-001
 7.8073907e-001
 7.8060764e-001
 7.8074360e-001
 7.8112894e-001
 7.8172010e-001
 7.8244960e-001
 7.8323126e-001
 7.8396755e-001
 7.8455639e-001
 7.8489983e-001
 7.8490996e-001
 7.8451526e-001
 7.8366429e-001
 7.8232962e-001
 7.8050905e-001
 7.7822763e-001
 7.7553725e-001
 7.7251369e-001
 7.6925570e-001
 7.6587760e-001
 7.6250499e-001
 7.5926614e-001
 7.5628203e-001
 7.5366062e-001
 7.5148696e-001
 7.4982083e-001
 7.4869430e-001
 7.4811333e-001
 7.4806345e-001
 7.4851501e-001
 7.4942946e-001
 7.5076258e-001
 7.5246722e-001
 7.5449121e-001
 7.5677550e-001
 7.5925332e-001
 7.6184785e-001
 7.6447630e-001
 7.6705235e-001
 7.6949286e-001
 7.7172548e-001
 7.7369231e-001
 7.7535594e-001
 7.7669954e-001
 7.7772617e-001
 7.7845603e-001
 7.7892023e-001
 7.7915549e-001
 7.7919811e-001
 7.7907854e-001
 7.7881783e-001
 7.7842599e-001
 7.7790177e-001
 7.7723569e-001
 7.7641422e-001
 7.7542549e-001
 7.7426648e-001
 7.7294934e-001
 7.7150530e-001
 7.6998812e-001
 7.6847106e-001
 7.6704311e-001
 7.6579994e-001
 7.6483327e-001
 7.6422101e-001
 7.6401711e-001
 7.6424581e-001
 7.6489890e-001
 7.6593834e-001
 7.6730120e-001
 7.6890850e-001
 7.7067345e-001
 7.7251029e-001
 7.7434158e-001
 7.7610189e-001
 7.7774221e-001
 7.7922952e-001
 7.8054702e-001
 7.8169316e-001
 7.8267783e-001
 7.8351992e-001
 7.8424305e-001
 7.8487045e-001
 7.8542089e-001
 7.8590417e-001
 7.8631860e-001
 7.8665042e-001
 7.8687519e-001
 7.8696209e-001
 7.8687924e-001
 7.8660029e-001
 7.8611040e-001
 7.8541106e-001
 7.8452283e-001
 7.8348714e-001
 7.8236443e-001
 7.8123063e-001
 7.8017253e-001
 7.7927965e-001
 7.7863687e-001
 7.7831590e-001
 7.7836823e-001
 7.7882046e-001
 7.7967221e-001
 7.8089744e-001
 7.8244811e-001
 7.8426105e-001
 7.8626376e-001
 7.8838235e-001
 7.9054773e-001
 7.9269886e-001
 7.9478705e-001
 7.9677558e-001
 7.9864085e-001
 8.0037230e-001
 8.0196947e-001
 8.0344129e-001
 8.0480188e-001
 8.0606681e-001
 8.0724949e-001
 8.0835611e-001
 8.0938423e-001
 8.1032157e-001
 8.1114799e-001
 8.1184030e-001
 8.1237710e-001
 8.1274551e-001
 8.1294560e-001
 8.1299371e-001
 8.1292200e-001
 8.1277609e-001
 8.1260985e-001
 8.1247944e-001
 8.1243670e-001
 8.1252438e-001
 8.1277210e-001
 8.1319481e-001
 8.1379360e-001
 8.1455684e-001
 8.1546360e-001
 8.1648624e-001
 8.1759346e-001
 8.1875366e-001
 8.1993538e-001
 8.2110977e-001
 8.2224929e-001
 8.2332820e-001
 8.2432193e-001
 8.2520616e-001
 8.2595861e-001
 8.2655913e-001
 8.2699227e-001
 8.2724923e-001
 8.2732910e-001
 8.2724041e-001
 8.2700086e-001
 8.2663673e-001
 8.2618099e-001
 8.2567072e-001
 8.2514393e-001
 8.2463628e-001
 8.2417899e-001
 8.2379645e-001
 8.2350600e-001
 8.2331789e-001
 8.2323575e-001
 8.2325751e-001
 8.2337642e-001
 8.2358199e-001
 8.2386053e-001
 8.2419664e-001
 8.2457340e-001
 8.2497412e-001
 8.2538265e-001
 8.2578444e-001
 8.2616693e-001
 8.2651955e-001
 8.2683349e-001
 8.2710099e-001
 8.2731503e-001
 8.2746905e-001
 8.2755709e-001
 8.2757396e-001
 8.2751596e-001
 8.2738042e-001
 8.2716572e-001
 8.2687104e-001
 8.2649648e-001
 8.2604313e-001
 8.2551461e-001
 8.2491738e-001
 8.2426137e-001
 8.2355946e-001
 8.2282519e-001
 8.2207042e-001
 8.2130057e-001
 8.2051194e-001
 8.1968915e-001
 8.1880540e-001
 8.1782681e-001
 8.1671834e-001
 8.1545222e-001
 8.1401485e-001
 8.1240988e-001
 8.1065923e-001
 8.0879790e-001
 8.0686605e-001
 8.0490136e-001
 8.0292952e-001
 8.0096078e-001
 7.9898840e-001
 7.9699135e-001
 7.9494286e-001
 7.9281759e-001
 7.9060191e-001
 7.8829885e-001
 7.8592801e-001
 7.8352290e-001
 7.8111911e-001
 7.7874392e-001
 7.7640378e-001
 7.7407515e-001
 7.7170521e-001
 7.6921481e-001
 7.6651156e-001
 7.6350284e-001
 7.6010603e-001
 7.5625843e-001
 7.5191349e-001
 7.4703842e-001
 7.4160457e-001
 7.3557854e-001
 7.2892517e-001
 7.2161186e-001
 7.1361679e-001
 7.0494729e-001
 6.9563907e-001
 6.8575960e-001
 6.7539048e-001
 6.6459870e-001
 6.5341938e-001
 6.4182734e-001
 6.2974393e-001
 6.1705190e-001
 6.0362899e-001
 5.8940846e-001
 5.7441592e-001
 5.5881673e-001
 5.4292291e-001
 5.2716857e-001
 5.1207656e-001
 4.9817729e-001
 4.8594892e-001
 4.7574565e-001
 4.6775040e-001
 4.6196541e-001
 4.5822066e-001
 4.5621219e-001
 4.5555881e-001
 4.5585728e-001
 4.5673248e-001
 4.5786896e-001
 4.5902258e-001
 4.6001190e-001
 4.6069866e-001
 4.6096286e-001
 4.6068457e-001
 4.5973620e-001
 4.5798844e-001
 4.5532519e-001
 4.5166451e-001
 4.4697511e-001
 4.4128141e-001
 4.3466267e-001
 4.2723122e-001
 4.1911379e-001
 4.1042405e-001
 4.0123865e-001
 3.9159358e-001
 3.8147679e-001
 3.7084991e-001
 3.5966849e-001
 3.4790748e-001
 3.3559886e-001
 3.2285291e-001
 3.0986717e-001
 2.9693547e-001
 2.8441575e-001
 2.7270371e-001
 2.6217782e-001
 2.5314191e-001
 2.4578658e-001
 2.4015091e-001
 2.3612507e-001
 2.3347072e-001
 2.3186959e-001
 2.3098941e-001
 2.3054840e-001
 2.3037098e-001
 2.3041913e-001
 2.3079519e-001
 2.3171584e-001
 2.3346435e-001
 2.3633040e-001
 2.4055192e-001
 2.4627228e-001
 2.5351456e-001
 2.6218411e-001
 2.7209744e-001
 2.8301400e-001
 2.9468986e-001
 3.0690655e-001
 3.1949717e-001
 3.3235490e-001
 3.4540814e-001
 3.5860640e-001
 3.7187931e-001
 3.8511622e-001
 3.9815721e-001
 4.1078389e-001
 4.2274776e-001
 4.3378672e-001
 4.4366145e-001
 4.5218796e-001
 4.5925105e-001
 4.6482164e-001
 4.6894768e-001
 4.7174466e-001
 4.7337750e-001
 4.7403991e-001
 4.7394156e-001
 4.7329879e-001
 4.7233230e-001
 4.7126663e-001
 4.7033030e-001
 4.6975026e-001
 4.6973994e-001
 4.7048187e-001
 4.7210678e-001
 4.7467348e-001
 4.7815558e-001
 4.8244125e-001
 4.8734146e-001
 4.9261910e-001
 4.9801967e-001
 5.0331181e-001
 5.0832438e-001
 5.1296657e-001
 5.1724094e-001
 5.2123034e-001
 5.2507514e-001
 5.2893949e-001
 5.3297120e-001
 5.3727233e-001
 5.4187429e-001
 5.4673153e-001
 5.5173033e-001
 5.5670434e-001
 5.6146264e-001
 5.6581897e-001
 5.6961268e-001
 5.7272989e-001
 5.7510889e-001
 5.7674205e-001
 5.7766879e-001
 5.7796264e-001
 5.7771802e-001
 5.7703471e-001
 5.7600474e-001
 5.7470018e-001
 5.7316613e-001
 5.7141656e-001
 5.6943709e-001
 5.6719232e-001
 5.6463683e-001
 5.6173247e-001
 5.5846179e-001
 5.5484372e-001
 5.5094177e-001
 5.4686350e-001
 5.4275823e-001
 5.3880334e-001
 5.3518623e-001
 5.3208882e-001
 5.2966565e-001
 5.2803075e-001
 5.2724463e-001
 5.2730846e-001
 5.2816498e-001
 5.2970535e-001
 5.3178024e-001
 5.3421527e-001
 5.3682852e-001
 5.3944457e-001
 5.4191065e-001
 5.4410470e-001
 5.4594201e-001
 5.4737651e-001
 5.4839647e-001
 5.4902005e-001
 5.4928786e-001
 5.4925841e-001
 5.4900432e-001
 5.4860991e-001
 5.4816890e-001
 5.4777974e-001
 5.4753816e-001
 5.4752648e-001
 5.4780179e-001
 5.4838526e-001
 5.4925662e-001
 5.5035466e-001
 5.5158699e-001
 5.5284441e-001
 5.5402094e-001
 5.5503368e-001
 5.5583829e-001
 5.5670077e-001
 5.5699635e-001
 5.5719566e-001
 5.5746412e-001
 5.5798692e-001
 5.5894566e-001
 5.6049448e-001
 5.6274277e-001
 5.6574577e-001
 5.6950229e-001
 5.7396436e-001
 5.7904744e-001
 5.8464617e-001
 5.9064853e-001
 5.9693837e-001
 6.0339648e-001
 6.0989624e-001
 6.1628920e-001
 6.2240481e-001
 6.2804425e-001
 6.3299114e-001
 6.3702917e-001
 6.3996029e-001
 6.4163250e-001
 6.4195997e-001
 6.4094317e-001
 6.3867950e-001
 6.3536555e-001
 6.3128114e-001
 6.2675840e-001
 6.2212896e-001
 6.1766595e-001
 6.1354685e-001
 6.0983968e-001
 6.0653037e-001
 6.0356349e-001
 6.0088277e-001
 5.9846026e-001
 5.9630334e-001
 5.9444928e-001
 5.9295410e-001
 5.9187585e-001
 5.9126204e-001
 5.9113765e-001
 5.9149796e-001
 5.9230566e-001
 5.9349310e-001
 5.9496772e-001
 5.9662163e-001
 5.9834385e-001
 6.0003102e-001
 6.0159832e-001
 6.0298431e-001
 6.0415232e-001
 6.0508674e-001
 6.0578465e-001
 6.0624725e-001
 6.0646999e-001
 6.0643625e-001
 6.0611480e-001
 6.0546458e-001
 6.0444462e-001
 6.0302806e-001
 6.0121435e-001
 5.9903544e-001
 5.9655803e-001
 5.9387976e-001
 5.9112209e-001
 5.8842742e-001
 5.8594936e-001
 5.8384585e-001
 5.8226508e-001
 5.8133000e-001
 5.8112633e-001
 5.8169353e-001
 5.8302456e-001
 5.8507049e-001
 5.8774906e-001
 5.9095132e-001
 5.9455168e-001
 5.9841406e-001
 6.0240269e-001
 6.0639507e-001
 6.1028820e-001
 6.1400926e-001
 6.1751324e-001
 6.2078154e-001
 6.2381721e-001
 6.2663633e-001
 6.2926340e-001
 6.3172698e-001
 6.3405269e-001
 6.3626093e-001
 6.3836014e-001
 6.4034373e-001
 6.4218760e-001
 6.4384913e-001
 6.4527315e-001
 6.4640027e-001
 6.4717996e-001
 6.4758283e-001
 6.4760900e-001
 6.4729136e-001
 6.4669281e-001
 6.4589816e-001
 6.4500237e-001
 6.4409709e-001
 6.4325631e-001
 6.4252537e-001
 6.4191443e-001
 6.4139783e-001
 6.4092112e-001
 6.4041299e-001
 6.3980240e-001
 6.3903582e-001
 6.3809186e-001
 6.3698995e-001
 6.3578951e-001
 6.3457954e-001
 6.3346291e-001
 6.3253558e-001
 6.3186979e-001
 6.3150024e-001
 6.3141888e-001
 6.3157701e-001
 6.3189483e-001
 6.3227576e-001
 6.3262349e-001
 6.3285762e-001
 6.3292480e-001
 6.3280427e-001
 6.3250804e-001
 6.3207626e-001
 6.3157052e-001
 6.3106507e-001
 6.3063633e-001
 6.3035172e-001
 6.3025802e-001
 6.3037246e-001
 6.3067901e-001
 6.3113046e-001
 6.3165784e-001
 6.3218302e-001
 6.3263381e-001
 6.3295656e-001
 6.3312596e-001
 6.3315028e-001
 6.3307202e-001
 6.3296390e-001
 6.3291919e-001
 6.3303798e-001
 6.3341063e-001
 6.3410181e-001
 6.3514012e-001
 6.3651472e-001
 6.3817888e-001
 6.4005989e-001
 6.4206779e-001
 6.4410645e-001
 6.4608014e-001
 6.4790183e-001
 6.4950073e-001
 6.5082657e-001
 6.5185207e-001
 6.5257066e-001
 6.5298980e-001
 6.5312523e-001
 6.5299755e-001
 6.5263277e-001
 6.5206498e-001
 6.5133953e-001
 6.5051275e-001
 6.4964908e-001
 6.4881474e-001
 6.4806843e-001
 6.4745331e-001
 6.4698875e-001
 6.4666647e-001
 6.4644963e-001
 6.4627671e-001
 6.4606827e-001
 6.4573711e-001
 6.4519978e-001
 6.4438778e-001
 6.4325553e-001
 6.4178532e-001
 6.3998574e-001
 6.3788766e-001
 6.3553596e-001
 6.3297832e-001
 6.3025790e-001
 6.2740564e-001
 6.2443805e-001
 6.2136245e-001
 6.1818016e-001
 6.1489522e-001
 6.1151731e-001
 6.0806233e-001
 6.0455453e-001
 6.0102040e-001
 5.9748828e-001
 5.9398097e-001
 5.9051925e-001
 5.8711970e-001
 5.8380342e-001
 5.8060592e-001
 5.7757664e-001
 5.7477945e-001
 5.7228136e-001
 5.7014149e-001
 5.6839466e-001
 5.6704688e-001
 5.6607705e-001
 5.6544340e-001
 5.6509733e-001
 5.6499529e-001
 5.6510687e-001
 5.6541699e-001
 5.6592178e-001
 5.6661904e-001
 5.6749904e-001
 5.6853861e-001
 5.6969947e-001
 5.7093561e-001
 5.7220167e-001
 5.7346076e-001
 5.7469159e-001
 5.7588786e-001
 5.7705343e-001
 5.7819778e-001
 5.7932919e-001
 5.8045119e-001
 5.8155972e-001
 5.8264387e-001
 5.8368421e-001
 5.8465081e-001
 5.8550423e-001
 5.8619559e-001
 5.8667040e-001
 5.8687568e-001
 5.8676654e-001
 5.8631253e-001
 5.8550221e-001
 5.8434552e-001
 5.8287406e-001
 5.8114183e-001
 5.7921958e-001
 5.7718897e-001
 5.7513398e-001
 5.7312566e-001
 5.7121068e-001
 5.6940252e-001
 5.6767422e-001
 5.6596351e-001
 5.6418335e-001
 5.6224203e-001
 5.6006223e-001
 5.5760217e-001
 5.5487233e-001
 5.5193812e-001
 5.4891813e-001
 5.4597282e-001
 5.4327768e-001
 5.4099911e-001
 5.3926498e-001
 5.3814417e-001
 5.3763163e-001
 5.3765070e-001
 5.3806508e-001
 5.3869981e-001
 5.3936565e-001
 5.3988034e-001
 5.4008555e-001
 5.3985423e-001
 5.3909242e-001
 5.3773803e-001
 5.3575820e-001
 5.3315157e-001
 5.2995783e-001
 5.2626210e-001
 5.2220058e-001
 5.1795721e-001
 5.1373774e-001
 5.0974333e-001
 5.0614119e-001
 5.0303382e-001
 5.0045180e-001
 4.9835658e-001
 4.9666023e-001
 4.9524841e-001
 4.9401021e-001
 4.9286187e-001
 4.9175742e-001
 4.9068826e-001
 4.8966971e-001
 4.8871809e-001
 4.8783147e-001
 4.8697826e-001
 4.8610038e-001
 4.8512706e-001
 4.8399782e-001
 4.8268640e-001
 4.8121488e-001
 4.7965750e-001
 4.7813007e-001
 4.7676274e-001
 4.7567010e-001
 4.7492307e-001
 4.7452906e-001
 4.7442916e-001
 4.7450688e-001
 4.7460485e-001
 4.7454455e-001
 4.7414339e-001
 4.7322732e-001
 4.7163552e-001
 4.6921861e-001
 4.6583539e-001
 4.6134385e-001
 4.5560178e-001
 4.4847044e-001
 4.3983516e-001
 4.2961526e-001
 4.1779295e-001
 4.0445071e-001
 3.8978052e-001
 3.7410834e-001
 3.5790831e-001
 3.4175947e-001
 3.2631195e-001
 3.1223136e-001
 3.0009675e-001
 2.9033327e-001
 2.8313532e-001
 2.7842563e-001
 2.7583587e-001
 2.7475011e-001
 2.7438340e-001
 2.7389309e-001
 2.7250397e-001
 2.6962247e-001
 2.6491445e-001
 2.5833800e-001
 2.5012222e-001
 2.4071436e-001
 2.3068084e-001
 2.2061907e-001
 2.1108297e-001
 2.0250995e-001
 1.9520132e-001
 1.8932854e-001
 1.8494660e-001
 1.8203312e-001
 1.8051504e-001
 1.8027568e-001
 1.8115385e-001
 1.8293248e-001
 1.8533146e-001
 1.8802129e-001
 1.9065282e-001
 1.9289999e-001
 1.9451125e-001
 1.9534428e-001
 1.9538391e-001
 1.9473888e-001
 1.9361748e-001
 1.9229187e-001
 1.9106087e-001
 1.9021364e-001
 1.9000655e-001
 1.9064888e-001
 1.9229566e-001
 1.9504473e-001
 1.9892813e-001
 2.0390806e-001
 2.0986849e-001
 2.1660829e-001
 2.2385901e-001
 2.3130186e-001
 2.3860419e-001
 2.4545206e-001
 2.5159895e-001
 2.5688976e-001
 2.6127529e-001
 2.6482260e-001
 2.6769900e-001
 2.7014735e-001
 2.7245614e-001
 2.7491596e-001
 2.7777717e-001
 2.8120640e-001
 2.8526017e-001
 2.8986949e-001
 2.9484254e-001
 2.9989845e-001
 3.0470693e-001
 3.0893496e-001
 3.1230009e-001
 3.1459922e-001
 3.1572437e-001
 3.1565788e-001
 3.1445628e-001
 3.1222609e-001
 3.0910838e-001
 3.0526784e-001
 3.0089694e-001
 2.9622945e-001
 2.9154083e-001
 2.8714621e-001
 2.8338170e-001
 2.8056097e-001
 2.7893567e-001
 2.7865648e-001
 2.7975321e-001
 2.8214011e-001
 2.8564703e-001
 2.9005966e-001
 2.9516789e-001
 3.0079362e-001
 3.0679482e-001
 3.1306380e-001
 3.1950068e-001
 3.2599476e-001
 3.3240476e-001
 3.3856776e-001
 3.4430698e-001
 3.4944895e-001
 3.5385466e-001
 3.5743096e-001
 3.6013350e-001
 3.6196199e-001
 3.6293593e-001
 3.6306876e-001
 3.6234763e-001
 3.6072212e-001
 3.5811019e-001
 3.5442185e-001
 3.4958535e-001
 3.4357819e-001
 3.3645728e-001
 3.2836488e-001
 3.1953591e-001
 3.1029937e-001
 3.0105048e-001
 2.9223490e-001
 2.8431147e-001
 2.7771813e-001
 2.7281338e-001
 2.6983774e-001
 2.6887652e-001
 2.6983541e-001
 2.7244827e-001
 2.7630270e-001
 2.8089523e-001
 2.8569439e-001
 2.9020149e-001
 2.9401326e-001
 2.9685602e-001
 2.9860514e-001
 2.9928097e-001
 2.9902914e-001
 2.9808155e-001
 2.9671359e-001
 2.9519957e-001
 2.9377991e-001
 2.9264331e-001
 2.9192060e-001
 2.9169324e-001
 2.9200536e-001
 2.9287595e-001
 2.9430932e-001
 2.9630226e-001
 2.9884616e-001
 3.0193257e-001
 3.0555388e-001
 3.0969977e-001
 3.1436002e-001
 3.1951705e-001
 3.2513529e-001
 3.3116287e-001
 3.3752415e-001
 3.4412375e-001
 3.5084483e-001
 3.5756508e-001
 3.6416030e-001
 3.7050918e-001
 3.7651333e-001
 3.8210166e-001
 3.8723254e-001
 3.9190081e-001
 3.9612260e-001
 3.9992073e-001
 4.0329972e-001
 4.0623006e-001
 4.0862721e-001
 4.1033903e-001
 4.1114742e-001
 4.1077596e-001
 4.0891576e-001
 4.0526325e-001
 3.9956561e-001
 3.9167619e-001
 3.8159028e-001
 3.6948279e-001
 3.5571909e-001
 3.4086066e-001
 3.2560757e-001
 3.1073850e-001
 2.9702586e-001
 2.8510612e-001
 2.7539450e-001
 2.6802623e-001
 2.6283023e-001
 2.5938281e-001
 2.5709555e-001
 2.5533351e-001
 2.5352725e-001
 2.5126383e-001
 2.4833663e-001
 2.4474423e-001
 2.4065484e-001
 2.3634855e-001
 2.3214354e-001
 2.2834095e-001
 2.2518341e-001
 2.2283949e-001
 2.2139908e-001
 2.2088890e-001
 2.2128984e-001
 2.2255577e-001
 2.2463277e-001
 2.2747095e-001
 2.3103598e-001
 2.3530929e-001
 2.4027753e-001
 2.4592607e-001
 2.5222063e-001
 2.5909787e-001
 2.6645303e-001
 2.7415237e-001
 2.8203967e-001
 2.8994647e-001
 2.9772025e-001
 3.0523190e-001
 3.1237668e-001
 3.1908551e-001
 3.2531622e-001
 3.3105662e-001
 3.3632195e-001
 3.4116483e-001
 3.4566605e-001
 3.4991670e-001
 3.5400039e-001
 3.5796264e-001
 3.6178663e-001
 3.6538962e-001
 3.6862472e-001
 3.7129679e-001
 3.7319279e-001
 3.7410715e-001
 3.7386897e-001
 3.7236235e-001
 3.6953792e-001
 3.6541539e-001
 3.6008638e-001
 3.5370520e-001
 3.4648481e-001
 3.3869290e-001
 3.3062336e-001
 3.2257739e-001
 3.1483105e-001
 3.0761611e-001
 3.0109000e-001
 2.9533088e-001
 2.9033548e-001
 2.8600946e-001
 2.8217596e-001
 2.7858910e-001
 2.7495074e-001
 2.7094451e-001
 2.6627585e-001
 2.6070374e-001
 2.5407773e-001
 2.4636085e-001
 2.3765399e-001
 2.2818971e-001
 2.1832840e-001
 2.0854218e-001
 1.9936182e-001
 1.9133312e-001
 1.8496296e-001
 1.8064834e-001
 1.7863476e-001
 1.7898470e-001
 1.8157394e-001
 1.8611774e-001
 1.9222027e-001
 1.9942741e-001
 2.0729516e-001
 2.1543662e-001
 2.2355068e-001
 2.3145013e-001
 2.3905195e-001
 2.4635148e-001
 2.5340226e-001
 2.6027474e-001
 2.6702881e-001
 2.7368402e-001
 2.8021580e-001
 2.8655076e-001
 2.9257730e-001
 2.9818282e-001
 3.0328295e-001
 3.0784824e-001
 3.1192830e-001
 3.1564561e-001
 3.1917900e-001
 3.2272810e-001
 3.2647815e-001
 3.3055705e-001
 3.3499917e-001
 3.3973297e-001
 3.4457973e-001
 3.4927070e-001
 3.5348970e-001
 3.5691160e-001
 3.5924241e-001
 3.6026043e-001
 3.5983953e-001
 3.5796508e-001
 3.5473931e-001
 3.5036874e-001
 3.4514147e-001
 3.3939937e-001
 3.3349225e-001
 3.2774377e-001
 3.2242355e-001
 3.1771517e-001
 3.1370738e-001
 3.1038779e-001
 3.0765277e-001
 3.0532399e-001
 3.0318534e-001
 3.0102703e-001
 2.9868260e-001
 2.9605463e-001
 2.9311770e-001
 2.8989229e-001
 2.8641266e-001
 2.8269270e-001
 2.7871165e-001
 2.7441174e-001
 2.6972196e-001
 2.6459387e-001
 2.5902593e-001
 2.5308561e-001
 2.4691598e-001
 2.4071391e-001
 2.3471403e-001
 2.2917464e-001
 2.2435531e-001
 2.2050868e-001
 2.1785755e-001
 2.1656749e-001
 2.1671109e-001
 2.1824861e-001
 2.2101945e-001
 2.2475718e-001
 2.2911644e-001
 2.3370412e-001
 2.3812377e-001
 2.4200703e-001
 2.4504386e-001
 2.4700011e-001
 2.4773486e-001
 2.4720536e-001
 2.4547252e-001
 2.4269621e-001
 2.3911773e-001
 2.3503254e-001
 2.3074424e-001
 2.2652565e-001
 2.2259046e-001
 2.1907285e-001
 2.1603513e-001
 2.1348161e-001
 2.1137732e-001
 2.0965248e-001
 2.0820293e-001
 2.0688610e-001
 2.0552336e-001
 2.0392276e-001
 2.0192088e-001
 1.9943072e-001
 1.9648197e-001
 1.9322227e-001
 1.8987645e-001
 1.8667160e-001
 1.8378000e-001
-1.2300000e+034
