s07_ASD Record=3226: Cookeite CAr-1.c <30um        BECKb AREF
 2.9870179e-001
 2.9964095e-001
 3.0050126e-001
 3.0129895e-001
 3.0205974e-001
 3.0281097e-001
 3.0357540e-001
 3.0436864e-001
 3.0520004e-001
 3.0607355e-001
 3.0698982e-001
 3.0794725e-001
 3.0894345e-001
 3.0997568e-001
 3.1104082e-001
 3.1213650e-001
 3.1326151e-001
 3.1441644e-001
 3.1560212e-001
 3.1681821e-001
 3.1806171e-001
 3.1932831e-001
 3.2061723e-001
 3.2193717e-001
 3.2331145e-001
 3.2477900e-001
 3.2638609e-001
 3.2816365e-001
 3.3010530e-001
 3.3216932e-001
 3.3429545e-001
 3.3642957e-001
 3.3853644e-001
 3.4060138e-001
 3.4263298e-001
 3.4465992e-001
 3.4671676e-001
 3.4883258e-001
 3.5102609e-001
 3.5330024e-001
 3.5563776e-001
 3.5799751e-001
 3.6031860e-001
 3.6253643e-001
 3.6460477e-001
 3.6651388e-001
 3.6829236e-001
 3.6999369e-001
 3.7167540e-001
 3.7338325e-001
 3.7514400e-001
 3.7696397e-001
 3.7883067e-001
 3.8071719e-001
 3.8259524e-001
 3.8445219e-001
 3.8630626e-001
 3.8820079e-001
 3.9017913e-001
 3.9227676e-001
 3.9445370e-001
 3.9660481e-001
 3.9867151e-001
 4.0059441e-001
 4.0230849e-001
 4.0384081e-001
 4.0528339e-001
 4.0672594e-001
 4.0823767e-001
 4.0985882e-001
 4.1159412e-001
 4.1341883e-001
 4.1529337e-001
 4.1717508e-001
 4.1902578e-001
 4.2082024e-001
 4.2255622e-001
 4.2426303e-001
 4.2600062e-001
 4.2784488e-001
 4.2986050e-001
 4.3207133e-001
 4.3444547e-001
 4.3690583e-001
 4.3936405e-001
 4.4175622e-001
 4.4405803e-001
 4.4627196e-001
 4.4840038e-001
 4.5043159e-001
 4.5234999e-001
 4.5416182e-001
 4.5590934e-001
 4.5766190e-001
 4.5949030e-001
 4.6144584e-001
 4.6355134e-001
 4.6579358e-001
 4.6810800e-001
 4.7036779e-001
 4.7240913e-001
 4.7409919e-001
 4.7540423e-001
 4.7640744e-001
 4.7726378e-001
 4.7810456e-001
 4.7895920e-001
 4.7976685e-001
 4.8045549e-001
 4.8101717e-001
 4.8151842e-001
 4.8204648e-001
 4.8264700e-001
 4.8330513e-001
 4.8397666e-001
 4.8462892e-001
 4.8525190e-001
 4.8584244e-001
 4.8639467e-001
 4.8691770e-001
 4.8745778e-001
 4.8808783e-001
 4.8886237e-001
 4.8978108e-001
 4.9079984e-001
 4.9187285e-001
 4.9297521e-001
 4.9408439e-001
 4.9515983e-001
 4.9616262e-001
 4.9709579e-001
 4.9800342e-001
 4.9891305e-001
 4.9979416e-001
 5.0059974e-001
 5.0135207e-001
 5.0216603e-001
 5.0317407e-001
 5.0442314e-001
 5.0583124e-001
 5.0722802e-001
 5.0845361e-001
 5.0946963e-001
 5.1040655e-001
 5.1148903e-001
 5.1287198e-001
 5.1452518e-001
 5.1627535e-001
 5.1795965e-001
 5.1952910e-001
 5.2100641e-001
 5.2238530e-001
 5.2361590e-001
 5.2468604e-001
 5.2567154e-001
 5.2667993e-001
 5.2775574e-001
 5.2885759e-001
 5.2993023e-001
 5.3099889e-001
 5.3219092e-001
 5.3364807e-001
 5.3539783e-001
 5.3731930e-001
 5.3925174e-001
 5.4111427e-001
 5.4288906e-001
 5.4451340e-001
 5.4585814e-001
 5.4684031e-001
 5.4752707e-001
 5.4811138e-001
 5.4879791e-001
 5.4970801e-001
 5.5085129e-001
 5.5214894e-001
 5.5348378e-001
 5.5476093e-001
 5.5595648e-001
 5.5711555e-001
 5.5829221e-001
 5.5948526e-001
 5.6064087e-001
 5.6172842e-001
 5.6279606e-001
 5.6391680e-001
 5.6507176e-001
 5.6614357e-001
 5.6707793e-001
 5.6800926e-001
 5.6913394e-001
 5.7046729e-001
 5.7181817e-001
 5.7302403e-001
 5.7413399e-001
 5.7530588e-001
 5.7655585e-001
 5.7768947e-001
 5.7851958e-001
 5.7909584e-001
 5.7963848e-001
 5.8027369e-001
 5.8092529e-001
 5.8146906e-001
 5.8191216e-001
 5.8239031e-001
 5.8302778e-001
 5.8382064e-001
 5.8463955e-001
 5.8533424e-001
 5.8585113e-001
 5.8627272e-001
 5.8675098e-001
 5.8739603e-001
 5.8821052e-001
 5.8910221e-001
 5.8994973e-001
 5.9069175e-001
 5.9138942e-001
 5.9217823e-001
 5.9310544e-001
 5.9403414e-001
 5.9477556e-001
 5.9530425e-001
 5.9578210e-001
 5.9638834e-001
 5.9717846e-001
 5.9804672e-001
 5.9874582e-001
 5.9904480e-001
 5.9903598e-001
 5.9920645e-001
 5.9997690e-001
 6.0120547e-001
 6.0236627e-001
 6.0314316e-001
 6.0360098e-001
 6.0387856e-001
 6.0403019e-001
 6.0414737e-001
 6.0436040e-001
 6.0467058e-001
 6.0494095e-001
 6.0505933e-001
 6.0500950e-001
 6.0486382e-001
 6.0486543e-001
 6.0540175e-001
 6.0662150e-001
 6.0810655e-001
 6.0920292e-001
 6.0957462e-001
 6.0926998e-001
 6.0854900e-001
 6.0786217e-001
 6.0765505e-001
 6.0795856e-001
 6.0841906e-001
 6.0880905e-001
 6.0923433e-001
 6.0980099e-001
 6.1040580e-001
 6.1094534e-001
 6.1138791e-001
 6.1154634e-001
 6.1116552e-001
 6.1037344e-001
 6.0974586e-001
 6.0976869e-001
 6.1040586e-001
 6.1131608e-001
 6.1230034e-001
 6.1327338e-001
 6.1390930e-001
 6.1376560e-001
 6.1290586e-001
 6.1203712e-001
 6.1185664e-001
 6.1245453e-001
 6.1339068e-001
 6.1417127e-001
 6.1459529e-001
 6.1477655e-001
 6.1488616e-001
 6.1493111e-001
 6.1482310e-001
 6.1462682e-001
 6.1466259e-001
 6.1520255e-001
 6.1603725e-001
 6.1660081e-001
 6.1662650e-001
 6.1639416e-001
 6.1625975e-001
 6.1630553e-001
 6.1653215e-001
 6.1696923e-001
 6.1742562e-001
 6.1750317e-001
 6.1708462e-001
 6.1656612e-001
 6.1642981e-001
 6.1671126e-001
 6.1699736e-001
 6.1698633e-001
 6.1699736e-001
 6.1763269e-001
 6.1884898e-001
 6.1980993e-001
 6.1985779e-001
 6.1922765e-001
 6.1866623e-001
 6.1868769e-001
 6.1927634e-001
 6.2003309e-001
 6.2049186e-001
 6.2044108e-001
 6.2004679e-001
 6.1970359e-001
 6.1970085e-001
 6.1997145e-001
 6.2025434e-001
 6.2042731e-001
 6.2056792e-001
 6.2076795e-001
 6.2099278e-001
 6.2110710e-001
 6.2100506e-001
 6.2071389e-001
 6.2039024e-001
 6.2024903e-001
 6.2049174e-001
 6.2122184e-001
 6.2232447e-001
 6.2341118e-001
 6.2399143e-001
 6.2383151e-001
 6.2318838e-001
 6.2263924e-001
 6.2262160e-001
 6.2311071e-001
 6.2372553e-001
 6.2411493e-001
 6.2422872e-001
 6.2424403e-001
 6.2426323e-001
 6.2412423e-001
 6.2357569e-001
 6.2269557e-001
 6.2210304e-001
 6.2257725e-001
 6.2424666e-001
 6.2615633e-001
 6.2706149e-001
 6.2702674e-001
 6.2687314e-001
 6.2690747e-001
 6.2692630e-001
 6.2674099e-001
 6.2642848e-001
 6.2622541e-001
 6.2627625e-001
 6.2648726e-001
 6.2665135e-001
 6.2667239e-001
 6.2667036e-001
 6.2688720e-001
 6.2741977e-001
 6.2807214e-001
 6.2855858e-001
 6.2881476e-001
 6.2910104e-001
 6.2979442e-001
 6.3094014e-001
 6.3203448e-001
 6.3242006e-001
 6.3191456e-001
 6.3111383e-001
 6.3098788e-001
 6.3181829e-001
 6.3277143e-001
 6.3299292e-001
 6.3264340e-001
 6.3238758e-001
 6.3244456e-001
 6.3254845e-001
 6.3249701e-001
 6.3252676e-001
 6.3306993e-001
 6.3396889e-001
 6.3432598e-001
 6.3367039e-001
 6.3270193e-001
 6.3223213e-001
 6.3219577e-001
 6.3236910e-001
 6.3312387e-001
 6.3465369e-001
 6.3637072e-001
 6.3696778e-001
 6.3597453e-001
 6.3457155e-001
 6.3387936e-001
 6.3408822e-001
 6.3500917e-001
 6.3623792e-001
 6.3720304e-001
 6.3744867e-001
 6.3707924e-001
 6.3674927e-001
 6.3705105e-001
 6.3788205e-001
 6.3847518e-001
 6.3811326e-001
 6.3686579e-001
 6.3557667e-001
 6.3511986e-001
 6.3570356e-001
 6.3686079e-001
 6.3797098e-001
 6.3862795e-001
 6.3867837e-001
 6.3815403e-001
 6.3734210e-001
 6.3671297e-001
 6.3664496e-001
 6.3722599e-001
 6.3822734e-001
 6.3924170e-001
 6.3983166e-001
 6.4012313e-001
 6.3994390e-001
 6.3927889e-001
 6.3834906e-001
 6.3746959e-001
 6.3695621e-001
 6.3706267e-001
 6.3763630e-001
 6.3836020e-001
 6.3891757e-001
 6.3905615e-001
 6.3895285e-001
 6.3895810e-001
 6.3942260e-001
 6.4061159e-001
 6.4222401e-001
 6.4372921e-001
 6.4459598e-001
 6.4439207e-001
 6.4334464e-001
 6.4171726e-001
 6.4054191e-001
 6.4007735e-001
 6.4039844e-001
 6.4117575e-001
 6.4206266e-001
 6.4271247e-001
 6.4279234e-001
 6.4228284e-001
 6.4147580e-001
 6.4067638e-001
 6.4018971e-001
 6.4030814e-001
 6.4103830e-001
 6.4210522e-001
 6.4322150e-001
 6.4410031e-001
 6.4446467e-001
 6.4426941e-001
 6.4369583e-001
 6.4293468e-001
 6.4217687e-001
 6.4161336e-001
 6.4138758e-001
 6.4145964e-001
 6.4174509e-001
 6.4215940e-001
 6.4261836e-001
 6.4303738e-001
 6.4335072e-001
 6.4356411e-001
 6.4370060e-001
 6.4378339e-001
 6.4383537e-001
 6.4387971e-001
 6.4393938e-001
 6.4403200e-001
 6.4415407e-001
 6.4429718e-001
 6.4445299e-001
 6.4461279e-001
 6.4476818e-001
-1.2300000e+034
-1.2300000e+034
 6.4512414e-001
 6.4517778e-001
 6.4518481e-001
 6.4513671e-001
 6.4502525e-001
 6.4484173e-001
 6.4457792e-001
 6.4422512e-001
 6.4378130e-001
 6.4326668e-001
 6.4270741e-001
 6.4212900e-001
 6.4155757e-001
 6.4101875e-001
 6.4053857e-001
 6.4014274e-001
 6.3985181e-001
 6.3966626e-001
 6.3958216e-001
 6.3959545e-001
 6.3970208e-001
 6.3989812e-001
 6.4017957e-001
 6.4054227e-001
 6.4098245e-001
 6.4149582e-001
 6.4207858e-001
 6.4272666e-001
 6.4343232e-001
 6.4417446e-001
 6.4492899e-001
 6.4567161e-001
 6.4637846e-001
 6.4702517e-001
 6.4758754e-001
 6.4804167e-001
 6.4836329e-001
 6.4852822e-001
 6.4851248e-001
 6.4829159e-001
 6.4785445e-001
 6.4723462e-001
 6.4647621e-001
 6.4562279e-001
 6.4471865e-001
 6.4380729e-001
 6.4293289e-001
 6.4213914e-001
 6.4147007e-001
 6.4096951e-001
 6.4068127e-001
 6.4063287e-001
 6.4079398e-001
 6.4112121e-001
 6.4157164e-001
 6.4210218e-001
 6.4266968e-001
 6.4323086e-001
 6.4374286e-001
 6.4416236e-001
 6.4444637e-001
 6.4456612e-001
 6.4454263e-001
 6.4440757e-001
 6.4419293e-001
 6.4393038e-001
 6.4365184e-001
 6.4338899e-001
 6.4317369e-001
 6.4303774e-001
 6.4301294e-001
 6.4312106e-001
 6.4334899e-001
 6.4367664e-001
 6.4408362e-001
 6.4454973e-001
 6.4505464e-001
 6.4557797e-001
 6.4609969e-001
 6.4659923e-001
 6.4705652e-001
 6.4745539e-001
 6.4779443e-001
 6.4807475e-001
 6.4829803e-001
 6.4846563e-001
 6.4857894e-001
 6.4863944e-001
 6.4864844e-001
 6.4860743e-001
 6.4851344e-001
 6.4834833e-001
 6.4809120e-001
 6.4772093e-001
 6.4721668e-001
 6.4655709e-001
 6.4572144e-001
 6.4468843e-001
 6.4346397e-001
 6.4214081e-001
 6.4083081e-001
 6.3964480e-001
 6.3869441e-001
 6.3809073e-001
 6.3794523e-001
 6.3836890e-001
 6.3940877e-001
 6.4090031e-001
 6.4263719e-001
 6.4441204e-001
 6.4601821e-001
 6.4724863e-001
 6.4789659e-001
 6.4775503e-001
 6.4672178e-001
 6.4503253e-001
 6.4299023e-001
 6.4107239e-001
 6.3935924e-001
 6.3824409e-001
 6.3792449e-001
 6.3842118e-001
 6.3959920e-001
 6.4121890e-001
 6.4299089e-001
 6.4461660e-001
 6.4583564e-001
 6.4649725e-001
 6.4660561e-001
 6.4627725e-001
 6.4567351e-001
 6.4495832e-001
 6.4426881e-001
 6.4368963e-001
 6.4324516e-001
 6.4291471e-001
 6.4265633e-001
 6.4242536e-001
 6.4218849e-001
 6.4193559e-001
 6.4168310e-001
 6.4146870e-001
 6.4133972e-001
 6.4134234e-001
 6.4151096e-001
 6.4185917e-001
 6.4237708e-001
 6.4303559e-001
 6.4379388e-001
 6.4460444e-001
 6.4541447e-001
 6.4616489e-001
 6.4679062e-001
 6.4722306e-001
 6.4739740e-001
 6.4726561e-001
 6.4681500e-001
 6.4533389e-001
 6.4502192e-001
 6.4470577e-001
 6.4442986e-001
 6.4423299e-001
 6.4414328e-001
 6.4417517e-001
 6.4432800e-001
 6.4458656e-001
 6.4492339e-001
 6.4530379e-001
 6.4569122e-001
 6.4605260e-001
 6.4636195e-001
 6.4660114e-001
 6.4675885e-001
 6.4682841e-001
 6.4680684e-001
 6.4669466e-001
 6.4649701e-001
 6.4622498e-001
 6.4589632e-001
 6.4553541e-001
 6.4517206e-001
 6.4483875e-001
 6.4456815e-001
 6.4438891e-001
 6.4432037e-001
 6.4436877e-001
 6.4452493e-001
 6.4476651e-001
 6.4506346e-001
 6.4538461e-001
 6.4570373e-001
 6.4600396e-001
 6.4627898e-001
 6.4653224e-001
 6.4677328e-001
 6.4701313e-001
 6.4726013e-001
 6.4751691e-001
 6.4777941e-001
 6.4803761e-001
 6.4827794e-001
 6.4848554e-001
 6.4864641e-001
 6.4874917e-001
 6.4878577e-001
 6.4875221e-001
 6.4864922e-001
 6.4848298e-001
 6.4826608e-001
 6.4801788e-001
 6.4776319e-001
 6.4753020e-001
 6.4734632e-001
 6.4723319e-001
 6.4720255e-001
 6.4725304e-001
 6.4737046e-001
 6.4753073e-001
 6.4770514e-001
 6.4786690e-001
 6.4799738e-001
 6.4808923e-001
 6.4814693e-001
 6.4818352e-001
 6.4821547e-001
 6.4825624e-001
 6.4831156e-001
 6.4837706e-001
 6.4843887e-001
 6.4847714e-001
 6.4847147e-001
 6.4840597e-001
 6.4827365e-001
 6.4807832e-001
 6.4783394e-001
 6.4756203e-001
 6.4728719e-001
 6.4703286e-001
 6.4681709e-001
 6.4665020e-001
 6.4653403e-001
 6.4646292e-001
 6.4642632e-001
 6.4641213e-001
 6.4641005e-001
 6.4641446e-001
 6.4642596e-001
 6.4645135e-001
 6.4650196e-001
 6.4659077e-001
 6.4672893e-001
 6.4692193e-001
 6.4716733e-001
 6.4745307e-001
 6.4775848e-001
 6.4805675e-001
 6.4831948e-001
 6.4852160e-001
 6.4864689e-001
 6.4869159e-001
 6.4866668e-001
 6.4859670e-001
 6.4851582e-001
 6.4846218e-001
 6.4847076e-001
 6.4856648e-001
 6.4875960e-001
 6.4904332e-001
 6.4939523e-001
 6.4978069e-001
 6.5015918e-001
 6.5049118e-001
 6.5074384e-001
 6.5089607e-001
 6.5094084e-001
 6.5088475e-001
 6.5074599e-001
 6.5054989e-001
 6.5032476e-001
 6.5009719e-001
 6.4988869e-001
 6.4971429e-001
 6.4958251e-001
 6.4949667e-001
 6.4945734e-001
 6.4946413e-001
 6.4951754e-001
 6.4961869e-001
 6.4976889e-001
 6.4996779e-001
 6.5021175e-001
 6.5049297e-001
 6.5079933e-001
 6.5111542e-001
 6.5142453e-001
 6.5171045e-001
 6.5195924e-001
 6.5216023e-001
 6.5230578e-001
 6.5239137e-001
 6.5241468e-001
 6.5237582e-001
 6.5227795e-001
 6.5212798e-001
 6.5193778e-001
 6.5172428e-001
 6.5150863e-001
 6.5131354e-001
 6.5116000e-001
 6.5106302e-001
 6.5102810e-001
 6.5104938e-001
 6.5110958e-001
 6.5118283e-001
 6.5123904e-001
 6.5124953e-001
 6.5119237e-001
 6.5105677e-001
 6.5084529e-001
 6.5057313e-001
 6.5026557e-001
 6.4995342e-001
 6.4966708e-001
 6.4943147e-001
 6.4926189e-001
 6.4916211e-001
 6.4912504e-001
 6.4913571e-001
 6.4917600e-001
 6.4922935e-001
 6.4928538e-001
 6.4934200e-001
 6.4940530e-001
 6.4948702e-001
 6.4960080e-001
 6.4975750e-001
 6.4996147e-001
 6.5020883e-001
 6.5048736e-001
 6.5077901e-001
 6.5106326e-001
 6.5132076e-001
 6.5153724e-001
 6.5170527e-001
 6.5182525e-001
 6.5190494e-001
 6.5195751e-001
 6.5199965e-001
 6.5204883e-001
 6.5212101e-001
 6.5222865e-001
 6.5237892e-001
 6.5257245e-001
 6.5280312e-001
 6.5305775e-001
 6.5331763e-001
 6.5356010e-001
 6.5376133e-001
 6.5389973e-001
 6.5395921e-001
 6.5393245e-001
 6.5382284e-001
 6.5364504e-001
 6.5342420e-001
 6.5319288e-001
 6.5298676e-001
 6.5283936e-001
 6.5277672e-001
 6.5281290e-001
 6.5294731e-001
 6.5316510e-001
 6.5343940e-001
 6.5373671e-001
 6.5402305e-001
 6.5426993e-001
 6.5445936e-001
 6.5458554e-001
 6.5465361e-001
 6.5467608e-001
 6.5466791e-001
 6.5464115e-001
 6.5460223e-001
 6.5455091e-001
 6.5448242e-001
 6.5439099e-001
 6.5427369e-001
 6.5413350e-001
 6.5397990e-001
 6.5382749e-001
 6.5369272e-001
 6.5359026e-001
 6.5352964e-001
 6.5351415e-001
 6.5354133e-001
 6.5360516e-001
 6.5369922e-001
 6.5381914e-001
 6.5396392e-001
 6.5413558e-001
 6.5433753e-001
 6.5457183e-001
 6.5483648e-001
 6.5512407e-001
 6.5542120e-001
 6.5571010e-001
 6.5597028e-001
 6.5618199e-001
 6.5632862e-001
 6.5639907e-001
 6.5638900e-001
 6.5630150e-001
 6.5614659e-001
 6.5594029e-001
 6.5570325e-001
 6.5545887e-001
 6.5523106e-001
 6.5504187e-001
 6.5490931e-001
 6.5484488e-001
 6.5485227e-001
 6.5492672e-001
 6.5505570e-001
 6.5522087e-001
 6.5540081e-001
 6.5557486e-001
 6.5572590e-001
 6.5584356e-001
 6.5592521e-001
 6.5597618e-001
 6.5600795e-001
 6.5603548e-001
 6.5607405e-001
 6.5613538e-001
 6.5622532e-001
 6.5634197e-001
 6.5647542e-001
 6.5660900e-001
 6.5672201e-001
 6.5679276e-001
 6.5680242e-001
 6.5673804e-001
 6.5659481e-001
 6.5637654e-001
 6.5609521e-001
 6.5576869e-001
 6.5541798e-001
 6.5506423e-001
 6.5472555e-001
 6.5441543e-001
 6.5414196e-001
 6.5390819e-001
 6.5371376e-001
 6.5355694e-001
 6.5343696e-001
 6.5335524e-001
 6.5331584e-001
 6.5332454e-001
 6.5338671e-001
 6.5350425e-001
 6.5367299e-001
 6.5388125e-001
 6.5410960e-001
 6.5433311e-001
 6.5452492e-001
 6.5466118e-001
 6.5472561e-001
 6.5471280e-001
 6.5463006e-001
 6.5449595e-001
 6.5433758e-001
 6.5418541e-001
 6.5406817e-001
 6.5400791e-001
 6.5401596e-001
 6.5409172e-001
 6.5422273e-001
 6.5438747e-001
 6.5455902e-001
 6.5471017e-001
 6.5481788e-001
 6.5486729e-001
 6.5485412e-001
 6.5478498e-001
 6.5467608e-001
 6.5454996e-001
 6.5443128e-001
 6.5434277e-001
 6.5430105e-001
 6.5431404e-001
 6.5438032e-001
 6.5449005e-001
 6.5462774e-001
 6.5477616e-001
 6.5492046e-001
 6.5505135e-001
 6.5516704e-001
 6.5527248e-001
 6.5537757e-001
 6.5549260e-001
 6.5562493e-001
 6.5577507e-001
 6.5593582e-001
 6.5609270e-001
 6.5622765e-001
 6.5632248e-001
 6.5636349e-001
 6.5634412e-001
 6.5626562e-001
 6.5613562e-001
 6.5596521e-001
 6.5576494e-001
 6.5554202e-001
 6.5529883e-001
 6.5503275e-001
 6.5473843e-001
 6.5441036e-001
 6.5404522e-001
 6.5364361e-001
 6.5321028e-001
 6.5275294e-001
 6.5228003e-001
 6.5179837e-001
 6.5131104e-001
 6.5081638e-001
 6.5030724e-001
 6.4977229e-001
 6.4919674e-001
 6.4856470e-001
 6.4786041e-001
 6.4706922e-001
 6.4617962e-001
 6.4518285e-001
 6.4407432e-001
 6.4285356e-001
 6.4152396e-001
 6.4009386e-001
 6.3857526e-001
 6.3698423e-001
 6.3533998e-001
 6.3366282e-001
 6.3197410e-001
 6.3029313e-001
 6.2863678e-001
 6.2701786e-001
 6.2544358e-001
 6.2391686e-001
 6.2243688e-001
 6.2100017e-001
 6.1960411e-001
 6.1824811e-001
 6.1693686e-001
 6.1568117e-001
 6.1449790e-001
 6.1341047e-001
 6.1244583e-001
 6.1163336e-001
 6.1100191e-001
 6.1057740e-001
 6.1038172e-001
 6.1043119e-001
 6.1073661e-001
 6.1130333e-001
 6.1213189e-001
 6.1321789e-001
 6.1455238e-001
 6.1612028e-001
 6.1789942e-001
 6.1985922e-001
 6.2195826e-001
 6.2414539e-001
 6.2635958e-001
 6.2853342e-001
 6.3059890e-001
 6.3249159e-001
 6.3415748e-001
 6.3555831e-001
 6.3667309e-001
 6.3749999e-001
 6.3805306e-001
 6.3835931e-001
 6.3845450e-001
 6.3837886e-001
 6.3817447e-001
 6.3788420e-001
 6.3755089e-001
 6.3721710e-001
 6.3692498e-001
 6.3671386e-001
 6.3661772e-001
 6.3666183e-001
 6.3685900e-001
 6.3720745e-001
 6.3769066e-001
 6.3827896e-001
 6.3893324e-001
 6.3961101e-001
 6.4027143e-001
 6.4088124e-001
 6.4141876e-001
 6.4187539e-001
 6.4225590e-001
 6.4257509e-001
 6.4285427e-001
 6.4311624e-001
 6.4337981e-001
 6.4365649e-001
 6.4394772e-001
 6.4424473e-001
 6.4453053e-001
 6.4478302e-001
 6.4497995e-001
 6.4510298e-001
 6.4514202e-001
 6.4509749e-001
 6.4498079e-001
 6.4481264e-001
 6.4461988e-001
 6.4443064e-001
 6.4426953e-001
 6.4415324e-001
 6.4408737e-001
 6.4406615e-001
 6.4407331e-001
 6.4408618e-001
 6.4408016e-001
 6.4403409e-001
 6.4393443e-001
 6.4377844e-001
 6.4357454e-001
 6.4334095e-001
 6.4310259e-001
 6.4288604e-001
 6.4271563e-001
 6.4260882e-001
 6.4257407e-001
 6.4261007e-001
 6.4270735e-001
 6.4285141e-001
 6.4302701e-001
 6.4322269e-001
 6.4343429e-001
 6.4366722e-001
 6.4393616e-001
 6.4426321e-001
 6.4467341e-001
 6.4519024e-001
 6.4583063e-001
 6.4660054e-001
 6.4749259e-001
 6.4848566e-001
 6.4954579e-001
 6.5063018e-001
 6.5169078e-001
 6.5267986e-001
 6.5355510e-001
 6.5428311e-001
 6.5484303e-001
 6.5522724e-001
 6.5544146e-001
 6.5550315e-001
 6.5543854e-001
 6.5527958e-001
 6.5506011e-001
 6.5481287e-001
 6.5456635e-001
 6.5434247e-001
 6.5415508e-001
 6.5400940e-001
 6.5390247e-001
 6.5382445e-001
 6.5376091e-001
 6.5369600e-001
 6.5361542e-001
 6.5350991e-001
 6.5337759e-001
 6.5322530e-001
 6.5306777e-001
 6.5292412e-001
 6.5281427e-001
 6.5275472e-001
 6.5275574e-001
 6.5281975e-001
 6.5294021e-001
 6.5310037e-001
 6.5327477e-001
 6.5343219e-001
 6.5354043e-001
 6.5357178e-001
 6.5350825e-001
 6.5334523e-001
 6.5309334e-001
 6.5277761e-001
 6.5243316e-001
 6.5209895e-001
 6.5181148e-001
 6.5160006e-001
 6.5148282e-001
 6.5146589e-001
 6.5154356e-001
 6.5169984e-001
 6.5191162e-001
 6.5215242e-001
 6.5239692e-001
 6.5262431e-001
 6.5282053e-001
 6.5297866e-001
 6.5309799e-001
 6.5318155e-001
 6.5323371e-001
 6.5325755e-001
 6.5325409e-001
 6.5322191e-001
 6.5315837e-001
 6.5306115e-001
 6.5292996e-001
 6.5276736e-001
 6.5257943e-001
 6.5237570e-001
 6.5216845e-001
 6.5197092e-001
 6.5179467e-001
 6.5164751e-001
 6.5153122e-001
 6.5144110e-001
 6.5136695e-001
 6.5129513e-001
 6.5121216e-001
 6.5110826e-001
 6.5098041e-001
 6.5083313e-001
 6.5067786e-001
 6.5053028e-001
 6.5040779e-001
 6.5032625e-001
 6.5029764e-001
 6.5032893e-001
 6.5042114e-001
 6.5056944e-001
 6.5076429e-001
 6.5099245e-001
 6.5123922e-001
 6.5148944e-001
 6.5172929e-001
 6.5194678e-001
 6.5213186e-001
 6.5227658e-001
 6.5237421e-001
 6.5241903e-001
 6.5240592e-001
 6.5233028e-001
 6.5218866e-001
 6.5197957e-001
 6.5170473e-001
 6.5137017e-001
 6.5098727e-001
 6.5057343e-001
 6.5015125e-001
 6.4974749e-001
 6.4939022e-001
 6.4910603e-001
 6.4891624e-001
 6.4883387e-001
 6.4886129e-001
 6.4898944e-001
 6.4919841e-001
 6.4946020e-001
 6.4974242e-001
 6.5001297e-001
 6.5024453e-001
 6.5041816e-001
 6.5052593e-001
 6.5057129e-001
 6.5056789e-001
 6.5053672e-001
 6.5050274e-001
 6.5049094e-001
 6.5052277e-001
 6.5061343e-001
 6.5077072e-001
 6.5099448e-001
 6.5127736e-001
 6.5160638e-001
 6.5196460e-001
 6.5233302e-001
 6.5269214e-001
 6.5302342e-001
 6.5331018e-001
 6.5353829e-001
 6.5369660e-001
 6.5377748e-001
 6.5377694e-001
 6.5369487e-001
 6.5353531e-001
 6.5330666e-001
 6.5302175e-001
 6.5269816e-001
 6.5235746e-001
 6.5202487e-001
 6.5172809e-001
 6.5149498e-001
 6.5135151e-001
 6.5131873e-001
 6.5140975e-001
 6.5162766e-001
 6.5196377e-001
 6.5239781e-001
 6.5289915e-001
 6.5343052e-001
 6.5395182e-001
 6.5442634e-001
 6.5482509e-001
 6.5513158e-001
 6.5534335e-001
 6.5547138e-001
 6.5553641e-001
 6.5556407e-001
 6.5557986e-001
 6.5560430e-001
 6.5564919e-001
 6.5571576e-001
 6.5579408e-001
 6.5586400e-001
 6.5589827e-001
 6.5586710e-001
 6.5574425e-001
 6.5551263e-001
 6.5516973e-001
 6.5472996e-001
 6.5422505e-001
 6.5370089e-001
 6.5321225e-001
 6.5281576e-001
 6.5256292e-001
 6.5249354e-001
 6.5263098e-001
 6.5298188e-001
 6.5353680e-001
 6.5427291e-001
 6.5515685e-001
 6.5614712e-001
 6.5719748e-001
 6.5825790e-001
 6.5927750e-001
 6.6020542e-001
 6.6099441e-001
 6.6160375e-001
 6.6200292e-001
 6.6217524e-001
 6.6212106e-001
 6.6185945e-001
 6.6142750e-001
 6.6087800e-001
 6.6027379e-001
 6.5968090e-001
 6.5916079e-001
 6.5876210e-001
 6.5851468e-001
 6.5842485e-001
 6.5847462e-001
 6.5862405e-001
 6.5881687e-001
 6.5898860e-001
 6.5907604e-001
 6.5902704e-001
 6.5880823e-001
 6.5841085e-001
 6.5785241e-001
 6.5717524e-001
 6.5644032e-001
 6.5572023e-001
 6.5508890e-001
 6.5461248e-001
 6.5434098e-001
 6.5430278e-001
 6.5450162e-001
 6.5491778e-001
 6.5551138e-001
 6.5622824e-001
 6.5700716e-001
 6.5778625e-001
 6.5850979e-001
 6.5913242e-001
 6.5962195e-001
 6.5996027e-001
 6.6014254e-001
 6.6017568e-001
 6.6007620e-001
 6.5986800e-001
 6.5957993e-001
 6.5924442e-001
 6.5889555e-001
 6.5856713e-001
 6.5829086e-001
 6.5809411e-001
 6.5799719e-001
 6.5801108e-001
 6.5813565e-001
 6.5835828e-001
 6.5865463e-001
 6.5899009e-001
 6.5932357e-001
 6.5961200e-001
 6.5981567e-001
 6.5990365e-001
 6.5985823e-001
 6.5967786e-001
 6.5937781e-001
 6.5898865e-001
 6.5855271e-001
 6.5811795e-001
 6.5773231e-001
 6.5743679e-001
 6.5726036e-001
 6.5721601e-001
 6.5729934e-001
 6.5748984e-001
 6.5775353e-001
 6.5804851e-001
 6.5833014e-001
 6.5855742e-001
 6.5869766e-001
 6.5873021e-001
 6.5864807e-001
 6.5845752e-001
 6.5817577e-001
 6.5782791e-001
 6.5744269e-001
 6.5704840e-001
 6.5666962e-001
 6.5632486e-001
 6.5602529e-001
 6.5577483e-001
 6.5557110e-001
 6.5540779e-001
 6.5527683e-001
 6.5517163e-001
 6.5508908e-001
 6.5503103e-001
 6.5500438e-001
 6.5502036e-001
 6.5509224e-001
 6.5523320e-001
 6.5545368e-001
 6.5575927e-001
 6.5614939e-001
 6.5661639e-001
 6.5714496e-001
 6.5771168e-001
 6.5828484e-001
 6.5882659e-001
 6.5929580e-001
 6.5965164e-001
 6.5985841e-001
 6.5989089e-001
 6.5973806e-001
 6.5940565e-001
 6.5891540e-001
 6.5837634e-001
 6.5762585e-001
 6.5685183e-001
 6.5610719e-001
 6.5543783e-001
 6.5487653e-001
 6.5443999e-001
 6.5412998e-001
 6.5393752e-001
 6.5384793e-001
 6.5384424e-001
 6.5390873e-001
 6.5402412e-001
 6.5417391e-001
 6.5434271e-001
 6.5451652e-001
 6.5468270e-001
 6.5482956e-001
 6.5494633e-001
 6.5502256e-001
 6.5504831e-001
 6.5501404e-001
 6.5491128e-001
 6.5473354e-001
 6.5447760e-001
 6.5414524e-001
 6.5374339e-001
 6.5328383e-001
 6.5278161e-001
 6.5225405e-001
 6.5171939e-001
 6.5119582e-001
 6.5070111e-001
 6.5025133e-001
 6.4986044e-001
 6.4953893e-001
 6.4929384e-001
 6.4912897e-001
 6.4904577e-001
 6.4904404e-001
 6.4912301e-001
 6.4928120e-001
 6.4951658e-001
 6.4982545e-001
 6.5020233e-001
 6.5063840e-001
 6.5112174e-001
 6.5163726e-001
 6.5216780e-001
 6.5269506e-001
 6.5319985e-001
 6.5366375e-001
 6.5406919e-001
 6.5440130e-001
 6.5464962e-001
 6.5480971e-001
 6.5488350e-001
 6.5487903e-001
 6.5480870e-001
 6.5468735e-001
 6.5453112e-001
 6.5435618e-001
 6.5417784e-001
 6.5400904e-001
 6.5385908e-001
 6.5373218e-001
 6.5362692e-001
 6.5353686e-001
 6.5345174e-001
 6.5335912e-001
 6.5324557e-001
 6.5309775e-001
 6.5290338e-001
 6.5265250e-001
 6.5233922e-001
 6.5196311e-001
 6.5152973e-001
 6.5105009e-001
 6.5053940e-001
 6.5001488e-001
 6.4949507e-001
 6.4899802e-001
 6.4854002e-001
 6.4813381e-001
 6.4778560e-001
 6.4749318e-001
 6.4724481e-001
 6.4702016e-001
 6.4679247e-001
 6.4653164e-001
 6.4620566e-001
 6.4578342e-001
 6.4523619e-001
 6.4454180e-001
 6.4368826e-001
 6.4267755e-001
 6.4152747e-001
 6.4026940e-001
 6.3894546e-001
 6.3760394e-001
 6.3629538e-001
 6.3507068e-001
 6.3397771e-001
 6.3305813e-001
 6.3234329e-001
 6.3184947e-001
 6.3157761e-001
 6.3151371e-001
 6.3163358e-001
 6.3190627e-001
 6.3229799e-001
 6.3277417e-001
 6.3330066e-001
 6.3384527e-001
 6.3437915e-001
 6.3487798e-001
 6.3532239e-001
 6.3569766e-001
 6.3599241e-001
 6.3619721e-001
 6.3630396e-001
 6.3630545e-001
 6.3619614e-001
 6.3597345e-001
 6.3564008e-001
 6.3520527e-001
 6.3468599e-001
 6.3410604e-001
 6.3349396e-001
 6.3288170e-001
 6.3230187e-001
 6.3178694e-001
 6.3136697e-001
 6.3106656e-001
 6.3090181e-001
 6.3087672e-001
 6.3098222e-001
 6.3119715e-001
 6.3149184e-001
 6.3183117e-001
 6.3217795e-001
 6.3249493e-001
 6.3274682e-001
 6.3290381e-001
 6.3294429e-001
 6.3285834e-001
 6.3264906e-001
 6.3233095e-001
 6.3192719e-001
 6.3146597e-001
 6.3097799e-001
 6.3049382e-001
 6.3004297e-001
 6.2965101e-001
 6.2933749e-001
 6.2911367e-001
 6.2898129e-001
 6.2893403e-001
 6.2895906e-001
 6.2904018e-001
 6.2915927e-001
 6.2929797e-001
 6.2943840e-001
 6.2956458e-001
 6.2966359e-001
 6.2972629e-001
 6.2974834e-001
 6.2972945e-001
 6.2967217e-001
 6.2958097e-001
 6.2946129e-001
 6.2931854e-001
 6.2915838e-001
 6.2898594e-001
 6.2880564e-001
 6.2862110e-001
 6.2843484e-001
 6.2824857e-001
 6.2806332e-001
 6.2787950e-001
 6.2769771e-001
 6.2751818e-001
 6.2734151e-001
 6.2716842e-001
 6.2700009e-001
 6.2683845e-001
 6.2668592e-001
 6.2654573e-001
 6.2642145e-001
 6.2631696e-001
 6.2623626e-001
 6.2618321e-001
 6.2616128e-001
 6.2617338e-001
 6.2622112e-001
 6.2630439e-001
 6.2642145e-001
 6.2656885e-001
 6.2674183e-001
 6.2693512e-001
 6.2714303e-001
 6.2735993e-001
 6.2758052e-001
 6.2780041e-001
 6.2801683e-001
 6.2822878e-001
 6.2843758e-001
 6.2864649e-001
 6.2886041e-001
 6.2908483e-001
 6.2932575e-001
 6.2958884e-001
 6.2987888e-001
 6.3019860e-001
 6.3054752e-001
 6.3092023e-001
 6.3130665e-001
 6.3169187e-001
 6.3205791e-001
 6.3238442e-001
 6.3265073e-001
 6.3283658e-001
 6.3292372e-001
 6.3289869e-001
 6.3275564e-001
 6.3249910e-001
 6.3214540e-001
 6.3172096e-001
 6.3126028e-001
 6.3080209e-001
 6.3038719e-001
 6.3005602e-001
 6.2984651e-001
 6.2979078e-001
 6.2991107e-001
 6.3021636e-001
 6.3070089e-001
 6.3134575e-001
 6.3212192e-001
 6.3299477e-001
 6.3392699e-001
 6.3488102e-001
 6.3581985e-001
 6.3671052e-001
 6.3752592e-001
 6.3824600e-001
 6.3886005e-001
 6.3936496e-001
 6.3976312e-001
 6.4006072e-001
 6.4026558e-001
 6.4038581e-001
 6.4042985e-001
 6.4040542e-001
 6.4031953e-001
 6.4017802e-001
 6.3998544e-001
 6.3974500e-001
 6.3945943e-001
 6.3913059e-001
 6.3876033e-001
 6.3835102e-001
 6.3790578e-001
 6.3742965e-001
 6.3693112e-001
 6.3642347e-001
 6.3592464e-001
 6.3545716e-001
 6.3504714e-001
 6.3472235e-001
 6.3451117e-001
 6.3444120e-001
 6.3453692e-001
 6.3481629e-001
 6.3528681e-001
 6.3594079e-001
 6.3675481e-001
 6.3769102e-001
 6.3870007e-001
 6.3972694e-001
 6.4071399e-001
 6.4160353e-001
 6.4234257e-001
 6.4288694e-001
 6.4320731e-001
 6.4329541e-001
 6.4316541e-001
 6.4285201e-001
 6.4240539e-001
 6.4188427e-001
 6.4135122e-001
 6.4086914e-001
 6.4049596e-001
 6.4027971e-001
 6.4025187e-001
 6.4042079e-001
 6.4076960e-001
 6.4125872e-001
 6.4183146e-001
 6.4242136e-001
 6.4295799e-001
 6.4337063e-001
 6.4359444e-001
 6.4357615e-001
 6.4328247e-001
 6.4270711e-001
 6.4187360e-001
 6.4083308e-001
 6.3965607e-001
 6.3842493e-001
 6.3722712e-001
 6.3615090e-001
 6.3527870e-001
 6.3468194e-001
 6.3441294e-001
 6.3449758e-001
 6.3493317e-001
 6.3569039e-001
 6.3672113e-001
 6.3796544e-001
 6.3935840e-001
 6.4083230e-001
 6.4232105e-001
 6.4376134e-001
 6.4509374e-001
 6.4626646e-001
 6.4723486e-001
 6.4796019e-001
 6.4840937e-001
 6.4855218e-001
 6.4836037e-001
 6.4780807e-001
 6.4687389e-001
 6.4554507e-001
 6.4382458e-001
 6.4173442e-001
 6.3931841e-001
 6.3664216e-001
 6.3378417e-001
 6.3083142e-001
 6.2787670e-001
 6.2500972e-001
 6.2231505e-001
 6.1986387e-001
 6.1770749e-001
 6.1586607e-001
 6.1432743e-001
 6.1305124e-001
 6.1197430e-001
 6.1102086e-001
 6.1010993e-001
 6.0915935e-001
 6.0809094e-001
 6.0683697e-001
 6.0534567e-001
 6.0358781e-001
 6.0155845e-001
 5.9927672e-001
 5.9677690e-001
 5.9410280e-001
 5.9130484e-001
 5.8843267e-001
 5.8553410e-001
 5.8265465e-001
 5.7983005e-001
 5.7708627e-001
 5.7443720e-001
 5.7188809e-001
 5.6943458e-001
 5.6706792e-001
 5.6477886e-001
 5.6255627e-001
 5.6039059e-001
 5.5827689e-001
 5.5621451e-001
 5.5421054e-001
 5.5228204e-001
 5.5045229e-001
 5.4875064e-001
 5.4720950e-001
 5.4586363e-001
 5.4474604e-001
 5.4388684e-001
 5.4331034e-001
 5.4302919e-001
 5.4304159e-001
 5.4332918e-001
 5.4385889e-001
 5.4458666e-001
 5.4546231e-001
 5.4643202e-001
 5.4744244e-001
 5.4844272e-001
 5.4938680e-001
 5.5023873e-001
 5.5097538e-001
 5.5158728e-001
 5.5207831e-001
 5.5246156e-001
 5.5275595e-001
 5.5298269e-001
 5.5316412e-001
 5.5332184e-001
 5.5347532e-001
 5.5364102e-001
 5.5383068e-001
 5.5405104e-001
 5.5430442e-001
 5.5458969e-001
 5.5490369e-001
 5.5524230e-001
 5.5560118e-001
 5.5597585e-001
 5.5636191e-001
 5.5675542e-001
 5.5715305e-001
 5.5755144e-001
 5.5794835e-001
 5.5834156e-001
 5.5872893e-001
 5.5910885e-001
 5.5947977e-001
 5.5984080e-001
 5.6019217e-001
 5.6053621e-001
 5.6087792e-001
 5.6122518e-001
 5.6158864e-001
 5.6198114e-001
 5.6241620e-001
 5.6290793e-001
 5.6347001e-001
 5.6411350e-001
 5.6484580e-001
 5.6566685e-001
 5.6656730e-001
 5.6752640e-001
 5.6851429e-001
 5.6949425e-001
 5.7042444e-001
 5.7126236e-001
 5.7196629e-001
 5.7249796e-001
 5.7282829e-001
 5.7294255e-001
 5.7284546e-001
 5.7256365e-001
 5.7214326e-001
 5.7164478e-001
 5.7113761e-001
 5.7069409e-001
 5.7038575e-001
 5.7027835e-001
 5.7042402e-001
 5.7085294e-001
 5.7156461e-001
 5.7252550e-001
 5.7367152e-001
 5.7491684e-001
 5.7616156e-001
 5.7730138e-001
 5.7823288e-001
 5.7886052e-001
 5.7910830e-001
 5.7893121e-001
 5.7832760e-001
 5.7734287e-001
 5.7606530e-001
 5.7461435e-001
 5.7312912e-001
 5.7175553e-001
 5.7063842e-001
 5.6991279e-001
 5.6968880e-001
 5.7003671e-001
 5.7097161e-001
 5.7244831e-001
 5.7436717e-001
 5.7658696e-001
 5.7894373e-001
 5.8126289e-001
 5.8337021e-001
 5.8510023e-001
 5.8631277e-001
 5.8690727e-001
 5.8683717e-001
 5.8611661e-001
 5.8481359e-001
 5.8303702e-001
 5.8091897e-001
 5.7860237e-001
 5.7623106e-001
 5.7394391e-001
 5.7186139e-001
 5.7007629e-001
 5.6864423e-001
 5.6757760e-001
 5.6685060e-001
 5.6641012e-001
 5.6618541e-001
 5.6609851e-001
 5.6606978e-001
 5.6602305e-001
 5.6589109e-001
 5.6562203e-001
 5.6518507e-001
 5.6457222e-001
 5.6379646e-001
 5.6288648e-001
 5.6187969e-001
 5.6081772e-001
 5.5974340e-001
 5.5869681e-001
 5.5771250e-001
 5.5681509e-001
 5.5601710e-001
 5.5531561e-001
 5.5469489e-001
 5.5412996e-001
 5.5358976e-001
 5.5304062e-001
 5.5244887e-001
 5.5178237e-001
 5.5101317e-001
 5.5012035e-001
 5.4909319e-001
 5.4793119e-001
 5.4664338e-001
 5.4524684e-001
 5.4376197e-001
 5.4221117e-001
 5.4061824e-001
 5.3900504e-001
 5.3739089e-001
 5.3579235e-001
 5.3421915e-001
 5.3267550e-001
 5.3115958e-001
 5.2966654e-001
 5.2818829e-001
 5.2671552e-001
 5.2524000e-001
 5.2375370e-001
 5.2225083e-001
 5.2073091e-001
 5.1919806e-001
 5.1766294e-001
 5.1614153e-001
 5.1465511e-001
 5.1322645e-001
 5.1187944e-001
 5.1063871e-001
 5.0952625e-001
 5.0856036e-001
 5.0775349e-001
 5.0710833e-001
 5.0661772e-001
 5.0626618e-001
 5.0603151e-001
 5.0588864e-001
 5.0581092e-001
 5.0577235e-001
 5.0574917e-001
 5.0572187e-001
 5.0567806e-001
 5.0561446e-001
 5.0553805e-001
 5.0546545e-001
 5.0542051e-001
 5.0543195e-001
 5.0553042e-001
 5.0574702e-001
 5.0611222e-001
 5.0665581e-001
 5.0740576e-001
 5.0834674e-001
 5.0930214e-001
 5.1077360e-001
 5.1240969e-001
 5.1416844e-001
 5.1600808e-001
 5.1788688e-001
 5.1976204e-001
 5.2159184e-001
 5.2333432e-001
 5.2494752e-001
 5.2639318e-001
 5.2766329e-001
 5.2876836e-001
 5.2971876e-001
 5.3052467e-001
 5.3119612e-001
 5.3174353e-001
 5.3217709e-001
 5.3250718e-001
 5.3274387e-001
 5.3289741e-001
 5.3297812e-001
 5.3299618e-001
 5.3296185e-001
 5.3288496e-001
 5.3277057e-001
 5.3262156e-001
 5.3244048e-001
 5.3223032e-001
 5.3199363e-001
 5.3173316e-001
 5.3145158e-001
 5.3115183e-001
 5.3083640e-001
 5.3050822e-001
 5.3016990e-001
 5.2982420e-001
 5.2947390e-001
 5.2912164e-001
 5.2877027e-001
 5.2842230e-001
 5.2808070e-001
 5.2774793e-001
 5.2742511e-001
 5.2711236e-001
 5.2681017e-001
 5.2651870e-001
 5.2623820e-001
 5.2596891e-001
 5.2571130e-001
 5.2546537e-001
 5.2523160e-001
 5.2501011e-001
 5.2480125e-001
 5.2460527e-001
 5.2442253e-001
 5.2425313e-001
 5.2409744e-001
 5.2395582e-001
 5.2382833e-001
 5.2371544e-001
 5.2361727e-001
 5.2353424e-001
 5.2346647e-001
 5.2341413e-001
 5.2337641e-001
 5.2335185e-001
 5.2333909e-001
 5.2333659e-001
 5.2334309e-001
 5.2335697e-001
 5.2337694e-001
 5.2340156e-001
 5.2342945e-001
 5.2345896e-001
 5.2348900e-001
 5.2351791e-001
 5.2354431e-001
 5.2356690e-001
 5.2358407e-001
 5.2359456e-001
 5.2359688e-001
 5.2358961e-001
 5.2357131e-001
 5.2354056e-001
 5.2349597e-001
 5.2343619e-001
 5.2335960e-001
 5.2326488e-001
 5.2315068e-001
 5.2301574e-001
 5.2286059e-001
 5.2268708e-001
 5.2249670e-001
 5.2229100e-001
 5.2207166e-001
 5.2184016e-001
 5.2159834e-001
 5.2134758e-001
 5.2108949e-001
 5.2082574e-001
 5.2055794e-001
 5.2028775e-001
 5.2001655e-001
 5.1974607e-001
 5.1947802e-001
 5.1921391e-001
 5.1895529e-001
 5.1870376e-001
 5.1846099e-001
 5.1822859e-001
 5.1800811e-001
 5.1780111e-001
 5.1760930e-001
 5.1743424e-001
 5.1727748e-001
 5.1714063e-001
 5.1702535e-001
 5.1693320e-001
 5.1686579e-001
 5.1682442e-001
 5.1680827e-001
 5.1681536e-001
 5.1684386e-001
