s07_ASD Record=6359: Kaolinite KGa-2 (pxl)         BECKb AREF
 3.2369813e-001
 3.2844153e-001
 3.3313629e-001
 3.3775067e-001
 3.4228298e-001
 3.4676215e-001
 3.5123366e-001
 3.5573810e-001
 3.6029702e-001
 3.6490685e-001
 3.6954638e-001
 3.7418735e-001
 3.7880579e-001
 3.8338980e-001
 3.8794672e-001
 3.9250457e-001
 3.9709830e-001
 4.0175238e-001
 4.0646541e-001
 4.1120613e-001
 4.1591895e-001
 4.2054048e-001
 4.2502123e-001
 4.2933777e-001
 4.3349543e-001
 4.3752155e-001
 4.4145706e-001
 4.4533959e-001
 4.4918999e-001
 4.5301175e-001
 4.5679891e-001
 4.6054640e-001
 4.6425307e-001
 4.6792200e-001
 4.7155797e-001
 4.7515836e-001
 4.7870383e-001
 4.8215935e-001
 4.8549184e-001
 4.8869443e-001
 4.9180195e-001
 4.9488053e-001
 4.9799445e-001
 5.0116926e-001
 5.0437319e-001
 5.0753278e-001
 5.1057029e-001
 5.1344359e-001
 5.1616412e-001
 5.1878846e-001
 5.2138990e-001
 5.2402914e-001
 5.2673876e-001
 5.2952456e-001
 5.3237897e-001
 5.3528786e-001
 5.3822142e-001
 5.4112053e-001
 5.4390413e-001
 5.4644835e-001
 5.4867518e-001
 5.5071002e-001
 5.5265379e-001
 5.5459660e-001
 5.5667567e-001
 5.5895853e-001
 5.6139535e-001
 5.6389505e-001
 5.6637514e-001
 5.6879145e-001
 5.7116491e-001
 5.7356793e-001
 5.7607126e-001
 5.7869339e-001
 5.8138525e-001
 5.8406025e-001
 5.8664614e-001
 5.8912271e-001
 5.9151781e-001
 5.9387207e-001
 5.9621000e-001
 5.9853947e-001
 6.0087872e-001
 6.0327876e-001
 6.0581672e-001
 6.0855722e-001
 6.1150748e-001
 6.1459655e-001
 6.1769521e-001
 6.2067014e-001
 6.2344509e-001
 6.2603647e-001
 6.2854046e-001
 6.3107687e-001
 6.3372308e-001
 6.3647437e-001
 6.3925225e-001
 6.4195132e-001
 6.4449644e-001
 6.4686507e-001
 6.4907193e-001
 6.5113723e-001
 6.5306199e-001
 6.5482080e-001
 6.5636748e-001
 6.5765518e-001
 6.5866834e-001
 6.5946001e-001
 6.6016638e-001
 6.6096079e-001
 6.6195679e-001
 6.6313386e-001
 6.6435707e-001
 6.6546983e-001
 6.6637808e-001
 6.6707087e-001
 6.6760021e-001
 6.6805744e-001
 6.6855228e-001
 6.6918629e-001
 6.7002481e-001
 6.7107797e-001
 6.7229795e-001
 6.7360991e-001
 6.7497152e-001
 6.7640620e-001
 6.7795706e-001
 6.7959332e-001
 6.8118715e-001
 6.8261445e-001
 6.8389094e-001
 6.8519169e-001
 6.8671292e-001
 6.8850094e-001
 6.9041157e-001
 6.9223535e-001
 6.9386101e-001
 6.9533235e-001
 6.9677937e-001
 6.9832879e-001
 7.0007467e-001
 7.0207548e-001
 7.0431626e-001
 7.0666987e-001
 7.0895040e-001
 7.1104777e-001
 7.1301115e-001
 7.1498722e-001
 7.1706897e-001
 7.1919864e-001
 7.2120053e-001
 7.2290587e-001
 7.2426856e-001
 7.2540075e-001
 7.2652459e-001
 7.2788930e-001
 7.2969258e-001
 7.3201460e-001
 7.3477054e-001
 7.3772365e-001
 7.4058253e-001
 7.4313575e-001
 7.4533260e-001
 7.4727559e-001
 7.4916190e-001
 7.5120282e-001
 7.5353205e-001
 7.5613791e-001
 7.5888956e-001
 7.6167125e-001
 7.6449579e-001
 7.6744407e-001
 7.7045780e-001
 7.7324295e-001
 7.7545953e-001
 7.7701402e-001
 7.7812636e-001
 7.7914459e-001
 7.8036761e-001
 7.8200382e-001
 7.8414911e-001
 7.8671962e-001
 7.8945827e-001
 7.9209691e-001
 7.9453862e-001
 7.9685289e-001
 7.9907209e-001
 8.0103630e-001
 8.0251420e-001
 8.0350691e-001
 8.0439091e-001
 8.0569530e-001
 8.0768579e-001
 8.1013834e-001
 8.1252617e-001
 8.1445062e-001
 8.1591791e-001
 8.1722301e-001
 8.1859511e-001
 8.1998456e-001
 8.2120574e-001
 8.2224840e-001
 8.2339495e-001
 8.2504076e-001
 8.2741064e-001
 8.3037454e-001
 8.3345675e-001
 8.3608699e-001
 8.3798862e-001
 8.3934426e-001
 8.4049702e-001
 8.4151822e-001
 8.4220362e-001
 8.4250116e-001
 8.4279054e-001
 8.4360826e-001
 8.4507465e-001
 8.4668338e-001
 8.4777385e-001
 8.4819698e-001
 8.4843153e-001
 8.4909856e-001
 8.5045993e-001
 8.5229087e-001
 8.5408419e-001
 8.5544956e-001
 8.5650092e-001
 8.5778731e-001
 8.5961747e-001
 8.6152601e-001
 8.6269969e-001
 8.6289907e-001
 8.6268014e-001
 8.6273611e-001
 8.6326152e-001
 8.6393940e-001
 8.6435056e-001
 8.6438286e-001
 8.6436456e-001
 8.6479747e-001
 8.6585164e-001
 8.6717242e-001
 8.6831874e-001
 8.6923170e-001
 8.6999226e-001
 8.7033153e-001
 8.6988473e-001
 8.6891574e-001
 8.6837995e-001
 8.6908656e-001
 8.7094027e-001
 8.7306935e-001
 8.7456566e-001
 8.7507725e-001
 8.7486535e-001
 8.7445879e-001
 8.7431830e-001
 8.7468159e-001
 8.7543333e-001
 8.7605327e-001
 8.7595552e-001
 8.7515330e-001
 8.7443066e-001
 8.7451875e-001
 8.7535733e-001
 8.7658805e-001
 8.7824076e-001
 8.8028711e-001
 8.8201839e-001
 8.8247967e-001
 8.8136041e-001
 8.7927902e-001
 8.7731946e-001
 8.7628937e-001
 8.7622797e-001
 8.7653774e-001
 8.7665808e-001
 8.7660420e-001
 8.7678820e-001
 8.7741214e-001
 8.7822860e-001
 8.7885714e-001
 8.7922567e-001
 8.7961572e-001
 8.8027197e-001
 8.8107491e-001
 8.8167053e-001
 8.8188636e-001
 8.8189691e-001
 8.8196039e-001
 8.8217169e-001
 8.8250142e-001
 8.8287842e-001
 8.8314295e-001
 8.8306189e-001
 8.8250315e-001
 8.8156027e-001
 8.8048720e-001
 8.7957412e-001
 8.7911087e-001
 8.7940514e-001
 8.8068968e-001
 8.8280207e-001
 8.8492250e-001
 8.8594288e-001
 8.8538790e-001
 8.8392818e-001
 8.8291246e-001
 8.8336456e-001
 8.8522661e-001
 8.8738823e-001
 8.8850504e-001
 8.8801581e-001
 8.8657421e-001
 8.8543957e-001
 8.8530010e-001
 8.8588583e-001
 8.8669777e-001
 8.8754684e-001
 8.8833201e-001
 8.8867712e-001
 8.8823301e-001
 8.8726127e-001
 8.8653010e-001
 8.8661247e-001
 8.8741410e-001
 8.8832158e-001
 8.8874394e-001
 8.8853049e-001
 8.8795400e-001
 8.8742286e-001
 8.8724226e-001
 8.8751537e-001
 8.8809717e-001
 8.8860458e-001
 8.8861978e-001
 8.8806844e-001
 8.8744599e-001
 8.8754666e-001
 8.8881266e-001
 8.9088911e-001
 8.9284259e-001
 8.9383000e-001
 8.9358228e-001
 8.9233905e-001
 8.9044756e-001
 8.8809913e-001
 8.8547868e-001
 8.8318229e-001
 8.8236934e-001
 8.8412827e-001
 8.8824171e-001
 8.9257628e-001
 8.9453632e-001
 8.9399165e-001
 8.9239770e-001
 8.9072162e-001
 8.8970327e-001
 8.9024371e-001
 8.9220965e-001
 8.9382160e-001
 8.9358073e-001
 8.9207911e-001
 8.9099377e-001
 8.9120132e-001
 8.9239568e-001
 8.9372963e-001
 8.9447665e-001
 8.9451641e-001
 8.9453685e-001
 8.9542139e-001
 8.9681143e-001
 8.9701593e-001
 8.9552987e-001
 8.9435422e-001
 8.9514548e-001
 8.9677912e-001
 8.9753002e-001
 8.9771205e-001
 8.9845705e-001
 8.9963078e-001
 9.0037453e-001
 9.0042126e-001
 8.9986885e-001
 8.9869428e-001
 8.9738762e-001
 8.9704365e-001
 8.9768505e-001
 8.9767587e-001
 8.9627671e-001
 8.9524150e-001
 8.9611876e-001
 8.9780009e-001
 8.9858121e-001
 8.9873803e-001
 8.9952457e-001
 9.0098464e-001
 9.0230399e-001
 9.0281671e-001
 9.0241969e-001
 9.0161943e-001
 9.0111744e-001
 9.0129322e-001
 9.0204537e-001
 9.0314466e-001
 9.0439159e-001
 9.0561157e-001
 9.0663415e-001
 9.0729237e-001
 9.0743113e-001
 9.0694410e-001
 9.0585417e-001
 9.0431792e-001
 9.0260255e-001
 9.0116024e-001
 9.0058798e-001
 9.0127504e-001
 9.0288877e-001
 9.0443009e-001
 9.0500319e-001
 9.0461087e-001
 9.0414965e-001
 9.0455931e-001
 9.0595090e-001
 9.0765548e-001
 9.0894645e-001
 9.0946287e-001
 9.0924829e-001
 9.0856701e-001
 9.0781903e-001
 9.0685606e-001
 9.0592933e-001
 9.0513629e-001
 9.0449464e-001
 9.0398991e-001
 9.0360773e-001
 9.0334582e-001
 9.0327990e-001
 9.0351701e-001
 9.0416467e-001
 9.0528637e-001
 9.0665692e-001
 9.0793437e-001
 9.0877676e-001
 9.0890074e-001
 9.0841359e-001
 9.0758085e-001
 9.0666842e-001
 9.0591884e-001
 9.0541464e-001
 9.0516096e-001
 9.0525103e-001
 9.0564191e-001
 9.0630323e-001
 9.0715730e-001
 9.0812486e-001
 9.0912628e-001
 9.1008335e-001
 9.1094369e-001
 9.1167957e-001
 9.1226500e-001
 9.1267365e-001
 9.1288096e-001
 9.1289699e-001
 9.1276610e-001
 9.1253418e-001
 9.1224682e-001
 9.1194868e-001
 9.1165078e-001
 9.1133189e-001
 9.1096926e-001
 9.1054046e-001
 9.1002268e-001
 9.0941250e-001
 9.0878105e-001
 9.0821749e-001
 9.0781081e-001
 9.0765035e-001
 9.0782511e-001
 9.0839380e-001
 9.0929770e-001
 9.1045022e-001
 9.1176432e-001
 9.1315347e-001
 9.1453046e-001
 9.1580880e-001
 9.1692036e-001
 9.1786772e-001
 9.1867071e-001
 9.1934884e-001
 9.1992211e-001
 9.2040998e-001
 9.2083216e-001
 9.2120838e-001
 9.2155290e-001
 9.2185885e-001
 9.2211485e-001
 9.2230928e-001
 9.2243052e-001
 9.2246705e-001
 9.2240721e-001
 9.2223948e-001
 9.2195928e-001
 9.2158711e-001
 9.2114967e-001
 9.2067367e-001
 9.2018580e-001
 9.1971254e-001
 9.1928077e-001
 9.1891694e-001
 9.1864067e-001
 9.1844481e-001
 9.1831625e-001
 9.1824186e-001
 9.1820848e-001
 9.1820294e-001
 9.1821200e-001
 9.1822267e-001
 9.1822165e-001
 9.1819602e-001
 9.1813231e-001
 9.1801763e-001
 9.1784388e-001
 9.1762209e-001
 9.1736722e-001
 9.1709453e-001
 9.1681916e-001
 9.1655630e-001
 9.1632110e-001
 9.1612864e-001
 9.1599417e-001
 9.1593283e-001
 9.1595966e-001
 9.1609001e-001
 9.1633165e-001
 9.1666675e-001
 9.1707128e-001
 9.1752172e-001
 9.1799426e-001
 9.1846520e-001
 9.1891062e-001
 9.1930693e-001
 9.1963041e-001
 9.1985714e-001
 9.1996354e-001
 9.1993403e-001
 9.1978210e-001
 9.1952783e-001
 9.1919088e-001
 9.1879135e-001
 9.1834903e-001
 9.1788387e-001
 9.1741562e-001
 9.1696447e-001
 9.1655010e-001
 9.1619021e-001
 9.1589463e-001
 9.1567123e-001
 9.1552812e-001
 9.1547334e-001
 9.1551507e-001
 9.1566116e-001
 9.1591978e-001
 9.1629887e-001
 9.1680670e-001
 9.1744000e-001
 9.1815877e-001
 9.1891438e-001
 9.1965854e-001
 9.2034292e-001
 9.2091906e-001
 9.2133868e-001
 9.2155337e-001
 9.2151469e-001
 9.2117447e-001
 9.2050838e-001
 9.1957432e-001
 9.1844714e-001
 9.1720170e-001
 9.1591328e-001
 9.1465640e-001
 9.1350645e-001
 9.1253805e-001
 9.1182625e-001
 9.1141826e-001
 9.1126800e-001
 9.1131073e-001
 9.1148108e-001
 9.1171408e-001
 9.1194475e-001
 9.1210783e-001
 9.1213828e-001
 9.1199416e-001
 9.1170967e-001
 9.1133499e-001
 9.1091985e-001
 9.1051441e-001
 9.1016841e-001
 9.0993202e-001
 9.0985501e-001
 9.0996659e-001
 9.1022706e-001
 9.1058326e-001
 9.1098160e-001
 9.1136867e-001
 9.1169143e-001
 9.1189629e-001
 9.1192979e-001
 9.1176087e-001
 9.1142893e-001
 9.1098815e-001
 9.1052681e-001
 9.1004771e-001
 9.0963084e-001
 9.0931910e-001
 9.0913773e-001
 9.0909868e-001
 9.0920538e-001
 9.0945715e-001
 9.0985036e-001
 9.1037434e-001
 9.1100168e-001
 9.1168326e-001
 9.1235495e-001
 9.1294789e-001
 9.1339773e-001
 9.1365874e-001
 9.1372025e-001
 9.1361201e-001
 9.1339368e-001
 9.1313922e-001
 9.1292226e-001
 9.1280288e-001
 9.1281563e-001
 9.1296500e-001
 9.1323227e-001
 9.1358668e-001
 9.1399521e-001
 9.1443008e-001
 9.1487372e-001
 9.1532010e-001
 9.1577250e-001
 9.1623944e-001
 9.1673028e-001
 9.1725218e-001
 9.1780794e-001
 9.1839540e-001
 9.1900831e-001
 9.1963810e-001
 9.2027581e-001
 9.2091358e-001
 9.2147934e-001
 9.2205405e-001
 9.2260617e-001
 9.2312461e-001
 9.2359698e-001
 9.2400962e-001
 9.2434835e-001
 9.2459953e-001
 9.2475212e-001
 9.2479980e-001
 9.2474359e-001
 9.2459381e-001
 9.2437106e-001
 9.2410493e-001
 9.2383069e-001
 9.2358452e-001
 9.2339915e-001
 9.2329925e-001
 9.2329806e-001
 9.2339563e-001
 9.2357928e-001
 9.2382538e-001
 9.2410302e-001
 9.2437798e-001
 9.2461705e-001
 9.2479187e-001
 9.2488343e-001
 9.2488611e-001
 9.2480987e-001
 9.2467988e-001
 9.2453140e-001
 9.2440319e-001
 9.2433041e-001
 9.2433882e-001
 9.2444158e-001
 9.2463893e-001
 9.2491943e-001
 9.2526430e-001
 9.2565113e-001
 9.2605764e-001
 9.2646337e-001
 9.2685008e-001
 9.2720079e-001
 9.2749906e-001
 9.2772901e-001
 9.2787671e-001
 9.2793322e-001
 9.2789781e-001
 9.2778003e-001
 9.2760062e-001
 9.2738885e-001
 9.2717785e-001
 9.2699885e-001
 9.2687488e-001
 9.2681688e-001
 9.2682213e-001
 9.2687631e-001
 9.2695767e-001
 9.2704302e-001
 9.2711288e-001
 9.2715585e-001
 9.2716980e-001
 9.2716128e-001
 9.2714286e-001
 9.2712921e-001
 9.2713350e-001
 9.2716491e-001
 9.2722684e-001
 9.2731720e-001
 9.2742962e-001
 9.2755538e-001
 9.2768556e-001
 9.2781311e-001
 9.2793453e-001
 9.2805004e-001
 9.2816406e-001
 9.2828435e-001
 9.2842060e-001
 9.2858326e-001
 9.2878139e-001
 9.2902136e-001
 9.2930567e-001
 9.2963207e-001
 9.2999333e-001
 9.3037790e-001
 9.3077046e-001
 9.3115413e-001
 9.3151182e-001
 9.3182844e-001
 9.3209285e-001
 9.3229932e-001
 9.3244827e-001
 9.3254656e-001
 9.3260628e-001
 9.3264359e-001
 9.3267590e-001
 9.3271947e-001
 9.3278682e-001
 9.3288469e-001
 9.3301290e-001
 9.3316460e-001
 9.3332738e-001
 9.3348557e-001
 9.3362319e-001
 9.3372744e-001
 9.3379080e-001
 9.3381327e-001
 9.3380296e-001
 9.3377489e-001
 9.3374908e-001
 9.3374729e-001
 9.3378943e-001
 9.3389070e-001
 9.3405902e-001
 9.3429500e-001
 9.3459201e-001
 9.3493843e-001
 9.3532026e-001
 9.3572277e-001
 9.3613219e-001
 9.3653572e-001
 9.3692106e-001
 9.3727565e-001
 9.3758595e-001
 9.3783814e-001
 9.3802029e-001
 9.3812472e-001
 9.3815118e-001
 9.3810874e-001
 9.3801564e-001
 9.3789715e-001
 9.3778169e-001
 9.3769532e-001
 9.3765700e-001
 9.3767512e-001
 9.3774641e-001
 9.3785739e-001
 9.3798774e-001
 9.3811452e-001
 9.3821597e-001
 9.3827462e-001
 9.3827814e-001
 9.3821901e-001
 9.3809372e-001
 9.3790150e-001
 9.3764395e-001
 9.3732601e-001
 9.3695658e-001
 9.3655068e-001
 9.3612993e-001
 9.3572199e-001
 9.3535894e-001
 9.3507314e-001
 9.3489325e-001
 9.3483901e-001
 9.3491751e-001
 9.3512052e-001
 9.3542486e-001
 9.3579417e-001
 9.3618399e-001
 9.3654794e-001
 9.3684447e-001
 9.3704313e-001
 9.3712902e-001
 9.3710452e-001
 9.3698794e-001
 9.3680954e-001
 9.3660539e-001
 9.3641043e-001
 9.3625230e-001
 9.3614674e-001
 9.3609601e-001
 9.3608999e-001
 9.3611002e-001
 9.3613458e-001
 9.3614542e-001
 9.3613285e-001
 9.3609887e-001
 9.3605763e-001
 9.3603188e-001
 9.3604779e-001
 9.3612748e-001
 9.3628305e-001
 9.3651170e-001
 9.3679535e-001
 9.3710357e-001
 9.3739986e-001
 9.3764919e-001
 9.3782556e-001
 9.3791640e-001
 9.3792337e-001
 9.3786007e-001
 9.3774611e-001
 9.3760085e-001
 9.3743807e-001
 9.3726295e-001
 9.3707210e-001
 9.3685633e-001
 9.3660492e-001
 9.3630958e-001
 9.3596733e-001
 9.3558156e-001
 9.3516141e-001
 9.3471956e-001
 9.3427044e-001
 9.3382877e-001
 9.3340904e-001
 9.3302584e-001
 9.3269444e-001
 9.3243086e-001
 9.3225121e-001
 9.3216908e-001
 9.3219286e-001
 9.3232238e-001
 9.3254638e-001
 9.3284100e-001
 9.3317103e-001
 9.3349200e-001
 9.3375492e-001
 9.3391132e-001
 9.3391889e-001
 9.3374616e-001
 9.3337578e-001
 9.3280661e-001
 9.3205273e-001
 9.3114215e-001
 9.3011290e-001
 9.2900938e-001
 9.2787844e-001
 9.2676520e-001
 9.2571139e-001
 9.2475265e-001
 9.2391860e-001
 9.2323190e-001
 9.2270786e-001
 9.2235482e-001
 9.2217350e-001
 9.2215693e-001
 9.2229044e-001
 9.2255270e-001
 9.2291701e-001
 9.2335331e-001
 9.2383140e-001
 9.2432266e-001
 9.2480326e-001
 9.2525482e-001
 9.2566550e-001
 9.2602986e-001
 9.2634779e-001
 9.2662334e-001
 9.2686355e-001
 9.2707723e-001
 9.2727381e-001
 9.2746264e-001
 9.2765200e-001
 9.2784834e-001
 9.2805517e-001
 9.2827272e-001
 9.2849666e-001
 9.2871869e-001
 9.2892599e-001
 9.2910266e-001
 9.2923105e-001
 9.2929351e-001
 9.2927462e-001
 9.2916328e-001
 9.2895436e-001
 9.2864990e-001
 9.2825937e-001
 9.2779928e-001
 9.2729074e-001
 9.2675775e-001
 9.2622310e-001
 9.2570543e-001
 9.2521536e-001
 9.2475307e-001
 9.2430723e-001
 9.2385495e-001
 9.2336488e-001
 9.2280132e-001
 9.2212933e-001
 9.2132163e-001
 9.2036289e-001
 9.1925395e-001
 9.1801226e-001
 9.1666949e-001
 9.1526765e-001
 9.1385150e-001
 9.1246307e-001
 9.1113532e-001
 9.0988761e-001
 9.0872544e-001
 9.0764123e-001
 9.0661705e-001
 9.0562975e-001
 9.0465468e-001
 9.0367019e-001
 9.0266031e-001
 9.0161580e-001
 9.0053499e-001
 8.9942211e-001
 8.9828658e-001
 8.9714080e-001
 8.9599800e-001
 8.9487141e-001
 8.9377260e-001
 8.9271110e-001
 8.9169455e-001
 8.9072788e-001
 8.8981497e-001
 8.8895798e-001
 8.8815856e-001
 8.8741761e-001
 8.8673514e-001
 8.8611048e-001
 8.8554174e-001
 8.8502532e-001
 8.8455647e-001
 8.8412911e-001
 8.8373661e-001
 8.8337272e-001
 8.8303250e-001
 8.8271296e-001
 8.8241309e-001
 8.8213366e-001
 8.8187605e-001
 8.8164014e-001
 8.8142359e-001
 8.8122016e-001
 8.8101971e-001
 8.8080883e-001
 8.8057262e-001
 8.8029665e-001
 8.7996918e-001
 8.7958252e-001
 8.7913346e-001
 8.7862188e-001
 8.7804902e-001
 8.7741464e-001
 8.7671363e-001
 8.7593442e-001
 8.7505734e-001
 8.7405568e-001
 8.7289846e-001
 8.7155396e-001
 8.6999607e-001
 8.6820847e-001
 8.6619073e-001
 8.6396086e-001
 8.6155516e-001
 8.5902828e-001
 8.5644633e-001
 8.5388315e-001
 8.5141224e-001
 8.4909922e-001
 8.4699786e-001
 8.4514380e-001
 8.4355348e-001
 8.4222221e-001
 8.4112394e-001
 8.4021366e-001
 8.3942807e-001
 8.3868968e-001
 8.3791053e-001
 8.3699685e-001
 8.3585548e-001
 8.3440024e-001
 8.3255732e-001
 8.3027166e-001
 8.2750839e-001
 8.2425600e-001
 8.2052439e-001
 8.1634027e-001
 8.1174588e-001
 8.0679017e-001
 8.0152804e-001
 7.9601502e-001
 7.9030305e-001
 7.8444463e-001
 7.7848780e-001
 7.7248287e-001
 7.6648217e-001
 7.6054001e-001
 7.5471866e-001
 7.4908334e-001
 7.4370575e-001
 7.3865956e-001
 7.3401499e-001
 7.2983795e-001
 7.2618365e-001
 7.2309083e-001
 7.2058177e-001
 7.1865755e-001
 7.1730018e-001
 7.1647203e-001
 7.1611714e-001
 7.1616220e-001
 7.1651447e-001
 7.1705914e-001
 7.1765494e-001
 7.1813273e-001
 7.1829849e-001
 7.1794540e-001
 7.1687758e-001
 7.1494412e-001
 7.1207875e-001
 7.0834106e-001
 7.0394129e-001
 6.9925046e-001
 6.9477773e-001
 6.9111967e-001
 6.8889165e-001
 6.8864232e-001
 6.9077861e-001
 6.9550616e-001
 7.0280564e-001
 7.1243709e-001
 7.2397983e-001
 7.3689890e-001
 7.5060505e-001
 7.6453394e-001
 7.7818793e-001
 7.9117513e-001
 8.0322814e-001
 8.1418973e-001
 8.2400799e-001
 8.3270395e-001
 8.4035045e-001
 8.4705156e-001
 8.5291719e-001
 8.5805619e-001
 8.6256325e-001
 8.6651808e-001
 8.6998653e-001
 8.7302077e-001
 8.7566608e-001
 8.7796283e-001
 8.7995076e-001
 8.8167197e-001
 8.8316995e-001
 8.8448972e-001
 8.8567609e-001
 8.8676959e-001
 8.8780540e-001
 8.8880944e-001
 8.8979799e-001
 8.9077789e-001
 8.9174676e-001
 8.9269674e-001
 8.9361644e-001
 8.9449483e-001
 8.9532453e-001
 8.9610302e-001
 8.9683467e-001
 8.9752930e-001
 8.9820105e-001
 8.9886594e-001
 8.9953828e-001
 9.0022844e-001
 9.0094048e-001
 9.0167123e-001
 9.0241116e-001
 9.0314525e-001
 9.0385610e-001
 9.0452653e-001
 9.0514219e-001
 9.0569413e-001
 9.0617949e-001
 9.0660197e-001
 9.0697098e-001
 9.0729934e-001
 9.0760154e-001
 9.0789062e-001
 9.0817636e-001
 9.0846372e-001
 9.0875167e-001
 9.0903407e-001
 9.0930051e-001
 9.0953815e-001
 9.0973413e-001
 9.0987772e-001
 9.0996206e-001
 9.0998530e-001
 9.0995109e-001
 9.0986794e-001
 9.0974838e-001
 9.0960699e-001
 9.0945899e-001
 9.0931910e-001
 9.0920043e-001
 9.0911436e-001
 9.0907091e-001
 9.0907907e-001
 9.0914726e-001
 9.0928334e-001
 9.0949398e-001
 9.0978384e-001
 9.1015440e-001
 9.1060299e-001
 9.1112268e-001
 9.1170233e-001
 9.1232777e-001
 9.1298395e-001
 9.1365600e-001
 9.1433144e-001
 9.1500086e-001
 9.1565794e-001
 9.1629928e-001
 9.1692293e-001
 9.1752744e-001
 9.1811037e-001
 9.1866785e-001
 9.1919470e-001
 9.1968447e-001
 9.2013073e-001
 9.2052799e-001
 9.2087293e-001
 9.2116511e-001
 9.2140687e-001
 9.2160320e-001
 9.2175996e-001
 9.2188227e-001
 9.2197359e-001
 9.2203462e-001
 9.2206347e-001
 9.2205578e-001
 9.2200589e-001
 9.2190844e-001
 9.2176032e-001
 9.2156321e-001
 9.2132497e-001
 9.2106020e-001
 9.2078906e-001
 9.2053527e-001
 9.2032248e-001
 9.2017025e-001
 9.2009157e-001
 9.2009151e-001
 9.2016715e-001
 9.2030865e-001
 9.2050093e-001
 9.2072505e-001
 9.2096049e-001
 9.2118680e-001
 9.2138582e-001
 9.2154354e-001
 9.2165077e-001
 9.2170417e-001
 9.2170554e-001
 9.2166096e-001
 9.2157930e-001
 9.2147076e-001
 9.2134517e-001
 9.2121089e-001
 9.2107433e-001
 9.2093974e-001
 9.2080986e-001
 9.2068636e-001
 9.2057031e-001
 9.2046303e-001
 9.2036623e-001
 9.2028254e-001
 9.2021537e-001
 9.2016882e-001
 9.2014748e-001
 9.2015558e-001
 9.2019677e-001
 9.2027301e-001
 9.2038393e-001
 9.2052633e-001
 9.2069376e-001
 9.2087692e-001
 9.2106420e-001
 9.2124373e-001
 9.2140460e-001
 9.2153865e-001
 9.2164183e-001
 9.2171460e-001
 9.2176223e-001
 9.2179394e-001
 9.2182142e-001
 9.2185694e-001
 9.2191106e-001
 9.2198992e-001
 9.2209393e-001
 9.2221677e-001
 9.2234606e-001
 9.2246509e-001
 9.2255539e-001
 9.2260021e-001
 9.2258734e-001
 9.2251158e-001
 9.2237604e-001
 9.2219192e-001
 9.2197686e-001
 9.2175257e-001
 9.2154127e-001
 9.2136246e-001
 9.2122996e-001
 9.2115033e-001
 9.2112243e-001
 9.2113805e-001
 9.2118418e-001
 9.2124557e-001
 9.2130738e-001
 9.2135781e-001
 9.2138952e-001
 9.2140067e-001
 9.2139447e-001
 9.2137808e-001
 9.2136103e-001
 9.2135340e-001
 9.2136413e-001
 9.2139971e-001
 9.2146343e-001
 9.2155498e-001
 9.2167109e-001
 9.2180580e-001
 9.2195159e-001
 9.2210019e-001
 9.2224371e-001
 9.2237574e-001
 9.2249203e-001
 9.2259157e-001
 9.2267734e-001
 9.2275625e-001
 9.2283922e-001
 9.2294019e-001
 9.2307466e-001
 9.2325705e-001
 9.2349815e-001
 9.2380196e-001
 9.2416358e-001
 9.2456698e-001
 9.2498589e-001
 9.2538434e-001
 9.2572093e-001
 9.2595297e-001
 9.2604208e-001
 9.2595929e-001
 9.2568946e-001
 9.2523360e-001
 9.2460907e-001
 9.2384791e-001
 9.2299336e-001
 9.2209452e-001
 9.2120212e-001
 9.2036277e-001
 9.1961628e-001
 9.1899228e-001
 9.1850853e-001
 9.1817105e-001
 9.1797376e-001
 9.1790044e-001
 9.1792589e-001
 9.1801870e-001
 9.1814458e-001
 9.1826987e-001
 9.1836488e-001
 9.1840667e-001
 9.1838121e-001
 9.1828495e-001
 9.1812450e-001
 9.1791666e-001
 9.1768688e-001
 9.1746598e-001
 9.1728657e-001
 9.1717786e-001
 9.1716105e-001
 9.1724515e-001
 9.1742510e-001
 9.1768175e-001
 9.1798449e-001
 9.1829556e-001
 9.1857594e-001
 9.1879106e-001
 9.1891563e-001
 9.1893697e-001
 9.1885489e-001
 9.1867971e-001
 9.1842872e-001
 9.1812283e-001
 9.1778249e-001
 9.1742492e-001
 9.1706258e-001
 9.1670197e-001
 9.1634446e-001
 9.1598749e-001
 9.1562623e-001
 9.1525650e-001
 9.1487706e-001
 9.1449177e-001
 9.1411114e-001
 9.1375202e-001
 9.1343707e-001
 9.1319174e-001
 9.1304123e-001
 9.1300654e-001
 9.1310042e-001
 9.1332406e-001
 9.1366524e-001
 9.1409796e-001
 9.1458392e-001
 9.1507596e-001
 9.1552275e-001
 9.1587442e-001
 9.1608834e-001
 9.1613382e-001
 9.1599548e-001
 9.1567475e-001
 9.1518939e-001
 9.1457081e-001
 9.1386080e-001
 9.1310662e-001
 9.1235662e-001
 9.1165662e-001
 9.1104627e-001
 9.1055757e-001
 9.1021383e-001
 9.1002882e-001
 9.1000777e-001
 9.1014701e-001
 9.1043472e-001
 9.1085136e-001
 9.1136998e-001
 9.1195714e-001
 9.1257453e-001
 9.1318011e-001
 9.1373104e-001
 9.1418612e-001
 9.1450799e-001
 9.1466576e-001
 9.1463649e-001
 9.1440654e-001
 9.1397130e-001
 9.1333574e-001
 9.1251314e-001
 9.1152477e-001
 9.1039932e-001
 9.0917140e-001
 9.0788180e-001
 9.0657532e-001
 9.0529907e-001
 9.0410048e-001
 9.0302354e-001
 9.0210593e-001
 9.0137506e-001
 9.0084535e-001
 9.0051645e-001
 9.0037286e-001
 9.0038550e-001
 9.0051460e-001
 9.0071422e-001
 9.0093714e-001
 9.0113980e-001
 9.0128684e-001
 9.0135366e-001
 9.0132833e-001
 9.0121114e-001
 9.0101290e-001
 9.0075219e-001
 9.0045220e-001
 9.0013701e-001
 8.9982885e-001
 8.9954597e-001
 8.9930069e-001
 8.9909935e-001
 8.9894199e-001
 8.9882290e-001
 8.9873111e-001
 8.9865124e-001
 8.9856398e-001
 8.9844686e-001
 8.9827502e-001
 8.9802235e-001
 8.9766324e-001
 8.9717454e-001
 8.9653814e-001
 8.9574337e-001
 8.9478964e-001
 8.9368719e-001
 8.9245814e-001
 8.9113289e-001
 8.8974816e-001
 8.8834369e-001
 8.8695842e-001
 8.8562888e-001
 8.8438582e-001
 8.8325447e-001
 8.8225377e-001
 8.8139498e-001
 8.8068181e-001
 8.8011044e-001
 8.7967056e-001
 8.7934685e-001
 8.7912023e-001
 8.7896979e-001
 8.7887365e-001
 8.7880999e-001
 8.7875748e-001
 8.7874013e-001
 8.7866992e-001
 8.7854952e-001
 8.7836218e-001
 8.7809587e-001
 8.7774575e-001
 8.7731606e-001
 8.7681931e-001
 8.7627339e-001
 8.7569970e-001
 8.7511998e-001
 8.7455612e-001
 8.7402850e-001
 8.7355447e-001
 8.7314737e-001
 8.7281519e-001
 8.7256038e-001
 8.7238067e-001
 8.7226987e-001
 8.7221956e-001
 8.7221998e-001
 8.7226111e-001
 8.7233263e-001
 8.7242442e-001
 8.7252653e-001
 8.7262934e-001
 8.7272370e-001
 8.7280083e-001
 8.7285233e-001
 8.7287003e-001
 8.7284601e-001
 8.7277305e-001
 8.7264562e-001
 8.7246138e-001
 8.7222356e-001
 8.7194276e-001
 8.7163746e-001
 8.7133384e-001
 8.7106329e-001
 8.7086028e-001
 8.7076062e-001
 8.7079936e-001
 8.7100822e-001
 8.7141192e-001
 8.7202376e-001
 8.7284070e-001
 8.7384272e-001
 8.7499344e-001
 8.7624466e-001
 8.7754190e-001
 8.7882680e-001
 8.8004148e-001
 8.8113004e-001
 8.8204217e-001
 8.8273770e-001
 8.8318902e-001
 8.8338339e-001
 8.8332093e-001
 8.8301146e-001
 8.8247061e-001
 8.8171703e-001
 8.8077021e-001
 8.7965035e-001
 8.7837797e-001
 8.7697333e-001
 8.7545747e-001
 8.7385178e-001
 8.7217730e-001
 8.7045616e-001
 8.6870968e-001
 8.6695975e-001
 8.6522764e-001
 8.6353290e-001
 8.6189300e-001
 8.6032021e-001
 8.5882145e-001
 8.5739672e-001
 8.5603964e-001
 8.5473984e-001
 8.5348386e-001
 8.5225737e-001
 8.5104585e-001
 8.4983510e-001
 8.4861302e-001
 8.4736997e-001
 8.4610039e-001
 8.4480327e-001
 8.4348077e-001
 8.4213853e-001
 8.4078383e-001
 8.3942419e-001
 8.3806807e-001
 8.3672291e-001
 8.3539563e-001
 8.3409178e-001
 8.3281428e-001
 8.3156449e-001
 8.3034098e-001
 8.2914132e-001
 8.2796216e-001
 8.2679939e-001
 8.2564944e-001
 8.2450873e-001
 8.2337499e-001
 8.2224798e-001
 8.2112938e-001
 8.2002413e-001
 8.1893903e-001
 8.1788319e-001
 8.1686676e-001
 8.1589985e-001
 8.1499308e-001
 8.1415594e-001
 8.1339693e-001
 8.1272209e-001
 8.1213403e-001
 8.1163216e-001
 8.1121254e-001
 8.1086880e-001
 8.1059331e-001
 8.1037766e-001
 8.1021339e-001
 8.1009197e-001
 8.1000543e-001
 8.0994648e-001
 8.0990881e-001
 8.0988723e-001
 8.0987757e-001
 8.0987632e-001
 8.0988050e-001
 8.0988741e-001
 8.0989450e-001
 8.0989999e-001
 8.0990291e-001
 8.0990410e-001
 8.0990684e-001
 8.0991668e-001
 8.0994177e-001
 8.0999172e-001
 8.1007731e-001
 8.1020957e-001
 8.1039935e-001
 8.1065637e-001
 8.1098813e-001
 8.1139833e-001
 8.1188530e-001
 8.1244195e-001
 8.1305581e-001
 8.1371069e-001
 8.1438816e-001
 8.1506866e-001
 8.1573302e-001
 8.1636298e-001
 8.1694311e-001
 8.1746238e-001
 8.1791598e-001
 8.1830585e-001
 8.1863999e-001
 8.1893104e-001
 8.1919408e-001
 8.1944543e-001
 8.1970155e-001
 8.1997746e-001
 8.2028520e-001
 8.2063228e-001
 8.2101929e-001
 8.2143974e-001
 8.2188058e-001
 8.2232368e-001
 8.2274836e-001
 8.2313246e-001
 8.2345414e-001
 8.2369286e-001
 8.2383144e-001
 8.2385844e-001
 8.2377011e-001
 8.2357091e-001
 8.2327324e-001
 8.2289511e-001
 8.2245767e-001
 8.2198387e-001
 8.2149673e-001
 8.2101846e-001
 8.2056922e-001
 8.2016563e-001
 8.1981933e-001
 8.1953669e-001
 8.1931919e-001
 8.1916469e-001
 8.1906897e-001
 8.1902677e-001
 8.1903219e-001
 8.1907946e-001
 8.1916261e-001
 8.1927568e-001
 8.1941259e-001
 8.1956726e-001
 8.1973374e-001
 8.1990570e-001
 8.2007724e-001
 8.2024211e-001
 8.2039440e-001
 8.2052845e-001
 8.2063937e-001
 8.2072324e-001
 8.2077771e-001
 8.2080215e-001
 8.2079732e-001
 8.2076520e-001
 8.2070845e-001
 8.2062995e-001
 8.2053280e-001
 8.2042032e-001
 8.2029593e-001
 8.2016331e-001
 8.2002664e-001
 8.1989050e-001
 8.1975991e-001
 8.1963998e-001
 8.1953627e-001
 8.1945413e-001
 8.1939852e-001
 8.1937361e-001
 8.1938154e-001
 8.1942135e-001
 8.1948769e-001
 8.1957048e-001
 8.1965530e-001
 8.1972450e-001
 8.1975865e-001
 8.1973761e-001
 8.1964153e-001
 8.1945258e-001
 8.1915635e-001
 8.1874496e-001
 8.1821930e-001
 8.1758952e-001
 8.1687433e-001
 8.1609929e-001
 8.1529307e-001
 8.1448627e-001
 8.1370878e-001
 8.1298912e-001
 8.1234998e-001
 8.1180578e-001
 8.1135994e-001
 8.1100279e-001
 8.1071317e-001
 8.1046188e-001
 8.1021446e-001
 8.0993432e-001
 8.0958498e-001
 8.0913222e-001
 8.0854690e-001
 8.0780852e-001
 8.0690891e-001
 8.0585265e-001
 8.0465591e-001
 8.0334443e-001
 8.0194849e-001
 8.0050051e-001
 7.9903418e-001
 7.9758066e-001
 7.9616761e-001
 7.9481584e-001
 7.9353827e-001
 7.9233724e-001
 7.9120624e-001
 7.9013300e-001
 7.8910065e-001
 7.8809065e-001
 7.8708470e-001
 7.8606504e-001
 7.8501642e-001
 7.8392774e-001
 7.8279436e-001
 7.8161711e-001
 7.8040266e-001
 7.7916288e-001
 7.7791113e-001
 7.7666187e-001
 7.7543074e-001
 7.7423143e-001
 7.7307582e-001
 7.7197319e-001
 7.7092731e-001
 7.6993722e-001
 7.6899719e-001
 7.6809865e-001
 7.6723039e-001
 7.6638031e-001
 7.6553655e-001
 7.6468712e-001
 7.6382059e-001
 7.6292753e-001
 7.6199979e-001
 7.6103133e-001
 7.6001769e-001
 7.5895655e-001
 7.5784564e-001
 7.5668311e-001
 7.5546861e-001
 7.5420177e-001
 7.5288415e-001
 7.5152111e-001
 7.5012147e-001
 7.4869829e-001
 7.4726999e-001
 7.4585682e-001
 7.4448127e-001
 7.4316597e-001
 7.4193382e-001
 7.4080408e-001
 7.3979080e-001
 7.3889965e-001
 7.3812306e-001
 7.3744005e-001
 7.3681772e-001
 7.3621362e-001
 7.3558003e-001
 7.3486668e-001
 7.3402339e-001
 7.3300117e-001
 7.3175466e-001
 7.3024607e-001
 7.2844547e-001
 7.2633260e-001
 7.2389764e-001
 7.2113580e-001
 7.1804607e-001
 7.1463150e-001
 7.1089399e-001
 7.0683676e-001
 7.0246285e-001
 6.9777966e-001
 6.9279331e-001
 6.8751156e-001
 6.8194771e-001
 6.7611259e-001
 6.7001772e-001
 6.6367954e-001
 6.5711141e-001
 6.5033060e-001
 6.4335746e-001
 6.3622540e-001
 6.2897396e-001
 6.2165481e-001
 6.1433554e-001
 6.0708684e-001
 5.9998393e-001
 5.9310919e-001
 5.8653891e-001
 5.8034539e-001
 5.7459646e-001
 5.6934029e-001
 5.6460595e-001
 5.6039900e-001
 5.5670720e-001
 5.5350024e-001
 5.5073911e-001
 5.4838240e-001
 5.4638511e-001
 5.4470289e-001
 5.4329377e-001
 5.4211736e-001
 5.4113698e-001
 5.4031986e-001
 5.3963715e-001
 5.3906214e-001
 5.3856981e-001
 5.3813636e-001
 5.3773862e-001
 5.3735512e-001
 5.3696758e-001
 5.3656262e-001
 5.3613377e-001
 5.3568244e-001
 5.3521663e-001
 5.3474939e-001
 5.3429663e-001
 5.3387529e-001
 5.3350013e-001
 5.3318036e-001
 5.3291351e-001
 5.3267688e-001
 5.3242099e-001
 5.3206658e-001
 5.3150719e-001
 5.3061688e-001
 5.2925777e-001
 5.2728969e-001
 5.2457631e-001
 5.2099812e-001
 5.1647502e-001
 5.1098567e-001
 5.0459135e-001
 4.9745014e-001
 4.8979887e-001
 4.8193699e-001
 4.7419846e-001
 4.6693832e-001
 4.6050540e-001
 4.5523190e-001
 4.5141390e-001
 4.4927660e-001
 4.4895595e-001
 4.5048735e-001
 4.5381483e-001
 4.5881709e-001
 4.6532872e-001
 4.7316790e-001
 4.8214415e-001
 4.9206737e-001
 5.0274038e-001
 5.1397449e-001
 5.2558380e-001
 5.3737646e-001
 5.4917103e-001
 5.6078780e-001
 5.7204002e-001
 5.8275145e-001
 5.9274799e-001
 6.0186946e-001
 6.0997331e-001
 6.1696362e-001
 6.2279785e-001
 6.2748921e-001
 6.3110960e-001
 6.3376987e-001
 6.3560301e-001
 6.3675499e-001
 6.3737386e-001
 6.3760340e-001
 6.3757712e-001
 6.3741028e-001
 6.3719314e-001
 6.3698870e-001
 6.3683498e-001
 6.3675165e-001
 6.3674742e-001
 6.3682538e-001
 6.3698602e-001
 6.3722795e-001
 6.3754743e-001
 6.3793695e-001
 6.3838398e-001
 6.3887006e-001
 6.3937205e-001
 6.3986301e-001
 6.4031357e-001
 6.4069384e-001
 6.4097458e-001
 6.4112860e-001
 6.4113390e-001
 6.4097691e-001
 6.4065558e-001
 6.4018035e-001
 6.3957328e-001
 6.3886452e-001
 6.3808978e-001
 6.3728631e-001
 6.3649136e-001
 6.3573992e-001
 6.3506091e-001
 6.3447320e-001
 6.3398308e-001
 6.3358152e-001
 6.3324654e-001
 6.3294625e-001
 6.3264304e-001
 6.3229662e-001
 6.3186634e-001
 6.3131332e-001
 6.3060290e-001
 6.2970704e-001
 6.2860805e-001
 6.2729812e-001
 6.2577885e-001
 6.2406003e-001
 6.2215459e-001
 6.2007815e-001
 6.1784655e-001
 6.1547852e-001
 6.1299247e-001
 6.1040896e-001
 6.0775357e-001
 6.0505331e-001
 6.0233825e-001
 5.9964269e-001
 5.9700018e-001
 5.9444511e-001
 5.9201038e-001
 5.8972770e-001
 5.8762050e-001
 5.8570188e-001
 5.8397198e-001
 5.8241373e-001
 5.8099586e-001
 5.7967758e-001
 5.7841086e-001
 5.7714510e-001
 5.7583117e-001
 5.7442284e-001
 5.7288277e-001
 5.7118756e-001
 5.6933469e-001
 5.6734210e-001
 5.6524718e-001
 5.6310326e-001
 5.6097060e-001
 5.5891347e-001
 5.5699736e-001
 5.5528295e-001
 5.5382317e-001
 5.5265689e-001
 5.5180502e-001
 5.5126685e-001
 5.5102307e-001
 5.5104071e-001
 5.5127847e-001
 5.5169111e-001
 5.5223215e-001
 5.5285615e-001
 5.5352032e-001
 5.5418646e-001
 5.5482244e-001
 5.5540341e-001
 5.5591077e-001
 5.5633020e-001
 5.5665064e-001
 5.5686218e-001
 5.5695552e-001
 5.5692166e-001
 5.5675167e-001
 5.5643702e-001
 5.5596948e-001
 5.5534112e-001
 5.5454421e-001
 5.5357188e-001
 5.5241692e-001
 5.5107248e-001
 5.4953372e-001
 5.4779756e-001
 5.4586637e-001
 5.4375303e-001
 5.4148138e-001
 5.3908926e-001
 5.3662664e-001
 5.3415459e-001
 5.3173780e-001
 5.2944332e-001
 5.2733892e-001
 5.2548522e-001
 5.2393156e-001
 5.2270830e-001
 5.2181739e-001
 5.2123058e-001
 5.2089351e-001
 5.2073294e-001
 5.2066559e-001
 5.2060419e-001
 5.2046281e-001
 5.2016145e-001
 5.1963204e-001
 5.1882607e-001
 5.1771963e-001
 5.1631665e-001
 5.1464820e-001
 5.1276457e-001
 5.1072937e-001
 5.0861150e-001
 5.0648302e-001
 5.0441343e-001
 5.0247085e-001
 5.0072247e-001
 4.9927625e-001
 4.9840498e-001
 4.9756432e-001
 4.9699458e-001
 4.9666965e-001
 4.9656355e-001
 4.9665043e-001
 4.9690434e-001
 4.9729937e-001
 4.9780950e-001
 4.9840894e-001
 4.9907300e-001
 4.9978742e-001
 5.0054443e-001
 5.0133586e-001
 5.0215405e-001
 5.0299066e-001
 5.0383788e-001
 5.0468761e-001
 5.0553232e-001
 5.0636333e-001
 5.0717318e-001
 5.0795358e-001
 5.0869691e-001
 5.0939482e-001
 5.1003975e-001
 5.1062655e-001
 5.1115131e-001
 5.1161027e-001
 5.1199937e-001
 5.1231503e-001
 5.1255316e-001
 5.1271015e-001
 5.1278192e-001
 5.1276475e-001
 5.1265478e-001
 5.1244807e-001
 5.1214099e-001
 5.1172954e-001
 5.1120991e-001
 5.1057827e-001
 5.0983059e-001
 5.0896323e-001
 5.0797325e-001
 5.0686485e-001
 5.0564569e-001
 5.0432479e-001
 5.0290990e-001
 5.0140929e-001
 4.9983072e-001
 4.9818316e-001
 4.9647430e-001
 4.9471241e-001
 4.9290559e-001
 4.9106175e-001
 4.8918971e-001
 4.8729739e-001
 4.8539290e-001
 4.8348397e-001
 4.8157969e-001
 4.7968778e-001
 4.7781643e-001
 4.7597340e-001
 4.7416764e-001
 4.7240701e-001
 4.7069889e-001
 4.6904388e-001
 4.6744037e-001
 4.6588570e-001
 4.6437746e-001
 4.6291330e-001
 4.6149054e-001
 4.6010754e-001
 4.5876154e-001
 4.5745021e-001
 4.5617089e-001
 4.5492187e-001
 4.5370045e-001
 4.5250425e-001
 4.5133075e-001
 4.5017803e-001
 4.4904351e-001
 4.4792485e-001
 4.4681966e-001
 4.4572535e-001
 4.4464010e-001
 4.4356126e-001
 4.4248652e-001
 4.4141325e-001
 4.4033960e-001
 4.3926290e-001
 4.3818110e-001
 4.3709382e-001
 4.3600222e-001
 4.3490687e-001
 4.3380851e-001
 4.3270797e-001
 4.3160567e-001
 4.3050304e-001
 4.2940041e-001
 4.2829868e-001
 4.2719835e-001
 4.2610067e-001
 4.2500621e-001
 4.2391565e-001
 4.2282960e-001
 4.2174929e-001
 4.2067525e-001
 4.1960827e-001
 4.1854876e-001
 4.1749817e-001
 4.1645688e-001
 4.1542578e-001
 4.1440549e-001
 4.1339672e-001
 4.1240057e-001
 4.1141760e-001
 4.1044867e-001
 4.0949422e-001
 4.0855557e-001
 4.0763316e-001
 4.0672779e-001
 4.0583900e-001
 4.0496689e-001
 4.0411070e-001
