s07_ASD Record=21866: Sagebrush YNP-SS-4          AVIRISb RTGC
-1.2300000e+034
-1.2300000e+034
-1.2300000e+034
-1.2300000e+034
-1.2300000e+034
-1.2300000e+034
-1.2300000e+034
-1.2300000e+034
-1.2300000e+034
-1.2300000e+034
-1.2300000e+034
-1.2300000e+034
-1.2300000e+034
-1.2300000e+034
-1.2300000e+034
-1.2300000e+034
-1.2300000e+034
-1.2300000e+034
-1.2300000e+034
-1.2300000e+034
-1.2300000e+034
-1.2300000e+034
-1.2300000e+034
-1.2300000e+034
-1.2300000e+034
-1.2300000e+034
-1.2300000e+034
-1.2300000e+034
-1.2300000e+034
-1.2300000e+034
-1.2300000e+034
-1.2300000e+034
-1.2300000e+034
-1.2300000e+034
-1.2300000e+034
-1.2300000e+034
-1.2300000e+034
-1.2300000e+034
-1.2300000e+034
-1.2300000e+034
-1.2300000e+034
-1.2300000e+034
-1.2300000e+034
-1.2300000e+034
-1.2300000e+034
-1.2300000e+034
-1.2300000e+034
-1.2300000e+034
-1.2300000e+034
-1.2300000e+034
-1.2300000e+034
-1.2300000e+034
-1.2300000e+034
-1.2300000e+034
-1.2300000e+034
-1.2300000e+034
-1.2300000e+034
-1.2300000e+034
-1.2300000e+034
 2.4610786e-002
 2.5011351e-002
 2.5410701e-002
 2.5807654e-002
 2.6200980e-002
 2.6589502e-002
 2.6972000e-002
 2.7347255e-002
 2.7714094e-002
 2.8071286e-002
 2.8417645e-002
 2.8752556e-002
 2.9075796e-002
 2.9387739e-002
 2.9688785e-002
 2.9979331e-002
 3.0259749e-002
 3.0530445e-002
 3.0791808e-002
 3.1044234e-002
-1.2300000e+034
 3.1524036e-002
 3.1752184e-002
 3.1972945e-002
 3.2186698e-002
 3.2393843e-002
 3.2594766e-002
 3.2789867e-002
 3.2979529e-002
 3.3164151e-002
 3.3344120e-002
 3.3519782e-002
 3.3691254e-002
 3.3858620e-002
 3.4021959e-002
 3.4181338e-002
 3.4336839e-002
 3.4488540e-002
 3.4636509e-002
 3.4780826e-002
 3.4921572e-002
 3.5059206e-002
 3.5194114e-002
 3.5458840e-002
 3.5590224e-002
 3.5722002e-002
 3.5854951e-002
 3.5989847e-002
 3.6127474e-002
 3.6268614e-002
 3.6413934e-002
 3.6562741e-002
 3.6714222e-002
 3.6867578e-002
 3.7021976e-002
 3.7176616e-002
 3.7330694e-002
 3.7483387e-002
 3.7633881e-002
 3.7781373e-002
 3.7925325e-002
 3.8066316e-002
 3.8205210e-002
 3.8342874e-002
 3.8480163e-002
 3.8617946e-002
 3.8757071e-002
 3.8898412e-002
 3.9042830e-002
 3.9191175e-002
 3.9344050e-002
 3.9499070e-002
 3.9653584e-002
 3.9804928e-002
 3.9950423e-002
 4.0087413e-002
 4.0213242e-002
 4.0325232e-002
 4.0420730e-002
 4.0497065e-002
 4.0553235e-002
 4.0594894e-002
 4.0629335e-002
 4.0663872e-002
 4.0705819e-002
 4.0762477e-002
 4.0841155e-002
 4.0949155e-002
 4.1093782e-002
 4.1282360e-002
 4.1519977e-002
 4.1801412e-002
 4.2119142e-002
 4.2465601e-002
 4.2833310e-002
 4.3214709e-002
 4.3602232e-002
 4.3988403e-002
 4.4365644e-002
 4.4726465e-002
 4.5065690e-002
 4.5699760e-002
 4.6008315e-002
 4.6320401e-002
 4.6642914e-002
 4.6982709e-002
 4.7346648e-002
 4.7741614e-002
 4.8174519e-002
 4.8650380e-002
 4.9164101e-002
 4.9708579e-002
 5.0276801e-002
 5.0861754e-002
 5.1456321e-002
 5.2053489e-002
 5.2646220e-002
 5.3227495e-002
 5.3790212e-002
 5.4328784e-002
 5.4843396e-002
 5.5335559e-002
 5.5806931e-002
 5.6259021e-002
 5.6693453e-002
 5.7111830e-002
 5.7515688e-002
 5.7906657e-002
 5.8286272e-002
 5.8656015e-002
 5.9016861e-002
 5.9369583e-002
 5.9715036e-002
 6.0054053e-002
 6.0387462e-002
 6.0716063e-002
 6.1040692e-002
 6.1362199e-002
 6.1681371e-002
 6.1998762e-002
 6.2311772e-002
 6.2617525e-002
 6.2913150e-002
 6.3195765e-002
 6.3462473e-002
 6.3710406e-002
 6.3936688e-002
 6.4138427e-002
 6.4312749e-002
 6.4457729e-002
 6.4574420e-002
 6.4664856e-002
 6.4731121e-002
 6.4775266e-002
 6.4799346e-002
 6.4805433e-002
 6.4795576e-002
 6.4771831e-002
 6.4736269e-002
 6.4691149e-002
 6.4639255e-002
 6.4583562e-002
 6.4527057e-002
 6.4472690e-002
 6.4423457e-002
 6.4382322e-002
 6.4352259e-002
 6.4336248e-002
 6.4337246e-002
 6.4357392e-002
 6.4395413e-002
 6.4449176e-002
 6.4516567e-002
 6.4595461e-002
 6.4779282e-002
 6.4879961e-002
 6.4983658e-002
 6.5088235e-002
 6.5192305e-002
 6.5296650e-002
 6.5402798e-002
 6.5512262e-002
 6.5626554e-002
 6.5747194e-002
 6.5875687e-002
 6.6013575e-002
 6.6162340e-002
 6.6323526e-002
 6.6497467e-002
 6.6680916e-002
 6.6869512e-002
 6.7058861e-002
 6.7244597e-002
 6.7422338e-002
 6.7587689e-002
 6.7736283e-002
 6.7863747e-002
 6.7965686e-002
 6.8039440e-002
 6.8088710e-002
 6.8119004e-002
 6.8135776e-002
 6.8144530e-002
 6.8150744e-002
 6.8159893e-002
 6.8177462e-002
 6.8208940e-002
 6.8259805e-002
 6.8334006e-002
 6.8429790e-002
 6.8543948e-002
 6.8673238e-002
 6.8814449e-002
 6.8964347e-002
 6.9119707e-002
 6.9277301e-002
 6.9433898e-002
 6.9586277e-002
 6.9731757e-002
 6.9869824e-002
 7.0000529e-002
 7.0123874e-002
 7.0239916e-002
 7.0348687e-002
 7.0450231e-002
 7.0544571e-002
 7.0631735e-002
 7.0711769e-002
 7.0784479e-002
 7.0848756e-002
 7.0903279e-002
 7.0946708e-002
 7.0977740e-002
 7.0994996e-002
 7.0997193e-002
 7.0982970e-002
 7.0951022e-002
 7.0900001e-002
 7.0829250e-002
 7.0740730e-002
 7.0637085e-002
 7.0520960e-002
 7.0394993e-002
 7.0261821e-002
 7.0124082e-002
 6.9984399e-002
 6.9845423e-002
 6.9709800e-002
 6.9579944e-002
 6.9456592e-002
 6.9340326e-002
 6.9131188e-002
 6.9039427e-002
 6.8956934e-002
 6.8884268e-002
 6.8821974e-002
 6.8770595e-002
-1.2300000e+034
 6.8712771e-002
 6.8691835e-002
 6.8682298e-002
 6.8684354e-002
 6.8698220e-002
 6.8724118e-002
 6.8762220e-002
 6.8850324e-002
-1.2300000e+034
 6.8951957e-002
 6.9043398e-002
 6.9162808e-002
 6.9545470e-002
 6.9838651e-002
 7.0219696e-002
 7.0703514e-002
 7.1305141e-002
 7.2039478e-002
 7.2921559e-002
 7.3963724e-002
 7.5161636e-002
 7.6507792e-002
 7.7995032e-002
 7.9615816e-002
 8.1362896e-002
 8.3229057e-002
 8.5206710e-002
 8.7288767e-002
 8.9467630e-002
 9.1735050e-002
 9.4078548e-002
 9.6484728e-002
 9.8939814e-002
 1.0143040e-001
 1.0394299e-001
 1.0898026e-001
 1.1147773e-001
 1.1394313e-001
 1.1636648e-001
 1.1875208e-001
 1.2110732e-001
 1.2344020e-001
 1.2575813e-001
 1.2806892e-001
 1.3038044e-001
 1.3270009e-001
 1.3503583e-001
 1.3739510e-001
 1.3978317e-001
 1.4219518e-001
 1.4462323e-001
 1.4706010e-001
 1.4949788e-001
 1.5192917e-001
 1.5434654e-001
 1.5674211e-001
 1.5910864e-001
 1.6143824e-001
 1.6596359e-001
 1.6815314e-001
 1.7029049e-001
 1.7237318e-001
 1.7439830e-001
 1.7636344e-001
 1.7826588e-001
 1.8010321e-001
 1.8187255e-001
 1.8357201e-001
 1.8520218e-001
 1.8676393e-001
 1.8825842e-001
 1.8968681e-001
 1.9105017e-001
 1.9234951e-001
 1.9358593e-001
 1.9476061e-001
 1.9587450e-001
 1.9692928e-001
 1.9792885e-001
 1.9887735e-001
 1.9977927e-001
 2.0063883e-001
 2.0224844e-001
 2.0300712e-001
 2.0374086e-001
 2.0445395e-001
 2.0514999e-001
 2.0582977e-001
 2.0649311e-001
 2.0714006e-001
 2.0777057e-001
 2.0838454e-001
 2.0898196e-001
 2.0956281e-001
 2.1012707e-001
-1.2300000e+034
 2.1120603e-001
 2.1172065e-001
 2.1221848e-001
 2.1269941e-001
 2.1316341e-001
 2.1361049e-001
 2.1404056e-001
 2.1445362e-001
 2.1484958e-001
 2.1559009e-001
 2.1593672e-001
 2.1627037e-001
 2.1659310e-001
 2.1690702e-001
 2.1721417e-001
 2.1751665e-001
 2.1781650e-001
 2.1811585e-001
 2.1841671e-001
 2.1872133e-001
 2.1903068e-001
 2.1934578e-001
 2.1966778e-001
 2.1999776e-001
 2.2033675e-001
 2.2068588e-001
 2.2104624e-001
 2.2141890e-001
 2.2180493e-001
 2.2220421e-001
 2.2261427e-001
 2.2303136e-001
 2.2345182e-001
 2.2428802e-001
 2.2469641e-001
 2.2509333e-001
 2.2547519e-001
 2.2583821e-001
 2.2618018e-001
 2.2650252e-001
 2.2680818e-001
 2.2710001e-001
 2.2738095e-001
 2.2765394e-001
 2.2792186e-001
 2.2818767e-001
 2.2845425e-001
 2.2872454e-001
 2.2900081e-001
 2.2928448e-001
 2.2957635e-001
 2.2987726e-001
 2.3018800e-001
 2.3050942e-001
 2.3084226e-001
 2.3118737e-001
 2.3154558e-001
 2.3230441e-001
 2.3270427e-001
 2.3311555e-001
 2.3353665e-001
 2.3396595e-001
 2.3440173e-001
 2.3484242e-001
 2.3528637e-001
 2.3573194e-001
 2.3617749e-001
 2.3662126e-001
 2.3706099e-001
 2.3749435e-001
 2.3791899e-001
 2.3833251e-001
 2.3873259e-001
 2.3911685e-001
 2.3948289e-001
 2.3982839e-001
 2.4015100e-001
 2.4044977e-001
 2.4072947e-001
 2.4099635e-001
 2.4125658e-001
 2.4178196e-001
 2.4205959e-001
 2.4235538e-001
 2.4267560e-001
 2.4302647e-001
 2.4341202e-001
 2.4382772e-001
 2.4426696e-001
 2.4472293e-001
 2.4518903e-001
 2.4565855e-001
 2.4612483e-001
 2.4658118e-001
 2.4702090e-001
 2.4743730e-001
 2.4782567e-001
 2.4818896e-001
 2.4853210e-001
 2.4886006e-001
 2.4917774e-001
 2.4949007e-001
 2.4980195e-001
 2.5011837e-001
 2.5044417e-001
 2.5114244e-001
 2.5151676e-001
 2.5190413e-001
 2.5230157e-001
 2.5270593e-001
 2.5311413e-001
 2.5352308e-001
 2.5392967e-001
 2.5433084e-001
 2.5472352e-001
 2.5510505e-001
 2.5547475e-001
 2.5583237e-001
 2.5617766e-001
 2.5651038e-001
 2.5683036e-001
 2.5713727e-001
 2.5743094e-001
 2.5771102e-001
 2.5797743e-001
 2.5823081e-001
 2.5847429e-001
 2.5871196e-001
 2.5894800e-001
 2.5943154e-001
 2.5968730e-001
 2.5995785e-001
 2.6024732e-001
 2.6055983e-001
 2.6089770e-001
 2.6125824e-001
 2.6163709e-001
 2.6202974e-001
 2.6243177e-001
 2.6283881e-001
 2.6324645e-001
 2.6365024e-001
 2.6404572e-001
 2.6442853e-001
 2.6479492e-001
 2.6514408e-001
 2.6547584e-001
 2.6579008e-001
 2.6608664e-001
 2.6636547e-001
 2.6662633e-001
 2.6686913e-001
 2.6709375e-001
 2.6748815e-001
 2.6765841e-001
 2.6781148e-001
 2.6794803e-001
 2.6806870e-001
 2.6817411e-001
 2.6826495e-001
 2.6834187e-001
 2.6840556e-001
-1.2300000e+034
 2.6849562e-001
 2.6852342e-001
 2.6854056e-001
 2.6854777e-001
 2.6854560e-001
 2.6853484e-001
 2.6851597e-001
 2.6848981e-001
 2.6845694e-001
-1.2300000e+034
 2.6837358e-001
 2.6832440e-001
 2.6827115e-001
 2.6821446e-001
 2.6809332e-001
 2.6803020e-001
 2.6796621e-001
 2.6790211e-001
-1.2300000e+034
 2.6777595e-001
 2.6771525e-001
 2.6765695e-001
 2.6760179e-001
 2.6755038e-001
 2.6750335e-001
 2.6746142e-001
 2.6742521e-001
 2.6739535e-001
 2.6737255e-001
 2.6735750e-001
 2.6735112e-001
 2.6735443e-001
 2.6736847e-001
 2.6739421e-001
 2.6743272e-001
 2.6748496e-001
 2.6755199e-001
 2.6763478e-001
 2.6773435e-001
 2.6798368e-001
 2.6812908e-001
 2.6828516e-001
 2.6844940e-001
 2.6861948e-001
 2.6879299e-001
 2.6896745e-001
 2.6914054e-001
 2.6930982e-001
 2.6947352e-001
 2.6963246e-001
 2.6978806e-001
 2.6994184e-001
 2.7009514e-001
 2.7024946e-001
 2.7040625e-001
 2.7056694e-001
 2.7073297e-001
 2.7090585e-001
 2.7108687e-001
 2.7127707e-001
 2.7147740e-001
 2.7168876e-001
 2.7191210e-001
 2.7239847e-001
 2.7266338e-001
 2.7294397e-001
 2.7324122e-001
 2.7355567e-001
 2.7388611e-001
 2.7423099e-001
 2.7458882e-001
 2.7495801e-001
 2.7533698e-001
 2.7572417e-001
 2.7611807e-001
 2.7654359e-001
 2.7695507e-001
 2.7736986e-001
 2.7778617e-001
 2.7820247e-001
 2.7861738e-001
 2.7903011e-001
 2.7944091e-001
 2.7985027e-001
 2.8025854e-001
 2.8066465e-001
 2.8106633e-001
 2.8146070e-001
 2.8184533e-001
 2.8221908e-001
 2.8258231e-001
 2.8293568e-001
 2.8327993e-001
 2.8361523e-001
 2.8394166e-001
 2.8425953e-001
 2.8456962e-001
 2.8487366e-001
 2.8517389e-001
 2.8547311e-001
 2.8577441e-001
 2.8608084e-001
 2.8639534e-001
 2.8672028e-001
 2.8705722e-001
 2.8740689e-001
 2.8776881e-001
 2.8814152e-001
 2.8852242e-001
 2.8890806e-001
 2.8929460e-001
 2.8967780e-001
 2.9005367e-001
 2.9041860e-001
 2.9076970e-001
 2.9110515e-001
 2.9142407e-001
 2.9172668e-001
 2.9201421e-001
 2.9228857e-001
 2.9255235e-001
 2.9280826e-001
 2.9305908e-001
 2.9330748e-001
 2.9355568e-001
 2.9380554e-001
 2.9405832e-001
 2.9431477e-001
 2.9457530e-001
 2.9483980e-001
 2.9510802e-001
 2.9537943e-001
 2.9565325e-001
 2.9592887e-001
 2.9620534e-001
 2.9648188e-001
 2.9675752e-001
 2.9703128e-001
 2.9730231e-001
 2.9756969e-001
 2.9783258e-001
 2.9809037e-001
 2.9834256e-001
 2.9858893e-001
 2.9882959e-001
 2.9906487e-001
 2.9929551e-001
 2.9952240e-001
 2.9974672e-001
 2.9996958e-001
 3.0019212e-001
 3.0041534e-001
 3.0063990e-001
 3.0086619e-001
 3.0109408e-001
 3.0132309e-001
 3.0155230e-001
 3.0178040e-001
 3.0200604e-001
 3.0222765e-001
 3.0244371e-001
 3.0265310e-001
 3.0285484e-001
 3.0304846e-001
 3.0323404e-001
 3.0341196e-001
 3.0358309e-001
 3.0374843e-001
 3.0390888e-001
 3.0406520e-001
 3.0421719e-001
 3.0436388e-001
 3.0450279e-001
 3.0462995e-001
 3.0473986e-001
 3.0482543e-001
 3.0487841e-001
 3.0488986e-001
 3.0485070e-001
 3.0475238e-001
 3.0458778e-001
 3.0435166e-001
 3.0404142e-001
 3.0365735e-001
 3.0320266e-001
 3.0268344e-001
 3.0210784e-001
 3.0148578e-001
 3.0082810e-001
 3.0014563e-001
 2.9944885e-001
 2.9874739e-001
 2.9804936e-001
 2.9736197e-001
 2.9669064e-001
 2.9603934e-001
 2.9541022e-001
 2.9480305e-001
 2.9421648e-001
 2.9364845e-001
 2.9309806e-001
 2.9256627e-001
 2.9205516e-001
 2.9156709e-001
 2.9110298e-001
 2.9066187e-001
 2.9024139e-001
 2.8983822e-001
 2.8944975e-001
 2.8907424e-001
 2.8871164e-001
 2.8836319e-001
 2.8803059e-001
 2.8771508e-001
 2.8741655e-001
 2.8713369e-001
 2.8686446e-001
 2.8660652e-001
 2.8635812e-001
 2.8611842e-001
 2.8588748e-001
 2.8566605e-001
 2.8545505e-001
 2.8525472e-001
 2.8506455e-001
 2.8488326e-001
 2.8470919e-001
 2.8454071e-001
 2.8437671e-001
 2.8421667e-001
 2.8406066e-001
 2.8390902e-001
 2.8376195e-001
 2.8361914e-001
 2.8347990e-001
 2.8334317e-001
 2.8320813e-001
 2.8307435e-001
 2.8294179e-001
 2.8281081e-001
 2.8268203e-001
 2.8255630e-001
 2.8243476e-001
 2.8231865e-001
 2.8220946e-001
 2.8210858e-001
 2.8201738e-001
 2.8193694e-001
 2.8186789e-001
 2.8181034e-001
 2.8176367e-001
 2.8172663e-001
 2.8169733e-001
 2.8167328e-001
 2.8165177e-001
 2.8162989e-001
 2.8160506e-001
 2.8157508e-001
 2.8153852e-001
 2.8149495e-001
 2.8144491e-001
 2.8139022e-001
 2.8133357e-001
 2.8127849e-001
 2.8122908e-001
 2.8118959e-001
 2.8116408e-001
 2.8115624e-001
 2.8116900e-001
 2.8120422e-001
 2.8126293e-001
 2.8134507e-001
 2.8144959e-001
 2.8157479e-001
 2.8171849e-001
 2.8187835e-001
 2.8205204e-001
 2.8223750e-001
 2.8243321e-001
 2.8263816e-001
 2.8285199e-001
 2.8307495e-001
 2.8330773e-001
 2.8355151e-001
 2.8380746e-001
 2.8407684e-001
 2.8436080e-001
 2.8466004e-001
 2.8497478e-001
 2.8530487e-001
 2.8564954e-001
 2.8600746e-001
 2.8637707e-001
 2.8675640e-001
 2.8714356e-001
 2.8753650e-001
 2.8793356e-001
 2.8833324e-001
 2.8873441e-001
 2.8913653e-001
 2.8953925e-001
 2.8994271e-001
 2.9034728e-001
 2.9075328e-001
 2.9116124e-001
 2.9157129e-001
 2.9198343e-001
 2.9239717e-001
 2.9281136e-001
 2.9322469e-001
 2.9363498e-001
 2.9403996e-001
 2.9443687e-001
 2.9482281e-001
 2.9519492e-001
 2.9555041e-001
 2.9588667e-001
 2.9620165e-001
 2.9649377e-001
 2.9676241e-001
 2.9700711e-001
 2.9722726e-001
 2.9742035e-001
 2.9758146e-001
 2.9770523e-001
 2.9778761e-001
 2.9783660e-001
 2.9786018e-001
 2.9786608e-001
 2.9786018e-001
 2.9784644e-001
 2.9782784e-001
 2.9780754e-001
 2.9779005e-001
 2.9778174e-001
 2.9769081e-001
 2.9770184e-001
 2.9774502e-001
 2.9782552e-001
 2.9795149e-001
 2.9813039e-001
 2.9835227e-001
 2.9856980e-001
 2.9875511e-001
 2.9890856e-001
 2.9905891e-001
 2.9925019e-001
 2.9952091e-001
 2.9985693e-001
 3.0018657e-001
 3.0046773e-001
 3.0071145e-001
 3.0093810e-001
 3.0115908e-001
 3.0138001e-001
 3.0160484e-001
 3.0183679e-001
 3.0207846e-001
 3.0233109e-001
 3.0259383e-001
 3.0286378e-001
 3.0313572e-001
 3.0340296e-001
 3.0365786e-001
 3.0389234e-001
 3.0409837e-001
 3.0426806e-001
 3.0439433e-001
 3.0447149e-001
 3.0449572e-001
 3.0446586e-001
 3.0438283e-001
 3.0424917e-001
 3.0406836e-001
 3.0384421e-001
 3.0358067e-001
 3.0328164e-001
 3.0295074e-001
 3.0259117e-001
 3.0220544e-001
 3.0179518e-001
 3.0136135e-001
 3.0090445e-001
 3.0042452e-001
 2.9992163e-001
 2.9939574e-001
 2.9884708e-001
 2.9827616e-001
 2.9768410e-001
 2.9707319e-001
 2.9644689e-001
 2.9580963e-001
 2.9516676e-001
 2.9452384e-001
 2.9388669e-001
 2.9326120e-001
 2.9265252e-001
 2.9206529e-001
 2.9150197e-001
 2.9096255e-001
 2.9044375e-001
 2.8993928e-001
 2.8944117e-001
 2.8894016e-001
 2.8842679e-001
 2.8789163e-001
 2.8732514e-001
 2.8671888e-001
 2.8606528e-001
 2.8535903e-001
 2.8459698e-001
 2.8377682e-001
 2.8289655e-001
 2.8195703e-001
 2.8097227e-001
 2.7996838e-001
 2.7893719e-001
 2.7780500e-001
 2.7652994e-001
 2.7521312e-001
 2.7395248e-001
 2.7269390e-001
 2.7135283e-001
 2.6992428e-001
 2.6845929e-001
 2.6701066e-001
 2.6556498e-001
 2.6401171e-001
 2.6229173e-001
 2.6055095e-001
 2.5891942e-001
 2.5731453e-001
 2.5562391e-001
 2.5384679e-001
 2.5204921e-001
 2.5029615e-001
 2.4857081e-001
 2.4673313e-001
 2.4471051e-001
 2.4269301e-001
 2.4083193e-001
 2.3901263e-001
 2.3710476e-001
 2.3511738e-001
 2.3312636e-001
 2.3120303e-001
 2.2932909e-001
 2.2734317e-001
 2.2516684e-001
 2.2302103e-001
 2.2106493e-001
 2.1916050e-001
 2.1717079e-001
 2.1511373e-001
 2.1306947e-001
 2.1111107e-001
 2.0921837e-001
 2.0721938e-001
 2.0503722e-001
 2.0291224e-001
 2.0099701e-001
 1.9913673e-001
 1.9719994e-001
 1.9521345e-001
 1.9325572e-001
 1.9139540e-001
 1.8961354e-001
 1.8774016e-001
 1.8570326e-001
 1.8374535e-001
 1.8200244e-001
 1.8031603e-001
 1.7856921e-001
 1.7679481e-001
 1.7506328e-001
 1.7343494e-001
 1.7189243e-001
 1.7028105e-001
 1.6854180e-001
 1.6689906e-001
 1.6545920e-001
 1.6407515e-001
 1.6265577e-001
 1.6123547e-001
 1.5987059e-001
 1.5860757e-001
 1.5743117e-001
 1.5621996e-001
 1.5493560e-001
 1.5375268e-001
 1.5274189e-001
 1.5179110e-001
 1.5084286e-001
 1.4992809e-001
 1.4907415e-001
 1.4828293e-001
 1.4755172e-001
 1.4687914e-001
 1.4626274e-001
 1.4569753e-001
 1.4517476e-001
 1.4468341e-001
 1.4421111e-001
 1.4374486e-001
 1.4327168e-001
 1.4277858e-001
 1.4225338e-001
 1.4168601e-001
 1.4107053e-001
 1.4040774e-001
 1.3970499e-001
 1.3897495e-001
 1.3823299e-001
 1.3749526e-001
 1.3677840e-001
 1.3609894e-001
 1.3547264e-001
 1.3491383e-001
 1.3443306e-001
 1.3403565e-001
 1.3372180e-001
 1.3348742e-001
 1.3332649e-001
 1.3323209e-001
 1.3319720e-001
 1.3321477e-001
 1.3327779e-001
 1.3337938e-001
 1.3351306e-001
 1.3367291e-001
 1.3385326e-001
 1.3404907e-001
 1.3425538e-001
 1.3446735e-001
 1.3468015e-001
 1.3488901e-001
 1.3508955e-001
 1.3527834e-001
 1.3545404e-001
 1.3561837e-001
 1.3577597e-001
 1.3593373e-001
 1.3609953e-001
 1.3628167e-001
 1.3648850e-001
 1.3672824e-001
 1.3700864e-001
 1.3733624e-001
 1.3771449e-001
 1.3814293e-001
 1.3861676e-001
 1.3912858e-001
 1.3966948e-001
 1.4023001e-001
 1.4080092e-001
 1.4137270e-001
 1.4193656e-001
 1.4248469e-001
 1.4301182e-001
 1.4351650e-001
 1.4400053e-001
 1.4446838e-001
 1.4492546e-001
 1.4537752e-001
 1.4583053e-001
 1.4629029e-001
 1.4676231e-001
 1.4725156e-001
 1.4776121e-001
 1.4829256e-001
 1.4884463e-001
 1.4941509e-001
 1.5000115e-001
 1.5059958e-001
 1.5120734e-001
 1.5182124e-001
 1.5243827e-001
 1.5305606e-001
 1.5367280e-001
 1.5428832e-001
 1.5490343e-001
 1.5551972e-001
 1.5613931e-001
 1.5676419e-001
 1.5739663e-001
 1.5803865e-001
 1.5869205e-001
 1.5935838e-001
 1.6003793e-001
 1.6072935e-001
 1.6143017e-001
 1.6213678e-001
 1.6284549e-001
 1.6355230e-001
 1.6425312e-001
 1.6494416e-001
 1.6562158e-001
 1.6628239e-001
 1.6692463e-001
 1.6754773e-001
 1.6815288e-001
 1.6874184e-001
 1.6931705e-001
 1.6988088e-001
 1.7043571e-001
 1.7098412e-001
 1.7152837e-001
 1.7207080e-001
 1.7261320e-001
 1.7315696e-001
 1.7370331e-001
 1.7425297e-001
 1.7480676e-001
 1.7536531e-001
 1.7592923e-001
 1.7649928e-001
 1.7707585e-001
 1.7765893e-001
 1.7824793e-001
 1.7884085e-001
 1.7943504e-001
 1.8002713e-001
 1.8061344e-001
 1.8119051e-001
 1.8175453e-001
 1.8230212e-001
 1.8282998e-001
 1.8333578e-001
 1.8381904e-001
 1.8428113e-001
 1.8472551e-001
 1.8515666e-001
 1.8557946e-001
 1.8599916e-001
 1.8642077e-001
 1.8684945e-001
 1.8728976e-001
 1.8774526e-001
 1.8821786e-001
 1.8870693e-001
 1.8920994e-001
 1.8972330e-001
 1.9024271e-001
 1.9076400e-001
 1.9128275e-001
 1.9179469e-001
 1.9229603e-001
 1.9278364e-001
 1.9325614e-001
 1.9371377e-001
 1.9415833e-001
 1.9459271e-001
 1.9502001e-001
 1.9544359e-001
 1.9586669e-001
 1.9629249e-001
 1.9672415e-001
 1.9716403e-001
 1.9761384e-001
 1.9807410e-001
 1.9854446e-001
 1.9902419e-001
 1.9951217e-001
 2.0000722e-001
 2.0050833e-001
 2.0101430e-001
 2.0152424e-001
 2.0203735e-001
 2.0255324e-001
 2.0307218e-001
 2.0359455e-001
 2.0412126e-001
 2.0465308e-001
 2.0519085e-001
 2.0573556e-001
 2.0628788e-001
 2.0684850e-001
 2.0741738e-001
 2.0799360e-001
 2.0857538e-001
 2.0915993e-001
 2.0974417e-001
 2.1032470e-001
 2.1089801e-001
 2.1146086e-001
 2.1200983e-001
 2.1254216e-001
 2.1305576e-001
 2.1354997e-001
 2.1402569e-001
 2.1448497e-001
 2.1493053e-001
 2.1536554e-001
 2.1579307e-001
 2.1621639e-001
 2.1663843e-001
 2.1706186e-001
 2.1748869e-001
 2.1791960e-001
 2.1835414e-001
 2.1879071e-001
 2.1922712e-001
 2.1966112e-001
 2.2009015e-001
 2.2051190e-001
 2.2092393e-001
 2.2132406e-001
 2.2171064e-001
 2.2208248e-001
 2.2243932e-001
 2.2278124e-001
 2.2310869e-001
 2.2342232e-001
 2.2372276e-001
 2.2401057e-001
 2.2428647e-001
 2.2455092e-001
 2.2480440e-001
 2.2504713e-001
 2.2527908e-001
 2.2550020e-001
 2.2571020e-001
 2.2590889e-001
 2.2609597e-001
 2.2627115e-001
 2.2643422e-001
 2.2658488e-001
 2.2672297e-001
 2.2684832e-001
 2.2696078e-001
 2.2706032e-001
 2.2714686e-001
 2.2722040e-001
 2.2728088e-001
 2.2732827e-001
 2.2736262e-001
 2.2738406e-001
 2.2739299e-001
 2.2739005e-001
 2.2737628e-001
 2.2735290e-001
 2.2732131e-001
 2.2728297e-001
 2.2723928e-001
 2.2719167e-001
 2.2714128e-001
 2.2708876e-001
 2.2703379e-001
 2.2697471e-001
 2.2690856e-001
 2.2683136e-001
 2.2673859e-001
 2.2662549e-001
 2.2648722e-001
 2.2631916e-001
 2.2611707e-001
 2.2587794e-001
 2.2560078e-001
 2.2528723e-001
 2.2494151e-001
 2.2457004e-001
 2.2418021e-001
 2.2377995e-001
 2.2337721e-001
 2.2297992e-001
 2.2259539e-001
 2.2222945e-001
 2.2188587e-001
 2.2156508e-001
 2.2126475e-001
 2.2098030e-001
 2.2070584e-001
 2.2043501e-001
 2.2016127e-001
 2.1987827e-001
 2.1958022e-001
 2.1926235e-001
 2.1892200e-001
 2.1855883e-001
 2.1817493e-001
 2.1777421e-001
 2.1736139e-001
 2.1694185e-001
 2.1652083e-001
 2.1610373e-001
 2.1569563e-001
 2.1530087e-001
 2.1492301e-001
 2.1456437e-001
 2.1422601e-001
 2.1390833e-001
 2.1361111e-001
 2.1333399e-001
 2.1307658e-001
 2.1283829e-001
 2.1261866e-001
 2.1241702e-001
 2.1223263e-001
 2.1206459e-001
 2.1191178e-001
 2.1177307e-001
 2.1164715e-001
 2.1153279e-001
 2.1142864e-001
 2.1133335e-001
 2.1124539e-001
 2.1116297e-001
 2.1108384e-001
 2.1100529e-001
 2.1092409e-001
 2.1083666e-001
 2.1073925e-001
 2.1062803e-001
 2.1049923e-001
 2.1034928e-001
 2.1017531e-001
 2.0997557e-001
 2.0974998e-001
 2.0950069e-001
 2.0923154e-001
 2.0894782e-001
 2.0865561e-001
 2.0836119e-001
 2.0807095e-001
 2.0779075e-001
 2.0752549e-001
 2.0727822e-001
 2.0704916e-001
 2.0683555e-001
 2.0663172e-001
 2.0643002e-001
 2.0622163e-001
 2.0599717e-001
 2.0574750e-001
 2.0546414e-001
 2.0514050e-001
 2.0477331e-001
 2.0436382e-001
 2.0391838e-001
 2.0344812e-001
 2.0296736e-001
 2.0249265e-001
 2.0204107e-001
 2.0162979e-001
 2.0127486e-001
 2.0098972e-001
 2.0078363e-001
 2.0065986e-001
 2.0061472e-001
 2.0063879e-001
 2.0071827e-001
 2.0083694e-001
 2.0097752e-001
 2.0112257e-001
 2.0125546e-001
 2.0136145e-001
 2.0142888e-001
 2.0145027e-001
 2.0142293e-001
 2.0134819e-001
 2.0123026e-001
 2.0107515e-001
 2.0088951e-001
 2.0068021e-001
 2.0045376e-001
 2.0021565e-001
 1.9997002e-001
 1.9971900e-001
 1.9946252e-001
 1.9919880e-001
 1.9892462e-001
 1.9863603e-001
 1.9832878e-001
 1.9799843e-001
 1.9764096e-001
 1.9729547e-001
 1.9687583e-001
 1.9641906e-001
 1.9592455e-001
 1.9539303e-001
 1.9482554e-001
 1.9422363e-001
 1.9358882e-001
 1.9292247e-001
 1.9222620e-001
 1.9150127e-001
 1.9074906e-001
 1.8997069e-001
 1.8916680e-001
 1.8833762e-001
 1.8748133e-001
 1.8659471e-001
 1.8568955e-001
 1.8480128e-001
 1.8392317e-001
 1.8295331e-001
 1.8186149e-001
 1.8080212e-001
 1.7982922e-001
 1.7883998e-001
 1.7778051e-001
 1.7667562e-001
 1.7556833e-001
 1.7449689e-001
 1.7343506e-001
 1.7227133e-001
 1.7099391e-001
 1.6976428e-001
 1.6863030e-001
 1.6748652e-001
 1.6627491e-001
 1.6502133e-001
 1.6377632e-001
 1.6257705e-001
 1.6138303e-001
 1.6008258e-001
 1.5868124e-001
 1.5734078e-001
 1.5610029e-001
 1.5485458e-001
 1.5354633e-001
 1.5220241e-001
 1.5087739e-001
 1.4960310e-001
 1.4832775e-001
 1.4694828e-001
 1.4548710e-001
 1.4409451e-001
 1.4279950e-001
 1.4150481e-001
 1.4015666e-001
 1.3878159e-001
 1.3743393e-001
 1.3613619e-001
 1.3483052e-001
 1.3343169e-001
 1.3197435e-001
 1.3058688e-001
 1.2929010e-001
 1.2800005e-001
 1.2666838e-001
 1.2531997e-001
 1.2400454e-001
 1.2273636e-001
 1.2145701e-001
 1.2009810e-001
 1.1870179e-001
 1.1737704e-001
 1.1613721e-001
 1.1491200e-001
 1.1366197e-001
 1.1240073e-001
 1.1114950e-001
 1.0991956e-001
 1.0869443e-001
 1.0748177e-001
 1.0628197e-001
 1.0509457e-001
 1.0392318e-001
 1.0277882e-001
 1.0167085e-001
 1.0058479e-001
 9.9483296e-002
 9.8350383e-002
 9.7224250e-002
 9.6154772e-002
 9.5143817e-002
 9.4156206e-002
 9.3171485e-002
 9.2201531e-002
 9.1265492e-002
 9.0358920e-002
 8.9452483e-002
 8.8530600e-002
 8.7621212e-002
 8.6764738e-002
 8.5965216e-002
 8.5195750e-002
 8.4438957e-002
 8.3702505e-002
 8.3001137e-002
 8.2333259e-002
 8.1678823e-002
 8.1025995e-002
 8.0392949e-002
 7.9807982e-002
 7.9275668e-002
 7.8778781e-002
 7.8305073e-002
 7.7858262e-002
 7.7447399e-002
 7.7072911e-002
 7.6725386e-002
 7.6398768e-002
 7.6101296e-002
 7.5846486e-002
 7.5637497e-002
 7.5467765e-002
 7.5331867e-002
 7.5230122e-002
 7.5165160e-002
 7.5139038e-002
 7.5153507e-002
 7.5209886e-002
 7.5306818e-002
 7.5440958e-002
 7.5612001e-002
 7.5824156e-002
 7.6080889e-002
 7.6379880e-002
 7.6716602e-002
 7.7093899e-002
 7.7525310e-002
 7.8021325e-002
 7.8571372e-002
 7.9152584e-002
 7.9758301e-002
 8.0403201e-002
 8.1103720e-002
 8.1863254e-002
 8.2676105e-002
 8.3536856e-002
 8.4442191e-002
 8.5388973e-002
 8.6370595e-002
 8.7375954e-002
 8.8390246e-002
 8.9394927e-002
 9.0369858e-002
 9.1293484e-002
 9.2144258e-002
 9.2902049e-002
 9.3549095e-002
 9.4072878e-002
 9.4468065e-002
 9.4737530e-002
 9.4893038e-002
 9.4953284e-002
 9.4941810e-002
 9.4884694e-002
 9.4808862e-002
 9.4740488e-002
 9.4703622e-002
 9.4717912e-002
 9.4796740e-002
 9.4945841e-002
 9.5163383e-002
 9.5441177e-002
 9.5766678e-002
 9.6125089e-002
 9.6500508e-002
 9.6877426e-002
 9.7241394e-002
 9.7580381e-002
 9.7886011e-002
 9.8154068e-002
 9.8384798e-002
 9.8581985e-002
 9.8751910e-002
 9.8902330e-002
 9.9041507e-002
 9.9177778e-002
 9.9318981e-002
 9.9471994e-002
 9.9642344e-002
 9.9833898e-002
 1.0004877e-001
 1.0028762e-001
 1.0054897e-001
 1.0082913e-001
 1.0112401e-001
 1.0143400e-001
 1.0176615e-001
 1.0212620e-001
 1.0250778e-001
 1.0289478e-001
 1.0327835e-001
 1.0366303e-001
 1.0405633e-001
 1.0445743e-001
 1.0485902e-001
 1.0525857e-001
 1.0566294e-001
 1.0607927e-001
 1.0650109e-001
 1.0691155e-001
 1.0730090e-001
 1.0767358e-001
 1.0803752e-001
 1.0839283e-001
 1.0873308e-001
 1.0905523e-001
 1.0936337e-001
 1.0966212e-001
 1.0994679e-001
 1.1020557e-001
 1.1043120e-001
 1.1062549e-001
 1.1079298e-001
 1.1093455e-001
 1.1104751e-001
 1.1112891e-001
 1.1117722e-001
 1.1119241e-001
 1.1117596e-001
 1.1113086e-001
 1.1106151e-001
 1.1097376e-001
 1.1087441e-001
 1.1077077e-001
 1.1067034e-001
 1.1058029e-001
 1.1050694e-001
 1.1045516e-001
 1.1042749e-001
 1.1042373e-001
 1.1044082e-001
 1.1047326e-001
 1.1051375e-001
 1.1055405e-001
 1.1058546e-001
 1.1059961e-001
 1.1058901e-001
 1.1054786e-001
 1.1047293e-001
 1.1036412e-001
 1.1022461e-001
 1.1006037e-001
 1.0987938e-001
 1.0969078e-001
 1.0950431e-001
 1.0932948e-001
 1.0917503e-001
 1.0904842e-001
 1.0895482e-001
 1.0889690e-001
 1.0887443e-001
 1.0888489e-001
 1.0892401e-001
 1.0898654e-001
 1.0906669e-001
 1.0915866e-001
 1.0925697e-001
 1.0935664e-001
 1.0945374e-001
 1.0954545e-001
 1.0963012e-001
 1.0970713e-001
 1.0977666e-001
 1.0983935e-001
 1.0989606e-001
 1.0994788e-001
 1.0999603e-001
 1.1004195e-001
 1.1008741e-001
 1.1013457e-001
 1.1018597e-001
 1.1024451e-001
 1.1031333e-001
 1.1039569e-001
 1.1049483e-001
 1.1061377e-001
 1.1075505e-001
 1.1092021e-001
 1.1110954e-001
 1.1132178e-001
 1.1155373e-001
 1.1180090e-001
 1.1205777e-001
 1.1231799e-001
 1.1257515e-001
 1.1282294e-001
 1.1305563e-001
 1.1326831e-001
 1.1345769e-001
 1.1362236e-001
 1.1376249e-001
 1.1388010e-001
 1.1397834e-001
 1.1406106e-001
 1.1413250e-001
 1.1419698e-001
 1.1425858e-001
 1.1432108e-001
 1.1438765e-001
 1.1446078e-001
 1.1454219e-001
 1.1463299e-001
 1.1473384e-001
 1.1484503e-001
 1.1496677e-001
 1.1509918e-001
 1.1524225e-001
 1.1539604e-001
 1.1556050e-001
 1.1573561e-001
 1.1592112e-001
 1.1611691e-001
 1.1632279e-001
 1.1653843e-001
 1.1676358e-001
 1.1699799e-001
 1.1724118e-001
 1.1749271e-001
 1.1775202e-001
 1.1801815e-001
 1.1829016e-001
 1.1856686e-001
 1.1884701e-001
 1.1912911e-001
 1.1941183e-001
 1.1969385e-001
 1.1997378e-001
 1.2025055e-001
 1.2052333e-001
 1.2079135e-001
 1.2105434e-001
 1.2131216e-001
 1.2156498e-001
 1.2181287e-001
 1.2205618e-001
 1.2229533e-001
 1.2253073e-001
 1.2276311e-001
 1.2299351e-001
 1.2322313e-001
 1.2345366e-001
 1.2368713e-001
 1.2392557e-001
 1.2417128e-001
 1.2442647e-001
 1.2469313e-001
 1.2497251e-001
 1.2526509e-001
 1.2556997e-001
 1.2588440e-001
 1.2620410e-001
 1.2652338e-001
 1.2683521e-001
 1.2713225e-001
 1.2740698e-001
 1.2765238e-001
 1.2786245e-001
 1.2803341e-001
 1.2816435e-001
 1.2825780e-001
 1.2831980e-001
 1.2835954e-001
 1.2838845e-001
 1.2841928e-001
 1.2846525e-001
 1.2853904e-001
 1.2865198e-001
 1.2881275e-001
 1.2902649e-001
 1.2929375e-001
 1.2961078e-001
 1.2996998e-001
 1.3036063e-001
 1.3077058e-001
 1.3118692e-001
 1.3159665e-001
 1.3198805e-001
 1.3235117e-001
 1.3267879e-001
 1.3296664e-001
 1.3321401e-001
 1.3342302e-001
 1.3359761e-001
 1.3374324e-001
 1.3386589e-001
 1.3397166e-001
 1.3406642e-001
 1.3415547e-001
 1.3424328e-001
 1.3433322e-001
 1.3442774e-001
 1.3452840e-001
 1.3463600e-001
 1.3475099e-001
 1.3487351e-001
 1.3500333e-001
 1.3513994e-001
 1.3528226e-001
 1.3542838e-001
 1.3557556e-001
 1.3572019e-001
 1.3585790e-001
 1.3598368e-001
 1.3609232e-001
 1.3617849e-001
 1.3623700e-001
 1.3626307e-001
 1.3625272e-001
 1.3620287e-001
 1.3611159e-001
 1.3597827e-001
 1.3580315e-001
 1.3558738e-001
 1.3533244e-001
 1.3504009e-001
 1.3471235e-001
 1.3435160e-001
 1.3396004e-001
 1.3354065e-001
 1.3309640e-001
 1.3263059e-001
 1.3214722e-001
 1.3165011e-001
 1.3114332e-001
 1.3063067e-001
 1.3011621e-001
 1.2960307e-001
 1.2909366e-001
 1.2858970e-001
 1.2809138e-001
 1.2759764e-001
 1.2710683e-001
 1.2661617e-001
 1.2612261e-001
 1.2562284e-001
 1.2511404e-001
 1.2459341e-001
 1.2405883e-001
 1.2350942e-001
 1.2294507e-001
 1.2236665e-001
 1.2177633e-001
 1.2117650e-001
 1.2056994e-001
 1.1996008e-001
 1.1934996e-001
 1.1874274e-001
 1.1814138e-001
 1.1754908e-001
 1.1696854e-001
 1.1640227e-001
 1.1585307e-001
 1.1532325e-001
 1.1481503e-001
 1.1433087e-001
 1.1387265e-001
 1.1344209e-001
 1.1304025e-001
 1.1266787e-001
 1.1232460e-001
 1.1200944e-001
 1.1172097e-001
 1.1145709e-001
 1.1121543e-001
 1.1099364e-001
 1.1078901e-001
 1.1059871e-001
 1.1041985e-001
 1.1024916e-001
 1.1008307e-001
 1.0991774e-001
 1.0974921e-001
 1.0957328e-001
 1.0938568e-001
 1.0918237e-001
 1.0895940e-001
 1.0871331e-001
 1.0844150e-001
 1.0814219e-001
 1.0781459e-001
 1.0745884e-001
 1.0707622e-001
 1.0666832e-001
 1.0623718e-001
 1.0578550e-001
 1.0531608e-001
 1.0483228e-001
 1.0433865e-001
 1.0384041e-001
 1.0334396e-001
 1.0285714e-001
 1.0238832e-001
 1.0194654e-001
 1.0154089e-001
 1.0118045e-001
 1.0087299e-001
 1.0062456e-001
 1.0043867e-001
 1.0031530e-001
 1.0025050e-001
 1.0023691e-001
 1.0026415e-001
 1.0031993e-001
 1.0039088e-001
 1.0046342e-001
 1.0052466e-001
 1.0056322e-001
 1.0056999e-001
 1.0053894e-001
 1.0046704e-001
 1.0035443e-001
 1.0020364e-001
 1.0001894e-001
 9.9805497e-002
 9.9569000e-002
 9.9314846e-002
 9.9047869e-002
 9.8772176e-002
 9.8490521e-002
 9.8204382e-002
 9.7914226e-002
 9.7619414e-002
 9.7318649e-002
 9.7010598e-002
 9.6693829e-002
 9.6367449e-002
 9.6031480e-002
 9.5687553e-002
 9.5338836e-002
 9.4990358e-002
 9.4649136e-002
 9.4323248e-002
 9.4021648e-002
 9.3753748e-002
 9.3528338e-002
 9.3353070e-002
 9.3233444e-002
 9.3171999e-002
 9.3167335e-002
 9.3214341e-002
 9.3304142e-002
 9.3425021e-002
 9.3563408e-002
 9.3704790e-002
 9.3834922e-002
 9.3940720e-002
 9.4011284e-002
 9.4039030e-002
 9.4020307e-002
 9.3955606e-002
 9.3849249e-002
 9.3708500e-002
 9.3542509e-002
 9.3361504e-002
 9.3175635e-002
 9.2994206e-002
 9.2824981e-002
 9.2673205e-002
 9.2541277e-002
 9.2428483e-002
 9.2331477e-002
 9.2244737e-002
 9.2161417e-002
 9.2074141e-002
 9.1975622e-002
 9.1859452e-002
 9.1720901e-002
 9.1557443e-002
 9.1369227e-002
 9.1159232e-002
 9.0932831e-002
 9.0697296e-002
 9.0461038e-002
 9.0233088e-002
 9.0022057e-002
 8.9835599e-002
 8.9679800e-002
 8.9558229e-002
 8.9471720e-002
 8.9418292e-002
 8.9393429e-002
 8.9390680e-002
 8.9402385e-002
 8.9420274e-002
 8.9436047e-002
 8.9441851e-002
 8.9430697e-002
 8.9396842e-002
 8.9335933e-002
 8.9245208e-002
 8.9123130e-002
 8.8969111e-002
 8.8783376e-002
 8.8566490e-002
 8.8319354e-002
 8.8043086e-002
 8.7739289e-002
 8.7410048e-002
 8.7057568e-002
 8.6684890e-002
 8.6295202e-002
 8.5891962e-002
 8.5479073e-002
 8.5060164e-002
 8.4638841e-002
 8.4218271e-002
 8.3801441e-002
 8.3390392e-002
 8.2986459e-002
 8.2590505e-002
 8.2202509e-002
 8.1821963e-002
 8.1448294e-002
 8.1080429e-002
 8.0717079e-002
 8.0357008e-002
 7.9998381e-002
 7.9639100e-002
 7.9276554e-002
 7.8908019e-002
 7.8530170e-002
 7.8139529e-002
 7.7732891e-002
 7.7307120e-002
 7.6859772e-002
 7.6390043e-002
 7.5898647e-002
 7.5388797e-002
 7.4866109e-002
 7.4339122e-002
 7.3818058e-002
 7.3314577e-002
 7.2841302e-002
 7.2410233e-002
 7.2032109e-002
 7.1715489e-002
 7.1465008e-002
 7.1280845e-002
 7.1158178e-002
 7.1087502e-002
 7.1055301e-002
 7.1045347e-002
 7.1039960e-002
 7.1021281e-002
 7.0972487e-002
 7.0879146e-002
 7.0730254e-002
 7.0519067e-002
 7.0243917e-002
 6.9907390e-002
 6.9515772e-002
 6.9077805e-002
 6.8604052e-002
 6.8105280e-002
 6.7591928e-002
 6.7073800e-002
 6.6558763e-002
 6.6052772e-002
 6.5560356e-002
 6.5084592e-002
 6.4628877e-002
 6.4198293e-002
 6.3800797e-002
 6.3445531e-002
 6.3140310e-002
 6.2888846e-002
 6.2689282e-002
-1.2300000e+034
-1.2300000e+034
-1.2300000e+034
-1.2300000e+034
-1.2300000e+034
-1.2300000e+034
-1.2300000e+034
-1.2300000e+034
-1.2300000e+034
-1.2300000e+034
-1.2300000e+034
-1.2300000e+034
-1.2300000e+034
-1.2300000e+034
-1.2300000e+034
-1.2300000e+034
-1.2300000e+034
-1.2300000e+034
-1.2300000e+034
-1.2300000e+034
-1.2300000e+034
-1.2300000e+034
