s07_ASD Record=8793: Opal TM8896 (Hyalite)         BECKa AREF
 5.6565458e-001
 5.6667995e-001
 5.6769168e-001
 5.6869340e-001
 5.6969154e-001
 5.7069343e-001
 5.7170403e-001
 5.7272172e-001
 5.7373798e-001
 5.7473862e-001
 5.7570833e-001
 5.7663423e-001
 5.7750809e-001
 5.7832778e-001
 5.7909924e-001
 5.7983655e-001
 5.8055824e-001
 5.8128333e-001
 5.8202851e-001
 5.8280736e-001
 5.8363050e-001
 5.8450544e-001
 5.8543700e-001
 5.8642751e-001
 5.8747768e-001
 5.8858603e-001
 5.8974785e-001
 5.9095323e-001
 5.9218669e-001
 5.9342986e-001
 5.9466416e-001
 5.9587550e-001
 5.9705561e-001
 5.9820169e-001
 5.9931749e-001
 6.0041189e-001
 6.0149342e-001
 6.0256547e-001
 6.0362631e-001
 6.0467142e-001
 6.0569781e-001
 6.0670578e-001
 6.0769945e-001
 6.0868496e-001
 6.0966873e-001
 6.1065567e-001
 6.1164731e-001
 6.1264151e-001
 6.1363256e-001
 6.1461270e-001
 6.1557460e-001
 6.1651313e-001
 6.1742675e-001
 6.1831790e-001
 6.1919343e-001
 6.2006485e-001
 6.2094778e-001
 6.2185681e-001
 6.2279981e-001
 6.2377822e-001
 6.2476933e-001
 6.2574345e-001
 6.2668866e-001
 6.2759358e-001
 6.2845099e-001
 6.2927634e-001
 6.3009012e-001
 6.3090408e-001
 6.3172042e-001
 6.3253307e-001
 6.3333070e-001
 6.3410264e-001
 6.3484502e-001
 6.3556302e-001
 6.3627017e-001
 6.3698423e-001
 6.3772231e-001
 6.3849640e-001
 6.3931119e-001
 6.4016426e-001
 6.4104694e-001
 6.4194494e-001
 6.4284039e-001
 6.4371449e-001
 6.4455324e-001
 6.4535201e-001
 6.4611751e-001
 6.4686531e-001
 6.4761341e-001
 6.4837480e-001
 6.4915270e-001
 6.4994049e-001
 6.5072620e-001
 6.5149957e-001
 6.5225828e-001
 6.5301025e-001
 6.5377212e-001
 6.5456241e-001
 6.5539360e-001
 6.5626514e-001
 6.5716207e-001
 6.5805906e-001
 6.5892935e-001
 6.5975493e-001
 6.6053212e-001
 6.6126901e-001
 6.6197318e-001
 6.6264170e-001
 6.6326398e-001
 6.6383392e-001
 6.6436183e-001
 6.6487443e-001
 6.6540456e-001
 6.6597551e-001
 6.6659051e-001
 6.6723239e-001
 6.6787487e-001
 6.6849536e-001
 6.6908085e-001
 6.6962731e-001
 6.7013991e-001
 6.7063498e-001
 6.7113459e-001
 6.7165196e-001
 6.7218167e-001
 6.7270720e-001
 6.7322206e-001
 6.7374176e-001
 6.7429316e-001
 6.7489046e-001
 6.7552137e-001
 6.7615485e-001
 6.7676204e-001
 6.7733538e-001
 6.7789340e-001
 6.7847097e-001
 6.7909694e-001
 6.7977124e-001
 6.8045974e-001
 6.8111503e-001
 6.8171161e-001
 6.8226641e-001
 6.8282580e-001
 6.8342978e-001
 6.8408531e-001
 6.8476945e-001
 6.8545246e-001
 6.8611592e-001
 6.8675286e-001
 6.8736035e-001
 6.8793881e-001
 6.8849748e-001
 6.8905324e-001
 6.8962121e-001
 6.9020730e-001
 6.9080973e-001
 6.9142663e-001
 6.9206220e-001
 6.9272685e-001
 6.9342995e-001
 6.9416863e-001
 6.9492608e-001
 6.9568408e-001
 6.9643694e-001
 6.9718748e-001
 6.9793022e-001
 6.9864565e-001
 6.9931674e-001
 6.9994748e-001
 7.0055997e-001
 7.0117086e-001
 7.0177531e-001
 7.0235705e-001
 7.0291662e-001
 7.0348269e-001
 7.0409095e-001
 7.0475072e-001
 7.0543951e-001
 7.0613194e-001
 7.0682222e-001
 7.0751107e-001
 7.0818460e-001
 7.0882821e-001
 7.0945436e-001
 7.1009183e-001
 7.1074963e-001
 7.1141022e-001
 7.1205080e-001
 7.1264893e-001
 7.1318090e-001
 7.1364915e-001
 7.1410763e-001
 7.1462047e-001
 7.1518743e-001
 7.1573663e-001
 7.1620190e-001
 7.1659237e-001
 7.1698272e-001
 7.1744817e-001
 7.1801072e-001
 7.1863693e-001
 7.1928310e-001
 7.1994102e-001
 7.2063017e-001
 7.2133601e-001
 7.2197813e-001
 7.2247022e-001
 7.2279644e-001
 7.2299832e-001
 7.2311151e-001
 7.2316921e-001
 7.2325587e-001
 7.2348917e-001
 7.2392261e-001
 7.2449410e-001
 7.2508949e-001
 7.2564954e-001
 7.2621471e-001
 7.2687232e-001
 7.2766256e-001
 7.2852969e-001
 7.2935641e-001
 7.3004729e-001
 7.3058939e-001
 7.3104519e-001
 7.3149651e-001
 7.3199344e-001
 7.3253691e-001
 7.3309129e-001
 7.3362261e-001
 7.3414159e-001
 7.3469424e-001
 7.3528177e-001
 7.3581195e-001
 7.3618579e-001
 7.3643285e-001
 7.3671150e-001
 7.3715866e-001
 7.3775679e-001
 7.3835576e-001
 7.3882121e-001
 7.3915470e-001
 7.3946041e-001
 7.3981339e-001
 7.4018699e-001
 7.4050450e-001
 7.4073750e-001
 7.4094117e-001
 7.4119169e-001
 7.4149716e-001
 7.4179304e-001
 7.4202609e-001
 7.4221855e-001
 7.4244177e-001
 7.4273652e-001
 7.4306846e-001
 7.4336469e-001
 7.4358660e-001
 7.4378765e-001
 7.4408203e-001
 7.4451160e-001
 7.4499583e-001
 7.4545687e-001
 7.4587351e-001
 7.4618143e-001
 7.4629414e-001
 7.4627250e-001
 7.4633056e-001
 7.4661809e-001
 7.4706793e-001
 7.4751121e-001
 7.4790800e-001
 7.4836826e-001
 7.4892795e-001
 7.4944878e-001
 7.4982166e-001
 7.5012004e-001
 7.5044483e-001
 7.5075066e-001
 7.5096506e-001
 7.5116789e-001
 7.5149292e-001
 7.5192273e-001
 7.5234628e-001
 7.5273699e-001
 7.5312072e-001
 7.5346845e-001
 7.5372708e-001
 7.5392342e-001
 7.5418127e-001
 7.5460750e-001
 7.5515389e-001
 7.5563121e-001
 7.5588816e-001
 7.5595343e-001
 7.5599921e-001
 7.5619292e-001
 7.5657833e-001
 7.5708073e-001
 7.5760692e-001
 7.5811350e-001
 7.5858307e-001
 7.5897932e-001
 7.5926167e-001
 7.5945747e-001
 7.5969511e-001
 7.6008922e-001
 7.6057196e-001
 7.6094490e-001
 7.6113456e-001
 7.6126444e-001
 7.6144564e-001
 7.6167876e-001
 7.6199692e-001
 7.6247913e-001
 7.6303506e-001
 7.6340461e-001
 7.6346743e-001
 7.6338637e-001
 7.6340795e-001
 7.6357806e-001
 7.6376301e-001
 7.6386583e-001
 7.6391089e-001
 7.6398259e-001
 7.6416135e-001
 7.6449156e-001
 7.6495618e-001
 7.6546609e-001
 7.6589853e-001
 7.6617473e-001
 7.6631236e-001
 7.6639873e-001
 7.6651120e-001
 7.6666135e-001
 7.6681387e-001
 7.6695418e-001
 7.6713401e-001
 7.6744086e-001
 7.6791346e-001
 7.6848489e-001
 7.6901716e-001
 7.6940155e-001
 7.6963097e-001
 7.6979065e-001
 7.6999688e-001
 7.7034330e-001
 7.7087051e-001
 7.7154082e-001
 7.7223253e-001
 7.7279377e-001
 7.7314627e-001
 7.7335417e-001
 7.7357614e-001
 7.7388370e-001
 7.7419329e-001
 7.7438414e-001
 7.7446675e-001
 7.7462196e-001
 7.7496785e-001
 7.7540213e-001
 7.7579832e-001
 7.7619374e-001
 7.7662927e-001
 7.7698511e-001
 7.7715349e-001
 7.7720928e-001
 7.7724385e-001
 7.7720368e-001
 7.7706617e-001
 7.7700692e-001
 7.7721280e-001
 7.7765232e-001
 7.7814877e-001
 7.7856261e-001
 7.7883780e-001
 7.7897638e-001
 7.7904612e-001
 7.7915919e-001
 7.7936572e-001
 7.7959508e-001
 7.7975714e-001
 7.7985650e-001
 7.7996856e-001
 7.8015763e-001
 7.8044158e-001
 7.8077501e-001
 7.8102797e-001
 7.8105199e-001
 7.8086478e-001
 7.8070241e-001
 7.8077000e-001
 7.8103352e-001
 7.8135890e-001
 7.8170341e-001
 7.8206235e-001
 7.8236789e-001
 7.8256130e-001
 7.8265852e-001
 7.8275847e-001
 7.8293705e-001
 7.8317380e-001
 7.8346002e-001
 7.8384674e-001
 7.8436309e-001
 7.8493327e-001
 7.8539085e-001
 7.8558868e-001
 7.8553885e-001
 7.8541541e-001
 7.8540456e-001
 7.8557628e-001
 7.8588152e-001
 7.8623015e-001
 7.8653014e-001
 7.8669763e-001
 7.8669173e-001
 7.8658420e-001
 7.8654778e-001
 7.8672719e-001
 7.8709745e-001
 7.8746629e-001
 7.8763771e-001
 7.8758484e-001
 7.8743905e-001
 7.8734142e-001
 7.8735352e-001
 7.8744757e-001
 7.8754908e-001
 7.8760630e-001
 7.8768170e-001
 7.8781885e-001
 7.8806096e-001
 7.8837860e-001
 7.8871256e-001
 7.8900397e-001
 7.8920257e-001
 7.8931558e-001
 7.8937328e-001
 7.8940612e-001
 7.8944391e-001
 7.8951174e-001
 7.8963310e-001
 7.8983158e-001
 7.9012388e-001
 7.9048258e-001
 7.9086208e-001
 7.9121715e-001
 7.9150921e-001
 7.9174525e-001
 7.9198426e-001
 7.9218739e-001
 7.9241490e-001
 7.9266542e-001
 7.9291087e-001
 7.9312259e-001
 7.9327148e-001
 7.9332989e-001
 7.9329711e-001
 7.9319865e-001
 7.9306149e-001
 7.9291260e-001
 7.9277807e-001
 7.9266983e-001
 7.9258531e-001
 7.9252142e-001
 7.9247510e-001
 7.9244375e-001
 7.9243213e-001
 7.9245305e-001
 7.9251915e-001
 7.9264349e-001
 7.9283887e-001
 7.9310966e-001
 7.9342651e-001
 7.9375243e-001
 7.9405016e-001
 7.9428232e-001
 7.9441184e-001
 7.9441506e-001
 7.9432094e-001
 7.9417121e-001
 7.9400748e-001
 7.9387134e-001
 7.9380453e-001
 7.9384851e-001
 7.9402936e-001
 7.9431260e-001
 7.9464990e-001
 7.9499245e-001
 7.9529196e-001
 7.9549974e-001
 7.9556733e-001
 7.9544604e-001
 7.9510581e-001
 7.9458600e-001
 7.9394245e-001
 7.9323089e-001
 7.9250693e-001
 7.9182643e-001
 7.9124516e-001
 7.9081875e-001
 7.9058754e-001
 7.9053354e-001
 7.9062551e-001
 7.9083210e-001
 7.9112190e-001
 7.9146349e-001
 7.9182559e-001
 7.9217696e-001
 7.9249179e-001
 7.9276639e-001
 7.9300159e-001
 7.9319847e-001
 7.9335809e-001
 7.9348129e-001
 7.9356921e-001
 7.9362273e-001
 7.9364300e-001
 7.9363090e-001
 7.9358751e-001
 7.9351377e-001
 7.9341209e-001
 7.9328901e-001
 7.9315251e-001
 7.9301041e-001
 7.9287058e-001
 7.9274082e-001
 7.9262888e-001
 7.9254276e-001
 7.9249012e-001
 7.9247892e-001
 7.9251695e-001
 7.9261196e-001
 7.9276842e-001
 7.9297829e-001
 7.9323059e-001
 7.9351479e-001
 7.9382002e-001
 7.9413533e-001
 7.9445004e-001
 7.9475349e-001
 7.9503471e-001
 7.9528290e-001
 7.9548723e-001
 7.9564029e-001
 7.9574609e-001
 7.9581088e-001
 7.9584122e-001
 7.9584354e-001
 7.9582441e-001
 7.9579002e-001
 7.9574728e-001
 7.9570222e-001
 7.9566145e-001
 7.9563004e-001
 7.9560846e-001
 7.9559582e-001
 7.9559159e-001
 7.9559493e-001
 7.9560524e-001
 7.9562163e-001
 7.9564369e-001
 7.9567051e-001
 7.9570156e-001
 7.9573578e-001
 7.9577184e-001
 7.9580784e-001
 7.9584241e-001
 7.9587388e-001
 7.9590046e-001
 7.9592049e-001
 7.9593265e-001
 7.9593498e-001
 7.9592603e-001
 7.9590458e-001
 7.9587156e-001
 7.9582798e-001
 7.9577506e-001
 7.9571408e-001
 7.9564601e-001
 7.9557222e-001
 7.9549372e-001
 7.9541183e-001
 7.9532647e-001
 7.9523337e-001
 7.9512793e-001
 7.9500496e-001
 7.9485983e-001
 7.9468739e-001
 7.9448283e-001
 7.9424131e-001
 7.9395890e-001
 7.9363531e-001
 7.9327095e-001
 7.9286623e-001
 7.9242158e-001
 7.9193735e-001
 7.9141420e-001
 7.9085231e-001
 7.9025871e-001
 7.8966177e-001
 7.8909415e-001
 7.8858876e-001
 7.8817803e-001
 7.8789490e-001
 7.8777206e-001
 7.8784209e-001
 7.8812277e-001
 7.8858250e-001
 7.8918058e-001
 7.8983337e-001
 7.9057562e-001
 7.9132479e-001
 7.9204524e-001
 7.9271239e-001
 7.9330891e-001
 7.9382145e-001
 7.9423863e-001
 7.9455030e-001
 7.9475069e-001
 7.9484463e-001
 7.9485166e-001
 7.9480135e-001
 7.9472721e-001
 7.9466206e-001
 7.9463458e-001
 7.9466504e-001
 7.9476446e-001
 7.9493678e-001
 7.9518217e-001
 7.9549831e-001
 7.9587901e-001
 7.9631197e-001
 7.9677761e-001
 7.9725111e-001
 7.9770547e-001
 7.9811621e-001
 7.9846638e-001
 7.9875237e-001
 7.9898512e-001
 7.9918694e-001
 7.9938567e-001
 7.9960746e-001
 7.9986936e-001
 8.0017382e-001
 8.0050671e-001
 8.0084062e-001
 8.0114150e-001
 8.0137610e-001
 8.0151981e-001
 8.0106711e-001
 8.0107486e-001
 8.0104327e-001
 8.0097985e-001
 8.0089462e-001
 8.0079871e-001
 8.0070370e-001
 8.0062020e-001
 8.0055755e-001
 8.0052257e-001
 8.0051959e-001
 8.0054992e-001
 8.0061257e-001
 8.0070442e-001
 8.0082202e-001
 8.0096209e-001
 8.0112273e-001
 8.0130339e-001
 8.0150515e-001
 8.0172962e-001
 8.0197865e-001
 8.0225307e-001
 8.0255216e-001
 8.0287284e-001
 8.0320972e-001
 8.0355501e-001
 8.0389816e-001
 8.0422717e-001
 8.0452949e-001
 8.0479360e-001
 8.0501145e-001
 8.0517888e-001
 8.0529660e-001
 8.0537015e-001
 8.0540878e-001
 8.0542457e-001
 8.0543023e-001
 8.0543780e-001
 8.0545664e-001
 8.0549258e-001
 8.0554748e-001
 8.0561936e-001
 8.0570376e-001
 8.0579466e-001
 8.0588585e-001
 8.0597216e-001
 8.0605000e-001
 8.0611771e-001
 8.0617553e-001
 8.0622506e-001
 8.0626875e-001
 8.0630958e-001
 8.0635035e-001
 8.0639362e-001
 8.0644172e-001
 8.0649644e-001
 8.0655915e-001
 8.0663103e-001
 8.0671287e-001
 8.0680501e-001
 8.0690742e-001
 8.0701923e-001
 8.0713910e-001
 8.0726463e-001
 8.0739290e-001
 8.0752021e-001
 8.0764270e-001
 8.0775636e-001
 8.0785769e-001
 8.0794388e-001
 8.0801308e-001
 8.0806464e-001
 8.0809921e-001
 8.0811846e-001
 8.0812538e-001
 8.0812353e-001
 8.0811727e-001
 8.0811119e-001
 8.0810994e-001
 8.0811810e-001
 8.0813992e-001
 8.0817908e-001
 8.0823851e-001
 8.0831993e-001
 8.0842382e-001
 8.0854905e-001
 8.0869269e-001
 8.0885011e-001
 8.0901515e-001
 8.0918068e-001
 8.0933946e-001
 8.0948466e-001
 8.0961084e-001
 8.0971438e-001
 8.0979359e-001
 8.0984873e-001
 8.0988121e-001
 8.0989331e-001
 8.0988729e-001
 8.0986547e-001
 8.0982971e-001
 8.0978209e-001
 8.0972528e-001
 8.0966270e-001
 8.0959886e-001
 8.0953908e-001
 8.0948883e-001
 8.0945313e-001
 8.0943537e-001
 8.0943704e-001
 8.0945718e-001
 8.0949259e-001
 8.0953830e-001
 8.0958813e-001
 8.0963552e-001
 8.0967396e-001
 8.0969745e-001
 8.0970079e-001
 8.0967963e-001
 8.0963045e-001
 8.0955088e-001
 8.0943990e-001
 8.0929780e-001
 8.0912679e-001
 8.0893028e-001
 8.0871308e-001
 8.0848044e-001
 8.0823731e-001
 8.0798751e-001
 8.0773270e-001
 8.0747199e-001
 8.0720162e-001
 8.0691475e-001
 8.0660224e-001
 8.0625284e-001
 8.0585462e-001
 8.0539590e-001
 8.0486619e-001
 8.0425817e-001
 8.0356872e-001
 8.0280012e-001
 8.0196124e-001
 8.0106765e-001
 8.0014157e-001
 7.9921103e-001
 7.9830718e-001
 7.9746318e-001
 7.9671025e-001
 7.9607600e-001
 7.9558206e-001
 7.9524219e-001
 7.9506230e-001
 7.9504031e-001
 7.9516709e-001
 7.9542798e-001
 7.9580408e-001
 7.9627401e-001
 7.9681522e-001
 7.9740512e-001
 7.9802221e-001
 7.9864699e-001
 7.9926211e-001
 7.9985338e-001
 8.0040962e-001
 8.0092275e-001
 8.0138820e-001
 8.0180413e-001
 8.0217117e-001
 8.0249220e-001
 8.0277163e-001
 8.0301493e-001
 8.0322826e-001
 8.0341810e-001
 8.0359083e-001
 8.0375266e-001
 8.0390936e-001
 8.0406582e-001
 8.0422634e-001
 8.0439425e-001
 8.0457175e-001
 8.0476016e-001
 8.0495942e-001
 8.0516851e-001
 8.0538493e-001
 8.0560493e-001
 8.0582345e-001
 8.0603415e-001
 8.0622959e-001
 8.0640209e-001
 8.0654377e-001
 8.0664808e-001
 8.0671030e-001
 8.0672860e-001
 8.0670464e-001
 8.0664361e-001
 8.0655420e-001
 8.0644763e-001
 8.0633652e-001
 8.0623364e-001
 8.0615044e-001
 8.0609566e-001
 8.0607486e-001
 8.0608958e-001
 8.0613798e-001
 8.0621499e-001
 8.0631369e-001
 8.0642611e-001
 8.0654454e-001
 8.0666250e-001
 8.0677509e-001
 8.0687946e-001
 8.0697459e-001
 8.0706072e-001
 8.0713910e-001
 8.0721098e-001
 8.0727768e-001
 8.0733979e-001
 8.0739743e-001
 8.0744994e-001
 8.0749613e-001
 8.0753434e-001
 8.0756235e-001
 8.0757731e-001
 8.0757606e-001
 8.0755520e-001
 8.0751103e-001
 8.0744052e-001
 8.0734098e-001
 8.0721110e-001
 8.0705070e-001
 8.0686116e-001
 8.0664521e-001
 8.0640674e-001
 8.0615032e-001
 8.0588090e-001
 8.0560344e-001
 8.0532235e-001
 8.0504173e-001
 8.0476505e-001
 8.0449492e-001
 8.0423367e-001
 8.0398321e-001
 8.0374491e-001
 8.0352014e-001
 8.0330992e-001
 8.0311519e-001
 8.0293679e-001
 8.0277550e-001
 8.0263209e-001
 8.0250764e-001
 8.0240345e-001
 8.0232120e-001
 8.0226296e-001
 8.0223107e-001
 8.0222785e-001
 8.0225521e-001
 8.0231386e-001
 8.0240309e-001
 8.0251998e-001
 8.0265927e-001
 8.0281341e-001
 8.0297303e-001
 8.0312753e-001
 8.0326658e-001
 8.0338109e-001
 8.0346453e-001
 8.0351406e-001
 8.0353087e-001
 8.0351973e-001
 8.0348843e-001
 8.0344599e-001
 8.0340087e-001
 8.0335921e-001
 8.0332345e-001
 8.0329204e-001
 8.0325937e-001
 8.0321759e-001
 8.0315775e-001
 8.0307227e-001
 8.0295616e-001
 8.0280805e-001
 8.0263048e-001
 8.0242920e-001
 8.0221218e-001
 8.0198824e-001
 8.0176580e-001
 8.0155218e-001
 8.0135256e-001
 8.0117005e-001
 8.0100566e-001
 8.0085844e-001
 8.0072570e-001
 8.0060351e-001
 8.0048704e-001
 8.0037117e-001
 8.0025095e-001
 8.0012262e-001
 7.9998362e-001
 7.9983342e-001
 7.9967296e-001
 7.9950458e-001
 7.9933119e-001
 7.9915535e-001
 7.9897851e-001
 7.9880029e-001
 7.9861832e-001
 7.9842848e-001
 7.9822552e-001
 7.9800379e-001
 7.9775816e-001
 7.9748464e-001
 7.9718083e-001
 7.9684591e-001
 7.9648000e-001
 7.9608405e-001
 7.9565883e-001
 7.9520416e-001
 7.9471868e-001
 7.9419988e-001
 7.9364419e-001
 7.9304796e-001
 7.9240787e-001
 7.9172236e-001
 7.9099178e-001
 7.9021919e-001
 7.8940994e-001
 7.8857064e-001
 7.8770906e-001
 7.8683192e-001
 7.8594452e-001
 7.8505003e-001
 7.8414851e-001
 7.8323829e-001
 7.8231573e-001
 7.8137726e-001
 7.8042042e-001
 7.7944463e-001
 7.7845275e-001
 7.7745098e-001
 7.7644789e-001
 7.7545422e-001
 7.7448040e-001
 7.7353549e-001
 7.7262527e-001
 7.7175122e-001
 7.7091050e-001
 7.7009606e-001
 7.6929814e-001
 7.6850581e-001
 7.6770836e-001
 7.6689714e-001
 7.6606613e-001
 7.6521277e-001
 7.6433736e-001
 7.6344192e-001
 7.6252955e-001
 7.6160216e-001
 7.6065981e-001
 7.5969917e-001
 7.5871265e-001
 7.5768882e-001
 7.5661182e-001
 7.5546259e-001
 7.5421941e-001
 7.5285834e-001
 7.5135475e-001
 7.4968415e-001
 7.4782199e-001
 7.4574643e-001
 7.4343789e-001
 7.4088150e-001
 7.3806864e-001
 7.3499650e-001
 7.3167199e-001
 7.2810912e-001
 7.2433138e-001
 7.2036976e-001
 7.1625942e-001
 7.1204072e-001
 7.0775282e-001
 7.0343435e-001
 6.9911951e-001
 6.9483453e-001
 6.9059992e-001
 6.8642563e-001
 6.8231469e-001
 6.7826229e-001
 6.7425573e-001
 6.7027891e-001
 6.6631287e-001
 6.6233677e-001
 6.5833372e-001
 6.5428978e-001
 6.5019983e-001
 6.4606929e-001
 6.4191473e-001
 6.3776892e-001
 6.3367730e-001
 6.2970036e-001
 6.2590903e-001
 6.2237906e-001
 6.1918855e-001
 6.1640841e-001
 6.1409944e-001
 6.1230659e-001
 6.1105543e-001
 6.1035269e-001
 6.1018586e-001
 6.1052620e-001
 6.1133122e-001
 6.1254883e-001
 6.1411995e-001
 6.1598283e-001
 6.1807442e-001
 6.2033391e-001
 6.2270522e-001
 6.2513775e-001
 6.2758821e-001
 6.3002199e-001
 6.3241142e-001
 6.3473690e-001
 6.3698345e-001
 6.3914037e-001
 6.4120036e-001
 6.4315712e-001
 6.4500707e-001
 6.4674824e-001
 6.4838153e-001
 6.4991200e-001
 6.5134716e-001
 6.5269756e-001
 6.5397447e-001
 6.5518796e-001
 6.5634608e-001
 6.5745234e-001
 6.5850693e-001
 6.5950656e-001
 6.6044599e-001
 6.6132057e-001
 6.6212648e-001
 6.6286224e-001
 6.6352874e-001
 6.6412783e-001
 6.6466171e-001
 6.6513127e-001
 6.6553557e-001
 6.6587126e-001
 6.6613317e-001
 6.6631532e-001
 6.6641212e-001
 6.6641980e-001
 6.6633797e-001
 6.6617012e-001
 6.6592473e-001
 6.6561502e-001
 6.6525882e-001
 6.6487801e-001
 6.6449749e-001
 6.6414368e-001
 6.6384310e-001
 6.6362047e-001
 6.6349721e-001
 6.6348952e-001
 6.6360772e-001
 6.6385585e-001
 6.6423142e-001
 6.6472679e-001
 6.6532993e-001
 6.6602588e-001
 6.6679853e-001
 6.6763091e-001
 6.6850692e-001
 6.6941088e-001
 6.7032844e-001
 6.7124689e-001
 6.7215490e-001
 6.7304373e-001
 6.7390656e-001
 6.7473960e-001
 6.7554182e-001
 6.7631447e-001
 6.7706090e-001
 6.7778528e-001
 6.7849171e-001
 6.7918390e-001
 6.7986345e-001
 6.8053073e-001
 6.8118393e-001
 6.8182015e-001
 6.8243623e-001
 6.8302917e-001
 6.8359709e-001
 6.8414009e-001
 6.8465960e-001
 6.8515873e-001
 6.8564117e-001
 6.8611050e-001
 6.8656927e-001
 6.8701845e-001
 6.8745750e-001
 6.8788451e-001
 6.8829697e-001
 6.8869328e-001
 6.8907297e-001
 6.8943751e-001
 6.8979037e-001
 6.9013608e-001
 6.9047982e-001
 6.9082570e-001
 6.9117635e-001
 6.9153190e-001
 6.9189036e-001
 6.9224823e-001
 6.9260126e-001
 6.9294566e-001
 6.9327939e-001
 6.9360274e-001
 6.9391859e-001
 6.9423211e-001
 6.9454968e-001
 6.9487745e-001
 6.9521999e-001
 6.9557923e-001
 6.9595432e-001
 6.9634140e-001
 6.9673407e-001
 6.9712353e-001
 6.9750005e-001
 6.9785434e-001
 6.9817907e-001
 6.9847029e-001
 6.9872779e-001
 6.9895488e-001
 6.9915706e-001
 6.9934088e-001
 6.9951206e-001
 6.9967496e-001
 6.9983226e-001
 6.9998556e-001
 7.0013601e-001
 7.0028508e-001
 7.0043498e-001
 7.0058882e-001
 7.0075053e-001
 7.0092428e-001
 7.0111418e-001
 7.0132339e-001
 7.0155394e-001
 7.0180631e-001
 7.0207942e-001
 7.0237076e-001
 7.0267671e-001
 7.0299268e-001
 7.0331389e-001
 7.0363522e-001
 7.0395184e-001
 7.0425880e-001
 7.0455170e-001
 7.0482624e-001
 7.0507836e-001
 7.0530432e-001
 7.0550108e-001
 7.0566630e-001
 7.0579880e-001
 7.0589858e-001
 7.0596713e-001
 7.0600724e-001
 7.0602286e-001
 7.0601863e-001
 7.0599973e-001
 7.0597094e-001
 7.0593685e-001
 7.0590109e-001
 7.0586675e-001
 7.0583647e-001
 7.0581275e-001
 7.0579803e-001
 7.0579505e-001
 7.0580697e-001
 7.0583689e-001
 7.0588773e-001
 7.0596188e-001
 7.0606035e-001
 7.0618260e-001
 7.0632601e-001
 7.0648581e-001
 7.0665532e-001
 7.0682669e-001
 7.0699120e-001
 7.0714074e-001
 7.0726824e-001
 7.0736855e-001
 7.0743912e-001
 7.0747966e-001
 7.0749253e-001
 7.0748192e-001
 7.0745337e-001
 7.0741320e-001
 7.0736742e-001
 7.0732164e-001
 7.0728034e-001
 7.0724654e-001
 7.0722187e-001
 7.0720619e-001
 7.0719802e-001
 7.0719445e-001
 7.0719141e-001
 7.0718426e-001
 7.0716792e-001
 7.0713782e-001
 7.0709014e-001
 7.0702243e-001
 7.0693403e-001
 7.0682615e-001
 7.0670187e-001
 7.0656586e-001
 7.0642394e-001
 7.0628226e-001
 7.0614696e-001
 7.0602334e-001
 7.0591563e-001
 7.0582664e-001
 7.0575756e-001
 7.0570815e-001
 7.0567679e-001
 7.0566070e-001
 7.0565635e-001
 7.0565957e-001
 7.0566589e-001
 7.0567095e-001
 7.0567060e-001
 7.0566142e-001
 7.0564073e-001
 7.0560676e-001
 7.0555890e-001
 7.0549732e-001
 7.0542318e-001
 7.0533788e-001
 7.0524335e-001
 7.0514131e-001
 7.0503312e-001
 7.0492005e-001
 7.0480275e-001
 7.0468187e-001
 7.0455819e-001
 7.0443285e-001
 7.0430762e-001
 7.0418531e-001
 7.0406926e-001
 7.0396358e-001
 7.0387250e-001
 7.0379961e-001
 7.0374751e-001
 7.0371664e-001
 7.0370543e-001
 7.0370966e-001
 7.0372319e-001
 7.0373869e-001
 7.0374840e-001
 7.0374537e-001
 7.0372415e-001
 7.0368159e-001
 7.0361674e-001
 7.0353132e-001
 7.0342916e-001
 7.0331556e-001
 7.0319647e-001
 7.0307702e-001
 7.0296037e-001
 7.0284688e-001
 7.0273346e-001
 7.0261395e-001
 7.0248014e-001
 7.0232302e-001
 7.0213515e-001
 7.0191211e-001
 7.0165455e-001
 7.0136851e-001
 7.0106512e-001
 7.0075947e-001
 7.0046854e-001
 7.0020944e-001
 6.9999748e-001
 6.9984442e-001
 6.9975793e-001
 6.9974101e-001
 6.9979185e-001
 6.9990426e-001
 7.0006877e-001
 7.0027322e-001
 7.0050389e-001
 7.0074660e-001
 7.0098722e-001
 7.0121264e-001
 7.0141089e-001
 7.0157152e-001
 7.0168632e-001
 7.0174909e-001
 7.0175648e-001
 7.0170790e-001
 7.0160580e-001
 7.0145535e-001
 7.0126444e-001
 7.0104253e-001
 7.0080030e-001
 7.0054817e-001
 7.0029563e-001
 7.0005029e-001
 6.9981724e-001
 6.9959879e-001
 6.9939452e-001
 6.9920146e-001
 6.9901496e-001
 6.9882894e-001
 6.9863665e-001
 6.9843161e-001
 6.9820750e-001
 6.9795907e-001
 6.9768232e-001
 6.9737470e-001
 6.9703573e-001
 6.9666708e-001
 6.9627321e-001
 6.9586134e-001
 6.9544166e-001
 6.9502705e-001
 6.9463217e-001
 6.9427270e-001
 6.9396359e-001
 6.9371730e-001
 6.9354254e-001
 6.9344240e-001
 6.9341367e-001
 6.9344682e-001
 6.9352615e-001
 6.9363183e-001
 6.9374132e-001
 6.9383204e-001
 6.9388342e-001
 6.9387913e-001
 6.9380832e-001
 6.9366628e-001
 6.9345444e-001
 6.9317973e-001
 6.9285274e-001
 6.9248700e-001
 6.9209683e-001
 6.9169617e-001
 6.9129765e-001
 6.9091165e-001
 6.9054621e-001
 6.9020677e-001
 6.8989599e-001
 6.8961424e-001
 6.8935931e-001
 6.8912685e-001
 6.8891042e-001
 6.8870157e-001
 6.8849081e-001
 6.8826783e-001
 6.8802261e-001
 6.8774647e-001
 6.8743253e-001
 6.8707722e-001
 6.8668056e-001
 6.8624604e-001
 6.8578124e-001
 6.8529636e-001
 6.8480438e-001
 6.8431973e-001
 6.8385714e-001
 6.8343163e-001
 6.8305701e-001
 6.8274611e-001
 6.8250954e-001
 6.8235540e-001
 6.8228835e-001
 6.8230891e-001
 6.8241251e-001
 6.8258876e-001
 6.8282127e-001
 6.8308818e-001
 6.8336403e-001
 6.8362176e-001
 6.8383467e-001
 6.8397886e-001
 6.8403482e-001
 6.8398899e-001
 6.8383402e-001
 6.8356889e-001
 6.8320000e-001
 6.8274122e-001
 6.8221277e-001
 6.8163931e-001
 6.8104815e-001
 6.8046582e-001
 6.7991573e-001
 6.7941552e-001
 6.7897546e-001
 6.7859900e-001
 6.7822176e-001
 6.7797214e-001
 6.7776513e-001
 6.7758840e-001
 6.7743069e-001
 6.7728251e-001
 6.7713714e-001
 6.7699015e-001
 6.7683899e-001
 6.7668211e-001
 6.7651838e-001
 6.7634690e-001
 6.7616713e-001
 6.7597878e-001
 6.7578208e-001
 6.7557812e-001
 6.7536873e-001
 6.7515635e-001
 6.7494410e-001
 6.7473537e-001
 6.7453361e-001
 6.7434227e-001
 6.7416453e-001
 6.7400283e-001
 6.7385834e-001
 6.7373073e-001
 6.7361772e-001
 6.7351532e-001
 6.7341840e-001
 6.7332107e-001
 6.7321712e-001
 6.7310029e-001
 6.7296457e-001
 6.7280424e-001
 6.7261446e-001
 6.7239130e-001
 6.7213207e-001
 6.7183489e-001
 6.7149884e-001
 6.7112315e-001
 6.7070758e-001
 6.7025191e-001
 6.6975617e-001
 6.6922075e-001
 6.6864651e-001
 6.6803551e-001
 6.6739023e-001
 6.6671425e-001
 6.6601187e-001
 6.6528738e-001
 6.6454542e-001
 6.6379005e-001
 6.6302466e-001
 6.6225076e-001
 6.6146636e-001
 6.6066557e-001
 6.5983737e-001
 6.5896678e-001
 6.5803546e-001
 6.5702319e-001
 6.5590906e-001
 6.5467179e-001
 6.5329134e-001
 6.5174937e-001
 6.5003008e-001
 6.4812225e-001
 6.4601940e-001
 6.4371824e-001
 6.4121968e-001
 6.3852501e-001
 6.3563716e-001
 6.3255805e-001
 6.2928575e-001
 6.2581390e-001
 6.2212425e-001
 6.1818630e-001
 6.1395437e-001
 6.0936779e-001
 6.0435778e-001
 5.9884775e-001
 5.9276122e-001
 5.8602518e-001
 5.7857448e-001
 5.7036954e-001
 5.6140357e-001
 5.5172217e-001
 5.4142666e-001
 5.3066415e-001
 5.1962185e-001
 5.0850904e-001
 4.9754035e-001
 4.8693612e-001
 4.7690308e-001
 4.6763176e-001
 4.5927870e-001
 4.5195192e-001
 4.4571248e-001
 4.4057256e-001
 4.3651295e-001
 4.3349347e-001
 4.3146291e-001
 4.3036661e-001
 4.3014631e-001
 4.3074083e-001
 4.3208352e-001
 4.3410119e-001
 4.3671241e-001
 4.3982992e-001
 4.4336045e-001
 4.4720760e-001
 4.5127547e-001
 4.5546722e-001
 4.5969155e-001
 4.6386355e-001
 4.6791142e-001
 4.7178257e-001
 4.7544259e-001
 4.7887495e-001
 4.8207733e-001
 4.8505390e-001
 4.8781401e-001
 4.9036771e-001
 4.9272576e-001
 4.9490029e-001
 4.9690294e-001
 4.9874735e-001
 5.0044721e-001
 5.0201726e-001
 5.0347334e-001
 5.0483090e-001
 5.0610626e-001
 5.0731480e-001
 5.0847119e-001
 5.0958872e-001
 5.1067710e-001
 5.1174259e-001
 5.1278663e-001
 5.1380646e-001
 5.1479685e-001
 5.1575053e-001
 5.1665932e-001
 5.1751548e-001
 5.1831168e-001
 5.1904279e-001
 5.1970679e-001
 5.2030581e-001
 5.2084720e-001
 5.2134234e-001
 5.2180594e-001
 5.2225459e-001
 5.2270561e-001
 5.2317661e-001
 5.2368408e-001
 5.2424294e-001
 5.2486497e-001
 5.2555770e-001
 5.2632433e-001
 5.2716351e-001
 5.2807128e-001
 5.2904153e-001
 5.3006721e-001
 5.3114128e-001
 5.3225648e-001
 5.3340578e-001
 5.3458291e-001
 5.3578192e-001
 5.3699797e-001
 5.3822666e-001
 5.3946388e-001
 5.4070640e-001
 5.4195058e-001
 5.4319364e-001
 5.4443264e-001
 5.4566568e-001
 5.4689246e-001
 5.4811424e-001
 5.4933476e-001
 5.5055934e-001
 5.5179459e-001
 5.5304843e-001
 5.5432850e-001
 5.5564284e-001
 5.5699825e-001
 5.5839992e-001
 5.5985051e-001
 5.6134844e-001
 5.6288844e-001
 5.6446093e-001
 5.6605357e-001
 5.6765276e-001
 5.6924373e-001
 5.7081175e-001
 5.7234335e-001
 5.7382619e-001
 5.7525140e-001
 5.7661384e-001
 5.7791269e-001
 5.7915163e-001
 5.8033681e-001
 5.8147657e-001
 5.8257961e-001
 5.8365554e-001
 5.8471274e-001
 5.8575958e-001
 5.8680326e-001
 5.8784842e-001
 5.8889860e-001
 5.8995539e-001
 5.9101915e-001
 5.9208900e-001
 5.9316421e-001
 5.9424388e-001
 5.9532613e-001
 5.9640932e-001
 5.9749115e-001
 5.9856761e-001
 5.9963435e-001
 6.0068589e-001
 6.0171622e-001
 6.0271817e-001
 6.0368526e-001
 6.0461104e-001
 6.0548908e-001
 6.0631478e-001
 6.0708553e-001
 6.0780096e-001
 6.0846436e-001
 6.0908163e-001
 6.0966033e-001
 6.1020976e-001
 6.1073941e-001
 6.1125916e-001
 6.1177784e-001
 6.1230373e-001
 6.1284310e-001
 6.1339951e-001
 6.1397403e-001
 6.1456543e-001
 6.1516994e-001
 6.1578339e-001
 6.1640066e-001
 6.1701673e-001
 6.1762589e-001
 6.1822271e-001
 6.1880147e-001
 6.1935574e-001
 6.1987907e-001
 6.2036461e-001
 6.2080491e-001
 6.2119281e-001
 6.2152106e-001
 6.2178260e-001
 6.2197143e-001
 6.2208349e-001
 6.2211758e-001
 6.2207687e-001
 6.2196922e-001
 6.2180662e-001
 6.2160420e-001
 6.2137896e-001
 6.2114853e-001
 6.2093073e-001
 6.2074226e-001
 6.2059802e-001
 6.2050927e-001
 6.2048274e-001
 6.2052000e-001
 6.2061805e-001
 6.2077028e-001
 6.2096822e-001
 6.2120229e-001
 6.2146270e-001
 6.2174004e-001
 6.2202543e-001
 6.2231147e-001
 6.2259245e-001
 6.2286454e-001
 6.2312585e-001
 6.2337559e-001
 6.2361383e-001
 6.2384117e-001
 6.2405807e-001
 6.2426502e-001
 6.2446243e-001
 6.2465036e-001
 6.2482834e-001
 6.2499559e-001
 6.2515080e-001
 6.2529236e-001
 6.2541842e-001
 6.2552726e-001
 6.2561715e-001
 6.2568682e-001
 6.2573594e-001
 6.2576568e-001
 6.2577921e-001
 6.2578207e-001
 6.2578166e-001
 6.2578696e-001
 6.2580788e-001
 6.2585455e-001
 6.2593681e-001
 6.2606347e-001
 6.2624121e-001
 6.2647265e-001
 6.2675554e-001
 6.2708199e-001
 6.2743866e-001
 6.2780875e-001
 6.2817311e-001
 6.2851191e-001
 6.2880486e-001
 6.2903351e-001
 6.2918198e-001
 6.2923908e-001
 6.2920022e-001
 6.2906772e-001
 6.2885064e-001
 6.2856257e-001
 6.2821990e-001
 6.2784034e-001
 6.2744200e-001
 6.2704182e-001
 6.2665486e-001
 6.2629318e-001
 6.2596405e-001
 6.2566972e-001
 6.2540811e-001
 6.2517369e-001
 6.2495899e-001
 6.2475562e-001
 6.2455475e-001
 6.2434787e-001
 6.2412661e-001
 6.2388372e-001
 6.2361276e-001
 6.2330860e-001
 6.2296712e-001
 6.2258500e-001
 6.2215936e-001
 6.2168777e-001
 6.2116772e-001
 6.2059730e-001
 6.1997479e-001
 6.1930013e-001
 6.1857390e-001
 6.1779827e-001
 6.1697727e-001
 6.1611521e-001
 6.1521715e-001
 6.1428881e-001
 6.1333543e-001
 6.1236185e-001
 6.1137295e-001
 6.1037171e-001
 6.0936004e-001
 6.0833758e-001
 6.0730338e-001
 6.0625458e-001
 6.0518759e-001
 6.0409933e-001
 6.0298574e-001
 6.0184312e-001
 6.0066867e-001
 5.9945941e-001
 5.9821343e-001
 5.9692919e-001
 5.9560692e-001
 5.9424639e-001
 5.9284782e-001
 5.9141237e-001
 5.8994037e-001
 5.8843195e-001
 5.8688807e-001
 5.8530837e-001
 5.8369160e-001
 5.8203739e-001
 5.8034337e-001
 5.7860732e-001
 5.7682627e-001
 5.7499838e-001
 5.7312036e-001
 5.7118833e-001
 5.6919932e-001
 5.6714743e-001
 5.6502515e-001
 5.6282449e-001
 5.6053430e-001
 5.5814260e-001
 5.5563623e-001
 5.5300361e-001
 5.5023211e-001
 5.4731107e-001
 5.4423600e-001
 5.4100746e-001
 5.3763545e-001
 5.3414279e-001
 5.3055960e-001
 5.2692372e-001
 5.2327627e-001
 5.1966286e-001
 5.1612657e-001
 5.1270890e-001
 5.0945008e-001
 5.0638151e-001
 5.0352627e-001
 5.0089985e-001
 4.9850714e-001
 4.9634689e-001
 4.9441552e-001
 4.9270603e-001
 4.9121103e-001
 4.8992229e-001
 4.8883176e-001
 4.8792952e-001
 4.8720422e-001
 4.8664361e-001
 4.8623332e-001
 4.8595822e-001
 4.8580262e-001
 4.8575044e-001
 4.8578554e-001
 4.8589212e-001
 4.8605457e-001
 4.8625815e-001
 4.8648912e-001
 4.8673460e-001
 4.8698288e-001
 4.8722297e-001
 4.8744416e-001
 4.8763627e-001
 4.8778945e-001
 4.8789468e-001
 4.8794475e-001
 4.8793525e-001
 4.8786563e-001
 4.8773968e-001
 4.8756501e-001
 4.8735204e-001
 4.8711300e-001
 4.8686072e-001
 4.8660803e-001
 4.8636708e-001
 4.8614812e-001
 4.8595849e-001
 4.8580134e-001
 4.8567551e-001
 4.8557562e-001
 4.8549327e-001
 4.8541844e-001
 4.8534024e-001
 4.8524785e-001
 4.8513153e-001
 4.8498371e-001
 4.8480046e-001
 4.8458302e-001
 4.8433813e-001
 4.8407757e-001
 4.8381677e-001
 4.8357353e-001
 4.8336643e-001
 4.8321399e-001
 4.8313370e-001
 4.8314038e-001
 4.8324463e-001
 4.8345113e-001
 4.8375815e-001
 4.8415810e-001
 4.8463923e-001
 4.8518682e-001
 4.8578537e-001
 4.8641923e-001
 4.8707297e-001
 4.8773330e-001
 4.8838973e-001
 4.8903507e-001
 4.8966700e-001
 4.9028686e-001
 4.9089849e-001
 4.9150780e-001
 4.9212137e-001
 4.9274591e-001
 4.9338719e-001
 4.9405023e-001
 4.9473780e-001
 4.9544927e-001
 4.9618128e-001
 4.9692747e-001
 4.9767888e-001
 4.9842575e-001
 4.9915770e-001
 4.9986458e-001
 5.0053674e-001
 5.0116718e-001
 5.0175226e-001
 5.0229275e-001
 5.0279504e-001
 5.0327021e-001
 5.0373262e-001
 5.0419891e-001
 5.0468659e-001
 5.0521272e-001
 5.0579327e-001
 5.0644147e-001
 5.0716561e-001
 5.0796717e-001
 5.0884062e-001
 5.0977409e-001
 5.1075029e-001
 5.1174951e-001
 5.1275086e-001
 5.1373285e-001
 5.1467550e-001
 5.1556116e-001
 5.1637661e-001
 5.1711386e-001
 5.1777154e-001
 5.1835424e-001
 5.1887006e-001
 5.1933026e-001
 5.1974714e-001
 5.2013302e-001
 5.2050000e-001
 5.2085930e-001
 5.2122027e-001
 5.2158958e-001
 5.2197158e-001
 5.2236807e-001
 5.2277893e-001
 5.2320307e-001
 5.2363908e-001
 5.2408475e-001
 5.2453816e-001
 5.2499729e-001
 5.2545947e-001
 5.2592200e-001
 5.2638161e-001
 5.2683491e-001
 5.2727795e-001
 5.2770692e-001
 5.2811790e-001
 5.2850676e-001
 5.2886987e-001
 5.2920407e-001
 5.2950656e-001
 5.2977574e-001
 5.3001088e-001
 5.3021234e-001
 5.3038102e-001
 5.3051823e-001
 5.3062576e-001
 5.3070521e-001
 5.3075862e-001
 5.3078818e-001
 5.3079665e-001
 5.3078753e-001
 5.3076488e-001
 5.3073364e-001
 5.3069907e-001
 5.3066659e-001
 5.3064162e-001
 5.3062940e-001
 5.3063446e-001
 5.3065997e-001
 5.3070712e-001
 5.3077459e-001
 5.3085792e-001
 5.3094995e-001
 5.3104150e-001
 5.3112191e-001
 5.3118008e-001
 5.3120476e-001
 5.3118491e-001
 5.3110975e-001
 5.3096908e-001
 5.3076321e-001
 5.3053033e-001
 5.3015053e-001
 5.2971172e-001
 5.2922547e-001
 5.2870345e-001
 5.2815741e-001
 5.2759928e-001
 5.2704060e-001
 5.2649313e-001
 5.2596873e-001
 5.2547759e-001
 5.2501959e-001
 5.2458769e-001
 5.2417523e-001
 5.2377528e-001
 5.2338123e-001
 5.2298641e-001
 5.2258366e-001
 5.2216643e-001
 5.2172804e-001
 5.2126163e-001
 5.2076036e-001
 5.2021736e-001
 5.1962614e-001
 5.1898044e-001
 5.1827979e-001
 5.1752704e-001
 5.1672459e-001
 5.1587564e-001
 5.1498270e-001
 5.1404858e-001
 5.1307571e-001
 5.1206738e-001
 5.1102602e-001
 5.0995439e-001
 5.0885499e-001
 5.0773108e-001
 5.0658512e-001
 5.0541985e-001
 5.0423807e-001
 5.0304216e-001
 5.0183547e-001
 5.0062019e-001
 4.9939755e-001
 4.9816719e-001
 4.9693006e-001
 4.9568599e-001
 4.9443516e-001
 4.9317741e-001
 4.9191365e-001
 4.9064368e-001
 4.8936766e-001
 4.8808581e-001
 4.8679805e-001
 4.8550510e-001
 4.8420691e-001
 4.8290360e-001
 4.8159513e-001
 4.8028222e-001
 4.7896481e-001
 4.7764298e-001
 4.7631675e-001
 4.7498679e-001
 4.7365311e-001
 4.7231585e-001
 4.7097534e-001
 4.6963304e-001
 4.6828958e-001
 4.6694571e-001
 4.6560231e-001
 4.6425992e-001
 4.6292001e-001
 4.6158308e-001
 4.6025005e-001
 4.5892137e-001
 4.5759866e-001
 4.5628229e-001
 4.5497313e-001
 4.5367184e-001
 4.5237976e-001
 4.5109749e-001
 4.4982582e-001
 4.4856569e-001
 4.4731757e-001
 4.4608292e-001
 4.4486240e-001
 4.4365662e-001
 4.4246641e-001
 4.4129297e-001
 4.4013700e-001
 4.3899921e-001
 4.3787938e-001
 4.3677783e-001
 4.3569401e-001
 4.3462765e-001
 4.3357849e-001
 4.3254596e-001
 4.3153033e-001
 4.3053105e-001
 4.2954788e-001
 4.2858031e-001
 4.2762858e-001
 4.2669207e-001
 4.2577061e-001
 4.2486373e-001
 4.2397147e-001
 4.2309347e-001
 4.2222938e-001
 4.2137876e-001
 4.2054179e-001
 4.1971791e-001
 4.1890690e-001
 4.1810846e-001
 4.1732219e-001
 4.1654810e-001
 4.1578585e-001
 4.1503507e-001
 4.1429532e-001
 4.1356674e-001
 4.1284889e-001
 4.1214147e-001
 4.1144383e-001
 4.1075593e-001
 4.1007712e-001
