s07_ASD Record=11333: Topaz Glen_Cove_#6            BECKb AREF
 8.4987170e-001
 8.5224795e-001
 8.5459632e-001
 8.5678911e-001
 8.5872293e-001
 8.6035836e-001
 8.6172277e-001
 8.6288267e-001
 8.6391211e-001
 8.6487085e-001
 8.6579645e-001
 8.6670655e-001
 8.6760479e-001
 8.6848468e-001
 8.6933297e-001
 8.7013477e-001
 8.7088013e-001
 8.7156910e-001
 8.7221158e-001
 8.7282157e-001
 8.7340683e-001
 8.7395966e-001
 8.7445819e-001
 8.7487727e-001
 8.7520128e-001
 8.7543350e-001
 8.7559724e-001
 8.7572372e-001
 8.7583655e-001
 8.7594748e-001
 8.7606269e-001
 8.7618834e-001
 8.7633300e-001
 8.7650883e-001
 8.7673134e-001
 8.7701517e-001
 8.7737083e-001
 8.7780178e-001
 8.7830031e-001
 8.7884420e-001
 8.7939852e-001
 8.7992406e-001
 8.8038987e-001
 8.8078481e-001
 8.8111985e-001
 8.8141841e-001
 8.8169938e-001
 8.8196242e-001
 8.8218600e-001
 8.8234025e-001
 8.8240659e-001
 8.8239253e-001
 8.8233453e-001
 8.8228804e-001
 8.8231105e-001
 8.8245034e-001
 8.8272822e-001
 8.8313174e-001
 8.8362533e-001
 8.8415968e-001
 8.8467300e-001
 8.8515866e-001
 8.8563627e-001
 8.8613302e-001
 8.8669872e-001
 8.8734955e-001
 8.8804209e-001
 8.8871366e-001
 8.8930851e-001
 8.8979399e-001
 8.9016849e-001
 8.9045113e-001
 8.9066297e-001
 8.9081913e-001
 8.9093494e-001
 8.9103758e-001
 8.9117140e-001
 8.9139014e-001
 8.9173806e-001
 8.9222890e-001
 8.9283681e-001
 8.9350420e-001
 8.9416319e-001
 8.9475954e-001
 8.9526814e-001
 8.9569491e-001
 8.9606690e-001
 8.9641708e-001
 8.9677000e-001
 8.9713269e-001
 8.9749432e-001
 8.9783514e-001
 8.9814276e-001
 8.9842689e-001
 8.9872289e-001
 8.9907962e-001
 8.9953583e-001
 9.0010035e-001
 9.0075207e-001
 9.0145510e-001
 9.0216690e-001
 9.0283275e-001
 9.0338373e-001
 9.0375400e-001
 9.0391558e-001
 9.0390736e-001
 9.0382272e-001
 9.0376824e-001
 9.0383047e-001
 9.0406185e-001
 9.0447146e-001
 9.0501541e-001
 9.0560299e-001
 9.0613192e-001
 9.0653539e-001
 9.0680599e-001
 9.0698326e-001
 9.0712017e-001
 9.0725332e-001
 9.0739250e-001
 9.0752572e-001
 9.0763134e-001
 9.0769011e-001
 9.0769947e-001
 9.0768546e-001
 9.0770012e-001
 9.0779644e-001
 9.0799856e-001
 9.0829843e-001
 9.0868485e-001
 9.0917224e-001
 9.0978932e-001
 9.1052884e-001
 9.1130579e-001
 9.1197211e-001
 9.1238546e-001
 9.1248387e-001
 9.1231495e-001
 9.1201013e-001
 9.1172755e-001
 9.1159332e-001
 9.1165984e-001
 9.1189367e-001
 9.1220671e-001
 9.1251588e-001
 9.1278732e-001
 9.1302919e-001
 9.1325068e-001
 9.1344208e-001
 9.1359568e-001
 9.1373622e-001
 9.1392195e-001
 9.1421247e-001
 9.1462469e-001
 9.1510403e-001
 9.1553146e-001
 9.1577852e-001
 9.1578764e-001
 9.1562301e-001
 9.1544050e-001
 9.1538608e-001
 9.1550314e-001
 9.1572207e-001
 9.1592842e-001
 9.1604125e-001
 9.1604716e-001
 9.1598773e-001
 9.1592306e-001
 9.1589528e-001
 9.1592056e-001
 9.1601413e-001
 9.1620332e-001
 9.1648799e-001
 9.1678798e-001
 9.1696137e-001
 9.1691029e-001
 9.1667640e-001
 9.1642159e-001
 9.1629714e-001
 9.1632575e-001
 9.1641158e-001
 9.1645759e-001
 9.1646004e-001
 9.1648656e-001
 9.1658217e-001
 9.1672170e-001
 9.1686213e-001
 9.1700977e-001
 9.1720057e-001
 9.1742152e-001
 9.1760004e-001
 9.1769469e-001
 9.1776627e-001
 9.1790390e-001
 9.1807443e-001
 9.1812301e-001
 9.1799408e-001
 9.1788405e-001
 9.1804940e-001
 9.1848361e-001
 9.1890883e-001
 9.1909492e-001
 9.1908997e-001
 9.1913253e-001
 9.1941202e-001
 9.1990143e-001
 9.2035240e-001
 9.2048097e-001
 9.2024910e-001
 9.1993290e-001
 9.1981566e-001
 9.1986632e-001
 9.1984957e-001
 9.1967362e-001
 9.1944999e-001
 9.1929680e-001
 9.1931283e-001
 9.1968304e-001
 9.2053556e-001
 9.2166680e-001
 9.2261803e-001
 9.2307353e-001
 9.2306924e-001
 9.2283458e-001
 9.2257655e-001
 9.2242920e-001
 9.2247701e-001
 9.2272818e-001
 9.2308307e-001
 9.2341733e-001
 9.2374730e-001
 9.2423958e-001
 9.2495567e-001
 9.2567366e-001
 9.2613566e-001
 9.2640251e-001
 9.2675340e-001
 9.2729223e-001
 9.2788762e-001
 9.2848206e-001
 9.2922795e-001
 9.3024844e-001
 9.3137723e-001
 9.3224442e-001
 9.3266290e-001
 9.3288523e-001
 9.3337345e-001
 9.3431199e-001
 9.3541634e-001
 9.3626004e-001
 9.3673575e-001
 9.3705106e-001
 9.3731833e-001
 9.3741637e-001
 9.3732208e-001
 9.3725961e-001
 9.3737400e-001
 9.3759507e-001
 9.3791842e-001
 9.3852365e-001
 9.3951893e-001
 9.4073492e-001
 9.4183946e-001
 9.4256496e-001
 9.4279546e-001
 9.4257981e-001
 9.4219476e-001
 9.4207990e-001
 9.4250256e-001
 9.4334859e-001
 9.4433928e-001
 9.4523323e-001
 9.4578105e-001
 9.4582552e-001
 9.4548506e-001
 9.4501591e-001
 9.4457841e-001
 9.4427562e-001
 9.4422734e-001
 9.4439411e-001
 9.4446743e-001
 9.4417447e-001
 9.4370234e-001
 9.4360447e-001
 9.4420719e-001
 9.4524431e-001
 9.4612479e-001
 9.4652885e-001
 9.4665432e-001
 9.4686669e-001
 9.4726872e-001
 9.4764793e-001
 9.4773310e-001
 9.4746083e-001
 9.4703186e-001
 9.4674778e-001
 9.4680911e-001
 9.4722241e-001
 9.4783109e-001
 9.4841743e-001
 9.4882041e-001
 9.4900948e-001
 9.4906628e-001
 9.4911230e-001
 9.4928169e-001
 9.4971704e-001
 9.5044482e-001
 9.5121765e-001
 9.5165813e-001
 9.5167154e-001
 9.5158404e-001
 9.5178926e-001
 9.5235425e-001
 9.5299911e-001
 9.5339441e-001
 9.5345575e-001
 9.5329815e-001
 9.5294702e-001
 9.5228791e-001
 9.5137608e-001
 9.5067883e-001
 9.5076114e-001
 9.5175737e-001
 9.5329452e-001
 9.5479876e-001
 9.5575500e-001
 9.5585543e-001
 9.5514852e-001
 9.5410860e-001
 9.5341575e-001
 9.5349973e-001
 9.5423400e-001
 9.5508450e-001
 9.5556885e-001
 9.5559096e-001
 9.5539576e-001
 9.5528662e-001
 9.5540881e-001
 9.5573372e-001
 9.5615542e-001
 9.5656985e-001
 9.5689923e-001
 9.5709085e-001
 9.5711684e-001
 9.5698321e-001
 9.5674914e-001
 9.5653093e-001
 9.5644820e-001
 9.5652568e-001
 9.5663714e-001
 9.5657086e-001
 9.5618623e-001
 9.5552939e-001
 9.5482075e-001
 9.5428628e-001
 9.5404524e-001
 9.5410281e-001
 9.5429468e-001
 9.5436168e-001
 9.5426786e-001
 9.5428783e-001
 9.5456052e-001
 9.5481962e-001
 9.5487428e-001
 9.5494795e-001
 9.5512241e-001
 9.5498061e-001
 9.5437443e-001
 9.5391297e-001
 9.5397943e-001
 9.5401621e-001
 9.5361543e-001
 9.5346463e-001
 9.5429724e-001
 9.5568222e-001
 9.5661110e-001
 9.5667917e-001
 9.5628047e-001
 9.5604527e-001
 9.5622283e-001
 9.5650923e-001
 9.5650071e-001
 9.5616931e-001
 9.5579940e-001
 9.5564616e-001
 9.5572847e-001
 9.5588094e-001
 9.5599127e-001
 9.5605171e-001
 9.5586562e-001
 9.5506006e-001
 9.5378727e-001
 9.5299298e-001
 9.5342314e-001
 9.5474869e-001
 9.5602244e-001
 9.5669705e-001
 9.5676988e-001
 9.5642471e-001
 9.5588082e-001
 9.5526266e-001
 9.5458412e-001
 9.5394593e-001
 9.5359164e-001
 9.5369250e-001
 9.5413423e-001
 9.5455843e-001
 9.5461279e-001
 9.5423025e-001
 9.5364296e-001
 9.5314646e-001
 9.5293760e-001
 9.5310038e-001
 9.5362628e-001
 9.5435184e-001
 9.5497811e-001
 9.5526516e-001
 9.5526886e-001
 9.5532250e-001
 9.5572633e-001
 9.5643193e-001
 9.5704216e-001
 9.5713878e-001
 9.5662069e-001
 9.5569777e-001
 9.5464641e-001
 9.5369011e-001
 9.5299935e-001
 9.5271516e-001
 9.5282394e-001
 9.5314986e-001
 9.5342416e-001
 9.5343268e-001
 9.5321214e-001
 9.5289934e-001
 9.5263147e-001
 9.5252979e-001
 9.5260841e-001
 9.5283854e-001
 9.5319140e-001
 9.5363194e-001
 9.5408469e-001
 9.5445770e-001
 9.5465934e-001
 9.5461023e-001
 9.5431626e-001
 9.5381719e-001
 9.5315319e-001
 9.5236975e-001
 9.5154697e-001
 9.5066279e-001
 9.5007759e-001
 9.4974786e-001
 9.4966573e-001
 9.4972563e-001
 9.4981778e-001
 9.4983208e-001
 9.4966352e-001
 9.4930899e-001
 9.4886786e-001
 9.4844311e-001
 9.4813842e-001
 9.4805306e-001
 9.4819796e-001
 9.4849700e-001
 9.4887000e-001
 9.4923705e-001
 9.4951934e-001
 9.4966483e-001
 9.4964790e-001
 9.4944370e-001
 9.4902784e-001
 9.4837570e-001
 9.4748056e-001
 9.4640672e-001
 9.4523519e-001
 9.4404721e-001
 9.4292367e-001
 9.4194603e-001
 9.4117641e-001
 9.4060469e-001
 9.4020313e-001
 9.3994445e-001
 9.3980056e-001
 9.3974423e-001
 9.3974757e-001
 9.3978631e-001
 9.3984747e-001
 9.3992114e-001
 9.3999743e-001
 9.4006652e-001
 9.4011819e-001
 9.4014269e-001
 9.4013000e-001
 9.4007421e-001
 9.3998504e-001
 9.3987566e-001
 9.3975937e-001
 9.3964946e-001
 9.3955916e-001
 9.3950176e-001
 9.3949038e-001
 9.3953431e-001
 9.3962735e-001
 9.3975943e-001
 9.3992120e-001
 9.4010264e-001
 9.4029373e-001
 9.4048506e-001
 9.4066668e-001
 9.4083035e-001
 9.4097441e-001
 9.4109815e-001
 9.4120127e-001
 9.4128317e-001
 9.4134337e-001
 9.4138145e-001
 9.4139689e-001
 9.4138932e-001
 9.4135815e-001
 9.4130278e-001
 9.4122297e-001
 9.4111896e-001
 9.4099456e-001
 9.4085425e-001
 9.4070232e-001
 9.4054323e-001
 9.4038177e-001
 9.4022197e-001
 9.4006848e-001
 9.3992567e-001
 9.3979800e-001
 9.3969005e-001
 9.3960607e-001
 9.3955028e-001
 9.3952560e-001
 9.3953449e-001
 9.3957961e-001
 9.3966359e-001
 9.3978894e-001
 9.3995839e-001
 9.4017440e-001
 9.4043970e-001
 9.4075674e-001
 9.4112819e-001
 9.4155002e-001
 9.4199508e-001
 9.4243091e-001
 9.4282544e-001
 9.4314599e-001
 9.4336057e-001
 9.4343662e-001
 9.4334191e-001
 9.4304413e-001
 9.4251090e-001
 9.4172913e-001
 9.4075155e-001
 9.3964511e-001
 9.3847734e-001
 9.3731505e-001
 9.3622559e-001
 9.3527585e-001
 9.3453330e-001
 9.3406475e-001
 9.3393767e-001
 9.3419266e-001
 9.3478066e-001
 9.3563342e-001
 9.3668258e-001
 9.3785995e-001
 9.3909699e-001
 9.4032544e-001
 9.4147724e-001
 9.4248378e-001
 9.4327706e-001
 9.4380993e-001
 9.4410866e-001
 9.4421428e-001
 9.4416815e-001
 9.4401145e-001
 9.4378537e-001
 9.4353122e-001
 9.4329029e-001
 9.4310367e-001
 9.4300026e-001
 9.4296777e-001
 9.4298524e-001
 9.4303185e-001
 9.4308650e-001
 9.4312847e-001
 9.4313681e-001
 9.4309056e-001
 9.4297802e-001
 9.4281781e-001
 9.4263458e-001
 9.4245338e-001
 9.4229877e-001
 9.4219589e-001
 9.4216943e-001
 9.4224399e-001
 9.4243318e-001
 9.4271272e-001
 9.4305080e-001
 9.4341570e-001
 9.4377565e-001
 9.4409889e-001
 9.4435376e-001
 9.4450825e-001
 9.4454354e-001
 9.4448137e-001
 9.4435221e-001
 9.4419670e-001
 9.4403219e-001
 9.4389683e-001
 9.4381303e-001
 9.4379175e-001
 9.4383442e-001
 9.4393605e-001
 9.4408870e-001
 9.4428295e-001
 9.4450653e-001
 9.4474185e-001
 9.4496435e-001
 9.4514489e-001
 9.4525295e-001
 9.4526064e-001
 9.4514906e-001
 9.4491637e-001
 9.4458020e-001
 9.4417316e-001
 9.4373500e-001
 9.4330806e-001
 9.4293427e-001
 9.4265473e-001
 9.4250858e-001
 9.4253343e-001
 9.4276273e-001
 9.4321853e-001
 9.4389606e-001
 9.4474798e-001
 9.4567925e-001
 9.4655818e-001
 9.4723898e-001
 9.4759208e-001
 9.4753867e-001
 9.4708127e-001
 9.4631249e-001
 9.4539696e-001
 9.4453436e-001
 9.4391465e-001
 9.4367331e-001
 9.4535846e-001
 9.4551414e-001
 9.4574457e-001
 9.4602340e-001
 9.4632018e-001
 9.4660622e-001
 9.4685966e-001
 9.4706863e-001
 9.4723153e-001
 9.4735622e-001
 9.4745582e-001
 9.4754410e-001
 9.4763154e-001
 9.4772255e-001
 9.4781607e-001
 9.4790787e-001
 9.4799393e-001
 9.4807291e-001
 9.4814724e-001
 9.4822288e-001
 9.4830763e-001
 9.4840902e-001
 9.4853222e-001
 9.4867903e-001
 9.4884753e-001
 9.4903207e-001
 9.4922429e-001
 9.4941455e-001
 9.4959384e-001
 9.4975531e-001
 9.4989526e-001
 9.5001221e-001
 9.5010543e-001
 9.5017314e-001
 9.5021105e-001
 9.5021170e-001
 9.5016503e-001
 9.5006037e-001
 9.4988883e-001
 9.4964659e-001
 9.4933754e-001
 9.4897515e-001
 9.4858241e-001
 9.4819009e-001
 9.4783342e-001
 9.4754696e-001
 9.4735944e-001
 9.4728893e-001
 9.4733936e-001
 9.4749933e-001
 9.4774401e-001
 9.4803852e-001
 9.4834393e-001
 9.4862360e-001
 9.4884872e-001
 9.4900286e-001
 9.4908381e-001
 9.4910330e-001
 9.4908422e-001
 9.4905621e-001
 9.4905037e-001
 9.4909394e-001
 9.4920599e-001
 9.4939452e-001
 9.4965529e-001
 9.4997305e-001
 9.5032406e-001
 9.5068043e-001
 9.5101470e-001
 9.5130455e-001
 9.5153618e-001
 9.5170689e-001
 9.5182478e-001
 9.5190758e-001
 9.5197845e-001
 9.5206183e-001
 9.5217848e-001
 9.5234120e-001
 9.5255226e-001
 9.5280325e-001
 9.5307684e-001
 9.5335042e-001
 9.5360100e-001
 9.5380980e-001
 9.5396525e-001
 9.5406497e-001
 9.5411485e-001
 9.5412672e-001
 9.5411509e-001
 9.5409346e-001
 9.5407158e-001
 9.5405394e-001
 9.5403969e-001
 9.5402354e-001
 9.5399773e-001
 9.5395428e-001
 9.5388675e-001
 9.5379144e-001
 9.5366830e-001
 9.5352083e-001
 9.5335561e-001
 9.5318139e-001
 9.5300859e-001
 9.5284843e-001
 9.5271248e-001
 9.5261222e-001
 9.5255899e-001
 9.5256341e-001
 9.5263481e-001
 9.5278084e-001
 9.5300591e-001
 9.5331055e-001
 9.5369005e-001
 9.5413405e-001
 9.5462620e-001
 9.5514506e-001
 9.5566499e-001
 9.5615840e-001
 9.5659751e-001
 9.5695704e-001
 9.5721585e-001
 9.5735878e-001
 9.5737815e-001
 9.5727426e-001
 9.5705557e-001
 9.5673859e-001
 9.5634687e-001
 9.5590913e-001
 9.5545763e-001
 9.5502460e-001
 9.5463997e-001
 9.5432764e-001
 9.5410335e-001
 9.5397294e-001
 9.5393211e-001
 9.5396763e-001
 9.5405918e-001
 9.5418274e-001
 9.5431316e-001
 9.5442694e-001
 9.5450425e-001
 9.5452923e-001
 9.5449048e-001
 9.5438063e-001
 9.5419610e-001
 9.5393693e-001
 9.5360756e-001
 9.5321751e-001
 9.5278221e-001
 9.5232373e-001
 9.5186985e-001
 9.5145327e-001
 9.5110846e-001
 9.5086849e-001
 9.5076072e-001
 9.5080280e-001
 9.5099962e-001
 9.5134145e-001
 9.5180392e-001
 9.5235026e-001
 9.5293570e-001
 9.5351255e-001
 9.5403683e-001
 9.5447344e-001
 9.5480049e-001
 9.5501149e-001
 9.5511436e-001
 9.5512813e-001
 9.5507789e-001
 9.5498806e-001
 9.5487648e-001
 9.5475012e-001
 9.5460284e-001
 9.5441735e-001
 9.5416999e-001
 9.5383793e-001
 9.5340759e-001
 9.5288128e-001
 9.5228082e-001
 9.5164716e-001
 9.5103437e-001
 9.5050073e-001
 9.5009798e-001
 9.4986111e-001
 9.4980288e-001
 9.4991171e-001
 9.5015603e-001
 9.5049161e-001
 9.5087171e-001
 9.5125514e-001
 9.5161313e-001
 9.5193118e-001
 9.5220757e-001
 9.5244914e-001
 9.5266545e-001
 9.5286363e-001
 9.5304531e-001
 9.5320493e-001
 9.5333147e-001
 9.5341140e-001
 9.5343214e-001
 9.5338643e-001
 9.5327449e-001
 9.5310551e-001
 9.5289731e-001
 9.5267421e-001
 9.5246392e-001
 9.5229375e-001
 9.5218664e-001
 9.5215827e-001
 9.5221508e-001
 9.5235336e-001
 9.5256078e-001
 9.5281810e-001
 9.5310307e-001
 9.5339352e-001
 9.5367104e-001
 9.5392305e-001
 9.5414394e-001
 9.5433432e-001
 9.5449889e-001
 9.5464361e-001
 9.5477247e-001
 9.5488548e-001
 9.5497751e-001
 9.5503914e-001
 9.5505911e-001
 9.5502758e-001
 9.5493925e-001
 9.5479572e-001
 9.5460665e-001
 9.5438862e-001
 9.5416284e-001
 9.5395207e-001
 9.5377702e-001
 9.5365351e-001
 9.5359087e-001
 9.5359159e-001
 9.5365191e-001
 9.5376366e-001
 9.5391631e-001
 9.5409876e-001
 9.5430118e-001
 9.5451576e-001
 9.5473725e-001
 9.5496237e-001
 9.5518965e-001
 9.5541823e-001
 9.5564741e-001
 9.5587581e-001
 9.5610118e-001
 9.5631993e-001
 9.5652717e-001
 9.5671660e-001
 9.5688003e-001
 9.5700783e-001
 9.5708853e-001
 9.5711017e-001
 9.5706123e-001
 9.5693302e-001
 9.5672214e-001
 9.5643270e-001
 9.5607799e-001
 9.5568055e-001
 9.5527029e-001
 9.5488095e-001
 9.5454538e-001
 9.5429021e-001
 9.5413184e-001
 9.5407385e-001
 9.5410728e-001
 9.5421296e-001
 9.5436585e-001
 9.5453972e-001
 9.5471174e-001
 9.5486557e-001
 9.5499271e-001
 9.5509183e-001
 9.5516747e-001
 9.5522761e-001
 9.5528185e-001
 9.5533949e-001
 9.5540857e-001
 9.5549506e-001
 9.5560187e-001
 9.5572853e-001
 9.5587033e-001
 9.5601869e-001
 9.5616150e-001
 9.5628512e-001
 9.5637757e-001
 9.5643115e-001
 9.5644587e-001
 9.5643067e-001
 9.5640278e-001
 9.5638508e-001
 9.5640141e-001
 9.5647079e-001
 9.5660269e-001
 9.5679396e-001
 9.5702815e-001
 9.5727795e-001
 9.5751023e-001
 9.5769179e-001
 9.5779514e-001
 9.5780343e-001
 9.5771223e-001
 9.5752978e-001
 9.5727468e-001
 9.5697200e-001
 9.5664889e-001
 9.5633054e-001
 9.5603675e-001
 9.5577979e-001
 9.5556420e-001
 9.5538706e-001
 9.5523989e-001
 9.5511127e-001
 9.5498890e-001
 9.5486248e-001
 9.5472521e-001
 9.5457494e-001
 9.5441413e-001
 9.5424926e-001
 9.5408916e-001
 9.5394295e-001
 9.5381790e-001
 9.5371747e-001
 9.5363998e-001
 9.5357782e-001
 9.5351815e-001
 9.5344448e-001
 9.5333886e-001
 9.5318520e-001
 9.5297205e-001
 9.5269561e-001
 9.5236069e-001
 9.5198160e-001
 9.5157999e-001
 9.5118207e-001
 9.5081466e-001
 9.5050049e-001
 9.5025486e-001
 9.5008367e-001
 9.4998318e-001
 9.4994277e-001
 9.4994801e-001
 9.4998562e-001
 9.5004630e-001
 9.5012683e-001
 9.5022911e-001
 9.5035815e-001
 9.5051765e-001
 9.5070696e-001
 9.5091861e-001
 9.5113838e-001
 9.5134723e-001
 9.5152515e-001
 9.5165497e-001
 9.5172602e-001
 9.5173550e-001
 9.5168811e-001
 9.5159382e-001
 9.5146519e-001
 9.5131385e-001
 9.5114917e-001
 9.5097733e-001
 9.5080191e-001
 9.5062566e-001
 9.5045203e-001
 9.5028591e-001
 9.5013428e-001
 9.5000458e-001
 9.4990385e-001
 9.4983649e-001
 9.4980276e-001
 9.4979793e-001
 9.4981235e-001
 9.4983166e-001
 9.4983864e-001
 9.4981408e-001
 9.4973898e-001
 9.4959521e-001
 9.4936621e-001
 9.4903588e-001
 9.4858599e-001
 9.4799143e-001
 9.4721323e-001
 9.4619077e-001
 9.4483429e-001
 9.4302052e-001
 9.4059658e-001
 9.3739045e-001
 9.3323725e-001
 9.2801225e-001
 9.2166871e-001
 9.1428024e-001
 9.0606123e-001
 8.9737976e-001
 8.8873488e-001
 8.8070780e-001
 8.7390137e-001
 8.6885637e-001
 8.6598462e-001
 8.6551160e-001
 8.6745059e-001
 8.7160820e-001
 8.7762058e-001
 8.8500559e-001
 8.9322782e-001
 9.0176433e-001
 9.1014820e-001
 9.1801041e-001
 9.2508847e-001
 9.3122959e-001
 9.3638051e-001
 9.4056350e-001
 9.4385684e-001
 9.4637358e-001
 9.4823992e-001
 9.4958293e-001
 9.5051795e-001
 9.5114321e-001
 9.5153725e-001
 9.5175922e-001
 9.5185173e-001
 9.5184469e-001
 9.5176035e-001
 9.5161682e-001
 9.5143169e-001
 9.5122325e-001
 9.5101148e-001
 9.5081687e-001
 9.5065886e-001
 9.5055401e-001
 9.5051450e-001
 9.5054722e-001
 9.5065308e-001
 9.5082790e-001
 9.5106304e-001
 9.5134729e-001
 9.5166832e-001
 9.5201409e-001
 9.5237452e-001
 9.5274216e-001
 9.5311266e-001
 9.5348442e-001
 9.5385718e-001
 9.5423079e-001
 9.5460266e-001
 9.5496571e-001
 9.5530736e-001
 9.5560902e-001
 9.5584810e-001
 9.5600098e-001
 9.5604789e-001
 9.5597804e-001
 9.5579356e-001
 9.5551199e-001
 9.5516521e-001
 9.5479590e-001
 9.5445055e-001
 9.5417255e-001
 9.5399481e-001
 9.5393491e-001
 9.5399362e-001
 9.5415640e-001
 9.5439786e-001
 9.5468748e-001
 9.5499551e-001
 9.5529675e-001
 9.5557344e-001
 9.5581478e-001
 9.5601594e-001
 9.5617610e-001
 9.5629650e-001
 9.5637935e-001
 9.5642811e-001
 9.5644772e-001
 9.5644569e-001
 9.5643222e-001
 9.5642018e-001
 9.5642376e-001
 9.5645648e-001
 9.5652920e-001
 9.5664763e-001
 9.5681125e-001
 9.5701218e-001
 9.5723629e-001
 9.5746469e-001
 9.5767641e-001
 9.5785141e-001
 9.5797348e-001
 9.5803243e-001
 9.5802557e-001
 9.5795733e-001
 9.5783842e-001
 9.5768350e-001
 9.5750928e-001
 9.5733166e-001
 9.5716453e-001
 9.5701820e-001
 9.5689911e-001
 9.5681000e-001
 9.5675039e-001
 9.5671707e-001
 9.5670485e-001
 9.5670694e-001
 9.5671594e-001
 9.5672452e-001
 9.5672649e-001
 9.5671773e-001
 9.5669693e-001
 9.5666605e-001
 9.5663011e-001
 9.5659631e-001
 9.5657277e-001
 9.5656693e-001
 9.5658386e-001
 9.5662516e-001
 9.5668864e-001
 9.5676929e-001
 9.5685995e-001
 9.5695257e-001
 9.5703882e-001
 9.5711052e-001
 9.5716000e-001
 9.5718050e-001
 9.5716608e-001
 9.5711237e-001
 9.5701712e-001
 9.5688152e-001
 9.5671207e-001
 9.5652205e-001
 9.5633250e-001
 9.5617008e-001
 9.5606351e-001
 9.5603871e-001
 9.5611405e-001
 9.5629650e-001
 9.5658076e-001
 9.5694911e-001
 9.5737362e-001
 9.5782012e-001
 9.5825326e-001
 9.5864260e-001
 9.5896637e-001
 9.5921493e-001
 9.5939076e-001
 9.5950639e-001
 9.5958096e-001
 9.5963526e-001
 9.5968783e-001
 9.5975143e-001
 9.5983183e-001
 9.5992839e-001
 9.6003562e-001
 9.6014500e-001
 9.6024710e-001
 9.6033305e-001
 9.6039522e-001
 9.6042836e-001
 9.6042937e-001
 9.6039695e-001
 9.6033102e-001
 9.6023190e-001
 9.6009988e-001
 9.5993578e-001
 9.5974153e-001
 9.5952135e-001
 9.5928299e-001
 9.5903814e-001
 9.5880163e-001
 9.5858991e-001
 9.5841867e-001
 9.5830059e-001
 9.5824319e-001
 9.5824736e-001
 9.5830739e-001
 9.5841116e-001
 9.5854163e-001
 9.5867908e-001
 9.5880413e-001
 9.5890057e-001
 9.5895773e-001
 9.5897233e-001
 9.5894831e-001
 9.5889604e-001
 9.5883036e-001
 9.5876777e-001
 9.5872384e-001
 9.5871079e-001
 9.5873582e-001
 9.5880014e-001
 9.5889944e-001
 9.5902419e-001
 9.5916176e-001
 9.5929760e-001
 9.5941728e-001
 9.5950830e-001
 9.5956117e-001
 9.5957112e-001
 9.5953870e-001
 9.5947033e-001
 9.5937854e-001
 9.5928133e-001
 9.5920116e-001
 9.5916271e-001
 9.5919001e-001
 9.5930338e-001
 9.5951569e-001
 9.5982963e-001
 9.6023560e-001
 9.6071118e-001
 9.6122324e-001
 9.6173066e-001
 9.6218938e-001
 9.6255827e-001
 9.6280384e-001
 9.6290499e-001
 9.6285516e-001
 9.6266270e-001
 9.6234840e-001
 9.6194208e-001
 9.6147704e-001
 9.6098548e-001
 9.6049416e-001
 9.6002138e-001
 9.5957667e-001
 9.5916182e-001
 9.5877397e-001
 9.5840889e-001
 9.5806521e-001
 9.5774692e-001
 9.5746529e-001
 9.5723820e-001
 9.5708787e-001
 9.5703745e-001
 9.5710617e-001
 9.5730507e-001
 9.5763361e-001
 9.5807791e-001
 9.5861131e-001
 9.5919698e-001
 9.5979226e-001
 9.6035421e-001
 9.6084440e-001
 9.6123403e-001
 9.6150601e-001
 9.6165639e-001
 9.6169335e-001
 9.6163404e-001
 9.6150118e-001
 9.6131849e-001
 9.6110731e-001
 9.6088326e-001
 9.6065569e-001
 9.6042776e-001
 9.6019834e-001
 9.5996374e-001
 9.5971990e-001
 9.5946407e-001
 9.5919532e-001
 9.5891488e-001
 9.5862550e-001
 9.5832974e-001
 9.5802772e-001
 9.5771462e-001
 9.5737779e-001
 9.5699567e-001
 9.5653760e-001
 9.5596629e-001
 9.5524251e-001
 9.5433104e-001
 9.5320916e-001
 9.5187360e-001
 9.5034707e-001
 9.4867998e-001
 9.4694549e-001
 9.4523430e-001
 9.4364309e-001
 9.4226515e-001
 9.4117963e-001
 9.4044322e-001
 9.4008654e-001
 9.4011211e-001
 9.4049489e-001
 9.4118559e-001
 9.4211757e-001
 9.4321328e-001
 9.4439220e-001
 9.4557810e-001
 9.4670331e-001
 9.4771343e-001
 9.4856811e-001
 9.4924128e-001
 9.4972122e-001
 9.5000827e-001
 9.5011467e-001
 9.5006263e-001
 9.4988352e-001
 9.4961619e-001
 9.4930464e-001
 9.4899541e-001
 9.4873387e-001
 9.4856042e-001
 9.4850647e-001
 9.4859141e-001
 9.4882035e-001
 9.4918370e-001
 9.4965810e-001
 9.5020986e-001
 9.5079857e-001
 9.5138186e-001
 9.5192075e-001
 9.5238304e-001
 9.5274663e-001
 9.5300078e-001
 9.5314586e-001
 9.5319194e-001
 9.5315588e-001
 9.5305860e-001
 9.5292163e-001
 9.5276457e-001
 9.5260304e-001
 9.5244783e-001
 9.5230442e-001
 9.5217407e-001
 9.5205492e-001
 9.5194334e-001
 9.5183587e-001
 9.5173043e-001
 9.5162696e-001
 9.5152795e-001
 9.5143801e-001
 9.5136291e-001
 9.5130795e-001
 9.5127678e-001
 9.5126915e-001
 9.5127994e-001
 9.5129830e-001
 9.5130783e-001
 9.5128787e-001
 9.5121568e-001
 9.5106947e-001
 9.5083189e-001
 9.5049369e-001
 9.5005655e-001
 9.4953501e-001
 9.4895643e-001
 9.4835949e-001
 9.4779104e-001
 9.4730079e-001
 9.4693667e-001
 9.4673848e-001
 9.4673395e-001
 9.4693500e-001
 9.4733679e-001
 9.4791806e-001
 9.4864440e-001
 9.4947171e-001
 9.5035130e-001
 9.5123500e-001
 9.5207864e-001
 9.5284599e-001
 9.5351017e-001
 9.5405388e-001
 9.5446932e-001
 9.5475596e-001
 9.5491928e-001
 9.5496875e-001
 9.5491642e-001
 9.5477539e-001
 9.5455956e-001
 9.5428312e-001
 9.5396030e-001
 9.5360619e-001
 9.5323604e-001
 9.5286667e-001
 9.5251596e-001
 9.5220256e-001
 9.5194572e-001
 9.5176369e-001
 9.5167297e-001
 9.5168686e-001
 9.5181382e-001
 9.5205659e-001
 9.5241123e-001
 9.5286733e-001
 9.5340759e-001
 9.5400703e-001
 9.5463383e-001
 9.5525068e-001
 9.5581800e-001
 9.5629704e-001
 9.5665479e-001
 9.5686865e-001
 9.5693034e-001
 9.5684797e-001
 9.5664567e-001
 9.5638311e-001
 9.5600086e-001
 9.5563817e-001
 9.5534801e-001
 9.5517397e-001
 9.5514327e-001
 9.5526296e-001
 9.5552140e-001
 9.5589393e-001
 9.5634878e-001
 9.5685178e-001
 9.5736879e-001
 9.5786762e-001
 9.5832056e-001
 9.5870620e-001
 9.5901108e-001
 9.5923007e-001
 9.5936549e-001
 9.5942533e-001
 9.5942104e-001
 9.5936567e-001
 9.5927304e-001
 9.5915633e-001
 9.5902789e-001
 9.5889777e-001
 9.5877320e-001
 9.5865828e-001
 9.5855397e-001
 9.5845914e-001
 9.5837134e-001
 9.5828754e-001
 9.5820439e-001
 9.5811838e-001
 9.5802599e-001
 9.5792353e-001
 9.5780724e-001
 9.5767301e-001
 9.5751661e-001
 9.5733374e-001
 9.5712006e-001
 9.5687127e-001
 9.5658332e-001
 9.5625329e-001
 9.5588005e-001
 9.5546544e-001
 9.5501572e-001
 9.5454168e-001
 9.5405841e-001
 9.5358419e-001
 9.5313877e-001
 9.5274299e-001
 9.5241684e-001
 9.5217854e-001
 9.5204210e-001
 9.5201451e-001
 9.5209301e-001
 9.5226461e-001
 9.5250660e-001
 9.5278913e-001
 9.5307851e-001
 9.5333916e-001
 9.5353580e-001
 9.5363581e-001
 9.5361233e-001
 9.5344830e-001
 9.5313966e-001
 9.5269716e-001
 9.5214450e-001
 9.5151538e-001
 9.5084894e-001
 9.5018703e-001
 9.4957149e-001
 9.4904155e-001
 9.4863099e-001
 9.4836384e-001
 9.4825107e-001
 9.4828933e-001
 9.4846225e-001
 9.4874370e-001
 9.4910204e-001
 9.4950289e-001
 9.4991142e-001
 9.5029420e-001
 9.5062119e-001
 9.5086837e-001
 9.5101953e-001
 9.5106727e-001
 9.5101219e-001
 9.5086092e-001
 9.5062345e-001
 9.5031142e-001
 9.4993711e-001
 9.4951242e-001
 9.4904846e-001
 9.4855481e-001
 9.4803864e-001
 9.4750512e-001
 9.4695681e-001
 9.4639510e-001
 9.4582033e-001
 9.4523227e-001
 9.4463104e-001
 9.4401711e-001
 9.4339246e-001
 9.4276136e-001
 9.4213092e-001
 9.4151199e-001
 9.4091809e-001
 9.4036531e-001
 9.3987089e-001
 9.3945241e-001
 9.3912739e-001
 9.3891132e-001
 9.3881649e-001
 9.3884939e-001
 9.3900871e-001
 9.3928444e-001
 9.3965876e-001
 9.4010824e-001
 9.4060582e-001
 9.4112319e-001
 9.4163162e-001
 9.4210362e-001
 9.4251460e-001
 9.4284433e-001
 9.4307905e-001
 9.4321179e-001
 9.4324201e-001
 9.4317365e-001
 9.4301367e-001
 9.4277024e-001
 9.4245225e-001
 9.4206923e-001
 9.4163126e-001
 9.4114965e-001
 9.4063723e-001
 9.4010860e-001
 9.3957984e-001
 9.3906808e-001
 9.3859112e-001
 9.3816704e-001
 9.3781322e-001
 9.3754572e-001
 9.3737751e-001
 9.3731630e-001
 9.3736309e-001
 9.3751103e-001
 9.3774629e-001
 9.3805009e-001
 9.3840051e-001
 9.3877423e-001
 9.3914807e-001
 9.3949991e-001
 9.3981045e-001
 9.4006526e-001
 9.4025612e-001
 9.4038206e-001
 9.4044858e-001
 9.4046587e-001
 9.4044697e-001
 9.4040614e-001
 9.4035804e-001
 9.4031638e-001
 9.4029355e-001
 9.4029897e-001
 9.4033813e-001
 9.4041246e-001
 9.4051939e-001
 9.4065374e-001
 9.4080842e-001
 9.4097561e-001
 9.4114757e-001
 9.4131672e-001
 9.4147664e-001
 9.4162267e-001
 9.4175237e-001
 9.4186610e-001
 9.4196659e-001
 9.4205821e-001
 9.4214654e-001
 9.4223738e-001
 9.4233668e-001
 9.4245005e-001
 9.4258189e-001
 9.4273496e-001
 9.4290978e-001
 9.4310427e-001
 9.4331396e-001
 9.4353276e-001
 9.4375360e-001
 9.4396883e-001
 9.4417083e-001
 9.4435251e-001
 9.4450742e-001
 9.4463086e-001
 9.4471997e-001
 9.4477433e-001
 9.4479543e-001
 9.4478637e-001
 9.4475108e-001
 9.4469398e-001
 9.4461972e-001
 9.4453275e-001
 9.4443768e-001
 9.4433874e-001
 9.4424009e-001
 9.4414562e-001
 9.4405884e-001
 9.4398320e-001
 9.4392210e-001
 9.4387871e-001
 9.4385624e-001
 9.4385749e-001
 9.4388485e-001
 9.4393969e-001
 9.4402236e-001
 9.4413167e-001
 9.4426554e-001
 9.4442075e-001
 9.4459361e-001
 9.4478017e-001
 9.4497609e-001
 9.4517642e-001
 9.4537520e-001
 9.4556457e-001
 9.4573402e-001
 9.4587052e-001
 9.4595838e-001
 9.4598013e-001
 9.4591725e-001
 9.4575095e-001
 9.4546312e-001
 9.4503790e-001
 9.4446397e-001
 9.4373739e-001
 9.4286513e-001
 9.4186509e-001
 9.4076538e-001
 9.3960238e-001
 9.3841630e-001
 9.3724930e-001
 9.3614286e-001
 9.3513572e-001
 9.3425876e-001
 9.3353069e-001
 9.3295419e-001
 9.3251312e-001
 9.3217480e-001
 9.3189478e-001
 9.3162084e-001
 9.3129748e-001
 9.3086827e-001
 9.3027711e-001
 9.2947000e-001
 9.2839611e-001
 9.2700994e-001
 9.2527062e-001
 9.2314154e-001
 9.2059100e-001
 9.1758782e-001
 9.1410053e-001
 9.1009796e-001
 9.0554035e-001
 9.0037560e-001
 8.9452839e-001
 8.8789815e-001
 8.8034761e-001
 8.7170923e-001
 8.6180037e-001
 8.5042077e-001
 8.3736825e-001
 8.2246554e-001
 8.0557060e-001
 7.8663516e-001
 7.6575792e-001
 7.4325860e-001
 7.1967059e-001
 6.9573218e-001
 6.7235017e-001
 6.5050280e-001
 6.3120431e-001
 6.1546874e-001
 6.0422188e-001
 5.9823292e-001
 5.9800524e-001
 6.0367161e-001
 6.1496222e-001
 6.3124603e-001
 6.5161043e-001
 6.7499340e-001
 7.0026368e-001
 7.2626293e-001
 7.5189781e-001
 7.7618909e-001
 7.9833406e-001
 8.1781173e-001
 8.3438712e-001
 8.4809190e-001
 8.5914266e-001
 8.6788273e-001
 8.7470853e-001
 8.8002771e-001
 8.8424265e-001
 8.8772053e-001
 8.9076638e-001
 8.9360625e-001
 8.9637572e-001
 8.9912677e-001
 9.0185326e-001
 9.0451252e-001
 9.0704495e-001
 9.0938395e-001
 9.1146690e-001
 9.1323930e-001
 9.1466039e-001
 9.1571087e-001
 9.1639370e-001
 9.1673183e-001
 9.1676348e-001
 9.1653579e-001
 9.1609973e-001
 9.1550702e-001
 9.1480649e-001
 9.1404027e-001
 9.1324008e-001
 9.1242224e-001
 9.1158634e-001
 9.1071767e-001
 9.0978980e-001
 9.0876997e-001
 9.0762299e-001
 9.0631318e-001
 9.0480781e-001
 9.0308022e-001
 9.0111595e-001
 8.9891416e-001
 8.9649022e-001
 8.9387619e-001
 8.9111322e-001
 8.8824910e-001
 8.8533652e-001
 8.8242716e-001
 8.7957257e-001
 8.7682158e-001
 8.7422103e-001
 8.7181079e-001
 8.6962515e-001
 8.6769462e-001
 8.6604452e-001
 8.6469775e-001
 8.6367691e-001
 8.6300153e-001
 8.6268818e-001
 8.6274695e-001
 8.6317647e-001
 8.6396044e-001
 8.6506629e-001
 8.6644554e-001
 8.6803943e-001
 8.6978275e-001
 8.7160647e-001
 8.7344301e-001
 8.7522840e-001
 8.7690580e-001
 8.7843323e-001
 8.7978715e-001
 8.8096493e-001
 8.8198197e-001
 8.8286823e-001
 8.8366169e-001
 8.8440371e-001
 8.8513660e-001
 8.8590044e-001
 8.8672942e-001
 8.8764894e-001
 8.8867188e-001
 8.8979638e-001
 8.9100879e-001
 8.9228588e-001
 8.9359921e-001
 8.9491659e-001
 8.9620608e-001
 8.9743602e-001
 8.9857495e-001
 8.9959455e-001
 9.0046930e-001
 9.0117645e-001
 9.0169680e-001
 9.0201312e-001
 9.0210956e-001
 9.0197134e-001
 9.0158510e-001
 9.0094036e-001
 9.0003312e-001
 8.9886880e-001
 8.9746600e-001
 8.9585948e-001
 8.9409614e-001
 8.9223331e-001
 8.9033365e-001
 8.8846374e-001
 8.8668883e-001
 8.8507187e-001
 8.8367134e-001
 8.8253486e-001
 8.8169742e-001
 8.8118035e-001
 8.8099110e-001
 8.8112819e-001
 8.8158399e-001
 8.8234800e-001
 8.8340801e-001
 8.8475037e-001
 8.8635737e-001
 8.8820755e-001
 8.9027297e-001
 8.9251709e-001
 8.9489824e-001
 8.9737004e-001
 8.9988160e-001
 9.0238273e-001
 9.0482306e-001
 9.0715545e-001
 9.0933651e-001
 9.1133356e-001
 9.1312635e-001
 9.1470706e-001
 9.1608167e-001
 9.1726500e-001
 9.1827667e-001
 9.1913950e-001
 9.1987693e-001
 9.2051059e-001
 9.2105997e-001
 9.2153949e-001
 9.2195714e-001
 9.2231345e-001
 9.2260265e-001
 9.2281407e-001
 9.2293400e-001
 9.2294741e-001
 9.2283839e-001
 9.2259079e-001
 9.2218739e-001
 9.2160988e-001
 9.2083818e-001
 9.1985095e-001
 9.1862464e-001
 9.1713446e-001
 9.1535628e-001
 9.1326523e-001
 9.1083908e-001
 9.0806383e-001
 9.0493810e-001
 9.0148312e-001
 8.9775425e-001
 8.9383906e-001
 8.8985759e-001
 8.8595194e-001
 8.8228035e-001
 8.7900347e-001
 8.7627953e-001
 8.7425584e-001
 8.7304980e-001
 8.7273306e-001
 8.7331444e-001
 8.7473238e-001
 8.7686253e-001
 8.7953484e-001
 8.8254952e-001
 8.8569689e-001
 8.8876688e-001
 8.9155889e-001
 8.9390081e-001
 8.9566463e-001
 8.9678180e-001
 8.9725202e-001
 8.9713496e-001
 8.9653504e-001
 8.9558321e-001
 8.9442253e-001
 8.9319742e-001
 8.9204645e-001
 8.9109015e-001
 8.9042014e-001
 8.9008880e-001
 8.9010429e-001
 8.9043540e-001
 8.9102155e-001
 8.9178491e-001
 8.9263970e-001
 8.9349866e-001
 8.9427769e-001
 8.9490294e-001
 8.9531654e-001
 8.9548260e-001
 8.9538997e-001
 8.9504951e-001
 8.9448863e-001
 8.9374423e-001
 8.9285779e-001
 8.9187235e-001
 8.9082909e-001
 8.8976556e-001
 8.8871241e-001
 8.8769180e-001
 8.8671529e-001
 8.8578522e-001
 8.8489807e-001
 8.8404548e-001
 8.8321733e-001
 8.8240361e-001
 8.8159430e-001
 8.8078099e-001
 8.7995785e-001
 8.7912327e-001
 8.7827915e-001
 8.7743086e-001
 8.7658715e-001
 8.7575787e-001
 8.7495333e-001
 8.7418443e-001
 8.7346041e-001
 8.7278855e-001
 8.7217230e-001
 8.7161040e-001
 8.7109572e-001
 8.7061614e-001
 8.7015605e-001
 8.6969751e-001
 8.6922157e-001
 8.6871028e-001
 8.6814731e-001
 8.6752081e-001
 8.6682695e-001
 8.6607188e-001
 8.6527306e-001
 8.6445820e-001
 8.6366284e-001
 8.6292660e-001
 8.6229068e-001
 8.6179584e-001
 8.6147875e-001
 8.6136788e-001
 8.6147827e-001
 8.6180615e-001
 8.6232740e-001
 8.6299932e-001
 8.6376482e-001
 8.6455882e-001
 8.6531258e-001
 8.6595660e-001
 8.6642587e-001
 8.6666375e-001
 8.6662871e-001
 8.6629993e-001
 8.6567962e-001
 8.6479080e-001
 8.6367023e-001
 8.6236286e-001
 8.6091679e-001
 8.5938174e-001
 8.5780478e-001
 8.5622942e-001
 8.5469478e-001
 8.5323155e-001
 8.5186225e-001
 8.5060281e-001
 8.4946221e-001
 8.4844583e-001
 8.4755671e-001
 8.4679788e-001
 8.4617120e-001
 8.4567845e-001
 8.4532171e-001
 8.4510612e-001
 8.4505510e-001
 8.4511572e-001
 8.4528589e-001
 8.4555131e-001
 8.4589779e-001
 8.4631115e-001
 8.4677702e-001
 8.4728104e-001
 8.4780914e-001
 8.4834689e-001
 8.4888029e-001
 8.4939510e-001
 8.4987766e-001
 8.5031408e-001
 8.5069072e-001
 8.5099334e-001
 8.5120845e-001
 8.5132200e-001
 8.5132033e-001
 8.5118955e-001
 8.5091579e-001
 8.5048538e-001
 8.4988415e-001
 8.4909856e-001
 8.4811723e-001
 8.4695023e-001
 8.4561962e-001
 8.4414703e-001
 8.4255522e-001
 8.4086591e-001
 8.3910108e-001
 8.3728248e-001
 8.3543289e-001
 8.3357406e-001
 8.3172798e-001
 8.2991630e-001
 8.2816190e-001
 8.2648629e-001
 8.2491171e-001
 8.2346010e-001
 8.2215321e-001
 8.2101375e-001
 8.2006091e-001
 8.1929141e-001
 8.1869018e-001
 8.1824219e-001
 8.1793207e-001
 8.1774479e-001
 8.1766504e-001
 8.1767768e-001
 8.1776750e-001
 8.1791925e-001
 8.1811786e-001
 8.1834811e-001
 8.1859475e-001
 8.1884265e-001
 8.1907654e-001
 8.1928140e-001
 8.1944180e-001
 8.1954271e-001
 8.1956887e-001
 8.1950516e-001
 8.1933630e-001
 8.1904721e-001
 8.1862414e-001
 8.1806660e-001
 8.1738132e-001
 8.1657445e-001
 8.1565243e-001
 8.1462181e-001
 8.1348854e-001
 8.1225985e-001
 8.1094170e-001
 8.0954057e-001
 8.0806249e-001
 8.0651474e-001
 8.0490309e-001
 8.0323422e-001
 8.0151409e-001
 7.9974991e-001
 7.9794765e-001
 7.9611397e-001
 7.9425502e-001
 7.9237682e-001
 7.9048681e-001
 7.8859091e-001
 7.8669542e-001
 7.8480655e-001
 7.8293145e-001
 7.8107619e-001
 7.7924639e-001
 7.7744126e-001
 7.7565849e-001
 7.7389425e-001
 7.7214521e-001
 7.7040797e-001
 7.6867896e-001
 7.6695549e-001
 7.6523399e-001
 7.6351094e-001
 7.6178282e-001
 7.6004696e-001
 7.5829983e-001
 7.5653768e-001
 7.5475723e-001
 7.5295568e-001
 7.5112951e-001
 7.4927527e-001
 7.4738914e-001
 7.4546880e-001
 7.4351043e-001
 7.4151069e-001
 7.3946619e-001
 7.3737323e-001
 7.3522937e-001
 7.3303092e-001
 7.3077440e-001
 7.2845614e-001
 7.2607362e-001
 7.2362316e-001
 7.2110212e-001
 7.1851230e-001
 7.1586031e-001
 7.1315056e-001
