s07_ASD Record=20885: Grass-FescueWheatg YNP-FW-3 AVIRISb RTGC
-1.2300000e+034
-1.2300000e+034
-1.2300000e+034
-1.2300000e+034
-1.2300000e+034
-1.2300000e+034
-1.2300000e+034
-1.2300000e+034
-1.2300000e+034
-1.2300000e+034
-1.2300000e+034
-1.2300000e+034
-1.2300000e+034
-1.2300000e+034
-1.2300000e+034
-1.2300000e+034
-1.2300000e+034
-1.2300000e+034
-1.2300000e+034
-1.2300000e+034
-1.2300000e+034
-1.2300000e+034
-1.2300000e+034
-1.2300000e+034
-1.2300000e+034
-1.2300000e+034
-1.2300000e+034
-1.2300000e+034
-1.2300000e+034
-1.2300000e+034
-1.2300000e+034
-1.2300000e+034
-1.2300000e+034
-1.2300000e+034
-1.2300000e+034
-1.2300000e+034
-1.2300000e+034
-1.2300000e+034
-1.2300000e+034
-1.2300000e+034
-1.2300000e+034
-1.2300000e+034
-1.2300000e+034
-1.2300000e+034
-1.2300000e+034
-1.2300000e+034
-1.2300000e+034
-1.2300000e+034
-1.2300000e+034
-1.2300000e+034
-1.2300000e+034
-1.2300000e+034
-1.2300000e+034
-1.2300000e+034
-1.2300000e+034
-1.2300000e+034
-1.2300000e+034
-1.2300000e+034
-1.2300000e+034
 5.0308339e-002
 5.0525367e-002
 5.0743725e-002
 5.0964758e-002
 5.1189780e-002
 5.1420152e-002
 5.1657196e-002
 5.1902231e-002
 5.2156612e-002
 5.2421663e-002
 5.2698724e-002
 5.2989248e-002
 5.3293377e-002
 5.3611353e-002
 5.3943407e-002
 5.4289795e-002
 5.4650731e-002
 5.5026472e-002
 5.5417251e-002
 5.5823322e-002
 5.6244891e-002
 5.6682188e-002
 5.7132550e-002
 5.7593290e-002
 5.8061697e-002
 5.8535069e-002
 5.9010666e-002
 5.9485815e-002
 5.9957799e-002
 6.0423896e-002
 6.0881421e-002
 6.1327811e-002
 6.1761152e-002
 6.2179670e-002
 6.2581629e-002
 6.2965252e-002
 6.3328780e-002
 6.3670471e-002
 6.3988529e-002
 6.4281225e-002
 6.4546794e-002
 6.4785071e-002
 6.4999409e-002
 6.5376654e-002
 6.5549716e-002
 6.5719187e-002
 6.5890141e-002
 6.6067688e-002
 6.6256881e-002
 6.6462815e-002
 6.6689409e-002
 6.6934548e-002
 6.7194872e-002
 6.7467086e-002
 6.7747809e-002
 6.8033740e-002
 6.8321548e-002
 6.8607889e-002
 6.8889424e-002
 6.9162816e-002
 6.9425650e-002
 6.9678999e-002
 6.9924913e-002
 7.0165396e-002
 7.0402429e-002
 7.0638038e-002
 7.0874237e-002
 7.1113020e-002
 7.1356401e-002
 7.1606390e-002
 7.1864717e-002
 7.2128803e-002
 7.2395787e-002
 7.2662771e-002
 7.2926857e-002
 7.3185198e-002
 7.3434874e-002
 7.3673025e-002
 7.3896751e-002
 7.4103191e-002
 7.4290887e-002
 7.4464165e-002
 7.4628800e-002
 7.4790560e-002
 7.4955203e-002
 7.5128511e-002
 7.5316250e-002
 7.5524174e-002
 7.5758077e-002
 7.6023713e-002
 7.6325260e-002
 7.6658674e-002
 7.7018239e-002
 7.7398226e-002
 7.7792950e-002
 7.8196675e-002
 7.8603648e-002
 7.9008222e-002
 7.9404637e-002
 7.9787202e-002
 8.0151916e-002
 8.0841474e-002
 8.1175722e-002
 8.1509233e-002
 8.1846751e-002
 8.2192943e-002
 8.2552515e-002
 8.2930215e-002
 8.3330750e-002
 8.3757810e-002
 8.4208541e-002
 8.4678970e-002
 8.5165158e-002
 8.5663214e-002
 8.6169124e-002
 8.6678989e-002
 8.7188862e-002
 8.7694839e-002
 8.8192917e-002
 8.8680081e-002
 8.9156941e-002
 8.9624874e-002
 9.0085410e-002
 9.0539955e-002
 9.0989999e-002
 9.1437019e-002
 9.1882430e-002
 9.2327751e-002
 9.2774369e-002
 9.3223222e-002
 9.3672916e-002
 9.4121404e-002
 9.4566740e-002
 9.5006958e-002
 9.5440052e-002
 9.5864028e-002
 9.6276917e-002
 9.6676759e-002
 9.7061515e-002
 9.7430073e-002
 9.7782403e-002
 9.8119363e-002
 9.8441802e-002
 9.8750606e-002
 9.9046543e-002
 9.9330537e-002
 9.9603415e-002
 9.9866025e-002
 1.0011923e-001
 1.0036403e-001
 1.0060057e-001
 1.0082916e-001
 1.0105013e-001
 1.0126376e-001
 1.0147041e-001
 1.0167038e-001
 1.0186397e-001
 1.0205151e-001
 1.0223331e-001
 1.0240966e-001
 1.0258182e-001
 1.0275099e-001
 1.0291843e-001
 1.0308533e-001
 1.0325291e-001
 1.0342240e-001
 1.0359501e-001
 1.0377197e-001
 1.0395449e-001
 1.0414348e-001
 1.0433850e-001
 1.0453884e-001
 1.0474370e-001
 1.0495239e-001
 1.0537823e-001
 1.0559388e-001
 1.0581037e-001
 1.0602694e-001
 1.0624338e-001
 1.0646018e-001
 1.0667840e-001
 1.0689904e-001
 1.0712313e-001
 1.0735171e-001
 1.0758580e-001
 1.0782643e-001
 1.0807464e-001
 1.0833144e-001
 1.0859694e-001
 1.0886908e-001
 1.0914493e-001
 1.0942152e-001
 1.0969591e-001
 1.0996515e-001
 1.1022627e-001
 1.1047632e-001
 1.1071235e-001
 1.1093141e-001
 1.1113185e-001
 1.1131600e-001
 1.1148755e-001
 1.1165018e-001
 1.1180757e-001
 1.1196341e-001
 1.1212137e-001
 1.1228517e-001
 1.1245844e-001
 1.1264489e-001
 1.1284693e-001
 1.1306315e-001
 1.1329090e-001
 1.1352754e-001
 1.1377043e-001
 1.1401693e-001
 1.1426436e-001
 1.1451010e-001
 1.1475150e-001
 1.1498591e-001
 1.1521138e-001
 1.1542869e-001
 1.1563934e-001
 1.1584473e-001
 1.1604640e-001
 1.1624577e-001
 1.1644436e-001
 1.1664361e-001
 1.1684500e-001
 1.1704998e-001
 1.1725933e-001
 1.1747086e-001
 1.1768169e-001
 1.1788893e-001
 1.1808968e-001
 1.1828104e-001
 1.1846014e-001
 1.1862407e-001
 1.1876995e-001
 1.1889488e-001
 1.1899704e-001
 1.1907890e-001
 1.1914401e-001
 1.1919587e-001
 1.1923807e-001
 1.1927411e-001
 1.1930755e-001
 1.1934191e-001
 1.1938075e-001
 1.1942758e-001
 1.1948515e-001
 1.1955337e-001
 1.1963135e-001
 1.1981310e-001
 1.1991510e-001
 1.2002336e-001
 1.2013700e-001
 1.2025514e-001
 1.2037689e-001
-1.2300000e+034
 1.2057536e-001
 1.2070121e-001
 1.2083015e-001
 1.2096237e-001
 1.2109806e-001
 1.2123742e-001
 1.2138062e-001
 1.2162104e-001
-1.2300000e+034
 1.2183525e-001
 1.2199750e-001
 1.2217589e-001
 1.2262738e-001
 1.2292363e-001
 1.2328226e-001
 1.2371482e-001
 1.2423290e-001
 1.2484803e-001
 1.2557182e-001
 1.2641351e-001
 1.2736817e-001
 1.2842812e-001
 1.2958598e-001
 1.3083406e-001
 1.3216490e-001
 1.3357106e-001
 1.3504481e-001
 1.3657883e-001
 1.3816538e-001
 1.3979718e-001
 1.4146754e-001
 1.4317000e-001
 1.4489785e-001
 1.4664458e-001
 1.4840372e-001
 1.5193307e-001
 1.5369008e-001
 1.5543333e-001
 1.5715808e-001
 1.5886708e-001
 1.6056457e-001
 1.6225526e-001
 1.6394340e-001
 1.6563353e-001
 1.6733027e-001
 1.6903785e-001
 1.7076094e-001
 1.7250384e-001
 1.7426942e-001
 1.7605391e-001
 1.7785154e-001
 1.7965695e-001
 1.8146437e-001
 1.8326838e-001
 1.8506353e-001
 1.8684398e-001
 1.8860444e-001
 1.9033915e-001
 1.9371305e-001
 1.9534604e-001
 1.9693932e-001
 1.9849014e-001
 1.9999546e-001
 2.0145260e-001
 2.0285869e-001
 2.0421098e-001
 2.0550644e-001
 2.0674336e-001
 2.0792368e-001
 2.0905024e-001
 2.1012600e-001
 2.1115389e-001
 2.1213689e-001
 2.1307781e-001
 2.1397960e-001
 2.1484526e-001
 2.1567756e-001
 2.1647942e-001
 2.1725337e-001
 2.1800168e-001
 2.1872687e-001
 2.1943122e-001
 2.2078718e-001
 2.2144350e-001
 2.2208868e-001
 2.2272497e-001
 2.2335434e-001
 2.2397670e-001
 2.2459133e-001
 2.2519770e-001
 2.2579519e-001
 2.2638309e-001
 2.2696085e-001
 2.2752786e-001
 2.2808351e-001
-1.2300000e+034
 2.2915864e-001
 2.2967690e-001
 2.3018131e-001
 2.3067112e-001
 2.3114583e-001
 2.3160477e-001
 2.3204733e-001
 2.3247291e-001
 2.3288083e-001
 2.3364143e-001
 2.3399578e-001
 2.3433582e-001
 2.3466381e-001
 2.3498204e-001
 2.3529278e-001
 2.3559825e-001
 2.3590071e-001
 2.3620249e-001
 2.3650579e-001
 2.3681307e-001
 2.3712540e-001
 2.3744409e-001
 2.3777039e-001
 2.3810564e-001
 2.3845102e-001
 2.3880784e-001
 2.3917736e-001
 2.3956087e-001
 2.3995960e-001
 2.4037348e-001
 2.4079949e-001
 2.4123321e-001
 2.4167033e-001
 2.4253710e-001
 2.4295805e-001
 2.4336484e-001
 2.4375318e-001
 2.4411860e-001
 2.4445848e-001
 2.4477480e-001
 2.4507137e-001
 2.4535190e-001
 2.4562015e-001
 2.4587987e-001
 2.4613489e-001
 2.4638888e-001
 2.4664566e-001
 2.4690898e-001
 2.4718179e-001
 2.4746569e-001
 2.4776140e-001
 2.4806975e-001
 2.4839152e-001
 2.4872753e-001
 2.4907853e-001
 2.4944530e-001
 2.4982871e-001
 2.5064823e-001
 2.5108257e-001
 2.5152987e-001
 2.5198743e-001
 2.5245273e-001
 2.5292301e-001
 2.5339571e-001
 2.5386819e-001
 2.5433779e-001
 2.5480193e-001
 2.5525811e-001
 2.5570452e-001
 2.5613949e-001
 2.5656143e-001
 2.5696868e-001
 2.5735956e-001
 2.5773248e-001
 2.5808582e-001
 2.5841779e-001
 2.5872687e-001
 2.5901270e-001
 2.5928023e-001
 2.5953582e-001
 2.5978562e-001
 2.6029322e-001
 2.6056352e-001
 2.6085329e-001
 2.6116866e-001
 2.6151600e-001
 2.6189950e-001
 2.6231518e-001
 2.6275694e-001
 2.6321864e-001
 2.6369420e-001
 2.6417756e-001
 2.6466265e-001
 2.6514339e-001
 2.6561365e-001
 2.6606730e-001
 2.6649988e-001
 2.6691276e-001
 2.6730904e-001
 2.6769170e-001
 2.6806384e-001
 2.6842830e-001
 2.6878822e-001
 2.6914653e-001
 2.6950634e-001
 2.7024159e-001
 2.7061951e-001
 2.7100363e-001
 2.7139336e-001
 2.7178812e-001
 2.7218726e-001
 2.7259019e-001
 2.7299628e-001
 2.7340487e-001
 2.7381539e-001
 2.7422708e-001
 2.7463862e-001
 2.7504849e-001
 2.7545515e-001
 2.7585718e-001
 2.7625301e-001
 2.7664119e-001
 2.7702025e-001
 2.7738863e-001
 2.7774486e-001
 2.7808884e-001
 2.7842370e-001
 2.7875406e-001
 2.7908444e-001
 2.7976361e-001
 2.8012159e-001
 2.8049788e-001
 2.8089705e-001
 2.8132370e-001
 2.8178012e-001
 2.8226247e-001
 2.8276470e-001
 2.8328070e-001
 2.8380445e-001
 2.8432992e-001
 2.8485104e-001
 2.8536174e-001
 2.8585592e-001
 2.8632760e-001
 2.8677201e-001
 2.8718984e-001
 2.8758293e-001
 2.8795338e-001
 2.8830308e-001
 2.8863394e-001
 2.8894803e-001
 2.8924727e-001
 2.8953359e-001
 2.9007530e-001
 2.9033303e-001
 2.9058236e-001
 2.9082367e-001
 2.9105729e-001
 2.9128346e-001
 2.9150257e-001
 2.9171494e-001
 2.9192087e-001
-1.2300000e+034
 2.9231450e-001
 2.9250288e-001
 2.9268607e-001
 2.9286447e-001
 2.9303837e-001
 2.9320809e-001
 2.9337394e-001
 2.9353622e-001
 2.9369530e-001
-1.2300000e+034
 2.9400522e-001
 2.9415673e-001
 2.9430625e-001
 2.9445413e-001
 2.9474634e-001
 2.9489130e-001
 2.9503590e-001
 2.9518047e-001
-1.2300000e+034
 2.9547083e-001
 2.9561728e-001
 2.9576495e-001
 2.9591420e-001
 2.9606536e-001
 2.9621875e-001
 2.9637465e-001
 2.9653347e-001
 2.9669544e-001
 2.9686090e-001
 2.9702988e-001
 2.9720226e-001
 2.9737768e-001
 2.9755557e-001
 2.9773560e-001
 2.9791737e-001
 2.9810044e-001
 2.9828438e-001
 2.9846877e-001
 2.9865319e-001
 2.9902276e-001
 2.9920956e-001
 2.9939911e-001
 2.9959249e-001
 2.9979065e-001
 2.9999471e-001
 3.0020565e-001
 3.0042458e-001
 3.0065253e-001
 3.0089009e-001
 3.0113626e-001
 3.0138943e-001
 3.0164826e-001
 3.0191118e-001
 3.0217668e-001
 3.0244336e-001
 3.0270964e-001
 3.0297413e-001
 3.0323526e-001
 3.0349222e-001
 3.0374667e-001
 3.0400088e-001
 3.0425715e-001
 3.0451781e-001
 3.0506134e-001
 3.0534881e-001
 3.0564988e-001
 3.0596673e-001
 3.0630106e-001
 3.0665186e-001
 3.0701742e-001
 3.0739614e-001
 3.0778629e-001
 3.0818626e-001
 3.0859432e-001
 3.0900887e-001
 3.0945235e-001
 3.0988413e-001
 3.1031877e-001
 3.1075445e-001
 3.1118956e-001
 3.1162268e-001
 3.1205308e-001
 3.1248099e-001
 3.1290698e-001
 3.1333143e-001
 3.1375331e-001
 3.1417027e-001
 3.1457937e-001
 3.1497812e-001
 3.1536543e-001
 3.1574160e-001
 3.1610739e-001
 3.1646356e-001
 3.1681034e-001
 3.1714761e-001
 3.1747568e-001
 3.1779525e-001
 3.1810787e-001
 3.1841567e-001
 3.1872123e-001
 3.1902763e-001
 3.1933776e-001
 3.1965452e-001
 3.1998035e-001
 3.2031706e-001
 3.2066578e-001
 3.2102665e-001
 3.2139900e-001
 3.2178122e-001
 3.2217100e-001
 3.2256564e-001
 3.2296211e-001
 3.2335743e-001
 3.2374880e-001
 3.2413384e-001
 3.2451087e-001
 3.2487875e-001
 3.2523695e-001
 3.2558569e-001
 3.2592559e-001
 3.2625771e-001
 3.2658330e-001
 3.2690367e-001
 3.2722032e-001
 3.2753456e-001
 3.2784775e-001
 3.2816097e-001
 3.2847527e-001
 3.2879165e-001
 3.2911083e-001
 3.2943365e-001
 3.2976064e-001
 3.3009225e-001
 3.3042893e-001
 3.3077076e-001
 3.3111790e-001
 3.3147019e-001
 3.3182725e-001
 3.3218884e-001
 3.3255443e-001
 3.3292338e-001
 3.3329529e-001
 3.3366942e-001
 3.3404538e-001
 3.3442256e-001
 3.3480051e-001
 3.3517891e-001
 3.3555728e-001
 3.3593547e-001
 3.3631316e-001
 3.3669016e-001
 3.3706650e-001
 3.3744219e-001
 3.3781752e-001
 3.3819279e-001
 3.3856851e-001
 3.3894542e-001
 3.3932418e-001
 3.3970571e-001
 3.4009075e-001
 3.4047997e-001
 3.4087399e-001
 3.4127304e-001
 3.4167707e-001
 3.4208581e-001
 3.4249842e-001
 3.4291390e-001
 3.4333071e-001
 3.4374687e-001
 3.4416005e-001
 3.4456706e-001
 3.4496412e-001
 3.4534639e-001
 3.4570801e-001
 3.4604219e-001
 3.4634101e-001
 3.4659612e-001
 3.4679869e-001
 3.4694016e-001
 3.4701294e-001
 3.4701091e-001
 3.4693027e-001
 3.4676996e-001
 3.4653205e-001
 3.4622180e-001
 3.4584749e-001
 3.4541959e-001
 3.4495044e-001
 3.4445325e-001
 3.4394109e-001
 3.4342656e-001
 3.4292087e-001
 3.4243351e-001
 3.4197223e-001
 3.4154266e-001
 3.4114859e-001
 3.4079197e-001
 3.4047282e-001
 3.4019029e-001
 3.3994281e-001
 3.3972913e-001
 3.3954841e-001
 3.3940011e-001
 3.3928359e-001
 3.3919773e-001
 3.3914089e-001
 3.3911139e-001
 3.3910757e-001
 3.3912808e-001
 3.3917162e-001
 3.3923686e-001
 3.3932206e-001
 3.3942530e-001
 3.3954456e-001
 3.3967811e-001
 3.3982480e-001
 3.3998391e-001
 3.4015507e-001
 3.4033763e-001
 3.4053051e-001
 3.4073186e-001
 3.4093902e-001
 3.4114927e-001
 3.4136033e-001
 3.4157071e-001
 3.4177974e-001
 3.4198719e-001
 3.4219289e-001
 3.4239614e-001
 3.4259540e-001
 3.4278858e-001
 3.4297299e-001
 3.4314641e-001
 3.4330714e-001
 3.4345418e-001
 3.4358710e-001
 3.4370548e-001
 3.4380895e-001
 3.4389734e-001
 3.4397089e-001
 3.4403056e-001
 3.4407800e-001
 3.4411570e-001
 3.4414676e-001
 3.4417468e-001
 3.4420314e-001
 3.4423575e-001
 3.4427556e-001
 3.4432510e-001
 3.4438577e-001
 3.4445789e-001
 3.4454060e-001
 3.4463188e-001
 3.4472877e-001
 3.4482768e-001
 3.4492481e-001
 3.4501645e-001
 3.4509951e-001
 3.4517187e-001
 3.4523270e-001
 3.4528258e-001
 3.4532368e-001
 3.4535941e-001
 3.4539437e-001
 3.4543380e-001
 3.4548321e-001
 3.4554788e-001
 3.4563252e-001
 3.4574080e-001
 3.4587505e-001
 3.4603631e-001
 3.4622416e-001
 3.4643692e-001
 3.4667194e-001
 3.4692591e-001
 3.4719524e-001
 3.4747630e-001
 3.4776586e-001
 3.4806123e-001
 3.4836045e-001
 3.4866220e-001
 3.4896612e-001
 3.4927231e-001
 3.4958151e-001
 3.4989482e-001
 3.5021347e-001
 3.5053891e-001
 3.5087246e-001
 3.5121539e-001
 3.5156900e-001
 3.5193416e-001
 3.5231182e-001
 3.5270268e-001
 3.5310709e-001
 3.5352537e-001
 3.5395736e-001
 3.5440254e-001
 3.5485986e-001
 3.5532761e-001
 3.5580370e-001
 3.5628527e-001
 3.5676923e-001
 3.5725200e-001
 3.5772991e-001
 3.5819957e-001
 3.5865781e-001
 3.5910219e-001
 3.5953102e-001
 3.5994342e-001
 3.6033961e-001
 3.6072052e-001
 3.6108786e-001
 3.6144370e-001
 3.6179015e-001
 3.6212930e-001
 3.6246258e-001
 3.6279073e-001
 3.6311382e-001
 3.6343116e-001
 3.6374184e-001
 3.6404458e-001
 3.6433670e-001
 3.6461210e-001
 3.6485943e-001
 3.6506441e-001
 3.6521208e-001
 3.6530992e-001
 3.6536697e-001
 3.6539423e-001
 3.6540136e-001
 3.6539564e-001
 3.6538297e-001
 3.6536950e-001
 3.6536312e-001
 3.6537436e-001
 3.6525860e-001
 3.6530268e-001
 3.6539838e-001
 3.6555463e-001
 3.6578599e-001
 3.6610553e-001
 3.6649594e-001
 3.6687553e-001
 3.6719689e-001
 3.6746153e-001
 3.6771920e-001
 3.6804515e-001
 3.6850479e-001
 3.6907363e-001
 3.6963028e-001
 3.7010431e-001
 3.7051564e-001
 3.7090006e-001
 3.7127805e-001
 3.7166050e-001
 3.7205544e-001
 3.7246978e-001
 3.7290940e-001
 3.7337789e-001
 3.7387571e-001
 3.7439996e-001
 3.7494400e-001
 3.7549898e-001
 3.7605438e-001
 3.7659904e-001
 3.7712190e-001
 3.7761205e-001
 3.7805954e-001
 3.7845644e-001
 3.7879732e-001
 3.7908033e-001
 3.7930641e-001
 3.7947866e-001
 3.7960151e-001
 3.7967980e-001
 3.7971860e-001
 3.7972286e-001
 3.7969735e-001
 3.7964630e-001
 3.7957314e-001
 3.7948051e-001
 3.7937021e-001
 3.7924346e-001
 3.7910122e-001
 3.7894425e-001
 3.7877339e-001
 3.7858954e-001
 3.7839416e-001
 3.7818933e-001
 3.7797832e-001
 3.7776586e-001
 3.7755778e-001
 3.7736082e-001
 3.7718213e-001
 3.7702906e-001
 3.7690887e-001
 3.7682822e-001
 3.7679258e-001
 3.7680474e-001
 3.7686366e-001
 3.7696382e-001
 3.7709576e-001
 3.7724710e-001
 3.7740424e-001
 3.7755290e-001
 3.7767872e-001
 3.7776780e-001
 3.7780711e-001
 3.7778565e-001
 3.7769526e-001
 3.7753120e-001
 3.7729117e-001
 3.7697423e-001
 3.7658161e-001
 3.7612188e-001
 3.7561071e-001
 3.7504444e-001
 3.7438020e-001
 3.7359366e-001
 3.7274897e-001
 3.7190917e-001
 3.7103969e-001
 3.7008527e-001
 3.6904344e-001
 3.6795166e-001
 3.6685053e-001
 3.6573043e-001
 3.6450481e-001
 3.6312738e-001
 3.6171630e-001
 3.6037716e-001
 3.5904330e-001
 3.5762322e-001
 3.5611704e-001
 3.5458097e-001
 3.5307145e-001
 3.5157469e-001
 3.4996879e-001
 3.4819075e-001
 3.4640855e-001
 3.4475622e-001
 3.4313282e-001
 3.4142330e-001
 3.3963636e-001
 3.3784053e-001
 3.3610091e-001
 3.3440149e-001
 3.3259615e-001
 3.3061412e-001
 3.2865724e-001
 3.2687122e-001
 3.2513064e-001
 3.2331106e-001
 3.2142943e-001
 3.1955954e-001
 3.1776881e-001
 3.1603932e-001
 3.1421468e-001
 3.1222531e-001
 3.1029084e-001
 3.0855083e-001
 3.0686504e-001
 3.0511454e-001
 3.0332434e-001
 3.0156583e-001
 2.9990092e-001
 2.9831326e-001
 2.9665288e-001
 2.9485658e-001
 2.9313865e-001
 2.9161945e-001
 2.9016069e-001
 2.8866097e-001
 2.8714973e-001
 2.8568792e-001
 2.8432626e-001
 2.8305095e-001
 2.8173664e-001
 2.8033593e-001
 2.7902994e-001
 2.7790460e-001
 2.7684420e-001
 2.7577800e-001
 2.7473390e-001
 2.7375475e-001
 2.7287290e-001
 2.7207878e-001
 2.7129477e-001
 2.7049708e-001
 2.6979440e-001
 2.6923108e-001
 2.6874214e-001
 2.6829571e-001
 2.6790994e-001
 2.6760048e-001
 2.6736933e-001
 2.6721567e-001
 2.6713789e-001
 2.6713091e-001
 2.6718378e-001
 2.6727879e-001
 2.6739335e-001
 2.6750225e-001
 2.6757929e-001
 2.6759794e-001
 2.6753202e-001
 2.6735678e-001
 2.6705158e-001
 2.6660448e-001
 2.6601663e-001
 2.6530269e-001
 2.6448771e-001
 2.6360232e-001
 2.6267877e-001
 2.6175013e-001
 2.6084942e-001
 2.6000819e-001
 2.5925550e-001
 2.5861368e-001
 2.5809586e-001
 2.5770587e-001
 2.5744003e-001
 2.5729126e-001
 2.5725085e-001
 2.5730988e-001
 2.5745934e-001
 2.5769010e-001
 2.5799251e-001
 2.5835615e-001
 2.5876951e-001
 2.5921923e-001
 2.5969145e-001
 2.6017165e-001
 2.6064539e-001
 2.6109797e-001
 2.6151499e-001
 2.6188314e-001
 2.6219177e-001
 2.6243600e-001
 2.6261964e-001
 2.6275459e-001
 2.6285908e-001
 2.6295415e-001
 2.6306194e-001
 2.6320481e-001
 2.6340479e-001
 2.6368260e-001
 2.6405600e-001
 2.6453465e-001
 2.6511815e-001
 2.6579508e-001
 2.6654714e-001
 2.6735219e-001
 2.6818687e-001
 2.6902792e-001
 2.6985192e-001
 2.7063677e-001
 2.7136302e-001
 2.7201724e-001
 2.7259523e-001
 2.7310088e-001
 2.7354416e-001
 2.7393758e-001
 2.7429453e-001
 2.7462861e-001
 2.7495340e-001
 2.7528194e-001
 2.7562612e-001
 2.7599508e-001
 2.7639452e-001
 2.7682650e-001
 2.7729073e-001
 2.7778602e-001
 2.7831051e-001
 2.7886263e-001
 2.7944052e-001
 2.8004235e-001
 2.8066632e-001
 2.8131005e-001
 2.8197128e-001
 2.8264716e-001
 2.8333464e-001
 2.8403082e-001
 2.8473237e-001
 2.8543642e-001
 2.8613973e-001
 2.8683922e-001
 2.8753224e-001
 2.8821626e-001
 2.8888941e-001
 2.8955045e-001
 2.9019824e-001
 2.9083201e-001
 2.9145095e-001
 2.9205412e-001
 2.9264092e-001
 2.9321048e-001
 2.9376245e-001
 2.9429683e-001
 2.9481405e-001
 2.9531538e-001
 2.9580221e-001
 2.9627627e-001
 2.9673919e-001
 2.9719257e-001
 2.9763830e-001
 2.9807797e-001
 2.9851353e-001
 2.9894692e-001
 2.9938036e-001
 2.9981646e-001
 3.0025774e-001
 3.0070695e-001
 3.0116677e-001
 3.0163980e-001
 3.0212873e-001
 3.0263582e-001
 3.0316243e-001
 3.0370858e-001
 3.0427182e-001
 3.0484810e-001
 3.0543220e-001
 3.0601826e-001
 3.0660060e-001
 3.0717319e-001
 3.0773041e-001
 3.0826676e-001
 3.0877778e-001
 3.0926096e-001
 3.0971575e-001
 3.1014395e-001
 3.1054825e-001
 3.1093201e-001
 3.1129876e-001
 3.1165197e-001
 3.1199521e-001
 3.1233183e-001
 3.1266505e-001
 3.1299767e-001
 3.1333199e-001
 3.1366986e-001
 3.1401294e-001
 3.1436267e-001
 3.1472060e-001
 3.1508815e-001
 3.1546667e-001
 3.1585747e-001
 3.1626135e-001
 3.1667852e-001
 3.1710821e-001
 3.1754881e-001
 3.1799859e-001
 3.1845531e-001
 3.1891695e-001
 3.1938130e-001
 3.1984621e-001
 3.2031003e-001
 3.2077131e-001
 3.2122990e-001
 3.2168671e-001
 3.2214355e-001
 3.2260311e-001
 3.2306796e-001
 3.2354093e-001
 3.2402489e-001
 3.2452247e-001
 3.2503614e-001
 3.2556751e-001
 3.2611695e-001
 3.2668358e-001
 3.2726502e-001
 3.2785857e-001
 3.2846087e-001
 3.2906869e-001
 3.2967883e-001
 3.3028799e-001
 3.3089334e-001
 3.3149242e-001
 3.3208367e-001
 3.3266681e-001
 3.3324218e-001
 3.3381075e-001
 3.3437365e-001
 3.3493194e-001
 3.3548692e-001
 3.3603960e-001
 3.3659098e-001
 3.3714139e-001
 3.3769050e-001
 3.3823720e-001
 3.3877960e-001
 3.3931541e-001
 3.3984238e-001
 3.4035793e-001
 3.4085974e-001
 3.4134546e-001
 3.4181300e-001
 3.4226120e-001
 3.4268957e-001
 3.4309918e-001
 3.4349170e-001
 3.4386942e-001
 3.4423497e-001
 3.4459078e-001
 3.4493956e-001
 3.4528366e-001
 3.4562510e-001
 3.4596533e-001
 3.4630445e-001
 3.4664154e-001
 3.4697470e-001
 3.4730136e-001
 3.4761894e-001
 3.4792465e-001
 3.4821573e-001
 3.4848964e-001
 3.4874415e-001
 3.4897798e-001
 3.4919083e-001
 3.4938371e-001
 3.4955865e-001
 3.4971815e-001
 3.4986499e-001
 3.5000196e-001
 3.5013187e-001
 3.5025725e-001
 3.5038018e-001
 3.5050175e-001
 3.5062146e-001
 3.5073745e-001
 3.5084665e-001
 3.5094529e-001
 3.5102943e-001
 3.5109493e-001
 3.5113779e-001
 3.5115430e-001
 3.5114136e-001
 3.5109735e-001
 3.5102233e-001
 3.5091841e-001
 3.5078901e-001
 3.5063842e-001
 3.5047135e-001
 3.5029244e-001
 3.5010639e-001
 3.4991744e-001
 3.4972903e-001
 3.4954298e-001
 3.4935883e-001
 3.4917411e-001
 3.4898445e-001
 3.4878474e-001
 3.4856936e-001
 3.4833267e-001
 3.4806913e-001
 3.4777373e-001
 3.4744281e-001
 3.4707499e-001
 3.4667176e-001
 3.4623766e-001
 3.4577960e-001
 3.4530550e-001
 3.4482408e-001
 3.4434396e-001
 3.4387371e-001
 3.4342128e-001
 3.4299293e-001
 3.4259257e-001
 3.4222031e-001
 3.4187320e-001
 3.4154570e-001
 3.4123084e-001
 3.4092107e-001
 3.4060872e-001
 3.4028620e-001
 3.3994669e-001
 3.3958447e-001
 3.3919629e-001
 3.3878151e-001
 3.3834237e-001
 3.3788309e-001
 3.3740893e-001
 3.3692583e-001
 3.3643964e-001
 3.3595634e-001
 3.3548179e-001
 3.3502108e-001
 3.3457887e-001
 3.3415881e-001
 3.3376354e-001
 3.3339521e-001
 3.3305550e-001
 3.3274594e-001
 3.3246809e-001
 3.3222321e-001
 3.3201239e-001
 3.3183607e-001
 3.3169395e-001
 3.3158454e-001
 3.3150545e-001
 3.3145344e-001
 3.3142498e-001
 3.3141625e-001
 3.3142343e-001
 3.3144277e-001
 3.3147058e-001
 3.3150345e-001
 3.3153841e-001
 3.3157292e-001
 3.3160496e-001
 3.3163273e-001
 3.3165470e-001
 3.3166945e-001
 3.3167556e-001
 3.3167180e-001
 3.3165738e-001
 3.3163205e-001
 3.3159664e-001
 3.3155313e-001
 3.3150461e-001
 3.3145490e-001
 3.3140832e-001
 3.3136925e-001
 3.3134210e-001
 3.3133069e-001
 3.3133781e-001
 3.3136421e-001
 3.3140764e-001
 3.3146250e-001
 3.3152017e-001
 3.3156979e-001
 3.3159921e-001
 3.3159590e-001
 3.3154747e-001
 3.3144265e-001
 3.3127293e-001
 3.3103445e-001
 3.3073005e-001
 3.3036986e-001
 3.2997087e-001
 3.2955486e-001
 3.2914653e-001
 3.2877168e-001
 3.2845587e-001
 3.2822296e-001
 3.2809272e-001
 3.2807794e-001
 3.2818195e-001
 3.2839689e-001
 3.2870543e-001
 3.2908356e-001
 3.2950306e-001
 3.2993427e-001
 3.3034736e-001
 3.3071411e-001
 3.3101031e-001
 3.3121809e-001
 3.3132815e-001
 3.3134094e-001
 3.3126527e-001
 3.3111587e-001
 3.3091095e-001
 3.3067015e-001
 3.3041307e-001
 3.3015770e-001
 3.2991838e-001
 3.2970378e-001
 3.2951480e-001
 3.2934427e-001
 3.2917795e-001
 3.2899618e-001
 3.2877654e-001
 3.2849529e-001
 3.2812884e-001
 3.2765540e-001
 3.2723531e-001
 3.2650587e-001
 3.2562125e-001
 3.2458502e-001
 3.2340932e-001
 3.2211006e-001
 3.2070503e-001
 3.1921253e-001
 3.1765029e-001
 3.1603649e-001
 3.1438741e-001
 3.1271744e-001
 3.1103709e-001
 3.0935201e-001
 3.0766422e-001
 3.0597046e-001
 3.0426434e-001
 3.0256650e-001
 3.0093935e-001
 2.9937050e-001
 2.9768220e-001
 2.9582137e-001
 2.9404995e-001
 2.9245895e-001
 2.9087663e-001
 2.8921390e-001
 2.8751102e-001
 2.8583434e-001
 2.8423947e-001
 2.8268752e-001
 2.8101790e-001
 2.7921304e-001
 2.7750033e-001
 2.7594677e-001
 2.7440554e-001
 2.7279645e-001
 2.7115449e-001
 2.6954570e-001
 2.6801667e-001
 2.6651633e-001
 2.6490572e-001
 2.6319113e-001
 2.6157004e-001
 2.6008984e-001
 2.5862336e-001
 2.5710163e-001
 2.5555620e-001
 2.5404954e-001
 2.5261706e-001
 2.5120115e-001
 2.4968824e-001
 2.4810237e-001
 2.4660638e-001
 2.4523151e-001
 2.4387322e-001
 2.4247396e-001
 2.4106148e-001
 2.3969100e-001
 2.3838523e-001
 2.3708656e-001
 2.3571077e-001
 2.3429140e-001
 2.3295331e-001
 2.3171666e-001
 2.3050046e-001
 2.2925821e-001
 2.2801293e-001
 2.2681043e-001
 2.2566359e-001
 2.2452024e-001
 2.2331959e-001
 2.2209847e-001
 2.2095205e-001
 2.1989194e-001
 2.1885715e-001
 2.1781355e-001
 2.1677259e-001
 2.1575221e-001
 2.1476670e-001
 2.1379243e-001
 2.1284062e-001
 2.1191150e-001
 2.1100460e-001
 2.1012245e-001
 2.0927285e-001
 2.0846243e-001
 2.0768093e-001
 2.0690201e-001
 2.0611449e-001
 2.0534465e-001
 2.0462674e-001
 2.0396209e-001
 2.0332706e-001
 2.0270774e-001
 2.0211120e-001
 2.0154937e-001
 2.0102030e-001
 2.0050761e-001
 2.0000267e-001
 1.9952051e-001
 1.9908278e-001
 1.9869176e-001
 1.9833378e-001
 1.9799986e-001
 1.9769293e-001
 1.9741942e-001
 1.9717976e-001
 1.9696799e-001
 1.9678065e-001
 1.9662279e-001
 1.9650179e-001
 1.9641916e-001
 1.9637161e-001
 1.9635658e-001
 1.9637351e-001
 1.9642271e-001
 1.9650625e-001
 1.9662881e-001
 1.9679356e-001
 1.9699600e-001
 1.9722816e-001
 1.9748890e-001
 1.9778514e-001
 1.9812222e-001
 1.9849688e-001
 1.9890293e-001
 1.9934334e-001
 1.9983347e-001
 2.0038444e-001
 2.0098336e-001
 2.0160538e-001
 2.0224471e-001
 2.0291834e-001
 2.0364086e-001
 2.0440726e-001
 2.0520450e-001
 2.0603569e-001
 2.0692691e-001
 2.0789841e-001
 2.0892942e-001
 2.0997638e-001
 2.1102622e-001
 2.1210474e-001
 2.1324039e-001
 2.1443853e-001
 2.1568918e-001
 2.1698342e-001
 2.1831715e-001
 2.1968836e-001
 2.2109218e-001
 2.2251980e-001
 2.2395945e-001
 2.2539604e-001
 2.2681345e-001
 2.2819424e-001
 2.2952089e-001
 2.3077725e-001
 2.3194855e-001
 2.3302437e-001
 2.3399943e-001
 2.3487462e-001
 2.3565784e-001
 2.3636195e-001
 2.3700346e-001
 2.3760100e-001
 2.3817354e-001
 2.3873973e-001
 2.3931618e-001
 2.3991603e-001
 2.4054751e-001
 2.4121238e-001
 2.4190658e-001
 2.4262065e-001
 2.4334164e-001
 2.4405497e-001
 2.4474505e-001
 2.4539699e-001
 2.4599704e-001
 2.4653426e-001
 2.4700184e-001
 2.4739765e-001
 2.4772464e-001
 2.4798973e-001
 2.4820267e-001
 2.4837486e-001
 2.4851829e-001
 2.4864489e-001
 2.4876593e-001
 2.4889132e-001
 2.4902904e-001
 2.4918470e-001
 2.4936141e-001
 2.4956028e-001
 2.4978000e-001
 2.5001705e-001
 2.5026739e-001
 2.5053075e-001
 2.5081244e-001
 2.5111675e-001
 2.5143766e-001
 2.5176093e-001
 2.5207844e-001
 2.5239339e-001
 2.5271139e-001
 2.5303125e-001
 2.5334647e-001
 2.5365412e-001
 2.5395834e-001
 2.5426364e-001
 2.5456449e-001
 2.5484800e-001
 2.5510639e-001
 2.5534180e-001
 2.5555885e-001
 2.5575712e-001
 2.5593203e-001
 2.5608015e-001
 2.5620112e-001
 2.5629488e-001
 2.5635877e-001
 2.5638846e-001
 2.5638095e-001
 2.5633454e-001
 2.5624749e-001
 2.5611758e-001
 2.5594306e-001
 2.5572243e-001
 2.5545460e-001
 2.5513908e-001
 2.5477615e-001
 2.5436759e-001
 2.5391623e-001
 2.5342649e-001
 2.5290340e-001
 2.5235233e-001
 2.5177929e-001
 2.5118998e-001
 2.5058970e-001
 2.4998388e-001
 2.4937679e-001
 2.4877208e-001
 2.4817243e-001
 2.4758023e-001
 2.4699694e-001
 2.4642366e-001
 2.4586175e-001
 2.4531205e-001
 2.4477524e-001
 2.4425219e-001
 2.4374309e-001
 2.4324776e-001
 2.4276599e-001
 2.4229690e-001
 2.4183947e-001
 2.4139246e-001
 2.4095500e-001
 2.4052599e-001
 2.4010478e-001
 2.3969172e-001
 2.3928790e-001
 2.3889576e-001
 2.3851925e-001
 2.3816326e-001
 2.3783360e-001
 2.3753643e-001
 2.3727822e-001
 2.3706490e-001
 2.3690152e-001
 2.3679161e-001
 2.3673621e-001
 2.3673335e-001
 2.3677823e-001
 2.3686330e-001
 2.3697911e-001
 2.3711513e-001
 2.3726024e-001
 2.3740363e-001
 2.3753524e-001
 2.3764646e-001
 2.3773104e-001
 2.3778547e-001
 2.3780909e-001
 2.3780380e-001
 2.3777333e-001
 2.3772253e-001
 2.3765679e-001
 2.3758163e-001
 2.3750238e-001
 2.3742399e-001
 2.3735069e-001
 2.3728591e-001
 2.3723222e-001
 2.3719142e-001
 2.3716475e-001
 2.3715311e-001
 2.3715714e-001
 2.3717731e-001
 2.3721384e-001
 2.3726641e-001
 2.3733418e-001
 2.3741552e-001
 2.3750800e-001
 2.3760854e-001
 2.3771356e-001
 2.3781918e-001
 2.3792148e-001
 2.3801677e-001
 2.3810181e-001
 2.3817439e-001
 2.3823364e-001
 2.3828040e-001
 2.3831721e-001
 2.3834820e-001
 2.3837858e-001
 2.3841424e-001
 2.3846133e-001
 2.3852587e-001
 2.3861338e-001
 2.3872840e-001
 2.3887406e-001
 2.3905183e-001
 2.3926122e-001
 2.3950031e-001
 2.3976603e-001
 2.4005441e-001
 2.4036139e-001
 2.4068286e-001
 2.4101475e-001
 2.4135374e-001
 2.4169730e-001
 2.4204360e-001
 2.4239203e-001
 2.4274281e-001
 2.4309678e-001
 2.4345498e-001
 2.4381873e-001
 2.4418928e-001
 2.4456710e-001
 2.4495211e-001
 2.4534309e-001
 2.4573706e-001
 2.4612986e-001
 2.4651593e-001
 2.4688885e-001
 2.4724144e-001
 2.4756674e-001
 2.4785824e-001
 2.4811035e-001
 2.4831985e-001
 2.4848634e-001
 2.4861296e-001
 2.4870664e-001
 2.4877749e-001
 2.4883795e-001
 2.4890183e-001
 2.4898335e-001
 2.4909623e-001
 2.4925238e-001
 2.4946080e-001
 2.4972624e-001
 2.5004807e-001
 2.5042036e-001
 2.5083265e-001
 2.5127074e-001
 2.5171879e-001
 2.5216019e-001
 2.5257891e-001
 2.5296056e-001
 2.5329450e-001
 2.5357491e-001
 2.5380185e-001
 2.5398141e-001
 2.5412497e-001
 2.5424767e-001
 2.5436705e-001
 2.5450146e-001
 2.5466844e-001
 2.5488353e-001
 2.5515836e-001
 2.5549912e-001
 2.5590509e-001
 2.5636902e-001
 2.5687784e-001
 2.5741380e-001
 2.5795704e-001
 2.5848666e-001
 2.5898206e-001
 2.5942513e-001
 2.5980157e-001
 2.6010260e-001
 2.6032576e-001
 2.6047593e-001
 2.6056346e-001
 2.6060301e-001
 2.6061180e-001
 2.6060808e-001
 2.6060969e-001
 2.6063290e-001
 2.6069087e-001
 2.6079258e-001
 2.6094168e-001
 2.6113689e-001
 2.6137254e-001
 2.6163942e-001
 2.6192650e-001
 2.6222190e-001
 2.6251340e-001
 2.6278973e-001
 2.6304090e-001
 2.6325864e-001
 2.6343721e-001
 2.6357302e-001
 2.6366454e-001
 2.6371157e-001
 2.6371494e-001
 2.6367587e-001
 2.6359567e-001
 2.6347569e-001
 2.6331687e-001
 2.6311994e-001
 2.6288500e-001
 2.6261187e-001
 2.6229981e-001
 2.6194805e-001
 2.6155552e-001
 2.6112103e-001
 2.6064387e-001
 2.6012373e-001
 2.5956067e-001
 2.5895622e-001
 2.5831246e-001
 2.5763267e-001
 2.5692147e-001
 2.5618368e-001
 2.5542465e-001
 2.5464964e-001
 2.5386414e-001
 2.5307250e-001
 2.5227803e-001
 2.5148317e-001
 2.5068823e-001
 2.4989177e-001
 2.4909161e-001
 2.4828398e-001
 2.4746476e-001
 2.4662945e-001
 2.4577430e-001
 2.4489561e-001
 2.4399060e-001
 2.4305841e-001
 2.4209921e-001
 2.4111459e-001
 2.4010816e-001
 2.3908374e-001
 2.3804572e-001
 2.3699957e-001
 2.3595019e-001
 2.3490278e-001
 2.3386236e-001
 2.3283473e-001
 2.3182504e-001
 2.3083848e-001
 2.2988099e-001
 2.2895783e-001
 2.2807422e-001
 2.2723585e-001
 2.2644739e-001
 2.2571310e-001
 2.2503611e-001
 2.2441868e-001
 2.2386113e-001
 2.2336234e-001
 2.2292039e-001
 2.2253205e-001
 2.2219355e-001
 2.2190095e-001
 2.2164968e-001
 2.2143461e-001
 2.2125016e-001
 2.2108962e-001
 2.2094525e-001
 2.2080837e-001
 2.2066954e-001
 2.2051872e-001
 2.2034572e-001
 2.2014071e-001
 2.1989465e-001
 2.1960005e-001
 2.1925221e-001
 2.1884948e-001
 2.1839373e-001
 2.1789025e-001
 2.1734758e-001
 2.1677591e-001
 2.1618654e-001
 2.1559156e-001
 2.1500228e-001
 2.1442896e-001
 2.1388061e-001
 2.1336363e-001
 2.1288200e-001
 2.1243772e-001
 2.1203050e-001
 2.1165885e-001
 2.1132037e-001
 2.1101262e-001
 2.1073294e-001
 2.1047905e-001
 2.1024953e-001
 2.1004353e-001
 2.0986117e-001
 2.0970351e-001
 2.0957218e-001
 2.0946932e-001
 2.0939723e-001
 2.0935808e-001
 2.0935349e-001
 2.0938410e-001
 2.0944901e-001
 2.0954551e-001
 2.0966895e-001
 2.0981264e-001
 2.0996845e-001
 2.1012716e-001
 2.1027905e-001
 2.1041419e-001
 2.1052316e-001
 2.1059731e-001
 2.1062915e-001
 2.1061283e-001
 2.1054418e-001
 2.1042064e-001
 2.1024093e-001
 2.1000476e-001
 2.0971280e-001
 2.0936652e-001
 2.0896867e-001
 2.0852394e-001
 2.0804007e-001
 2.0752788e-001
 2.0700186e-001
 2.0648022e-001
 2.0598333e-001
 2.0553313e-001
 2.0515224e-001
 2.0486183e-001
 2.0468019e-001
 2.0462044e-001
 2.0468834e-001
 2.0488040e-001
 2.0518407e-001
 2.0557763e-001
 2.0603260e-001
 2.0651613e-001
 2.0699298e-001
 2.0742890e-001
 2.0779265e-001
 2.0805871e-001
 2.0821030e-001
 2.0824091e-001
 2.0815489e-001
 2.0796654e-001
 2.0769785e-001
 2.0737585e-001
 2.0703021e-001
 2.0669034e-001
 2.0638338e-001
 2.0613204e-001
 2.0595218e-001
 2.0585187e-001
 2.0583053e-001
 2.0588018e-001
 2.0598702e-001
 2.0613350e-001
 2.0630011e-001
 2.0646742e-001
 2.0661756e-001
 2.0673566e-001
 2.0681137e-001
 2.0683971e-001
 2.0682096e-001
 2.0676038e-001
 2.0666690e-001
 2.0655191e-001
 2.0642796e-001
 2.0630744e-001
 2.0620163e-001
 2.0611966e-001
 2.0606752e-001
 2.0604761e-001
 2.0605861e-001
 2.0609586e-001
 2.0615225e-001
 2.0621896e-001
 2.0628624e-001
 2.0634408e-001
 2.0638257e-001
 2.0639229e-001
 2.0636448e-001
 2.0629117e-001
 2.0616539e-001
 2.0598088e-001
 2.0573200e-001
 2.0541395e-001
 2.0502254e-001
 2.0455498e-001
 2.0401040e-001
 2.0339121e-001
 2.0270431e-001
 2.0196016e-001
 2.0117469e-001
 2.0036723e-001
 1.9955994e-001
 1.9877701e-001
 1.9804201e-001
 1.9737688e-001
 1.9679974e-001
 1.9632316e-001
 1.9595160e-001
 1.9568086e-001
 1.9549829e-001
 1.9538365e-001
 1.9531134e-001
 1.9525254e-001
 1.9517727e-001
 1.9505636e-001
 1.9486345e-001
 1.9457652e-001
 1.9417930e-001
 1.9366236e-001
 1.9302303e-001
 1.9226377e-001
 1.9139114e-001
 1.9041526e-001
 1.8934758e-001
 1.8820110e-001
 1.8699145e-001
 1.8573563e-001
 1.8445358e-001
 1.8316773e-001
 1.8190424e-001
 1.8069060e-001
 1.7955564e-001
 1.7852904e-001
 1.7763810e-001
 1.7690635e-001
 1.7635112e-001
 1.7597950e-001
 1.7578666e-001
 1.7575452e-001
 1.7585242e-001
 1.7603931e-001
 1.7626698e-001
 1.7648342e-001
 1.7663664e-001
 1.7667815e-001
 1.7656679e-001
 1.7627232e-001
 1.7577755e-001
 1.7508115e-001
 1.7419496e-001
 1.7314227e-001
 1.7195402e-001
 1.7066659e-001
 1.6931689e-001
 1.6794048e-001
 1.6657023e-001
 1.6523232e-001
 1.6394590e-001
 1.6272432e-001
 1.6157465e-001
 1.6050223e-001
 1.5951413e-001
 1.5862216e-001
 1.5783991e-001
 1.5717801e-001
 1.5663916e-001
 1.5621543e-001
-1.2300000e+034
-1.2300000e+034
-1.2300000e+034
-1.2300000e+034
-1.2300000e+034
-1.2300000e+034
-1.2300000e+034
-1.2300000e+034
-1.2300000e+034
-1.2300000e+034
-1.2300000e+034
-1.2300000e+034
-1.2300000e+034
-1.2300000e+034
-1.2300000e+034
-1.2300000e+034
-1.2300000e+034
-1.2300000e+034
-1.2300000e+034
-1.2300000e+034
-1.2300000e+034
-1.2300000e+034
