s07_ASD Record=16103: Perylene SA-P11204           ASDHRa AREF
-1.2300000e+034
 3.7308373e-002
 3.5350058e-002
 3.4902006e-002
 3.4521133e-002
 3.3800464e-002
 3.3011530e-002
 3.2297522e-002
 3.0622009e-002
 2.9236924e-002
 2.9697930e-002
 2.9154450e-002
 2.7964426e-002
 2.7197311e-002
 2.7518366e-002
 2.6399674e-002
 2.5858210e-002
 2.6253989e-002
 2.5191795e-002
 2.5234601e-002
 2.5628215e-002
 2.5306391e-002
 2.4863519e-002
 2.4394300e-002
 2.4384545e-002
 2.4839368e-002
 2.4458129e-002
 2.4116633e-002
 2.4107747e-002
 2.3959771e-002
 2.3581909e-002
 2.3955811e-002
 2.4832778e-002
 2.4433315e-002
 2.4007952e-002
 2.3787213e-002
 2.3960687e-002
 2.4469474e-002
 2.4258267e-002
 2.3832360e-002
 2.3986086e-002
 2.3777587e-002
 2.3754843e-002
 2.3960114e-002
 2.3996526e-002
 2.3869086e-002
 2.3842547e-002
 2.3875894e-002
 2.3581639e-002
 2.3514224e-002
 2.3569643e-002
 2.3623563e-002
 2.3775483e-002
 2.3646336e-002
 2.3477029e-002
 2.3517963e-002
 2.3111433e-002
 2.2782980e-002
 2.2765120e-002
 2.2850379e-002
 2.2762915e-002
 2.2476774e-002
 2.2195702e-002
 2.2197274e-002
 2.2087725e-002
 2.1958742e-002
 2.1914629e-002
 2.1746868e-002
 2.1788122e-002
 2.1986607e-002
 2.2023840e-002
 2.1941995e-002
 2.1980356e-002
 2.2141017e-002
 2.2109456e-002
 2.2096209e-002
 2.2250907e-002
 2.2466367e-002
 2.2295905e-002
 2.2245791e-002
 2.2322878e-002
 2.2331931e-002
 2.2426490e-002
 2.2456624e-002
 2.2348041e-002
 2.2169137e-002
 2.2069601e-002
 2.2059971e-002
 2.2078000e-002
 2.2034781e-002
 2.1956855e-002
 2.1856405e-002
 2.1738490e-002
 2.1609493e-002
 2.1516895e-002
 2.1458024e-002
 2.1391129e-002
 2.1374971e-002
 2.1415617e-002
 2.1515893e-002
 2.1668904e-002
 2.1833407e-002
 2.2062965e-002
 2.2375420e-002
 2.2601865e-002
 2.2875592e-002
 2.3244096e-002
 2.3629481e-002
 2.3950459e-002
 2.4197541e-002
 2.4407716e-002
 2.4621366e-002
 2.4764569e-002
 2.4834439e-002
 2.4909588e-002
 2.5090484e-002
 2.5208235e-002
 2.5240082e-002
 2.5342906e-002
 2.5540521e-002
 2.5782270e-002
 2.6014691e-002
 2.6271425e-002
 2.6600346e-002
 2.7029570e-002
 2.7550051e-002
 2.8121157e-002
 2.8798861e-002
 2.9591613e-002
 3.0450851e-002
 3.1390622e-002
 3.2457925e-002
 3.3681363e-002
 3.5017051e-002
 3.6450524e-002
 3.7952162e-002
 3.9498102e-002
 4.1120384e-002
 4.2862386e-002
 4.4740804e-002
 4.6702150e-002
 4.8645362e-002
 5.0668951e-002
 5.2833509e-002
 5.4993283e-002
 5.7166543e-002
 5.9390523e-002
 6.1663207e-002
 6.3852496e-002
 6.6135481e-002
 6.8542153e-002
 7.0902258e-002
 7.3336072e-002
 7.5829774e-002
 7.8356296e-002
 8.0947645e-002
 8.3658539e-002
 8.6500451e-002
 8.9452080e-002
 9.2522070e-002
 9.5720075e-002
 9.9051349e-002
 1.0249960e-001
 1.0605102e-001
 1.0974390e-001
 1.1359701e-001
 1.1752357e-001
 1.2152796e-001
 1.2562895e-001
 1.2985329e-001
 1.3417175e-001
 1.3853255e-001
 1.4295952e-001
 1.4757366e-001
 1.5222268e-001
 1.5690060e-001
 1.6163906e-001
 1.6635829e-001
 1.7107649e-001
 1.7580310e-001
 1.8050393e-001
 1.8510620e-001
 1.8964243e-001
 1.9410734e-001
 1.9839112e-001
 2.0255680e-001
 2.0660071e-001
 2.1045920e-001
 2.1405618e-001
 2.1746469e-001
 2.2070998e-001
 2.2372228e-001
 2.2655557e-001
 2.2924192e-001
 2.3180467e-001
 2.3422819e-001
 2.3651634e-001
 2.3873967e-001
 2.4099344e-001
 2.4322693e-001
 2.4550433e-001
 2.4788070e-001
 2.5037587e-001
 2.5305435e-001
 2.5590521e-001
 2.5888386e-001
 2.6200268e-001
 2.6527333e-001
 2.6867685e-001
 2.7215657e-001
 2.7570075e-001
 2.7930823e-001
 2.8296861e-001
 2.8663495e-001
 2.9027736e-001
 2.9388192e-001
 2.9743707e-001
 3.0091348e-001
 3.0436143e-001
 3.0778405e-001
 3.1111518e-001
 3.1440035e-001
 3.1761351e-001
 3.2074472e-001
 3.2387531e-001
 3.2692721e-001
 3.2986763e-001
 3.3271948e-001
 3.3546355e-001
 3.3810851e-001
 3.4067711e-001
 3.4318095e-001
 3.4554985e-001
 3.4782451e-001
 3.5006917e-001
 3.5219762e-001
 3.5431340e-001
 3.5663420e-001
 3.5943910e-001
 3.6248448e-001
 3.6512950e-001
 3.6689028e-001
 3.6855853e-001
 3.7055823e-001
 3.7293470e-001
 3.7529773e-001
 3.7763283e-001
 3.7990242e-001
 3.8212040e-001
 3.8430110e-001
 3.8641030e-001
 3.8844150e-001
 3.9041188e-001
 3.9233598e-001
 3.9419433e-001
 3.9597750e-001
 3.9769682e-001
 3.9935610e-001
 4.0096673e-001
 4.0254501e-001
 4.0409386e-001
 4.0557787e-001
 4.0701711e-001
 4.0846142e-001
 4.0988925e-001
 4.1132644e-001
 4.1278452e-001
 4.1425061e-001
 4.1574106e-001
 4.1728619e-001
 4.1890547e-001
 4.2056218e-001
 4.2225921e-001
 4.2399374e-001
 4.2577031e-001
 4.2763612e-001
 4.2958084e-001
 4.3161547e-001
 4.3379506e-001
 4.3605566e-001
 4.3840423e-001
 4.4087565e-001
 4.4344476e-001
 4.4610137e-001
 4.4886518e-001
 4.5176834e-001
 4.5469958e-001
 4.5762849e-001
 4.6056709e-001
 4.6354136e-001
 4.6653196e-001
 4.6949983e-001
 4.7242171e-001
 4.7537443e-001
 4.7834104e-001
 4.8130032e-001
 4.8425469e-001
 4.8722646e-001
 4.9021429e-001
 4.9318999e-001
 4.9611926e-001
 4.9904609e-001
 5.0196493e-001
 5.0480622e-001
 5.0754130e-001
 5.1019883e-001
 5.1282376e-001
 5.1540130e-001
 5.1784134e-001
 5.2014762e-001
 5.2236450e-001
 5.2444351e-001
 5.2640766e-001
 5.2825445e-001
 5.2994311e-001
 5.3146714e-001
 5.3284621e-001
 5.3407919e-001
 5.3510147e-001
 5.3596407e-001
 5.3666914e-001
 5.3720665e-001
 5.3765190e-001
 5.3796703e-001
 5.3809094e-001
 5.3799593e-001
 5.3777307e-001
 5.3743315e-001
 5.3695780e-001
 5.3634465e-001
 5.3559041e-001
 5.3470367e-001
 5.3371918e-001
 5.3268319e-001
 5.3154391e-001
 5.3027987e-001
 5.2895612e-001
 5.2754825e-001
 5.2609646e-001
 5.2464163e-001
 5.2314156e-001
 5.2162725e-001
 5.2013534e-001
 5.1869988e-001
 5.1732737e-001
 5.1605576e-001
 5.1491833e-001
 5.1392829e-001
 5.1312214e-001
 5.1252300e-001
 5.1214117e-001
 5.1198399e-001
 5.1205665e-001
 5.1238793e-001
 5.1301330e-001
 5.1389205e-001
 5.1504558e-001
 5.1650053e-001
 5.1827389e-001
 5.2039433e-001
 5.2283335e-001
 5.2556157e-001
 5.2863073e-001
 5.3199315e-001
 5.3563672e-001
 5.3957844e-001
 5.4377824e-001
 5.4822987e-001
 5.5292225e-001
 5.5783284e-001
 5.6294239e-001
 5.6824499e-001
 5.7372600e-001
 5.7931942e-001
 5.8504069e-001
 5.9085929e-001
 5.9670126e-001
 6.0259485e-001
 6.0852730e-001
 6.1448056e-001
 6.2043715e-001
 6.2641996e-001
 6.3239962e-001
 6.3831604e-001
 6.4414620e-001
 6.4988637e-001
 6.5552849e-001
 6.6105330e-001
 6.6647470e-001
 6.7181093e-001
 6.7705303e-001
 6.8214661e-001
 6.8706000e-001
 6.9180125e-001
 6.9641197e-001
 7.0090795e-001
 7.0526958e-001
 7.0949209e-001
 7.1358246e-001
 7.1752936e-001
 7.2131985e-001
 7.2496641e-001
 7.2851413e-001
 7.3191595e-001
 7.3517615e-001
 7.3834664e-001
 7.4147344e-001
 7.4448150e-001
 7.4737233e-001
 7.5019395e-001
 7.5291544e-001
 7.5554091e-001
 7.5807500e-001
 7.6051974e-001
 7.6285475e-001
 7.6507288e-001
 7.6719290e-001
 7.6927012e-001
 7.7130878e-001
 7.7330506e-001
 7.7524173e-001
 7.7710330e-001
 7.7893054e-001
 7.8074276e-001
 7.8252465e-001
 7.8427148e-001
 7.8598869e-001
 7.8766829e-001
 7.8928864e-001
 7.9086858e-001
 7.9243523e-001
 7.9399091e-001
 7.9547065e-001
 7.9690194e-001
 7.9830080e-001
 7.9969263e-001
 8.0110377e-001
 8.0244970e-001
 8.0371892e-001
 8.0497611e-001
 8.0617076e-001
 8.0737555e-001
 8.0861545e-001
 8.0981219e-001
 8.1101203e-001
 8.1221414e-001
 8.1338155e-001
 8.1445479e-001
 8.1550437e-001
 8.1654888e-001
 8.1758201e-001
 8.1863034e-001
 8.1968498e-001
 8.2072455e-001
 8.2172829e-001
 8.2271588e-001
 8.2367378e-001
 8.2461441e-001
 8.2557756e-001
 8.2651109e-001
 8.2738942e-001
 8.2821769e-001
 8.2903469e-001
 8.2980770e-001
 8.3053339e-001
 8.3122617e-001
 8.3191073e-001
 8.3261669e-001
 8.3333647e-001
 8.3403385e-001
 8.3470732e-001
 8.3535570e-001
 8.3599162e-001
 8.3663017e-001
 8.3725053e-001
 8.3785725e-001
 8.3845717e-001
 8.3905220e-001
 8.3963943e-001
 8.4023464e-001
 8.4083498e-001
 8.4140110e-001
 8.4197313e-001
 8.4254867e-001
 8.4308755e-001
 8.4355998e-001
 8.4404361e-001
 8.4452522e-001
 8.4495217e-001
 8.4540856e-001
 8.4584957e-001
 8.4624577e-001
 8.4661448e-001
 8.4700638e-001
 8.4740359e-001
 8.4778595e-001
 8.4815913e-001
 8.4852940e-001
 8.4886789e-001
 8.4918016e-001
 8.4952098e-001
 8.4981740e-001
 8.5007149e-001
 8.5029763e-001
 8.5048181e-001
 8.5061955e-001
 8.5068721e-001
 8.5067654e-001
 8.5062283e-001
 8.5049576e-001
 8.5029387e-001
 8.5004312e-001
 8.4975153e-001
 8.4938496e-001
 8.4897405e-001
 8.4858048e-001
 8.4816563e-001
 8.4778762e-001
 8.4746450e-001
 8.4717709e-001
 8.4696335e-001
 8.4683383e-001
 8.4683055e-001
 8.4701133e-001
 8.4731650e-001
 8.4771794e-001
 8.4822363e-001
 8.4888840e-001
 8.4968626e-001
 8.5057044e-001
 8.5153645e-001
 8.5262144e-001
 8.5369641e-001
 8.5479510e-001
 8.5593301e-001
 8.5699922e-001
 8.5795808e-001
 8.5880131e-001
 8.5953289e-001
 8.6016244e-001
 8.6077082e-001
 8.6135805e-001
 8.6189598e-001
 8.6237681e-001
 8.6277741e-001
 8.6314839e-001
 8.6354226e-001
 8.6392772e-001
 8.6432815e-001
 8.6468500e-001
 8.6497474e-001
 8.6530429e-001
 8.6558598e-001
 8.6586970e-001
 8.6621785e-001
 8.6655307e-001
 8.6693692e-001
 8.6727935e-001
 8.6754143e-001
 8.6794567e-001
 8.6834228e-001
 8.6869824e-001
 8.6904156e-001
 8.6937654e-001
 8.6973006e-001
 8.7004471e-001
 8.7029278e-001
 8.7061989e-001
 8.7097263e-001
 8.7134176e-001
 8.7171352e-001
 8.7204522e-001
 8.7239397e-001
 8.7271279e-001
 8.7296468e-001
 8.7327772e-001
 8.7364304e-001
 8.7400520e-001
 8.7430143e-001
 8.7457973e-001
 8.7492609e-001
 8.7529039e-001
 8.7559158e-001
 8.7588209e-001
 8.7618238e-001
 8.7646073e-001
 8.7673581e-001
 8.7711585e-001
 8.7744784e-001
 8.7769192e-001
 8.7793493e-001
 8.7829024e-001
 8.7852037e-001
 8.7874258e-001
 8.7906593e-001
 8.7937826e-001
 8.7967330e-001
 8.8001198e-001
 8.8036293e-001
 8.8060707e-001
 8.8092846e-001
 8.8118529e-001
 8.8138252e-001
 8.8167536e-001
 8.8186532e-001
 8.8209307e-001
 8.8238972e-001
 8.8263965e-001
 8.8284636e-001
 8.8307953e-001
 8.8330525e-001
 8.8350493e-001
 8.8384980e-001
 8.8404769e-001
 8.8420856e-001
 8.8454813e-001
 8.8479751e-001
 8.8495237e-001
 8.8509625e-001
 8.8530940e-001
 8.8554591e-001
 8.8584942e-001
 8.8600475e-001
 8.8607097e-001
 8.8639784e-001
 8.8643104e-001
 8.8663733e-001
 8.8699639e-001
 8.8693607e-001
 8.8710207e-001
 8.8729948e-001
 8.8746166e-001
 8.8768727e-001
 8.8794070e-001
 8.8807833e-001
 8.8822865e-001
 8.8854295e-001
 8.8875127e-001
 8.8884872e-001
 8.8899964e-001
 8.8924932e-001
 8.8933939e-001
 8.8947141e-001
 8.8972348e-001
 8.9006925e-001
 8.9025939e-001
 8.9014757e-001
 8.9027858e-001
 8.9065683e-001
 8.9089173e-001
 8.9115095e-001
 8.9127892e-001
 8.9146459e-001
 8.9164233e-001
 8.9181268e-001
 8.9197755e-001
 8.9213955e-001
 8.9230150e-001
 8.9246613e-001
 8.9263535e-001
 8.9281034e-001
 8.9299101e-001
 8.9317614e-001
 8.9336371e-001
 8.9355123e-001
 8.9373630e-001
 8.9391679e-001
 8.9409119e-001
 8.9425850e-001
 8.9441824e-001
 8.9457107e-001
 8.9471859e-001
 8.9486313e-001
 8.9500749e-001
 8.9515412e-001
 8.9530456e-001
 8.9545900e-001
 8.9561659e-001
 8.9577550e-001
 8.9593363e-001
 8.9608884e-001
 8.9623958e-001
 8.9638484e-001
 8.9652467e-001
 8.9665991e-001
 8.9679193e-001
 8.9692259e-001
 8.9705330e-001
 8.9718539e-001
 8.9731938e-001
 8.9745539e-001
 8.9759296e-001
 8.9773113e-001
 8.9786863e-001
 8.9800423e-001
 8.9813721e-001
 8.9826804e-001
 8.9839834e-001
 8.9853096e-001
 8.9866900e-001
 8.9881456e-001
 8.9896822e-001
 8.9912838e-001
 8.9929187e-001
 8.9945477e-001
 8.9961356e-001
 8.9976603e-001
 8.9991122e-001
 9.0004998e-001
 9.0018415e-001
 9.0031612e-001
 9.0044820e-001
 9.0058190e-001
 9.0071744e-001
 9.0085363e-001
 9.0098786e-001
 9.0111649e-001
 9.0123546e-001
 9.0134072e-001
 9.0142912e-001
 9.0149868e-001
 9.0154904e-001
 9.0158159e-001
 9.0159899e-001
 9.0160495e-001
 9.0160346e-001
 9.0159827e-001
 9.0159243e-001
 9.0158826e-001
 9.0158695e-001
 9.0158850e-001
 9.0159172e-001
 9.0159434e-001
 9.0159339e-001
 9.0158558e-001
 9.0156764e-001
 9.0153617e-001
 9.0148801e-001
 9.0141976e-001
 9.0132844e-001
 9.0121150e-001
 9.0106744e-001
 9.0089583e-001
 9.0069753e-001
 9.0047407e-001
 9.0022689e-001
 8.9995682e-001
 8.9966351e-001
 8.9934546e-001
 8.9900023e-001
 8.9862436e-001
 8.9821392e-001
 8.9776438e-001
 8.9727086e-001
 8.9672768e-001
 8.9612854e-001
 8.9546621e-001
 8.9473230e-001
 8.9391738e-001
 8.9301050e-001
 8.9199883e-001
 8.9086843e-001
 8.8960350e-001
 8.8818741e-001
 8.8660264e-001
 8.8483018e-001
 8.8285094e-001
 8.8064557e-001
 8.7819397e-001
 8.7547821e-001
 8.7248135e-001
 8.6919171e-001
 8.6560428e-001
 8.6172128e-001
 8.5755748e-001
 8.5313743e-001
 8.4849930e-001
 8.4369266e-001
 8.3877498e-001
 8.3381319e-001
 8.2887566e-001
 8.2403308e-001
 8.1935328e-001
 8.1489724e-001
 8.1072164e-001
 8.0687487e-001
 8.0340105e-001
 8.0034006e-001
 7.9772753e-001
 7.9559731e-001
 7.9398078e-001
 7.9290527e-001
 7.9239482e-001
 7.9246759e-001
 7.9313540e-001
 7.9440099e-001
 7.9625756e-001
 7.9868579e-001
 8.0165488e-001
 8.0512017e-001
 8.0902463e-001
 8.1330144e-001
 8.1787276e-001
 8.2265639e-001
 8.2756513e-001
 8.3251232e-001
 8.3741724e-001
 8.4220475e-001
 8.4681284e-001
 8.5119098e-001
 8.5530305e-001
 8.5912830e-001
 8.6265695e-001
 8.6589187e-001
 8.6884314e-001
 8.7152666e-001
 8.7396282e-001
 8.7617266e-001
 8.7817752e-001
 8.7999862e-001
 8.8165480e-001
 8.8316417e-001
 8.8454264e-001
 8.8580441e-001
 8.8696265e-001
 8.8802898e-001
 8.8901472e-001
 8.8993061e-001
 8.9078724e-001
 8.9159495e-001
 8.9236265e-001
 8.9309806e-001
 8.9380616e-001
 8.9448953e-001
 8.9514863e-001
 8.9578164e-001
 8.9638603e-001
 8.9695847e-001
 8.9749604e-001
 8.9799678e-001
 8.9845973e-001
 8.9888495e-001
 8.9927405e-001
 8.9962947e-001
 8.9995486e-001
 9.0025425e-001
 9.0053219e-001
 9.0079296e-001
 9.0103996e-001
 9.0127593e-001
 9.0150261e-001
 9.0172112e-001
 9.0193224e-001
 9.0213662e-001
 9.0233523e-001
 9.0252924e-001
 9.0271962e-001
 9.0290737e-001
 9.0309274e-001
 9.0327537e-001
 9.0345430e-001
 9.0362817e-001
 9.0379584e-001
 9.0395689e-001
 9.0411156e-001
 9.0426141e-001
 9.0440881e-001
 9.0455675e-001
 9.0470803e-001
 9.0486515e-001
 9.0502977e-001
 9.0520287e-001
 9.0538472e-001
 9.0557528e-001
 9.0577394e-001
 9.0597981e-001
 9.0619123e-001
 9.0640604e-001
 9.0662140e-001
 9.0683430e-001
 9.0704185e-001
 9.0724158e-001
 9.0743190e-001
 9.0761191e-001
 9.0778136e-001
 9.0794080e-001
 9.0809155e-001
 9.0823555e-001
 9.0837550e-001
 9.0851420e-001
 9.0865457e-001
 9.0879852e-001
 9.0894675e-001
 9.0909880e-001
 9.0925282e-001
 9.0940654e-001
 9.0955746e-001
 9.0970361e-001
 9.0984339e-001
 9.0997595e-001
 9.1010052e-001
 9.1021651e-001
 9.1032338e-001
 9.1042060e-001
 9.1050810e-001
 9.1058612e-001
 9.1065538e-001
 9.1071665e-001
 9.1077101e-001
 9.1081893e-001
 9.1086078e-001
 9.1089690e-001
 9.1092753e-001
 9.1095304e-001
 9.1097391e-001
 9.1099018e-001
 9.1100115e-001
 9.1100538e-001
 9.1100043e-001
 9.1098332e-001
 9.1095096e-001
 9.1090041e-001
 9.1082948e-001
 9.1073674e-001
 9.1062164e-001
 9.1048461e-001
 9.1032666e-001
 9.1014963e-001
 9.0995574e-001
 9.0974754e-001
 9.0952766e-001
 9.0929812e-001
 9.0906012e-001
 9.0881366e-001
 9.0855753e-001
 9.0828961e-001
 9.0800732e-001
 9.0770841e-001
 9.0739155e-001
 9.0705693e-001
 9.0670633e-001
 9.0634316e-001
 9.0597212e-001
 9.0559846e-001
 9.0522724e-001
 9.0486288e-001
 9.0450811e-001
 9.0416431e-001
 9.0383130e-001
 9.0350759e-001
 9.0319127e-001
 9.0287989e-001
 9.0257090e-001
 9.0226150e-001
 9.0194845e-001
 9.0162843e-001
 9.0129745e-001
 9.0095198e-001
 9.0058929e-001
 9.0020788e-001
 8.9980811e-001
 8.9939213e-001
 8.9896369e-001
 8.9852744e-001
 8.9808822e-001
 8.9765072e-001
 8.9721888e-001
 8.9679557e-001
 8.9638251e-001
 8.9597982e-001
 8.9558613e-001
 8.9519900e-001
 8.9481521e-001
 8.9443195e-001
 8.9404744e-001
 8.9366198e-001
 8.9327770e-001
 8.9289850e-001
 8.9252901e-001
 8.9217377e-001
 8.9183593e-001
 8.9151692e-001
 8.9121556e-001
 8.9092886e-001
 8.9065236e-001
 8.9038092e-001
 8.9010948e-001
 8.8983321e-001
 8.8954777e-001
 8.8924903e-001
 8.8893312e-001
 8.8859689e-001
 8.8823789e-001
 8.8785535e-001
 8.8744998e-001
 8.8702416e-001
 8.8658166e-001
 8.8612682e-001
 8.8566440e-001
 8.8519901e-001
 8.8473421e-001
 8.8427323e-001
 8.8381791e-001
 8.8336927e-001
 8.8292789e-001
 8.8249415e-001
 8.8206899e-001
 8.8165408e-001
 8.8125271e-001
 8.8086945e-001
 8.8051027e-001
 8.8018233e-001
 8.7989336e-001
 8.7965101e-001
 8.7946177e-001
 8.7933058e-001
 8.7925982e-001
 8.7924880e-001
 8.7929350e-001
 8.7938631e-001
 8.7951624e-001
 8.7966961e-001
 8.7983137e-001
 8.7998718e-001
 8.8012451e-001
 8.8023502e-001
 8.8031483e-001
 8.8036495e-001
 8.8039058e-001
 8.8039941e-001
 8.8039964e-001
 8.8039786e-001
 8.8039714e-001
 8.8039595e-001
 8.8038760e-001
 8.8036138e-001
 8.8030404e-001
 8.8020211e-001
 8.8004416e-001
 8.7982267e-001
 8.7953568e-001
 8.7918651e-001
 8.7878418e-001
 8.7834173e-001
 8.7787503e-001
 8.7740088e-001
 8.7693465e-001
 8.7649000e-001
 8.7607723e-001
 8.7570429e-001
 8.7537712e-001
 8.7510055e-001
 8.7487966e-001
 8.7471968e-001
 8.7462622e-001
 8.7460500e-001
 8.7466085e-001
 8.7479728e-001
 8.7501556e-001
 8.7531424e-001
 8.7568891e-001
 8.7613237e-001
 8.7663448e-001
 8.7718362e-001
 8.7776703e-001
 8.7837195e-001
 8.7898731e-001
 8.7960398e-001
 8.8021553e-001
 8.8081849e-001
 8.8141131e-001
 8.8199419e-001
 8.8256699e-001
 8.8312894e-001
 8.8367796e-001
 8.8421017e-001
 8.8472039e-001
 8.8520229e-001
 8.8564926e-001
 8.8605487e-001
 8.8641304e-001
 8.8671863e-001
 8.8696754e-001
 8.8715661e-001
 8.8728398e-001
 8.8734889e-001
 8.8735193e-001
 8.8729495e-001
 8.8718152e-001
 8.8701653e-001
 8.8680637e-001
 8.8655877e-001
 8.8628221e-001
 8.8598621e-001
 8.8568097e-001
 8.8537759e-001
 8.8508856e-001
 8.8482732e-001
 8.8460851e-001
 8.8444668e-001
 8.8435572e-001
 8.8434720e-001
 8.8442898e-001
 8.8460422e-001
 8.8487077e-001
 8.8522118e-001
 8.8564330e-001
 8.8612109e-001
 8.8663590e-001
 8.8716775e-001
 8.8769639e-001
 8.8820231e-001
 8.8866818e-001
 8.8907951e-001
 8.8942575e-001
 8.8970137e-001
 8.8990575e-001
 8.9004308e-001
 8.9012158e-001
 8.9015180e-001
 8.9014524e-001
 8.9011270e-001
 8.9006287e-001
 8.9000213e-001
 8.8993412e-001
 8.8986093e-001
 8.8978356e-001
 8.8970292e-001
 8.8962072e-001
 8.8953954e-001
 8.8946325e-001
 8.8939661e-001
 8.8934535e-001
 8.8931543e-001
 8.8931280e-001
 8.8934302e-001
 8.8941061e-001
 8.8951916e-001
 8.8967091e-001
 8.8986659e-001
 8.9010590e-001
 8.9038754e-001
 8.9070964e-001
 8.9107013e-001
 8.9146709e-001
 8.9189839e-001
 8.9236140e-001
 8.9285225e-001
 8.9336562e-001
 8.9389402e-001
 8.9442861e-001
 8.9495945e-001
 8.9547658e-001
 8.9597142e-001
 8.9643693e-001
 8.9686835e-001
 8.9726317e-001
 8.9762086e-001
 8.9794254e-001
 8.9823025e-001
 8.9848667e-001
 8.9871430e-001
 8.9891511e-001
 8.9909029e-001
 8.9924020e-001
 8.9936471e-001
 8.9946377e-001
 8.9953792e-001
 8.9958876e-001
 8.9961934e-001
 8.9963400e-001
 8.9963806e-001
 8.9963722e-001
 8.9963686e-001
 8.9964145e-001
 8.9965451e-001
 8.9967835e-001
 8.9971423e-001
 8.9976227e-001
 8.9982158e-001
 8.9989001e-001
 8.9996433e-001
 9.0004021e-001
 9.0011328e-001
 9.0017956e-001
 9.0023631e-001
 9.0028286e-001
 9.0032023e-001
 9.0035093e-001
 9.0037787e-001
 9.0040338e-001
 9.0042830e-001
 9.0045190e-001
 9.0047234e-001
 9.0048712e-001
 9.0049446e-001
 9.0049350e-001
 9.0048516e-001
 9.0047175e-001
 9.0045655e-001
 9.0044343e-001
 9.0043581e-001
 9.0043622e-001
 9.0044600e-001
 9.0046483e-001
 9.0049094e-001
 9.0052098e-001
 9.0055031e-001
 9.0057337e-001
 9.0058410e-001
 9.0057653e-001
 9.0054542e-001
 9.0048641e-001
 9.0039653e-001
 9.0027457e-001
 9.0012151e-001
 8.9994019e-001
 8.9973545e-001
 8.9951319e-001
 8.9927906e-001
 8.9903766e-001
 8.9879167e-001
 8.9854109e-001
 8.9828372e-001
 8.9801514e-001
 8.9772928e-001
 8.9741898e-001
 8.9707613e-001
 8.9669251e-001
 8.9626032e-001
 8.9577293e-001
 8.9522535e-001
 8.9461416e-001
 8.9393806e-001
 8.9319700e-001
 8.9239216e-001
 8.9152545e-001
 8.9059883e-001
 8.8961476e-001
 8.8857609e-001
 8.8748592e-001
 8.8634849e-001
 8.8516837e-001
 8.8395154e-001
 8.8270450e-001
 8.8143402e-001
 8.8014799e-001
 8.7885338e-001
 8.7755746e-001
 8.7626636e-001
 8.7498438e-001
 8.7371492e-001
 8.7245882e-001
 8.7121499e-001
 8.6998010e-001
 8.6874706e-001
 8.6750579e-001
 8.6624134e-001
 8.6493450e-001
 8.6356074e-001
 8.6208981e-001
 8.6048687e-001
 8.5871160e-001
 8.5672122e-001
 8.5447228e-001
 8.5192353e-001
 8.4904188e-001
 8.4580654e-001
 8.4221160e-001
 8.3827156e-001
 8.3401811e-001
 8.2950139e-001
 8.2478446e-001
 8.1993532e-001
 8.1502390e-001
 8.1011105e-001
 8.0524755e-001
 8.0046999e-001
 7.9580009e-001
 7.9125279e-001
 7.8683776e-001
 7.8257072e-001
 7.7847713e-001
 7.7459389e-001
 7.7097076e-001
 7.6766127e-001
 7.6471621e-001
 7.6217192e-001
 7.6004028e-001
 7.5830394e-001
 7.5691390e-001
 7.5579166e-001
 7.5483704e-001
 7.5393504e-001
 7.5296539e-001
 7.5180936e-001
 7.5035501e-001
 7.4850136e-001
 7.4615896e-001
 7.4325258e-001
 7.3972154e-001
 7.3552006e-001
 7.3062181e-001
 7.2501868e-001
 7.1872699e-001
 7.1178871e-001
 7.0427006e-001
 6.9626772e-001
 6.8790060e-001
 6.7931211e-001
 6.7066121e-001
 6.6211057e-001
 6.5382272e-001
 6.4594018e-001
 6.3858074e-001
 6.3182342e-001
 6.2569928e-001
 6.2019449e-001
 6.1525190e-001
 6.1078024e-001
 6.0667413e-001
 6.0282785e-001
 5.9915632e-001
 5.9560663e-001
 5.9216321e-001
 5.8884978e-001
 5.8571762e-001
 5.8283597e-001
 5.8027625e-001
 5.7809973e-001
 5.7635272e-001
 5.7506418e-001
 5.7425344e-001
 5.7393926e-001
 5.7415152e-001
 5.7493961e-001
 5.7637638e-001
 5.7855326e-001
 5.8156884e-001
 5.8551347e-001
 5.9044749e-001
 5.9638458e-001
 6.0328180e-001
 6.1103040e-001
 6.1946702e-001
 6.2838137e-001
 6.3753837e-001
 6.4670539e-001
 6.5566695e-001
 6.6425276e-001
 6.7234236e-001
 6.7987329e-001
 6.8683958e-001
 6.9327575e-001
 6.9924778e-001
 7.0483142e-001
 7.1009940e-001
 7.1511149e-001
 7.1990430e-001
 7.2449517e-001
 7.2888178e-001
 7.3305053e-001
 7.3698521e-001
 7.4067032e-001
 7.4409670e-001
 7.4726385e-001
 7.5017583e-001
 7.5284106e-001
 7.5526619e-001
 7.5745451e-001
 7.5940514e-001
 7.6111323e-001
 7.6257521e-001
 7.6379317e-001
 7.6478112e-001
 7.6556927e-001
 7.6620519e-001
 7.6675236e-001
 7.6728392e-001
 7.6787502e-001
 7.6859319e-001
 7.6948959e-001
 7.7059269e-001
 7.7190429e-001
 7.7340013e-001
 7.7503431e-001
 7.7674472e-001
 7.7846283e-001
 7.8012139e-001
 7.8166252e-001
 7.8304410e-001
 7.8424186e-001
 7.8525037e-001
 7.8608137e-001
 7.8675956e-001
 7.8731877e-001
 7.8779691e-001
 7.8823161e-001
 7.8865695e-001
 7.8910005e-001
 7.8958052e-001
 7.9010910e-001
 7.9068857e-001
 7.9131508e-001
 7.9197919e-001
 7.9266798e-001
 7.9336625e-001
 7.9405814e-001
 7.9472858e-001
 7.9536402e-001
 7.9595345e-001
 7.9648846e-001
 7.9696316e-001
 7.9737401e-001
 7.9771882e-001
 7.9799676e-001
 7.9820770e-001
 7.9835260e-001
 7.9843384e-001
 7.9845625e-001
 7.9842788e-001
 7.9836154e-001
 7.9827523e-001
 7.9819238e-001
 7.9814065e-001
 7.9815006e-001
 7.9824936e-001
 7.9846257e-001
 7.9880488e-001
 7.9927969e-001
 7.9987693e-001
 8.0057395e-001
 8.0133688e-001
 8.0212563e-001
 8.0289751e-001
 8.0361307e-001
 8.0424052e-001
 8.0475897e-001
 8.0516124e-001
 8.0545390e-001
 8.0565661e-001
 8.0579942e-001
 8.0591923e-001
 8.0605501e-001
 8.0624348e-001
 8.0651480e-001
 8.0688906e-001
 8.0737394e-001
 8.0796385e-001
 8.0864090e-001
 8.0937648e-001
 8.1015867e-001
 8.1095904e-001
 8.1169784e-001
 8.1233889e-001
 8.1285781e-001
 8.1324512e-001
 8.1350571e-001
 8.1365705e-001
 8.1372529e-001
 8.1374186e-001
 8.1374049e-001
 8.1375480e-001
 8.1381571e-001
 8.1394863e-001
 8.1417036e-001
 8.1448632e-001
 8.1488872e-001
 8.1535673e-001
 8.1585908e-001
 8.1635749e-001
 8.1681216e-001
 8.1718665e-001
 8.1745172e-001
 8.1758839e-001
 8.1758934e-001
 8.1745952e-001
 8.1721610e-001
 8.1688702e-001
 8.1650823e-001
 8.1611902e-001
 8.1575561e-001
 8.1544572e-001
 8.1520540e-001
 8.1503820e-001
 8.1493783e-001
 8.1489104e-001
 8.1488049e-001
 8.1488693e-001
 8.1489140e-001
 8.1487751e-001
 8.1483328e-001
 8.1475288e-001
 8.1463754e-001
 8.1449503e-001
 8.1433719e-001
 8.1417710e-001
 8.1402528e-001
 8.1388807e-001
 8.1376773e-001
 8.1366444e-001
 8.1357896e-001
 8.1351340e-001
 8.1347001e-001
 8.1344891e-001
 8.1344664e-001
 8.1345624e-001
 8.1346875e-001
 8.1347525e-001
 8.1346762e-001
 8.1343865e-001
 8.1338173e-001
 8.1329143e-001
 8.1316495e-001
 8.1300485e-001
 8.1282091e-001
 8.1263202e-001
 8.1246567e-001
 8.1235605e-001
 8.1234032e-001
 8.1245273e-001
 8.1271976e-001
 8.1315506e-001
 8.1375784e-001
 8.1451368e-001
 8.1539863e-001
 8.1638384e-001
 8.1744045e-001
 8.1854320e-001
 8.1966990e-001
 8.2080215e-001
 8.2192266e-001
 8.2301611e-001
 8.2406968e-001
 8.2507378e-001
 8.2602292e-001
 8.2691449e-001
 8.2774740e-001
 8.2852107e-001
 8.2923400e-001
 8.2988429e-001
 8.3047014e-001
 8.3098978e-001
 8.3144248e-001
 8.3182859e-001
 8.3215004e-001
 8.3241081e-001
 8.3261710e-001
 8.3277678e-001
 8.3289868e-001
 8.3299118e-001
 8.3306158e-001
 8.3311528e-001
 8.3315617e-001
 8.3318657e-001
 8.3320826e-001
 8.3322263e-001
 8.3323050e-001
 8.3323234e-001
 8.3322817e-001
 8.3321816e-001
 8.3320349e-001
 8.3318704e-001
 8.3317423e-001
 8.3317196e-001
 8.3318776e-001
 8.3322722e-001
 8.3329296e-001
 8.3338368e-001
 8.3349526e-001
 8.3362305e-001
 8.3376390e-001
 8.3391798e-001
 8.3408850e-001
 8.3428079e-001
 8.3450013e-001
 8.3474982e-001
 8.3503067e-001
 8.3534127e-001
 8.3567876e-001
 8.3603942e-001
 8.3641952e-001
 8.3681440e-001
 8.3721918e-001
 8.3762825e-001
 8.3803546e-001
 8.3843458e-001
 8.3881873e-001
 8.3918113e-001
 8.3951569e-001
 8.3981735e-001
 8.4008360e-001
 8.4031492e-001
 8.4051502e-001
 8.4069014e-001
 8.4084767e-001
 8.4099460e-001
 8.4113640e-001
 8.4127694e-001
 8.4141910e-001
 8.4156567e-001
 8.4171945e-001
 8.4188265e-001
 8.4205645e-001
 8.4224021e-001
 8.4243172e-001
 8.4262747e-001
 8.4282255e-001
 8.4301060e-001
 8.4318399e-001
 8.4333462e-001
 8.4345561e-001
 8.4354299e-001
 8.4359640e-001
 8.4361857e-001
 8.4361368e-001
 8.4358561e-001
 8.4353662e-001
 8.4346712e-001
 8.4337568e-001
 8.4325933e-001
 8.4311402e-001
 8.4293509e-001
 8.4271795e-001
 8.4245926e-001
 8.4215808e-001
 8.4181637e-001
 8.4143871e-001
 8.4103227e-001
 8.4060496e-001
 8.4016508e-001
 8.3972043e-001
 8.3927798e-001
 8.3884418e-001
 8.3842456e-001
 8.3802360e-001
 8.3764404e-001
 8.3728564e-001
 8.3694488e-001
 8.3661491e-001
 8.3628702e-001
 8.3595300e-001
 8.3560681e-001
 8.3524472e-001
 8.3486456e-001
 8.3446401e-001
 8.3403957e-001
 8.3358735e-001
 8.3310372e-001
 8.3258718e-001
 8.3203822e-001
 8.3145940e-001
 8.3085334e-001
 8.3022213e-001
 8.2956547e-001
 8.2888168e-001
 8.2817024e-001
 8.2743382e-001
 8.2668144e-001
 8.2592827e-001
 8.2519507e-001
 8.2450366e-001
 8.2387364e-001
 8.2332045e-001
 8.2285243e-001
 8.2247138e-001
 8.2217371e-001
 8.2195187e-001
 8.2179612e-001
 8.2169539e-001
 8.2163674e-001
 8.2160372e-001
 8.2157600e-001
 8.2153016e-001
 8.2144296e-001
 8.2129556e-001
 8.2107729e-001
 8.2078731e-001
 8.2043356e-001
 8.2003129e-001
 8.1959903e-001
 8.1915653e-001
 8.1872195e-001
 8.1831050e-001
 8.1793255e-001
 8.1759274e-001
 8.1729019e-001
 8.1701875e-001
 8.1676996e-001
 8.1653666e-001
 8.1631559e-001
 8.1610978e-001
 8.1592745e-001
 8.1577998e-001
 8.1567818e-001
 8.1562924e-001
 8.1563520e-001
 8.1569123e-001
 8.1578624e-001
 8.1590307e-001
 8.1602091e-001
 8.1611770e-001
 8.1617236e-001
 8.1616753e-001
 8.1609070e-001
 8.1593513e-001
 8.1570035e-001
 8.1539124e-001
 8.1501633e-001
 8.1458533e-001
 8.1410605e-001
 8.1358355e-001
 8.1302041e-001
 8.1241745e-001
 8.1177545e-001
 8.1109565e-001
 8.1037992e-001
 8.0962980e-001
 8.0884725e-001
 8.0803639e-001
 8.0720323e-001
 8.0635679e-001
 8.0550838e-001
 8.0466932e-001
 8.0384970e-001
 8.0305666e-001
 8.0229384e-001
 8.0155915e-001
 8.0084479e-001
 8.0013818e-001
 7.9942226e-001
 7.9867858e-001
 7.9788947e-001
 7.9703802e-001
 7.9610842e-001
 7.9508615e-001
 7.9395723e-001
 7.9271144e-001
 7.9134321e-001
 7.8985482e-001
 7.8825432e-001
 7.8655547e-001
 7.8477889e-001
 7.8294998e-001
 7.8110099e-001
 7.7927172e-001
 7.7750480e-001
 7.7584243e-001
 7.7431911e-001
 7.7295709e-001
 7.7175927e-001
 7.7070922e-001
 7.6977360e-001
 7.6890695e-001
 7.6806051e-001
 7.6719099e-001
 7.6626509e-001
 7.6526219e-001
 7.6417297e-001
 7.6299363e-001
 7.6172161e-001
 7.6034969e-001
 7.5886327e-001
 7.5723600e-001
 7.5542909e-001
 7.5339448e-001
 7.5107533e-001
 7.4841297e-001
 7.4535578e-001
 7.4186176e-001
 7.3790538e-001
 7.3347723e-001
 7.2858500e-001
 7.2324073e-001
 7.1745527e-001
 7.1123546e-001
 7.0457214e-001
 6.9744575e-001
 6.8983936e-001
 6.8174094e-001
 6.7316258e-001
 6.6416055e-001
 6.5483344e-001
 6.4533275e-001
 6.3585263e-001
 6.2662351e-001
 6.1787415e-001
 6.0981107e-001
 6.0259640e-001
 5.9631556e-001
 5.9097368e-001
 5.8650172e-001
 5.8276355e-001
 5.7958466e-001
 5.7677567e-001
 5.7415885e-001
 5.7158136e-001
 5.6892836e-001
 5.6612939e-001
 5.6315583e-001
 5.6002140e-001
 5.5678177e-001
 5.5352509e-001
 5.5036569e-001
 5.4743439e-001
 5.4485840e-001
 5.4274935e-001
 5.4118985e-001
 5.4022801e-001
 5.3987539e-001
 5.4011458e-001
 5.4090685e-001
 5.4220027e-001
 5.4393440e-001
 5.4603702e-001
 5.4842210e-001
 5.5098218e-001
 5.5358618e-001
 5.5607909e-001
 5.5829424e-001
 5.6006557e-001
 5.6124514e-001
 5.6172502e-001
 5.6145197e-001
 5.6044018e-001
 5.5877531e-001
 5.5661052e-001
 5.5415744e-001
 5.5166495e-001
 5.4939741e-001
 5.4760748e-001
 5.4651129e-001
 5.4626429e-001
 5.4694903e-001
 5.4856986e-001
 5.5106002e-001
 5.5429691e-001
 5.5811960e-001
 5.6235474e-001
 5.6683320e-001
 5.7140499e-001
 5.7594085e-001
 5.8033878e-001
 5.8451587e-001
 5.8840001e-001
 5.9193134e-001
 5.9505862e-001
 5.9774011e-001
 5.9995383e-001
 6.0169977e-001
 6.0300463e-001
 6.0391968e-001
 6.0451710e-001
 6.0487866e-001
 6.0508251e-001
 6.0519058e-001
 6.0523796e-001
 6.0522920e-001
 6.0514241e-001
 6.0494012e-001
 6.0458499e-001
 6.0405517e-001
 6.0335541e-001
 6.0252053e-001
 6.0161215e-001
 6.0070598e-001
 5.9987783e-001
 5.9918970e-001
 5.9867829e-001
 5.9835225e-001
 5.9819525e-001
 5.9817421e-001
 5.9825015e-001
 5.9838843e-001
 5.9856635e-001
 5.9877712e-001
 5.9902948e-001
 5.9934384e-001
 5.9974551e-001
 6.0025585e-001
 6.0088342e-001
 6.0161883e-001
 6.0243261e-001
 6.0327744e-001
 6.0409570e-001
 6.0482740e-001
 6.0541856e-001
 6.0582656e-001
 6.0602421e-001
 6.0599780e-001
 6.0574394e-001
 6.0526407e-001
 6.0455871e-001
 6.0362494e-001
 6.0245359e-001
 6.0103077e-001
 5.9933978e-001
 5.9736651e-001
 5.9510177e-001
 5.9254766e-001
 5.8972520e-001
 5.8667445e-001
 5.8345836e-001
 5.8016479e-001
 5.7689959e-001
 5.7378489e-001
 5.7095653e-001
 5.6855220e-001
 5.6670529e-001
 5.6553030e-001
 5.6510872e-001
 5.6547254e-001
 5.6659561e-001
 5.6838948e-001
 5.7071167e-001
 5.7337868e-001
 5.7618093e-001
 5.7890433e-001
 5.8134460e-001
 5.8332318e-001
 5.8469915e-001
 5.8538353e-001
 5.8534497e-001
 5.8461338e-001
 5.8327770e-001
 5.8147830e-001
 5.7939821e-001
 5.7724714e-001
 5.7524717e-001
 5.7361674e-001
 5.7255030e-001
 5.7220441e-001
 5.7268465e-001
 5.7403833e-001
 5.7625467e-001
 5.7927173e-001
 5.8298433e-001
 5.8726126e-001
 5.9195673e-001
 5.9691751e-001
 6.0199815e-001
 6.0706359e-001
 6.1199784e-001
 6.1670417e-001
 6.2111700e-001
 6.2520111e-001
 6.2894988e-001
 6.3238853e-001
 6.3556463e-001
 6.3853616e-001
 6.4136362e-001
 6.4409530e-001
 6.4675647e-001
 6.4934880e-001
 6.5184927e-001
 6.5421671e-001
 6.5639651e-001
 6.5833133e-001
 6.5996617e-001
 6.6125327e-001
 6.6215962e-001
 6.6266769e-001
 6.6277432e-001
 6.6248792e-001
 6.6182262e-001
 6.6079587e-001
 6.5943104e-001
 6.5776062e-001
 6.5583175e-001
 6.5370923e-001
 6.5146822e-001
 6.4918607e-001
 6.4693165e-001
 6.4474899e-001
 6.4264965e-001
 6.4060533e-001
 6.3855040e-001
 6.3638484e-001
 6.3398683e-001
 6.3122833e-001
 6.2798530e-001
 6.2415308e-001
 6.1966121e-001
 6.1447805e-001
 6.0861897e-001
 6.0215360e-001
 5.9519589e-001
 5.8790541e-001
 5.8047765e-001
 5.7314211e-001
 5.6613910e-001
 5.5970877e-001
 5.5407661e-001
 5.4942489e-001
 5.4588002e-001
 5.4349989e-001
 5.4225957e-001
 5.4205489e-001
 5.4271197e-001
 5.4400653e-001
 5.4569399e-001
 5.4754102e-001
 5.4935306e-001
 5.5099869e-001
 5.5241913e-001
 5.5362517e-001
 5.5468565e-001
 5.5570406e-001
 5.5679220e-001
 5.5804765e-001
 5.5953538e-001
 5.6128037e-001
 5.6326622e-001
 5.6544572e-001
 5.6775039e-001
 5.7009923e-001
 5.7240915e-001
 5.7459629e-001
 5.7657582e-001
 5.7826579e-001
 5.7958734e-001
 5.8046871e-001
 5.8085048e-001
 5.8069271e-001
 5.7998085e-001
 5.7873166e-001
 5.7699400e-001
 5.7484460e-001
 5.7238048e-001
 5.6970251e-001
 5.6690478e-001
 5.6407064e-001
 5.6127030e-001
 5.5857265e-001
 5.5605525e-001
 5.5381501e-001
 5.5196631e-001
 5.5063826e-001
 5.4996383e-001
 5.5006295e-001
 5.5102813e-001
 5.5290735e-001
 5.5569375e-001
 5.5931824e-001
 5.6365120e-001
 5.6850570e-001
 5.7365882e-001
 5.7886958e-001
 5.8389884e-001
 5.8853847e-001
 5.9262359e-001
 5.9603775e-001
 5.9871984e-001
 6.0065603e-001
 6.0187334e-001
 6.0243475e-001
 6.0242879e-001
 6.0195988e-001
 6.0113931e-001
 6.0007668e-001
 5.9887540e-001
 5.9763235e-001
 5.9643507e-001
 5.9536177e-001
 5.9447885e-001
 5.9383464e-001
 5.9345621e-001
 5.9334546e-001
 5.9347814e-001
 5.9380555e-001
 5.9425914e-001
 5.9475529e-001
 5.9520251e-001
 5.9550571e-001
 5.9557027e-001
 5.9530586e-001
 5.9463024e-001
 5.9347767e-001
 5.9180915e-001
 5.8962625e-001
 5.8698225e-001
 5.8398932e-001
 5.8081067e-001
 5.7764912e-001
 5.7473081e-001
 5.7228088e-001
 5.7050699e-001
 5.6958210e-001
 5.6962675e-001
 5.7069945e-001
 5.7279187e-001
 5.7582939e-001
 5.7968295e-001
 5.8418173e-001
 5.8912361e-001
 5.9429568e-001
 5.9948474e-001
 6.0448557e-001
 6.0911983e-001
 6.1324143e-001
 6.1674649e-001
 6.1957312e-001
 6.2170249e-001
 6.2314492e-001
 6.2392700e-001
 6.2408489e-001
 6.2366128e-001
 6.2270939e-001
 6.2129551e-001
 6.1949629e-001
 6.1739630e-001
 6.1508244e-001
 6.1264527e-001
 6.1017674e-001
 6.0776544e-001
 6.0547984e-001
 6.0335696e-001
 6.0139799e-001
 5.9956920e-001
 5.9781504e-001
 5.9607124e-001
 5.9426939e-001
 5.9233987e-001
 5.9020692e-001
 5.8778745e-001
 5.8499247e-001
 5.8174586e-001
 5.7801670e-001
 5.7384241e-001
 5.6933993e-001
 5.6468821e-001
 5.6007481e-001
 5.5564737e-001
 5.5148345e-001
 5.4758072e-001
 5.4388243e-001
 5.4030472e-001
 5.3676480e-001
 5.3319293e-001
 5.2954912e-001
 5.2583897e-001
 5.2211660e-001
 5.1848137e-001
 5.1505983e-001
 5.1197028e-001
 5.0930053e-001
 5.0709122e-001
 5.0533724e-001
 5.0399423e-001
 5.0299650e-001
-1.2300000e+034
