s07_ASD Record=21676: Russian_Olive DW92-4          BECKa AREF
-1.2300000e+034
-1.2300000e+034
-1.2300000e+034
 2.5834246e-002
 2.5828328e-002
 2.5827687e-002
 2.5836645e-002
 2.5859216e-002
 2.5897888e-002
 2.5952620e-002
 2.6020739e-002
 2.6097542e-002
 2.6177265e-002
 2.6253963e-002
 2.6322922e-002
 2.6382590e-002
 2.6435520e-002
 2.6487555e-002
 2.6546134e-002
 2.6618546e-002
 2.6710462e-002
 2.6825076e-002
 2.6963120e-002
 2.7123488e-002
 2.7304146e-002
 2.7502682e-002
 2.7716869e-002
 2.7945856e-002
 2.8191529e-002
 2.8458914e-002
 2.8754404e-002
 2.9083425e-002
 2.9449442e-002
 2.9854693e-002
 3.0298928e-002
 3.0779224e-002
 3.1293482e-002
 3.1842750e-002
 3.2431211e-002
 3.3064388e-002
 3.3747360e-002
 3.4483895e-002
 3.5276983e-002
 3.6130607e-002
 3.7050921e-002
 3.8046487e-002
 3.9126225e-002
 4.0296607e-002
 4.1558556e-002
 4.2906724e-002
 4.4331152e-002
 4.5820661e-002
 4.7366388e-002
 4.8962630e-002
 5.0606549e-002
 5.2296691e-002
 5.4032180e-002
 5.5811301e-002
 5.7632834e-002
 5.9500046e-002
 6.1405152e-002
 6.3323602e-002
 6.5240659e-002
 6.7141995e-002
 6.9004469e-002
 7.0811033e-002
 7.2556525e-002
 7.4240766e-002
 7.5865246e-002
 7.7434428e-002
 7.8954689e-002
 8.0430686e-002
 8.1861079e-002
 8.3238006e-002
 8.4549546e-002
 8.5785702e-002
 8.6943351e-002
 8.8027999e-002
 8.9050315e-002
 9.0020083e-002
 9.0941824e-002
 9.1814019e-002
 9.2632324e-002
 9.3393125e-002
 9.4095774e-002
 9.4742209e-002
 9.5335692e-002
 9.5880352e-002
 9.6381381e-002
 9.6845470e-002
 9.7280093e-002
 9.7692043e-002
 9.8085783e-002
 9.8463118e-002
 9.8824166e-002
 9.9169351e-002
 9.9501312e-002
 9.9825203e-002
 1.0014664e-001
 1.0046758e-001
 1.0078319e-001
 1.0108202e-001
 1.0135033e-001
 1.0157818e-001
 1.0176473e-001
 1.0191959e-001
 1.0205801e-001
 1.0219479e-001
 1.0234156e-001
 1.0250638e-001
 1.0269250e-001
 1.0289526e-001
 1.0310113e-001
 1.0329189e-001
 1.0345317e-001
 1.0358165e-001
 1.0368542e-001
 1.0377630e-001
 1.0386016e-001
 1.0393468e-001
 1.0399746e-001
 1.0405571e-001
 1.0412449e-001
 1.0421336e-001
 1.0431575e-001
 1.0441435e-001
 1.0449834e-001
 1.0457381e-001
 1.0465592e-001
 1.0475167e-001
 1.0485197e-001
 1.0494068e-001
 1.0500821e-001
 1.0505465e-001
 1.0508178e-001
 1.0508842e-001
 1.0507718e-001
 1.0506368e-001
 1.0507373e-001
 1.0512894e-001
 1.0523546e-001
 1.0538476e-001
 1.0556111e-001
 1.0574676e-001
 1.0592496e-001
 1.0608558e-001
 1.0623125e-001
 1.0637660e-001
 1.0653799e-001
 1.0672290e-001
 1.0692874e-001
 1.0715028e-001
 1.0738701e-001
 1.0764624e-001
 1.0794210e-001
 1.0828950e-001
 1.0869396e-001
 1.0914855e-001
 1.0964743e-001
 1.1020454e-001
 1.1085302e-001
 1.1162089e-001
 1.1250804e-001
 1.1349115e-001
 1.1455388e-001
 1.1570978e-001
 1.1699322e-001
 1.1842750e-001
 1.2000374e-001
 1.2169255e-001
 1.2347176e-001
 1.2533908e-001
 1.2729552e-001
 1.2932312e-001
 1.3138272e-001
 1.3343239e-001
 1.3544296e-001
 1.3739887e-001
 1.3929398e-001
 1.4112389e-001
 1.4287350e-001
 1.4450781e-001
 1.4598276e-001
 1.4727655e-001
 1.4841153e-001
 1.4943969e-001
 1.5039845e-001
 1.5127987e-001
 1.5204482e-001
 1.5266643e-001
 1.5315607e-001
 1.5355253e-001
 1.5389740e-001
 1.5422295e-001
 1.5455359e-001
 1.5490380e-001
 1.5526806e-001
 1.5562043e-001
 1.5593590e-001
 1.5621144e-001
 1.5645757e-001
 1.5667064e-001
 1.5682273e-001
 1.5687861e-001
 1.5681259e-001
 1.5660661e-001
 1.5624551e-001
 1.5573430e-001
 1.5512548e-001
 1.5450592e-001
 1.5392427e-001
 1.5333207e-001
 1.5262046e-001
 1.5171872e-001
 1.5064241e-001
 1.4945143e-001
 1.4818519e-001
 1.4684106e-001
 1.4540102e-001
 1.4387296e-001
 1.4230908e-001
 1.4078252e-001
 1.3933720e-001
 1.3796501e-001
 1.3664064e-001
 1.3536863e-001
 1.3417512e-001
 1.3306479e-001
 1.3201861e-001
 1.3103712e-001
 1.3016067e-001
 1.2942585e-001
 1.2880680e-001
 1.2822719e-001
 1.2765196e-001
 1.2713733e-001
 1.2674138e-001
 1.2641209e-001
 1.2603463e-001
 1.2557882e-001
 1.2513264e-001
 1.2479375e-001
 1.2458163e-001
 1.2445335e-001
 1.2436108e-001
 1.2428413e-001
 1.2422685e-001
 1.2419108e-001
 1.2414057e-001
 1.2400388e-001
 1.2373777e-001
 1.2337419e-001
 1.2298368e-001
 1.2261399e-001
 1.2227989e-001
 1.2198366e-001
 1.2171220e-001
 1.2142549e-001
 1.2108393e-001
 1.2069597e-001
 1.2031489e-001
 1.1996724e-001
 1.1961119e-001
 1.1920319e-001
 1.1876373e-001
 1.1832216e-001
 1.1786728e-001
 1.1740573e-001
 1.1697774e-001
 1.1659682e-001
 1.1626638e-001
 1.1602981e-001
 1.1591879e-001
 1.1588579e-001
 1.1585021e-001
 1.1577677e-001
 1.1566322e-001
 1.1551334e-001
 1.1537005e-001
 1.1528292e-001
 1.1521973e-001
 1.1510959e-001
 1.1496467e-001
 1.1485410e-001
 1.1479239e-001
 1.1474504e-001
 1.1468163e-001
 1.1457378e-001
 1.1439920e-001
 1.1418155e-001
 1.1397538e-001
 1.1378177e-001
 1.1352860e-001
 1.1316504e-001
 1.1273943e-001
 1.1236436e-001
 1.1212344e-001
 1.1201186e-001
 1.1194760e-001
 1.1183456e-001
 1.1162530e-001
 1.1134698e-001
 1.1108506e-001
 1.1092751e-001
 1.1088478e-001
 1.1085076e-001
 1.1069065e-001
 1.1039690e-001
 1.1010499e-001
 1.0993087e-001
 1.0985465e-001
 1.0977772e-001
 1.0962849e-001
 1.0939962e-001
 1.0914269e-001
 1.0894690e-001
 1.0886884e-001
 1.0886213e-001
 1.0880772e-001
 1.0864916e-001
 1.0848843e-001
 1.0847226e-001
 1.0860575e-001
 1.0874785e-001
 1.0876212e-001
 1.0862622e-001
 1.0842282e-001
 1.0826260e-001
 1.0821918e-001
 1.0830823e-001
 1.0848789e-001
 1.0866904e-001
 1.0875840e-001
 1.0873435e-001
 1.0869280e-001
 1.0879446e-001
 1.0913838e-001
 1.0967889e-001
 1.1027955e-001
 1.1086490e-001
 1.1152684e-001
 1.1248328e-001
 1.1393882e-001
 1.1598340e-001
 1.1860181e-001
 1.2175327e-001
 1.2543197e-001
 1.2967762e-001
 1.3455661e-001
 1.4013760e-001
 1.4644249e-001
 1.5338069e-001
 1.6075228e-001
 1.6841404e-001
 1.7647921e-001
 1.8509060e-001
 1.9417618e-001
 2.0353267e-001
 2.1303231e-001
 2.2270432e-001
 2.3265825e-001
 2.4295415e-001
 2.5354812e-001
 2.6440114e-001
 2.7557224e-001
 2.8715199e-001
 2.9915097e-001
 3.1149250e-001
 3.2411560e-001
 3.3708856e-001
 3.5055181e-001
 3.6441651e-001
 3.7828088e-001
 3.9186049e-001
 4.0530401e-001
 4.1884038e-001
 4.3239549e-001
 4.4581899e-001
 4.5917520e-001
 4.7254768e-001
 4.8577604e-001
 4.9860078e-001
 5.1093477e-001
 5.2286357e-001
 5.3448194e-001
 5.4576528e-001
 5.5658305e-001
 5.6683856e-001
 5.7657361e-001
 5.8589560e-001
 5.9484822e-001
 6.0338300e-001
 6.1140412e-001
 6.1883187e-001
 6.2564486e-001
 6.3190466e-001
 6.3774592e-001
 6.4328831e-001
 6.4858854e-001
 6.5362847e-001
 6.5830082e-001
 6.6246003e-001
 6.6611719e-001
 6.6949379e-001
 6.7279315e-001
 6.7602837e-001
 6.7904764e-001
 6.8168205e-001
 6.8388021e-001
 6.8571872e-001
 6.8730491e-001
 6.8871653e-001
 6.8999743e-001
 6.9117683e-001
 6.9227511e-001
 6.9330549e-001
 6.9428259e-001
 6.9523150e-001
 6.9618613e-001
 6.9717377e-001
 6.9819450e-001
 6.9921958e-001
 7.0019919e-001
 7.0105839e-001
 7.0171303e-001
 7.0211905e-001
 7.0232093e-001
 7.0246333e-001
 7.0274466e-001
 7.0317018e-001
 7.0376271e-001
 7.0426410e-001
 7.0452583e-001
 7.0459473e-001
 7.0459592e-001
 7.0465475e-001
 7.0487732e-001
 7.0524210e-001
 7.0567608e-001
 7.0610648e-001
 7.0646739e-001
 7.0674026e-001
 7.0692581e-001
 7.0702481e-001
 7.0704132e-001
 7.0700222e-001
 7.0694321e-001
 7.0690042e-001
 7.0690471e-001
 7.0695293e-001
 7.0704222e-001
 7.0712781e-001
 7.0720452e-001
 7.0727509e-001
 7.0736098e-001
 7.0748442e-001
 7.0766759e-001
 7.0793152e-001
 7.0826757e-001
 7.0863771e-001
 7.0900279e-001
 7.0932353e-001
 7.0956212e-001
 7.0970941e-001
 7.0978498e-001
 7.0980936e-001
 7.0980310e-001
 7.0978689e-001
 7.0977384e-001
 7.0977080e-001
 7.0978403e-001
 7.0982009e-001
 7.0988524e-001
 7.0998400e-001
 7.1011329e-001
 7.1026838e-001
 7.1044427e-001
 7.1063632e-001
 7.1083957e-001
 7.1104831e-001
 7.1125329e-001
 7.1144438e-001
 7.1161157e-001
 7.1174467e-001
 7.1183360e-001
 7.1186829e-001
 7.1184528e-001
 7.1178663e-001
 7.1172023e-001
 7.1167409e-001
 7.1167630e-001
 7.1175486e-001
 7.1193773e-001
 7.1225297e-001
 7.1271753e-001
 7.1330673e-001
 7.1398640e-001
 7.1472192e-001
 7.1547890e-001
 7.1622300e-001
 7.1691990e-001
 7.1753514e-001
 7.1804196e-001
 7.1844262e-001
 7.1874607e-001
 7.1896118e-001
 7.1909696e-001
 7.1916211e-001
 7.1916580e-001
 7.1911669e-001
 7.1902406e-001
 7.1889776e-001
 7.1874791e-001
 7.1858448e-001
 7.1841764e-001
 7.1825731e-001
 7.1811360e-001
 7.1799678e-001
 7.1791667e-001
 7.1788347e-001
 7.1790719e-001
 7.1799791e-001
 7.1816111e-001
 7.1838546e-001
 7.1865588e-001
 7.1895719e-001
 7.1927434e-001
 7.1959239e-001
 7.1989590e-001
 7.2017014e-001
 7.2039980e-001
 7.2056979e-001
 7.2066504e-001
 7.2067040e-001
 7.2057694e-001
 7.2039670e-001
 7.2014666e-001
 7.1984392e-001
 7.1950555e-001
 7.1914828e-001
 7.1878934e-001
 7.1844560e-001
 7.1813411e-001
 7.1787184e-001
 7.1767581e-001
 7.1755683e-001
 7.1750486e-001
 7.1750480e-001
 7.1754175e-001
 7.1760064e-001
 7.1766675e-001
 7.1772492e-001
 7.1776038e-001
 7.1775800e-001
 7.1770310e-001
 7.1758461e-001
 7.1740639e-001
 7.1717489e-001
 7.1689695e-001
 7.1657920e-001
 7.1622849e-001
 7.1585125e-001
 7.1545464e-001
 7.1504498e-001
 7.1462911e-001
 7.1421438e-001
 7.1381074e-001
 7.1342850e-001
 7.1307808e-001
 7.1276957e-001
 7.1251380e-001
 7.1232074e-001
 7.1220094e-001
 7.1216458e-001
 7.1222240e-001
 7.1237618e-001
 7.1260083e-001
 7.1286511e-001
 7.1313798e-001
 7.1338832e-001
 7.1358496e-001
 7.1369678e-001
 7.1369272e-001
 7.1354157e-001
 7.1322322e-001
 7.1275324e-001
 7.1215522e-001
 7.1145254e-001
 7.1066839e-001
 7.0982629e-001
 7.0894963e-001
 7.0806158e-001
 7.0718056e-001
 7.0630723e-001
 7.0543915e-001
 7.0457345e-001
 7.0370764e-001
 7.0283896e-001
 7.0196491e-001
 7.0108289e-001
 7.0019245e-001
 6.9930226e-001
 6.9842178e-001
 6.9756138e-001
 6.9673073e-001
 6.9593990e-001
 6.9519877e-001
 6.9451720e-001
 6.9390088e-001
 6.9334173e-001
 6.9282889e-001
 6.9238752e-001
 6.9193649e-001
 6.9149411e-001
 6.9105577e-001
 6.9062078e-001
 6.9019467e-001
 6.8978673e-001
 6.8940824e-001
 6.8907070e-001
 6.8878394e-001
 6.8855321e-001
 6.8837726e-001
 6.8825024e-001
 6.8816429e-001
 6.8811095e-001
 6.8808120e-001
 6.8806505e-001
 6.8805128e-001
 6.8802774e-001
 6.8798232e-001
 6.8790436e-001
 6.8778801e-001
 6.8763578e-001
 6.8745971e-001
 6.8727952e-001
 6.8711841e-001
 6.8699938e-001
 6.8694186e-001
 6.8695879e-001
 6.8705559e-001
 6.8723166e-001
 6.8748266e-001
 6.8780178e-001
 6.8817979e-001
 6.8860424e-001
 6.8905967e-001
 6.8952793e-001
 6.8998981e-001
 6.9042701e-001
 6.9082415e-001
 6.9086742e-001
 6.9115204e-001
 6.9141012e-001
 6.9164449e-001
 6.9186097e-001
 6.9206792e-001
 6.9227540e-001
 6.9249463e-001
 6.9273657e-001
 6.9301093e-001
 6.9332469e-001
 6.9368142e-001
 6.9408077e-001
 6.9451898e-001
 6.9499040e-001
 6.9548935e-001
 6.9601113e-001
 6.9655275e-001
 6.9711256e-001
 6.9768935e-001
 6.9828123e-001
 6.9888401e-001
 6.9949114e-001
 7.0009321e-001
 7.0067841e-001
 7.0123392e-001
 7.0174670e-001
 7.0220631e-001
 7.0260650e-001
 7.0294708e-001
 7.0323414e-001
 7.0347863e-001
 7.0369416e-001
 7.0389479e-001
 7.0409268e-001
 7.0429701e-001
 7.0451283e-001
 7.0474172e-001
 7.0498222e-001
 7.0523131e-001
 7.0548564e-001
 7.0574248e-001
 7.0600039e-001
 7.0625925e-001
 7.0651996e-001
 7.0678401e-001
 7.0705277e-001
 7.0732653e-001
 7.0760459e-001
 7.0788401e-001
 7.0816034e-001
 7.0842719e-001
 7.0867711e-001
 7.0890218e-001
 7.0909518e-001
 7.0925075e-001
 7.0936644e-001
 7.0944369e-001
 7.0948792e-001
 7.0950836e-001
 7.0951694e-001
 7.0952684e-001
 7.0955044e-001
 7.0959777e-001
 7.0967478e-001
 7.0978242e-001
 7.0991653e-001
 7.1006846e-001
 7.1022600e-001
 7.1037531e-001
 7.1050227e-001
 7.1059448e-001
 7.1064240e-001
 7.1064043e-001
 7.1058726e-001
 7.1048588e-001
 7.1034294e-001
 7.1016806e-001
 7.0997250e-001
 7.0976794e-001
 7.0956540e-001
 7.0937383e-001
 7.0919985e-001
 7.0904654e-001
 7.0891440e-001
 7.0880085e-001
 7.0870143e-001
 7.0861071e-001
 7.0852304e-001
 7.0843351e-001
 7.0833880e-001
 7.0823699e-001
 7.0812792e-001
 7.0801228e-001
 7.0789123e-001
 7.0776546e-001
 7.0763445e-001
 7.0749629e-001
 7.0734769e-001
 7.0718437e-001
 7.0700234e-001
 7.0679861e-001
 7.0657235e-001
 7.0632535e-001
 7.0606154e-001
 7.0578665e-001
 7.0550638e-001
 7.0522541e-001
 7.0494610e-001
 7.0466775e-001
 7.0438701e-001
 7.0409876e-001
 7.0379740e-001
 7.0347804e-001
 7.0313710e-001
 7.0277292e-001
 7.0238465e-001
 7.0197129e-001
 7.0153087e-001
 7.0105940e-001
 7.0055091e-001
 6.9999772e-001
 6.9939142e-001
 6.9872427e-001
 6.9798917e-001
 6.9718081e-001
 6.9629490e-001
 6.9532698e-001
 6.9427252e-001
 6.9312525e-001
 6.9187784e-001
 6.9052225e-001
 6.8905026e-001
 6.8745613e-001
 6.8573654e-001
 6.8389297e-001
 6.8193161e-001
 6.7986274e-001
 6.7770094e-001
 6.7546368e-001
 6.7316896e-001
 6.7083621e-001
 6.6848284e-001
 6.6612566e-001
 6.6377991e-001
 6.6145802e-001
 6.5917218e-001
 6.5693235e-001
 6.5474844e-001
 6.5262979e-001
 6.5058440e-001
 6.4862072e-001
 6.4674586e-001
 6.4496660e-001
 6.4328897e-001
 6.4171761e-001
 6.4025694e-001
 6.3890964e-001
 6.3767785e-001
 6.3656223e-001
 6.3556117e-001
 6.3467091e-001
 6.3388449e-001
 6.3319206e-001
 6.3258052e-001
 6.3203400e-001
 6.3153511e-001
 6.3106638e-001
 6.3061112e-001
 6.3015562e-001
 6.2969005e-001
 6.2920922e-001
 6.2871325e-001
 6.2820667e-001
 6.2769824e-001
 6.2719893e-001
 6.2672108e-001
 6.2627620e-001
 6.2587345e-001
 6.2551892e-001
 6.2521416e-001
 6.2495661e-001
 6.2473971e-001
 6.2455380e-001
 6.2438756e-001
 6.2422937e-001
 6.2406904e-001
 6.2389886e-001
 6.2371439e-001
 6.2351495e-001
 6.2330323e-001
 6.2308431e-001
 6.2286508e-001
 6.2265259e-001
 6.2245357e-001
 6.2227345e-001
 6.2211597e-001
 6.2198371e-001
 6.2187803e-001
 6.2179977e-001
 6.2174940e-001
 6.2172765e-001
 6.2173522e-001
 6.2177300e-001
 6.2184191e-001
 6.2194210e-001
 6.2207341e-001
 6.2223452e-001
 6.2242341e-001
 6.2263703e-001
 6.2287170e-001
 6.2312341e-001
 6.2338811e-001
 6.2366223e-001
 6.2394321e-001
 6.2422949e-001
 6.2452114e-001
 6.2481970e-001
 6.2512797e-001
 6.2544966e-001
 6.2578875e-001
 6.2614888e-001
 6.2653232e-001
 6.2693924e-001
 6.2736762e-001
 6.2781245e-001
 6.2826651e-001
 6.2872100e-001
 6.2916642e-001
 6.2959445e-001
 6.2999886e-001
 6.3037711e-001
 6.3073057e-001
 6.3106471e-001
 6.3138801e-001
 6.3170993e-001
 6.3203955e-001
 6.3238275e-001
 6.3274127e-001
 6.3311195e-001
 6.3348734e-001
 6.3385701e-001
 6.3421005e-001
 6.3453686e-001
 6.3483131e-001
 6.3509160e-001
 6.3532013e-001
 6.3552290e-001
 6.3570797e-001
 6.3588405e-001
 6.3605875e-001
 6.3623798e-001
 6.3642532e-001
 6.3662171e-001
 6.3682586e-001
 6.3703430e-001
 6.3724178e-001
 6.3744205e-001
 6.3762784e-001
 6.3779229e-001
 6.3792938e-001
 6.3803524e-001
 6.3810879e-001
 6.3815188e-001
 6.3816911e-001
 6.3816679e-001
 6.3815147e-001
 6.3812828e-001
 6.3809961e-001
 6.3806432e-001
 6.3801795e-001
 6.3795370e-001
 6.3786381e-001
 6.3774127e-001
 6.3758135e-001
 6.3738215e-001
 6.3714486e-001
 6.3687336e-001
 6.3657296e-001
 6.3624978e-001
 6.3590926e-001
 6.3555622e-001
 6.3519406e-001
 6.3482475e-001
 6.3444912e-001
 6.3406599e-001
 6.3367283e-001
 6.3326520e-001
 6.3283694e-001
 6.3238096e-001
 6.3188952e-001
 6.3135558e-001
 6.3077402e-001
 6.3014197e-001
 6.2945968e-001
 6.2872952e-001
 6.2795579e-001
 6.2714332e-001
 6.2629592e-001
 6.2541670e-001
 6.2450665e-001
 6.2356585e-001
 6.2259406e-001
 6.2159050e-001
 6.2055564e-001
 6.1948955e-001
 6.1839265e-001
 6.1726421e-001
 6.1610109e-001
 6.1489832e-001
 6.1364806e-001
 6.1234158e-001
 6.1096984e-001
 6.0952485e-001
 6.0800183e-001
 6.0639971e-001
 6.0472071e-001
 6.0297137e-001
 6.0115987e-001
 5.9929621e-001
 5.9739029e-001
 5.9545010e-001
 5.9348243e-001
 5.9149098e-001
 5.8947790e-001
 5.8744347e-001
 5.8538610e-001
 5.8330482e-001
 5.8119786e-001
 5.7906508e-001
 5.7690758e-001
 5.7472694e-001
 5.7252717e-001
 5.7031220e-001
 5.6808734e-001
 5.6585795e-001
 5.6362832e-001
 5.6140321e-001
 5.5918658e-001
 5.5698127e-001
 5.5479115e-001
 5.5261964e-001
 5.5047160e-001
 5.4835314e-001
 5.4627049e-001
 5.4423159e-001
 5.4224294e-001
 5.4031050e-001
 5.3843760e-001
 5.3662354e-001
 5.3486425e-001
 5.3315073e-001
 5.3147107e-001
 5.2981055e-001
 5.2815282e-001
 5.2648270e-001
 5.2478623e-001
 5.2305275e-001
 5.2127475e-001
 5.1944655e-001
 5.1756465e-001
 5.1562423e-001
 5.1361883e-001
 5.1153892e-001
 5.0937015e-001
 5.0709563e-001
 5.0469601e-001
 5.0215042e-001
 4.9943981e-001
 4.9654537e-001
 4.9345112e-001
 4.9014241e-001
 4.8660371e-001
 4.8282051e-001
 4.7877553e-001
 4.7445223e-001
 4.6983498e-001
 4.6490920e-001
 4.5966759e-001
 4.5410764e-001
 4.4823697e-001
 4.4207206e-001
 4.3563485e-001
 4.2895624e-001
 4.2206740e-001
 4.1500279e-001
 4.0779537e-001
 4.0047258e-001
 3.9306065e-001
 3.8558245e-001
 3.7805587e-001
 3.7050197e-001
 3.6293933e-001
 3.5539210e-001
 3.4788787e-001
 3.4045514e-001
 3.3312854e-001
 3.2594037e-001
 3.1892481e-001
 3.1211367e-001
 3.0553249e-001
 2.9920551e-001
 2.9314905e-001
 2.8737694e-001
 2.8189853e-001
 2.7671722e-001
 2.7183530e-001
 2.6724911e-001
 2.6295346e-001
 2.5893992e-001
 2.5519583e-001
 2.5170800e-001
 2.4845983e-001
 2.4543492e-001
 2.4261642e-001
 2.3998663e-001
 2.3752953e-001
 2.3522995e-001
 2.3307304e-001
 2.3104626e-001
 2.2913751e-001
 2.2733687e-001
 2.2563599e-001
 2.2402740e-001
 2.2250576e-001
 2.2106607e-001
 2.1970457e-001
 2.1841781e-001
 2.1720199e-001
 2.1605392e-001
 2.1496995e-001
 2.1394716e-001
 2.1298322e-001
 2.1207611e-001
 2.1122502e-001
 2.1042907e-001
 2.0968778e-001
 2.0900021e-001
 2.0836465e-001
 2.0777902e-001
 2.0724103e-001
 2.0674852e-001
 2.0630050e-001
 2.0589699e-001
 2.0553936e-001
 2.0522967e-001
 2.0496964e-001
 2.0476000e-001
 2.0459938e-001
 2.0448430e-001
 2.0440938e-001
 2.0436834e-001
 2.0435534e-001
 2.0436634e-001
 2.0440005e-001
 2.0445825e-001
 2.0454550e-001
 2.0466797e-001
 2.0483212e-001
 2.0504314e-001
 2.0530391e-001
 2.0561452e-001
 2.0597231e-001
 2.0637283e-001
 2.0681120e-001
 2.0728342e-001
 2.0778790e-001
 2.0832604e-001
 2.0890234e-001
 2.0952399e-001
 2.1019897e-001
 2.1093489e-001
 2.1173677e-001
 2.1260582e-001
 2.1353933e-001
 2.1453020e-001
 2.1556894e-001
 2.1664460e-001
 2.1774676e-001
 2.1886747e-001
 2.2000113e-001
 2.2114569e-001
 2.2230116e-001
 2.2346903e-001
 2.2465183e-001
 2.2585110e-001
 2.2706829e-001
 2.2830345e-001
 2.2955595e-001
 2.3082526e-001
 2.3211028e-001
 2.3341005e-001
 2.3472427e-001
 2.3605230e-001
 2.3739442e-001
 2.3875087e-001
 2.4012242e-001
 2.4151097e-001
 2.4291834e-001
 2.4434735e-001
 2.4580012e-001
 2.4727795e-001
 2.4878120e-001
 2.5030774e-001
 2.5185424e-001
 2.5341555e-001
 2.5498596e-001
 2.5656086e-001
 2.5813654e-001
 2.5971222e-001
 2.6128912e-001
 2.6287046e-001
 2.6446116e-001
 2.6606569e-001
 2.6768732e-001
 2.6932782e-001
 2.7098560e-001
 2.7265707e-001
 2.7433580e-001
 2.7601421e-001
 2.7768528e-001
 2.7934241e-001
 2.8098154e-001
 2.8260013e-001
 2.8419766e-001
 2.8577602e-001
 2.8733814e-001
 2.8888878e-001
 2.9043263e-001
 2.9197389e-001
 2.9351619e-001
 2.9506081e-001
 2.9660824e-001
 2.9815719e-001
 2.9970583e-001
 3.0125287e-001
 3.0279693e-001
 3.0433798e-001
 3.0587608e-001
 3.0741167e-001
 3.0894569e-001
 3.1047836e-001
 3.1200936e-001
 3.1353822e-001
 3.1506294e-001
 3.1658152e-001
 3.1809077e-001
 3.1958708e-001
 3.2106727e-001
 3.2252774e-001
 3.2396606e-001
 3.2538015e-001
 3.2676902e-001
 3.2813323e-001
 3.2947350e-001
 3.3079186e-001
 3.3209005e-001
 3.3337000e-001
 3.3463380e-001
 3.3588263e-001
 3.3711815e-001
 3.3834121e-001
 3.3955276e-001
 3.4075418e-001
 3.4194687e-001
 3.4313262e-001
 3.4431425e-001
 3.4549430e-001
 3.4667605e-001
 3.4786209e-001
 3.4905437e-001
 3.5025421e-001
 3.5146129e-001
 3.5267463e-001
 3.5389188e-001
 3.5510999e-001
 3.5632586e-001
 3.5753563e-001
 3.5873604e-001
 3.5992354e-001
 3.6109492e-001
 3.6224788e-001
 3.6338025e-001
 3.6449105e-001
 3.6557972e-001
 3.6664659e-001
 3.6769310e-001
 3.6872104e-001
 3.6973283e-001
 3.7073165e-001
 3.7172049e-001
 3.7270290e-001
 3.7368193e-001
 3.7466025e-001
 3.7564039e-001
 3.7662357e-001
 3.7761050e-001
 3.7860039e-001
 3.7959129e-001
 3.8058037e-001
 3.8156348e-001
 3.8253632e-001
 3.8349408e-001
 3.8443229e-001
 3.8534772e-001
 3.8623786e-001
 3.8710216e-001
 3.8794124e-001
 3.8875714e-001
 3.8955328e-001
 3.9033344e-001
 3.9110202e-001
 3.9186293e-001
 3.9261964e-001
 3.9337504e-001
 3.9413068e-001
 3.9488700e-001
 3.9564353e-001
 3.9639822e-001
 3.9714834e-001
 3.9789006e-001
 3.9861903e-001
 3.9933097e-001
 4.0002170e-001
 4.0068814e-001
 4.0132821e-001
 4.0194157e-001
 4.0252972e-001
 4.0309569e-001
 4.0364414e-001
 4.0418056e-001
 4.0471077e-001
 4.0524074e-001
 4.0577540e-001
 4.0631893e-001
 4.0687388e-001
 4.0744138e-001
 4.0802121e-001
 4.0861169e-001
 4.0920994e-001
 4.0981233e-001
 4.1041443e-001
 4.1101161e-001
 4.1159913e-001
 4.1217244e-001
 4.1272780e-001
 4.1326207e-001
 4.1377312e-001
 4.1425958e-001
 4.1472062e-001
 4.1515592e-001
 4.1556466e-001
 4.1594547e-001
 4.1629568e-001
 4.1661111e-001
 4.1688651e-001
 4.1711572e-001
 4.1729268e-001
 4.1741228e-001
 4.1747132e-001
 4.1746944e-001
 4.1740948e-001
 4.1729748e-001
 4.1714278e-001
 4.1695747e-001
 4.1675541e-001
 4.1655052e-001
 4.1635519e-001
 4.1617841e-001
 4.1602427e-001
 4.1589129e-001
 4.1577262e-001
 4.1565692e-001
 4.1553032e-001
 4.1537875e-001
 4.1519004e-001
 4.1495627e-001
 4.1467485e-001
 4.1434827e-001
 4.1398376e-001
 4.1359144e-001
 4.1318318e-001
 4.1277099e-001
 4.1236565e-001
 4.1197628e-001
 4.1160956e-001
 4.1126978e-001
 4.1095889e-001
 4.1067639e-001
 4.1042012e-001
 4.1018626e-001
 4.0996972e-001
 4.0976447e-001
 4.0956369e-001
 4.0936020e-001
 4.0914661e-001
 4.0891570e-001
 4.0866083e-001
 4.0837610e-001
 4.0805694e-001
 4.0770003e-001
 4.0730339e-001
 4.0686661e-001
 4.0639016e-001
 4.0587571e-001
 4.0532547e-001
 4.0474188e-001
 4.0412760e-001
 4.0348497e-001
 4.0281639e-001
 4.0212405e-001
 4.0140978e-001
 4.0067577e-001
 3.9992446e-001
 3.9915842e-001
 3.9838114e-001
 3.9759657e-001
 3.9680949e-001
 3.9602539e-001
 3.9524984e-001
 3.9448893e-001
 3.9374831e-001
 3.9303330e-001
 3.9234850e-001
 3.9169732e-001
 3.9108226e-001
 3.9050439e-001
 3.8996384e-001
 3.8945952e-001
 3.8898909e-001
 3.8854942e-001
 3.8813609e-001
 3.8774392e-001
 3.8736680e-001
 3.8699773e-001
 3.8662937e-001
 3.8625371e-001
 3.8586289e-001
 3.8544911e-001
 3.8500476e-001
 3.8452300e-001
 3.8399765e-001
 3.8342330e-001
 3.8279572e-001
 3.8211167e-001
 3.8136956e-001
 3.8056937e-001
 3.7971258e-001
 3.7880298e-001
 3.7784582e-001
 3.7684828e-001
 3.7581906e-001
 3.7476745e-001
 3.7370375e-001
 3.7263790e-001
 3.7157983e-001
 3.7053886e-001
 3.6952305e-001
 3.6853984e-001
 3.6759511e-001
 3.6669371e-001
 3.6583906e-001
 3.6503288e-001
 3.6427549e-001
 3.6356568e-001
 3.6290061e-001
 3.6227658e-001
 3.6168915e-001
 3.6113402e-001
 3.6060783e-001
 3.6010844e-001
 3.5963592e-001
 3.5919264e-001
 3.5878330e-001
 3.5841462e-001
 3.5809410e-001
 3.5782921e-001
 3.5762548e-001
 3.5748526e-001
 3.5740623e-001
 3.5738045e-001
 3.5739475e-001
 3.5743192e-001
 3.5747245e-001
 3.5749647e-001
 3.5748583e-001
 3.5742569e-001
 3.5730585e-001
 3.5712123e-001
 3.5687217e-001
 3.5656521e-001
 3.5621288e-001
 3.5583305e-001
 3.5544714e-001
 3.5507834e-001
 3.5474882e-001
 3.5447738e-001
 3.5427710e-001
 3.5415420e-001
 3.5410801e-001
 3.5406464e-001
 3.5416487e-001
 3.5431057e-001
 3.5448626e-001
 3.5467750e-001
 3.5487193e-001
 3.5505995e-001
 3.5523450e-001
 3.5539061e-001
 3.5552430e-001
 3.5563219e-001
 3.5571125e-001
 3.5575899e-001
 3.5577381e-001
 3.5575548e-001
 3.5570553e-001
 3.5562718e-001
 3.5552552e-001
 3.5540673e-001
 3.5527793e-001
 3.5514650e-001
 3.5501972e-001
 3.5490432e-001
 3.5480568e-001
 3.5472685e-001
 3.5466778e-001
 3.5462481e-001
 3.5459104e-001
 3.5455725e-001
 3.5451281e-001
 3.5444647e-001
 3.5434669e-001
 3.5420224e-001
 3.5400212e-001
 3.5373601e-001
 3.5339466e-001
 3.5296959e-001
 3.5245329e-001
 3.5183907e-001
 3.5112032e-001
 3.5029113e-001
 3.4934527e-001
 3.4827730e-001
 3.4708261e-001
 3.4575737e-001
 3.4430009e-001
 3.4271047e-001
 3.4099048e-001
 3.3914343e-001
 3.3717257e-001
 3.3508244e-001
 3.3287644e-001
 3.3055788e-001
 3.2812861e-001
 3.2558680e-001
 3.2292828e-001
 3.2014349e-001
 3.1722024e-001
 3.1414372e-001
 3.1089634e-001
 3.0746150e-001
 3.0382127e-001
 2.9996023e-001
 2.9586586e-001
 2.9152909e-001
 2.8694874e-001
 2.8213108e-001
 2.7708706e-001
 2.7183485e-001
 2.6639310e-001
 2.6078373e-001
 2.5502935e-001
 2.4915075e-001
 2.4317181e-001
 2.3711391e-001
 2.3100105e-001
 2.2485769e-001
 2.1870661e-001
 2.1257381e-001
 2.0648262e-001
 2.0045851e-001
 1.9452679e-001
 1.8871018e-001
 1.8303315e-001
 1.7751569e-001
 1.7217745e-001
 1.6703548e-001
 1.6210265e-001
 1.5739191e-001
 1.5291502e-001
 1.4868149e-001
 1.4470230e-001
 1.4098531e-001
 1.3753751e-001
 1.3436203e-001
 1.3145579e-001
 1.2881164e-001
 1.2641594e-001
 1.2425233e-001
 1.2230208e-001
 1.2054480e-001
 1.1896073e-001
 1.1752979e-001
 1.1623363e-001
 1.1505587e-001
 1.1398244e-001
 1.1300282e-001
 1.1210877e-001
 1.1129438e-001
 1.1055494e-001
 1.0988606e-001
 1.0928386e-001
 1.0874415e-001
 1.0826276e-001
 1.0783514e-001
 1.0745609e-001
 1.0712001e-001
 1.0682084e-001
 1.0655200e-001
 1.0630689e-001
 1.0607871e-001
 1.0586089e-001
 1.0564727e-001
 1.0543252e-001
 1.0521287e-001
 1.0498646e-001
 1.0475372e-001
 1.0451709e-001
 1.0428040e-001
 1.0404849e-001
 1.0382649e-001
 1.0361972e-001
 1.0343346e-001
 1.0327259e-001
 1.0314161e-001
 1.0304433e-001
 1.0298385e-001
 1.0296259e-001
 1.0298252e-001
 1.0304529e-001
 1.0315233e-001
 1.0330494e-001
 1.0350394e-001
 1.0374945e-001
 1.0404031e-001
 1.0437361e-001
 1.0474467e-001
 1.0514695e-001
 1.0557282e-001
 1.0601377e-001
 1.0646101e-001
 1.0690589e-001
 1.0734003e-001
 1.0775619e-001
 1.0814861e-001
 1.0851371e-001
 1.0885049e-001
 1.0915995e-001
 1.0944488e-001
 1.0970892e-001
 1.0995620e-001
 1.1019112e-001
 1.1041798e-001
 1.1064104e-001
 1.1086449e-001
 1.1109222e-001
 1.1132800e-001
 1.1157532e-001
 1.1183755e-001
 1.1211801e-001
 1.1241986e-001
 1.1274625e-001
 1.1309996e-001
 1.1348327e-001
 1.1389770e-001
 1.1434346e-001
 1.1481962e-001
 1.1532397e-001
 1.1585340e-001
 1.1640449e-001
 1.1697332e-001
 1.1755616e-001
 1.1814915e-001
 1.1874856e-001
 1.1935119e-001
 1.1995392e-001
 1.2055437e-001
 1.2115032e-001
 1.2173988e-001
 1.2232152e-001
 1.2289362e-001
 1.2345473e-001
 1.2400392e-001
 1.2454060e-001
 1.2506545e-001
 1.2558031e-001
 1.2608859e-001
 1.2659520e-001
 1.2710583e-001
 1.2762702e-001
 1.2816523e-001
 1.2872708e-001
 1.2931801e-001
 1.2994234e-001
 1.3060185e-001
 1.3129446e-001
 1.3201468e-001
 1.3275343e-001
 1.3349932e-001
 1.3423890e-001
 1.3495862e-001
 1.3564520e-001
 1.3628584e-001
 1.3687073e-001
 1.3739401e-001
 1.3785493e-001
 1.3825919e-001
 1.3861781e-001
 1.3894597e-001
 1.3926093e-001
 1.3958126e-001
 1.3992539e-001
 1.4031027e-001
 1.4075021e-001
 1.4125483e-001
 1.4182675e-001
 1.4246184e-001
 1.4314945e-001
 1.4387363e-001
 1.4461608e-001
 1.4535710e-001
 1.4607720e-001
 1.4675754e-001
 1.4738271e-001
 1.4794201e-001
 1.4843088e-001
 1.4885244e-001
 1.4921620e-001
 1.4953627e-001
 1.4982985e-001
 1.5011533e-001
 1.5041128e-001
 1.5073505e-001
 1.5110190e-001
 1.5152314e-001
 1.5200441e-001
 1.5254568e-001
 1.5314160e-001
 1.5378244e-001
 1.5445653e-001
 1.5515114e-001
 1.5585288e-001
 1.5654945e-001
 1.5722990e-001
 1.5788591e-001
 1.5851218e-001
 1.5910767e-001
 1.5967476e-001
 1.6021797e-001
 1.6074374e-001
 1.6125917e-001
 1.6177115e-001
 1.6228656e-001
 1.6281138e-001
 1.6335022e-001
 1.6390537e-001
 1.6447729e-001
 1.6506453e-001
 1.6566375e-001
 1.6627118e-001
 1.6688266e-001
 1.6749361e-001
 1.6810021e-001
 1.6869934e-001
 1.6928937e-001
 1.6987011e-001
 1.7044386e-001
 1.7101480e-001
 1.7158803e-001
 1.7216989e-001
 1.7276706e-001
 1.7338565e-001
 1.7403165e-001
 1.7470971e-001
 1.7542182e-001
 1.7616743e-001
 1.7694256e-001
 1.7774038e-001
 1.7855133e-001
 1.7936508e-001
 1.8017082e-001
 1.8095721e-001
 1.8171439e-001
 1.8243428e-001
 1.8311143e-001
 1.8374516e-001
 1.8433926e-001
 1.8490189e-001
 1.8544395e-001
 1.8597856e-001
 1.8651961e-001
 1.8708050e-001
 1.8767396e-001
 1.8831035e-001
 1.8899566e-001
 1.8973088e-001
 1.9051106e-001
 1.9132531e-001
 1.9215928e-001
 1.9299614e-001
 1.9381823e-001
 1.9460733e-001
 1.9534707e-001
 1.9602370e-001
 1.9662759e-001
 1.9715571e-001
 1.9761190e-001
 1.9800578e-001
 1.9835193e-001
 1.9866750e-001
 1.9897084e-001
 1.9928019e-001
 1.9961290e-001
 1.9998388e-001
 2.0040348e-001
 2.0087665e-001
 2.0140202e-001
 2.0197210e-001
 2.0257550e-001
 2.0319846e-001
 2.0382559e-001
 2.0444191e-001
 2.0503327e-001
 2.0558786e-001
 2.0609728e-001
 2.0655864e-001
 2.0697473e-001
 2.0735317e-001
 2.0770566e-001
 2.0804611e-001
 2.0838916e-001
 2.0874965e-001
 2.0914125e-001
 2.0957530e-001
 2.1005867e-001
 2.1059294e-001
 2.1117347e-001
 2.1178964e-001
 2.1242705e-001
 2.1306887e-001
 2.1369679e-001
 2.1429282e-001
 2.1483995e-001
 2.1532293e-001
 2.1573067e-001
 2.1605691e-001
 2.1630111e-001
 2.1646753e-001
 2.1656436e-001
 2.1660197e-001
 2.1659173e-001
 2.1654551e-001
 2.1647500e-001
 2.1639168e-001
 2.1630637e-001
 2.1622911e-001
 2.1616895e-001
 2.1613422e-001
 2.1613255e-001
 2.1617125e-001
 2.1625732e-001
 2.1639745e-001
 2.1659777e-001
 2.1686301e-001
 2.1719594e-001
 2.1759661e-001
 2.1806166e-001
 2.1858518e-001
 2.1915916e-001
 2.1977444e-001
 2.2042085e-001
 2.2108850e-001
 2.2176760e-001
 2.2244820e-001
 2.2312139e-001
 2.2377911e-001
 2.2441366e-001
 2.2501865e-001
 2.2558808e-001
 2.2611645e-001
 2.2659814e-001
 2.2702821e-001
 2.2740215e-001
 2.2771628e-001
 2.2796892e-001
 2.2816068e-001
 2.2829463e-001
 2.2837634e-001
 2.2841308e-001
 2.2841311e-001
 2.2838521e-001
 2.2833827e-001
 2.2828105e-001
 2.2822192e-001
 2.2816853e-001
 2.2812760e-001
 2.2810481e-001
 2.2810492e-001
 2.2813194e-001
 2.2818944e-001
 2.2828072e-001
 2.2840865e-001
 2.2857533e-001
 2.2878112e-001
 2.2902377e-001
 2.2929747e-001
 2.2959214e-001
 2.2989427e-001
 2.3018767e-001
 2.3045437e-001
 2.3067603e-001
 2.3083456e-001
 2.3091330e-001
 2.3089869e-001
 2.3078251e-001
 2.3056358e-001
 2.3024878e-001
 2.2985196e-001
 2.2939219e-001
 2.2889192e-001
 2.2837460e-001
 2.2786345e-001
 2.2738020e-001
 2.2694209e-001
 2.2655953e-001
 2.2623345e-001
 2.2595452e-001
 2.2570378e-001
 2.2545534e-001
 2.2517943e-001
 2.2484444e-001
 2.2441913e-001
 2.2387537e-001
 2.2319102e-001
 2.2235444e-001
 2.2136796e-001
 2.2025035e-001
 2.1903388e-001
 2.1776116e-001
 2.1648192e-001
 2.1524756e-001
 2.1410912e-001
 2.1311501e-001
 2.1230492e-001
 2.1170543e-001
 2.1132556e-001
 2.1115395e-001
 2.1116143e-001
 2.1130565e-001
 2.1153623e-001
 2.1179941e-001
 2.1204114e-001
 2.1220987e-001
 2.1226054e-001
 2.1215872e-001
 2.1188463e-001
 2.1143451e-001
 2.1081921e-001
 2.1006010e-001
 2.0918553e-001
 2.0822635e-001
 2.0721419e-001
 2.0618072e-001
 2.0515478e-001
 2.0416154e-001
 2.0322193e-001
 2.0235062e-001
 2.0155729e-001
 2.0084858e-001
 2.0022821e-001
 1.9969891e-001
 1.9926232e-001
 1.9891904e-001
 1.9866674e-001
 1.9849892e-001
 1.9840348e-001
 1.9836181e-001
 1.9834964e-001
 1.9833848e-001
 1.9829734e-001
 1.9819432e-001
 1.9799790e-001
 1.9767879e-001
 1.9721226e-001
 1.9658126e-001
 1.9577976e-001
 1.9481301e-001
 1.9369671e-001
 1.9245513e-001
 1.9111647e-001
 1.8971102e-001
 1.8827061e-001
 1.8682556e-001
 1.8540472e-001
 1.8403369e-001
 1.8273501e-001
 1.8152572e-001
 1.8041888e-001
 1.7942536e-001
 1.7855336e-001
 1.7781012e-001
 1.7720249e-001
 1.7673525e-001
 1.7641047e-001
 1.7622544e-001
 1.7617108e-001
 1.7623106e-001
 1.7638268e-001
 1.7659837e-001
 1.7684788e-001
 1.7709981e-001
 1.7732276e-001
 1.7748709e-001
 1.7756678e-001
 1.7754185e-001
 1.7740063e-001
 1.7714059e-001
 1.7676738e-001
 1.7629300e-001
 1.7573290e-001
 1.7510411e-001
 1.7442457e-001
 1.7371120e-001
 1.7297935e-001
 1.7224231e-001
 1.7150921e-001
 1.7078538e-001
 1.7007242e-001
 1.6936974e-001
 1.6867474e-001
 1.6798405e-001
 1.6729476e-001
 1.6660379e-001
 1.6590913e-001
 1.6521093e-001
 1.6451116e-001
 1.6381451e-001
 1.6312788e-001
 1.6246037e-001
 1.6182162e-001
 1.6122171e-001
 1.6067103e-001
 1.6017856e-001
 1.5975139e-001
 1.5939346e-001
 1.5910375e-001
 1.5887606e-001
 1.5869980e-001
 1.5856105e-001
 1.5844426e-001
 1.5833317e-001
 1.5821175e-001
 1.5806498e-001
 1.5787974e-001
 1.5764624e-001
 1.5735862e-001
 1.5701564e-001
 1.5662058e-001
 1.5617980e-001
 1.5570194e-001
 1.5519643e-001
 1.5467340e-001
 1.5414253e-001
 1.5361325e-001
 1.5309516e-001
 1.5261410e-001
 1.5225895e-001
 1.5182051e-001
 1.5140890e-001
 1.5102258e-001
 1.5066010e-001
 1.5031998e-001
 1.5000094e-001
 1.4970146e-001
 1.4942010e-001
 1.4915545e-001
 1.4890589e-001
 1.4866863e-001
 1.4844005e-001
 1.4821655e-001
 1.4799450e-001
 1.4777040e-001
 1.4754063e-001
 1.4730158e-001
 1.4704959e-001
 1.4678122e-001
 1.4649279e-001
 1.4618073e-001
 1.4584135e-001
 1.4547125e-001
 1.4506716e-001
 1.4462984e-001
 1.4416212e-001
 1.4366677e-001
 1.4314686e-001
 1.4260517e-001
 1.4204451e-001
 1.4146769e-001
 1.4087778e-001
 1.4027752e-001
 1.3966979e-001
 1.3905729e-001
 1.3844319e-001
 1.3783021e-001
 1.3722119e-001
 1.3661902e-001
 1.3602640e-001
 1.3544650e-001
 1.3488181e-001
 1.3433278e-001
 1.3379860e-001
 1.3327894e-001
 1.3277300e-001
 1.3228007e-001
 1.3179941e-001
 1.3133062e-001
 1.3087289e-001
 1.3042557e-001
 1.2998800e-001
 1.2955944e-001
 1.2913941e-001
 1.2872717e-001
 1.2832204e-001
 1.2792328e-001
 1.2753043e-001
 1.2714271e-001
 1.2675950e-001
 1.2638003e-001
 1.2600380e-001
 1.2563011e-001
 1.2525831e-001
 1.2488803e-001
 1.2451933e-001
 1.2415201e-001
 1.2378597e-001
 1.2342107e-001
 1.2305710e-001
 1.2269416e-001
 1.2233202e-001
 1.2197056e-001
 1.2160960e-001
 1.2124920e-001
 1.2088913e-001
 1.2052928e-001
 1.2016947e-001
 1.1980975e-001
 1.1944992e-001
 1.1908986e-001
 1.1872946e-001
 1.1836851e-001
 1.1800707e-001
 1.1764495e-001
 1.1728203e-001
 1.1691811e-001
 1.1655323e-001
 1.1618721e-001
 1.1581999e-001
 1.1545183e-001
 1.1508346e-001
 1.1471538e-001
 1.1434816e-001
 1.1398235e-001
 1.1361844e-001
 1.1325718e-001
 1.1289904e-001
 1.1254460e-001
 1.1219433e-001
 1.1184899e-001
 1.1150903e-001
 1.1117504e-001
 1.1084752e-001
 1.1052717e-001
 1.1021449e-001
 1.0991006e-001
 1.0961435e-001
 1.0932811e-001
 1.0905181e-001
 1.0878601e-001
 1.0853129e-001
 1.0828818e-001
 1.0805734e-001
 1.0783928e-001
 1.0763458e-001
 1.0744376e-001
 1.0726747e-001
 1.0710624e-001
 1.0696055e-001
 1.0683005e-001
 1.0671413e-001
 1.0661209e-001
