s07_ASD Record=9030: Phlogopite GDS20 fine fr      BECKb AREF
 2.1770070e-001
 2.1991159e-001
 2.2216782e-001
 2.2441171e-001
 2.2659411e-001
 2.2868973e-001
 2.3069979e-001
 2.3264152e-001
 2.3453601e-001
 2.3639873e-001
 2.3823653e-001
 2.4004878e-001
 2.4183097e-001
 2.4357758e-001
 2.4528569e-001
 2.4695790e-001
 2.4860144e-001
 2.5022498e-001
 2.5183481e-001
 2.5343293e-001
 2.5501686e-001
 2.5658154e-001
 2.5812304e-001
 2.5964159e-001
 2.6114300e-001
 2.6263776e-001
 2.6413760e-001
 2.6564753e-001
 2.6715985e-001
 2.6865569e-001
 2.7011260e-001
 2.7151299e-001
 2.7284646e-001
 2.7410841e-001
 2.7530172e-001
 2.7643672e-001
 2.7752507e-001
 2.7857566e-001
 2.7959448e-001
 2.8058451e-001
 2.8154555e-001
 2.8247279e-001
 2.8335696e-001
 2.8418696e-001
 2.8495401e-001
 2.8565633e-001
 2.8629974e-001
 2.8689408e-001
 2.8744680e-001
 2.8795829e-001
 2.8842276e-001
 2.8883526e-001
 2.8920069e-001
 2.8953776e-001
 2.8987473e-001
 2.9023990e-001
 2.9065147e-001
 2.9111135e-001
 2.9161057e-001
 2.9213423e-001
 2.9265097e-001
 2.9313630e-001
 2.9358101e-001
 2.9397386e-001
 2.9430649e-001
 2.9459503e-001
 2.9486489e-001
 2.9513714e-001
 2.9542869e-001
 2.9575223e-001
 2.9611307e-001
 2.9650545e-001
 2.9691219e-001
 2.9730934e-001
 2.9767528e-001
 2.9800150e-001
 2.9829845e-001
 2.9859185e-001
 2.9891014e-001
 2.9927099e-001
 2.9967609e-001
 3.0011642e-001
 3.0058277e-001
 3.0107161e-001
 3.0158180e-001
 3.0210614e-001
 3.0262777e-001
 3.0312645e-001
 3.0359074e-001
 3.0402589e-001
 3.0445042e-001
 3.0488464e-001
 3.0533910e-001
 3.0581218e-001
 3.0629569e-001
 3.0678228e-001
 3.0726892e-001
 3.0775440e-001
 3.0823490e-001
 3.0870351e-001
 3.0915564e-001
 3.0959648e-001
 3.1004342e-001
 3.1052202e-001
 3.1105521e-001
 3.1165040e-001
 3.1229454e-001
 3.1296206e-001
 3.1362903e-001
 3.1428429e-001
 3.1493026e-001
 3.1557333e-001
 3.1621292e-001
 3.1683719e-001
 3.1743008e-001
 3.1798396e-001
 3.1850985e-001
 3.1903732e-001
 3.1960315e-001
 3.2023245e-001
 3.2092220e-001
 3.2163987e-001
 3.2234207e-001
 3.2300293e-001
 3.2363138e-001
 3.2426152e-001
 3.2492486e-001
 3.2562712e-001
 3.2634848e-001
 3.2706317e-001
 3.2776004e-001
 3.2845196e-001
 3.2917118e-001
 3.2995504e-001
 3.3082595e-001
 3.3177638e-001
 3.3276927e-001
 3.3375654e-001
 3.3470321e-001
 3.3560157e-001
 3.3646914e-001
 3.3733407e-001
 3.3821777e-001
 3.3912379e-001
 3.4003928e-001
 3.4094739e-001
 3.4184167e-001
 3.4273142e-001
 3.4363294e-001
 3.4455475e-001
 3.4548897e-001
 3.4641719e-001
 3.4732392e-001
 3.4820610e-001
 3.4907347e-001
 3.4994647e-001
 3.5085270e-001
 3.5181531e-001
 3.5283363e-001
 3.5387838e-001
 3.5491672e-001
 3.5594347e-001
 3.5698169e-001
 3.5805482e-001
 3.5916808e-001
 3.6031416e-001
 3.6148202e-001
 3.6265463e-001
 3.6380884e-001
 3.6493266e-001
 3.6604241e-001
 3.6717612e-001
 3.6836141e-001
 3.6958882e-001
 3.7081710e-001
 3.7200370e-001
 3.7312892e-001
 3.7419552e-001
 3.7521762e-001
 3.7621474e-001
 3.7721357e-001
 3.7824684e-001
 3.7934271e-001
 3.8051176e-001
 3.8174179e-001
 3.8300622e-001
 3.8428071e-001
 3.8555774e-001
 3.8684657e-001
 3.8815415e-001
 3.8945982e-001
 3.9071140e-001
 3.9185983e-001
 3.9290315e-001
 3.9389682e-001
 3.9491826e-001
 3.9601958e-001
 3.9720485e-001
 3.9843982e-001
 3.9967692e-001
 4.0087903e-001
 4.0204275e-001
 4.0321162e-001
 4.0445489e-001
 4.0580443e-001
 4.0720353e-001
 4.0853348e-001
 4.0970039e-001
 4.1069973e-001
 4.1160277e-001
 4.1249523e-001
 4.1343200e-001
 4.1444162e-001
 4.1554949e-001
 4.1677541e-001
 4.1810980e-001
 4.1950741e-001
 4.2090902e-001
 4.2226696e-001
 4.2356017e-001
 4.2480439e-001
 4.2604789e-001
 4.2734066e-001
 4.2869303e-001
 4.3006715e-001
 4.3141660e-001
 4.3273741e-001
 4.3406457e-001
 4.3540353e-001
 4.3669057e-001
 4.3785927e-001
 4.3893382e-001
 4.4001138e-001
 4.4115746e-001
 4.4236156e-001
 4.4358757e-001
 4.4482726e-001
 4.4609955e-001
 4.4742346e-001
 4.4879344e-001
 4.5016193e-001
 4.5144293e-001
 4.5255113e-001
 4.5345458e-001
 4.5419693e-001
 4.5488641e-001
 4.5566940e-001
 4.5668101e-001
 4.5796305e-001
 4.5941406e-001
 4.6085805e-001
 4.6217138e-001
 4.6333426e-001
 4.6438676e-001
 4.6538341e-001
 4.6639359e-001
 4.6748605e-001
 4.6865588e-001
 4.6980324e-001
 4.7083449e-001
 4.7174841e-001
 4.7261277e-001
 4.7350490e-001
 4.7448391e-001
 4.7558880e-001
 4.7683126e-001
 4.7814789e-001
 4.7939608e-001
 4.8049858e-001
 4.8154172e-001
 4.8262388e-001
 4.8371372e-001
 4.8476663e-001
 4.8585963e-001
 4.8709732e-001
 4.8844668e-001
 4.8975393e-001
 4.9091476e-001
 4.9196076e-001
 4.9296030e-001
 4.9390873e-001
 4.9477437e-001
 4.9560356e-001
 4.9649909e-001
 4.9751166e-001
 4.9860814e-001
 4.9971408e-001
 5.0075382e-001
 5.0167590e-001
 5.0247842e-001
 5.0322920e-001
 5.0404578e-001
 5.0499910e-001
 5.0601733e-001
 5.0694454e-001
 5.0772637e-001
 5.0847214e-001
 5.0930452e-001
 5.1021415e-001
 5.1108837e-001
 5.1183832e-001
 5.1247704e-001
 5.1308006e-001
 5.1368833e-001
 5.1428920e-001
 5.1488805e-001
 5.1553160e-001
 5.1624310e-001
 5.1700908e-001
 5.1784760e-001
 5.1879734e-001
 5.1979655e-001
 5.2066046e-001
 5.2123922e-001
 5.2156651e-001
 5.2183414e-001
 5.2221447e-001
 5.2271324e-001
 5.2318639e-001
 5.2349758e-001
 5.2366823e-001
 5.2383941e-001
 5.2413094e-001
 5.2457911e-001
 5.2515638e-001
 5.2579987e-001
 5.2643645e-001
 5.2701426e-001
 5.2752471e-001
 5.2799147e-001
 5.2843803e-001
 5.2886605e-001
 5.2926362e-001
 5.2963406e-001
 5.3001344e-001
 5.3045130e-001
 5.3096205e-001
 5.3149390e-001
 5.3195524e-001
 5.3228235e-001
 5.3248572e-001
 5.3262550e-001
 5.3273940e-001
 5.3279728e-001
 5.3273869e-001
 5.3257257e-001
 5.3243756e-001
 5.3252745e-001
 5.3292543e-001
 5.3350323e-001
 5.3400213e-001
 5.3424519e-001
 5.3429717e-001
 5.3443235e-001
 5.3484178e-001
 5.3542513e-001
 5.3590530e-001
 5.3610677e-001
 5.3612441e-001
 5.3611761e-001
 5.3610355e-001
 5.3609490e-001
 5.3622776e-001
 5.3654569e-001
 5.3683084e-001
 5.3685600e-001
 5.3666043e-001
 5.3643000e-001
 5.3625125e-001
 5.3608572e-001
 5.3590357e-001
 5.3580523e-001
 5.3598440e-001
 5.3649455e-001
 5.3710246e-001
 5.3747463e-001
 5.3747934e-001
 5.3730756e-001
 5.3729755e-001
 5.3753698e-001
 5.3774315e-001
 5.3772181e-001
 5.3769338e-001
 5.3789830e-001
 5.3820229e-001
 5.3838944e-001
 5.3852719e-001
 5.3876060e-001
 5.3903824e-001
 5.3929162e-001
 5.3961146e-001
 5.3998739e-001
 5.4015821e-001
 5.4001713e-001
 5.3985423e-001
 5.3985244e-001
 5.3969580e-001
 5.3907859e-001
 5.3808570e-001
 5.3723782e-001
 5.3693241e-001
 5.3703296e-001
 5.3732878e-001
 5.3778583e-001
 5.3839380e-001
 5.3904206e-001
 5.3952909e-001
 5.3967369e-001
 5.3946054e-001
 5.3904694e-001
 5.3863341e-001
 5.3838354e-001
 5.3841329e-001
 5.3876948e-001
 5.3934789e-001
 5.3990650e-001
 5.4023188e-001
 5.4032439e-001
 5.4039168e-001
 5.4065734e-001
 5.4119444e-001
 5.4191369e-001
 5.4264432e-001
 5.4316437e-001
 5.4324371e-001
 5.4275328e-001
 5.4177320e-001
 5.4061842e-001
 5.3973436e-001
 5.3943270e-001
 5.3945142e-001
 5.3963691e-001
 5.3979659e-001
 5.3991282e-001
 5.4003781e-001
 5.4022408e-001
 5.4051065e-001
 5.4084837e-001
 5.4115272e-001
 5.4133886e-001
 5.4134035e-001
 5.4121095e-001
 5.4105276e-001
 5.4096842e-001
 5.4104191e-001
 5.4123527e-001
 5.4146117e-001
 5.4163218e-001
 5.4167426e-001
 5.4160208e-001
 5.4144162e-001
 5.4129690e-001
 5.4119861e-001
 5.4117054e-001
 5.4121000e-001
 5.4131329e-001
 5.4147667e-001
 5.4169559e-001
 5.4194462e-001
 5.4217720e-001
 5.4234642e-001
 5.4240507e-001
 5.4230833e-001
 5.4206634e-001
 5.4174292e-001
 5.4140443e-001
 5.4111701e-001
 5.4094428e-001
 5.4089129e-001
 5.4090601e-001
 5.4093391e-001
 5.4092038e-001
 5.4081094e-001
 5.4056764e-001
 5.4021770e-001
 5.3980392e-001
 5.3936929e-001
 5.3895646e-001
 5.3860849e-001
 5.3835946e-001
 5.3821033e-001
 5.3815413e-001
 5.3818381e-001
 5.3829223e-001
-1.2300000e+034
-1.2300000e+034
 5.3901994e-001
 5.3937322e-001
 5.3977007e-001
 5.4020339e-001
 5.4066640e-001
 5.4115170e-001
-1.2300000e+034
-1.2300000e+034
 5.4267204e-001
 5.4317683e-001
 5.4366875e-001
 5.4414099e-001
 5.4458636e-001
 5.4499787e-001
 5.4536837e-001
 5.4569095e-001
 5.4596168e-001
 5.4618829e-001
 5.4638147e-001
 5.4655164e-001
 5.4670942e-001
 5.4686528e-001
 5.4702997e-001
 5.4721385e-001
 5.4742479e-001
 5.4766095e-001
 5.4791814e-001
 5.4819191e-001
 5.4847836e-001
 5.4877311e-001
 5.4907203e-001
 5.4937077e-001
 5.4966521e-001
 5.4995114e-001
 5.5022436e-001
 5.5048054e-001
 5.5071729e-001
 5.5093801e-001
 5.5114752e-001
 5.5135071e-001
 5.5155236e-001
 5.5175728e-001
 5.5197036e-001
 5.5219650e-001
 5.5244035e-001
 5.5270696e-001
 5.5300099e-001
 5.5332744e-001
 5.5368841e-001
 5.5407727e-001
 5.5448484e-001
 5.5490261e-001
 5.5532140e-001
 5.5573255e-001
 5.5612701e-001
 5.5649596e-001
 5.5683059e-001
 5.5712193e-001
 5.5736119e-001
 5.5754375e-001
 5.5767995e-001
 5.5778348e-001
 5.5786812e-001
 5.5794746e-001
 5.5803525e-001
 5.5814517e-001
 5.5829096e-001
 5.5848622e-001
 5.5874473e-001
 5.5907375e-001
 5.5945921e-001
 5.5988193e-001
 5.6032300e-001
 5.6076330e-001
 5.6118387e-001
 5.6156570e-001
 5.6188977e-001
 5.6213701e-001
 5.6228858e-001
 5.6233352e-001
 5.6228930e-001
 5.6217921e-001
 5.6202662e-001
 5.6185484e-001
 5.6168735e-001
 5.6154740e-001
 5.6145847e-001
 5.6144381e-001
 5.6152689e-001
 5.6172228e-001
 5.6201535e-001
 5.6238544e-001
 5.6281155e-001
 5.6327307e-001
 5.6374913e-001
 5.6421900e-001
 5.6466186e-001
 5.6505674e-001
 5.6539041e-001
 5.6567371e-001
 5.6592280e-001
 5.6615382e-001
 5.6638259e-001
 5.6662536e-001
 5.6689823e-001
 5.6721717e-001
 5.6759369e-001
 5.6802446e-001
 5.6850284e-001
 5.6902242e-001
 5.6957644e-001
 5.7015872e-001
 5.7076252e-001
 5.7138133e-001
 5.7200646e-001
 5.7262093e-001
 5.7320684e-001
 5.7374585e-001
 5.7421970e-001
 5.7461029e-001
 5.7489949e-001
 5.7506895e-001
 5.7511646e-001
 5.7509154e-001
 5.7505375e-001
 5.7507408e-001
 5.7521880e-001
 5.7553691e-001
 5.7605940e-001
 5.7677168e-001
 5.7761616e-001
 5.7850593e-001
 5.7934046e-001
 5.8001804e-001
 5.8045650e-001
 5.8062553e-001
 5.8056718e-001
 5.8037502e-001
 5.8016223e-001
 5.8003873e-001
 5.8008808e-001
 5.8034390e-001
 5.8078218e-001
 5.8133584e-001
 5.8191782e-001
 5.8244133e-001
 5.8283824e-001
 5.8307618e-001
 5.8316451e-001
 5.8314508e-001
 5.8307600e-001
 5.8301753e-001
 5.8302039e-001
 5.8311743e-001
 5.8332098e-001
 5.8362687e-001
 5.8402026e-001
 5.8448029e-001
 5.8498019e-001
 5.8548611e-001
 5.8595717e-001
 5.8634722e-001
 5.8661026e-001
 5.8670872e-001
 5.8662432e-001
 5.8577353e-001
 5.8566558e-001
 5.8553249e-001
 5.8539611e-001
 5.8527744e-001
 5.8519375e-001
 5.8515674e-001
 5.8517116e-001
 5.8523494e-001
 5.8533937e-001
 5.8547139e-001
 5.8561587e-001
 5.8575845e-001
 5.8588821e-001
 5.8599919e-001
 5.8609027e-001
 5.8616447e-001
 5.8622766e-001
 5.8628643e-001
 5.8634675e-001
 5.8641225e-001
 5.8648384e-001
 5.8655930e-001
 5.8663392e-001
 5.8670139e-001
 5.8675468e-001
 5.8678764e-001
 5.8679628e-001
 5.8678049e-001
 5.8674443e-001
 5.8669591e-001
 5.8664507e-001
 5.8660209e-001
 5.8657527e-001
 5.8656949e-001
 5.8658528e-001
 5.8661884e-001
 5.8666295e-001
 5.8670837e-001
 5.8674580e-001
 5.8676761e-001
 5.8676904e-001
 5.8674902e-001
 5.8670998e-001
 5.8665705e-001
 5.8659720e-001
 5.8653772e-001
 5.8648485e-001
 5.8644336e-001
 5.8641589e-001
 5.8640313e-001
 5.8640438e-001
 5.8641821e-001
 5.8644325e-001
 5.8647794e-001
 5.8652103e-001
 5.8657080e-001
 5.8662474e-001
 5.8667892e-001
 5.8672851e-001
 5.8676767e-001
 5.8679110e-001
 5.8679444e-001
 5.8677584e-001
 5.8673590e-001
 5.8667815e-001
 5.8660799e-001
 5.8653200e-001
 5.8645707e-001
 5.8638948e-001
 5.8633488e-001
 5.8629817e-001
 5.8628422e-001
 5.8629757e-001
 5.8634293e-001
 5.8642393e-001
 5.8654249e-001
 5.8669716e-001
 5.8688253e-001
 5.8708864e-001
 5.8730137e-001
 5.8750427e-001
 5.8768004e-001
 5.8781338e-001
 5.8789247e-001
 5.8791071e-001
 5.8786720e-001
 5.8776623e-001
 5.8761656e-001
 5.8742982e-001
 5.8721948e-001
 5.8699900e-001
 5.8678150e-001
 5.8657849e-001
 5.8639938e-001
 5.8625138e-001
 5.8613890e-001
 5.8606350e-001
 5.8602393e-001
 5.8601624e-001
 5.8603454e-001
 5.8607149e-001
 5.8611941e-001
 5.8617109e-001
 5.8622056e-001
 5.8626342e-001
 5.8629733e-001
 5.8632171e-001
 5.8633739e-001
 5.8634621e-001
 5.8635062e-001
 5.8635306e-001
 5.8635563e-001
 5.8635986e-001
 5.8636618e-001
 5.8637404e-001
 5.8638161e-001
 5.8638591e-001
 5.8638340e-001
 5.8637047e-001
 5.8634412e-001
 5.8630288e-001
 5.8624750e-001
 5.8618122e-001
 5.8610940e-001
 5.8603925e-001
 5.8597827e-001
 5.8593333e-001
 5.8590949e-001
 5.8590919e-001
 5.8593237e-001
 5.8597648e-001
 5.8603752e-001
 5.8611095e-001
 5.8619237e-001
 5.8627844e-001
 5.8636671e-001
 5.8645606e-001
 5.8654618e-001
 5.8663762e-001
 5.8673167e-001
 5.8683038e-001
 5.8693653e-001
 5.8705324e-001
 5.8718365e-001
 5.8733010e-001
 5.8749300e-001
 5.8767015e-001
 5.8785659e-001
 5.8804476e-001
 5.8822578e-001
 5.8839065e-001
 5.8853251e-001
 5.8864737e-001
 5.8873492e-001
 5.8879822e-001
 5.8884257e-001
 5.8887404e-001
 5.8889806e-001
 5.8891892e-001
 5.8893973e-001
 5.8896303e-001
 5.8899206e-001
 5.8903122e-001
 5.8908606e-001
 5.8916241e-001
 5.8926457e-001
 5.8939379e-001
 5.8954698e-001
 5.8971679e-001
 5.8989328e-001
 5.9006631e-001
 5.9022868e-001
 5.9037882e-001
 5.9052151e-001
 5.9066713e-001
 5.9082943e-001
 5.9102142e-001
 5.9125233e-001
 5.9152496e-001
 5.9183502e-001
 5.9217244e-001
 5.9252393e-001
 5.9287667e-001
 5.9322071e-001
 5.9355080e-001
 5.9386647e-001
 5.9417027e-001
 5.9446609e-001
 5.9475648e-001
 5.9504116e-001
 5.9531689e-001
 5.9557748e-001
 5.9581596e-001
 5.9602559e-001
 5.9620196e-001
 5.9634387e-001
 5.9645355e-001
 5.9653634e-001
 5.9659994e-001
 5.9665346e-001
 5.9670663e-001
 5.9676856e-001
 5.9684777e-001
 5.9695113e-001
 5.9708387e-001
 5.9724903e-001
 5.9744757e-001
 5.9767783e-001
 5.9793603e-001
 5.9821671e-001
 5.9851325e-001
 5.9881854e-001
 5.9912622e-001
 5.9943122e-001
 5.9973001e-001
 6.0002124e-001
 6.0030538e-001
 6.0058409e-001
 6.0086018e-001
 6.0113639e-001
 6.0141504e-001
 6.0169762e-001
 6.0198432e-001
 6.0227418e-001
 6.0256517e-001
 6.0285449e-001
 6.0313904e-001
 6.0341579e-001
 6.0368246e-001
 6.0393763e-001
 6.0418117e-001
 6.0441428e-001
 6.0463941e-001
 6.0486042e-001
 6.0508198e-001
 6.0530925e-001
 6.0554767e-001
 6.0580194e-001
 6.0607582e-001
 6.0637110e-001
 6.0668749e-001
 6.0702240e-001
 6.0737097e-001
 6.0772687e-001
 6.0808283e-001
 6.0843199e-001
 6.0876894e-001
 6.0909015e-001
 6.0939503e-001
 6.0968524e-001
 6.0996467e-001
 6.1023849e-001
 6.1051238e-001
 6.1079198e-001
 6.1108226e-001
 6.1138725e-001
 6.1171031e-001
 6.1205375e-001
 6.1241847e-001
 6.1280382e-001
 6.1320692e-001
 6.1362225e-001
 6.1404169e-001
 6.1445493e-001
 6.1485094e-001
 6.1521906e-001
 6.1555117e-001
 6.1584294e-001
 6.1609489e-001
 6.1631274e-001
 6.1650598e-001
 6.1668706e-001
 6.1686903e-001
 6.1706418e-001
 6.1728227e-001
 6.1752981e-001
 6.1781001e-001
 6.1812270e-001
 6.1846489e-001
 6.1883181e-001
 6.1921704e-001
 6.1961353e-001
 6.2001342e-001
 6.2040901e-001
 6.2079322e-001
 6.2115973e-001
 6.2150401e-001
 6.2182349e-001
 6.2211812e-001
 6.2239033e-001
 6.2264496e-001
 6.2288862e-001
 6.2312937e-001
 6.2337565e-001
 6.2363607e-001
 6.2391829e-001
 6.2422860e-001
 6.2457156e-001
 6.2494957e-001
 6.2536252e-001
 6.2580794e-001
 6.2628096e-001
 6.2677526e-001
 6.2728351e-001
 6.2779850e-001
 6.2831402e-001
 6.2882560e-001
 6.2933117e-001
 6.2983000e-001
 6.3032258e-001
 6.3080883e-001
 6.3128740e-001
 6.3175458e-001
 6.3220406e-001
 6.3262779e-001
 6.3301766e-001
 6.3336670e-001
 6.3367182e-001
 6.3393456e-001
 6.3416195e-001
 6.3436621e-001
 6.3456315e-001
 6.3477033e-001
 6.3500494e-001
 6.3528132e-001
 6.3560963e-001
 6.3599455e-001
 6.3643533e-001
 6.3692570e-001
 6.3745505e-001
 6.3800979e-001
 6.3857436e-001
 6.3913292e-001
 6.3967037e-001
 6.4017355e-001
 6.4063179e-001
 6.4103723e-001
 6.4138496e-001
 6.4167309e-001
 6.4190209e-001
 6.4207476e-001
 6.4219588e-001
 6.4227223e-001
 6.4231265e-001
 6.4232796e-001
 6.4233100e-001
 6.4233607e-001
 6.4235789e-001
 6.4241052e-001
 6.4250493e-001
 6.4264739e-001
 6.4283752e-001
 6.4306724e-001
 6.4332014e-001
 6.4357209e-001
 6.4379150e-001
 6.4393985e-001
 6.4397150e-001
 6.4383262e-001
 6.4345992e-001
 6.4277947e-001
 6.4170754e-001
 6.4015442e-001
 6.3803053e-001
 6.3525873e-001
 6.3178784e-001
 6.2760562e-001
 6.2275499e-001
 6.1733878e-001
 6.1152554e-001
 6.0554272e-001
 5.9966016e-001
 5.9417415e-001
 5.8937645e-001
 5.8553141e-001
 5.8284783e-001
 5.8145797e-001
 5.8140653e-001
 5.8264655e-001
 5.8504659e-001
 5.8840615e-001
 5.9248000e-001
 5.9700060e-001
 6.0170758e-001
 6.0636634e-001
 6.1078626e-001
 6.1483258e-001
 6.1842650e-001
 6.2154394e-001
 6.2420928e-001
 6.2648195e-001
 6.2844676e-001
 6.3019907e-001
 6.3183403e-001
 6.3343704e-001
 6.3507515e-001
 6.3679379e-001
 6.3861448e-001
 6.4053661e-001
 6.4254224e-001
 6.4460003e-001
 6.4667362e-001
 6.4872533e-001
 6.5072173e-001
 6.5263712e-001
 6.5445268e-001
 6.5615773e-001
 6.5774649e-001
 6.5921670e-001
 6.6056859e-001
 6.6180241e-001
 6.6292000e-001
 6.6392362e-001
 6.6481757e-001
 6.6560894e-001
 6.6630745e-001
 6.6692567e-001
 6.6747868e-001
 6.6798240e-001
 6.6845316e-001
 6.6890579e-001
 6.6935259e-001
 6.6980267e-001
 6.7026055e-001
 6.7072648e-001
 6.7119628e-001
 6.7166239e-001
 6.7211539e-001
 6.7254573e-001
 6.7294633e-001
 6.7331415e-001
 6.7365181e-001
 6.7396778e-001
 6.7427534e-001
 6.7459035e-001
 6.7492807e-001
 6.7530000e-001
 6.7571127e-001
 6.7615938e-001
 6.7663419e-001
 6.7712063e-001
 6.7760116e-001
 6.7805970e-001
 6.7848486e-001
 6.7887169e-001
 6.7922276e-001
 6.7954642e-001
 6.7985529e-001
 6.8016303e-001
 6.8048131e-001
 6.8081802e-001
 6.8117559e-001
 6.8155140e-001
 6.8193883e-001
 6.8232906e-001
 6.8271363e-001
 6.8308622e-001
 6.8344384e-001
 6.8378681e-001
 6.8411797e-001
 6.8444103e-001
 6.8475854e-001
 6.8507046e-001
 6.8537402e-001
 6.8566394e-001
 6.8593442e-001
 6.8618101e-001
 6.8640286e-001
 6.8660349e-001
 6.8679088e-001
 6.8697619e-001
 6.8717092e-001
 6.8738490e-001
 6.8762392e-001
 6.8788821e-001
 6.8817276e-001
 6.8846840e-001
 6.8876326e-001
 6.8904537e-001
 6.8930429e-001
 6.8953288e-001
 6.8972790e-001
 6.8989086e-001
 6.9002777e-001
 6.9014931e-001
 6.9026995e-001
 6.9040722e-001
 6.9058007e-001
 6.9080675e-001
 6.9110191e-001
 6.9147414e-001
 6.9192350e-001
 6.9244033e-001
 6.9300592e-001
 6.9359416e-001
 6.9417518e-001
 6.9472003e-001
 6.9520426e-001
 6.9561154e-001
 6.9593531e-001
 6.9617856e-001
 6.9635236e-001
 6.9647312e-001
 6.9655973e-001
 6.9663078e-001
 6.9670308e-001
 6.9679034e-001
 6.9690341e-001
 6.9705045e-001
 6.9723773e-001
 6.9746965e-001
 6.9774956e-001
 6.9807923e-001
 6.9845885e-001
 6.9888681e-001
 6.9935882e-001
 6.9986850e-001
 7.0040667e-001
 7.0096225e-001
 7.0152289e-001
 7.0207596e-001
 7.0260930e-001
 7.0311201e-001
 7.0357484e-001
 7.0399094e-001
 7.0435685e-001
 7.0467365e-001
 7.0494723e-001
 7.0518839e-001
 7.0541155e-001
 7.0563257e-001
 7.0586586e-001
 7.0612139e-001
 7.0640188e-001
 7.0670217e-001
 7.0701057e-001
 7.0731175e-001
 7.0759016e-001
 7.0783347e-001
 7.0803481e-001
 7.0819360e-001
 7.0831609e-001
 7.0841449e-001
 7.0850474e-001
 7.0860404e-001
 7.0872861e-001
 7.0889109e-001
 7.0909935e-001
 7.0935547e-001
 7.0965636e-001
 7.0999408e-001
 7.1035737e-001
 7.1073341e-001
 7.1110916e-001
 7.1147293e-001
 7.1181488e-001
 7.1212804e-001
 7.1240824e-001
 7.1265382e-001
 7.1286613e-001
 7.1304917e-001
 7.1320903e-001
 7.1335351e-001
 7.1349114e-001
 7.1363032e-001
 7.1377879e-001
 7.1394247e-001
 7.1412516e-001
 7.1432811e-001
 7.1454984e-001
 7.1478665e-001
 7.1503264e-001
 7.1528161e-001
 7.1552724e-001
 7.1576476e-001
 7.1599138e-001
 7.1620691e-001
 7.1641397e-001
 7.1661711e-001
 7.1682280e-001
 7.1703774e-001
 7.1726793e-001
 7.1751720e-001
 7.1778631e-001
 7.1807224e-001
 7.1836871e-001
 7.1866661e-001
 7.1895552e-001
 7.1922511e-001
 7.1946669e-001
 7.1967471e-001
 7.1984708e-001
 7.1998554e-001
 7.2009546e-001
 7.2018427e-001
 7.2026080e-001
 7.2033358e-001
 7.2040975e-001
 7.2049451e-001
 7.2059065e-001
 7.2069883e-001
 7.2081828e-001
 7.2094750e-001
 7.2108531e-001
 7.2123146e-001
 7.2138715e-001
 7.2155488e-001
 7.2173816e-001
 7.2194088e-001
 7.2216594e-001
 7.2241503e-001
 7.2268724e-001
 7.2297907e-001
 7.2328442e-001
 7.2359490e-001
 7.2390074e-001
 7.2419202e-001
 7.2445947e-001
 7.2469574e-001
 7.2489572e-001
 7.2505730e-001
 7.2518116e-001
 7.2527057e-001
 7.2533107e-001
 7.2536951e-001
 7.2539383e-001
 7.2541231e-001
 7.2543299e-001
 7.2546333e-001
 7.2551000e-001
 7.2557819e-001
 7.2567183e-001
 7.2579324e-001
 7.2594339e-001
 7.2612166e-001
 7.2632635e-001
 7.2655523e-001
 7.2680539e-001
 7.2707403e-001
 7.2735876e-001
 7.2765750e-001
 7.2796875e-001
 7.2829133e-001
 7.2862411e-001
 7.2896600e-001
 7.2931504e-001
 7.2966886e-001
 7.3002404e-001
 7.3037624e-001
 7.3072064e-001
 7.3105162e-001
 7.3136377e-001
 7.3165202e-001
 7.3191178e-001
 7.3213983e-001
 7.3233396e-001
 7.3249322e-001
 7.3261756e-001
 7.3270798e-001
 7.3276603e-001
 7.3279405e-001
 7.3279440e-001
 7.3277014e-001
 7.3272443e-001
 7.3266095e-001
 7.3258376e-001
 7.3249739e-001
 7.3240674e-001
 7.3231715e-001
 7.3223454e-001
 7.3216522e-001
 7.3211586e-001
 7.3209357e-001
 7.3210543e-001
 7.3215860e-001
 7.3225999e-001
 7.3241574e-001
 7.3263121e-001
 7.3291028e-001
 7.3325509e-001
 7.3366535e-001
 7.3413771e-001
 7.3466575e-001
 7.3523945e-001
 7.3584580e-001
 7.3646897e-001
 7.3709136e-001
 7.3769522e-001
 7.3826385e-001
 7.3878336e-001
 7.3924446e-001
 7.3964268e-001
 7.3997945e-001
 7.4026096e-001
 7.4049741e-001
 7.4070126e-001
 7.4088526e-001
 7.4106061e-001
 7.4123526e-001
 7.4141294e-001
 7.4159265e-001
 7.4176872e-001
 7.4193209e-001
 7.4207121e-001
 7.4217373e-001
 7.4222845e-001
 7.4222624e-001
 7.4216133e-001
 7.4203193e-001
 7.4184006e-001
 7.4159151e-001
 7.4129492e-001
 7.4096137e-001
 7.4060315e-001
 7.4023354e-001
 7.3986584e-001
 7.3951304e-001
 7.3918742e-001
 7.3889983e-001
 7.3865956e-001
 7.3847347e-001
 7.3834586e-001
 7.3827761e-001
 7.3826659e-001
 7.3830718e-001
 7.3839134e-001
 7.3850924e-001
 7.3865080e-001
 7.3880678e-001
 7.3897058e-001
 7.3913914e-001
 7.3931390e-001
 7.3950076e-001
 7.3970956e-001
 7.3995298e-001
 7.4024475e-001
 7.4059767e-001
 7.4102145e-001
 7.4152136e-001
 7.4209666e-001
 7.4274015e-001
 7.4343896e-001
 7.4417484e-001
 7.4492645e-001
 7.4567044e-001
 7.4638355e-001
 7.4704456e-001
 7.4763495e-001
 7.4814010e-001
 7.4854904e-001
 7.4885505e-001
 7.4905503e-001
 7.4914908e-001
 7.4914032e-001
 7.4903452e-001
 7.4883974e-001
 7.4856609e-001
 7.4822545e-001
 7.4783111e-001
 7.4739724e-001
 7.4693882e-001
 7.4647063e-001
 7.4600738e-001
 7.4556333e-001
 7.4515158e-001
 7.4478477e-001
 7.4447405e-001
 7.4422973e-001
 7.4406075e-001
 7.4397445e-001
 7.4397689e-001
 7.4407232e-001
 7.4426317e-001
 7.4454975e-001
 7.4493009e-001
 7.4539912e-001
 7.4594879e-001
 7.4656719e-001
 7.4723816e-001
 7.4794173e-001
 7.4865443e-001
 7.4935120e-001
 7.5000650e-001
 7.5059652e-001
 7.5110084e-001
 7.5150388e-001
 7.5179601e-001
 7.5197357e-001
 7.5203913e-001
 7.5200248e-001
 7.5188029e-001
 7.5169510e-001
 7.5147331e-001
 7.5124288e-001
 7.5103021e-001
 7.5085682e-001
 7.5073713e-001
 7.5067657e-001
 7.5067186e-001
 7.5068420e-001
 7.5077713e-001
 7.5087893e-001
 7.5096905e-001
 7.5102985e-001
 7.5104952e-001
 7.5102329e-001
 7.5095284e-001
 7.5084460e-001
 7.5070739e-001
 7.5055099e-001
 7.5038546e-001
 7.5022018e-001
 7.5006378e-001
 7.4992353e-001
 7.4980509e-001
 7.4971235e-001
 7.4964780e-001
 7.4961275e-001
 7.4960774e-001
 7.4963313e-001
 7.4968886e-001
 7.4977487e-001
 7.4989069e-001
 7.5003523e-001
 7.5020689e-001
 7.5040311e-001
 7.5062078e-001
 7.5085622e-001
 7.5110537e-001
 7.5136411e-001
 7.5162822e-001
 7.5189358e-001
 7.5215608e-001
 7.5241160e-001
 7.5265622e-001
 7.5288624e-001
 7.5309783e-001
 7.5328737e-001
 7.5345135e-001
 7.5358629e-001
 7.5368881e-001
 7.5375599e-001
 7.5378555e-001
 7.5377655e-001
 7.5372958e-001
 7.5364715e-001
 7.5353354e-001
 7.5339407e-001
 7.5323492e-001
 7.5306261e-001
 7.5288367e-001
 7.5270450e-001
 7.5253111e-001
 7.5236881e-001
 7.5222206e-001
 7.5209421e-001
 7.5198793e-001
 7.5190490e-001
 7.5184667e-001
 7.5181437e-001
 7.5180888e-001
 7.5183076e-001
 7.5187963e-001
 7.5195384e-001
 7.5204980e-001
 7.5216198e-001
 7.5228280e-001
 7.5240350e-001
 7.5251454e-001
 7.5260586e-001
 7.5266761e-001
 7.5269055e-001
 7.5266659e-001
 7.5258994e-001
 7.5245750e-001
 7.5226939e-001
 7.5202858e-001
 7.5174028e-001
 7.5141078e-001
 7.5104713e-001
 7.5065631e-001
 7.5024509e-001
 7.4981964e-001
 7.4938458e-001
 7.4894321e-001
 7.4849671e-001
 7.4804467e-001
 7.4758542e-001
 7.4711663e-001
 7.4663550e-001
 7.4613947e-001
 7.4562597e-001
 7.4509346e-001
 7.4454165e-001
 7.4397171e-001
 7.4338704e-001
 7.4279255e-001
 7.4219441e-001
 7.4159980e-001
 7.4101567e-001
 7.4044961e-001
 7.3990810e-001
 7.3939717e-001
 7.3892093e-001
 7.3848116e-001
 7.3807758e-001
 7.3770708e-001
 7.3736542e-001
 7.3704720e-001
 7.3674643e-001
 7.3645753e-001
 7.3617536e-001
 7.3589647e-001
 7.3561978e-001
 7.3534757e-001
 7.3508590e-001
 7.3484427e-001
 7.3463458e-001
 7.3447031e-001
 7.3436522e-001
 7.3433298e-001
 7.3438573e-001
 7.3453236e-001
 7.3477650e-001
 7.3511463e-001
 7.3553514e-001
 7.3601931e-001
 7.3654318e-001
 7.3707950e-001
 7.3759985e-001
 7.3807597e-001
 7.3848146e-001
 7.3879421e-001
 7.3899889e-001
 7.3908991e-001
 7.3907202e-001
 7.3895979e-001
 7.3877442e-001
 7.3854160e-001
 7.3828870e-001
 7.3804343e-001
 7.3783201e-001
 7.3767757e-001
 7.3759800e-001
 7.3760360e-001
 7.3769689e-001
 7.3787290e-001
 7.3812139e-001
 7.3842877e-001
 7.3878008e-001
 7.3915988e-001
 7.3955321e-001
 7.3994642e-001
 7.4032801e-001
 7.4068940e-001
 7.4102539e-001
 7.4133378e-001
 7.4161446e-001
 7.4186879e-001
 7.4209863e-001
 7.4230635e-001
 7.4249446e-001
 7.4266595e-001
 7.4282426e-001
 7.4297374e-001
 7.4311966e-001
 7.4326807e-001
 7.4342549e-001
 7.4359900e-001
 7.4379557e-001
 7.4402189e-001
 7.4428403e-001
 7.4458617e-001
 7.4492973e-001
 7.4531239e-001
 7.4572748e-001
 7.4616468e-001
 7.4661052e-001
 7.4705034e-001
 7.4746841e-001
 7.4784929e-001
 7.4817854e-001
 7.4844384e-001
 7.4863678e-001
 7.4875391e-001
 7.4879748e-001
 7.4877489e-001
 7.4869722e-001
 7.4857777e-001
 7.4843097e-001
 7.4827129e-001
 7.4811256e-001
 7.4796736e-001
 7.4784547e-001
 7.4775356e-001
 7.4769431e-001
 7.4766713e-001
 7.4766892e-001
 7.4769497e-001
 7.4773991e-001
 7.4779826e-001
 7.4786431e-001
 7.4793273e-001
 7.4799871e-001
 7.4805790e-001
 7.4810672e-001
 7.4814218e-001
 7.4816167e-001
 7.4816298e-001
 7.4814397e-001
 7.4810272e-001
 7.4803770e-001
 7.4794805e-001
 7.4783403e-001
 7.4769759e-001
 7.4754226e-001
 7.4737316e-001
 7.4719661e-001
 7.4701965e-001
 7.4684948e-001
 7.4669319e-001
 7.4655771e-001
 7.4644870e-001
 7.4637020e-001
 7.4632406e-001
 7.4630964e-001
 7.4632388e-001
 7.4636221e-001
 7.4641901e-001
 7.4648821e-001
 7.4656379e-001
 7.4664015e-001
 7.4671263e-001
 7.4677837e-001
 7.4683660e-001
 7.4688923e-001
 7.4694031e-001
 7.4699575e-001
 7.4706215e-001
 7.4714679e-001
 7.4725658e-001
 7.4739766e-001
 7.4757439e-001
 7.4778807e-001
 7.4803573e-001
 7.4830997e-001
 7.4859923e-001
 7.4888873e-001
 7.4916214e-001
 7.4940228e-001
 7.4959183e-001
 7.4971455e-001
 7.4975622e-001
 7.4970591e-001
 7.4955732e-001
 7.4930930e-001
 7.4896514e-001
 7.4853188e-001
 7.4801821e-001
 7.4743390e-001
 7.4678940e-001
 7.4609482e-001
 7.4536037e-001
 7.4459577e-001
 7.4381083e-001
 7.4301451e-001
 7.4221551e-001
 7.4142265e-001
 7.4064404e-001
 7.3988771e-001
 7.3916197e-001
 7.3847401e-001
 7.3783010e-001
 7.3723465e-001
 7.3668998e-001
 7.3619527e-001
 7.3574728e-001
 7.3534131e-001
 7.3497128e-001
 7.3463058e-001
 7.3431289e-001
 7.3401195e-001
 7.3372233e-001
 7.3344004e-001
 7.3316300e-001
 7.3289114e-001
 7.3262620e-001
 7.3237145e-001
 7.3213089e-001
 7.3190880e-001
 7.3170978e-001
 7.3153818e-001
 7.3139793e-001
 7.3129249e-001
 7.3122442e-001
 7.3119527e-001
 7.3120588e-001
 7.3125643e-001
 7.3134661e-001
 7.3147613e-001
 7.3164403e-001
 7.3184913e-001
 7.3208904e-001
 7.3235947e-001
 7.3265392e-001
 7.3296320e-001
 7.3327547e-001
 7.3357731e-001
 7.3385423e-001
 7.3409146e-001
 7.3427439e-001
 7.3439002e-001
 7.3442823e-001
 7.3438352e-001
 7.3425722e-001
 7.3405778e-001
 7.3380041e-001
 7.3350507e-001
 7.3319453e-001
 7.3289287e-001
 7.3262435e-001
 7.3241210e-001
 7.3227662e-001
 7.3223442e-001
 7.3229611e-001
 7.3246604e-001
 7.3274273e-001
 7.3312044e-001
 7.3359108e-001
 7.3414493e-001
 7.3477179e-001
 7.3546088e-001
 7.3620057e-001
 7.3697716e-001
 7.3777556e-001
 7.3857844e-001
 7.3936576e-001
 7.4011672e-001
 7.4080944e-001
 7.4142152e-001
 7.4193156e-001
 7.4231970e-001
 7.4256974e-001
 7.4267125e-001
 7.4262238e-001
 7.4242991e-001
 7.4210918e-001
 7.4168128e-001
 7.4117082e-001
 7.4060446e-001
 7.4000877e-001
 7.3940945e-001
 7.3883039e-001
 7.3829156e-001
 7.3780805e-001
 7.3738939e-001
 7.3704046e-001
 7.3676211e-001
 7.3655313e-001
 7.3641127e-001
 7.3633373e-001
 7.3631728e-001
 7.3635817e-001
 7.3645198e-001
 7.3659325e-001
 7.3677522e-001
 7.3699027e-001
 7.3722988e-001
 7.3748529e-001
 7.3774719e-001
 7.3800677e-001
 7.3825544e-001
 7.3848522e-001
 7.3868990e-001
 7.3886496e-001
 7.3900795e-001
 7.3911840e-001
 7.3919725e-001
 7.3924625e-001
 7.3926741e-001
 7.3926300e-001
 7.3923492e-001
 7.3918468e-001
 7.3911285e-001
 7.3901862e-001
 7.3890013e-001
 7.3875409e-001
 7.3857641e-001
 7.3836243e-001
 7.3810738e-001
 7.3780656e-001
 7.3745573e-001
 7.3705202e-001
 7.3659420e-001
 7.3608357e-001
 7.3552471e-001
 7.3492450e-001
 7.3429161e-001
 7.3363590e-001
 7.3296815e-001
 7.3229891e-001
 7.3163867e-001
 7.3099804e-001
 7.3038691e-001
 7.2981465e-001
 7.2929025e-001
 7.2882187e-001
 7.2841722e-001
 7.2808409e-001
 7.2782940e-001
 7.2765923e-001
 7.2757739e-001
 7.2758293e-001
 7.2766703e-001
 7.2781032e-001
 7.2798145e-001
 7.2813869e-001
 7.2823232e-001
 7.2820801e-001
 7.2800958e-001
 7.2758067e-001
 7.2686708e-001
 7.2582012e-001
 7.2439897e-001
 7.2257388e-001
 7.2032905e-001
 7.1765888e-001
 7.1456587e-001
 7.1105981e-001
 7.0715147e-001
 7.0285386e-001
 6.9818759e-001
 6.9317871e-001
 6.8786800e-001
 6.8231386e-001
 6.7659968e-001
 6.7082351e-001
 6.6509736e-001
 6.5954536e-001
 6.5429074e-001
 6.4945573e-001
 6.4515901e-001
 6.4150119e-001
 6.3855928e-001
 6.3637626e-001
 6.3495940e-001
 6.3428074e-001
 6.3428825e-001
 6.3491488e-001
 6.3608634e-001
 6.3772613e-001
 6.3975614e-001
 6.4210063e-001
 6.4468592e-001
 6.4743960e-001
 6.5029413e-001
 6.5318424e-001
 6.5604764e-001
 6.5882128e-001
 6.6144520e-001
 6.6386050e-001
 6.6600943e-001
 6.6784167e-001
 6.6931564e-001
 6.7040128e-001
 6.7108327e-001
 6.7135847e-001
 6.7123270e-001
 6.7071766e-001
 6.6982764e-001
 6.6857797e-001
 6.6698599e-001
 6.6506964e-001
 6.6284895e-001
 6.6034871e-001
 6.5759563e-001
 6.5461940e-001
 6.5145403e-001
 6.4813286e-001
 6.4469045e-001
 6.4115989e-001
 6.3757515e-001
 6.3396394e-001
 6.3034797e-001
 6.2674284e-001
 6.2315255e-001
 6.1957270e-001
 6.1599529e-001
 6.1240596e-001
 6.0878956e-001
 6.0512978e-001
 6.0141343e-001
 5.9762645e-001
 5.9375751e-001
 5.8980227e-001
 5.8575767e-001
 5.8162481e-001
 5.7741052e-001
 5.7312047e-001
 5.6876123e-001
 5.6434304e-001
 5.5987358e-001
 5.5536258e-001
 5.5082059e-001
 5.4626346e-001
 5.4170650e-001
 5.3716719e-001
 5.3266799e-001
 5.2822918e-001
 5.2387178e-001
 5.1962048e-001
 5.1549798e-001
 5.1153040e-001
 5.0774658e-001
 5.0418305e-001
 5.0087929e-001
 4.9787983e-001
 4.9523517e-001
 4.9299562e-001
 4.9121231e-001
 4.8993632e-001
 4.8921299e-001
 4.8907909e-001
 4.8955637e-001
 4.9064550e-001
 4.9232480e-001
 4.9455240e-001
 4.9726969e-001
 5.0041044e-001
 5.0390452e-001
 5.0767809e-001
 5.1166081e-001
 5.1578569e-001
 5.1998824e-001
 5.2421439e-001
 5.2841723e-001
 5.3255856e-001
 5.3660250e-001
 5.4051965e-001
 5.4428220e-001
 5.4786086e-001
 5.5123049e-001
 5.5436826e-001
 5.5725312e-001
 5.5987185e-001
 5.6221622e-001
 5.6428403e-001
 5.6607556e-001
 5.6759512e-001
 5.6884807e-001
 5.6983894e-001
 5.7057315e-001
 5.7105482e-001
 5.7128620e-001
 5.7126784e-001
 5.7099795e-001
 5.7047331e-001
 5.6968892e-001
 5.6863910e-001
 5.6731796e-001
 5.6572157e-001
 5.6384772e-001
 5.6169939e-001
 5.5928940e-001
 5.5664015e-001
 5.5378616e-001
 5.5077559e-001
 5.4766339e-001
 5.4451072e-001
 5.4138011e-001
 5.3833658e-001
 5.3544182e-001
 5.3275621e-001
 5.3034014e-001
 5.2831393e-001
 5.2704674e-001
 5.2577412e-001
 5.2487272e-001
 5.2432966e-001
 5.2413249e-001
 5.2426869e-001
 5.2472568e-001
 5.2549082e-001
 5.2655166e-001
 5.2789563e-001
 5.2950960e-001
 5.3136933e-001
 5.3344655e-001
 5.3571230e-001
 5.3813863e-001
 5.4069543e-001
 5.4335451e-001
 5.4608709e-001
 5.4886502e-001
 5.5165827e-001
 5.5443871e-001
 5.5717742e-001
 5.5984634e-001
 5.6241548e-001
 5.6485850e-001
 5.6716686e-001
 5.6934142e-001
 5.7138377e-001
 5.7329398e-001
 5.7507366e-001
 5.7672381e-001
 5.7824594e-001
 5.7964039e-001
 5.8090854e-001
 5.8205146e-001
 5.8307052e-001
 5.8396631e-001
 5.8473998e-001
 5.8539283e-001
 5.8592582e-001
 5.8634013e-001
 5.8663660e-001
 5.8681703e-001
 5.8688790e-001
 5.8685839e-001
 5.8673775e-001
 5.8653498e-001
 5.8625942e-001
 5.8592010e-001
 5.8552635e-001
 5.8508730e-001
 5.8461207e-001
 5.8410984e-001
 5.8358979e-001
 5.8306116e-001
 5.8253300e-001
 5.8201462e-001
 5.8151507e-001
 5.8104366e-001
 5.8060944e-001
 5.8022165e-001
 5.7988948e-001
 5.7962203e-001
 5.7942855e-001
 5.7931721e-001
 5.7928795e-001
 5.7933640e-001
 5.7945836e-001
 5.7964939e-001
 5.7990527e-001
 5.8022153e-001
 5.8059388e-001
 5.8101803e-001
 5.8148962e-001
 5.8200437e-001
 5.8255786e-001
 5.8314580e-001
 5.8376372e-001
 5.8440763e-001
 5.8507288e-001
 5.8575517e-001
 5.8645028e-001
 5.8715385e-001
 5.8786166e-001
 5.8856905e-001
 5.8927190e-001
 5.8996588e-001
 5.9064680e-001
 5.9130996e-001
 5.9195131e-001
 5.9256679e-001
 5.9315586e-001
 5.9371936e-001
 5.9425831e-001
 5.9477365e-001
 5.9526634e-001
 5.9573752e-001
 5.9618783e-001
 5.9661859e-001
 5.9703052e-001
 5.9742475e-001
 5.9780216e-001
 5.9816372e-001
 5.9851038e-001
 5.9884328e-001
 5.9916317e-001
 5.9947115e-001
 5.9976816e-001
 6.0005516e-001
 6.0033309e-001
 6.0060298e-001
 6.0086566e-001
 6.0112232e-001
 6.0137391e-001
 6.0162121e-001
 6.0186523e-001
 6.0210711e-001
 6.0234767e-001
 6.0258800e-001
 6.0282886e-001
 6.0307133e-001
 6.0331476e-001
 6.0355794e-001
 6.0380012e-001
