s07_ASD Record=9758: Quartz GDS31 0-74um fr        BECKa AREF
 7.1210635e-001
 7.1245587e-001
 7.1281576e-001
 7.1326965e-001
 7.1387583e-001
 7.1464992e-001
 7.1557164e-001
 7.1660578e-001
 7.1772140e-001
 7.1889877e-001
 7.2012675e-001
 7.2139418e-001
 7.2268295e-001
 7.2396308e-001
 7.2519314e-001
 7.2633135e-001
 7.2735405e-001
 7.2826546e-001
 7.2909534e-001
 7.2988570e-001
 7.3067272e-001
 7.3147249e-001
 7.3227930e-001
 7.3307633e-001
 7.3384964e-001
 7.3459643e-001
 7.3532641e-001
 7.3605394e-001
 7.3679191e-001
 7.3755187e-001
 7.3834479e-001
 7.3917866e-001
 7.4005568e-001
 7.4097204e-001
 7.4191552e-001
 7.4286920e-001
 7.4382097e-001
 7.4476773e-001
 7.4571323e-001
 7.4666125e-001
 7.4760795e-001
 7.4853826e-001
 7.4942720e-001
 7.5024676e-001
 7.5097430e-001
 7.5160015e-001
 7.5213224e-001
 7.5259638e-001
 7.5303143e-001
 7.5347990e-001
 7.5397575e-001
 7.5453436e-001
 7.5514966e-001
 7.5580150e-001
 7.5646770e-001
 7.5713360e-001
 7.5779325e-001
 7.5844532e-001
 7.5908703e-001
 7.5970954e-001
 7.6029640e-001
 7.6084179e-001
 7.6134378e-001
 7.6179719e-001
 7.6220763e-001
 7.6261628e-001
 7.6307106e-001
 7.6359689e-001
 7.6419145e-001
 7.6482588e-001
 7.6546162e-001
 7.6607484e-001
 7.6666659e-001
 7.6725167e-001
 7.6784027e-001
 7.6842630e-001
 7.6899076e-001
 7.6951545e-001
 7.6999670e-001
 7.7044833e-001
 7.7089232e-001
 7.7134389e-001
 7.7180052e-001
 7.7224523e-001
 7.7266145e-001
 7.7304941e-001
 7.7343136e-001
 7.7383947e-001
 7.7429557e-001
 7.7479696e-001
 7.7531832e-001
 7.7582771e-001
 7.7630353e-001
 7.7674204e-001
 7.7715158e-001
 7.7754050e-001
 7.7790838e-001
 7.7824736e-001
 7.7855349e-001
 7.7883947e-001
 7.7913576e-001
 7.7947676e-001
 7.7988154e-001
 7.8034222e-001
 7.8082722e-001
 7.8130168e-001
 7.8175229e-001
 7.8219289e-001
 7.8264505e-001
 7.8310943e-001
 7.8355438e-001
 7.8393704e-001
 7.8424162e-001
 7.8449988e-001
 7.8477126e-001
 7.8509778e-001
 7.8547460e-001
 7.8586119e-001
 7.8621835e-001
 7.8653193e-001
 7.8680664e-001
 7.8704715e-001
 7.8725708e-001
 7.8745586e-001
 7.8768694e-001
 7.8799957e-001
 7.8841597e-001
 7.8891098e-001
 7.8942257e-001
 7.8988743e-001
 7.9027891e-001
 7.9061878e-001
 7.9095000e-001
 7.9129237e-001
 7.9161894e-001
 7.9187608e-001
 7.9202801e-001
 7.9208660e-001
 7.9210204e-001
 7.9212755e-001
 7.9219753e-001
 7.9233932e-001
 7.9259640e-001
 7.9301423e-001
 7.9358202e-001
 7.9419172e-001
 7.9468000e-001
 7.9493672e-001
 7.9498357e-001
 7.9495704e-001
 7.9501635e-001
 7.9525274e-001
 7.9565448e-001
 7.9613233e-001
 7.9657632e-001
 7.9690856e-001
 7.9710907e-001
 7.9721212e-001
 7.9728395e-001
 7.9739577e-001
 7.9760188e-001
 7.9792458e-001
 7.9834819e-001
 7.9881936e-001
 7.9925960e-001
 7.9959708e-001
 7.9981047e-001
 7.9995030e-001
 8.0010957e-001
 8.0036020e-001
 8.0070609e-001
 8.0108881e-001
 8.0143505e-001
 8.0170876e-001
 8.0192989e-001
 8.0214304e-001
 8.0236250e-001
 8.0255246e-001
 8.0266958e-001
 8.0271029e-001
 8.0269706e-001
 8.0262876e-001
 8.0248350e-001
 8.0228674e-001
 8.0215126e-001
 8.0221021e-001
 8.0248833e-001
 8.0285096e-001
 8.0310559e-001
 8.0316597e-001
 8.0311513e-001
 8.0311614e-001
 8.0327225e-001
 8.0356348e-001
 8.0388963e-001
 8.0415642e-001
 8.0432993e-001
 8.0443555e-001
 8.0452675e-001
 8.0464917e-001
 8.0481070e-001
 8.0497181e-001
 8.0507350e-001
 8.0509216e-001
 8.0507714e-001
 8.0512375e-001
 8.0529070e-001
 8.0554128e-001
 8.0577999e-001
 8.0595273e-001
 8.0610090e-001
 8.0630636e-001
 8.0658078e-001
 8.0682385e-001
 8.0691195e-001
 8.0683535e-001
 8.0673558e-001
 8.0679536e-001
 8.0707794e-001
 8.0745769e-001
 8.0771559e-001
 8.0773795e-001
 8.0765140e-001
 8.0773860e-001
 8.0816466e-001
 8.0879128e-001
 8.0931169e-001
 8.0955821e-001
 8.0962819e-001
 8.0973786e-001
 8.1002659e-001
 8.1049275e-001
 8.1104499e-001
 8.1157094e-001
 8.1197149e-001
 8.1217343e-001
 8.1215048e-001
 8.1194460e-001
 8.1165856e-001
 8.1142002e-001
 8.1134236e-001
 8.1148857e-001
 8.1183988e-001
 8.1230092e-001
 8.1276393e-001
 8.1317508e-001
 8.1352633e-001
 8.1379324e-001
 8.1390816e-001
 8.1380630e-001
 8.1351471e-001
 8.1323248e-001
 8.1327647e-001
 8.1380898e-001
 8.1457365e-001
 8.1508231e-001
 8.1511366e-001
 8.1485939e-001
 8.1465483e-001
 8.1471580e-001
 8.1503004e-001
 8.1542152e-001
 8.1575918e-001
 8.1600982e-001
 8.1612056e-001
 8.1607103e-001
 8.1597203e-001
 8.1594127e-001
 8.1600976e-001
 8.1617445e-001
 8.1636655e-001
 8.1645572e-001
 8.1643009e-001
 8.1644624e-001
 8.1662893e-001
 8.1691062e-001
 8.1709450e-001
 8.1707442e-001
 8.1699234e-001
 8.1708401e-001
 8.1736290e-001
 8.1756997e-001
 8.1748056e-001
 8.1720084e-001
 8.1706041e-001
 8.1724244e-001
 8.1761497e-001
 8.1790799e-001
 8.1799763e-001
 8.1799573e-001
 8.1807464e-001
 8.1824219e-001
 8.1838298e-001
 8.1850523e-001
 8.1874281e-001
 8.1906629e-001
 8.1924653e-001
 8.1921345e-001
 8.1921870e-001
 8.1951869e-001
 8.2006180e-001
 8.2056725e-001
 8.2081759e-001
 8.2083839e-001
 8.2083243e-001
 8.2095826e-001
 8.2117701e-001
 8.2129991e-001
 8.2117528e-001
 8.2084632e-001
 8.2052279e-001
 8.2038867e-001
 8.2046199e-001
 8.2062680e-001
 8.2073933e-001
 8.2071310e-001
 8.2057261e-001
 8.2045132e-001
 8.2051003e-001
 8.2079011e-001
 8.2113802e-001
 8.2135600e-001
 8.2141453e-001
 8.2145530e-001
 8.2162029e-001
 8.2192677e-001
 8.2227069e-001
 8.2250261e-001
 8.2249951e-001
 8.2221764e-001
 8.2174891e-001
 8.2133877e-001
 8.2127446e-001
 8.2166177e-001
 8.2228428e-001
 8.2273751e-001
 8.2276422e-001
 8.2248402e-001
 8.2228559e-001
 8.2248837e-001
 8.2309628e-001
 8.2384402e-001
 8.2442588e-001
 8.2467246e-001
 8.2457620e-001
 8.2423949e-001
 8.2382643e-001
 8.2352263e-001
 8.2349020e-001
 8.2382441e-001
 8.2450140e-001
 8.2531780e-001
 8.2590729e-001
 8.2600951e-001
 8.2581103e-001
 8.2558364e-001
 8.2534063e-001
 8.2507265e-001
 8.2497591e-001
 8.2516390e-001
 8.2539707e-001
 8.2537693e-001
 8.2514423e-001
 8.2502717e-001
 8.2528323e-001
 8.2577372e-001
 8.2600254e-001
 8.2565039e-001
 8.2500309e-001
 8.2470924e-001
 8.2517332e-001
 8.2611126e-001
 8.2671982e-001
 8.2655317e-001
 8.2603997e-001
 8.2581896e-001
 8.2597429e-001
 8.2624245e-001
 8.2649183e-001
 8.2665896e-001
 8.2658118e-001
 8.2622957e-001
 8.2587206e-001
 8.2572085e-001
 8.2565284e-001
 8.2553387e-001
 8.2552874e-001
 8.2580483e-001
 8.2619113e-001
 8.2638937e-001
 8.2634890e-001
 8.2629853e-001
 8.2652229e-001
 8.2712865e-001
 8.2794893e-001
 8.2861018e-001
 8.2881624e-001
 8.2857072e-001
 8.2814401e-001
 8.2797134e-001
 8.2816869e-001
 8.2835138e-001
 8.2829750e-001
 8.2822913e-001
 8.2840091e-001
 8.2881236e-001
 8.2924169e-001
 8.2945597e-001
 8.2942200e-001
 8.2931441e-001
 8.2932293e-001
 8.2948506e-001
 8.2968575e-001
 8.2978803e-001
 8.2973903e-001
 8.2957733e-001
 8.2938576e-001
 8.2928318e-001
 8.2940906e-001
 8.2983786e-001
 8.3044922e-001
 8.3093894e-001
 8.3104229e-001
 8.3080268e-001
 8.3053482e-001
 8.3053052e-001
 8.3086562e-001
 8.3137286e-001
 8.3175433e-001
 8.3181834e-001
 8.3167535e-001
 8.3144337e-001
 8.3124447e-001
 8.3111918e-001
 8.3107466e-001
 8.3111840e-001
 8.3125061e-001
 8.3142418e-001
 8.3157313e-001
 8.3163130e-001
 8.3154827e-001
 8.3137584e-001
 8.3120751e-001
 8.3113670e-001
 8.3123684e-001
 8.3144915e-001
 8.3166146e-001
 8.3176106e-001
 8.3165616e-001
 8.3139288e-001
 8.3102185e-001
 8.3076620e-001
 8.3067298e-001
 8.3076262e-001
 8.3097625e-001
 8.3125192e-001
 8.3152741e-001
 8.3174247e-001
 8.3187699e-001
 8.3195090e-001
 8.3198535e-001
 8.3200210e-001
 8.3202219e-001
 8.3205569e-001
 8.3210224e-001
 8.3216113e-001
 8.3223140e-001
 8.3231211e-001
 8.3239669e-001
 8.3247352e-001
 8.3253074e-001
 8.3255661e-001
 8.3253914e-001
 8.3247328e-001
 8.3238071e-001
 8.3228958e-001
 8.3222795e-001
 8.3222395e-001
 8.3230585e-001
 8.3249152e-001
 8.3276117e-001
 8.3308554e-001
 8.3343542e-001
 8.3378148e-001
 8.3409470e-001
 8.3434570e-001
 8.3451307e-001
 8.3460480e-001
 8.3463579e-001
 8.3462119e-001
 8.3457577e-001
 8.3451462e-001
 8.3445281e-001
 8.3440518e-001
 8.3438331e-001
 8.3438581e-001
 8.3440799e-001
 8.3444530e-001
 8.3449316e-001
 8.3454716e-001
 8.3460259e-001
 8.3465505e-001
 8.3470130e-001
 8.3474404e-001
 8.3478707e-001
 8.3483434e-001
 8.3488965e-001
 8.3495682e-001
 8.3503985e-001
 8.3514255e-001
 8.3526689e-001
 8.3540815e-001
 8.3555979e-001
 8.3571559e-001
 8.3586901e-001
 8.3601356e-001
 8.3614314e-001
 8.3625084e-001
 8.3633089e-001
 8.3637649e-001
 8.3638114e-001
 8.3633876e-001
 8.3624673e-001
 8.3611697e-001
 8.3596462e-001
 8.3580494e-001
 8.3565301e-001
 8.3552414e-001
 8.3543324e-001
 8.3539581e-001
 8.3542681e-001
 8.3554143e-001
 8.3575487e-001
 8.3608228e-001
 8.3653086e-001
 8.3707958e-001
 8.3770078e-001
 8.3836710e-001
 8.3905113e-001
 8.3972520e-001
 8.4036195e-001
 8.4093392e-001
 8.4141362e-001
 8.4177345e-001
 8.4198612e-001
 8.4203368e-001
 8.4193206e-001
 8.4170449e-001
 8.4137428e-001
 8.4096497e-001
 8.4049970e-001
 8.4000176e-001
 8.3949447e-001
 8.3900124e-001
 8.3854538e-001
 8.3814538e-001
 8.3780342e-001
 8.3751792e-001
 8.3728749e-001
 8.3711046e-001
 8.3698571e-001
 8.3691132e-001
 8.3688629e-001
 8.3690876e-001
 8.3697736e-001
 8.3708996e-001
 8.3724189e-001
 8.3742797e-001
 8.3764309e-001
 8.3788198e-001
 8.3813953e-001
 8.3841050e-001
 8.3869004e-001
 8.3897257e-001
 8.3925325e-001
 8.3952618e-001
 8.3978438e-001
 8.4002012e-001
 8.4022605e-001
 8.4039444e-001
 8.4051794e-001
 8.4058875e-001
 8.4059960e-001
 8.4054279e-001
 8.4041375e-001
 8.4021765e-001
 8.3996201e-001
 8.3965379e-001
 8.3930051e-001
 8.3890927e-001
 8.3848751e-001
 8.3804244e-001
 8.3758408e-001
 8.3713073e-001
 8.3670300e-001
 8.3632135e-001
 8.3600599e-001
 8.3577734e-001
 8.3565575e-001
 8.3566165e-001
 8.3580893e-001
 8.3609033e-001
 8.3649451e-001
 8.3700991e-001
 8.3762503e-001
 8.3832836e-001
 8.3910859e-001
 8.3995396e-001
 8.4084558e-001
 8.4173930e-001
 8.4258652e-001
 8.4326965e-001
 8.4384322e-001
 8.4422278e-001
 8.4437692e-001
 8.4430939e-001
 8.4405273e-001
 8.4365940e-001
 8.4319168e-001
 8.4271389e-001
 8.4228349e-001
 8.4193808e-001
 8.4168679e-001
 8.4151798e-001
 8.4141147e-001
 8.4134597e-001
 8.4130335e-001
 8.4127176e-001
 8.4124672e-001
 8.4122920e-001
 8.4122270e-001
 8.4123152e-001
 8.4125948e-001
 8.4130907e-001
 8.4138149e-001
 8.4147662e-001
 8.4159356e-001
 8.4173024e-001
 8.4188217e-001
 8.4204131e-001
 8.4219563e-001
 8.4232998e-001
 8.4242827e-001
 8.4247637e-001
 8.4246588e-001
 8.4239697e-001
 8.4227979e-001
 8.4213233e-001
 8.4197640e-001
 8.4183335e-001
 8.4171957e-001
 8.4178638e-001
 8.4173113e-001
 8.4168506e-001
 8.4164804e-001
 8.4161925e-001
 8.4159780e-001
 8.4158319e-001
 8.4157598e-001
 8.4157753e-001
 8.4159034e-001
 8.4161741e-001
 8.4166151e-001
 8.4172422e-001
 8.4180462e-001
 8.4189898e-001
 8.4200013e-001
 8.4209836e-001
 8.4218216e-001
 8.4224027e-001
 8.4226376e-001
 8.4224766e-001
 8.4219217e-001
 8.4210306e-001
 8.4199113e-001
 8.4187084e-001
 8.4175903e-001
 8.4167302e-001
 8.4162748e-001
 8.4163272e-001
 8.4169227e-001
 8.4180301e-001
 8.4195691e-001
 8.4214318e-001
 8.4235078e-001
 8.4257001e-001
 8.4279382e-001
 8.4301746e-001
 8.4323788e-001
 8.4345299e-001
 8.4366053e-001
 8.4385806e-001
 8.4404320e-001
 8.4421402e-001
 8.4437019e-001
 8.4451264e-001
 8.4464359e-001
 8.4476519e-001
 8.4487873e-001
 8.4498340e-001
 8.4507585e-001
 8.4515101e-001
 8.4520346e-001
 8.4522903e-001
 8.4522688e-001
 8.4520030e-001
 8.4515679e-001
 8.4510690e-001
 8.4506226e-001
 8.4503329e-001
 8.4502733e-001
 8.4504730e-001
 8.4509140e-001
 8.4515440e-001
 8.4522879e-001
 8.4530675e-001
 8.4538162e-001
 8.4544915e-001
 8.4550774e-001
 8.4555805e-001
 8.4560269e-001
 8.4564483e-001
 8.4568745e-001
 8.4573245e-001
 8.4578043e-001
 8.4583044e-001
 8.4587997e-001
 8.4592551e-001
 8.4596270e-001
 8.4598708e-001
 8.4599411e-001
 8.4597987e-001
 8.4594136e-001
 8.4587699e-001
 8.4578717e-001
 8.4567505e-001
 8.4554678e-001
 8.4541196e-001
 8.4528279e-001
 8.4517324e-001
 8.4509706e-001
 8.4506541e-001
 8.4508443e-001
 8.4515369e-001
 8.4526563e-001
 8.4540629e-001
 8.4555799e-001
 8.4570277e-001
 8.4582561e-001
 8.4591794e-001
 8.4597862e-001
 8.4601355e-001
 8.4603363e-001
 8.4605128e-001
 8.4607708e-001
 8.4611756e-001
 8.4617364e-001
 8.4624177e-001
 8.4631562e-001
 8.4638870e-001
 8.4645653e-001
 8.4651828e-001
 8.4657639e-001
 8.4663552e-001
 8.4670055e-001
 8.4677464e-001
 8.4685761e-001
 8.4694541e-001
 8.4703070e-001
 8.4710443e-001
 8.4715766e-001
 8.4718359e-001
 8.4717935e-001
 8.4714651e-001
 8.4709126e-001
 8.4702319e-001
 8.4695369e-001
 8.4689415e-001
 8.4685391e-001
 8.4683913e-001
 8.4685189e-001
 8.4689063e-001
 8.4695077e-001
 8.4702635e-001
 8.4711146e-001
 8.4720159e-001
 8.4729457e-001
 8.4739059e-001
 8.4749192e-001
 8.4760189e-001
 8.4772354e-001
 8.4785873e-001
 8.4800690e-001
 8.4816480e-001
 8.4832639e-001
 8.4848338e-001
 8.4862649e-001
 8.4874642e-001
 8.4883529e-001
 8.4888786e-001
 8.4890252e-001
 8.4888136e-001
 8.4883040e-001
 8.4875864e-001
 8.4867680e-001
 8.4859604e-001
 8.4852612e-001
 8.4847432e-001
 8.4844398e-001
 8.4843469e-001
 8.4844238e-001
 8.4846008e-001
 8.4847957e-001
 8.4849280e-001
 8.4849274e-001
 8.4847456e-001
 8.4843546e-001
 8.4837466e-001
 8.4829241e-001
 8.4818983e-001
 8.4806854e-001
 8.4793085e-001
 8.4778053e-001
 8.4762329e-001
 8.4746742e-001
 8.4732360e-001
 8.4720415e-001
 8.4712148e-001
 8.4708661e-001
 8.4710711e-001
 8.4718615e-001
 8.4732193e-001
 8.4750801e-001
 8.4773445e-001
 8.4798926e-001
 8.4825969e-001
 8.4853339e-001
 8.4879881e-001
 8.4904569e-001
 8.4926510e-001
 8.4944916e-001
 8.4959179e-001
 8.4968883e-001
 8.4973854e-001
 8.4974217e-001
 8.4970409e-001
 8.4963113e-001
 8.4953213e-001
 8.4941661e-001
 8.4929371e-001
 8.4917152e-001
 8.4905660e-001
 8.4895402e-001
 8.4886783e-001
 8.4880149e-001
 8.4875846e-001
 8.4874201e-001
 8.4875506e-001
 8.4879977e-001
 8.4887695e-001
 8.4898567e-001
 8.4912324e-001
 8.4928542e-001
 8.4946698e-001
 8.4966201e-001
 8.4986424e-001
 8.5006720e-001
 8.5026413e-001
 8.5044765e-001
 8.5060978e-001
 8.5074276e-001
 8.5083932e-001
 8.5089445e-001
 8.5090595e-001
 8.5087574e-001
 8.5080951e-001
 8.5071653e-001
 8.5060781e-001
 8.5049468e-001
 8.5038716e-001
 8.5029244e-001
 8.5021472e-001
 8.5015547e-001
 8.5011423e-001
 8.5009015e-001
 8.5008252e-001
 8.5009152e-001
 8.5011804e-001
 8.5016310e-001
 8.5022670e-001
 8.5030746e-001
 8.5040194e-001
 8.5050470e-001
 8.5060936e-001
 8.5070938e-001
 8.5079914e-001
 8.5087496e-001
 8.5093558e-001
 8.5098219e-001
 8.5101771e-001
 8.5104638e-001
 8.5107213e-001
 8.5109812e-001
 8.5112613e-001
 8.5115606e-001
 8.5118657e-001
 8.5121584e-001
 8.5124195e-001
 8.5126424e-001
 8.5128337e-001
 8.5130155e-001
 8.5132176e-001
 8.5134721e-001
 8.5138023e-001
 8.5142183e-001
 8.5147142e-001
 8.5152715e-001
 8.5158706e-001
 8.5164982e-001
 8.5171539e-001
 8.5178548e-001
 8.5186249e-001
 8.5194874e-001
 8.5204482e-001
 8.5214829e-001
 8.5225314e-001
 8.5235035e-001
 8.5242879e-001
 8.5247773e-001
 8.5248852e-001
 8.5245663e-001
 8.5238278e-001
 8.5227287e-001
 8.5213679e-001
 8.5198706e-001
 8.5183644e-001
 8.5169607e-001
 8.5157418e-001
 8.5147512e-001
 8.5139984e-001
 8.5134655e-001
 8.5131228e-001
 8.5129392e-001
 8.5128975e-001
 8.5129994e-001
 8.5132641e-001
 8.5137236e-001
 8.5144079e-001
 8.5153323e-001
 8.5164893e-001
 8.5178381e-001
 8.5193110e-001
 8.5208201e-001
 8.5222691e-001
 8.5235727e-001
 8.5246646e-001
 8.5255086e-001
 8.5260987e-001
 8.5264581e-001
 8.5266304e-001
 8.5266709e-001
 8.5266423e-001
 8.5266048e-001
 8.5266125e-001
 8.5267127e-001
 8.5269374e-001
 8.5273033e-001
 8.5278046e-001
 8.5284144e-001
 8.5290831e-001
 8.5297465e-001
 8.5303366e-001
 8.5307938e-001
 8.5310811e-001
 8.5311949e-001
 8.5311669e-001
 8.5310584e-001
 8.5309488e-001
 8.5309154e-001
 8.5310161e-001
 8.5312748e-001
 8.5316712e-001
 8.5321450e-001
 8.5326076e-001
 8.5329556e-001
 8.5330933e-001
 8.5329503e-001
 8.5324955e-001
 8.5317421e-001
 8.5307425e-001
 8.5295820e-001
 8.5283601e-001
 8.5271734e-001
 8.5260999e-001
 8.5251904e-001
 8.5244638e-001
 8.5239130e-001
 8.5235149e-001
 8.5232443e-001
 8.5230851e-001
 8.5230368e-001
 8.5231161e-001
 8.5233468e-001
 8.5237515e-001
 8.5243362e-001
 8.5250813e-001
 8.5259354e-001
 8.5268217e-001
 8.5276490e-001
 8.5283279e-001
 8.5287917e-001
 8.5290146e-001
 8.5290205e-001
 8.5288858e-001
 8.5287279e-001
 8.5286891e-001
 8.5289073e-001
 8.5294914e-001
 8.5304993e-001
 8.5319233e-001
 8.5336941e-001
 8.5356969e-001
 8.5377914e-001
 8.5398477e-001
 8.5417670e-001
 8.5434997e-001
 8.5450464e-001
 8.5464466e-001
 8.5477579e-001
 8.5490304e-001
 8.5502893e-001
 8.5515195e-001
 8.5526717e-001
 8.5536683e-001
 8.5544229e-001
 8.5548592e-001
 8.5549229e-001
 8.5545921e-001
 8.5538733e-001
 8.5527998e-001
 8.5514188e-001
 8.5497850e-001
 8.5479552e-001
 8.5459805e-001
 8.5439134e-001
 8.5418034e-001
 8.5397047e-001
 8.5376745e-001
 8.5357785e-001
 8.5340863e-001
 8.5326725e-001
 8.5316110e-001
 8.5309720e-001
 8.5308182e-001
 8.5311919e-001
 8.5321128e-001
 8.5335660e-001
 8.5354978e-001
 8.5378128e-001
 8.5403794e-001
 8.5430390e-001
 8.5456258e-001
 8.5479867e-001
 8.5500050e-001
 8.5516173e-001
 8.5528225e-001
 8.5536808e-001
 8.5543001e-001
 8.5548133e-001
 8.5553497e-001
 8.5560083e-001
 8.5568351e-001
 8.5578114e-001
 8.5588574e-001
 8.5598475e-001
 8.5606384e-001
 8.5611016e-001
 8.5611576e-001
 8.5608006e-001
 8.5601079e-001
 8.5592324e-001
 8.5583746e-001
 8.5577482e-001
 8.5575324e-001
 8.5578376e-001
 8.5586774e-001
 8.5599685e-001
 8.5615456e-001
 8.5631919e-001
 8.5646856e-001
 8.5658365e-001
 8.5665220e-001
 8.5667026e-001
 8.5664237e-001
 8.5657990e-001
 8.5649872e-001
 8.5641611e-001
 8.5634780e-001
 8.5630578e-001
 8.5629714e-001
 8.5632384e-001
 8.5638338e-001
 8.5647041e-001
 8.5657787e-001
 8.5669875e-001
 8.5682654e-001
 8.5695565e-001
 8.5708112e-001
 8.5719776e-001
 8.5730010e-001
 8.5738206e-001
 8.5743761e-001
 8.5746169e-001
 8.5745150e-001
 8.5740715e-001
 8.5733229e-001
 8.5723335e-001
 8.5711861e-001
 8.5699642e-001
 8.5687381e-001
 8.5675520e-001
 8.5664237e-001
 8.5653496e-001
 8.5643226e-001
 8.5633469e-001
 8.5624576e-001
 8.5617292e-001
 8.5612762e-001
 8.5612458e-001
 8.5617942e-001
 8.5630625e-001
 8.5651505e-001
 8.5680944e-001
 8.5718495e-001
 8.5762900e-001
 8.5812211e-001
 8.5863960e-001
 8.5915494e-001
 8.5964209e-001
 8.6007816e-001
 8.6044502e-001
 8.6072952e-001
 8.6092299e-001
 8.6102045e-001
 8.6101961e-001
 8.6092043e-001
 8.6072582e-001
 8.6044246e-001
 8.6008221e-001
 8.5966283e-001
 8.5920781e-001
 8.5874486e-001
 8.5830343e-001
 8.5791069e-001
 8.5758865e-001
 8.5735089e-001
 8.5720158e-001
 8.5713559e-001
 8.5714024e-001
 8.5719836e-001
 8.5729140e-001
 8.5740262e-001
 8.5751945e-001
 8.5763425e-001
 8.5774469e-001
 8.5785282e-001
 8.5796332e-001
 8.5808188e-001
 8.5821325e-001
 8.5835969e-001
 8.5851961e-001
 8.5868752e-001
 8.5885459e-001
 8.5900956e-001
 8.5913998e-001
 8.5923320e-001
 8.5927737e-001
 8.5926312e-001
 8.5918516e-001
 8.5904366e-001
 8.5884559e-001
 8.5860419e-001
 8.5833836e-001
 8.5807037e-001
 8.5782379e-001
 8.5761970e-001
 8.5747445e-001
 8.5739797e-001
 8.5739356e-001
 8.5745871e-001
 8.5758609e-001
 8.5776496e-001
 8.5798246e-001
 8.5822457e-001
 8.5847700e-001
 8.5872626e-001
 8.5896051e-001
 8.5916996e-001
 8.5934746e-001
 8.5948879e-001
 8.5959250e-001
 8.5966009e-001
 8.5969573e-001
 8.5970587e-001
 8.5969841e-001
 8.5968244e-001
 8.5966688e-001
 8.5966039e-001
 8.5967040e-001
 8.5970277e-001
 8.5976166e-001
 8.5984904e-001
 8.5996401e-001
 8.6010283e-001
 8.6025894e-001
 8.6042285e-001
 8.6058336e-001
 8.6072838e-001
 8.6084664e-001
 8.6092937e-001
 8.6097193e-001
 8.6097562e-001
 8.6094785e-001
 8.6090130e-001
 8.6085176e-001
 8.6081511e-001
 8.6080462e-001
 8.6082834e-001
 8.6088747e-001
 8.6097610e-001
 8.6108166e-001
 8.6118644e-001
 8.6127073e-001
 8.6131591e-001
 8.6130774e-001
 8.6123931e-001
 8.6111259e-001
 8.6093813e-001
 8.6073357e-001
 8.6052096e-001
 8.6032271e-001
 8.6015874e-001
 8.6004287e-001
 8.5998148e-001
 8.5997272e-001
 8.6000752e-001
 8.6007184e-001
 8.6014897e-001
 8.6022294e-001
 8.6028063e-001
 8.6031383e-001
 8.6031991e-001
 8.6030138e-001
 8.6026496e-001
 8.6021966e-001
 8.6017501e-001
 8.6013925e-001
 8.6011821e-001
 8.6011463e-001
 8.6012799e-001
 8.6015546e-001
 8.6019230e-001
 8.6023343e-001
 8.6027402e-001
 8.6031044e-001
 8.6034095e-001
 8.6036563e-001
 8.6038649e-001
 8.6040729e-001
 8.6043274e-001
 8.6046857e-001
 8.6052042e-001
 8.6059350e-001
 8.6069196e-001
 8.6081827e-001
 8.6097264e-001
 8.6115247e-001
 8.6135232e-001
 8.6156392e-001
 8.6177659e-001
 8.6197793e-001
 8.6215490e-001
 8.6229497e-001
 8.6238742e-001
 8.6242425e-001
 8.6240113e-001
 8.6231762e-001
 8.6217779e-001
 8.6198950e-001
 8.6176455e-001
 8.6151761e-001
 8.6126554e-001
 8.6102635e-001
 8.6081767e-001
 8.6065578e-001
 8.6055338e-001
 8.6051863e-001
 8.6055362e-001
 8.6065388e-001
 8.6080849e-001
 8.6100060e-001
 8.6120969e-001
 8.6141360e-001
 8.6159152e-001
 8.6172688e-001
 8.6180937e-001
 8.6183661e-001
 8.6181343e-001
 8.6175036e-001
 8.6166149e-001
 8.6156189e-001
 8.6146498e-001
 8.6138093e-001
 8.6131531e-001
 8.6126882e-001
 8.6123723e-001
 8.6121255e-001
 8.6118454e-001
 8.6114299e-001
 8.6107999e-001
 8.6099190e-001
 8.6088055e-001
 8.6075318e-001
 8.6062175e-001
 8.6050057e-001
 8.6040443e-001
 8.6034560e-001
 8.6033195e-001
 8.6036551e-001
 8.6044306e-001
 8.6055660e-001
 8.6069572e-001
 8.6084920e-001
 8.6100698e-001
 8.6116165e-001
 8.6130923e-001
 8.6144984e-001
 8.6158693e-001
 8.6172700e-001
 8.6187828e-001
 8.6204904e-001
 8.6224639e-001
 8.6247486e-001
 8.6273551e-001
 8.6302537e-001
 8.6333805e-001
 8.6366403e-001
 8.6399233e-001
 8.6431134e-001
 8.6461055e-001
 8.6488163e-001
 8.6511892e-001
 8.6532009e-001
 8.6548579e-001
 8.6561906e-001
 8.6572433e-001
 8.6580610e-001
 8.6586815e-001
 8.6591220e-001
 8.6593747e-001
 8.6594045e-001
 8.6591536e-001
 8.6585474e-001
 8.6575085e-001
 8.6559689e-001
 8.6538851e-001
 8.6512506e-001
 8.6481017e-001
 8.6445224e-001
 8.6406416e-001
 8.6366200e-001
 8.6326426e-001
 8.6289006e-001
 8.6255759e-001
 8.6228287e-001
 8.6207867e-001
 8.6195374e-001
 8.6191267e-001
 8.6195594e-001
 8.6207992e-001
 8.6227715e-001
 8.6253691e-001
 8.6284524e-001
 8.6318535e-001
 8.6353827e-001
 8.6388391e-001
 8.6420190e-001
 8.6447352e-001
 8.6468303e-001
 8.6481959e-001
 8.6487859e-001
 8.6486256e-001
 8.6478132e-001
 8.6465091e-001
 8.6449236e-001
 8.6432922e-001
 8.6418498e-001
 8.6408037e-001
 8.6403126e-001
 8.6404705e-001
 8.6412984e-001
 8.6427474e-001
 8.6447072e-001
 8.6470252e-001
 8.6495215e-001
 8.6520112e-001
 8.6543185e-001
 8.6562908e-001
 8.6578077e-001
 8.6587816e-001
 8.6591601e-001
 8.6589199e-001
 8.6580688e-001
 8.6566365e-001
 8.6546737e-001
 8.6522508e-001
 8.6494517e-001
 8.6463761e-001
 8.6431319e-001
 8.6398381e-001
 8.6366177e-001
 8.6335963e-001
 8.6309022e-001
 8.6286581e-001
 8.6269850e-001
 8.6259925e-001
 8.6257744e-001
 8.6263984e-001
 8.6278987e-001
 8.6302650e-001
 8.6334318e-001
 8.6372769e-001
 8.6416215e-001
 8.6462492e-001
 8.6509192e-001
 8.6553890e-001
 8.6594301e-001
 8.6628455e-001
 8.6654824e-001
 8.6672348e-001
 8.6680448e-001
 8.6679113e-001
 8.6668921e-001
 8.6650962e-001
 8.6626732e-001
 8.6598015e-001
 8.6566651e-001
 8.6534429e-001
 8.6502886e-001
 8.6473233e-001
 8.6446351e-001
 8.6418170e-001
 8.6398190e-001
 8.6382133e-001
 8.6369997e-001
 8.6361682e-001
 8.6356884e-001
 8.6355090e-001
 8.6355609e-001
 8.6357617e-001
 8.6360228e-001
 8.6362559e-001
 8.6363739e-001
 8.6363012e-001
 8.6359811e-001
 8.6353868e-001
 8.6345273e-001
 8.6334521e-001
 8.6322463e-001
 8.6310214e-001
 8.6299056e-001
 8.6290348e-001
 8.6285412e-001
 8.6285478e-001
 8.6291480e-001
 8.6303902e-001
 8.6322570e-001
 8.6346596e-001
 8.6374426e-001
 8.6404049e-001
 8.6433154e-001
 8.6459339e-001
 8.6480224e-001
 8.6493629e-001
 8.6497825e-001
 8.6491776e-001
 8.6475444e-001
 8.6449856e-001
 8.6417025e-001
 8.6379671e-001
 8.6340946e-001
 8.6304176e-001
 8.6272687e-001
 8.6249590e-001
 8.6237514e-001
 8.6238289e-001
 8.6252636e-001
 8.6280060e-001
 8.6318964e-001
 8.6366940e-001
 8.6421102e-001
 8.6478341e-001
 8.6535531e-001
 8.6589658e-001
 8.6638063e-001
 8.6678642e-001
 8.6710054e-001
 8.6731815e-001
 8.6744201e-001
 8.6748058e-001
 8.6744571e-001
 8.6735070e-001
 8.6720955e-001
 8.6703575e-001
 8.6684185e-001
 8.6663860e-001
 8.6643434e-001
 8.6623472e-001
 8.6604285e-001
 8.6586016e-001
 8.6568701e-001
 8.6552310e-001
 8.6536807e-001
 8.6522138e-001
 8.6508256e-001
 8.6495107e-001
 8.6482644e-001
 8.6470819e-001
 8.6459589e-001
 8.6448902e-001
 8.6438721e-001
 8.6429000e-001
 8.6419684e-001
 8.6410701e-001
 8.6401951e-001
 8.6393261e-001
 8.6384398e-001
 8.6375034e-001
 8.6364746e-001
 8.6353087e-001
 8.6339551e-001
 8.6323643e-001
 8.6304879e-001
 8.6282873e-001
 8.6257416e-001
 8.6228603e-001
 8.6196905e-001
 8.6163276e-001
 8.6129034e-001
 8.6095828e-001
 8.6065465e-001
 8.6039805e-001
 8.6020690e-001
 8.6009783e-001
 8.6008376e-001
 8.6017174e-001
 8.6036038e-001
 8.6063910e-001
 8.6098933e-001
 8.6138612e-001
 8.6180103e-001
 8.6220419e-001
 8.6256588e-001
 8.6285841e-001
 8.6305863e-001
 8.6315107e-001
 8.6313087e-001
 8.6300445e-001
 8.6278898e-001
 8.6250901e-001
 8.6219388e-001
 8.6187482e-001
 8.6158311e-001
 8.6134809e-001
 8.6119467e-001
 8.6114031e-001
 8.6119235e-001
 8.6134678e-001
 8.6158955e-001
 8.6189920e-001
 8.6224955e-001
 8.6261272e-001
 8.6296064e-001
 8.6326665e-001
 8.6350793e-001
 8.6366785e-001
 8.6373830e-001
 8.6372054e-001
 8.6362433e-001
 8.6346573e-001
 8.6326432e-001
 8.6304170e-001
 8.6281937e-001
 8.6261803e-001
 8.6245573e-001
 8.6234623e-001
 8.6229748e-001
 8.6231077e-001
 8.6238176e-001
 8.6250174e-001
 8.6265928e-001
 8.6284184e-001
 8.6303681e-001
 8.6323196e-001
 8.6341661e-001
 8.6358267e-001
 8.6372524e-001
 8.6384350e-001
 8.6393982e-001
 8.6401922e-001
 8.6408812e-001
 8.6415374e-001
 8.6422336e-001
 8.6430430e-001
 8.6440301e-001
 8.6452514e-001
 8.6467487e-001
 8.6485499e-001
 8.6506689e-001
 8.6531091e-001
 8.6558682e-001
 8.6589396e-001
 8.6623144e-001
 8.6659747e-001
 8.6698914e-001
 8.6740136e-001
 8.6782622e-001
 8.6825264e-001
 8.6866653e-001
 8.6905181e-001
 8.6939114e-001
 8.6966676e-001
 8.6986148e-001
 8.6995983e-001
 8.6994976e-001
 8.6982554e-001
 8.6958957e-001
 8.6925340e-001
 8.6883676e-001
 8.6836565e-001
 8.6786932e-001
 8.6737883e-001
 8.6692500e-001
 8.6653650e-001
 8.6623794e-001
 8.6604625e-001
 8.6596847e-001
 8.6600053e-001
 8.6612833e-001
 8.6633021e-001
 8.6658031e-001
 8.6685079e-001
 8.6711365e-001
 8.6734241e-001
 8.6751431e-001
 8.6761290e-001
 8.6763000e-001
 8.6756712e-001
 8.6743397e-001
 8.6724669e-001
 8.6702508e-001
 8.6679053e-001
 8.6656475e-001
 8.6636823e-001
 8.6621881e-001
 8.6612958e-001
 8.6610752e-001
 8.6615241e-001
 8.6625791e-001
 8.6641306e-001
 8.6660397e-001
 8.6681557e-001
 8.6703283e-001
 8.6724114e-001
 8.6742795e-001
 8.6758387e-001
 8.6770380e-001
 8.6778736e-001
 8.6783862e-001
 8.6786461e-001
 8.6787450e-001
 8.6787820e-001
 8.6788559e-001
 8.6790621e-001
 8.6794823e-001
 8.6801749e-001
 8.6811674e-001
 8.6824530e-001
 8.6839968e-001
 8.6857373e-001
 8.6876023e-001
 8.6895114e-001
 8.6913860e-001
 8.6931485e-001
 8.6947316e-001
 8.6960840e-001
 8.6971742e-001
 8.6979938e-001
 8.6985576e-001
 8.6988926e-001
 8.6990380e-001
 8.6990350e-001
 8.6989290e-001
 8.6987633e-001
 8.6985832e-001
 8.6984324e-001
 8.6983526e-001
 8.6983860e-001
 8.6985719e-001
 8.6989516e-001
 8.6995620e-001
 8.7004429e-001
 8.7016290e-001
 8.7031507e-001
 8.7050295e-001
 8.7072676e-001
 8.7098432e-001
 8.7127090e-001
 8.7157953e-001
 8.7190115e-001
 8.7222606e-001
 8.7254387e-001
 8.7284422e-001
 8.7311745e-001
 8.7335491e-001
 8.7355030e-001
 8.7369967e-001
 8.7380248e-001
 8.7386078e-001
 8.7387866e-001
 8.7386155e-001
 8.7381536e-001
 8.7374604e-001
 8.7365931e-001
 8.7356031e-001
 8.7345290e-001
 8.7333941e-001
 8.7322026e-001
 8.7309450e-001
 8.7295979e-001
 8.7281328e-001
 8.7265182e-001
 8.7247258e-001
 8.7227368e-001
 8.7205511e-001
 8.7182063e-001
 8.7157816e-001
 8.7134099e-001
 8.7112701e-001
 8.7095737e-001
 8.7085527e-001
 8.7084454e-001
 8.7094837e-001
 8.7118751e-001
 8.7157768e-001
 8.7212539e-001
 8.7282586e-001
 8.7366116e-001
 8.7460107e-001
 8.7560713e-001
 8.7663567e-001
 8.7764102e-001
 8.7857693e-001
 8.7940049e-001
 8.8007468e-001
 8.8057196e-001
 8.8087881e-001
 8.8099664e-001
 8.8094038e-001
 8.8073492e-001
 8.8041121e-001
 8.8000280e-001
 8.7954420e-001
 8.7906867e-001
 8.7860662e-001
 8.7818414e-001
 8.7782073e-001
 8.7752879e-001
 8.7731445e-001
 8.7717909e-001
 8.7712115e-001
 8.7713778e-001
 8.7722522e-001
 8.7737912e-001
 8.7759393e-001
 8.7786227e-001
 8.7817442e-001
 8.7851810e-001
 8.7887830e-001
 8.7923855e-001
 8.7958127e-001
 8.7988830e-001
 8.8014221e-001
 8.8032657e-001
 8.8042802e-001
 8.8043755e-001
 8.8035268e-001
 8.8017792e-001
 8.7992412e-001
 8.7960672e-001
 8.7924379e-001
 8.7885511e-001
 8.7845999e-001
 8.7807685e-001
 8.7772197e-001
 8.7740701e-001
 8.7713838e-001
 8.7691599e-001
 8.7673444e-001
 8.7658399e-001
 8.7645239e-001
 8.7632656e-001
 8.7619305e-001
 8.7603915e-001
 8.7585437e-001
 8.7563109e-001
 8.7536615e-001
 8.7506098e-001
 8.7472177e-001
 8.7435746e-001
 8.7397903e-001
 8.7359852e-001
 8.7322754e-001
 8.7287724e-001
 8.7255687e-001
 8.7227261e-001
 8.7202638e-001
 8.7181562e-001
 8.7163353e-001
 8.7147015e-001
 8.7131387e-001
 8.7115222e-001
 8.7097293e-001
 8.7076491e-001
 8.7051958e-001
 8.7023282e-001
 8.6990613e-001
 8.6954784e-001
 8.6917192e-001
 8.6879671e-001
 8.6844301e-001
 8.6813295e-001
 8.6788809e-001
 8.6772829e-001
 8.6766982e-001
 8.6772209e-001
 8.6788607e-001
 8.6815286e-001
 8.6850470e-001
 8.6891764e-001
 8.6936378e-001
 8.6981338e-001
 8.7023711e-001
 8.7060732e-001
 8.7090051e-001
 8.7110049e-001
 8.7120056e-001
 8.7120485e-001
 8.7112701e-001
 8.7098789e-001
 8.7081259e-001
 8.7062806e-001
 8.7046105e-001
 8.7033671e-001
 8.7027609e-001
 8.7029320e-001
 8.7039256e-001
 8.7056828e-001
 8.7080491e-001
 8.7108022e-001
 8.7136745e-001
 8.7163854e-001
 8.7186521e-001
 8.7202126e-001
 8.7208480e-001
 8.7204158e-001
 8.7188745e-001
 8.7162960e-001
 8.7128532e-001
 8.7087941e-001
 8.7044126e-001
 8.7000203e-001
 8.6959285e-001
 8.6924314e-001
 8.6897755e-001
 8.6881340e-001
 8.6875767e-001
 8.6880600e-001
 8.6894375e-001
 8.6914891e-001
 8.6939472e-001
 8.6965269e-001
 8.6989421e-001
 8.7009233e-001
 8.7022448e-001
 8.7027514e-001
 8.7023824e-001
 8.7011862e-001
 8.6993051e-001
 8.6969519e-001
 8.6943835e-001
 8.6918736e-001
 8.6896938e-001
 8.6880970e-001
 8.6872888e-001
 8.6873943e-001
 8.6884338e-001
 8.6903083e-001
 8.6928117e-001
 8.6956596e-001
 8.6985195e-001
 8.7010431e-001
 8.7028831e-001
 8.7037241e-001
 8.7033159e-001
 8.7015212e-001
 8.6983544e-001
 8.6939991e-001
 8.6887890e-001
 8.6831689e-001
 8.6776543e-001
 8.6727828e-001
 8.6690885e-001
 8.6670679e-001
 8.6671251e-001
 8.6695147e-001
 8.6742848e-001
 8.6812592e-001
 8.6900568e-001
 8.7001407e-001
 8.7108916e-001
 8.7216479e-001
 8.7317497e-001
 8.7405652e-001
 8.7475556e-001
 8.7523228e-001
 8.7546575e-001
 8.7545675e-001
 8.7522542e-001
 8.7480605e-001
 8.7424147e-001
 8.7357831e-001
 8.7286413e-001
 8.7214530e-001
 8.7146378e-001
 8.7085468e-001
 8.7034404e-001
 8.6994731e-001
 8.6967039e-001
 8.6951268e-001
 8.6946899e-001
 8.6953235e-001
 8.6969465e-001
 8.6994737e-001
 8.7028128e-001
 8.7068623e-001
 8.7115055e-001
 8.7166142e-001
 8.7220472e-001
 8.7276495e-001
 8.7332654e-001
 8.7387371e-001
 8.7439054e-001
 8.7486255e-001
 8.7527692e-001
 8.7562430e-001
 8.7589943e-001
 8.7610245e-001
 8.7623763e-001
 8.7631255e-001
 8.7633681e-001
 8.7632084e-001
 8.7627542e-001
 8.7621087e-001
 8.7613684e-001
 8.7606132e-001
 8.7599063e-001
 8.7592858e-001
 8.7587732e-001
 8.7583733e-001
 8.7580842e-001
 8.7578970e-001
 8.7578040e-001
 8.7577951e-001
 8.7578613e-001
 8.7579924e-001
 8.7581795e-001
 8.7584144e-001
 8.7586880e-001
 8.7589926e-001
 8.7593198e-001
 8.7596613e-001
 8.7600094e-001
 8.7603557e-001
 8.7606925e-001
 8.7610108e-001
 8.7613022e-001
 8.7615585e-001
 8.7617707e-001
 8.7619293e-001
 8.7620252e-001
 8.7620497e-001
 8.7619960e-001
 8.7618601e-001
 8.7616450e-001
 8.7613672e-001
 8.7610596e-001
 8.7607729e-001
 8.7605751e-001
 8.7605441e-001
 8.7607634e-001
 8.7613183e-001
 8.7622893e-001
 8.7637436e-001
 8.7657279e-001
 8.7682503e-001
 8.7712723e-001
 8.7747037e-001
 8.7784010e-001
 8.7821841e-001
 8.7858504e-001
 8.7891865e-001
 8.7919754e-001
 8.7940061e-001
 8.7950754e-001
 8.7949860e-001
 8.7936449e-001
 8.7913454e-001
 8.7870926e-001
 8.7819278e-001
 8.7761182e-001
 8.7699330e-001
 8.7636375e-001
 8.7575060e-001
 8.7518042e-001
 8.7467998e-001
 8.7427628e-001
 8.7399346e-001
 8.7383229e-001
 8.7378025e-001
 8.7382472e-001
 8.7395316e-001
 8.7415296e-001
 8.7441158e-001
 8.7471640e-001
 8.7505496e-001
 8.7541461e-001
 8.7578273e-001
 8.7614673e-001
 8.7649417e-001
 8.7681240e-001
 8.7708986e-001
 8.7732375e-001
 8.7751615e-001
 8.7766904e-001
 8.7778443e-001
 8.7786454e-001
 8.7791127e-001
 8.7792683e-001
 8.7791324e-001
 8.7787235e-001
 8.7780643e-001
 8.7771749e-001
 8.7760764e-001
 8.7747896e-001
 8.7733322e-001
 8.7717295e-001
 8.7699968e-001
 8.7681586e-001
 8.7662327e-001
 8.7642366e-001
 8.7621802e-001
 8.7600768e-001
 8.7579393e-001
 8.7557799e-001
 8.7536103e-001
 8.7514448e-001
 8.7492937e-001
 8.7471706e-001
 8.7450868e-001
 8.7430561e-001
 8.7410903e-001
 8.7392020e-001
 8.7374038e-001
 8.7357074e-001
 8.7341249e-001
 8.7326711e-001
 8.7313551e-001
 8.7301922e-001
 8.7291932e-001
 8.7283719e-001
 8.7277365e-001
 8.7272859e-001
 8.7270075e-001
 8.7268919e-001
 8.7269264e-001
 8.7271011e-001
 8.7274045e-001
 8.7278247e-001
 8.7283522e-001
 8.7289745e-001
 8.7296826e-001
 8.7304634e-001
 8.7313056e-001
 8.7322003e-001
 8.7331355e-001
 8.7340999e-001
 8.7350821e-001
 8.7360716e-001
 8.7370563e-001
 8.7380272e-001
 8.7389714e-001
 8.7398791e-001
 8.7407392e-001
 8.7415397e-001
 8.7422699e-001
 8.7429184e-001
 8.7434769e-001
 8.7439406e-001
 8.7443143e-001
 8.7445998e-001
 8.7447983e-001
 8.7449127e-001
 8.7449449e-001
 8.7448972e-001
 8.7447721e-001
 8.7445712e-001
 8.7442982e-001
 8.7439543e-001
 8.7435412e-001
 8.7430620e-001
 8.7425190e-001
 8.7419134e-001
 8.7412483e-001
 8.7405258e-001
 8.7397480e-001
 8.7389183e-001
 8.7380362e-001
 8.7371063e-001
 8.7361300e-001
 8.7351102e-001
 8.7340468e-001
 8.7329453e-001
 8.7318063e-001
 8.7306327e-001
 8.7294245e-001
 8.7281871e-001
 8.7269211e-001
 8.7256277e-001
 8.7243104e-001
 8.7229699e-001
