s07_ASD Record=20481: Blackbrush ANP92-9A leaves    BECKa AREF
 2.9837789e-002
 2.9886456e-002
 2.9931622e-002
 2.9971790e-002
 3.0006098e-002
 3.0034203e-002
 3.0055884e-002
 3.0070884e-002
 3.0079197e-002
 3.0081511e-002
 3.0079270e-002
 3.0074311e-002
 3.0068234e-002
 3.0061767e-002
 3.0054171e-002
 3.0043392e-002
 3.0027656e-002
 3.0007480e-002
 2.9986685e-002
 2.9971577e-002
 2.9968375e-002
 2.9980050e-002
 3.0004768e-002
 3.0037120e-002
 3.0071046e-002
 3.0102568e-002
 3.0131290e-002
 3.0159149e-002
 3.0187432e-002
 3.0215787e-002
 3.0243840e-002
 3.0272771e-002
 3.0305207e-002
 3.0344386e-002
 3.0392217e-002
 3.0446434e-002
 3.0500630e-002
 3.0546930e-002
 3.0579397e-002
 3.0596487e-002
 3.0601108e-002
 3.0598823e-002
 3.0595781e-002
 3.0597540e-002
 3.0608756e-002
 3.0632932e-002
 3.0671576e-002
 3.0723231e-002
 3.0783441e-002
 3.0846359e-002
 3.0907288e-002
 3.0964550e-002
 3.1019595e-002
 3.1075532e-002
 3.1135431e-002
 3.1201594e-002
 3.1275652e-002
 3.1358574e-002
 3.1450871e-002
 3.1553313e-002
 3.1662907e-002
 3.1773333e-002
 3.1881582e-002
 3.1985227e-002
 3.2082729e-002
 3.2177106e-002
 3.2272957e-002
 3.2373462e-002
 3.2480676e-002
 3.2596312e-002
 3.2722585e-002
 3.2862015e-002
 3.3015918e-002
 3.3183001e-002
 3.3359613e-002
 3.3541951e-002
 3.3728566e-002
 3.3920817e-002
 3.4120370e-002
 3.4325618e-002
 3.4530420e-002
 3.4726527e-002
 3.4908447e-002
 3.5076994e-002
 3.5239115e-002
 3.5404250e-002
 3.5579894e-002
 3.5769086e-002
 3.5970312e-002
 3.6178883e-002
 3.6388543e-002
 3.6593273e-002
 3.6789652e-002
 3.6979392e-002
 3.7170265e-002
 3.7373651e-002
 3.7598498e-002
 3.7844170e-002
 3.8098074e-002
 3.8341399e-002
 3.8559828e-002
 3.8751971e-002
 3.8929690e-002
 3.9111007e-002
 3.9310042e-002
 3.9529402e-002
 3.9761078e-002
 3.9993893e-002
 4.0219564e-002
 4.0433619e-002
 4.0633049e-002
 4.0814314e-002
 4.0973455e-002
 4.1106932e-002
 4.1212428e-002
 4.1289952e-002
 4.1344322e-002
 4.1388441e-002
 4.1443489e-002
 4.1532025e-002
 4.1665629e-002
 4.1836776e-002
 4.2023215e-002
 4.2201895e-002
 4.2360101e-002
 4.2495750e-002
 4.2610910e-002
 4.2707246e-002
 4.2787127e-002
 4.2856503e-002
 4.2923875e-002
 4.2994194e-002
 4.3063100e-002
 4.3119159e-002
 4.3154083e-002
 4.3170769e-002
 4.3180734e-002
 4.3196738e-002
 4.3232191e-002
 4.3305937e-002
 4.3437842e-002
 4.3630634e-002
 4.3856572e-002
 4.4070907e-002
 4.4246599e-002
 4.4396661e-002
 4.4559836e-002
 4.4765569e-002
 4.5015518e-002
 4.5295842e-002
 4.5598853e-002
 4.5929626e-002
 4.6296433e-002
 4.6700414e-002
 4.7134861e-002
 4.7593024e-002
 4.8075542e-002
 4.8590690e-002
 4.9147982e-002
 4.9754497e-002
 5.0418828e-002
 5.1155843e-002
 5.1980961e-002
 5.2896459e-002
 5.3886555e-002
 5.4928653e-002
 5.6010563e-002
 5.7136379e-002
 5.8318578e-002
 5.9571240e-002
 6.0910624e-002
 6.2351514e-002
 6.3886739e-002
 6.5468274e-002
 6.7018561e-002
 6.8473764e-002
 6.9821700e-002
 7.1099177e-002
 7.2352432e-002
 7.3593229e-002
 7.4787922e-002
 7.5887792e-002
 7.6873004e-002
 7.7768788e-002
 7.8618780e-002
 7.9449527e-002
 8.0262221e-002
 8.1043154e-002
 8.1762284e-002
 8.2371078e-002
 8.2832232e-002
 8.3166443e-002
 8.3459944e-002
 8.3811410e-002
 8.4262960e-002
 8.4772713e-002
 8.5247643e-002
 8.5609250e-002
 8.5843243e-002
 8.5994594e-002
 8.6115375e-002
 8.6220615e-002
 8.6295672e-002
 8.6330108e-002
 8.6323537e-002
 8.6263515e-002
 8.6119875e-002
 8.5864909e-002
 8.5487962e-002
 8.4995389e-002
 8.4413156e-002
 8.3789691e-002
 8.3178364e-002
 8.2608961e-002
 8.2076982e-002
 8.1549078e-002
 8.0965467e-002
 8.0250837e-002
 7.9358071e-002
 7.8319542e-002
 7.7247739e-002
 7.6274492e-002
 7.5473741e-002
 7.4818045e-002
 7.4192733e-002
 7.3471777e-002
 7.2614081e-002
 7.1691982e-002
 7.0814103e-002
 7.0042312e-002
 6.9408603e-002
 6.8949334e-002
 6.8636134e-002
 6.8317510e-002
 6.7849569e-002
 6.7279041e-002
 6.6794395e-002
 6.6501930e-002
 6.6336408e-002
 6.6175997e-002
 6.5956652e-002
 6.5676041e-002
 6.5360755e-002
 6.5055706e-002
 6.4811386e-002
 6.4653061e-002
 6.4565830e-002
 6.4524084e-002
 6.4534515e-002
 6.4610712e-002
 6.4680204e-002
 6.4592928e-002
 6.4280979e-002
 6.3839145e-002
 6.3405819e-002
 6.3034803e-002
 6.2713422e-002
 6.2405009e-002
 6.2072936e-002
 6.1724395e-002
 6.1393455e-002
 6.1097201e-002
 6.0857117e-002
 6.0666006e-002
 6.0416285e-002
 6.0003806e-002
 5.9467416e-002
 5.8919124e-002
 5.8442220e-002
 5.8102902e-002
 5.7916380e-002
 5.7784975e-002
 5.7594303e-002
 5.7369463e-002
 5.7226803e-002
 5.7187375e-002
 5.7167333e-002
 5.7122160e-002
 5.7070032e-002
 5.7018898e-002
 5.6963630e-002
 5.6909781e-002
 5.6867719e-002
 5.6853060e-002
 5.6865774e-002
 5.6842666e-002
 5.6701254e-002
 5.6469262e-002
 5.6292728e-002
 5.6259122e-002
 5.6265678e-002
 5.6104779e-002
 5.5672701e-002
 5.5088468e-002
 5.4581877e-002
 5.4258417e-002
 5.4037366e-002
 5.3816032e-002
 5.3568862e-002
 5.3269628e-002
 5.2877761e-002
 5.2460987e-002
 5.2181553e-002
 5.2085493e-002
 5.2033190e-002
 5.1891685e-002
 5.1666096e-002
 5.1402841e-002
 5.1100004e-002
 5.0760843e-002
 5.0413892e-002
 5.0029993e-002
 4.9531333e-002
 4.8939139e-002
 4.8416268e-002
 4.8101816e-002
 4.7964938e-002
 4.7856543e-002
 4.7640283e-002
 4.7293909e-002
 4.6928164e-002
 4.6691261e-002
 4.6651680e-002
 4.6771921e-002
 4.6952978e-002
 4.7077566e-002
 4.7051325e-002
 4.6859648e-002
 4.6601336e-002
 4.6439543e-002
 4.6489310e-002
 4.6740137e-002
 4.7084488e-002
 4.7416829e-002
 4.7707729e-002
 4.8002671e-002
 4.8376311e-002
 4.8896458e-002
 4.9615249e-002
 5.0573405e-002
 5.1803336e-002
 5.3324804e-002
 5.5135220e-002
 5.7209063e-002
 5.9528850e-002
 6.2147051e-002
 6.5214962e-002
 6.8909086e-002
 7.3281229e-002
 7.8173913e-002
 8.3310589e-002
 8.8510916e-002
 9.3818717e-002
 9.9346682e-002
 1.0500315e-001
 1.1068853e-001
 1.1652321e-001
 1.2267633e-001
 1.2914582e-001
 1.3585982e-001
 1.4283378e-001
 1.5009204e-001
 1.5757090e-001
 1.6524027e-001
 1.7320330e-001
 1.8155205e-001
 1.9022198e-001
 1.9909416e-001
 2.0815881e-001
 2.1749963e-001
 2.2718576e-001
 2.3720284e-001
 2.4747133e-001
 2.5791433e-001
 2.6845461e-001
 2.7889624e-001
 2.8898281e-001
 2.9878566e-001
 3.0877531e-001
 3.1916395e-001
 3.2949954e-001
 3.3931342e-001
 3.4874931e-001
 3.5812905e-001
 3.6734816e-001
 3.7607443e-001
 3.8423237e-001
 3.9204094e-001
 3.9974055e-001
 4.0735722e-001
 4.1468886e-001
 4.2154202e-001
 4.2791983e-001
 4.3392983e-001
 4.3961504e-001
 4.4494095e-001
 4.4988295e-001
 4.5444363e-001
 4.5862478e-001
 4.6246311e-001
 4.6611616e-001
 4.6980774e-001
 4.7353408e-001
 4.7698343e-001
 4.7986647e-001
 4.8216608e-001
 4.8409674e-001
 4.8591310e-001
 4.8774409e-001
 4.8958069e-001
 4.9138141e-001
 4.9314371e-001
 4.9490428e-001
 4.9668029e-001
 4.9839655e-001
 4.9989223e-001
 5.0103682e-001
 5.0186753e-001
 5.0258064e-001
 5.0336593e-001
 5.0424665e-001
 5.0507963e-001
 5.0571966e-001
 5.0619090e-001
 5.0667036e-001
 5.0732726e-001
 5.0822127e-001
 5.0929010e-001
 5.1040214e-001
 5.1126695e-001
 5.1213109e-001
 5.1275283e-001
 5.1307982e-001
 5.1319486e-001
 5.1323438e-001
 5.1333547e-001
 5.1361603e-001
 5.1407087e-001
 5.1464528e-001
 5.1528430e-001
 5.1593322e-001
 5.1653737e-001
 5.1704252e-001
 5.1739454e-001
 5.1755482e-001
 5.1758879e-001
 5.1760405e-001
 5.1770860e-001
 5.1799071e-001
 5.1841044e-001
 5.1895106e-001
 5.1935256e-001
 5.1960260e-001
 5.1970160e-001
 5.1973844e-001
 5.1980597e-001
 5.1999700e-001
 5.2039993e-001
 5.2100688e-001
 5.2171355e-001
 5.2241206e-001
 5.2299410e-001
 5.2335572e-001
 5.2348799e-001
 5.2347529e-001
 5.2340627e-001
 5.2336925e-001
 5.2345002e-001
 5.2367079e-001
 5.2399170e-001
 5.2437031e-001
 5.2476424e-001
 5.2513105e-001
 5.2543765e-001
 5.2568710e-001
 5.2589142e-001
 5.2606231e-001
 5.2621186e-001
 5.2635187e-001
 5.2649170e-001
 5.2663064e-001
 5.2676576e-001
 5.2689403e-001
 5.2701229e-001
 5.2711779e-001
 5.2720726e-001
 5.2727866e-001
 5.2733290e-001
 5.2737194e-001
 5.2739751e-001
 5.2741134e-001
 5.2741528e-001
 5.2741122e-001
 5.2740079e-001
 5.2738732e-001
 5.2738029e-001
 5.2738988e-001
 5.2742678e-001
 5.2750152e-001
 5.2762473e-001
 5.2780676e-001
 5.2805829e-001
 5.2838373e-001
 5.2876478e-001
 5.2917725e-001
 5.2959782e-001
 5.3000259e-001
 5.3036767e-001
 5.3066939e-001
 5.3088403e-001
 5.3099430e-001
 5.3100747e-001
 5.3093594e-001
 5.3079253e-001
 5.3058988e-001
 5.3034061e-001
 5.3005743e-001
 5.2975291e-001
 5.2943987e-001
 5.2913094e-001
 5.2883857e-001
 5.2857566e-001
 5.2835226e-001
 5.2816927e-001
 5.2802545e-001
 5.2791959e-001
 5.2785063e-001
 5.2781719e-001
 5.2781820e-001
 5.2785248e-001
 5.2791864e-001
 5.2801573e-001
 5.2814239e-001
 5.2829754e-001
 5.2847910e-001
 5.2868265e-001
 5.2890277e-001
 5.2913451e-001
 5.2937245e-001
 5.2961153e-001
 5.2984649e-001
 5.3007215e-001
 5.3028333e-001
 5.3047478e-001
 5.3064138e-001
 5.3077888e-001
 5.3088647e-001
 5.3096420e-001
 5.3101206e-001
 5.3103006e-001
 5.3101814e-001
 5.3097636e-001
 5.3090465e-001
 5.3080314e-001
 5.3067166e-001
 5.3051102e-001
 5.3032434e-001
 5.3011537e-001
 5.2988786e-001
 5.2964544e-001
 5.2939188e-001
 5.2913082e-001
 5.2886611e-001
 5.2860129e-001
 5.2834028e-001
 5.2808541e-001
 5.2783555e-001
 5.2758825e-001
 5.2734131e-001
 5.2709258e-001
 5.2683985e-001
 5.2658081e-001
 5.2631330e-001
 5.2603513e-001
 5.2574396e-001
 5.2543861e-001
 5.2512103e-001
 5.2479398e-001
 5.2446014e-001
 5.2412218e-001
 5.2378279e-001
 5.2344471e-001
 5.2311063e-001
 5.2278322e-001
 5.2246004e-001
 5.2212131e-001
 5.2174389e-001
 5.2130437e-001
 5.2077955e-001
 5.2014619e-001
 5.1938099e-001
 5.1846057e-001
 5.1737428e-001
 5.1615089e-001
 5.1482868e-001
 5.1344496e-001
 5.1203763e-001
 5.1064426e-001
 5.0930274e-001
 5.0805050e-001
 5.0691140e-001
 5.0586450e-001
 5.0487882e-001
 5.0392431e-001
 5.0297028e-001
 5.0198650e-001
 5.0094223e-001
 4.9980724e-001
 4.9856451e-001
 4.9724117e-001
 4.9587280e-001
 4.9459440e-001
 4.9326324e-001
 4.9199504e-001
 4.9082103e-001
 4.8975340e-001
 4.8879248e-001
 4.8793098e-001
 4.8715785e-001
 4.8646131e-001
 4.8583102e-001
 4.8526132e-001
 4.8475233e-001
 4.8430887e-001
 4.8393753e-001
 4.8364443e-001
 4.8343277e-001
 4.8330003e-001
 4.8323721e-001
 4.8323032e-001
 4.8326299e-001
 4.8331788e-001
 4.8337772e-001
 4.8342553e-001
 4.8344466e-001
 4.8341915e-001
 4.8333475e-001
 4.8318288e-001
 4.8296797e-001
 4.8271546e-001
 4.8247421e-001
 4.8231095e-001
 4.8229933e-001
 4.8250499e-001
 4.8296827e-001
 4.8368919e-001
 4.8462301e-001
 4.8568898e-001
 4.8678803e-001
 4.8782283e-001
 4.8871779e-001
 4.8870018e-001
 4.8930883e-001
 4.8987493e-001
 4.9040598e-001
 4.9091554e-001
 4.9142057e-001
 4.9193880e-001
 4.9248677e-001
 4.9307758e-001
 4.9371970e-001
 4.9441579e-001
 4.9516284e-001
 4.9595320e-001
 4.9677548e-001
 4.9761713e-001
 4.9846667e-001
 4.9931428e-001
 5.0015348e-001
 5.0098020e-001
 5.0179303e-001
 5.0259203e-001
 5.0337756e-001
 5.0414991e-001
 5.0490850e-001
 5.0565159e-001
 5.0637704e-001
 5.0708199e-001
 5.0776458e-001
 5.0842398e-001
 5.0906163e-001
 5.0968152e-001
 5.1028925e-001
 5.1089162e-001
 5.1149511e-001
 5.1210493e-001
 5.1272422e-001
 5.1335293e-001
 5.1398849e-001
 5.1462597e-001
 5.1525909e-001
 5.1588178e-001
 5.1648921e-001
 5.1707882e-001
 5.1765072e-001
 5.1820707e-001
 5.1875162e-001
 5.1928759e-001
 5.1981652e-001
 5.2033728e-001
 5.2084529e-001
 5.2133310e-001
 5.2179146e-001
 5.2221131e-001
 5.2258605e-001
 5.2291268e-001
 5.2319366e-001
 5.2343655e-001
 5.2365363e-001
 5.2386039e-001
 5.2407354e-001
 5.2430850e-001
 5.2457756e-001
 5.2488810e-001
 5.2524143e-001
 5.2563256e-001
 5.2605033e-001
 5.2647889e-001
 5.2689874e-001
 5.2728957e-001
 5.2763194e-001
 5.2790976e-001
 5.2811235e-001
 5.2823520e-001
 5.2828097e-001
 5.2825892e-001
 5.2818340e-001
 5.2807230e-001
 5.2794439e-001
 5.2781719e-001
 5.2770507e-001
 5.2761757e-001
 5.2755886e-001
 5.2752793e-001
 5.2751923e-001
 5.2752352e-001
 5.2752966e-001
 5.2752548e-001
 5.2749932e-001
 5.2744102e-001
 5.2734262e-001
 5.2719891e-001
 5.2700782e-001
 5.2677017e-001
 5.2648962e-001
 5.2617162e-001
 5.2582324e-001
 5.2545184e-001
 5.2506477e-001
 5.2466857e-001
 5.2426898e-001
 5.2387077e-001
 5.2347809e-001
 5.2309471e-001
 5.2272385e-001
 5.2236766e-001
 5.2202690e-001
 5.2169991e-001
 5.2138215e-001
 5.2106589e-001
 5.2074075e-001
 5.2039510e-001
 5.2001768e-001
 5.1959920e-001
 5.1913422e-001
 5.1862103e-001
 5.1806188e-001
 5.1746106e-001
 5.1682264e-001
 5.1614887e-001
 5.1543742e-001
 5.1468134e-001
 5.1386869e-001
 5.1298338e-001
 5.1200742e-001
 5.1092231e-001
 5.0971133e-001
 5.0836045e-001
 5.0685883e-001
 5.0519949e-001
 5.0337803e-001
 5.0139308e-001
 4.9924526e-001
 4.9693573e-001
 4.9446759e-001
 4.9184340e-001
 4.8906729e-001
 4.8614404e-001
 4.8307833e-001
 4.7987753e-001
 4.7655109e-001
 4.7311023e-001
 4.6957141e-001
 4.6595341e-001
 4.6228024e-001
 4.5857954e-001
 4.5487991e-001
 4.5121279e-001
 4.4760710e-001
 4.4409081e-001
 4.4068855e-001
 4.3741944e-001
 4.3430004e-001
 4.3134120e-001
 4.2855129e-001
 4.2593530e-001
 4.2349422e-001
 4.2122707e-001
 4.1912857e-001
 4.1719085e-001
 4.1540283e-001
 4.1374999e-001
 4.1221681e-001
 4.1078639e-001
 4.0944305e-001
 4.0817294e-001
 4.0696457e-001
 4.0581033e-001
 4.0470567e-001
 4.0364861e-001
 4.0263981e-001
 4.0168044e-001
 4.0077233e-001
 3.9991650e-001
 3.9911225e-001
 3.9835733e-001
 3.9764690e-001
 3.9697444e-001
 3.9633179e-001
 3.9570969e-001
 3.9509931e-001
 3.9449278e-001
 3.9388463e-001
 3.9327237e-001
 3.9265645e-001
 3.9204049e-001
 3.9142990e-001
 3.9083102e-001
 3.9024976e-001
 3.8969007e-001
 3.8915375e-001
 3.8864022e-001
 3.8814703e-001
 3.8767120e-001
 3.8721028e-001
 3.8676378e-001
 3.8633397e-001
 3.8592598e-001
 3.8554785e-001
 3.8520938e-001
 3.8492122e-001
 3.8469359e-001
 3.8453490e-001
 3.8445100e-001
 3.8444450e-001
 3.8451448e-001
 3.8465685e-001
 3.8486508e-001
 3.8513106e-001
 3.8544682e-001
 3.8580558e-001
 3.8620332e-001
 3.8663974e-001
 3.8711831e-001
 3.8764578e-001
 3.8823086e-001
 3.8888180e-001
 3.8960445e-001
 3.9039958e-001
 3.9126182e-001
 3.9217976e-001
 3.9313626e-001
 3.9411163e-001
 3.9508542e-001
 3.9603961e-001
 3.9696071e-001
 3.9784008e-001
 3.9867452e-001
 3.9946419e-001
 4.0021160e-001
 4.0092015e-001
 4.0159261e-001
 4.0223157e-001
 4.0283918e-001
 4.0341812e-001
 4.0397245e-001
 4.0450743e-001
 4.0502983e-001
 4.0554687e-001
 4.0606526e-001
 4.0659070e-001
 4.0712667e-001
 4.0767431e-001
 4.0823290e-001
 4.0879959e-001
 4.0937048e-001
 4.0994072e-001
 4.1050476e-001
 4.1105700e-001
 4.1159129e-001
 4.1210181e-001
 4.1258296e-001
 4.1303018e-001
 4.1344061e-001
 4.1381329e-001
 4.1414964e-001
 4.1445327e-001
 4.1472927e-001
 4.1498375e-001
 4.1522244e-001
 4.1545004e-001
 4.1566929e-001
 4.1588071e-001
 4.1608262e-001
 4.1627166e-001
 4.1644332e-001
 4.1659316e-001
 4.1671732e-001
 4.1681340e-001
 4.1688067e-001
 4.1692013e-001
 4.1693425e-001
 4.1692629e-001
 4.1689965e-001
 4.1685709e-001
 4.1680038e-001
 4.1672981e-001
 4.1664439e-001
 4.1654187e-001
 4.1641933e-001
 4.1627339e-001
 4.1610071e-001
 4.1589823e-001
 4.1566324e-001
 4.1539338e-001
 4.1508687e-001
 4.1474193e-001
 4.1435733e-001
 4.1393191e-001
 4.1346493e-001
 4.1295600e-001
 4.1240484e-001
 4.1181168e-001
 4.1117701e-001
 4.1050124e-001
 4.0978494e-001
 4.0902820e-001
 4.0823087e-001
 4.0739214e-001
 4.0651006e-001
 4.0558213e-001
 4.0460441e-001
 4.0357241e-001
 4.0248120e-001
 4.0132529e-001
 4.0010041e-001
 3.9880300e-001
 3.9743170e-001
 3.9598748e-001
 3.9447272e-001
 3.9289212e-001
 3.9125016e-001
 3.8955137e-001
 3.8779876e-001
 3.8599256e-001
 3.8413131e-001
 3.8221204e-001
 3.8023075e-001
 3.7818539e-001
 3.7607539e-001
 3.7390414e-001
 3.7167859e-001
 3.6940750e-001
 3.6710227e-001
 3.6477283e-001
 3.6242822e-001
 3.6007443e-001
 3.5771304e-001
 3.5534352e-001
 3.5296178e-001
 3.5056373e-001
 3.4814602e-001
 3.4570655e-001
 3.4324765e-001
 3.4077406e-001
 3.3829471e-001
 3.3582097e-001
 3.3336413e-001
 3.3093578e-001
 3.2854530e-001
 3.2619816e-001
 3.2389751e-001
 3.2164222e-001
 3.1942970e-001
 3.1725642e-001
 3.1511846e-001
 3.1301445e-001
 3.1094408e-001
 3.0890998e-001
 3.0691621e-001
 3.0496654e-001
 3.0306464e-001
 3.0121091e-001
 2.9940307e-001
 2.9763532e-001
 2.9589802e-001
 2.9418048e-001
 2.9247084e-001
 2.9075897e-001
 2.8903708e-001
 2.8729934e-001
 2.8554276e-001
 2.8376424e-001
 2.8196034e-001
 2.8012514e-001
 2.7824867e-001
 2.7631843e-001
 2.7431962e-001
 2.7223620e-001
 2.7005434e-001
 2.6776195e-001
 2.6535112e-001
 2.6281685e-001
 2.6015481e-001
 2.5736144e-001
 2.5442901e-001
 2.5134662e-001
 2.4809833e-001
 2.4466285e-001
 2.4101847e-001
 2.3714317e-001
 2.3302165e-001
 2.2864796e-001
 2.2402677e-001
 2.1917811e-001
 2.1413207e-001
 2.0892975e-001
 2.0361722e-001
 1.9823870e-001
 1.9283623e-001
 1.8744516e-001
 1.8209174e-001
 1.7679888e-001
 1.7158355e-001
 1.6646388e-001
 1.6145904e-001
 1.5658773e-001
 1.5187120e-001
 1.4732629e-001
 1.4296699e-001
 1.3880098e-001
 1.3482797e-001
 1.3104434e-001
 1.2744172e-001
 1.2401298e-001
 1.2075298e-001
 1.1765859e-001
 1.1473095e-001
 1.1197101e-001
 1.0937976e-001
 1.0695509e-001
 1.0468980e-001
 1.0257342e-001
 1.0059109e-001
 9.8727107e-002
 9.6966155e-002
 9.5294498e-002
 9.3702398e-002
 9.2183866e-002
 9.0735912e-002
 8.9359120e-002
 8.8055387e-002
 8.6828165e-002
 8.5681178e-002
 8.4617242e-002
 8.3638608e-002
 8.2745291e-002
 8.1935465e-002
 8.1204824e-002
 8.0546454e-002
 7.9952031e-002
 7.9412095e-002
 7.8917742e-002
 7.8461505e-002
 7.8037933e-002
 7.7644132e-002
 7.7278793e-002
 7.6941542e-002
 7.6631576e-002
 7.6346591e-002
 7.6082647e-002
 7.5834416e-002
 7.5596146e-002
 7.5363308e-002
 7.5133637e-002
 7.4908108e-002
 7.4690729e-002
 7.4487537e-002
 7.4305132e-002
 7.4148722e-002
 7.4020728e-002
 7.3919870e-002
 7.3841199e-002
 7.3777102e-002
 7.3718704e-002
 7.3657706e-002
 7.3587887e-002
 7.3506221e-002
 7.3413312e-002
 7.3313132e-002
 7.3212259e-002
 7.3118687e-002
 7.3040582e-002
 7.2985217e-002
 7.2958156e-002
 7.2962895e-002
 7.3000953e-002
 7.3072322e-002
 7.3176093e-002
 7.3311210e-002
 7.3477171e-002
 7.3674314e-002
 7.3904157e-002
 7.4169159e-002
 7.4472465e-002
 7.4817665e-002
 7.5208060e-002
 7.5646572e-002
 7.6135054e-002
 7.6674074e-002
 7.7262826e-002
 7.7898435e-002
 7.8576371e-002
 7.9289883e-002
 8.0030397e-002
 8.0788173e-002
 8.1552222e-002
 8.2311779e-002
 8.3056405e-002
 8.3776981e-002
 8.4466487e-002
 8.5119762e-002
 8.5733861e-002
 8.6308144e-002
 8.6843565e-002
 8.7343037e-002
 8.7810807e-002
 8.8252611e-002
 8.8675752e-002
 8.9088596e-002
 8.9500822e-002
 8.9922599e-002
 9.0364292e-002
 9.0835921e-002
 9.1346264e-002
 9.1902770e-002
 9.2510819e-002
 9.3173660e-002
 9.3892634e-002
 9.4666503e-002
 9.5492132e-002
 9.6363813e-002
 9.7273558e-002
 9.8211646e-002
 9.9166371e-002
 1.0012507e-001
 1.0107540e-001
 1.0200564e-001
 1.0290667e-001
 1.0377203e-001
 1.0459862e-001
 1.0538641e-001
 1.0613676e-001
 1.0685217e-001
 1.0753497e-001
 1.0818712e-001
 1.0881072e-001
 1.0940820e-001
 1.0998378e-001
 1.1054412e-001
 1.1109933e-001
 1.1166306e-001
 1.1225077e-001
 1.1287782e-001
 1.1355578e-001
 1.1428936e-001
 1.1507504e-001
 1.1590154e-001
 1.1675310e-001
 1.1761238e-001
 1.1846405e-001
 1.1929749e-001
 1.2010732e-001
 1.2089378e-001
 1.2166195e-001
 1.2241906e-001
 1.2317287e-001
 1.2392879e-001
 1.2468867e-001
 1.2545061e-001
 1.2620889e-001
 1.2695609e-001
 1.2768437e-001
 1.2838754e-001
 1.2906280e-001
 1.2971044e-001
 1.3033423e-001
 1.3094008e-001
 1.3153523e-001
 1.3212736e-001
 1.3272327e-001
 1.3332874e-001
 1.3394728e-001
 1.3457993e-001
 1.3522530e-001
 1.3587932e-001
 1.3653597e-001
 1.3718817e-001
 1.3782834e-001
 1.3844994e-001
 1.3904800e-001
 1.3962027e-001
 1.4016795e-001
 1.4069505e-001
 1.4120831e-001
 1.4171572e-001
 1.4222576e-001
 1.4274645e-001
 1.4328417e-001
 1.4384376e-001
 1.4442769e-001
 1.4503632e-001
 1.4566827e-001
 1.4632027e-001
 1.4698827e-001
 1.4766742e-001
 1.4835274e-001
 1.4903985e-001
 1.4972474e-001
 1.5040430e-001
 1.5107670e-001
 1.5174088e-001
 1.5239710e-001
 1.5304625e-001
 1.5368982e-001
 1.5432966e-001
 1.5496700e-001
 1.5560250e-001
 1.5623538e-001
 1.5686335e-001
 1.5748283e-001
 1.5808879e-001
 1.5867589e-001
 1.5923889e-001
 1.5977371e-001
 1.6027854e-001
 1.6075401e-001
 1.6120394e-001
 1.6163471e-001
 1.6205481e-001
 1.6247395e-001
 1.6290148e-001
 1.6334562e-001
 1.6381206e-001
 1.6430342e-001
 1.6481933e-001
 1.6535632e-001
 1.6590859e-001
 1.6646923e-001
 1.6703066e-001
 1.6758619e-001
 1.6813017e-001
 1.6865876e-001
 1.6917033e-001
 1.6966495e-001
 1.7014471e-001
 1.7061299e-001
 1.7107424e-001
 1.7153366e-001
 1.7199641e-001
 1.7246754e-001
 1.7295106e-001
 1.7344970e-001
 1.7396465e-001
 1.7449489e-001
 1.7503749e-001
 1.7558727e-001
 1.7613713e-001
 1.7667878e-001
 1.7720275e-001
 1.7769924e-001
 1.7815904e-001
 1.7857373e-001
 1.7893691e-001
 1.7924452e-001
 1.7949574e-001
 1.7969349e-001
 1.7984465e-001
 1.7996007e-001
 1.8005393e-001
 1.8014261e-001
 1.8024306e-001
 1.8037051e-001
 1.8053621e-001
 1.8074517e-001
 1.8099473e-001
 1.8127427e-001
 1.8156622e-001
 1.8184876e-001
 1.8209852e-001
 1.8229382e-001
 1.8241760e-001
 1.8245928e-001
 1.8241568e-001
 1.8229154e-001
 1.8209922e-001
 1.8185693e-001
 1.8158619e-001
 1.8130846e-001
 1.8104175e-001
 1.8079783e-001
 1.8058030e-001
 1.8038453e-001
 1.8019894e-001
 1.8000750e-001
 1.7979336e-001
 1.7954215e-001
 1.7924520e-001
 1.7890117e-001
 1.7851582e-001
 1.7810105e-001
 1.7767221e-001
 1.7724608e-001
 1.7683819e-001
 1.7646079e-001
 1.7612198e-001
 1.7582484e-001
 1.7556763e-001
 1.7534429e-001
 1.7514539e-001
 1.7495951e-001
 1.7477451e-001
 1.7457867e-001
 1.7436165e-001
 1.7411506e-001
 1.7383270e-001
 1.7351052e-001
 1.7314629e-001
 1.7273949e-001
 1.7229068e-001
 1.7180163e-001
 1.7127480e-001
 1.7071319e-001
 1.7012052e-001
 1.6950075e-001
 1.6885839e-001
 1.6819841e-001
 1.6752586e-001
 1.6684642e-001
 1.6616578e-001
 1.6549000e-001
 1.6482519e-001
 1.6417703e-001
 1.6355108e-001
 1.6295204e-001
 1.6238341e-001
 1.6184768e-001
 1.6134560e-001
 1.6087668e-001
 1.6043910e-001
 1.6003001e-001
 1.5964617e-001
 1.5928426e-001
 1.5894158e-001
 1.5861641e-001
 1.5830815e-001
 1.5801759e-001
 1.5774651e-001
 1.5749742e-001
 1.5727293e-001
 1.5707496e-001
 1.5690419e-001
 1.5675934e-001
 1.5663695e-001
 1.5653133e-001
 1.5643474e-001
 1.5633821e-001
 1.5623234e-001
 1.5610838e-001
 1.5595938e-001
 1.5578097e-001
 1.5557201e-001
 1.5533485e-001
 1.5507476e-001
 1.5479966e-001
 1.5451859e-001
 1.5424094e-001
 1.5397497e-001
 1.5372670e-001
 1.5349944e-001
 1.5329313e-001
 1.5310462e-001
 1.5292792e-001
 1.5275496e-001
 1.5257639e-001
 1.5238234e-001
 1.5216327e-001
 1.5191053e-001
 1.5161672e-001
 1.5127626e-001
 1.5088537e-001
 1.5044264e-001
 1.4994924e-001
 1.4940888e-001
 1.4882849e-001
 1.4821811e-001
 1.4759040e-001
 1.4696074e-001
 1.4634578e-001
 1.4576310e-001
 1.4522974e-001
 1.4476091e-001
 1.4436947e-001
 1.4406481e-001
 1.4385283e-001
 1.4373539e-001
 1.4371046e-001
 1.4377238e-001
 1.4391217e-001
 1.4411777e-001
 1.4437443e-001
 1.4466514e-001
 1.4497133e-001
 1.4527424e-001
 1.4555560e-001
 1.4579891e-001
 1.4599043e-001
 1.4612000e-001
 1.4618169e-001
 1.4617376e-001
 1.4609881e-001
 1.4596431e-001
 1.4578246e-001
 1.4556943e-001
 1.4534414e-001
 1.4512669e-001
 1.4493616e-001
 1.4478882e-001
 1.4469612e-001
 1.4466389e-001
 1.4469229e-001
 1.4472230e-001
 1.4486749e-001
 1.4504965e-001
 1.4525668e-001
 1.4547712e-001
 1.4570111e-001
 1.4592074e-001
 1.4613001e-001
 1.4632446e-001
 1.4650032e-001
 1.4665437e-001
 1.4678366e-001
 1.4688584e-001
 1.4695953e-001
 1.4700487e-001
 1.4702390e-001
 1.4702071e-001
 1.4700130e-001
 1.4697303e-001
 1.4694421e-001
 1.4692342e-001
 1.4691919e-001
 1.4693922e-001
 1.4698957e-001
 1.4707339e-001
 1.4718978e-001
 1.4733343e-001
 1.4749484e-001
 1.4766170e-001
 1.4781988e-001
 1.4795448e-001
 1.4805070e-001
 1.4809452e-001
 1.4807376e-001
 1.4797926e-001
 1.4780599e-001
 1.4755344e-001
 1.4722520e-001
 1.4682795e-001
 1.4637001e-001
 1.4586070e-001
 1.4530917e-001
 1.4472404e-001
 1.4411242e-001
 1.4347847e-001
 1.4282304e-001
 1.4214259e-001
 1.4143021e-001
 1.4067630e-001
 1.3986939e-001
 1.3899769e-001
 1.3804895e-001
 1.3701183e-001
 1.3587646e-001
 1.3463487e-001
 1.3328286e-001
 1.3181917e-001
 1.3024622e-001
 1.2856881e-001
 1.2679255e-001
 1.2492454e-001
 1.2297124e-001
 1.2093959e-001
 1.1883615e-001
 1.1666595e-001
 1.1443375e-001
 1.1214317e-001
 1.0979597e-001
 1.0739424e-001
 1.0493851e-001
 1.0243003e-001
 9.9870153e-002
 9.7259827e-002
 9.4602294e-002
 9.1901354e-002
 8.9164190e-002
 8.6400636e-002
 8.3622009e-002
 8.0842711e-002
 7.8076884e-002
 7.5340115e-002
 7.2647914e-002
 7.0014291e-002
 6.7453243e-002
 6.4975388e-002
 6.2589347e-002
 6.0300495e-002
 5.8110487e-002
 5.6019649e-002
 5.4026965e-002
 5.2130073e-002
 5.0327320e-002
 4.8616081e-002
 4.6994388e-002
 4.5460254e-002
 4.4011228e-002
 4.2645618e-002
 4.1361127e-002
 4.0155984e-002
 3.9028414e-002
 3.7976246e-002
 3.6997817e-002
 3.6090933e-002
 3.5253663e-002
 3.4483891e-002
 3.3779033e-002
 3.3136610e-002
 3.2553632e-002
 3.2027178e-002
 3.1554215e-002
 3.1131489e-002
 3.0755926e-002
 3.0424217e-002
 3.0133113e-002
 2.9879207e-002
 2.9658824e-002
 2.9468184e-002
 2.9303314e-002
 2.9160053e-002
 2.9034240e-002
 2.8921645e-002
 2.8818168e-002
 2.8719949e-002
 2.8623596e-002
 2.8526612e-002
 2.8427593e-002
 2.8326435e-002
 2.8224181e-002
 2.8122675e-002
 2.8024312e-002
 2.7931664e-002
 2.7847361e-002
 2.7773861e-002
 2.7713215e-002
 2.7666843e-002
 2.7635243e-002
 2.7617946e-002
 2.7613577e-002
 2.7620099e-002
 2.7635099e-002
 2.7656000e-002
 2.7680283e-002
 2.7705703e-002
 2.7730666e-002
 2.7754622e-002
 2.7778465e-002
 2.7804693e-002
 2.7837224e-002
 2.7881056e-002
 2.7941788e-002
 2.8025245e-002
 2.8137164e-002
 2.8282650e-002
 2.8465627e-002
 2.8687874e-002
 2.8948309e-002
 2.9242802e-002
 2.9564258e-002
 2.9903634e-002
 3.0250542e-002
 3.0594062e-002
 3.0923456e-002
 3.1228529e-002
 3.1500604e-002
 3.1733640e-002
 3.1924903e-002
 3.2075588e-002
 3.2190248e-002
 3.2275990e-002
 3.2341458e-002
 3.2395914e-002
 3.2448694e-002
 3.2508533e-002
 3.2582831e-002
 3.2676764e-002
 3.2792393e-002
 3.2928441e-002
 3.3080522e-002
 3.3241980e-002
 3.3404890e-002
 3.3560678e-002
 3.3700876e-002
 3.3817612e-002
 3.3904534e-002
 3.3957835e-002
 3.3977106e-002
 3.3965733e-002
 3.3930540e-002
 3.3880863e-002
 3.3827528e-002
 3.3782016e-002
 3.3755779e-002
 3.3759575e-002
 3.3802550e-002
 3.3891182e-002
 3.4028281e-002
 3.4212586e-002
 3.4439243e-002
 3.4700621e-002
 3.4987587e-002
 3.5290189e-002
 3.5598572e-002
 3.5903204e-002
 3.6196068e-002
 3.6471367e-002
 3.6726128e-002
 3.6960922e-002
 3.7179273e-002
 3.7386969e-002
 3.7590984e-002
 3.7799001e-002
 3.8018726e-002
 3.8257156e-002
 3.8520169e-002
 3.8811527e-002
 3.9131857e-002
 3.9478775e-002
 3.9846916e-002
 4.0228855e-002
 4.0615633e-002
 4.0998016e-002
 4.1366782e-002
 4.1713051e-002
 4.2029593e-002
 4.2311467e-002
 4.2556692e-002
 4.2766973e-002
 4.2947151e-002
 4.3104250e-002
 4.3246802e-002
 4.3383896e-002
 4.3524630e-002
 4.3677390e-002
 4.3849215e-002
 4.4044748e-002
 4.4265211e-002
 4.4508323e-002
 4.4768538e-002
 4.5037709e-002
 4.5306448e-002
 4.5564692e-002
 4.5802493e-002
 4.6010464e-002
 4.6181083e-002
 4.6309624e-002
 4.6395119e-002
 4.6440948e-002
 4.6454303e-002
 4.6445198e-002
 4.6425335e-002
 4.6407122e-002
 4.6402965e-002
 4.6424441e-002
 4.6481337e-002
 4.6580400e-002
 4.6724159e-002
 4.6910606e-002
 4.7133628e-002
 4.7383893e-002
 4.7650401e-002
 4.7921389e-002
 4.8184875e-002
 4.8429828e-002
 4.8646893e-002
 4.8829678e-002
 4.8975650e-002
 4.9086835e-002
 4.9169194e-002
 4.9231581e-002
 4.9284641e-002
 4.9339779e-002
 4.9408384e-002
 4.9501188e-002
 4.9627285e-002
 4.9793098e-002
 5.0001189e-002
 5.0250143e-002
 5.0534856e-002
 5.0847288e-002
 5.1177971e-002
 5.1516734e-002
 5.1853098e-002
 5.2177388e-002
 5.2481253e-002
 5.2758355e-002
 5.3005628e-002
 5.3223308e-002
 5.3414717e-002
 5.3585295e-002
 5.3741932e-002
 5.3892098e-002
 5.4043125e-002
 5.4201853e-002
 5.4373700e-002
 5.4561615e-002
 5.4765422e-002
 5.4981358e-002
 5.5202488e-002
 5.5419344e-002
 5.5621240e-002
 5.5796936e-002
 5.5935286e-002
 5.6026436e-002
 5.6063030e-002
 5.6041926e-002
 5.5965777e-002
 5.5843558e-002
 5.5690095e-002
 5.5524364e-002
 5.5367850e-002
 5.5243056e-002
 5.5172354e-002
 5.5176422e-002
 5.5272449e-002
 5.5471577e-002
 5.5776902e-002
 5.6182645e-002
 5.6674626e-002
 5.7232972e-002
 5.7834186e-002
 5.8453333e-002
 5.9064932e-002
 5.9645213e-002
 6.0173336e-002
 6.0633130e-002
 6.1015643e-002
 6.1319422e-002
 6.1549641e-002
 6.1716747e-002
 6.1834119e-002
 6.1916478e-002
 6.1978929e-002
 6.2036023e-002
 6.2100917e-002
 6.2184300e-002
 6.2293615e-002
 6.2432677e-002
 6.2601894e-002
 6.2799349e-002
 6.3021697e-002
 6.3264705e-002
 6.3524090e-002
 6.3795507e-002
 6.4074934e-002
 6.4358510e-002
 6.4643152e-002
 6.4926364e-002
 6.5205984e-002
 6.5480493e-002
 6.5748587e-002
 6.6008918e-002
 6.6260457e-002
 6.6502340e-002
 6.6733904e-002
 6.6955231e-002
 6.7167133e-002
 6.7371361e-002
 6.7570284e-002
 6.7767009e-002
 6.7965001e-002
 6.8167672e-002
 6.8378538e-002
 6.8600789e-002
 6.8836764e-002
 6.9087788e-002
 6.9353573e-002
 6.9632158e-002
 6.9919787e-002
 7.0211761e-002
 7.0502691e-002
 7.0786685e-002
 7.1058072e-002
 7.1311474e-002
 7.1542062e-002
 7.1746416e-002
 7.1922757e-002
 7.2070993e-002
 7.2192848e-002
 7.2291195e-002
 7.2369680e-002
 7.2432242e-002
 7.2483018e-002
 7.2526142e-002
 7.2565660e-002
 7.2605550e-002
 7.2649643e-002
 7.2701573e-002
 7.2764844e-002
 7.2842851e-002
 7.2938934e-002
 7.3056258e-002
 7.3197916e-002
 7.3366597e-002
 7.3564082e-002
 7.3790930e-002
 7.4045926e-002
 7.4325673e-002
 7.4625134e-002
 7.4937910e-002
 7.5256869e-002
 7.5574331e-002
 7.5882822e-002
 7.6175183e-002
 7.6444842e-002
 7.6686718e-002
 7.6897465e-002
 7.7075534e-002
 7.7221312e-002
 7.7336431e-002
 7.7423237e-002
 7.7484518e-002
 7.7523135e-002
 7.7541910e-002
 7.7543393e-002
 7.7529773e-002
 7.7502690e-002
 7.7463180e-002
 7.7411756e-002
 7.7348486e-002
 7.7273287e-002
 7.7185906e-002
 7.7086166e-002
 7.6974049e-002
 7.6850049e-002
 7.6715268e-002
 7.6571785e-002
 7.6422840e-002
 7.6272525e-002
 7.6125644e-002
 7.5987510e-002
 7.5863421e-002
 7.5758450e-002
 7.5676963e-002
 7.5621597e-002
 7.5592294e-002
 7.5585239e-002
 7.5592525e-002
 7.5602517e-002
 7.5600825e-002
 7.5571477e-002
 7.5497866e-002
 7.5363562e-002
 7.5153507e-002
 7.4855328e-002
 7.4461319e-002
 7.3969923e-002
 7.3386937e-002
 7.2724104e-002
 7.1997739e-002
 7.1227431e-002
 7.0433497e-002
 6.9636323e-002
 6.8855979e-002
 6.8109758e-002
 6.7411289e-002
 6.6769674e-002
 6.6187948e-002
 6.5664299e-002
 6.5193087e-002
 6.4766817e-002
 6.4376615e-002
 6.4013503e-002
 6.3669249e-002
 6.3336685e-002
 6.3010864e-002
 6.2690124e-002
 6.2375914e-002
 6.2072810e-002
 6.1787535e-002
 6.1528347e-002
 6.1303861e-002
 6.1122708e-002
 6.0992993e-002
 6.0921259e-002
 6.0911644e-002
 6.0964998e-002
 6.1078481e-002
 6.1246000e-002
 6.1458897e-002
 6.1707161e-002
 6.1980031e-002
 6.2266551e-002
 6.2555529e-002
 6.2836058e-002
 6.3097432e-002
 6.3329019e-002
 6.3520685e-002
 6.3662536e-002
 6.3744769e-002
 6.3757882e-002
 6.3692540e-002
 6.3539945e-002
 6.3292727e-002
 6.2946133e-002
 6.2499814e-002
 6.1959829e-002
 6.1338685e-002
 6.0654882e-002
 5.9931900e-002
 5.9195373e-002
 5.8471985e-002
 5.7788707e-002
 5.7170201e-002
 5.6637399e-002
 5.6204583e-002
 5.5877425e-002
 5.5651400e-002
 5.5513173e-002
 5.5442933e-002
 5.5416863e-002
 5.5409480e-002
 5.5395212e-002
 5.5349980e-002
 5.5253167e-002
 5.5090003e-002
 5.4853804e-002
 5.4546636e-002
 5.4178469e-002
 5.3765427e-002
 5.3326856e-002
 5.2883614e-002
 5.2456927e-002
 5.2066337e-002
 5.1728301e-002
 5.1453825e-002
 5.1246785e-002
 5.1102754e-002
 5.1010031e-002
 5.0951581e-002
 5.0907094e-002
 5.0854877e-002
 5.0773270e-002
 5.0641958e-002
 5.0443769e-002
 5.0167054e-002
 4.9807362e-002
 4.9368378e-002
 4.8860960e-002
 4.8301708e-002
 4.7710028e-002
 4.7106706e-002
 4.6513088e-002
 4.5949023e-002
 4.5431904e-002
 4.4975284e-002
 4.4586640e-002
 4.4267304e-002
 4.4012830e-002
 4.3814678e-002
 4.3661550e-002
 4.3540988e-002
 4.3440402e-002
 4.3347720e-002
 4.3252476e-002
 4.3147016e-002
 4.3027416e-002
 4.2893916e-002
 4.2750549e-002
 4.2603828e-002
 4.2461779e-002
 4.2332951e-002
 4.2225871e-002
 4.2148184e-002
 4.2105924e-002
 4.2102605e-002
 4.2138305e-002
 4.2209357e-002
 4.2308517e-002
 4.2425845e-002
 4.2549692e-002
 4.2667668e-002
 4.2767163e-002
 4.2835854e-002
 4.2861760e-002
 4.2833354e-002
 4.2745106e-002
 4.2613953e-002
 4.2380854e-002
 4.2103052e-002
 4.1794132e-002
 4.1467730e-002
 4.1137408e-002
 4.0816959e-002
 4.0519934e-002
 4.0259976e-002
 4.0050715e-002
 3.9904319e-002
 3.9819591e-002
 3.9787862e-002
 3.9800443e-002
 3.9848652e-002
 3.9923776e-002
 4.0017124e-002
 4.0120009e-002
 4.0223762e-002
 4.0319633e-002
 4.0398955e-002
 4.0453039e-002
 4.0473189e-002
 4.0450700e-002
 4.0377744e-002
 4.0254261e-002
 4.0084351e-002
 3.9872117e-002
 3.9621808e-002
 3.9337527e-002
 3.9023425e-002
 3.8683578e-002
 3.8322296e-002
 3.7943639e-002
 3.7551768e-002
 3.7150737e-002
 3.6744881e-002
 3.6338266e-002
 3.5935037e-002
 3.5539348e-002
 3.5155248e-002
 3.4787085e-002
 3.4438569e-002
 3.4110453e-002
 3.3801828e-002
 3.3511989e-002
 3.3239998e-002
 3.2985002e-002
 3.2746091e-002
 3.2522526e-002
 3.2313384e-002
 3.2117821e-002
 3.1934980e-002
 3.1763960e-002
 3.1603988e-002
 3.1454168e-002
 3.1313650e-002
 3.1181542e-002
 3.1057049e-002
 3.0939292e-002
 3.0827405e-002
 3.0720517e-002
 3.0617818e-002
 3.0518429e-002
 3.0421549e-002
 3.0326873e-002
 3.0234406e-002
 3.0144099e-002
 3.0055916e-002
 2.9969830e-002
 2.9885788e-002
 2.9803798e-002
 2.9723808e-002
 2.9645791e-002
 2.9569695e-002
 2.9495528e-002
 2.9423237e-002
 2.9352790e-002
 2.9284146e-002
 2.9217301e-002
 2.9152207e-002
 2.9088838e-002
 2.9027157e-002
 2.8967122e-002
 2.8908730e-002
 2.8851934e-002
 2.8796703e-002
 2.8742997e-002
 2.8690809e-002
 2.8640093e-002
 2.8590806e-002
 2.8542822e-002
 2.8496008e-002
 2.8450197e-002
 2.8405225e-002
 2.8360939e-002
 2.8317172e-002
 2.8273789e-002
 2.8230619e-002
 2.8187504e-002
 2.8144283e-002
 2.8100817e-002
 2.8056933e-002
 2.8012479e-002
 2.7967287e-002
 2.7921220e-002
 2.7874116e-002
 2.7825808e-002
 2.7776130e-002
 2.7724957e-002
 2.7672110e-002
 2.7617436e-002
 2.7560778e-002
 2.7501965e-002
 2.7440866e-002
 2.7377311e-002
 2.7311146e-002
 2.7242193e-002
 2.7170330e-002
 2.7095383e-002
 2.7017234e-002
 2.6936036e-002
 2.6852150e-002
 2.6765872e-002
