s07_ASD Record=7205: Microcline HS108.3B Feldspar  BECKc AREF
 4.4422227e-001
 4.4459280e-001
 4.4496736e-001
 4.4533500e-001
 4.4569495e-001
 4.4606331e-001
 4.4646314e-001
 4.4690642e-001
 4.4738218e-001
 4.4785875e-001
 4.4829723e-001
 4.4866675e-001
 4.4895354e-001
 4.4916615e-001
 4.4933787e-001
 4.4951779e-001
 4.4975084e-001
 4.5006081e-001
 4.5044383e-001
 4.5087081e-001
 4.5129716e-001
 4.5167696e-001
 4.5197716e-001
 4.5218536e-001
 4.5230976e-001
 4.5237496e-001
 4.5241523e-001
 4.5246291e-001
 4.5253977e-001
 4.5265785e-001
 4.5282528e-001
 4.5305109e-001
 4.5334756e-001
 4.5373160e-001
 4.5421907e-001
 4.5481166e-001
 4.5549148e-001
 4.5622495e-001
 4.5697245e-001
 4.5770150e-001
 4.5839512e-001
 4.5904940e-001
 4.5966488e-001
 4.6024224e-001
 4.6078715e-001
 4.6132037e-001
 4.6188128e-001
 4.6251646e-001
 4.6325675e-001
 4.6409592e-001
 4.6498397e-001
 4.6583927e-001
 4.6657458e-001
 4.6712831e-001
 4.6748924e-001
 4.6770540e-001
 4.6787718e-001
 4.6811664e-001
 4.6850306e-001
 4.6909201e-001
 4.6985063e-001
 4.7066838e-001
 4.7149378e-001
 4.7228944e-001
 4.7301984e-001
 4.7369099e-001
 4.7433120e-001
 4.7495970e-001
 4.7558144e-001
 4.7619101e-001
 4.7678325e-001
 4.7736534e-001
 4.7795880e-001
 4.7859102e-001
 4.7928411e-001
 4.8004833e-001
 4.8088187e-001
 4.8177490e-001
 4.8271194e-001
 4.8367164e-001
 4.8462707e-001
 4.8554951e-001
 4.8641878e-001
 4.8723483e-001
 4.8802543e-001
 4.8884091e-001
 4.8973477e-001
 4.9073634e-001
 4.9182871e-001
 4.9294764e-001
 4.9400464e-001
 4.9492726e-001
 4.9569517e-001
 4.9635294e-001
 4.9699110e-001
 4.9770495e-001
 4.9854887e-001
 4.9951094e-001
 5.0052989e-001
 5.0154066e-001
 5.0250971e-001
 5.0343531e-001
 5.0432456e-001
 5.0517291e-001
 5.0596148e-001
 5.0666779e-001
 5.0727624e-001
 5.0778496e-001
 5.0821579e-001
 5.0862515e-001
 5.0909615e-001
 5.0970465e-001
 5.1048028e-001
 5.1139623e-001
 5.1239765e-001
 5.1343954e-001
 5.1449865e-001
 5.1555264e-001
 5.1655704e-001
 5.1745397e-001
 5.1820689e-001
 5.1882720e-001
 5.1936841e-001
 5.1990533e-001
 5.2052069e-001
 5.2129024e-001
 5.2224714e-001
 5.2334350e-001
 5.2445859e-001
 5.2546322e-001
 5.2628630e-001
 5.2692753e-001
 5.2741820e-001
 5.2778536e-001
 5.2806038e-001
 5.2831662e-001
 5.2868128e-001
 5.2927965e-001
 5.3013724e-001
 5.3112489e-001
 5.3202069e-001
 5.3266543e-001
 5.3309274e-001
 5.3351492e-001
 5.3415996e-001
 5.3508806e-001
 5.3614271e-001
 5.3707516e-001
 5.3772801e-001
 5.3811622e-001
 5.3836191e-001
 5.3858942e-001
 5.3889054e-001
 5.3934205e-001
 5.3998774e-001
 5.4079401e-001
 5.4166138e-001
 5.4250324e-001
 5.4329938e-001
 5.4407555e-001
 5.4486245e-001
 5.4568511e-001
 5.4655510e-001
 5.4743254e-001
 5.4821098e-001
 5.4880095e-001
 5.4926276e-001
 5.4980570e-001
 5.5058485e-001
 5.5150777e-001
 5.5230856e-001
 5.5282074e-001
 5.5312395e-001
 5.5342269e-001
 5.5384398e-001
 5.5438411e-001
 5.5501205e-001
 5.5577523e-001
 5.5678368e-001
 5.5808741e-001
 5.5958384e-001
 5.6108576e-001
 5.6250888e-001
 5.6394988e-001
 5.6551141e-001
 5.6707072e-001
 5.6831443e-001
 5.6905317e-001
 5.6947756e-001
 5.7008272e-001
 5.7132143e-001
 5.7327294e-001
 5.7557726e-001
 5.7768059e-001
 5.7922870e-001
 5.8033431e-001
 5.8151174e-001
 5.8329517e-001
 5.8581847e-001
 5.8871233e-001
 5.9142715e-001
 5.9368116e-001
 5.9561431e-001
 5.9758139e-001
 5.9986424e-001
 6.0254586e-001
 6.0554379e-001
 6.0869014e-001
 6.1181229e-001
 6.1482495e-001
 6.1779833e-001
 6.2088799e-001
 6.2413150e-001
 6.2736040e-001
 6.3041306e-001
 6.3340455e-001
 6.3664979e-001
 6.4030659e-001
 6.4418584e-001
 6.4792228e-001
 6.5126765e-001
 6.5421474e-001
 6.5692484e-001
 6.5963006e-001
 6.6261446e-001
 6.6614121e-001
 6.7022073e-001
 6.7445385e-001
 6.7826736e-001
 6.8139571e-001
 6.8408215e-001
 6.8675131e-001
 6.8949133e-001
 6.9196099e-001
 6.9390541e-001
 6.9561505e-001
 6.9764197e-001
 7.0018309e-001
 7.0304281e-001
 7.0607942e-001
 7.0929855e-001
 7.1249706e-001
 7.1514326e-001
 7.1677512e-001
 7.1747196e-001
 7.1789587e-001
 7.1883118e-001
 7.2062027e-001
 7.2295427e-001
 7.2515112e-001
 7.2666222e-001
 7.2736853e-001
 7.2751212e-001
 7.2744936e-001
 7.2744256e-001
 7.2756475e-001
 7.2781432e-001
 7.2834867e-001
 7.2945064e-001
 7.3114783e-001
 7.3302752e-001
 7.3456067e-001
 7.3549992e-001
 7.3590881e-001
 7.3595649e-001
 7.3582321e-001
 7.3574150e-001
 7.3597443e-001
 7.3666817e-001
 7.3767471e-001
 7.3852658e-001
 7.3874706e-001
 7.3833799e-001
 7.3786050e-001
 7.3783374e-001
 7.3817080e-001
 7.3846132e-001
 7.3855454e-001
 7.3856574e-001
 7.3869479e-001
 7.3920786e-001
 7.4011314e-001
 7.4083793e-001
 7.4078047e-001
 7.4009567e-001
 7.3951370e-001
 7.3958701e-001
 7.4027640e-001
 7.4119365e-001
 7.4211574e-001
 7.4306184e-001
 7.4388677e-001
 7.4414188e-001
 7.4354625e-001
 7.4246460e-001
 7.4176180e-001
 7.4207604e-001
 7.4318081e-001
 7.4423599e-001
 7.4475288e-001
 7.4503601e-001
 7.4558854e-001
 7.4639773e-001
 7.4694991e-001
 7.4683857e-001
 7.4629456e-001
 7.4603194e-001
 7.4653357e-001
 7.4763262e-001
 7.4880260e-001
 7.4965638e-001
 7.5012714e-001
 7.5031608e-001
 7.5030518e-001
 7.5022864e-001
 7.5044924e-001
 7.5130814e-001
 7.5261056e-001
 7.5360423e-001
 7.5363410e-001
 7.5282347e-001
 7.5188124e-001
 7.5142574e-001
 7.5167531e-001
 7.5252354e-001
 7.5366402e-001
 7.5472480e-001
 7.5545162e-001
 7.5583017e-001
 7.5601667e-001
 7.5613618e-001
 7.5615108e-001
 7.5594020e-001
 7.5552642e-001
 7.5521874e-001
 7.5546306e-001
 7.5647265e-001
 7.5798225e-001
 7.5940788e-001
 7.6029348e-001
 7.6062614e-001
 7.6073372e-001
 7.6091248e-001
 7.6116651e-001
 7.6128918e-001
 7.6117390e-001
 7.6102155e-001
 7.6119840e-001
 7.6186705e-001
 7.6276666e-001
 7.6340586e-001
 7.6353419e-001
 7.6339269e-001
 7.6331109e-001
 7.6308584e-001
 7.6257384e-001
 7.6225990e-001
 7.6268345e-001
 7.6373339e-001
 7.6491696e-001
 7.6589757e-001
 7.6644737e-001
 7.6631808e-001
 7.6557571e-001
 7.6484257e-001
 7.6485276e-001
 7.6579821e-001
 7.6712877e-001
 7.6800233e-001
 7.6819414e-001
 7.6838386e-001
 7.6912928e-001
 7.7002043e-001
 7.7036047e-001
 7.7015126e-001
 7.6998466e-001
 7.7031165e-001
 7.7096927e-001
 7.7137464e-001
 7.7131897e-001
 7.7127182e-001
 7.7152830e-001
 7.7171016e-001
 7.7174681e-001
 7.7238065e-001
 7.7368903e-001
 7.7427584e-001
 7.7327782e-001
 7.7195179e-001
 7.7191716e-001
 7.7308673e-001
 7.7442431e-001
 7.7550250e-001
 7.7636313e-001
 7.7676046e-001
 7.7633530e-001
 7.7523398e-001
 7.7401465e-001
 7.7333808e-001
 7.7373725e-001
 7.7501923e-001
 7.7624834e-001
 7.7677691e-001
 7.7668333e-001
 7.7625042e-001
 7.7572352e-001
 7.7530700e-001
 7.7513880e-001
 7.7517796e-001
 7.7521288e-001
 7.7506566e-001
 7.7481490e-001
 7.7478033e-001
 7.7523464e-001
 7.7608204e-001
 7.7686793e-001
 7.7713090e-001
 7.7673936e-001
 7.7590227e-001
 7.7495891e-001
 7.7428460e-001
 7.7425820e-001
 7.7509427e-001
 7.7653766e-001
 7.7794510e-001
 7.7874136e-001
 7.7871752e-001
 7.7806306e-001
 7.7719218e-001
 7.7659410e-001
 7.7624732e-001
 7.7643883e-001
 7.7727997e-001
 7.7853251e-001
 7.7981770e-001
 7.8075659e-001
 7.8103888e-001
 7.8080714e-001
 7.8038627e-001
 7.8010166e-001
 7.8022808e-001
 7.8070664e-001
 7.8134298e-001
 7.8194267e-001
 7.8232843e-001
 7.8243625e-001
 7.8224832e-001
 7.8174675e-001
 7.8093749e-001
 7.7998096e-001
 7.7897704e-001
 7.7846873e-001
 7.7851248e-001
 7.7907825e-001
 7.7989286e-001
 7.8067297e-001
 7.8113467e-001
 7.8100669e-001
 7.8029001e-001
 7.7925646e-001
 7.7818936e-001
 7.7737212e-001
 7.7707726e-001
 7.7732939e-001
 7.7790952e-001
 7.7858806e-001
 7.7913564e-001
 7.7933055e-001
 7.7912784e-001
 7.7865601e-001
 7.7805054e-001
 7.7744687e-001
 7.7698082e-001
 7.7675474e-001
 7.7674323e-001
 7.7689004e-001
 7.7713853e-001
 7.7743238e-001
 7.7771503e-001
 7.7794242e-001
 7.7811760e-001
 7.7825511e-001
 7.7836937e-001
 7.7847481e-001
 7.7858603e-001
 7.7871740e-001
 7.7887970e-001
 7.7906901e-001
 7.7927816e-001
 7.7949983e-001
 7.7972680e-001
 7.7995181e-001
-1.2300000e+034
-1.2300000e+034
 7.8054273e-001
 7.8068739e-001
 7.8079385e-001
 7.8085476e-001
 7.8086299e-001
 7.8081125e-001
 7.8069228e-001
 7.8049874e-001
 7.8022921e-001
 7.7990317e-001
 7.7954519e-001
 7.7917969e-001
 7.7883136e-001
 7.7852440e-001
 7.7828377e-001
 7.7813375e-001
 7.7809095e-001
 7.7814353e-001
 7.7827257e-001
 7.7845973e-001
 7.7868599e-001
 7.7893287e-001
 7.7918160e-001
 7.7941352e-001
 7.7961004e-001
 7.7975231e-001
 7.7982175e-001
 7.7979970e-001
 7.7967459e-001
 7.7946162e-001
 7.7918142e-001
 7.7885497e-001
 7.7850294e-001
 7.7814668e-001
 7.7780664e-001
 7.7750385e-001
 7.7725917e-001
 7.7709353e-001
 7.7702779e-001
 7.7708280e-001
 7.7727050e-001
 7.7757055e-001
 7.7795541e-001
 7.7839786e-001
 7.7887034e-001
 7.7934545e-001
 7.7979559e-001
 7.8019351e-001
 7.8051174e-001
 7.8072274e-001
 7.8079915e-001
 7.8072274e-001
 7.8050822e-001
 7.8017730e-001
 7.7975166e-001
 7.7925313e-001
 7.7870345e-001
 7.7812433e-001
 7.7753758e-001
 7.7696502e-001
 7.7642828e-001
 7.7594697e-001
 7.7553320e-001
 7.7519721e-001
 7.7494943e-001
 7.7480018e-001
 7.7475995e-001
 7.7483904e-001
 7.7504790e-001
 7.7539676e-001
 7.7589613e-001
 7.7654481e-001
 7.7730185e-001
 7.7811837e-001
 7.7894497e-001
 7.7973253e-001
 7.8043169e-001
 7.8099334e-001
 7.8136849e-001
 7.8150773e-001
 7.8136194e-001
 7.8090775e-001
 7.8020948e-001
 7.7934974e-001
 7.7841091e-001
 7.7747595e-001
 7.7662718e-001
 7.7594745e-001
 7.7551913e-001
 7.7542502e-001
 7.7571374e-001
 7.7632219e-001
 7.7716333e-001
 7.7815068e-001
 7.7919710e-001
 7.8021610e-001
 7.8112072e-001
 7.8182429e-001
 7.8226507e-001
 7.8246343e-001
 7.8245711e-001
 7.8228348e-001
 7.8198004e-001
 7.8158432e-001
 7.8113395e-001
 7.8066635e-001
 7.8021652e-001
 7.7981108e-001
 7.7947497e-001
 7.7923322e-001
 7.7911073e-001
 7.7913254e-001
 7.7932364e-001
 7.7970892e-001
 7.8028858e-001
 7.8098232e-001
 7.8169405e-001
 7.8226399e-001
 7.8267294e-001
 7.8280264e-001
 7.8259993e-001
 7.8208709e-001
 7.8135443e-001
 7.8053904e-001
 7.7979982e-001
 7.7929717e-001
 7.7916110e-001
 7.7943939e-001
 7.8006601e-001
 7.8089356e-001
 7.8174335e-001
 7.8244239e-001
 7.8285867e-001
 7.8293955e-001
 7.8272295e-001
 7.8231496e-001
 7.8185260e-001
 7.8147119e-001
 7.8127199e-001
 7.8129256e-001
 7.8149599e-001
 7.8178781e-001
 7.8204685e-001
 7.8215641e-001
 7.8203583e-001
 7.8166705e-001
 7.8110290e-001
 7.8045195e-001
 7.7984989e-001
 7.7942747e-001
 7.7927935e-001
 7.7943921e-001
 7.7987283e-001
 7.8049046e-001
 7.8117257e-001
 7.8179806e-001
 7.8226930e-001
 7.8158545e-001
 7.8164858e-001
 7.8164065e-001
 7.8156453e-001
 7.8143024e-001
 7.8125322e-001
 7.8105170e-001
 7.8084499e-001
 7.8065193e-001
 7.8048998e-001
 7.8037423e-001
 7.8031665e-001
 7.8032506e-001
 7.8040200e-001
 7.8054339e-001
 7.8073812e-001
 7.8096783e-001
 7.8120816e-001
 7.8143072e-001
 7.8160685e-001
 7.8171092e-001
 7.8172374e-001
 7.8163475e-001
 7.8144294e-001
 7.8115672e-001
 7.8079325e-001
 7.8037775e-001
 7.7994078e-001
 7.7951515e-001
 7.7913189e-001
 7.7881616e-001
 7.7858621e-001
 7.7845174e-001
 7.7841479e-001
 7.7847022e-001
 7.7860630e-001
 7.7880591e-001
 7.7904761e-001
 7.7930677e-001
 7.7955776e-001
 7.7977610e-001
 7.7994132e-001
 7.8003895e-001
 7.8006291e-001
 7.8001636e-001
 7.7991110e-001
 7.7976638e-001
 7.7960593e-001
 7.7945441e-001
 7.7933389e-001
 7.7926081e-001
 7.7924359e-001
 7.7928215e-001
 7.7936864e-001
 7.7948940e-001
 7.7962810e-001
 7.7976871e-001
 7.7989870e-001
 7.8001046e-001
 7.8010201e-001
 7.8017592e-001
 7.8023702e-001
 7.8029042e-001
 7.8033894e-001
 7.8038210e-001
 7.8041637e-001
 7.8043628e-001
 7.8043705e-001
 7.8041649e-001
 7.8037667e-001
 7.8032440e-001
 7.8026992e-001
 7.8022486e-001
 7.8019887e-001
 7.8019720e-001
 7.8021848e-001
 7.8025371e-001
 7.8028756e-001
 7.8030026e-001
 7.8027117e-001
 7.8018230e-001
 7.8002167e-001
 7.7978581e-001
 7.7948052e-001
 7.7912045e-001
 7.7872670e-001
 7.7832389e-001
 7.7793682e-001
 7.7758753e-001
 7.7729326e-001
 7.7706599e-001
 7.7691245e-001
 7.7683580e-001
 7.7683598e-001
 7.7691066e-001
 7.7705485e-001
 7.7726024e-001
 7.7751398e-001
 7.7779847e-001
 7.7809221e-001
 7.7837145e-001
 7.7861410e-001
 7.7880245e-001
 7.7892667e-001
 7.7898622e-001
 7.7898926e-001
 7.7895051e-001
 7.7888733e-001
 7.7881575e-001
 7.7874714e-001
 7.7868605e-001
 7.7863050e-001
 7.7857357e-001
 7.7850640e-001
 7.7842110e-001
 7.7831388e-001
 7.7818614e-001
 7.7804488e-001
 7.7790159e-001
 7.7776986e-001
 7.7766305e-001
 7.7759171e-001
 7.7756143e-001
 7.7757204e-001
 7.7761728e-001
 7.7768558e-001
 7.7776158e-001
 7.7782822e-001
 7.7786911e-001
 7.7787066e-001
 7.7782363e-001
 7.7772486e-001
 7.7757728e-001
 7.7738994e-001
 7.7717710e-001
 7.7695638e-001
 7.7674717e-001
 7.7656800e-001
 7.7643460e-001
 7.7635789e-001
 7.7634245e-001
 7.7638620e-001
 7.7648067e-001
 7.7661228e-001
 7.7676463e-001
 7.7692121e-001
 7.7706790e-001
 7.7719504e-001
 7.7729869e-001
 7.7738017e-001
 7.7744454e-001
 7.7749801e-001
 7.7754557e-001
 7.7758831e-001
 7.7762258e-001
 7.7764046e-001
 7.7763158e-001
 7.7758580e-001
 7.7749652e-001
 7.7736300e-001
 7.7719158e-001
 7.7699572e-001
 7.7679378e-001
 7.7660668e-001
 7.7645439e-001
 7.7635300e-001
 7.7631271e-001
 7.7633649e-001
 7.7642071e-001
 7.7655607e-001
 7.7672982e-001
 7.7692789e-001
 7.7713656e-001
 7.7734441e-001
 7.7754200e-001
 7.7772236e-001
 7.7787971e-001
 7.7800906e-001
 7.7810532e-001
 7.7816385e-001
 7.7818102e-001
 7.7815568e-001
 7.7809018e-001
 7.7799094e-001
 7.7786845e-001
 7.7773535e-001
 7.7760440e-001
 7.7748591e-001
 7.7738541e-001
 7.7730310e-001
 7.7723408e-001
 7.7717030e-001
 7.7710330e-001
 7.7702701e-001
 7.7693939e-001
 7.7684361e-001
 7.7674687e-001
 7.7665901e-001
 7.7659011e-001
 7.7654862e-001
 7.7654028e-001
 7.7656746e-001
 7.7662981e-001
 7.7672458e-001
 7.7684718e-001
 7.7699113e-001
 7.7714741e-001
 7.7730405e-001
 7.7744633e-001
 7.7755725e-001
 7.7762020e-001
 7.7762157e-001
 7.7755392e-001
 7.7741915e-001
 7.7722895e-001
 7.7700484e-001
 7.7677488e-001
 7.7656966e-001
 7.7641773e-001
 7.7634072e-001
 7.7635026e-001
 7.7644670e-001
 7.7661937e-001
 7.7684909e-001
 7.7711105e-001
 7.7737910e-001
 7.7762926e-001
 7.7784300e-001
 7.7800959e-001
 7.7812737e-001
 7.7820385e-001
 7.7825469e-001
 7.7830160e-001
 7.7836937e-001
 7.7848202e-001
 7.7865899e-001
 7.7891141e-001
 7.7923983e-001
 7.7963281e-001
 7.8006822e-001
 7.8051555e-001
 7.8094035e-001
 7.8130937e-001
 7.8159475e-001
 7.8177816e-001
 7.8185242e-001
 7.8182173e-001
 7.8169966e-001
 7.8150630e-001
 7.8126484e-001
 7.8099793e-001
 7.8072554e-001
 7.8046316e-001
 7.8022170e-001
 7.8000760e-001
 7.7982432e-001
 7.7967316e-001
 7.7955443e-001
 7.7946824e-001
 7.7941453e-001
 7.7939308e-001
 7.7940273e-001
 7.7944142e-001
 7.7950549e-001
 7.7959019e-001
 7.7968991e-001
 7.7979875e-001
 7.7991134e-001
 7.8002316e-001
 7.8013015e-001
 7.8022861e-001
 7.8031433e-001
 7.8038168e-001
 7.8042388e-001
 7.8043312e-001
 7.8040212e-001
 7.8032595e-001
 7.8020382e-001
 7.8004062e-001
 7.7984715e-001
 7.7963936e-001
 7.7943611e-001
 7.7925640e-001
 7.7911621e-001
 7.7902615e-001
 7.7898991e-001
 7.7900469e-001
 7.7906221e-001
 7.7915096e-001
 7.7925926e-001
 7.7937740e-001
 7.7949917e-001
 7.7962285e-001
 7.7975035e-001
 7.7988583e-001
 7.8003383e-001
 7.8019679e-001
 7.8037369e-001
 7.8055936e-001
 7.8074443e-001
 7.8091693e-001
 7.8106439e-001
 7.8117621e-001
 7.8124571e-001
 7.8127128e-001
 7.8125703e-001
 7.8121144e-001
 7.8114605e-001
 7.8107345e-001
 7.8100556e-001
 7.8095216e-001
 7.8092045e-001
 7.8091526e-001
 7.8093934e-001
 7.8099412e-001
 7.8107995e-001
 7.8119594e-001
 7.8133994e-001
 7.8150785e-001
 7.8169298e-001
 7.8188598e-001
 7.8207505e-001
 7.8224653e-001
 7.8238571e-001
 7.8247845e-001
 7.8251225e-001
 7.8247792e-001
 7.8237081e-001
 7.8219223e-001
 7.8195018e-001
 7.8165978e-001
 7.8134280e-001
 7.8102648e-001
 7.8074044e-001
 7.8051347e-001
 7.8036910e-001
 7.8032154e-001
 7.8037268e-001
 7.8051108e-001
 7.8071308e-001
 7.8094667e-001
 7.8117692e-001
 7.8137165e-001
 7.8150690e-001
 7.8157026e-001
 7.8156090e-001
 7.8148800e-001
 7.8136653e-001
 7.8121251e-001
 7.8103918e-001
 7.8085434e-001
 7.8066015e-001
 7.8045487e-001
 7.8023553e-001
 7.8000098e-001
 7.7975464e-001
 7.7950495e-001
 7.7926564e-001
 7.7905393e-001
 7.7888787e-001
 7.7878416e-001
 7.7875578e-001
 7.7881092e-001
 7.7895194e-001
 7.7917624e-001
 7.7947623e-001
 7.7984101e-001
 7.8025728e-001
 7.8070992e-001
 7.8118306e-001
 7.8165996e-001
 7.8212321e-001
 7.8255498e-001
 7.8293699e-001
 7.8325075e-001
 7.8347838e-001
 7.8360385e-001
 7.8361398e-001
 7.8350043e-001
 7.8326082e-001
 7.8290021e-001
 7.8243166e-001
 7.8187579e-001
 7.8126001e-001
 7.8061599e-001
 7.7997732e-001
 7.7937579e-001
 7.7883780e-001
 7.7838182e-001
 7.7801615e-001
 7.7773809e-001
 7.7753466e-001
 7.7738458e-001
 7.7726156e-001
 7.7713799e-001
 7.7698874e-001
 7.7679479e-001
 7.7654493e-001
 7.7623701e-001
 7.7587682e-001
 7.7547604e-001
 7.7504951e-001
 7.7461201e-001
 7.7417594e-001
 7.7374995e-001
 7.7333909e-001
 7.7294612e-001
 7.7257293e-001
 7.7222294e-001
 7.7190167e-001
 7.7161664e-001
 7.7137649e-001
 7.7118880e-001
 7.7105832e-001
 7.7098542e-001
 7.7096599e-001
 7.7099180e-001
 7.7105224e-001
 7.7113599e-001
 7.7123243e-001
 7.7133238e-001
 7.7142793e-001
 7.7151203e-001
 7.7157766e-001
 7.7161753e-001
 7.7162474e-001
 7.7159375e-001
 7.7152216e-001
 7.7141219e-001
 7.7127153e-001
 7.7111316e-001
 7.7095425e-001
 7.7081341e-001
 7.7070850e-001
 7.7065367e-001
 7.7065790e-001
 7.7072364e-001
 7.7084744e-001
 7.7102065e-001
 7.7123117e-001
 7.7146542e-001
 7.7170974e-001
 7.7195185e-001
 7.7218211e-001
 7.7239394e-001
 7.7258396e-001
 7.7275223e-001
 7.7290142e-001
 7.7303618e-001
 7.7316165e-001
 7.7328223e-001
 7.7340007e-001
 7.7351373e-001
 7.7361757e-001
 7.7370244e-001
 7.7375633e-001
 7.7376717e-001
 7.7372521e-001
 7.7362615e-001
 7.7347344e-001
 7.7327991e-001
 7.7306741e-001
 7.7286488e-001
 7.7270496e-001
 7.7261859e-001
 7.7263010e-001
 7.7275217e-001
 7.7298278e-001
 7.7330464e-001
 7.7368814e-001
 7.7409607e-001
 7.7449131e-001
 7.7484375e-001
 7.7513647e-001
 7.7536905e-001
 7.7555686e-001
 7.7572733e-001
 7.7591312e-001
 7.7614492e-001
 7.7644461e-001
 7.7682060e-001
 7.7726626e-001
 7.7776146e-001
 7.7827621e-001
 7.7877617e-001
 7.7922785e-001
 7.7960366e-001
 7.7988482e-001
 7.8006369e-001
 7.8014368e-001
 7.8013813e-001
 7.8006834e-001
 7.7996069e-001
 7.7984321e-001
 7.7974218e-001
 7.7967894e-001
 7.7966714e-001
 7.7971089e-001
 7.7980435e-001
 7.7993280e-001
 7.8007483e-001
 7.8020591e-001
 7.8030241e-001
 7.8034502e-001
 7.8032202e-001
 7.8023070e-001
 7.8007770e-001
 7.7987808e-001
 7.7965337e-001
 7.7942908e-001
 7.7923238e-001
 7.7908969e-001
 7.7902424e-001
 7.7905464e-001
 7.7919292e-001
 7.7944279e-001
 7.7979857e-001
 7.8024453e-001
 7.8075576e-001
 7.8130060e-001
 7.8184599e-001
 7.8236133e-001
 7.8282291e-001
 7.8321552e-001
 7.8353328e-001
 7.8378010e-001
 7.8396881e-001
 7.8411943e-001
 7.8425491e-001
 7.8439689e-001
 7.8456146e-001
 7.8475660e-001
 7.8498250e-001
 7.8523278e-001
 7.8549826e-001
 7.8576988e-001
 7.8604025e-001
 7.8630382e-001
 7.8655541e-001
 7.8678882e-001
 7.8699607e-001
 7.8716713e-001
 7.8729117e-001
 7.8735864e-001
 7.8736407e-001
 7.8730834e-001
 7.8720033e-001
 7.8705680e-001
 7.8690094e-001
 7.8675890e-001
 7.8665578e-001
 7.8661150e-001
 7.8663707e-001
 7.8673357e-001
 7.8689253e-001
 7.8709888e-001
 7.8733402e-001
 7.8757876e-001
 7.8781641e-001
 7.8803390e-001
 7.8822321e-001
 7.8838146e-001
 7.8851014e-001
 7.8861374e-001
 7.8869724e-001
 7.8876448e-001
 7.8881657e-001
 7.8885168e-001
 7.8886586e-001
 7.8885496e-001
 7.8881609e-001
 7.8875023e-001
 7.8866225e-001
 7.8856111e-001
 7.8845829e-001
 7.8836656e-001
 7.8829813e-001
 7.8826332e-001
 7.8826970e-001
 7.8832132e-001
 7.8841847e-001
 7.8855753e-001
 7.8873169e-001
 7.8893131e-001
 7.8914452e-001
 7.8935850e-001
 7.8956038e-001
 7.8973836e-001
 7.8988272e-001
 7.8998697e-001
 7.9004872e-001
 7.9006970e-001
 7.9005635e-001
 7.9001838e-001
 7.8996831e-001
 7.8991920e-001
 7.8988326e-001
 7.8986979e-001
 7.8988415e-001
 7.8992689e-001
 7.8999394e-001
 7.9007798e-001
 7.9016960e-001
 7.9025948e-001
 7.9034048e-001
 7.9040885e-001
 7.9046518e-001
 7.9051405e-001
 7.9056334e-001
 7.9062200e-001
 7.9069817e-001
 7.9079711e-001
 7.9091942e-001
 7.9106045e-001
 7.9121065e-001
 7.9135668e-001
 7.9148364e-001
 7.9157799e-001
 7.9162961e-001
 7.9163426e-001
 7.9159462e-001
 7.9152018e-001
 7.9142612e-001
 7.9133153e-001
 7.9125625e-001
 7.9121852e-001
 7.9123247e-001
 7.9130632e-001
 7.9144168e-001
 7.9163361e-001
 7.9187155e-001
 7.9214060e-001
 7.9242361e-001
 7.9270238e-001
 7.9295963e-001
 7.9317999e-001
 7.9335117e-001
 7.9346448e-001
 7.9351550e-001
 7.9350418e-001
 7.9343462e-001
 7.9331547e-001
 7.9315871e-001
 7.9297930e-001
 7.9279399e-001
 7.9262030e-001
 7.9247546e-001
 7.9237491e-001
 7.9233170e-001
 7.9235512e-001
 7.9245025e-001
 7.9261667e-001
 7.9284847e-001
 7.9313380e-001
 7.9345512e-001
 7.9379058e-001
 7.9411602e-001
 7.9440743e-001
 7.9464382e-001
 7.9480958e-001
 7.9489666e-001
 7.9490566e-001
 7.9484582e-001
 7.9473507e-001
 7.9459834e-001
 7.9446483e-001
 7.9436392e-001
 7.9432076e-001
 7.9435164e-001
 7.9446018e-001
 7.9463565e-001
 7.9485357e-001
 7.9507840e-001
 7.9526883e-001
 7.9538363e-001
 7.9538852e-001
 7.9526109e-001
 7.9499471e-001
 7.9459792e-001
 7.9409283e-001
 7.9351097e-001
 7.9288977e-001
 7.9226840e-001
 7.9168439e-001
 7.9117185e-001
 7.9075962e-001
 7.9047060e-001
 7.9032081e-001
 7.9031891e-001
 7.9046595e-001
 7.9075468e-001
 7.9116964e-001
 7.9168701e-001
 7.9227573e-001
 7.9289883e-001
 7.9351610e-001
 7.9408753e-001
 7.9457659e-001
 7.9495400e-001
 7.9520065e-001
 7.9530954e-001
 7.9528642e-001
 7.9514897e-001
 7.9492426e-001
 7.9464555e-001
 7.9434830e-001
 7.9406613e-001
 7.9382753e-001
 7.9365319e-001
 7.9355490e-001
 7.9353511e-001
 7.9358828e-001
 7.9370230e-001
 7.9386044e-001
 7.9404378e-001
 7.9423273e-001
 7.9440874e-001
 7.9455507e-001
 7.9465801e-001
 7.9470682e-001
 7.9469466e-001
 7.9461867e-001
 7.9448032e-001
 7.9428589e-001
 7.9404610e-001
 7.9377627e-001
 7.9349500e-001
 7.9322326e-001
 7.9298270e-001
 7.9279339e-001
 7.9267251e-001
 7.9263222e-001
 7.9267871e-001
 7.9281181e-001
 7.9302496e-001
 7.9330623e-001
 7.9363942e-001
 7.9400557e-001
 7.9438430e-001
 7.9475546e-001
 7.9509991e-001
 7.9540044e-001
 7.9564232e-001
 7.9581380e-001
 7.9590660e-001
 7.9591620e-001
 7.9584253e-001
 7.9568988e-001
 7.9546756e-001
 7.9518902e-001
 7.9487175e-001
 7.9453588e-001
 7.9420233e-001
 7.9389197e-001
 7.9362297e-001
 7.9341000e-001
 7.9326308e-001
 7.9318660e-001
 7.9317999e-001
 7.9323798e-001
 7.9335141e-001
 7.9350841e-001
 7.9369551e-001
 7.9389852e-001
 7.9410332e-001
 7.9429656e-001
 7.9446596e-001
 7.9460090e-001
 7.9469270e-001
 7.9473478e-001
 7.9472345e-001
 7.9465771e-001
 7.9453981e-001
 7.9437494e-001
 7.9417133e-001
 7.9393947e-001
 7.9369193e-001
 7.9344207e-001
 7.9320365e-001
 7.9298991e-001
 7.9281271e-001
 7.9268223e-001
 7.9260647e-001
 7.9259127e-001
 7.9264021e-001
 7.9275453e-001
 7.9293305e-001
 7.9317230e-001
 7.9346681e-001
 7.9380888e-001
 7.9418838e-001
 7.9459304e-001
 7.9500842e-001
 7.9541928e-001
 7.9580951e-001
 7.9616421e-001
 7.9646981e-001
 7.9671580e-001
 7.9689485e-001
 7.9700303e-001
 7.9712528e-001
 7.9708636e-001
 7.9697847e-001
 7.9680568e-001
 7.9657298e-001
 7.9628670e-001
 7.9595476e-001
 7.9558641e-001
 7.9519147e-001
 7.9478037e-001
 7.9436344e-001
 7.9395086e-001
 7.9355246e-001
 7.9317737e-001
 7.9283375e-001
 7.9252875e-001
 7.9226834e-001
 7.9205763e-001
 7.9190093e-001
 7.9180217e-001
 7.9176480e-001
 7.9179186e-001
 7.9188567e-001
 7.9204655e-001
 7.9227209e-001
 7.9255551e-001
 7.9288578e-001
 7.9324740e-001
 7.9362226e-001
 7.9399025e-001
 7.9433072e-001
 7.9462361e-001
 7.9485029e-001
 7.9499608e-001
 7.9505247e-001
 7.9501939e-001
 7.9490590e-001
 7.9472959e-001
 7.9451406e-001
 7.9428661e-001
 7.9407614e-001
 7.9391116e-001
 7.9381788e-001
 7.9381764e-001
 7.9392302e-001
 7.9413503e-001
 7.9444206e-001
 7.9482067e-001
 7.9523879e-001
 7.9565966e-001
 7.9604411e-001
 7.9635340e-001
 7.9655141e-001
 7.9660863e-001
 7.9650599e-001
 7.9623908e-001
 7.9581928e-001
 7.9527277e-001
 7.9463613e-001
 7.9395217e-001
 7.9326677e-001
 7.9262501e-001
 7.9206920e-001
 7.9163384e-001
 7.9134083e-001
 7.9119509e-001
 7.9118252e-001
 7.9127187e-001
 7.9141939e-001
 7.9157382e-001
 7.9168081e-001
 7.9168624e-001
 7.9154009e-001
 7.9120159e-001
 7.9064518e-001
 7.8986621e-001
 7.8888321e-001
 7.8773534e-001
 7.8647751e-001
 7.8517318e-001
 7.8389001e-001
 7.8269541e-001
 7.8165162e-001
 7.8081059e-001
 7.8020567e-001
 7.7984601e-001
 7.7971321e-001
 7.7976441e-001
 7.7993864e-001
 7.8016412e-001
 7.8036427e-001
 7.8046244e-001
 7.8038603e-001
 7.8007221e-001
 7.7947456e-001
 7.7856880e-001
 7.7735555e-001
 7.7585733e-001
 7.7411336e-001
 7.7217293e-001
 7.7008903e-001
 7.6791680e-001
 7.6570845e-001
 7.6351255e-001
 7.6136976e-001
 7.5930941e-001
 7.5734985e-001
 7.5549781e-001
 7.5375307e-001
 7.5211030e-001
 7.5056165e-001
 7.4909914e-001
 7.4771452e-001
 7.4640131e-001
 7.4515498e-001
 7.4397355e-001
 7.4285871e-001
 7.4181503e-001
 7.4084890e-001
 7.3996830e-001
 7.3918140e-001
 7.3849630e-001
 7.3791999e-001
 7.3745662e-001
 7.3710638e-001
 7.3686355e-001
 7.3671591e-001
 7.3664576e-001
 7.3663080e-001
 7.3664653e-001
 7.3666728e-001
 7.3666763e-001
 7.3662424e-001
 7.3651737e-001
 7.3633420e-001
 7.3607099e-001
 7.3573387e-001
 7.3533815e-001
 7.3490578e-001
 7.3446268e-001
 7.3403651e-001
 7.3365492e-001
 7.3334414e-001
 7.3312658e-001
 7.3301852e-001
 7.3302794e-001
 7.3315346e-001
 7.3338526e-001
 7.3370749e-001
 7.3410046e-001
 7.3454291e-001
 7.3501354e-001
 7.3549205e-001
 7.3596132e-001
 7.3640883e-001
 7.3682892e-001
 7.3722351e-001
 7.3760080e-001
 7.3797435e-001
 7.3836029e-001
 7.3877609e-001
 7.3923939e-001
 7.3976630e-001
 7.4036980e-001
 7.4105793e-001
 7.4183142e-001
 7.4268353e-001
 7.4360019e-001
 7.4456221e-001
 7.4554765e-001
 7.4653268e-001
 7.4749404e-001
 7.4840933e-001
 7.4925905e-001
 7.5002921e-001
 7.5071198e-001
 7.5130749e-001
 7.5182229e-001
 7.5226814e-001
 7.5265974e-001
 7.5301313e-001
 7.5334460e-001
 7.5366980e-001
 7.5400251e-001
 7.5435382e-001
 7.5473070e-001
 7.5513572e-001
 7.5556755e-001
 7.5602186e-001
 7.5649256e-001
 7.5697285e-001
 7.5745565e-001
 7.5793433e-001
 7.5840330e-001
 7.5885868e-001
 7.5929874e-001
 7.5972438e-001
 7.6013893e-001
 7.6054716e-001
 7.6095510e-001
 7.6136893e-001
 7.6179516e-001
 7.6223934e-001
 7.6270628e-001
 7.6319879e-001
 7.6371664e-001
 7.6425713e-001
 7.6481473e-001
 7.6538229e-001
 7.6595080e-001
 7.6651144e-001
 7.6705533e-001
 7.6757371e-001
 7.6805967e-001
 7.6850843e-001
 7.6891798e-001
 7.6929009e-001
 7.6962924e-001
 7.6994246e-001
 7.7023786e-001
 7.7052432e-001
 7.7081102e-001
 7.7110660e-001
 7.7141953e-001
 7.7175754e-001
 7.7212697e-001
 7.7253300e-001
 7.7297997e-001
 7.7347088e-001
 7.7400869e-001
 7.7459568e-001
 7.7523398e-001
 7.7592409e-001
 7.7666485e-001
 7.7745187e-001
 7.7827543e-001
 7.7912128e-001
 7.7997053e-001
 7.8080028e-001
 7.8158611e-001
 7.8230298e-001
 7.8292614e-001
 7.8343266e-001
 7.8380460e-001
 7.8403115e-001
 7.8411168e-001
 7.8405696e-001
 7.8388762e-001
 7.8363210e-001
 7.8332299e-001
 7.8299481e-001
 7.8268236e-001
 7.8241831e-001
 7.8223103e-001
 7.8214157e-001
 7.8216118e-001
 7.8228986e-001
 7.8251785e-001
 7.8282773e-001
 7.8319818e-001
 7.8360558e-001
 7.8402585e-001
 7.8443623e-001
 7.8481644e-001
 7.8515077e-001
 7.8542924e-001
 7.8564888e-001
 7.8581268e-001
 7.8592795e-001
 7.8600484e-001
 7.8605467e-001
 7.8608924e-001
 7.8612024e-001
 7.8615874e-001
 7.8621495e-001
 7.8629756e-001
 7.8641391e-001
 7.8657001e-001
 7.8677070e-001
 7.8702044e-001
 7.8732318e-001
 7.8768206e-001
 7.8809941e-001
 7.8857529e-001
 7.8910577e-001
 7.8968215e-001
 7.9029024e-001
 7.9091084e-001
 7.9152066e-001
 7.9209471e-001
 7.9260725e-001
 7.9303271e-001
 7.9334825e-001
 7.9353601e-001
 7.9358655e-001
 7.9350203e-001
 7.9329729e-001
 7.9299867e-001
 7.9264110e-001
 7.9226440e-001
 7.9191047e-001
 7.9162097e-001
 7.9143459e-001
 7.9138339e-001
 7.9148829e-001
 7.9175532e-001
 7.9217386e-001
 7.9271799e-001
 7.9335099e-001
 7.9402941e-001
 7.9470724e-001
 7.9533774e-001
 7.9587740e-001
 7.9628879e-001
 7.9654437e-001
 7.9663128e-001
 7.9655194e-001
 7.9632288e-001
 7.9597110e-001
 7.9552960e-001
 7.9503435e-001
 7.9452187e-001
 7.9402691e-001
 7.9358041e-001
 7.9320705e-001
 7.9292226e-001
 7.9273176e-001
 7.9263252e-001
 7.9261464e-001
 7.9266459e-001
 7.9276687e-001
 7.9290569e-001
 7.9306608e-001
 7.9323530e-001
 7.9340398e-001
 7.9356796e-001
 7.9372841e-001
 7.9389143e-001
 7.9406673e-001
 7.9426622e-001
 7.9450250e-001
 7.9478800e-001
 7.9513323e-001
 7.9554492e-001
 7.9602301e-001
 7.9655874e-001
 7.9713368e-001
 7.9771996e-001
 7.9828370e-001
 7.9878724e-001
 7.9919088e-001
 7.9945630e-001
 7.9954827e-001
 7.9943931e-001
 7.9911447e-001
 7.9857594e-001
 7.9784471e-001
 7.9695946e-001
 7.9597098e-001
 7.9493737e-001
 7.9392070e-001
 7.9298186e-001
 7.9217809e-001
 7.9155815e-001
 7.9115528e-001
 7.9098260e-001
 7.9103076e-001
 7.9127002e-001
 7.9165560e-001
 7.9213411e-001
 7.9264766e-001
 7.9313838e-001
 7.9355097e-001
 7.9383671e-001
 7.9395831e-001
 7.9389364e-001
 7.9363763e-001
 7.9320049e-001
 7.9260367e-001
 7.9187530e-001
 7.9104710e-001
 7.9015118e-001
 7.8921860e-001
 7.8827888e-001
 7.8735638e-001
 7.8646976e-001
 7.8563166e-001
 7.8484845e-001
 7.8412229e-001
 7.8345269e-001
 7.8283817e-001
 7.8227645e-001
 7.8176492e-001
 7.8130144e-001
 7.8088307e-001
 7.8050703e-001
 7.8017044e-001
 7.7987003e-001
 7.7960259e-001
 7.7936471e-001
 7.7915317e-001
 7.7896488e-001
 7.7879709e-001
 7.7864838e-001
 7.7851880e-001
 7.7841067e-001
 7.7832913e-001
 7.7828127e-001
 7.7827621e-001
 7.7832371e-001
 7.7843410e-001
 7.7861696e-001
 7.7888036e-001
 7.7922857e-001
 7.7965987e-001
 7.8016472e-001
 7.8072405e-001
 7.8131086e-001
 7.8189236e-001
 7.8243184e-001
 7.8289163e-001
 7.8323454e-001
 7.8342682e-001
 7.8344148e-001
 7.8326344e-001
 7.8289354e-001
 7.8235030e-001
 7.8166831e-001
 7.8089339e-001
 7.8007913e-001
 7.7928144e-001
 7.7855617e-001
 7.7795643e-001
 7.7752709e-001
 7.7730066e-001
 7.7729225e-001
 7.7749789e-001
 7.7789629e-001
 7.7845359e-001
 7.7912790e-001
 7.7987432e-001
 7.8064752e-001
 7.8140336e-001
 7.8210324e-001
 7.8271651e-001
 7.8322369e-001
 7.8361726e-001
 7.8390110e-001
 7.8408742e-001
 7.8419304e-001
 7.8423715e-001
 7.8423959e-001
 7.8421938e-001
 7.8419352e-001
 7.8417557e-001
 7.8417432e-001
 7.8419316e-001
 7.8423083e-001
 7.8428251e-001
 7.8434134e-001
 7.8439933e-001
 7.8444839e-001
 7.8448057e-001
 7.8448868e-001
 7.8446674e-001
 7.8441060e-001
 7.8431791e-001
 7.8418815e-001
 7.8402191e-001
 7.8382081e-001
 7.8358668e-001
 7.8332162e-001
 7.8302842e-001
 7.8271037e-001
 7.8237200e-001
 7.8201979e-001
 7.8166181e-001
 7.8130788e-001
 7.8096920e-001
 7.8065747e-001
 7.8038484e-001
 7.8016317e-001
 7.8000391e-001
 7.7991694e-001
 7.7990985e-001
 7.7998722e-001
 7.8014994e-001
 7.8039598e-001
 7.8072077e-001
 7.8111851e-001
 7.8158259e-001
 7.8210586e-001
 7.8268039e-001
 7.8329724e-001
 7.8394562e-001
 7.8461146e-001
 7.8527838e-001
 7.8592724e-001
 7.8653646e-001
 7.8708398e-001
 7.8754723e-001
 7.8790408e-001
 7.8813487e-001
 7.8822458e-001
 7.8816569e-001
 7.8796130e-001
 7.8762597e-001
 7.8718454e-001
 7.8667003e-001
 7.8611946e-001
 7.8557187e-001
 7.8506613e-001
 7.8463787e-001
 7.8431636e-001
 7.8411973e-001
 7.8405154e-001
 7.8409857e-001
 7.8423297e-001
 7.8441578e-001
 7.8460163e-001
 7.8474259e-001
 7.8479099e-001
 7.8470314e-001
 7.8444403e-001
 7.8399307e-001
 7.8334975e-001
 7.8253520e-001
 7.8159010e-001
 7.8057045e-001
 7.7954012e-001
 7.7856672e-001
 7.7771807e-001
 7.7705657e-001
 7.7663422e-001
 7.7648538e-001
 7.7661967e-001
 7.7702004e-001
 7.7764505e-001
 7.7843535e-001
 7.7932113e-001
 7.8022832e-001
 7.8108197e-001
 7.8181201e-001
 7.8235787e-001
 7.8267485e-001
 7.8274071e-001
 7.8255719e-001
 7.8214830e-001
 7.8155452e-001
 7.8082639e-001
 7.8001869e-001
 7.7918792e-001
 7.7838790e-001
 7.7766675e-001
 7.7706343e-001
 7.7660280e-001
 7.7629489e-001
 7.7613646e-001
 7.7611488e-001
 7.7621204e-001
 7.7640748e-001
 7.7667987e-001
 7.7700841e-001
 7.7737331e-001
 7.7775639e-001
 7.7814186e-001
 7.7851671e-001
 7.7886987e-001
 7.7919251e-001
 7.7947700e-001
 7.7971649e-001
 7.7990431e-001
 7.8003412e-001
 7.8009993e-001
 7.8009576e-001
 7.8002125e-001
 7.7989405e-001
 7.7965283e-001
 7.7934933e-001
 7.7899230e-001
 7.7859044e-001
 7.7815253e-001
 7.7768779e-001
 7.7720475e-001
 7.7671242e-001
 7.7621949e-001
 7.7573431e-001
 7.7526110e-001
 7.7480119e-001
 7.7435625e-001
 7.7392769e-001
 7.7351719e-001
 7.7312630e-001
 7.7275634e-001
 7.7240896e-001
 7.7208579e-001
 7.7178830e-001
 7.7151811e-001
 7.7127641e-001
 7.7106524e-001
 7.7088541e-001
 7.7073455e-001
 7.7060795e-001
 7.7050126e-001
 7.7040988e-001
 7.7032936e-001
 7.7025503e-001
 7.7018249e-001
 7.7010715e-001
 7.7002454e-001
 7.6993006e-001
 7.6981932e-001
 7.6968759e-001
 7.6953059e-001
 7.6934350e-001
 7.6912206e-001
 7.6886153e-001
 7.6855761e-001
 7.6820618e-001
 7.6780838e-001
 7.6736760e-001
 7.6688784e-001
 7.6637268e-001
 7.6582575e-001
 7.6525044e-001
 7.6465100e-001
 7.6403081e-001
 7.6339352e-001
 7.6274282e-001
 7.6208222e-001
 7.6141566e-001
 7.6074684e-001
 7.6007926e-001
 7.5941652e-001
 7.5876254e-001
 7.5812089e-001
 7.5749516e-001
 7.5688899e-001
 7.5630635e-001
 7.5575066e-001
 7.5522530e-001
 7.5473070e-001
 7.5426590e-001
 7.5383013e-001
 7.5342208e-001
 7.5304097e-001
 7.5268549e-001
 7.5235504e-001
 7.5204843e-001
 7.5176466e-001
 7.5150263e-001
 7.5126165e-001
 7.5104052e-001
 7.5083810e-001
 7.5065368e-001
 7.5048608e-001
 7.5033444e-001
 7.5019765e-001
 7.5007468e-001
 7.4996459e-001
 7.4986643e-001
 7.4977916e-001
 7.4970180e-001
 7.4963331e-001
 7.4957275e-001
 7.4951911e-001
 7.4947137e-001
 7.4942845e-001
 7.4938947e-001
 7.4935341e-001
 7.4931926e-001
 7.4928600e-001
 7.4925262e-001
 7.4921805e-001
 7.4918151e-001
 7.4914169e-001
 7.4909782e-001
 7.4904883e-001
 7.4899375e-001
 7.4893141e-001
 7.4886101e-001
 7.4878138e-001
 7.4869174e-001
 7.4859089e-001
 7.4847782e-001
 7.4835175e-001
 7.4821138e-001
 7.4805582e-001
 7.4788415e-001
 7.4769539e-001
 7.4748832e-001
 7.4726206e-001
 7.4701577e-001
 7.4674815e-001
 7.4645841e-001
 7.4614549e-001
 7.4580854e-001
 7.4544847e-001
 7.4506718e-001
 7.4466610e-001
