s07_ASD Record=2867: Chrysotile HS323.1B          ASDNGa AREF
-1.2300000e+034
 7.9222006e-001
 7.9185522e-001
 7.9157144e-001
 7.9135370e-001
 7.9138589e-001
 7.9184014e-001
 7.9209739e-001
 7.9195607e-001
 7.9262823e-001
 7.9286104e-001
 7.9338682e-001
 7.9527366e-001
 7.9571396e-001
 7.9540145e-001
 7.9525894e-001
 7.9605919e-001
 7.9718930e-001
 7.9827350e-001
 7.9934490e-001
 8.0152297e-001
 8.0307013e-001
 8.0389899e-001
 8.0470961e-001
 8.0510145e-001
 8.0569261e-001
 8.0678850e-001
 8.0821633e-001
 8.1000561e-001
 8.1171364e-001
 8.1302309e-001
 8.1425196e-001
 8.1550992e-001
 8.1667346e-001
 8.1762773e-001
 8.1942856e-001
 8.2121861e-001
 8.2258278e-001
 8.2394063e-001
 8.2496679e-001
 8.2619399e-001
 8.2795119e-001
 8.2934386e-001
 8.3062255e-001
 8.3196992e-001
 8.3346677e-001
 8.3471930e-001
 8.3597583e-001
 8.3726662e-001
 8.3820188e-001
 8.3924949e-001
 8.4035707e-001
 8.4134912e-001
 8.4214103e-001
 8.4297341e-001
 8.4379578e-001
 8.4440309e-001
 8.4509546e-001
 8.4580022e-001
 8.4646517e-001
 8.4714645e-001
 8.4792179e-001
 8.4862906e-001
 8.4913361e-001
 8.4971911e-001
 8.5032541e-001
 8.5093731e-001
 8.5157573e-001
 8.5221624e-001
 8.5279351e-001
 8.5330355e-001
 8.5385406e-001
 8.5445589e-001
 8.5507298e-001
 8.5566044e-001
 8.5624450e-001
 8.5674548e-001
 8.5719848e-001
 8.5774451e-001
 8.5824662e-001
 8.5877806e-001
 8.5937905e-001
 8.5990453e-001
 8.6043888e-001
 8.6096370e-001
 8.6142874e-001
 8.6190462e-001
 8.6237371e-001
 8.6282969e-001
 8.6329287e-001
 8.6378551e-001
 8.6430347e-001
 8.6482185e-001
 8.6528122e-001
 8.6577809e-001
 8.6633003e-001
 8.6689740e-001
 8.6740285e-001
 8.6794454e-001
 8.6852908e-001
 8.6895639e-001
 8.6944747e-001
 8.6997539e-001
 8.7045002e-001
 8.7089854e-001
 8.7140226e-001
 8.7194377e-001
 8.7241757e-001
 8.7286961e-001
 8.7334764e-001
 8.7386864e-001
 8.7436914e-001
 8.7486202e-001
 8.7537897e-001
 8.7595028e-001
 8.7649506e-001
 8.7704283e-001
 8.7758619e-001
 8.7806302e-001
 8.7860566e-001
 8.7917274e-001
 8.7970048e-001
 8.8021857e-001
 8.8077229e-001
 8.8133532e-001
 8.8184267e-001
 8.8235986e-001
 8.8286310e-001
 8.8334113e-001
 8.8382661e-001
 8.8431436e-001
 8.8477767e-001
 8.8519949e-001
 8.8565379e-001
 8.8610846e-001
 8.8655424e-001
 8.8699526e-001
 8.8737625e-001
 8.8774383e-001
 8.8813740e-001
 8.8851041e-001
 8.8888812e-001
 8.8924396e-001
 8.8954210e-001
 8.8985944e-001
 8.9020103e-001
 8.9056236e-001
 8.9093471e-001
 8.9128911e-001
 8.9163363e-001
 8.9197570e-001
 8.9229220e-001
 8.9262098e-001
 8.9296269e-001
 8.9329046e-001
 8.9366633e-001
 8.9400005e-001
 8.9425546e-001
 8.9453566e-001
 8.9484107e-001
 8.9515626e-001
 8.9545804e-001
 8.9572591e-001
 8.9596140e-001
 8.9618409e-001
 8.9641964e-001
 8.9666682e-001
 8.9691800e-001
 8.9716607e-001
 8.9740711e-001
 8.9767241e-001
 8.9791292e-001
 8.9806044e-001
 8.9827305e-001
 8.9852118e-001
 8.9876223e-001
 8.9897484e-001
 8.9914703e-001
 8.9932919e-001
 8.9957041e-001
 8.9981729e-001
 9.0007764e-001
 9.0033334e-001
 9.0054649e-001
 9.0075010e-001
 9.0094161e-001
 9.0112346e-001
 9.0133214e-001
 9.0151680e-001
 9.0167153e-001
 9.0181124e-001
 9.0193439e-001
 9.0207464e-001
 9.0224034e-001
 9.0240610e-001
 9.0257049e-001
 9.0271354e-001
 9.0282619e-001
 9.0294319e-001
 9.0306222e-001
 9.0319818e-001
 9.0337485e-001
 9.0354705e-001
 9.0371072e-001
 9.0387052e-001
 9.0403426e-001
 9.0418029e-001
 9.0431708e-001
 9.0446568e-001
 9.0464634e-001
 9.0481478e-001
 9.0496039e-001
 9.0511590e-001
 9.0530896e-001
-1.2300000e+034
-1.2300000e+034
-1.2300000e+034
-1.2300000e+034
-1.2300000e+034
-1.2300000e+034
-1.2300000e+034
-1.2300000e+034
-1.2300000e+034
-1.2300000e+034
-1.2300000e+034
-1.2300000e+034
-1.2300000e+034
-1.2300000e+034
-1.2300000e+034
 9.0637475e-001
 9.0640593e-001
 9.0649509e-001
-1.2300000e+034
-1.2300000e+034
-1.2300000e+034
-1.2300000e+034
-1.2300000e+034
-1.2300000e+034
-1.2300000e+034
-1.2300000e+034
-1.2300000e+034
-1.2300000e+034
-1.2300000e+034
-1.2300000e+034
-1.2300000e+034
-1.2300000e+034
 9.0781224e-001
 9.0780860e-001
 9.0785092e-001
 9.0793926e-001
 9.0803611e-001
 9.0810841e-001
 9.0813756e-001
 9.0815878e-001
 9.0817666e-001
 9.0819037e-001
 9.0822530e-001
 9.0826815e-001
 9.0831417e-001
 9.0836829e-001
 9.0840572e-001
 9.0841579e-001
 9.0839452e-001
 9.0832740e-001
 9.0835381e-001
 9.0844339e-001
 9.0848184e-001
 9.0848988e-001
 9.0850347e-001
 9.0853083e-001
 9.0853834e-001
 9.0857989e-001
 9.0859348e-001
 9.0853292e-001
 9.0852958e-001
 9.0859085e-001
 9.0866017e-001
 9.0864301e-001
 9.0861642e-001
 9.0859520e-001
 9.0858692e-001
 9.0860182e-001
 9.0862215e-001
 9.0863192e-001
 9.0862501e-001
 9.0861148e-001
 9.0859735e-001
 9.0856957e-001
 9.0850943e-001
 9.0845287e-001
 9.0842885e-001
 9.0844017e-001
 9.0844142e-001
 9.0844369e-001
 9.0846962e-001
 9.0853322e-001
 9.0852576e-001
 9.0850437e-001
 9.0848726e-001
 9.0843576e-001
 9.0838915e-001
 9.0838683e-001
 9.0844077e-001
 9.0847331e-001
 9.0849072e-001
 9.0848494e-001
 9.0844160e-001
 9.0838218e-001
 9.0834314e-001
 9.0834892e-001
 9.0839761e-001
 9.0840465e-001
 9.0838033e-001
 9.0836257e-001
 9.0837562e-001
 9.0837973e-001
 9.0835190e-001
 9.0828913e-001
 9.0823007e-001
 9.0821904e-001
 9.0826100e-001
 9.0829307e-001
 9.0830088e-001
 9.0829557e-001
 9.0828836e-001
 9.0822434e-001
 9.0818471e-001
 9.0818983e-001
 9.0820128e-001
 9.0817606e-001
 9.0811414e-001
 9.0804404e-001
 9.0803391e-001
 9.0804309e-001
 9.0807360e-001
 9.0812719e-001
 9.0811759e-001
 9.0810162e-001
 9.0810287e-001
 9.0810573e-001
 9.0812147e-001
 9.0809333e-001
 9.0800887e-001
 9.0799046e-001
 9.0801167e-001
 9.0804631e-001
 9.0806770e-001
 9.0807325e-001
 9.0807724e-001
 9.0808147e-001
 9.0806955e-001
 9.0803242e-001
 9.0800190e-001
 9.0800303e-001
 9.0803105e-001
 9.0804875e-001
 9.0803814e-001
 9.0800220e-001
 9.0799487e-001
 9.0797919e-001
 9.0796053e-001
 9.0798938e-001
 9.0796787e-001
 9.0789956e-001
 9.0781128e-001
 9.0771753e-001
 9.0769625e-001
 9.0772617e-001
 9.0774369e-001
 9.0773112e-001
 9.0769905e-001
 9.0766579e-001
 9.0765202e-001
 9.0761375e-001
 9.0756893e-001
 9.0753853e-001
 9.0752548e-001
 9.0749305e-001
 9.0744442e-001
 9.0740615e-001
 9.0741628e-001
 9.0744573e-001
 9.0746057e-001
 9.0742785e-001
 9.0731436e-001
 9.0722960e-001
 9.0724057e-001
 9.0728343e-001
 9.0732718e-001
 9.0736425e-001
 9.0738916e-001
 9.0735894e-001
 9.0733677e-001
 9.0734774e-001
 9.0738010e-001
 9.0740800e-001
 9.0742803e-001
 9.0745109e-001
 9.0750313e-001
 9.0751004e-001
 9.0745652e-001
 9.0737271e-001
 9.0737295e-001
 9.0739799e-001
 9.0740764e-001
 9.0738487e-001
 9.0732574e-001
 9.0731072e-001
 9.0737492e-001
 9.0748346e-001
 9.0750933e-001
 9.0746397e-001
 9.0740466e-001
 9.0740222e-001
 9.0742266e-001
 9.0745467e-001
 9.0749240e-001
 9.0751284e-001
 9.0753287e-001
 9.0754545e-001
 9.0752500e-001
 9.0756088e-001
 9.0758568e-001
 9.0757215e-001
 9.0762031e-001
 9.0764487e-001
 9.0764350e-001
 9.0764046e-001
 9.0765077e-001
 9.0767789e-001
 9.0772176e-001
 9.0777087e-001
 9.0776598e-001
 9.0777308e-001
 9.0781301e-001
 9.0783471e-001
 9.0784776e-001
 9.0787065e-001
 9.0791786e-001
 9.0799385e-001
 9.0805179e-001
 9.0807986e-001
 9.0808713e-001
 9.0809721e-001
 9.0811419e-001
 9.0812385e-001
 9.0810621e-001
 9.0809250e-001
 9.0809160e-001
 9.0809697e-001
 9.0808791e-001
 9.0808690e-001
 9.0811348e-001
 9.0815765e-001
 9.0813226e-001
 9.0810150e-001
 9.0808177e-001
 9.0807718e-001
 9.0812671e-001
 9.0820122e-001
 9.0828264e-001
 9.0836382e-001
 9.0841180e-001
 9.0843159e-001
 9.0843683e-001
 9.0844518e-001
 9.0845138e-001
 9.0842146e-001
 9.0835023e-001
 9.0831947e-001
 9.0827507e-001
 9.0823615e-001
 9.0822941e-001
 9.0820104e-001
 9.0816933e-001
 9.0814126e-001
 9.0811497e-001
 9.0809447e-001
 9.0808827e-001
 9.0808392e-001
 9.0804923e-001
 9.0805215e-001
 9.0808189e-001
 9.0810555e-001
 9.0808094e-001
 9.0805602e-001
 9.0804029e-001
 9.0803665e-001
 9.0807098e-001
 9.0807313e-001
 9.0804160e-001
 9.0800810e-001
 9.0797210e-001
 9.0796077e-001
 9.0796667e-001
 9.0795362e-001
 9.0792632e-001
 9.0787911e-001
 9.0781999e-001
 9.0777278e-001
 9.0771884e-001
 9.0768272e-001
 9.0767097e-001
 9.0764248e-001
 9.0759254e-001
 9.0752035e-001
 9.0744174e-001
 9.0741819e-001
 9.0740514e-001
 9.0740585e-001
 9.0743148e-001
 9.0744871e-001
 9.0741700e-001
 9.0736973e-001
 9.0737653e-001
 9.0737516e-001
 9.0733796e-001
 9.0728468e-001
 9.0727466e-001
 9.0728384e-001
 9.0727204e-001
 9.0721869e-001
 9.0713745e-001
 9.0710402e-001
 9.0710908e-001
 9.0712434e-001
 9.0713251e-001
 9.0713388e-001
 9.0713817e-001
 9.0715069e-001
 9.0714914e-001
 9.0712011e-001
 9.0707272e-001
 9.0702856e-001
 9.0700996e-001
 9.0696943e-001
 9.0690100e-001
 9.0683168e-001
 9.0679479e-001
 9.0672809e-001
 9.0664065e-001
 9.0660441e-001
 9.0655667e-001
 9.0651131e-001
 9.0648049e-001
 9.0646118e-001
 9.0645570e-001
 9.0645170e-001
 9.0642649e-001
 9.0634817e-001
 9.0627861e-001
 9.0624964e-001
 9.0626711e-001
 9.0629464e-001
 9.0633321e-001
 9.0638262e-001
 9.0642869e-001
 9.0641797e-001
 9.0636826e-001
 9.0634567e-001
 9.0638763e-001
 9.0637010e-001
 9.0641147e-001
 9.0650290e-001
 9.0657288e-001
 9.0657049e-001
 9.0652931e-001
 9.0646839e-001
 9.0640283e-001
 9.0639305e-001
 9.0639180e-001
 9.0636748e-001
 9.0631288e-001
 9.0625489e-001
 9.0624630e-001
 9.0624619e-001
 9.0615952e-001
 9.0610921e-001
 9.0606457e-001
 9.0602201e-001
 9.0601301e-001
 9.0601790e-001
 9.0598720e-001
 9.0590727e-001
 9.0580571e-001
 9.0567172e-001
 9.0544683e-001
 9.0512121e-001
 9.0475005e-001
 9.0429270e-001
 9.0374100e-001
 9.0316880e-001
 9.0273499e-001
 9.0233266e-001
 9.0195614e-001
 9.0172362e-001
 9.0187633e-001
 9.0203631e-001
 9.0223557e-001
 9.0254432e-001
 9.0294278e-001
 9.0326059e-001
 9.0357441e-001
 9.0391463e-001
 9.0413195e-001
 9.0436429e-001
 9.0458548e-001
 9.0475667e-001
 9.0488398e-001
 9.0505260e-001
 9.0519327e-001
 9.0529436e-001
 9.0550780e-001
 9.0562594e-001
 9.0571094e-001
 9.0583408e-001
 9.0596235e-001
 9.0602410e-001
 9.0607011e-001
 9.0614903e-001
 9.0624219e-001
 9.0626198e-001
 9.0625036e-001
 9.0625441e-001
 9.0626675e-001
 9.0631318e-001
 9.0637201e-001
 9.0642828e-001
 9.0649098e-001
 9.0655762e-001
 9.0662396e-001
 9.0669608e-001
 9.0678561e-001
 9.0675974e-001
 9.0672195e-001
 9.0676147e-001
 9.0686154e-001
 9.0682775e-001
 9.0680933e-001
 9.0682435e-001
 9.0668583e-001
 9.0675426e-001
 9.0685070e-001
 9.0687853e-001
 9.0692681e-001
 9.0698111e-001
 9.0690899e-001
 9.0682626e-001
 9.0701169e-001
 9.0705919e-001
 9.0705127e-001
 9.0700030e-001
 9.0700519e-001
 9.0700680e-001
 9.0700543e-001
 9.0700161e-001
 9.0699595e-001
 9.0698904e-001
 9.0698141e-001
 9.0697354e-001
 9.0696597e-001
 9.0695912e-001
 9.0695345e-001
 9.0694952e-001
 9.0694767e-001
 9.0694827e-001
 9.0695173e-001
 9.0695816e-001
 9.0696758e-001
 9.0698004e-001
 9.0699518e-001
 9.0701288e-001
 9.0703297e-001
 9.0705526e-001
 9.0707988e-001
 9.0710700e-001
 9.0713704e-001
 9.0717024e-001
 9.0720671e-001
 9.0724641e-001
 9.0728849e-001
 9.0733188e-001
 9.0737486e-001
 9.0741551e-001
 9.0745187e-001
 9.0748233e-001
 9.0750587e-001
 9.0752232e-001
 9.0753222e-001
 9.0753669e-001
 9.0753716e-001
 9.0753502e-001
 9.0753114e-001
 9.0752590e-001
 9.0751916e-001
 9.0751034e-001
 9.0749872e-001
 9.0748376e-001
 9.0746516e-001
 9.0744299e-001
 9.0741771e-001
 9.0738988e-001
 9.0736032e-001
 9.0732962e-001
 9.0729827e-001
 9.0726668e-001
 9.0723485e-001
 9.0720278e-001
 9.0717006e-001
 9.0713644e-001
 9.0710151e-001
 9.0706503e-001
 9.0702695e-001
 9.0698743e-001
 9.0694684e-001
 9.0690583e-001
 9.0686500e-001
 9.0682501e-001
 9.0678614e-001
 9.0674853e-001
 9.0671194e-001
 9.0667570e-001
 9.0663916e-001
 9.0660149e-001
 9.0656191e-001
 9.0652013e-001
 9.0647608e-001
 9.0643013e-001
 9.0638286e-001
 9.0633523e-001
 9.0628809e-001
 9.0624237e-001
 9.0619892e-001
 9.0615857e-001
 9.0612215e-001
 9.0609026e-001
 9.0606350e-001
 9.0604210e-001
 9.0602595e-001
 9.0601456e-001
 9.0600681e-001
 9.0600151e-001
 9.0599722e-001
 9.0599251e-001
 9.0598643e-001
 9.0597814e-001
 9.0596730e-001
 9.0595382e-001
 9.0593761e-001
 9.0591884e-001
 9.0589750e-001
 9.0587389e-001
 9.0584826e-001
 9.0582108e-001
 9.0579313e-001
 9.0576524e-001
 9.0573841e-001
 9.0571374e-001
 9.0569216e-001
 9.0567458e-001
 9.0566158e-001
 9.0565348e-001
 9.0565008e-001
 9.0565097e-001
 9.0565515e-001
 9.0566152e-001
 9.0566885e-001
 9.0567595e-001
 9.0568191e-001
 9.0568614e-001
 9.0568835e-001
 9.0568852e-001
 9.0568709e-001
 9.0568423e-001
 9.0568054e-001
 9.0567631e-001
 9.0567195e-001
 9.0566766e-001
 9.0566343e-001
 9.0565926e-001
 9.0565467e-001
 9.0564919e-001
 9.0564227e-001
 9.0563327e-001
 9.0562165e-001
 9.0560699e-001
 9.0558922e-001
 9.0556830e-001
 9.0554452e-001
 9.0551823e-001
 9.0548998e-001
 9.0546030e-001
 9.0542972e-001
 9.0539855e-001
 9.0536714e-001
 9.0533566e-001
 9.0530425e-001
 9.0527302e-001
 9.0524232e-001
 9.0521252e-001
 9.0518415e-001
 9.0515798e-001
 9.0513456e-001
 9.0511435e-001
 9.0509772e-001
 9.0508473e-001
 9.0507495e-001
 9.0506804e-001
 9.0506321e-001
 9.0505981e-001
 9.0505731e-001
 9.0505540e-001
 9.0505385e-001
 9.0505278e-001
 9.0505230e-001
 9.0505248e-001
 9.0505314e-001
 9.0505385e-001
 9.0505409e-001
 9.0505302e-001
 9.0504992e-001
 9.0504414e-001
 9.0503520e-001
 9.0502298e-001
 9.0500766e-001
 9.0498960e-001
 9.0496922e-001
 9.0494716e-001
 9.0492415e-001
 9.0490085e-001
 9.0487826e-001
 9.0485704e-001
 9.0483820e-001
 9.0482241e-001
 9.0481013e-001
 9.0480149e-001
 9.0479618e-001
 9.0479344e-001
 9.0479213e-001
 9.0479064e-001
 9.0478748e-001
 9.0478086e-001
 9.0476960e-001
 9.0475261e-001
 9.0472949e-001
 9.0470040e-001
 9.0466589e-001
 9.0462703e-001
 9.0458506e-001
 9.0454137e-001
 9.0449715e-001
 9.0445369e-001
 9.0441185e-001
 9.0437251e-001
 9.0433633e-001
 9.0430397e-001
 9.0427613e-001
 9.0425348e-001
 9.0423661e-001
 9.0422618e-001
 9.0422279e-001
 9.0422678e-001
 9.0423840e-001
 9.0425766e-001
 9.0428424e-001
 9.0431780e-001
 9.0435737e-001
 9.0440202e-001
 9.0445054e-001
 9.0450156e-001
 9.0455353e-001
 9.0460497e-001
 9.0465420e-001
 9.0469974e-001
 9.0474015e-001
 9.0477419e-001
 9.0480101e-001
 9.0482020e-001
 9.0483177e-001
 9.0483624e-001
 9.0483463e-001
 9.0482807e-001
 9.0481824e-001
 9.0480644e-001
 9.0479422e-001
 9.0478253e-001
 9.0477210e-001
 9.0476286e-001
 9.0475440e-001
 9.0474564e-001
 9.0473503e-001
 9.0472090e-001
 9.0470147e-001
 9.0467530e-001
 9.0464115e-001
 9.0459836e-001
 9.0454674e-001
 9.0448648e-001
 9.0441829e-001
 9.0434313e-001
 9.0426219e-001
 9.0417659e-001
 9.0408754e-001
 9.0399599e-001
 9.0390265e-001
 9.0380794e-001
 9.0371209e-001
 9.0361518e-001
 9.0351725e-001
 9.0341806e-001
 9.0331757e-001
 9.0321535e-001
 9.0311068e-001
 9.0300244e-001
 9.0288877e-001
 9.0276742e-001
 9.0263569e-001
 9.0249085e-001
 9.0233064e-001
 9.0215373e-001
 9.0196013e-001
 9.0175140e-001
 9.0153062e-001
 9.0130210e-001
 9.0107083e-001
 9.0084213e-001
 9.0062088e-001
 9.0041178e-001
 9.0021873e-001
 9.0004575e-001
 8.9989662e-001
 8.9977521e-001
 8.9968538e-001
 8.9963043e-001
 8.9961272e-001
 8.9963269e-001
 8.9968854e-001
 8.9977610e-001
 8.9988911e-001
 9.0001988e-001
 9.0016025e-001
 9.0030223e-001
 9.0043914e-001
 9.0056574e-001
 9.0067846e-001
 9.0077519e-001
 9.0085518e-001
 9.0091836e-001
 9.0096539e-001
 9.0099740e-001
 9.0101588e-001
 9.0102273e-001
 9.0102029e-001
 9.0101117e-001
 9.0099812e-001
 9.0098369e-001
 9.0097022e-001
 9.0095943e-001
 9.0095222e-001
 9.0094882e-001
 9.0094888e-001
 9.0095139e-001
 9.0095496e-001
 9.0095806e-001
 9.0095919e-001
 9.0095693e-001
 9.0095013e-001
 9.0093815e-001
 9.0092063e-001
 9.0089780e-001
 9.0087032e-001
 9.0083909e-001
 9.0080541e-001
 9.0077037e-001
 9.0073502e-001
 9.0070015e-001
 9.0066606e-001
 9.0063268e-001
 9.0059960e-001
 9.0056610e-001
 9.0053153e-001
 9.0049517e-001
 9.0045637e-001
 9.0041471e-001
 9.0036947e-001
 9.0031958e-001
 9.0026331e-001
 9.0019798e-001
 9.0011960e-001
 9.0002298e-001
 8.9990121e-001
 8.9974642e-001
 8.9954948e-001
 8.9930105e-001
 8.9899194e-001
 8.9861405e-001
 8.9816177e-001
 8.9763290e-001
 8.9702988e-001
 8.9636052e-001
 8.9563787e-001
 8.9488041e-001
 8.9411008e-001
 8.9335126e-001
 8.9262843e-001
 8.9196366e-001
 8.9137536e-001
 8.9087600e-001
 8.9047146e-001
 8.9016020e-001
 8.8993263e-001
 8.8977164e-001
 8.8965243e-001
 8.8954294e-001
 8.8940454e-001
 8.8919216e-001
 8.8885450e-001
 8.8833314e-001
 8.8756120e-001
 8.8646185e-001
 8.8494647e-001
 8.8291562e-001
 8.8026261e-001
 8.7688094e-001
 8.7267989e-001
 8.6759984e-001
 8.6163515e-001
 8.5485101e-001
 8.4739125e-001
 8.3948380e-001
 8.3141983e-001
 8.2353520e-001
 8.1617367e-001
 8.0964971e-001
 8.0422467e-001
 8.0008119e-001
 7.9732090e-001
 7.9596585e-001
 7.9597038e-001
 7.9723692e-001
 7.9962945e-001
 8.0298674e-001
 8.0712926e-001
 8.1187004e-001
 8.1701875e-001
 8.2239109e-001
 8.2781994e-001
 8.3315903e-001
 8.3829486e-001
 8.4314597e-001
 8.4766483e-001
 8.5183567e-001
 8.5566455e-001
 8.5917538e-001
 8.6239898e-001
 8.6536759e-001
 8.6811107e-001
 8.7065148e-001
 8.7300497e-001
 8.7518007e-001
 8.7718022e-001
 8.7900692e-001
 8.8065964e-001
 8.8213980e-001
 8.8345045e-001
 8.8459778e-001
 8.8559157e-001
 8.8644427e-001
 8.8717097e-001
 8.8778865e-001
 8.8831460e-001
 8.8876647e-001
 8.8916028e-001
 8.8951039e-001
 8.8982892e-001
 8.9012510e-001
 8.9040554e-001
 8.9067453e-001
 8.9093447e-001
 8.9118642e-001
 8.9143074e-001
 8.9166760e-001
 8.9189702e-001
 8.9211929e-001
 8.9233482e-001
 8.9254385e-001
 8.9274627e-001
 8.9294159e-001
 8.9312887e-001
 8.9330673e-001
 8.9347374e-001
 8.9362866e-001
 8.9377064e-001
 8.9389938e-001
 8.9401537e-001
 8.9411950e-001
 8.9421332e-001
 8.9429849e-001
 8.9437681e-001
 8.9444953e-001
 8.9451760e-001
 8.9458144e-001
 8.9464080e-001
 8.9469516e-001
 8.9474380e-001
 8.9478618e-001
 8.9482218e-001
 8.9485222e-001
 8.9487743e-001
 8.9489979e-001
 8.9492184e-001
 8.9494640e-001
 8.9497638e-001
 8.9501441e-001
 8.9506239e-001
 8.9512134e-001
 8.9519119e-001
 8.9527088e-001
 8.9535826e-001
 8.9545071e-001
 8.9554524e-001
 8.9563900e-001
 8.9572948e-001
 8.9581496e-001
 8.9589429e-001
 8.9596730e-001
 8.9603442e-001
 8.9609665e-001
 8.9615524e-001
 8.9621139e-001
 8.9626622e-001
 8.9632058e-001
 8.9637476e-001
 8.9642859e-001
 8.9648157e-001
 8.9653289e-001
 8.9658141e-001
 8.9662629e-001
 8.9666665e-001
 8.9670193e-001
 8.9673203e-001
 8.9675725e-001
 8.9677811e-001
 8.9679551e-001
 8.9681053e-001
 8.9682394e-001
 8.9683652e-001
 8.9684862e-001
 8.9686042e-001
 8.9687163e-001
 8.9688194e-001
 8.9689088e-001
 8.9689815e-001
 8.9690375e-001
 8.9690781e-001
 8.9691103e-001
 8.9691436e-001
 8.9691907e-001
 8.9692628e-001
 8.9693707e-001
 8.9695221e-001
 8.9697200e-001
 8.9699626e-001
 8.9702469e-001
 8.9705676e-001
 8.9709204e-001
 8.9713019e-001
 8.9717120e-001
 8.9721537e-001
 8.9726287e-001
 8.9731419e-001
 8.9736933e-001
 8.9742815e-001
 8.9749014e-001
 8.9755452e-001
 8.9762008e-001
 8.9768577e-001
 8.9775044e-001
 8.9781344e-001
 8.9787424e-001
 8.9793283e-001
 8.9798969e-001
 8.9804554e-001
 8.9810127e-001
 8.9815778e-001
 8.9821559e-001
 8.9827502e-001
 8.9833564e-001
 8.9839679e-001
 8.9845711e-001
 8.9851505e-001
 8.9856893e-001
 8.9861733e-001
 8.9865911e-001
 8.9869386e-001
 8.9872181e-001
 8.9874399e-001
 8.9876199e-001
 8.9877796e-001
 8.9879388e-001
 8.9881176e-001
 8.9883304e-001
 8.9885849e-001
 8.9888805e-001
 8.9892113e-001
 8.9895648e-001
 8.9899260e-001
 8.9902782e-001
 8.9906085e-001
 8.9909077e-001
 8.9911735e-001
 8.9914089e-001
 8.9916247e-001
 8.9918333e-001
 8.9920467e-001
 8.9922762e-001
 8.9925259e-001
 8.9927936e-001
 8.9930683e-001
 8.9933354e-001
 8.9935744e-001
 8.9937669e-001
 8.9938962e-001
 8.9939523e-001
 8.9939308e-001
 8.9938349e-001
 8.9936733e-001
 8.9934564e-001
 8.9931971e-001
 8.9929062e-001
 8.9925933e-001
 8.9922619e-001
 8.9919168e-001
 8.9915586e-001
 8.9911884e-001
 8.9908105e-001
 8.9904290e-001
 8.9900506e-001
 8.9896834e-001
 8.9893347e-001
 8.9890087e-001
 8.9887083e-001
 8.9884323e-001
 8.9881796e-001
 8.9879471e-001
 8.9877325e-001
 8.9875352e-001
 8.9873564e-001
 8.9871961e-001
 8.9870542e-001
 8.9869273e-001
 8.9868087e-001
 8.9866906e-001
 8.9865625e-001
 8.9864165e-001
 8.9862490e-001
 8.9860618e-001
 8.9858639e-001
 8.9856672e-001
 8.9854884e-001
 8.9853424e-001
 8.9852428e-001
 8.9851981e-001
 8.9852101e-001
 8.9852762e-001
 8.9853871e-001
 8.9855307e-001
 8.9856917e-001
 8.9858550e-001
 8.9860082e-001
 8.9861399e-001
 8.9862442e-001
 8.9863181e-001
 8.9863628e-001
 8.9863807e-001
 8.9863735e-001
 8.9863455e-001
 8.9862984e-001
 8.9862365e-001
 8.9861625e-001
 8.9860815e-001
 8.9860010e-001
 8.9859277e-001
 8.9858693e-001
 8.9858329e-001
 8.9858222e-001
 8.9858383e-001
 8.9858776e-001
 8.9859354e-001
 8.9860028e-001
 8.9860690e-001
 8.9861232e-001
 8.9861524e-001
 8.9861453e-001
 8.9860904e-001
 8.9859784e-001
 8.9858019e-001
 8.9855582e-001
 8.9852476e-001
 8.9848757e-001
 8.9844519e-001
 8.9839900e-001
 8.9835060e-001
 8.9830160e-001
 8.9825350e-001
 8.9820778e-001
 8.9816535e-001
 8.9812672e-001
 8.9809173e-001
 8.9805990e-001
 8.9803004e-001
 8.9800060e-001
 8.9797014e-001
 8.9793718e-001
 8.9790082e-001
 8.9786065e-001
 8.9781725e-001
 8.9777172e-001
 8.9772582e-001
 8.9768130e-001
 8.9763987e-001
 8.9760280e-001
 8.9757037e-001
 8.9754218e-001
 8.9751709e-001
 8.9749318e-001
 8.9746833e-001
 8.9744043e-001
 8.9740747e-001
 8.9736813e-001
 8.9732152e-001
 8.9726728e-001
 8.9720559e-001
 8.9713699e-001
 8.9706206e-001
 8.9698148e-001
 8.9689606e-001
 8.9680660e-001
 8.9671427e-001
 8.9662039e-001
 8.9652681e-001
 8.9643574e-001
 8.9634943e-001
 8.9627022e-001
 8.9620000e-001
 8.9614016e-001
 8.9609146e-001
 8.9605397e-001
 8.9602703e-001
 8.9600980e-001
 8.9600098e-001
 8.9599890e-001
 8.9600182e-001
 8.9600742e-001
 8.9601314e-001
 8.9601594e-001
 8.9601254e-001
 8.9599985e-001
 8.9597535e-001
 8.9593732e-001
 8.9588517e-001
 8.9581960e-001
 8.9574236e-001
 8.9565605e-001
 8.9556360e-001
 8.9546782e-001
 8.9537108e-001
 8.9527470e-001
 8.9517933e-001
 8.9508468e-001
 8.9498979e-001
 8.9489341e-001
 8.9479440e-001
 8.9469200e-001
 8.9458609e-001
 8.9447689e-001
 8.9436561e-001
 8.9425355e-001
 8.9414227e-001
 8.9403331e-001
 8.9392775e-001
 8.9382643e-001
 8.9372981e-001
 8.9363790e-001
 8.9355052e-001
 8.9346731e-001
 8.9338779e-001
 8.9331150e-001
 8.9323771e-001
 8.9316553e-001
 8.9309400e-001
 8.9302188e-001
 8.9294779e-001
 8.9287043e-001
 8.9278859e-001
 8.9270169e-001
 8.9260942e-001
 8.9251250e-001
 8.9241219e-001
 8.9231038e-001
 8.9220923e-001
 8.9211100e-001
 8.9201772e-001
 8.9193076e-001
 8.9185083e-001
 8.9177805e-001
 8.9171189e-001
 8.9165181e-001
 8.9159697e-001
 8.9154708e-001
 8.9150208e-001
 8.9146239e-001
 8.9142877e-001
 8.9140207e-001
 8.9138299e-001
 8.9137197e-001
 8.9136904e-001
 8.9137369e-001
 8.9138478e-001
 8.9140099e-001
 8.9142048e-001
 8.9144152e-001
 8.9146209e-001
 8.9148039e-001
 8.9149463e-001
 8.9150327e-001
 8.9150482e-001
 8.9149815e-001
 8.9148247e-001
 8.9145756e-001
 8.9142364e-001
 8.9138186e-001
 8.9133376e-001
 8.9128131e-001
 8.9122641e-001
 8.9117086e-001
 8.9111561e-001
 8.9106113e-001
 8.9100713e-001
 8.9095283e-001
 8.9089727e-001
 8.9083958e-001
 8.9077896e-001
 8.9071500e-001
 8.9064741e-001
 8.9057624e-001
 8.9050150e-001
 8.9042342e-001
 8.9034218e-001
 8.9025801e-001
 8.9017123e-001
 8.9008307e-001
 8.8999134e-001
 8.8989711e-001
 8.8979983e-001
 8.8969886e-001
 8.8959342e-001
 8.8948298e-001
 8.8936740e-001
 8.8924706e-001
 8.8912326e-001
 8.8899797e-001
 8.8887388e-001
 8.8875395e-001
 8.8864124e-001
 8.8853824e-001
 8.8844675e-001
 8.8836765e-001
 8.8830078e-001
 8.8824505e-001
 8.8819867e-001
 8.8815969e-001
 8.8812566e-001
 8.8809437e-001
 8.8806361e-001
 8.8803130e-001
 8.8799554e-001
 8.8795465e-001
 8.8790715e-001
 8.8785207e-001
 8.8778865e-001
 8.8771683e-001
 8.8763696e-001
 8.8754994e-001
 8.8745672e-001
 8.8735849e-001
 8.8725638e-001
 8.8715124e-001
 8.8704377e-001
 8.8693482e-001
 8.8682491e-001
 8.8671499e-001
 8.8660622e-001
 8.8649994e-001
 8.8639772e-001
 8.8630128e-001
 8.8621211e-001
 8.8613153e-001
 8.8606042e-001
 8.8599920e-001
 8.8594770e-001
 8.8590515e-001
 8.8587016e-001
 8.8584083e-001
 8.8581467e-001
 8.8578874e-001
 8.8576001e-001
 8.8572496e-001
 8.8568038e-001
 8.8562298e-001
 8.8554990e-001
 8.8545877e-001
 8.8534749e-001
 8.8521433e-001
 8.8505775e-001
 8.8487595e-001
 8.8466668e-001
 8.8442725e-001
 8.8415414e-001
 8.8384348e-001
 8.8349140e-001
 8.8309467e-001
 8.8265127e-001
 8.8216096e-001
 8.8162589e-001
 8.8105023e-001
 8.8044047e-001
 8.7980467e-001
 8.7915128e-001
 8.7848908e-001
 8.7782544e-001
 8.7716615e-001
 8.7651455e-001
 8.7587106e-001
 8.7523371e-001
 8.7459779e-001
 8.7395728e-001
 8.7330532e-001
 8.7263489e-001
 8.7194002e-001
 8.7121588e-001
 8.7045902e-001
 8.6966795e-001
 8.6884207e-001
 8.6798203e-001
 8.6708933e-001
 8.6616546e-001
 8.6521238e-001
 8.6423171e-001
 8.6322528e-001
 8.6219525e-001
 8.6114371e-001
 8.6007416e-001
 8.5899073e-001
 8.5789943e-001
 8.5680747e-001
 8.5572314e-001
 8.5465580e-001
 8.5361463e-001
 8.5260874e-001
 8.5164630e-001
 8.5073382e-001
 8.4987694e-001
 8.4907961e-001
 8.4834462e-001
 8.4767389e-001
 8.4706777e-001
 8.4652603e-001
 8.4604722e-001
 8.4562880e-001
 8.4526712e-001
 8.4495747e-001
 8.4469444e-001
 8.4447181e-001
 8.4428304e-001
 8.4412169e-001
 8.4398174e-001
 8.4385782e-001
 8.4374595e-001
 8.4364313e-001
 8.4354800e-001
 8.4346002e-001
 8.4337991e-001
 8.4330887e-001
 8.4324813e-001
 8.4319872e-001
 8.4316105e-001
 8.4313458e-001
 8.4311771e-001
 8.4310794e-001
 8.4310186e-001
 8.4309536e-001
 8.4308392e-001
 8.4306306e-001
 8.4302819e-001
 8.4297514e-001
 8.4290045e-001
 8.4280163e-001
 8.4267735e-001
 8.4252793e-001
 8.4235513e-001
 8.4216261e-001
 8.4195483e-001
 8.4173733e-001
 8.4151530e-001
 8.4129357e-001
 8.4107566e-001
 8.4086353e-001
 8.4065795e-001
 8.4045833e-001
 8.4026343e-001
 8.4007192e-001
 8.3988273e-001
 8.3969533e-001
 8.3951008e-001
 8.3932811e-001
 8.3915108e-001
 8.3898103e-001
 8.3882004e-001
 8.3867013e-001
 8.3853275e-001
 8.3840883e-001
 8.3829874e-001
 8.3820212e-001
 8.3811837e-001
 8.3804679e-001
 8.3798689e-001
 8.3793873e-001
 8.3790272e-001
 8.3787990e-001
 8.3787131e-001
 8.3787787e-001
 8.3790004e-001
 8.3793765e-001
 8.3799005e-001
 8.3805645e-001
 8.3813637e-001
 8.3823007e-001
 8.3833891e-001
 8.3846551e-001
 8.3861381e-001
 8.3878869e-001
 8.3899522e-001
 8.3923835e-001
 8.3952183e-001
 8.3984768e-001
 8.4021604e-001
 8.4062469e-001
 8.4107006e-001
 8.4154707e-001
 8.4205031e-001
 8.4257430e-001
 8.4311402e-001
 8.4366447e-001
 8.4422141e-001
 8.4478086e-001
 8.4533846e-001
 8.4589052e-001
 8.4643358e-001
 8.4696496e-001
 8.4748214e-001
 8.4798396e-001
 8.4846961e-001
 8.4893835e-001
 8.4938979e-001
 8.4982336e-001
 8.5023773e-001
 8.5063213e-001
 8.5100555e-001
 8.5135776e-001
 8.5168880e-001
 8.5200000e-001
 8.5229319e-001
 8.5257071e-001
 8.5283518e-001
 8.5308939e-001
 8.5333556e-001
 8.5357624e-001
 8.5381359e-001
 8.5404986e-001
 8.5428762e-001
 8.5452950e-001
 8.5477835e-001
 8.5503668e-001
 8.5530668e-001
 8.5558987e-001
 8.5588700e-001
 8.5619825e-001
 8.5652345e-001
 8.5686237e-001
 8.5721487e-001
 8.5758108e-001
 8.5796106e-001
 8.5835433e-001
 8.5876018e-001
 8.5917705e-001
 8.5960251e-001
 8.6003387e-001
 8.6046821e-001
 8.6090261e-001
 8.6133456e-001
 8.6176223e-001
 8.6218369e-001
 8.6259782e-001
 8.6300343e-001
 8.6339945e-001
 8.6378419e-001
 8.6415577e-001
 8.6451179e-001
 8.6484873e-001
 8.6516297e-001
 8.6545002e-001
 8.6570543e-001
 8.6592484e-001
 8.6610436e-001
 8.6624080e-001
 8.6633158e-001
 8.6637491e-001
 8.6636943e-001
 8.6631417e-001
 8.6620802e-001
 8.6604965e-001
 8.6583728e-001
 8.6556870e-001
 8.6524111e-001
 8.6485153e-001
 8.6439723e-001
 8.6387563e-001
 8.6328483e-001
 8.6262470e-001
 8.6189622e-001
 8.6110252e-001
 8.6024964e-001
 8.5934585e-001
 8.5840237e-001
 8.5743397e-001
 8.5645741e-001
 8.5549164e-001
 8.5455662e-001
 8.5367310e-001
 8.5286033e-001
 8.5213548e-001
 8.5151309e-001
 8.5100311e-001
 8.5061139e-001
 8.5033941e-001
 8.5018420e-001
 8.5013914e-001
 8.5019445e-001
 8.5033822e-001
 8.5055679e-001
 8.5083562e-001
 8.5115916e-001
 8.5151196e-001
 8.5187846e-001
 8.5224330e-001
 8.5259181e-001
 8.5291028e-001
 8.5318542e-001
 8.5340524e-001
 8.5355842e-001
 8.5363483e-001
 8.5362601e-001
 8.5352582e-001
 8.5333163e-001
 8.5304564e-001
 8.5267568e-001
 8.5223544e-001
 8.5174543e-001
 8.5123104e-001
 8.5072172e-001
 8.5024887e-001
 8.4984356e-001
 8.4953332e-001
 8.4934020e-001
 8.4927851e-001
 8.4935367e-001
 8.4956205e-001
 8.4989160e-001
 8.5032368e-001
 8.5083556e-001
 8.5140204e-001
 8.5199904e-001
 8.5260469e-001
 8.5320109e-001
 8.5377485e-001
 8.5431767e-001
 8.5482609e-001
 8.5529989e-001
 8.5574222e-001
 8.5615766e-001
 8.5655105e-001
 8.5692704e-001
 8.5728914e-001
 8.5763949e-001
 8.5797870e-001
 8.5830647e-001
 8.5862172e-001
 8.5892284e-001
 8.5920817e-001
 8.5947645e-001
 8.5972631e-001
 8.5995716e-001
 8.6016864e-001
 8.6036044e-001
 8.6053246e-001
 8.6068434e-001
 8.6081558e-001
 8.6092556e-001
 8.6101371e-001
 8.6108023e-001
 8.6112607e-001
 8.6115360e-001
 8.6116624e-001
 8.6116856e-001
 8.6116517e-001
 8.6116028e-001
 8.6115682e-001
 8.6115593e-001
 8.6115658e-001
 8.6115646e-001
 8.6115229e-001
 8.6114079e-001
 8.6111969e-001
 8.6108840e-001
 8.6104804e-001
 8.6100149e-001
 8.6095279e-001
 8.6090654e-001
 8.6086720e-001
 8.6083829e-001
 8.6082190e-001
 8.6081845e-001
 8.6082631e-001
 8.6084193e-001
 8.6086047e-001
 8.6087590e-001
 8.6088240e-001
 8.6087465e-001
 8.6084884e-001
 8.6080289e-001
 8.6073631e-001
 8.6064982e-001
 8.6054450e-001
 8.6042124e-001
 8.6027992e-001
 8.6011976e-001
 8.5993934e-001
 8.5973728e-001
 8.5951322e-001
 8.5926801e-001
 8.5900444e-001
 8.5872638e-001
 8.5843843e-001
 8.5814512e-001
 8.5784942e-001
 8.5755199e-001
 8.5725069e-001
 8.5694045e-001
 8.5661340e-001
 8.5626000e-001
 8.5586959e-001
 8.5543168e-001
 8.5493648e-001
 8.5437590e-001
 8.5374326e-001
 8.5303336e-001
 8.5224319e-001
 8.5137063e-001
 8.5041505e-001
 8.4937829e-001
 8.4826332e-001
 8.4707552e-001
 8.4582186e-001
 8.4451187e-001
 8.4315562e-001
 8.4176391e-001
 8.4034914e-001
 8.3892262e-001
 8.3749563e-001
 8.3607996e-001
 8.3468562e-001
 8.3332127e-001
 8.3199459e-001
 8.3070922e-001
 8.2946575e-001
 8.2826048e-001
 8.2708651e-001
 8.2593262e-001
 8.2478523e-001
 8.2363081e-001
 8.2245612e-001
 8.2125109e-001
 8.2001066e-001
 8.1873447e-001
 8.1742734e-001
 8.1609792e-001
 8.1475824e-001
 8.1341934e-001
 8.1209022e-001
 8.1077677e-001
 8.0947888e-001
 8.0819082e-001
 8.0690271e-001
 8.0560029e-001
 8.0426747e-001
 8.0289000e-001
 8.0145597e-001
 7.9995954e-001
 7.9840159e-001
 7.9679257e-001
 7.9514974e-001
 7.9349709e-001
 7.9186410e-001
 7.9028046e-001
 7.8877401e-001
 7.8736854e-001
 7.8607929e-001
 7.8491300e-001
 7.8386730e-001
 7.8293216e-001
 7.8209054e-001
 7.8132075e-001
 7.8059900e-001
 7.7989995e-001
 7.7919817e-001
 7.7846956e-001
 7.7769077e-001
 7.7683991e-001
 7.7589804e-001
 7.7484846e-001
 7.7367830e-001
 7.7237886e-001
 7.7094758e-001
 7.6938677e-001
 7.6770473e-001
 7.6591688e-001
 7.6404232e-001
 7.6210368e-001
 7.6012635e-001
 7.5813287e-001
 7.5614226e-001
 7.5416654e-001
 7.5221097e-001
 7.5027066e-001
 7.4833238e-001
 7.4637771e-001
 7.4438220e-001
 7.4231917e-001
 7.4016333e-001
 7.3788911e-001
 7.3547298e-001
 7.3289514e-001
 7.3013598e-001
 7.2717762e-001
 7.2400248e-001
 7.2059679e-001
 7.1694672e-001
 7.1304244e-001
 7.0888287e-001
 7.0447290e-001
 6.9982809e-001
 6.9498003e-001
 6.8997139e-001
 6.8486059e-001
 6.7971945e-001
 6.7463696e-001
 6.6970986e-001
 6.6504335e-001
 6.6074997e-001
 6.5693593e-001
 6.5369767e-001
 6.5111381e-001
 6.4923173e-001
 6.4806253e-001
 6.4757580e-001
 6.4770061e-001
 6.4833093e-001
 6.4933890e-001
 6.5059018e-001
 6.5196413e-001
 6.5337080e-001
 6.5476406e-001
 6.5615112e-001
 6.5759194e-001
 6.5919077e-001
 6.6108435e-001
 6.6342157e-001
 6.6634405e-001
 6.6996247e-001
 6.7434388e-001
 6.7949849e-001
 6.8537039e-001
 6.9184828e-001
 6.9877243e-001
 7.0594531e-001
 7.1316051e-001
 7.2021592e-001
 7.2693419e-001
 7.3316872e-001
 7.3882020e-001
 7.4383193e-001
 7.4818313e-001
 7.5188816e-001
 7.5498337e-001
 7.5751615e-001
 7.5954092e-001
 7.6111007e-001
 7.6226854e-001
 7.6305294e-001
 7.6348907e-001
 7.6359236e-001
 7.6336932e-001
 7.6282054e-001
 7.6194358e-001
 7.6073796e-001
 7.5920838e-001
 7.5736839e-001
 7.5524491e-001
 7.5287676e-001
 7.5031579e-001
 7.4762392e-001
 7.4487239e-001
 7.4213380e-001
 7.3948038e-001
 7.3698181e-001
 7.3469841e-001
 7.3268050e-001
 7.3096716e-001
 7.2958118e-001
 7.2852886e-001
 7.2779918e-001
 7.2736216e-001
 7.2717130e-001
 7.2716671e-001
 7.2727990e-001
 7.2744012e-001
 7.2758079e-001
 7.2764587e-001
 7.2759444e-001
 7.2740358e-001
 7.2706968e-001
 7.2660697e-001
 7.2604519e-001
 7.2542554e-001
 7.2479689e-001
 7.2420967e-001
 7.2371137e-001
 7.2334248e-001
 7.2313178e-001
 7.2309422e-001
 7.2322983e-001
 7.2352421e-001
 7.2395062e-001
 7.2447276e-001
 7.2504866e-001
 7.2563338e-001
 7.2618210e-001
 7.2665089e-001
 7.2699916e-001
 7.2718936e-001
 7.2718859e-001
 7.2697008e-001
 7.2651529e-001
 7.2581673e-001
 7.2487926e-001
 7.2372174e-001
 7.2237635e-001
 7.2088838e-001
 7.1931094e-001
 7.1770209e-001
 7.1612155e-001
 7.1462440e-001
 7.1325898e-001
 7.1206486e-001
 7.1106994e-001
 7.1029097e-001
 7.0973474e-001
 7.0939785e-001
 7.0926911e-001
 7.0933074e-001
 7.0955962e-001
 7.0992863e-001
 7.1040744e-001
 7.1096313e-001
 7.1156210e-001
 7.1217066e-001
 7.1275645e-001
 7.1329069e-001
 7.1374917e-001
 7.1411395e-001
 7.1437430e-001
 7.1452796e-001
 7.1458131e-001
 7.1454948e-001
 7.1445590e-001
 7.1433067e-001
 7.1420854e-001
 7.1412551e-001
 7.1411508e-001
 7.1420431e-001
 7.1440959e-001
 7.1473467e-001
 7.1516979e-001
 7.1569246e-001
 7.1627134e-001
 7.1686977e-001
 7.1744931e-001
 7.1797383e-001
 7.1841103e-001
 7.1873301e-001
 7.1891737e-001
 7.1894646e-001
 7.1880800e-001
 7.1849549e-001
 7.1800858e-001
 7.1735311e-001
 7.1654117e-001
 7.1558952e-001
 7.1451873e-001
 7.1335322e-001
 7.1211833e-001
 7.1084070e-001
 7.0954567e-001
 7.0825672e-001
 7.0699054e-001
 7.0575547e-001
 7.0455021e-001
 7.0336151e-001
 7.0216686e-001
 7.0093882e-001
 6.9964850e-001
 6.9827163e-001
 6.9679409e-001
 6.9521260e-001
 6.9353616e-001
 6.9178379e-001
 6.8998301e-001
 6.8816423e-001
 6.8635958e-001
 6.8460202e-001
 6.8292159e-001
 6.8134552e-001
 6.7989737e-001
 6.7859322e-001
 6.7744148e-001
 6.7644221e-001
 6.7558867e-001
 6.7486805e-001
 6.7426437e-001
-1.2300000e+034
