s07_ASD Record=11503: Topaz HS184.4B               ASDNGb AREF
-1.2300000e+034
 5.9158504e-001
 5.8752561e-001
 5.8525652e-001
 5.8503413e-001
 5.8446640e-001
 5.8448333e-001
 5.8455348e-001
 5.8441913e-001
 5.8517611e-001
 5.8620149e-001
 5.8713663e-001
 5.8785290e-001
 5.8880162e-001
 5.8972055e-001
 5.9043920e-001
 5.9096467e-001
 5.9156066e-001
 5.9236145e-001
 5.9333599e-001
 5.9406000e-001
 5.9528100e-001
 5.9676206e-001
 5.9787315e-001
 5.9906405e-001
 6.0032004e-001
 6.0162705e-001
 6.0303640e-001
 6.0436481e-001
 6.0574788e-001
 6.0729253e-001
 6.0882777e-001
 6.1004180e-001
 6.1093539e-001
 6.1174566e-001
 6.1304468e-001
 6.1450022e-001
 6.1599499e-001
 6.1784625e-001
 6.1930865e-001
 6.2060839e-001
 6.2202251e-001
 6.2311280e-001
 6.2434524e-001
 6.2575048e-001
 6.2710112e-001
 6.2836444e-001
 6.2977976e-001
 6.3127929e-001
 6.3230491e-001
 6.3334543e-001
 6.3460499e-001
 6.3606644e-001
 6.3725418e-001
 6.3848263e-001
 6.3975018e-001
 6.4087826e-001
 6.4227527e-001
 6.4349109e-001
 6.4442533e-001
 6.4573735e-001
 6.4691263e-001
 6.4803582e-001
 6.4928913e-001
 6.5052044e-001
 6.5167493e-001
 6.5282619e-001
 6.5411586e-001
 6.5532833e-001
 6.5653425e-001
 6.5777504e-001
 6.5891910e-001
 6.6013086e-001
 6.6137373e-001
 6.6256857e-001
 6.6380948e-001
 6.6500461e-001
 6.6614723e-001
 6.6732031e-001
 6.6854393e-001
 6.6975904e-001
 6.7094141e-001
 6.7220300e-001
 6.7343080e-001
 6.7460716e-001
 6.7576814e-001
 6.7697400e-001
 6.7819196e-001
 6.7937607e-001
 6.8047351e-001
 6.8162680e-001
 6.8280762e-001
 6.8395966e-001
 6.8509448e-001
 6.8628198e-001
 6.8748564e-001
 6.8861645e-001
 6.8980145e-001
 6.9094121e-001
 6.9201380e-001
 6.9319659e-001
 6.9431180e-001
 6.9535518e-001
 6.9638163e-001
 6.9744259e-001
 6.9847643e-001
 6.9946802e-001
 7.0044845e-001
 7.0138705e-001
 7.0233166e-001
 7.0330453e-001
 7.0422876e-001
 7.0512122e-001
 7.0600265e-001
 7.0689243e-001
 7.0773762e-001
 7.0859146e-001
 7.0947605e-001
 7.1036518e-001
 7.1121728e-001
 7.1204603e-001
 7.1287566e-001
 7.1371686e-001
 7.1454865e-001
 7.1536660e-001
 7.1617711e-001
 7.1697736e-001
 7.1775365e-001
 7.1851856e-001
 7.1934187e-001
 7.2010320e-001
 7.2084212e-001
 7.2162920e-001
 7.2241533e-001
 7.2318184e-001
 7.2393388e-001
 7.2469223e-001
 7.2545940e-001
 7.2621596e-001
 7.2695631e-001
 7.2771269e-001
 7.2849083e-001
 7.2925127e-001
 7.2995043e-001
 7.3069310e-001
 7.3146003e-001
 7.3223031e-001
 7.3299497e-001
 7.3371708e-001
 7.3442209e-001
 7.3513854e-001
 7.3583496e-001
 7.3655409e-001
 7.3730391e-001
 7.3805785e-001
 7.3877603e-001
 7.3948985e-001
 7.4021357e-001
 7.4090248e-001
 7.4157608e-001
 7.4224657e-001
 7.4292886e-001
 7.4364895e-001
 7.4435490e-001
 7.4502176e-001
 7.4565363e-001
 7.4631226e-001
 7.4696356e-001
 7.4758065e-001
 7.4822575e-001
 7.4884343e-001
 7.4942756e-001
 7.5000447e-001
 7.5060660e-001
 7.5119990e-001
 7.5176549e-001
 7.5232393e-001
 7.5285625e-001
 7.5335962e-001
 7.5384545e-001
 7.5436085e-001
 7.5487840e-001
 7.5536984e-001
 7.5581288e-001
 7.5626987e-001
 7.5675350e-001
 7.5725490e-001
 7.5774372e-001
 7.5821382e-001
 7.5865203e-001
 7.5905484e-001
 7.5948960e-001
 7.5991249e-001
 7.6031160e-001
 7.6072782e-001
 7.6114112e-001
 7.6154679e-001
 7.6194519e-001
 7.6233393e-001
 7.6270056e-001
 7.6304954e-001
 7.6339579e-001
 7.6371717e-001
 7.6402056e-001
 7.6432300e-001
 7.6465535e-001
 7.6498973e-001
 7.6532209e-001
 7.6565444e-001
 7.6597315e-001
 7.6629108e-001
 7.6660091e-001
 7.6687205e-001
 7.6713002e-001
 7.6737612e-001
 7.6761681e-001
 7.6789248e-001
 7.6816201e-001
 7.6841354e-001
 7.6864892e-001
 7.6884466e-001
 7.6903170e-001
 7.6923573e-001
 7.6946223e-001
 7.6971680e-001
 7.6996523e-001
 7.7017468e-001
 7.7037627e-001
 7.7060580e-001
 7.7085346e-001
 7.7107078e-001
 7.7128124e-001
 7.7149189e-001
 7.7170724e-001
 7.7193570e-001
 7.7216613e-001
 7.7238435e-001
 7.7257323e-001
 7.7270329e-001
 7.7285314e-001
 7.7305228e-001
 7.7325165e-001
 7.7345085e-001
 7.7365482e-001
 7.7386987e-001
 7.7410418e-001
 7.7432966e-001
 7.7452737e-001
 7.7469057e-001
 7.7486718e-001
 7.7507526e-001
 7.7530313e-001
 7.7549201e-001
 7.7569431e-001
 7.7591002e-001
 7.7612299e-001
 7.7633595e-001
 7.7654433e-001
 7.7675688e-001
 7.7699411e-001
 7.7723497e-001
 7.7747995e-001
 7.7773124e-001
 7.7798718e-001
 7.7821845e-001
 7.7843338e-001
 7.7865726e-001
 7.7887297e-001
 7.7908444e-001
 7.7930266e-001
 7.7954543e-001
 7.7979672e-001
 7.8004420e-001
 7.8027982e-001
 7.8050327e-001
 7.8072923e-001
 7.8097087e-001
 7.8123611e-001
 7.8151262e-001
 7.8177887e-001
 7.8203797e-001
 7.8234237e-001
 7.8265262e-001
 7.8295130e-001
 7.8323221e-001
 7.8349507e-001
 7.8374797e-001
 7.8400737e-001
 7.8430241e-001
 7.8457791e-001
 7.8485852e-001
 7.8515619e-001
 7.8542262e-001
 7.8568131e-001
 7.8595787e-001
 7.8627402e-001
 7.8659344e-001
 7.8688413e-001
 7.8714031e-001
 7.8739482e-001
 7.8765988e-001
 7.8795302e-001
 7.8827941e-001
 7.8860223e-001
 7.8891408e-001
 7.8921175e-001
 7.8949547e-001
 7.8977460e-001
 7.9006338e-001
 7.9036713e-001
 7.9066873e-001
 7.9100984e-001
 7.9133284e-001
 7.9158700e-001
 7.9186451e-001
 7.9217517e-001
 7.9250145e-001
 7.9281092e-001
 7.9314202e-001
 7.9344285e-001
 7.9370141e-001
 7.9399955e-001
 7.9431850e-001
 7.9461873e-001
 7.9487437e-001
 7.9516453e-001
 7.9545754e-001
 7.9574877e-001
 7.9606158e-001
 7.9638988e-001
 7.9670042e-001
 7.9698378e-001
 7.9729325e-001
 7.9760522e-001
 7.9788035e-001
 7.9809749e-001
 7.9834753e-001
 7.9863274e-001
 7.9893595e-001
 7.9923236e-001
 7.9958874e-001
 8.0009925e-001
 8.0079925e-001
 8.0165058e-001
 8.0217868e-001
 8.0225831e-001
 8.0202407e-001
 8.0199438e-001
 8.0215979e-001
 8.0243045e-001
 8.0267638e-001
 8.0291981e-001
 8.0315018e-001
 8.0337703e-001
 8.0366546e-001
 8.0397296e-001
 8.0428368e-001
 8.0458528e-001
 8.0482668e-001
 8.0507076e-001
 8.0533856e-001
 8.0560148e-001
 8.0589986e-001
 8.0621475e-001
 8.0651969e-001
 8.0679911e-001
 8.0706823e-001
 8.0734175e-001
 8.0762523e-001
 8.0786711e-001
 8.0812716e-001
 8.0841142e-001
 8.0866539e-001
 8.0888283e-001
 8.0909902e-001
 8.0934060e-001
 8.0959964e-001
 8.0983508e-001
 8.1003326e-001
 8.1020343e-001
 8.1039941e-001
 8.1058407e-001
 8.1075221e-001
 8.1093484e-001
 8.1115538e-001
 8.1135935e-001
 8.1151998e-001
 8.1168997e-001
 8.1186920e-001
 8.1207049e-001
 8.1230885e-001
 8.1259620e-001
 8.1298053e-001
 8.1343788e-001
 8.1388950e-001
 8.1432039e-001
 8.1469965e-001
 8.1502503e-001
 8.1533551e-001
 8.1564105e-001
 8.1593949e-001
 8.1622100e-001
 8.1647211e-001
 8.1670773e-001
 8.1693316e-001
 8.1715405e-001
 8.1738609e-001
 8.1760687e-001
 8.1781530e-001
 8.1804347e-001
 8.1828624e-001
 8.1852311e-001
 8.1873989e-001
 8.1895196e-001
 8.1913865e-001
 8.1932342e-001
 8.1953746e-001
 8.1974083e-001
 8.1994194e-001
 8.2014352e-001
 8.2034308e-001
 8.2055575e-001
 8.2078487e-001
 8.2101715e-001
 8.2121688e-001
 8.2139134e-001
 8.2154781e-001
 8.2169122e-001
 8.2181931e-001
 8.2193995e-001
 8.2207054e-001
 8.2222944e-001
 8.2240170e-001
 8.2257551e-001
 8.2273579e-001
 8.2286662e-001
 8.2298481e-001
 8.2309830e-001
 8.2322019e-001
 8.2337904e-001
 8.2354259e-001
 8.2369286e-001
 8.2382113e-001
 8.2393527e-001
 8.2405430e-001
 8.2416970e-001
 8.2426238e-001
 8.2438672e-001
 8.2451761e-001
 8.2463378e-001
 8.2473594e-001
 8.2482654e-001
 8.2493180e-001
 8.2506245e-001
 8.2517725e-001
 8.2528132e-001
 8.2536548e-001
 8.2542378e-001
 8.2548219e-001
 8.2557786e-001
 8.2568866e-001
 8.2575291e-001
 8.2579494e-001
 8.2583958e-001
 8.2589525e-001
 8.2594734e-001
 8.2601923e-001
 8.2609230e-001
 8.2614517e-001
 8.2617348e-001
 8.2620066e-001
 8.2622045e-001
 8.2622856e-001
 8.2627523e-001
 8.2632840e-001
 8.2637048e-001
 8.2640266e-001
 8.2646769e-001
 8.2653135e-001
 8.2658035e-001
 8.2663429e-001
 8.2667118e-001
 8.2668459e-001
 8.2667774e-001
 8.2666188e-001
 8.2666409e-001
 8.2669479e-001
 8.2674426e-001
 8.2676697e-001
 8.2677770e-001
 8.2678479e-001
 8.2679695e-001
 8.2683927e-001
 8.2689786e-001
 8.2695347e-001
 8.2698512e-001
 8.2698226e-001
 8.2696724e-001
 8.2696420e-001
 8.2698917e-001
 8.2700390e-001
 8.2700616e-001
 8.2700747e-001
 8.2703024e-001
 8.2705128e-001
 8.2707864e-001
 8.2711840e-001
 8.2713693e-001
 8.2714731e-001
 8.2714504e-001
 8.2712281e-001
 8.2710916e-001
 8.2711673e-001
 8.2713866e-001
 8.2715464e-001
 8.2715011e-001
 8.2713825e-001
 8.2712501e-001
 8.2710773e-001
 8.2714075e-001
 8.2719225e-001
 8.2723725e-001
 8.2728511e-001
 8.2732308e-001
 8.2734698e-001
 8.2736897e-001
 8.2742822e-001
 8.2747453e-001
 8.2749289e-001
 8.2748669e-001
 8.2748294e-001
 8.2747352e-001
 8.2747978e-001
 8.2752049e-001
 8.2754213e-001
 8.2756913e-001
 8.2761365e-001
 8.2767135e-001
 8.2770956e-001
 8.2773829e-001
 8.2777125e-001
 8.2782030e-001
 8.2787287e-001
 8.2792914e-001
 8.2798648e-001
 8.2803869e-001
 8.2809275e-001
 8.2811588e-001
 8.2810849e-001
 8.2812953e-001
 8.2816160e-001
 8.2819790e-001
 8.2823879e-001
 8.2828796e-001
 8.2833213e-001
 8.2838035e-001
 8.2843435e-001
 8.2845777e-001
 8.2847911e-001
 8.2850337e-001
 8.2853234e-001
 8.2858700e-001
 8.2862496e-001
 8.2868314e-001
 8.2881063e-001
 8.2895052e-001
 8.2901549e-001
 8.2902271e-001
 8.2904947e-001
 8.2912862e-001
 8.2919604e-001
 8.2920706e-001
 8.2915437e-001
 8.2912600e-001
 8.2909143e-001
 8.2901001e-001
 8.2885748e-001
 8.2870853e-001
 8.2856160e-001
 8.2842845e-001
 8.2833689e-001
 8.2826269e-001
 8.2821608e-001
 8.2821119e-001
 8.2825452e-001
 8.2826394e-001
 8.2830548e-001
 8.2839066e-001
 8.2843727e-001
 8.2846218e-001
 8.2845777e-001
 8.2841712e-001
 8.2833844e-001
 8.2820183e-001
 8.2802808e-001
 8.2783324e-001
 8.2761353e-001
 8.2741654e-001
 8.2716209e-001
 8.2675028e-001
 8.2610661e-001
 8.2520545e-001
 8.2391614e-001
 8.2219952e-001
 8.2019430e-001
 8.1803137e-001
 8.1578058e-001
 8.1354159e-001
 8.1149071e-001
 8.0989146e-001
 8.0890673e-001
 8.0871981e-001
 8.0959243e-001
 8.1139225e-001
 8.1402040e-001
 8.1725127e-001
 8.2067543e-001
 8.2383347e-001
 8.2664740e-001
 8.2906872e-001
 8.3089495e-001
 8.3235472e-001
 8.3358085e-001
 8.3460122e-001
 8.3531612e-001
 8.3599889e-001
 8.3654261e-001
 8.3692819e-001
 8.3740193e-001
 8.3769667e-001
 8.3795673e-001
 8.3828092e-001
 8.3856648e-001
 8.3884257e-001
 8.3912700e-001
 8.3937907e-001
 8.3950037e-001
 8.3975995e-001
 8.4001052e-001
 8.4019983e-001
 8.4047109e-001
 8.4063041e-001
 8.4081095e-001
 8.4105474e-001
 8.4125817e-001
 8.4149706e-001
 8.4165591e-001
 8.4175187e-001
 8.4192896e-001
 8.4210294e-001
 8.4226590e-001
 8.4246498e-001
 8.4263265e-001
 8.4279603e-001
 8.4295446e-001
 8.4310752e-001
 8.4325498e-001
 8.4339702e-001
 8.4353405e-001
 8.4366643e-001
 8.4379458e-001
 8.4391874e-001
 8.4403896e-001
 8.4415525e-001
 8.4426737e-001
 8.4437507e-001
 8.4447837e-001
 8.4457690e-001
 8.4467065e-001
 8.4475940e-001
 8.4484303e-001
 8.4492171e-001
 8.4499562e-001
 8.4506536e-001
 8.4513170e-001
 8.4519553e-001
 8.4525794e-001
 8.4531975e-001
 8.4538174e-001
 8.4544438e-001
 8.4550774e-001
 8.4557176e-001
 8.4563625e-001
 8.4570074e-001
 8.4576494e-001
 8.4582835e-001
 8.4589076e-001
 8.4595209e-001
 8.4601229e-001
 8.4607118e-001
 8.4612888e-001
 8.4618515e-001
 8.4623981e-001
 8.4629244e-001
 8.4634262e-001
 8.4638971e-001
 8.4643322e-001
 8.4647238e-001
 8.4650648e-001
 8.4653467e-001
 8.4655625e-001
 8.4657025e-001
 8.4657615e-001
 8.4657329e-001
 8.4656167e-001
 8.4654140e-001
 8.4651351e-001
 8.4647948e-001
 8.4644175e-001
 8.4640330e-001
 8.4636790e-001
 8.4633952e-001
 8.4632200e-001
 8.4631860e-001
 8.4633172e-001
 8.4636211e-001
 8.4640908e-001
 8.4647036e-001
 8.4654218e-001
 8.4662008e-001
 8.4669924e-001
 8.4677511e-001
 8.4684408e-001
 8.4690356e-001
 8.4695250e-001
 8.4699106e-001
 8.4702051e-001
 8.4704268e-001
 8.4706002e-001
 8.4707463e-001
 8.4708834e-001
 8.4710252e-001
 8.4711772e-001
 8.4713405e-001
 8.4715110e-001
 8.4716815e-001
 8.4718454e-001
 8.4719974e-001
 8.4721339e-001
 8.4722543e-001
 8.4723610e-001
 8.4724575e-001
 8.4725463e-001
 8.4726292e-001
 8.4727073e-001
 8.4727788e-001
 8.4728408e-001
 8.4728885e-001
 8.4729177e-001
 8.4729242e-001
 8.4729058e-001
 8.4728628e-001
 8.4727961e-001
 8.4727103e-001
 8.4726119e-001
 8.4725070e-001
 8.4724033e-001
 8.4723067e-001
 8.4722209e-001
 8.4721458e-001
 8.4720790e-001
 8.4720141e-001
 8.4719425e-001
 8.4718561e-001
 8.4717453e-001
 8.4716022e-001
 8.4714228e-001
 8.4712046e-001
 8.4709513e-001
 8.4706694e-001
 8.4703702e-001
 8.4700656e-001
 8.4697717e-001
 8.4695005e-001
 8.4692621e-001
 8.4690613e-001
 8.4688938e-001
 8.4687507e-001
 8.4686148e-001
 8.4684646e-001
 8.4682786e-001
 8.4680361e-001
 8.4677213e-001
 8.4673268e-001
 8.4668505e-001
 8.4663004e-001
 8.4656894e-001
 8.4650344e-001
 8.4643531e-001
 8.4636629e-001
 8.4629774e-001
 8.4623075e-001
 8.4616566e-001
 8.4610254e-001
 8.4604090e-001
 8.4597999e-001
 8.4591872e-001
 8.4585607e-001
 8.4579068e-001
 8.4572142e-001
 8.4564698e-001
 8.4556609e-001
 8.4547740e-001
 8.4537965e-001
 8.4527153e-001
 8.4515226e-001
 8.4502137e-001
 8.4487921e-001
 8.4472716e-001
 8.4456760e-001
 8.4440386e-001
 8.4424025e-001
 8.4408164e-001
 8.4393328e-001
 8.4380031e-001
 8.4368747e-001
 8.4359878e-001
 8.4353727e-001
 8.4350455e-001
 8.4350097e-001
 8.4352523e-001
 8.4357464e-001
 8.4364510e-001
 8.4373158e-001
 8.4382826e-001
 8.4392929e-001
 8.4402913e-001
 8.4412289e-001
 8.4420705e-001
 8.4427965e-001
 8.4434009e-001
 8.4438944e-001
 8.4443003e-001
 8.4446484e-001
 8.4449708e-001
 8.4452957e-001
 8.4456408e-001
 8.4460098e-001
 8.4463906e-001
 8.4467524e-001
 8.4470475e-001
 8.4472102e-001
 8.4471577e-001
 8.4467846e-001
 8.4459603e-001
 8.4445202e-001
 8.4422612e-001
 8.4389377e-001
 8.4342730e-001
 8.4279728e-001
 8.4197676e-001
 8.4094608e-001
 8.3969945e-001
 8.3825177e-001
 8.3664334e-001
 8.3494288e-001
 8.3324534e-001
 8.3166331e-001
 8.3031696e-001
 8.2931685e-001
 8.2874990e-001
 8.2866555e-001
 8.2906878e-001
 8.2991922e-001
 8.3113760e-001
 8.3261836e-001
 8.3424336e-001
 8.3589816e-001
 8.3748329e-001
 8.3892250e-001
 8.4016705e-001
 8.4119332e-001
 8.4200019e-001
 8.4260267e-001
 8.4302658e-001
 8.4330326e-001
 8.4346563e-001
 8.4354520e-001
 8.4357065e-001
 8.4356648e-001
 8.4355289e-001
 8.4354520e-001
 8.4355432e-001
 8.4358692e-001
 8.4364581e-001
 8.4373087e-001
 8.4383953e-001
 8.4396768e-001
 8.4411037e-001
 8.4426224e-001
 8.4441811e-001
 8.4457332e-001
 8.4472376e-001
 8.4486622e-001
 8.4499878e-001
 8.4512055e-001
 8.4523225e-001
 8.4533560e-001
 8.4543347e-001
 8.4552938e-001
 8.4562689e-001
 8.4572935e-001
 8.4583932e-001
 8.4595805e-001
 8.4608561e-001
 8.4622055e-001
 8.4636033e-001
 8.4650147e-001
 8.4664023e-001
 8.4677267e-001
 8.4689564e-001
 8.4700632e-001
 8.4710294e-001
 8.4718418e-001
 8.4724897e-001
 8.4729606e-001
 8.4732360e-001
 8.4732884e-001
 8.4730834e-001
 8.4725767e-001
 8.4717262e-001
 8.4704924e-001
 8.4688497e-001
 8.4667903e-001
 8.4643269e-001
 8.4614956e-001
 8.4583485e-001
 8.4549505e-001
 8.4513688e-001
 8.4476686e-001
 8.4439057e-001
 8.4401232e-001
 8.4363544e-001
 8.4326214e-001
 8.4289449e-001
 8.4253442e-001
 8.4218377e-001
 8.4184492e-001
 8.4152013e-001
 8.4121174e-001
 8.4092158e-001
 8.4065115e-001
 8.4040123e-001
 8.4017217e-001
 8.3996356e-001
 8.3977455e-001
 8.3960354e-001
 8.3944803e-001
 8.3930469e-001
 8.3916926e-001
 8.3903664e-001
 8.3890128e-001
 8.3875757e-001
 8.3860040e-001
 8.3842558e-001
 8.3823031e-001
 8.3801329e-001
 8.3777463e-001
 8.3751577e-001
 8.3723903e-001
 8.3694732e-001
 8.3664358e-001
 8.3633053e-001
 8.3601034e-001
 8.3568394e-001
 8.3535093e-001
 8.3500928e-001
 8.3465469e-001
 8.3428103e-001
 8.3387983e-001
 8.3344108e-001
 8.3295357e-001
 8.3240539e-001
 8.3178508e-001
 8.3108187e-001
 8.3028626e-001
 8.2939011e-001
 8.2838619e-001
 8.2726824e-001
 8.2602996e-001
 8.2466567e-001
 8.2316995e-001
 8.2153779e-001
 8.1976670e-001
 8.1785655e-001
 8.1581211e-001
 8.1364435e-001
 8.1137055e-001
 8.0901670e-001
 8.0661750e-001
 8.0421460e-001
 8.0185765e-001
 7.9960012e-001
 7.9749846e-001
 7.9560792e-001
 7.9397905e-001
 7.9265589e-001
 7.9167193e-001
 7.9104960e-001
 7.9079837e-001
 7.9091418e-001
 7.9137909e-001
 7.9216164e-001
 7.9321665e-001
 7.9448622e-001
 7.9590160e-001
 7.9738462e-001
 7.9885280e-001
 8.0022240e-001
 8.0141467e-001
 8.0236131e-001
 8.0300903e-001
 8.0332458e-001
 8.0329663e-001
 8.0293757e-001
 8.0228251e-001
 8.0138659e-001
 8.0032122e-001
 7.9916751e-001
 7.9801047e-001
 7.9693049e-001
 7.9599726e-001
 7.9526234e-001
 7.9475462e-001
 7.9447812e-001
 7.9441130e-001
 7.9451036e-001
 7.9471272e-001
 7.9494298e-001
 7.9511750e-001
 7.9514921e-001
 7.9494977e-001
 7.9443002e-001
 7.9349828e-001
 7.9205686e-001
 7.8999656e-001
 7.8719109e-001
 7.8349161e-001
 7.7871984e-001
 7.7266878e-001
 7.6510495e-001
 7.5577492e-001
 7.4443126e-001
 7.3085356e-001
 7.1489644e-001
 6.9653422e-001
 6.7590070e-001
 6.5334642e-001
 6.2944293e-001
 6.0499859e-001
 5.8101535e-001
 5.5861086e-001
 5.3894103e-001
 5.2306777e-001
 5.1186556e-001
 5.0592208e-001
 5.0548273e-001
 5.1044071e-001
 5.2036583e-001
 5.3456569e-001
 5.5217022e-001
 5.7223195e-001
 5.9379506e-001
 6.1598337e-001
 6.3803059e-001
 6.5931582e-001
 6.7938036e-001
 6.9790703e-001
 7.1471417e-001
 7.2973955e-001
 7.4300337e-001
 7.5459814e-001
 7.6465440e-001
 7.7332640e-001
 7.8077805e-001
 7.8716427e-001
 7.9263049e-001
 7.9730278e-001
 8.0128968e-001
 8.0468446e-001
 8.0756462e-001
 8.0999798e-001
 8.1204337e-001
 8.1375420e-001
 8.1518072e-001
 8.1636930e-001
 8.1736422e-001
 8.1820601e-001
 8.1893134e-001
 8.1957251e-001
 8.2015598e-001
 8.2070249e-001
 8.2122725e-001
 8.2173944e-001
 8.2224339e-001
 8.2273895e-001
 8.2322246e-001
 8.2368791e-001
 8.2412797e-001
 8.2453513e-001
 8.2490271e-001
 8.2522589e-001
 8.2550257e-001
 8.2573354e-001
 8.2592309e-001
 8.2607841e-001
 8.2620960e-001
 8.2632899e-001
 8.2645011e-001
 8.2658720e-001
 8.2675385e-001
 8.2696259e-001
 8.2722372e-001
 8.2754499e-001
 8.2793111e-001
 8.2838392e-001
 8.2890218e-001
 8.2948220e-001
 8.3011812e-001
 8.3080262e-001
 8.3152759e-001
 8.3228409e-001
 8.3306354e-001
 8.3385718e-001
 8.3465683e-001
 8.3545506e-001
 8.3624452e-001
 8.3701909e-001
 8.3777291e-001
 8.3850092e-001
 8.3919924e-001
 8.3986479e-001
 8.4049606e-001
 8.4109300e-001
 8.4165710e-001
 8.4219211e-001
 8.4270304e-001
 8.4319633e-001
 8.4367889e-001
 8.4415746e-001
 8.4463811e-001
 8.4512508e-001
 8.4562039e-001
 8.4612423e-001
 8.4663427e-001
 8.4714705e-001
 8.4765804e-001
 8.4816241e-001
 8.4865648e-001
 8.4913713e-001
 8.4960288e-001
 8.5005355e-001
 8.5048985e-001
 8.5091347e-001
 8.5132605e-001
 8.5172933e-001
 8.5212457e-001
 8.5251230e-001
 8.5289264e-001
 8.5326505e-001
 8.5362899e-001
 8.5398346e-001
 8.5432798e-001
 8.5466236e-001
 8.5498685e-001
 8.5530221e-001
 8.5560983e-001
 8.5591114e-001
 8.5620797e-001
 8.5650164e-001
 8.5679346e-001
 8.5708427e-001
 8.5737431e-001
 8.5766345e-001
 8.5795116e-001
 8.5823643e-001
 8.5851830e-001
 8.5879529e-001
 8.5906631e-001
 8.5933024e-001
 8.5958612e-001
 8.5983342e-001
 8.6007190e-001
 8.6030149e-001
 8.6052221e-001
 8.6073405e-001
 8.6093700e-001
 8.6113071e-001
 8.6131465e-001
 8.6148804e-001
 8.6164993e-001
 8.6179948e-001
 8.6193603e-001
 8.6205930e-001
 8.6216974e-001
 8.6226827e-001
 8.6235654e-001
 8.6243671e-001
 8.6251110e-001
 8.6258209e-001
 8.6265171e-001
 8.6272162e-001
 8.6279279e-001
 8.6286551e-001
 8.6293930e-001
 8.6301333e-001
 8.6308628e-001
 8.6315656e-001
 8.6322260e-001
 8.6328262e-001
 8.6333483e-001
 8.6337721e-001
 8.6340767e-001
 8.6342376e-001
 8.6342299e-001
 8.6340266e-001
 8.6336058e-001
 8.6329460e-001
 8.6320364e-001
 8.6308718e-001
 8.6294580e-001
 8.6278093e-001
 8.6259466e-001
 8.6238939e-001
 8.6216736e-001
 8.6193001e-001
 8.6167789e-001
 8.6140996e-001
 8.6112362e-001
 8.6081505e-001
 8.6047912e-001
 8.6011046e-001
 8.5970354e-001
 8.5925376e-001
 8.5875773e-001
 8.5821396e-001
 8.5762298e-001
 8.5698736e-001
 8.5631204e-001
 8.5560369e-001
 8.5487062e-001
 8.5412270e-001
 8.5337067e-001
 8.5262620e-001
 8.5190195e-001
 8.5121036e-001
 8.5056460e-001
 8.4997696e-001
 8.4945947e-001
 8.4902269e-001
 8.4867561e-001
 8.4842539e-001
 8.4827685e-001
 8.4823269e-001
 8.4829336e-001
 8.4845716e-001
 8.4872043e-001
 8.4907752e-001
 8.4952104e-001
 8.5004175e-001
 8.5062897e-001
 8.5127014e-001
 8.5195190e-001
 8.5265964e-001
 8.5337818e-001
 8.5409284e-001
 8.5478902e-001
 8.5545361e-001
 8.5607529e-001
 8.5664475e-001
 8.5715562e-001
 8.5760403e-001
 8.5798925e-001
 8.5831332e-001
 8.5858053e-001
 8.5879731e-001
 8.5897142e-001
 8.5911137e-001
 8.5922611e-001
 8.5932416e-001
 8.5941344e-001
 8.5950112e-001
 8.5959321e-001
 8.5969478e-001
 8.5980958e-001
 8.5994071e-001
 8.6008978e-001
 8.6025763e-001
 8.6044371e-001
 8.6064643e-001
 8.6086291e-001
 8.6108929e-001
 8.6132079e-001
 8.6155218e-001
 8.6177802e-001
 8.6199301e-001
 8.6219275e-001
 8.6237311e-001
 8.6253101e-001
 8.6266351e-001
 8.6276788e-001
 8.6284107e-001
 8.6287940e-001
 8.6287802e-001
 8.6283112e-001
 8.6273152e-001
 8.6257046e-001
 8.6233783e-001
 8.6202103e-001
 8.6160529e-001
 8.6107224e-001
 8.6039937e-001
 8.5955930e-001
 8.5851842e-001
 8.5723698e-001
 8.5566837e-001
 8.5375923e-001
 8.5145122e-001
 8.4868318e-001
 8.4539318e-001
 8.4152651e-001
 8.3703870e-001
 8.3190745e-001
 8.2614046e-001
 8.1978303e-001
 8.1293160e-001
 8.0573386e-001
 7.9839623e-001
 7.9117668e-001
 7.8437072e-001
 7.7829790e-001
 7.7326995e-001
 7.6956689e-001
 7.6740509e-001
 7.6691270e-001
 7.6811498e-001
 7.7092999e-001
 7.7517587e-001
 7.8059095e-001
 7.8686357e-001
 7.9366028e-001
 8.0065739e-001
 8.0756944e-001
 8.1416029e-001
 8.2025814e-001
 8.2575035e-001
 8.3057976e-001
 8.3473569e-001
 8.3823824e-001
 8.4113038e-001
 8.4346479e-001
 8.4529752e-001
 8.4668303e-001
 8.4766984e-001
 8.4830058e-001
 8.4861135e-001
 8.4863341e-001
 8.4839404e-001
 8.4791851e-001
 8.4723109e-001
 8.4635645e-001
 8.4532034e-001
 8.4414965e-001
 8.4287316e-001
 8.4152132e-001
 8.4012532e-001
 8.3871776e-001
 8.3733112e-001
 8.3599812e-001
 8.3475059e-001
 8.3361840e-001
 8.3262944e-001
 8.3180743e-001
 8.3117163e-001
 8.3073509e-001
 8.3050328e-001
 8.3047372e-001
 8.3063537e-001
 8.3096904e-001
 8.3144855e-001
 8.3204299e-001
 8.3271873e-001
 8.3344251e-001
 8.3418351e-001
 8.3491546e-001
 8.3561808e-001
 8.3627677e-001
 8.3688277e-001
 8.3743167e-001
 8.3792228e-001
 8.3835536e-001
 8.3873218e-001
 8.3905375e-001
 8.3932054e-001
 8.3953184e-001
 8.3968621e-001
 8.3978152e-001
 8.3981562e-001
 8.3978671e-001
 8.3969396e-001
 8.3953828e-001
 8.3932251e-001
 8.3905208e-001
 8.3873469e-001
 8.3838087e-001
 8.3800292e-001
 8.3761507e-001
 8.3723253e-001
 8.3687091e-001
 8.3654547e-001
 8.3627051e-001
 8.3605874e-001
 8.3592081e-001
 8.3586478e-001
 8.3589625e-001
 8.3601773e-001
 8.3622915e-001
 8.3652759e-001
 8.3690739e-001
 8.3736062e-001
 8.3787680e-001
 8.3844388e-001
 8.3904791e-001
 8.3967441e-001
 8.4030813e-001
 8.4093410e-001
 8.4153825e-001
 8.4210718e-001
 8.4262884e-001
 8.4309226e-001
 8.4348744e-001
 8.4380567e-001
 8.4403914e-001
 8.4418166e-001
 8.4422892e-001
 8.4417933e-001
 8.4403479e-001
 8.4380144e-001
 8.4349006e-001
 8.4311670e-001
 8.4270221e-001
 8.4227133e-001
 8.4185171e-001
 8.4147143e-001
 8.4115690e-001
 8.4093028e-001
 8.4080702e-001
 8.4079456e-001
 8.4089142e-001
 8.4108764e-001
 8.4136587e-001
 8.4168684e-001
 8.4207207e-001
 8.4246475e-001
 8.4283960e-001
 8.4317440e-001
 8.4345138e-001
 8.4365731e-001
 8.4378362e-001
 8.4382623e-001
 8.4378475e-001
 8.4366202e-001
 8.4346342e-001
 8.4319621e-001
 8.4286904e-001
 8.4249127e-001
 8.4207255e-001
 8.4162188e-001
 8.4114772e-001
 8.4065676e-001
 8.4015423e-001
 8.3964336e-001
 8.3912522e-001
 8.3859962e-001
 8.3806497e-001
 8.3751923e-001
 8.3696038e-001
 8.3638674e-001
 8.3579820e-001
 8.3519548e-001
 8.3458126e-001
 8.3395970e-001
 8.3333588e-001
 8.3271617e-001
 8.3210707e-001
 8.3151513e-001
 8.3094680e-001
 8.3040732e-001
 8.2990146e-001
 8.2943279e-001
 8.2900369e-001
 8.2861525e-001
 8.2826710e-001
 8.2795727e-001
 8.2768190e-001
 8.2743502e-001
 8.2720870e-001
 8.2699305e-001
 8.2677680e-001
 8.2654786e-001
 8.2629400e-001
 8.2600397e-001
 8.2566792e-001
 8.2527822e-001
 8.2483000e-001
 8.2432097e-001
 8.2375205e-001
 8.2312679e-001
 8.2245135e-001
 8.2173425e-001
 8.2098538e-001
 8.2021570e-001
 8.1943572e-001
 8.1865484e-001
 8.1787974e-001
 8.1711304e-001
 8.1635314e-001
 8.1559366e-001
 8.1482375e-001
 8.1402946e-001
 8.1319475e-001
 8.1230372e-001
 8.1134158e-001
 8.1029558e-001
 8.0915630e-001
 8.0791658e-001
 8.0657214e-001
 8.0512059e-001
 8.0356002e-001
 8.0188990e-001
 8.0010962e-001
 7.9821962e-001
 7.9622149e-001
 7.9411763e-001
 7.9191333e-001
 7.8961504e-001
 7.8723228e-001
 7.8477687e-001
 7.8226167e-001
 7.7970201e-001
 7.7711451e-001
 7.7451581e-001
 7.7192420e-001
 7.6935685e-001
 7.6683170e-001
 7.6436567e-001
 7.6197362e-001
 7.5966954e-001
 7.5746405e-001
 7.5536567e-001
 7.5337994e-001
 7.5150847e-001
 7.4975085e-001
 7.4810326e-001
 7.4656039e-001
 7.4511540e-001
 7.4375987e-001
 7.4248540e-001
 7.4128276e-001
 7.4014288e-001
 7.3905647e-001
 7.3801410e-001
 7.3700678e-001
 7.3602575e-001
 7.3506337e-001
 7.3411375e-001
 7.3317242e-001
 7.3223782e-001
 7.3131102e-001
 7.3039562e-001
 7.2949779e-001
 7.2862536e-001
 7.2778708e-001
 7.2699189e-001
 7.2624731e-001
 7.2555959e-001
 7.2493231e-001
 7.2436720e-001
 7.2386408e-001
 7.2342139e-001
 7.2303712e-001
 7.2270900e-001
 7.2243530e-001
 7.2221428e-001
 7.2204441e-001
 7.2192341e-001
 7.2184825e-001
 7.2181445e-001
 7.2181648e-001
 7.2184736e-001
 7.2189957e-001
 7.2196531e-001
 7.2203714e-001
 7.2210860e-001
 7.2217500e-001
 7.2223353e-001
 7.2228372e-001
 7.2232765e-001
 7.2236937e-001
 7.2241473e-001
 7.2247058e-001
 7.2254378e-001
 7.2264075e-001
 7.2276664e-001
 7.2292501e-001
 7.2311741e-001
 7.2334361e-001
 7.2360206e-001
 7.2389019e-001
 7.2420561e-001
 7.2454655e-001
 7.2491300e-001
 7.2530705e-001
 7.2573292e-001
 7.2619659e-001
 7.2670531e-001
 7.2726583e-001
 7.2788393e-001
 7.2856277e-001
 7.2930241e-001
 7.3009968e-001
 7.3094797e-001
 7.3183835e-001
 7.3275959e-001
 7.3369938e-001
 7.3464519e-001
 7.3558420e-001
 7.3650414e-001
 7.3739296e-001
 7.3823893e-001
 7.3903072e-001
 7.3975682e-001
 7.4040610e-001
 7.4096751e-001
 7.4143040e-001
 7.4178511e-001
 7.4202329e-001
 7.4213856e-001
 7.4212706e-001
 7.4198812e-001
 7.4172449e-001
 7.4134278e-001
 7.4085325e-001
 7.4026918e-001
 7.3960686e-001
 7.3888391e-001
 7.3811907e-001
 7.3733091e-001
 7.3653692e-001
 7.3575312e-001
 7.3499316e-001
 7.3426861e-001
 7.3358864e-001
 7.3296130e-001
 7.3239350e-001
 7.3189247e-001
 7.3146677e-001
 7.3112625e-001
 7.3088211e-001
 7.3074561e-001
 7.3072690e-001
 7.3083234e-001
 7.3106295e-001
 7.3141283e-001
 7.3186845e-001
 7.3240924e-001
 7.3300833e-001
 7.3363525e-001
 7.3425782e-001
 7.3484468e-001
 7.3536646e-001
 7.3579788e-001
 7.3611808e-001
 7.3631036e-001
 7.3636281e-001
 7.3626709e-001
 7.3601872e-001
 7.3561597e-001
 7.3505938e-001
 7.3435169e-001
 7.3349631e-001
 7.3249698e-001
 7.3135650e-001
 7.3007727e-001
 7.2865897e-001
 7.2709912e-001
 7.2539431e-001
 7.2353804e-001
 7.2152197e-001
 7.1933818e-001
 7.1697605e-001
 7.1442455e-001
 7.1167064e-001
 7.0870167e-001
 7.0550084e-001
 7.0204836e-001
 6.9832397e-001
 6.9430149e-001
 6.8995106e-001
 6.8524277e-001
 6.8014073e-001
 6.7460573e-001
 6.6860002e-001
 6.6207904e-001
 6.5499645e-001
 6.4730030e-001
 6.3893950e-001
 6.2985247e-001
 6.1997122e-001
 6.0922939e-001
 5.9754938e-001
 5.8485073e-001
 5.7106400e-001
 5.5611831e-001
 5.3996050e-001
 5.2255654e-001
 5.0391799e-001
 4.8408714e-001
 4.6315646e-001
 4.4129148e-001
 4.1870296e-001
 3.9565936e-001
 3.7249693e-001
 3.4957534e-001
 3.2728478e-001
 3.0601892e-001
 2.8617826e-001
 2.6812389e-001
 2.5218159e-001
 2.3864111e-001
 2.2772615e-001
 2.1960442e-001
 2.1438880e-001
 2.1212575e-001
 2.1280533e-001
 2.1635956e-001
 2.2266564e-001
 2.3154877e-001
 2.4278834e-001
 2.5611141e-001
 2.7121529e-001
 2.8777015e-001
 3.0541608e-001
 3.2379949e-001
 3.4257576e-001
 3.6140862e-001
 3.8000947e-001
 3.9812937e-001
 4.1557431e-001
 4.3219155e-001
 4.4789353e-001
 4.6263984e-001
 4.7642025e-001
 4.8926648e-001
 5.0123084e-001
 5.1236880e-001
 5.2274799e-001
 5.3243172e-001
 5.4146814e-001
 5.4990137e-001
 5.5776036e-001
 5.6506383e-001
 5.7181430e-001
 5.7801056e-001
 5.8364409e-001
 5.8869731e-001
 5.9315336e-001
 5.9699172e-001
 6.0018688e-001
 6.0271335e-001
 6.0454178e-001
 6.0564047e-001
 6.0597527e-001
 6.0551310e-001
 6.0422295e-001
 6.0208142e-001
 5.9907514e-001
 5.9520555e-001
 5.9049684e-001
 5.8499396e-001
 5.7876635e-001
 5.7191318e-001
 5.6455237e-001
 5.5682129e-001
 5.4886729e-001
 5.4084688e-001
 5.3290594e-001
 5.2517635e-001
 5.1777387e-001
 5.1078129e-001
 5.0425160e-001
 4.9821237e-001
 4.9266091e-001
 4.8757786e-001
 4.8293415e-001
 4.7870597e-001
 4.7487786e-001
 4.7145358e-001
 4.6846172e-001
 4.6594989e-001
 4.6398240e-001
 4.6263269e-001
 4.6196976e-001
 4.6204922e-001
 4.6290240e-001
 4.6452883e-001
 4.6689180e-001
 4.6991855e-001
 4.7349998e-001
 4.7750136e-001
 4.8176980e-001
 4.8614174e-001
 4.9046123e-001
 4.9458867e-001
 4.9840847e-001
 5.0184262e-001
 5.0485104e-001
 5.0743353e-001
 5.0962335e-001
 5.1148385e-001
 5.1309681e-001
 5.1455122e-001
 5.1593554e-001
 5.1732826e-001
 5.1879090e-001
 5.2036673e-001
 5.2207911e-001
 5.2393109e-001
 5.2591020e-001
 5.2798963e-001
 5.3013170e-001
 5.3228855e-001
 5.3440714e-001
 5.3642958e-001
 5.3829414e-001
 5.3994006e-001
 5.4130912e-001
 5.4234809e-001
 5.4301405e-001
 5.4327655e-001
 5.4312062e-001
 5.4254884e-001
 5.4158175e-001
 5.4025698e-001
 5.3862876e-001
 5.3676319e-001
 5.3473502e-001
 5.3262556e-001
 5.3051490e-001
 5.2847981e-001
 5.2658874e-001
 5.2490085e-001
 5.2346158e-001
 5.2230406e-001
 5.2145129e-001
 5.2091736e-001
 5.2071279e-001
 5.2084851e-001
 5.2133924e-001
 5.2220714e-001
 5.2348137e-001
 5.2519858e-001
 5.2739912e-001
 5.3012329e-001
 5.3340340e-001
 5.3726172e-001
 5.4170412e-001
 5.4671216e-001
 5.5224770e-001
 5.5825013e-001
 5.6463349e-001
 5.7129925e-001
 5.7813579e-001
 5.8502775e-001
 5.9185576e-001
 5.9851217e-001
 6.0490131e-001
 6.1093879e-001
 6.1656320e-001
 6.2173223e-001
 6.2641871e-001
 6.3061655e-001
 6.3433355e-001
 6.3758606e-001
 6.4040029e-001
 6.4280504e-001
 6.4482933e-001
 6.4649767e-001
 6.4782983e-001
 6.4883685e-001
 6.4951807e-001
 6.4986086e-001
 6.4983749e-001
 6.4940459e-001
 6.4850259e-001
 6.4705646e-001
 6.4497805e-001
 6.4217335e-001
 6.3854742e-001
 6.3401598e-001
 6.2852365e-001
 6.2205273e-001
 6.1464143e-001
 6.0640311e-001
 5.9752387e-001
 5.8826655e-001
 5.7896799e-001
 5.7000512e-001
 5.6177443e-001
 5.5465400e-001
 5.4897511e-001
 5.4498214e-001
 5.4281819e-001
 5.4251587e-001
 5.4399812e-001
 5.4709554e-001
 5.5156487e-001
 5.5711943e-001
 5.6345278e-001
 5.7026362e-001
 5.7726735e-001
 5.8421803e-001
 5.9091038e-001
 5.9717697e-001
 6.0289663e-001
 6.0798496e-001
 6.1238593e-001
 6.1607283e-001
 6.1903709e-001
 6.2128127e-001
 6.2281770e-001
 6.2366176e-001
 6.2383002e-001
 6.2333912e-001
 6.2220657e-001
 6.2045097e-001
 6.1809576e-001
 6.1516881e-001
 6.1170483e-001
 6.0774940e-001
 6.0335511e-001
 5.9858418e-001
 5.9350574e-001
 5.8819944e-001
 5.8274555e-001
 5.7722574e-001
 5.7172388e-001
 5.6631458e-001
 5.6106424e-001
 5.5603135e-001
 5.5125690e-001
 5.4676700e-001
 5.4257536e-001
 5.3867757e-001
 5.3505665e-001
 5.3168362e-001
 5.2852339e-001
 5.2553254e-001
 5.2266538e-001
 5.1987809e-001
 5.1712710e-001
 5.1437277e-001
 5.1158291e-001
 5.0872952e-001
 5.0579232e-001
 5.0275844e-001
 4.9962643e-001
 4.9640277e-001
 4.9310505e-001
 4.8976448e-001
 4.8642033e-001
 4.8311999e-001
 4.7991791e-001
 4.7686639e-001
 4.7401407e-001
 4.7139996e-001
 4.6905237e-001
 4.6698326e-001
 4.6518999e-001
 4.6365783e-001
 4.6235996e-001
 4.6126285e-001
 4.6033046e-001
 4.5952672e-001
 4.5881960e-001
 4.5818400e-001
 4.5760202e-001
 4.5706445e-001
 4.5656976e-001
 4.5612365e-001
 4.5573634e-001
 4.5542082e-001
 4.5519048e-001
 4.5505601e-001
 4.5502344e-001
 4.5509186e-001
 4.5525214e-001
 4.5548621e-001
 4.5576751e-001
 4.5606235e-001
 4.5633239e-001
 4.5653769e-001
 4.5664003e-001
 4.5660633e-001
 4.5641106e-001
 4.5603836e-001
 4.5548230e-001
 4.5474619e-001
 4.5384181e-001
 4.5278603e-001
 4.5159894e-001
 4.5030105e-001
 4.4891265e-001
 4.4745094e-001
 4.4593102e-001
 4.4436780e-001
 4.4277537e-001
 4.4116983e-001
 4.3957183e-001
 4.3800494e-001
 4.3649662e-001
 4.3507603e-001
 4.3377268e-001
 4.3261141e-001
 4.3161044e-001
 4.3077952e-001
 4.3011707e-001
 4.2961079e-001
 4.2923844e-001
 4.2896909e-001
 4.2876571e-001
 4.2858803e-001
 4.2839515e-001
 4.2814854e-001
 4.2781463e-001
 4.2736742e-001
 4.2678949e-001
 4.2607284e-001
 4.2521921e-001
 4.2423755e-001
 4.2314246e-001
 4.2195255e-001
 4.2068654e-001
 4.1936228e-001
 4.1799501e-001
 4.1659766e-001
 4.1517866e-001
 4.1374207e-001
 4.1228822e-001
 4.1081050e-001
 4.0929574e-001
 4.0772501e-001
 4.0607244e-001
 4.0430856e-001
 4.0240511e-001
 4.0033719e-001
 3.9808950e-001
 3.9565936e-001
 3.9306155e-001
 3.9032543e-001
 3.8749462e-001
 3.8462570e-001
 3.8177878e-001
 3.7901384e-001
 3.7638712e-001
 3.7394285e-001
 3.7171292e-001
 3.6971495e-001
 3.6795473e-001
 3.6642572e-001
 3.6511356e-001
 3.6400017e-001
 3.6306518e-001
 3.6228961e-001
 3.6165839e-001
 3.6116073e-001
 3.6079094e-001
 3.6054844e-001
 3.6043552e-001
 3.6045545e-001
 3.6060947e-001
 3.6089310e-001
 3.6129329e-001
 3.6178628e-001
 3.6233601e-001
 3.6289600e-001
 3.6341128e-001
 3.6382204e-001
 3.6406919e-001
 3.6409843e-001
 3.6386466e-001
 3.6333522e-001
 3.6249137e-001
 3.6132818e-001
 3.5985428e-001
 3.5808766e-001
 3.5605255e-001
 3.5377750e-001
 3.5128891e-001
 3.4861061e-001
 3.4576187e-001
 3.4276068e-001
 3.3962154e-001
 3.3635974e-001
 3.3299565e-001
 3.2955125e-001
 3.2605231e-001
 3.2252991e-001
 3.1901401e-001
 3.1553423e-001
 3.1212145e-001
 3.0880210e-001
 3.0560154e-001
 3.0254272e-001
 2.9964927e-001
 2.9694089e-001
 2.9443496e-001
 2.9214695e-001
 2.9008520e-001
 2.8825131e-001
 2.8663978e-001
 2.8523466e-001
 2.8401133e-001
 2.8293687e-001
 2.8197283e-001
 2.8107598e-001
 2.8020176e-001
 2.7930760e-001
 2.7835381e-001
 2.7730650e-001
 2.7614000e-001
 2.7483675e-001
 2.7338836e-001
 2.7179635e-001
 2.7006879e-001
 2.6821926e-001
 2.6626357e-001
 2.6421955e-001
 2.6210347e-001
 2.5993192e-001
 2.5772530e-001
 2.5550696e-001
 2.5330591e-001
 2.5115761e-001
 2.4909778e-001
 2.4716029e-001
 2.4537167e-001
 2.4375014e-001
 2.4230209e-001
 2.4102479e-001
-1.2300000e+034
