s07_ASD Record=15066: Biphenyl SA-B34656 75K       ASDHRa AREF
-1.2300000e+034
 9.0047294e-001
 9.0402508e-001
 9.1527110e-001
 9.2273521e-001
 9.2242116e-001
 9.1996920e-001
 9.2699915e-001
 9.3150353e-001
 9.3688124e-001
 9.4797784e-001
 9.4496626e-001
 9.4371426e-001
 9.4779712e-001
 9.4687754e-001
 9.4624662e-001
 9.4799781e-001
 9.5163935e-001
 9.5288992e-001
 9.5403600e-001
 9.5270729e-001
 9.4934148e-001
 9.5049620e-001
 9.5060772e-001
 9.4829082e-001
 9.4488055e-001
 9.4276440e-001
 9.4427305e-001
 9.4609046e-001
 9.4216746e-001
 9.3876785e-001
 9.3699622e-001
 9.3695182e-001
 9.3740648e-001
 9.3810517e-001
 9.3883389e-001
 9.3906897e-001
 9.3781394e-001
 9.3595010e-001
 9.3590844e-001
 9.3836808e-001
 9.3774563e-001
 9.3584335e-001
 9.3448293e-001
 9.3463719e-001
 9.3501133e-001
 9.3571764e-001
 9.3634808e-001
 9.3593341e-001
 9.3526328e-001
 9.3578976e-001
 9.3721247e-001
 9.3595672e-001
 9.3413043e-001
 9.3277836e-001
 9.3194729e-001
 9.3100542e-001
 9.3195462e-001
 9.3398565e-001
 9.3396276e-001
 9.3336213e-001
 9.3293828e-001
 9.3232310e-001
 9.3036813e-001
 9.3081492e-001
 9.3137354e-001
 9.3027192e-001
 9.3155009e-001
 9.3077403e-001
 9.2948967e-001
 9.3167347e-001
 9.3239695e-001
 9.3115336e-001
 9.2966360e-001
 9.3084639e-001
 9.3091261e-001
 9.3006551e-001
 9.2961967e-001
 9.3047285e-001
 9.3144786e-001
 9.3162209e-001
 9.3094289e-001
 9.3103439e-001
 9.3125260e-001
 9.3156195e-001
 9.3234110e-001
 9.3225199e-001
 9.3208045e-001
 9.3248188e-001
 9.3270433e-001
 9.3245131e-001
 9.3219399e-001
 9.3251622e-001
 9.3270427e-001
 9.3288696e-001
 9.3303758e-001
 9.3313175e-001
 9.3350744e-001
 9.3357438e-001
 9.3321222e-001
 9.3329960e-001
 9.3323344e-001
 9.3314534e-001
 9.3344557e-001
 9.3408239e-001
 9.3448919e-001
 9.3455750e-001
 9.3474525e-001
 9.3506342e-001
 9.3521339e-001
 9.3513089e-001
 9.3523973e-001
 9.3515491e-001
 9.3525136e-001
 9.3579215e-001
 9.3586498e-001
 9.3593925e-001
 9.3626118e-001
 9.3660796e-001
 9.3649304e-001
 9.3653208e-001
 9.3701917e-001
 9.3724054e-001
 9.3749565e-001
 9.3764961e-001
 9.3758047e-001
 9.3764782e-001
 9.3776172e-001
 9.3777674e-001
 9.3763369e-001
 9.3772948e-001
 9.3803865e-001
 9.3840045e-001
 9.3865502e-001
 9.3886977e-001
 9.3921053e-001
 9.3958724e-001
 9.3937492e-001
 9.3939829e-001
 9.3990219e-001
 9.4025677e-001
 9.4036132e-001
 9.4046688e-001
 9.4073850e-001
 9.4083238e-001
 9.4091171e-001
 9.4096631e-001
 9.4099867e-001
 9.4124335e-001
 9.4147420e-001
 9.4162714e-001
 9.4184095e-001
 9.4189686e-001
 9.4217110e-001
 9.4276762e-001
 9.4287556e-001
 9.4277668e-001
 9.4279951e-001
 9.4311732e-001
 9.4319916e-001
 9.4316113e-001
 9.4333833e-001
 9.4402051e-001
 9.4459409e-001
 9.4495279e-001
 9.4528693e-001
 9.4581217e-001
 9.4605428e-001
 9.4608718e-001
 9.4647688e-001
 9.4700789e-001
 9.4713837e-001
 9.4695389e-001
 9.4745690e-001
 9.4746274e-001
 9.4713044e-001
 9.4712985e-001
 9.4726515e-001
 9.4724035e-001
 9.4720781e-001
 9.4762778e-001
 9.4766361e-001
 9.4763947e-001
 9.4787705e-001
 9.4804263e-001
 9.4820815e-001
 9.4825095e-001
 9.4809836e-001
 9.4814318e-001
 9.4823611e-001
 9.4827133e-001
 9.4833851e-001
 9.4850296e-001
 9.4859701e-001
 9.4849479e-001
 9.4846499e-001
 9.4846594e-001
 9.4851160e-001
 9.4862479e-001
 9.4870788e-001
 9.4876957e-001
 9.4884777e-001
 9.4892383e-001
 9.4881898e-001
 9.4879627e-001
 9.4911003e-001
 9.4915831e-001
 9.4908774e-001
 9.4900501e-001
 9.4893306e-001
 9.4896364e-001
 9.4901711e-001
 9.4901294e-001
 9.4900620e-001
 9.4891876e-001
 9.4887048e-001
 9.4903123e-001
 9.4912004e-001
 9.4909012e-001
 9.4902533e-001
 9.4909441e-001
 9.4907069e-001
 9.4901931e-001
 9.4908762e-001
 9.4917929e-001
 9.4913220e-001
 9.4899851e-001
 9.4899565e-001
 9.4887024e-001
 9.4877678e-001
 9.4877708e-001
 9.4866407e-001
 9.4872743e-001
 9.4882810e-001
 9.4874305e-001
 9.4889104e-001
 9.4898981e-001
 9.4869810e-001
 9.4763643e-001
 9.4570088e-001
 9.4409460e-001
 9.4406855e-001
 9.4577384e-001
 9.4776720e-001
 9.4873464e-001
 9.4871426e-001
 9.4866896e-001
 9.4864565e-001
 9.4847840e-001
 9.4810164e-001
 9.4776106e-001
 9.4747847e-001
 9.4715428e-001
 9.4682223e-001
 9.4663036e-001
 9.4658071e-001
 9.4652158e-001
 9.4666892e-001
 9.4711339e-001
 9.4779295e-001
 9.4838560e-001
 9.4885153e-001
 9.4920135e-001
 9.4944084e-001
 9.4946426e-001
 9.4955420e-001
 9.4978654e-001
 9.4983530e-001
 9.4984585e-001
 9.4988865e-001
 9.4998515e-001
 9.5002425e-001
 9.5002902e-001
 9.4995928e-001
 9.4979966e-001
 9.4984275e-001
 9.4994313e-001
 9.4997692e-001
 9.5005453e-001
 9.4997823e-001
 9.4989246e-001
 9.5002693e-001
 9.5008183e-001
 9.5005423e-001
 9.5002681e-001
 9.5010048e-001
 9.5007873e-001
 9.5005667e-001
 9.5011491e-001
 9.5007783e-001
 9.5011210e-001
 9.5014316e-001
 9.4999367e-001
 9.4990820e-001
 9.4984651e-001
 9.4981062e-001
 9.4987911e-001
 9.4995368e-001
 9.4999301e-001
 9.5002019e-001
 9.5010650e-001
 9.5014971e-001
 9.5012873e-001
 9.5011878e-001
 9.5012116e-001
 9.5012581e-001
 9.5014155e-001
 9.5020092e-001
 9.5016879e-001
 9.5011538e-001
 9.5014822e-001
 9.5007789e-001
 9.5002556e-001
 9.5001799e-001
 9.4994164e-001
 9.4986182e-001
 9.4981611e-001
 9.4985986e-001
 9.4998276e-001
 9.4994843e-001
 9.4982684e-001
 9.4986749e-001
 9.4989133e-001
 9.4985574e-001
 9.4979876e-001
 9.4982272e-001
 9.4973868e-001
 9.4964749e-001
 9.4966215e-001
 9.4961762e-001
 9.4962120e-001
 9.4966012e-001
 9.4963056e-001
 9.4957989e-001
 9.4954580e-001
 9.4957238e-001
 9.4962323e-001
 9.4953102e-001
 9.4938642e-001
 9.4935346e-001
 9.4934416e-001
 9.4938672e-001
 9.4937903e-001
 9.4918865e-001
 9.4903898e-001
 9.4876969e-001
 9.4832808e-001
 9.4797242e-001
 9.4758546e-001
 9.4706064e-001
 9.4631898e-001
 9.4542676e-001
 9.4432956e-001
 9.4298762e-001
 9.4139755e-001
 9.3959850e-001
 9.3757999e-001
 9.3542910e-001
 9.3340784e-001
 9.3160701e-001
 9.3015140e-001
 9.2914736e-001
 9.2872500e-001
 9.2920959e-001
 9.3073624e-001
 9.3313122e-001
 9.3605661e-001
 9.3909562e-001
 9.4176865e-001
 9.4373280e-001
 9.4515777e-001
 9.4616818e-001
 9.4688648e-001
 9.4745767e-001
 9.4796079e-001
 9.4838852e-001
 9.4867837e-001
 9.4892675e-001
 9.4912302e-001
 9.4926417e-001
 9.4937700e-001
 9.4940108e-001
 9.4937176e-001
 9.4940555e-001
 9.4957799e-001
 9.4973743e-001
 9.4978815e-001
 9.4975775e-001
 9.4972360e-001
 9.4976133e-001
 9.4986665e-001
 9.4991469e-001
 9.4993752e-001
 9.4994617e-001
 9.4994682e-001
 9.4991815e-001
 9.4982028e-001
 9.4971734e-001
 9.4972718e-001
 9.4972301e-001
 9.4965327e-001
 9.4961149e-001
 9.4978893e-001
 9.4985294e-001
 9.4977188e-001
 9.4967037e-001
 9.4965059e-001
 9.4955224e-001
 9.4942731e-001
 9.4943357e-001
 9.4941020e-001
 9.4935375e-001
 9.4934571e-001
 9.4947177e-001
 9.4943070e-001
 9.4920617e-001
 9.4892800e-001
 9.4877595e-001
 9.4866347e-001
 9.4853067e-001
 9.4838130e-001
 9.4833803e-001
 9.4834191e-001
 9.4833988e-001
 9.4829357e-001
 9.4818771e-001
 9.4810945e-001
 9.4809830e-001
 9.4807726e-001
 9.4805849e-001
 9.4798976e-001
 9.4787139e-001
 9.4783658e-001
 9.4784552e-001
 9.4784772e-001
 9.4783616e-001
 9.4789708e-001
 9.4784182e-001
 9.4766128e-001
 9.4754416e-001
 9.4742972e-001
 9.4737059e-001
 9.4735670e-001
 9.4728279e-001
 9.4716698e-001
 9.4705045e-001
 9.4698030e-001
 9.4694811e-001
 9.4697177e-001
 9.4699901e-001
 9.4699138e-001
 9.4708222e-001
 9.4726247e-001
 9.4741333e-001
 9.4742101e-001
 9.4756877e-001
 9.4778460e-001
 9.4793445e-001
 9.4793731e-001
 9.4790381e-001
 9.4789696e-001
 9.4796211e-001
 9.4808471e-001
 9.4818598e-001
 9.4824052e-001
 9.4827485e-001
 9.4833434e-001
 9.4840211e-001
 9.4845593e-001
 9.4845104e-001
 9.4833893e-001
 9.4824463e-001
 9.4820982e-001
 9.4816554e-001
 9.4819748e-001
 9.4823229e-001
 9.4826835e-001
 9.4839233e-001
 9.4838625e-001
 9.4831133e-001
 9.4830477e-001
 9.4838089e-001
 9.4845980e-001
 9.4840676e-001
 9.4818604e-001
 9.4804478e-001
 9.4790971e-001
 9.4772118e-001
 9.4743848e-001
 9.4707727e-001
 9.4672161e-001
 9.4638777e-001
 9.4599253e-001
 9.4550222e-001
 9.4495559e-001
 9.4440919e-001
 9.4390571e-001
 9.4341594e-001
 9.4275767e-001
 9.4181287e-001
 9.4070041e-001
 9.3942988e-001
 9.3786919e-001
 9.3589526e-001
 9.3354315e-001
 9.3067580e-001
 9.2728490e-001
 9.2335021e-001
 9.1868937e-001
 9.1326892e-001
 9.0705574e-001
 9.0007401e-001
 8.9241982e-001
 8.8411492e-001
 8.7536466e-001
 8.6653668e-001
 8.5799551e-001
 8.5016477e-001
 8.4342051e-001
 8.3811545e-001
 8.3460796e-001
 8.3299607e-001
 8.3347201e-001
 8.3631855e-001
 8.4130496e-001
 8.4821934e-001
 8.5675448e-001
 8.6646736e-001
 8.7652087e-001
 8.8622206e-001
 8.9508808e-001
 9.0294647e-001
 9.0975142e-001
 9.1558957e-001
 9.2062956e-001
 9.2499942e-001
 9.2874092e-001
 9.3197668e-001
 9.3478668e-001
 9.3712872e-001
 9.3911999e-001
 9.4094348e-001
 9.4268197e-001
 9.4413370e-001
 9.4533181e-001
 9.4634455e-001
 9.4732487e-001
 9.4831491e-001
 9.4891834e-001
 9.4943893e-001
 9.5024157e-001
 9.5084697e-001
 9.5132220e-001
 9.5173335e-001
 9.5218790e-001
 9.5270294e-001
 9.5312780e-001
 9.5344508e-001
 9.5371819e-001
 9.5398921e-001
 9.5435035e-001
 9.5467645e-001
 9.5488071e-001
 9.5523864e-001
 9.5558214e-001
 9.5580041e-001
 9.5599425e-001
 9.5647538e-001
 9.5685577e-001
 9.5710373e-001
 9.5740634e-001
 9.5784342e-001
 9.5836008e-001
 9.5858681e-001
 9.5840394e-001
 9.5859265e-001
 9.5905113e-001
 9.5949358e-001
 9.5964181e-001
 9.5968926e-001
 9.5979959e-001
 9.6000147e-001
 9.6019167e-001
 9.6027923e-001
 9.6037233e-001
 9.6055931e-001
 9.6076775e-001
 9.6075022e-001
 9.6074450e-001
 9.6089387e-001
 9.6112502e-001
 9.6115750e-001
 9.6124274e-001
 9.6129471e-001
 9.6135318e-001
 9.6159697e-001
 9.6154398e-001
 9.6137148e-001
 9.6135622e-001
 9.6148378e-001
 9.6134013e-001
 9.6103358e-001
 9.6075708e-001
 9.6056932e-001
 9.6034163e-001
 9.6027482e-001
 9.6031994e-001
 9.6012771e-001
 9.5970613e-001
 9.5940709e-001
 9.5935863e-001
 9.5927924e-001
 9.5887291e-001
 9.5852739e-001
 9.5799983e-001
 9.5730883e-001
 9.5749509e-001
 9.5716888e-001
 9.5630956e-001
 9.5565051e-001
 9.5553881e-001
 9.5531577e-001
 9.5472115e-001
 9.5390737e-001
 9.5334536e-001
 9.5295078e-001
 9.5277572e-001
 9.5263404e-001
 9.5211929e-001
 9.5140028e-001
 9.5110172e-001
 9.5110762e-001
 9.5088750e-001
 9.5099831e-001
 9.5090818e-001
 9.5066690e-001
 9.5061070e-001
 9.5061392e-001
 9.5050859e-001
 9.5076704e-001
 9.5108753e-001
 9.5036638e-001
 9.5064038e-001
 9.5066488e-001
 9.5012379e-001
 9.5045310e-001
 9.5079750e-001
 9.5106876e-001
 9.5131749e-001
 9.5176923e-001
 9.5203465e-001
 9.5161742e-001
 9.5157826e-001
 9.5145100e-001
 9.5123625e-001
 9.5094317e-001
 9.5058763e-001
 9.5018995e-001
 9.4977206e-001
 9.4935602e-001
 9.4896185e-001
 9.4860786e-001
 9.4830990e-001
 9.4808185e-001
 9.4793552e-001
 9.4787997e-001
 9.4792020e-001
 9.4805646e-001
 9.4828355e-001
 9.4859278e-001
 9.4897383e-001
 9.4941813e-001
 9.4991952e-001
 9.5047379e-001
 9.5107555e-001
 9.5171499e-001
 9.5237643e-001
 9.5303959e-001
 9.5368415e-001
 9.5429474e-001
 9.5486498e-001
 9.5539808e-001
 9.5590299e-001
 9.5638913e-001
 9.5686036e-001
 9.5731205e-001
 9.5773220e-001
 9.5810461e-001
 9.5841461e-001
 9.5865285e-001
 9.5881689e-001
 9.5891076e-001
 9.5894217e-001
 9.5891970e-001
 9.5885128e-001
 9.5874441e-001
 9.5860708e-001
 9.5844936e-001
 9.5828462e-001
 9.5812917e-001
 9.5800132e-001
 9.5791972e-001
 9.5790166e-001
 9.5796156e-001
 9.5811009e-001
 9.5835286e-001
 9.5868945e-001
 9.5911241e-001
 9.5960718e-001
 9.6015346e-001
 9.6072716e-001
 9.6130401e-001
 9.6186191e-001
 9.6238232e-001
 9.6285009e-001
 9.6325219e-001
 9.6357656e-001
 9.6381277e-001
 9.6395326e-001
 9.6399552e-001
 9.6394271e-001
 9.6380305e-001
 9.6358693e-001
 9.6330333e-001
 9.6295679e-001
 9.6254611e-001
 9.6206474e-001
 9.6150172e-001
 9.6084410e-001
 9.6007854e-001
 9.5919311e-001
 9.5817924e-001
 9.5703298e-001
 9.5575714e-001
 9.5436025e-001
 9.5285666e-001
 9.5126367e-001
 9.4959849e-001
 9.4787699e-001
 9.4611228e-001
 9.4431335e-001
 9.4248706e-001
 9.4063598e-001
 9.3875968e-001
 9.3685329e-001
 9.3490601e-001
 9.3290222e-001
 9.3081963e-001
 9.2863071e-001
 9.2630255e-001
 9.2379653e-001
 9.2107213e-001
 9.1808671e-001
 9.1480142e-001
 9.1118312e-001
 9.0720552e-001
 9.0285271e-001
 8.9811361e-001
 8.9298201e-001
 8.8745093e-001
 8.8150620e-001
 8.7512869e-001
 8.6828756e-001
 8.6094636e-001
 8.5306227e-001
 8.4458423e-001
 8.3545941e-001
 8.2563215e-001
 8.1504273e-001
 8.0364048e-001
 7.9138088e-001
 7.7824241e-001
 7.6422995e-001
 7.4937469e-001
 7.3374861e-001
 7.1745068e-001
 7.0061892e-001
 6.8342340e-001
 6.6605812e-001
 6.4875335e-001
 6.3175702e-001
 6.1534590e-001
 5.9981519e-001
 5.8546740e-001
 5.7261747e-001
 5.6156892e-001
 5.5261105e-001
 5.4599738e-001
 5.4192632e-001
 5.4052913e-001
 5.4185247e-001
 5.4585207e-001
 5.5238980e-001
 5.6124431e-001
 5.7211930e-001
 5.8466452e-001
 5.9850335e-001
 6.1324579e-001
 6.2852311e-001
 6.4399385e-001
 6.5936190e-001
 6.7438895e-001
 6.8888432e-001
 7.0271635e-001
 7.1579534e-001
 7.2807151e-001
 7.3953104e-001
 7.5017762e-001
 7.6003653e-001
 7.6913989e-001
 7.7752674e-001
 7.8524381e-001
 7.9233712e-001
 7.9885864e-001
 8.0485964e-001
 8.1039274e-001
 8.1551230e-001
 8.2027000e-001
 8.2471550e-001
 8.2889694e-001
 8.3285642e-001
 8.3663285e-001
 8.4025806e-001
 8.4375727e-001
 8.4715009e-001
 8.5044730e-001
 8.5365456e-001
 8.5677087e-001
 8.5979068e-001
 8.6270720e-001
 8.6551136e-001
 8.6819661e-001
 8.7075830e-001
 8.7319577e-001
 8.7551385e-001
 8.7772065e-001
 8.7982845e-001
 8.8185024e-001
 8.8379848e-001
 8.8568366e-001
 8.8751203e-001
 8.8928545e-001
 8.9100218e-001
 8.9265627e-001
 8.9424020e-001
 8.9574486e-001
 8.9716095e-001
 8.9848083e-001
 8.9969784e-001
 9.0080863e-001
 9.0181273e-001
 9.0271354e-001
 9.0351856e-001
 9.0423828e-001
 9.0488577e-001
 9.0547496e-001
 9.0601951e-001
 9.0653253e-001
 9.0702605e-001
 9.0751123e-001
 9.0799868e-001
 9.0849745e-001
 9.0901482e-001
 9.0955448e-001
 9.1011649e-001
 9.1069758e-001
 9.1129255e-001
 9.1189629e-001
 9.1250557e-001
 9.1311967e-001
 9.1374093e-001
 9.1437316e-001
 9.1502130e-001
 9.1568983e-001
 9.1638219e-001
 9.1710114e-001
 9.1784817e-001
 9.1862482e-001
 9.1943192e-001
 9.2026991e-001
 9.2113853e-001
 9.2203522e-001
 9.2295605e-001
 9.2389446e-001
 9.2484182e-001
 9.2578804e-001
 9.2672122e-001
 9.2762911e-001
 9.2849970e-001
 9.2932338e-001
 9.3009460e-001
 9.3081266e-001
 9.3148178e-001
 9.3211019e-001
 9.3270719e-001
 9.3328178e-001
 9.3384039e-001
 9.3438613e-001
 9.3491966e-001
 9.3543905e-001
 9.3594187e-001
 9.3642491e-001
 9.3688512e-001
 9.3731928e-001
 9.3772376e-001
 9.3809408e-001
 9.3842494e-001
 9.3871003e-001
 9.3894237e-001
 9.3911469e-001
 9.3922001e-001
 9.3925285e-001
 9.3921012e-001
 9.3909210e-001
 9.3890321e-001
 9.3865186e-001
 9.3834990e-001
 9.3801111e-001
 9.3764901e-001
 9.3727469e-001
 9.3689460e-001
 9.3650877e-001
 9.3611068e-001
 9.3568701e-001
 9.3521923e-001
 9.3468469e-001
 9.3405771e-001
 9.3331152e-001
 9.3241876e-001
 9.3135381e-001
 9.3009436e-001
 9.2862231e-001
 9.2692655e-001
 9.2500126e-001
 9.2284757e-001
 9.2047209e-001
 9.1788548e-001
 9.1510510e-001
 9.1215336e-001
 9.0906173e-001
 9.0587163e-001
 9.0263426e-001
 8.9941287e-001
 8.9627928e-001
 8.9330798e-001
 8.9057219e-001
 8.8813257e-001
 8.8603163e-001
 8.8428640e-001
 8.8288516e-001
 8.8178992e-001
 8.8093996e-001
 8.8025999e-001
 8.7966871e-001
 8.7908703e-001
 8.7844521e-001
 8.7768692e-001
 8.7677145e-001
 8.7567270e-001
 8.7437683e-001
 8.7288088e-001
 8.7118959e-001
 8.6931670e-001
 8.6728460e-001
 8.6512470e-001
 8.6287814e-001
 8.6059362e-001
 8.5832328e-001
 8.5611981e-001
 8.5402930e-001
 8.5208845e-001
 8.5031945e-001
 8.4872639e-001
 8.4729570e-001
 8.4599489e-001
 8.4477645e-001
 8.4358156e-001
 8.4234637e-001
 8.4100980e-001
 8.3952057e-001
 8.3784467e-001
 8.3597022e-001
 8.3390862e-001
 8.3169544e-001
 8.2938457e-001
 8.2704407e-001
 8.2474834e-001
 8.2256937e-001
 8.2057101e-001
 8.1880194e-001
 8.1728989e-001
 8.1604087e-001
 8.1503755e-001
 8.1424308e-001
 8.1360590e-001
 8.1306720e-001
 8.1256884e-001
 8.1206048e-001
 8.1150556e-001
 8.1088412e-001
 8.1019354e-001
 8.0944711e-001
 8.0867046e-001
 8.0789733e-001
 8.0716306e-001
 8.0649853e-001
 8.0592394e-001
 8.0544412e-001
 8.0504560e-001
 8.0469728e-001
 8.0435264e-001
 8.0395621e-001
 8.0345035e-001
 8.0278373e-001
 8.0191940e-001
 8.0084008e-001
 7.9955286e-001
 7.9808897e-001
 7.9650021e-001
 7.9485375e-001
 7.9322213e-001
 7.9167575e-001
 7.9027319e-001
 7.8905457e-001
 7.8803867e-001
 7.8722161e-001
 7.8658032e-001
 7.8607696e-001
 7.8566545e-001
 7.8529817e-001
 7.8493214e-001
 7.8453392e-001
 7.8408289e-001
 7.8357196e-001
 7.8300685e-001
 7.8240228e-001
 7.8177798e-001
 7.8115344e-001
 7.8054249e-001
 7.7995080e-001
 7.7937412e-001
 7.7879965e-001
 7.7820921e-001
 7.7758378e-001
 7.7690798e-001
 7.7617413e-001
 7.7538341e-001
 7.7454698e-001
 7.7368385e-001
 7.7281922e-001
 7.7198225e-001
 7.7120346e-001
 7.7051443e-001
 7.6994634e-001
 7.6952946e-001
 7.6929140e-001
 7.6925546e-001
 7.6943749e-001
 7.6984322e-001
 7.7046502e-001
 7.7128023e-001
 7.7225077e-001
 7.7332425e-001
 7.7443820e-001
 7.7552521e-001
 7.7651978e-001
 7.7736592e-001
 7.7802229e-001
 7.7846587e-001
 7.7869284e-001
 7.7871585e-001
 7.7856046e-001
 7.7825987e-001
 7.7785087e-001
 7.7737039e-001
 7.7685446e-001
 7.7633786e-001
 7.7585548e-001
 7.7544391e-001
 7.7514225e-001
 7.7499253e-001
 7.7503741e-001
 7.7531689e-001
 7.7586341e-001
 7.7669692e-001
 7.7782071e-001
 7.7921963e-001
 7.8086060e-001
 7.8269583e-001
 7.8466946e-001
 7.8672343e-001
 7.8880525e-001
 7.9087448e-001
 7.9290491e-001
 7.9488647e-001
 7.9682124e-001
 7.9871917e-001
 8.0059278e-001
 8.0245024e-001
 8.0429292e-001
 8.0611295e-001
 8.0789435e-001
 8.0961734e-001
 8.1126082e-001
 8.1280881e-001
 8.1425196e-001
 8.1558919e-001
 8.1682718e-001
 8.1797594e-001
 8.1904650e-001
 8.2004684e-001
 8.2098097e-001
 8.2184935e-001
 8.2265061e-001
 8.2338440e-001
 8.2405430e-001
 8.2466817e-001
 8.2523805e-001
 8.2577705e-001
 8.2629657e-001
 8.2680225e-001
 8.2729107e-001
 8.2774997e-001
 8.2815611e-001
 8.2847911e-001
 8.2868487e-001
 8.2873976e-001
 8.2861573e-001
 8.2829386e-001
 8.2776815e-001
 8.2704681e-001
 8.2615280e-001
 8.2512218e-001
 8.2400209e-001
 8.2284671e-001
 8.2171243e-001
 8.2065457e-001
 8.1972265e-001
 8.1895864e-001
 8.1839532e-001
 8.1805611e-001
 8.1795669e-001
 8.1810611e-001
 8.1850845e-001
 8.1916338e-001
 8.2006657e-001
 8.2120806e-001
 8.2257164e-001
 8.2413423e-001
 8.2586515e-001
 8.2772869e-001
 8.2968450e-001
 8.3169085e-001
 8.3370793e-001
 8.3569783e-001
 8.3762789e-001
 8.3946931e-001
 8.4119803e-001
 8.4279454e-001
 8.4424257e-001
 8.4553099e-001
 8.4665334e-001
 8.4761029e-001
 8.4841126e-001
 8.4907520e-001
 8.4963089e-001
 8.5011530e-001
 8.5056984e-001
 8.5103601e-001
 8.5154998e-001
 8.5213870e-001
 8.5281718e-001
 8.5358828e-001
 8.5444456e-001
 8.5537130e-001
 8.5634995e-001
 8.5736191e-001
 8.5839033e-001
 8.5942245e-001
 8.6044979e-001
 8.6146843e-001
 8.6247897e-001
 8.6348468e-001
 8.6449093e-001
 8.6550260e-001
 8.6652303e-001
 8.6755276e-001
 8.6858815e-001
 8.6962205e-001
 8.7064344e-001
 8.7163860e-001
 8.7259197e-001
 8.7348652e-001
 8.7430477e-001
 8.7503004e-001
 8.7564689e-001
 8.7614262e-001
 8.7650824e-001
 8.7673908e-001
 8.7683475e-001
 8.7679863e-001
 8.7663692e-001
 8.7635821e-001
 8.7597305e-001
 8.7549371e-001
 8.7493461e-001
 8.7431103e-001
 8.7363845e-001
 8.7293071e-001
 8.7219846e-001
 8.7144881e-001
 8.7068486e-001
 8.6990678e-001
 8.6911255e-001
 8.6829889e-001
 8.6746258e-001
 8.6660099e-001
 8.6571258e-001
 8.6479795e-001
 8.6385870e-001
 8.6289704e-001
 8.6191362e-001
 8.6090428e-001
 8.5985899e-001
 8.5875905e-001
 8.5757852e-001
 8.5628581e-001
 8.5484791e-001
 8.5323668e-001
 8.5143292e-001
 8.4943110e-001
 8.4724039e-001
 8.4488171e-001
 8.4238541e-001
 8.3978260e-001
 8.3710021e-001
 8.3435398e-001
 8.3154309e-001
 8.2865143e-001
 8.2564920e-001
 8.2249820e-001
 8.1916332e-001
 8.1561840e-001
 8.1185639e-001
 8.0789250e-001
 8.0376148e-001
 7.9951602e-001
 7.9521424e-001
 7.9091251e-001
 7.8665382e-001
 7.8245741e-001
 7.7831721e-001
 7.7419585e-001
 7.7003032e-001
 7.6573497e-001
 7.6120633e-001
 7.5633365e-001
 7.5100118e-001
 7.4509841e-001
 7.3852551e-001
 7.3119730e-001
 7.2305697e-001
 7.1407640e-001
 7.0426911e-001
 6.9369030e-001
 6.8243068e-001
 6.7061591e-001
 6.5838999e-001
 6.4589441e-001
 6.3326162e-001
 6.2058926e-001
 6.0794199e-001
 5.9534717e-001
 5.8279783e-001
 5.7027960e-001
 5.5777836e-001
 5.4531175e-001
 5.3294146e-001
 5.2077806e-001
 5.0899124e-001
 4.9778897e-001
 4.8741019e-001
 4.7809723e-001
 4.7006762e-001
 4.6349633e-001
 4.5848674e-001
 4.5506114e-001
 4.5315111e-001
 4.5260140e-001
 4.5318499e-001
 4.5462340e-001
 4.5661247e-001
 4.5884418e-001
 4.6102476e-001
 4.6287969e-001
 4.6415243e-001
 4.6459639e-001
 4.6396607e-001
 4.6201533e-001
 4.5850614e-001
 4.5322898e-001
 4.4602853e-001
 4.3683863e-001
 4.2570019e-001
 4.1278031e-001
 3.9836568e-001
 3.8283464e-001
 3.6663431e-001
 3.5022220e-001
 3.3403569e-001
 3.1844831e-001
 3.0373842e-001
 2.9009122e-001
 2.7758858e-001
 2.6623723e-001
 2.5598738e-001
 2.4675618e-001
 2.3845926e-001
 2.3102431e-001
 2.2439918e-001
 2.1856087e-001
 2.1350701e-001
 2.0925619e-001
 2.0584023e-001
 2.0329897e-001
 2.0167902e-001
 2.0102744e-001
 2.0138820e-001
 2.0279433e-001
 2.0526142e-001
 2.0877905e-001
 2.1330872e-001
 2.1878114e-001
 2.2510165e-001
 2.3216183e-001
 2.3984481e-001
 2.4804181e-001
 2.5665259e-001
 2.6559007e-001
 2.7478105e-001
 2.8415486e-001
 2.9364097e-001
 3.0316970e-001
 3.1266555e-001
 3.2206246e-001
 3.3130515e-001
 3.4036317e-001
 3.4924284e-001
 3.5798317e-001
 3.6666170e-001
 3.7537748e-001
 3.8423914e-001
 3.9335006e-001
 4.0278319e-001
 4.1257474e-001
 4.2270681e-001
 4.3310705e-001
 4.4365531e-001
 4.5418355e-001
 4.6449834e-001
 4.7438741e-001
 4.8364019e-001
 4.9206734e-001
 4.9950898e-001
 5.0585121e-001
 5.1103652e-001
 5.1506329e-001
 5.1799005e-001
 5.1992530e-001
 5.2101964e-001
 5.2145225e-001
 5.2141643e-001
 5.2110660e-001
 5.2070719e-001
 5.2038318e-001
 5.2027243e-001
 5.2047944e-001
 5.2106988e-001
 5.2206624e-001
 5.2344620e-001
 5.2514511e-001
 5.2706164e-001
 5.2907073e-001
 5.3103685e-001
 5.3283137e-001
 5.3434807e-001
 5.3551275e-001
 5.3628975e-001
 5.3667974e-001
 5.3671378e-001
 5.3644335e-001
 5.3593034e-001
 5.3523898e-001
 5.3443003e-001
 5.3355932e-001
 5.3267640e-001
 5.3182507e-001
 5.3104192e-001
 5.3035349e-001
 5.2977353e-001
 5.2929962e-001
 5.2891326e-001
 5.2858156e-001
 5.2826273e-001
 5.2791458e-001
 5.2750242e-001
 5.2700758e-001
 5.2643251e-001
 5.2580160e-001
 5.2515846e-001
 5.2455884e-001
 5.2406144e-001
 5.2371877e-001
 5.2356905e-001
 5.2363265e-001
 5.2391207e-001
 5.2439690e-001
 5.2507091e-001
 5.2592093e-001
 5.2694362e-001
 5.2814913e-001
 5.2956009e-001
 5.3120500e-001
 5.3310889e-001
 5.3528064e-001
 5.3770214e-001
 5.4032230e-001
 5.4305351e-001
 5.4577935e-001
 5.4836452e-001
 5.5067128e-001
 5.5257791e-001
 5.5399179e-001
 5.5486238e-001
 5.5518454e-001
 5.5499822e-001
 5.5438173e-001
 5.5344194e-001
 5.5230218e-001
 5.5109185e-001
 5.4993600e-001
 5.4894698e-001
 5.4821950e-001
 5.4782492e-001
 5.4780823e-001
 5.4818535e-001
 5.4894310e-001
 5.5004144e-001
 5.5141896e-001
 5.5300349e-001
 5.5472153e-001
 5.5650085e-001
 5.5834383e-001
 5.6015885e-001
 5.6196445e-001
 5.6380564e-001
 5.6574291e-001
 5.6783468e-001
 5.7012171e-001
 5.7261586e-001
 5.7529151e-001
 5.7808954e-001
 5.8092290e-001
 5.8369118e-001
 5.8629632e-001
 5.8865488e-001
 5.9070933e-001
 5.9243399e-001
 5.9383410e-001
 5.9494340e-001
 5.9581661e-001
 5.9652257e-001
 5.9713668e-001
 5.9773165e-001
 5.9837097e-001
 5.9910196e-001
 5.9995240e-001
 6.0092962e-001
 6.0201991e-001
 6.0319126e-001
 6.0439509e-001
 6.0557270e-001
 6.0666513e-001
 6.0762262e-001
 6.0841376e-001
 6.0902685e-001
 6.0946655e-001
 6.0974514e-001
 6.0987246e-001
 6.0984862e-001
 6.0966247e-001
 6.0929644e-001
 6.0873634e-001
 6.0798132e-001
 6.0705012e-001
 6.0598004e-001
 6.0482186e-001
 6.0363191e-001
 6.0246634e-001
 6.0137773e-001
 6.0041237e-001
 5.9960949e-001
 5.9899777e-001
 5.9859306e-001
 5.9839660e-001
 5.9839517e-001
 5.9856361e-001
 5.9886932e-001
 5.9927702e-001
 5.9975475e-001
 6.0027850e-001
 6.0083377e-001
 6.0141551e-001
 6.0202426e-001
 6.0266238e-001
 6.0333139e-001
 6.0403073e-001
 6.0475850e-001
 6.0551399e-001
 6.0629749e-001
 6.0711139e-001
 6.0795814e-001
 6.0883921e-001
 6.0975522e-001
 6.1070675e-001
 6.1169773e-001
 6.1273736e-001
 6.1384082e-001
 6.1502773e-001
 6.1631578e-001
 6.1771435e-001
 6.1921602e-001
 6.2079132e-001
 6.2238765e-001
 6.2393272e-001
 6.2534529e-001
 6.2654716e-001
 6.2747669e-001
 6.2809974e-001
 6.2841439e-001
 6.2845236e-001
 6.2827456e-001
 6.2796277e-001
 6.2760764e-001
 6.2729573e-001
 6.2709647e-001
 6.2705225e-001
 6.2717295e-001
 6.2743485e-001
 6.2778419e-001
 6.2814379e-001
 6.2842286e-001
 6.2852949e-001
 6.2838477e-001
 6.2793589e-001
 6.2716508e-001
 6.2609166e-001
 6.2476724e-001
 6.2326527e-001
 6.2167203e-001
 6.2007946e-001
 6.1858106e-001
 6.1727130e-001
 6.1624080e-001
 6.1557138e-001
 6.1532676e-001
 6.1554474e-001
 6.1623186e-001
 6.1736250e-001
 6.1888283e-001
 6.2071723e-001
 6.2277949e-001
 6.2498194e-001
 6.2724501e-001
 6.2950391e-001
 6.3170731e-001
 6.3381767e-001
 6.3580674e-001
 6.3765538e-001
 6.3935435e-001
 6.4090437e-001
 6.4231759e-001
 6.4361364e-001
 6.4481586e-001
 6.4594585e-001
 6.4701766e-001
 6.4803731e-001
 6.4900434e-001
 6.4991808e-001
 6.5078479e-001
 6.5162128e-001
 6.5245438e-001
 6.5331608e-001
 6.5423560e-001
 6.5523303e-001
 6.5631455e-001
 6.5747046e-001
 6.5867656e-001
 6.5989584e-001
 6.6108525e-001
 6.6220212e-001
 6.6321224e-001
 6.6409534e-001
 6.6484571e-001
 6.6547006e-001
 6.6598207e-001
 6.6639769e-001
 6.6673112e-001
 6.6699183e-001
 6.6718382e-001
 6.6730481e-001
 6.6734743e-001
 6.6730189e-001
 6.6716057e-001
 6.6692251e-001
 6.6659641e-001
 6.6620106e-001
 6.6576159e-001
 6.6530424e-001
 6.6485006e-001
 6.6441089e-001
 6.6398901e-001
 6.6357887e-001
 6.6317278e-001
 6.6276610e-001
 6.6236252e-001
 6.6197699e-001
 6.6163504e-001
 6.6136873e-001
 6.6120923e-001
 6.6117680e-001
 6.6127181e-001
 6.6146845e-001
 6.6171473e-001
 6.6193795e-001
 6.6205448e-001
 6.6198009e-001
 6.6163909e-001
 6.6097170e-001
 6.5994096e-001
 6.5853816e-001
 6.5678841e-001
 6.5475017e-001
 6.5250862e-001
 6.5016502e-001
 6.4782089e-001
 6.4556777e-001
 6.4347893e-001
 6.4160514e-001
 6.3997567e-001
 6.3859594e-001
 6.3744903e-001
 6.3649565e-001
 6.3567990e-001
 6.3493556e-001
 6.3419741e-001
 6.3341111e-001
 6.3253921e-001
 6.3156265e-001
 6.3047683e-001
 6.2928510e-001
 6.2799031e-001
 6.2659115e-001
 6.2508357e-001
 6.2346381e-001
 6.2173754e-001
 6.1993015e-001
 6.1809111e-001
 6.1629832e-001
 6.1465323e-001
 6.1327195e-001
 6.1226726e-001
 6.1173302e-001
 6.1173040e-001
 6.1227900e-001
 6.1335796e-001
 6.1490983e-001
 6.1685097e-001
 6.1907941e-001
 6.2147975e-001
 6.2393242e-001
 6.2631732e-001
 6.2852049e-001
 6.3043839e-001
 6.3198620e-001
 6.3309985e-001
 6.3373828e-001
 6.3388640e-001
 6.3355392e-001
 6.3277477e-001
 6.3160288e-001
 6.3010710e-001
 6.2836498e-001
 6.2645835e-001
 6.2446600e-001
 6.2246054e-001
 6.2050641e-001
 6.1865354e-001
 6.1693639e-001
 6.1537194e-001
 6.1395538e-001
 6.1265951e-001
 6.1143553e-001
 6.1021388e-001
 6.0891199e-001
 6.0744417e-001
 6.0573751e-001
 6.0374475e-001
 6.0145742e-001
 5.9891534e-001
 5.9620208e-001
 5.9343719e-001
 5.9076095e-001
 5.8830965e-001
 5.8619672e-001
 5.8449459e-001
 5.8322585e-001
 5.8235878e-001
 5.8181578e-001
 5.8148694e-001
 5.8124775e-001
 5.8097857e-001
 5.8058155e-001
 5.7999253e-001
 5.7918739e-001
 5.7818067e-001
 5.7701844e-001
 5.7576215e-001
 5.7447213e-001
 5.7319158e-001
 5.7193327e-001
 5.7067639e-001
 5.6937224e-001
 5.6795251e-001
 5.6634235e-001
 5.6447142e-001
 5.6227815e-001
 5.5971408e-001
 5.5674529e-001
 5.5335826e-001
 5.4955852e-001
 5.4537469e-001
 5.4086155e-001
 5.3609061e-001
 5.3114814e-001
 5.2613240e-001
 5.2114075e-001
 5.1626748e-001
 5.1159513e-001
 5.0719261e-001
 5.0310308e-001
 4.9934426e-001
 4.9591082e-001
 4.9277216e-001
 4.8988110e-001
 4.8718217e-001
 4.8461318e-001
 4.8211026e-001
 4.7960967e-001
 4.7704086e-001
 4.7432363e-001
 4.7136146e-001
 4.6804118e-001
 4.6423021e-001
 4.5978475e-001
 4.5456472e-001
 4.4844118e-001
 4.4131199e-001
 4.3311894e-001
 4.2384437e-001
 4.1351935e-001
 4.0221503e-001
 3.9004293e-001
 3.7712368e-001
 3.6357760e-001
 3.4952024e-001
 3.3503366e-001
 3.2017323e-001
 3.0498436e-001
 2.8949323e-001
 2.7373463e-001
 2.5778365e-001
 2.4175249e-001
 2.2581910e-001
 2.1022303e-001
 1.9527018e-001
 1.8128620e-001
 1.6859387e-001
 1.5748149e-001
 1.4814821e-001
 1.4069054e-001
 1.3509911e-001
 1.3126074e-001
 1.2899336e-001
 1.2807775e-001
 1.2828885e-001
 1.2941614e-001
 1.3127580e-001
 1.3370985e-001
 1.3658442e-001
 1.3978176e-001
 1.4318928e-001
 1.4669585e-001
 1.5018266e-001
 1.5351681e-001
 1.5655798e-001
 1.5916429e-001
 1.6121070e-001
 1.6261020e-001
 1.6334087e-001
 1.6346233e-001
 1.6312338e-001
 1.6255362e-001
 1.6203874e-001
 1.6188453e-001
 1.6237389e-001
 1.6372810e-001
 1.6607833e-001
 1.6944823e-001
 1.7375691e-001
 1.7882898e-001
 1.8440816e-001
 1.9018798e-001
 1.9583522e-001
 2.0101561e-001
 2.0543355e-001
 2.0885961e-001
 2.1115921e-001
 2.1232240e-001
 2.1247306e-001
 2.1186407e-001
 2.1084937e-001
 2.0983373e-001
 2.0921136e-001
 2.0930530e-001
 2.1031871e-001
 2.1231118e-001
 2.1519779e-001
 2.1877842e-001
 2.2278154e-001
 2.2691998e-001
 2.3093821e-001
 2.3465557e-001
 2.3797873e-001
 2.4089278e-001
 2.4344209e-001
 2.4569508e-001
 2.4771304e-001
 2.4953453e-001
 2.5117132e-001
 2.5262424e-001
 2.5390801e-001
 2.5508103e-001
 2.5626180e-001
 2.5762832e-001
 2.5940016e-001
 2.6180393e-001
 2.6503128e-001
 2.6920667e-001
 2.7436060e-001
 2.8041148e-001
 2.8717163e-001
 2.9435280e-001
 3.0159110e-001
 3.0847436e-001
 3.1459805e-001
 3.1961226e-001
 3.2327223e-001
 3.2549089e-001
 3.2636189e-001
 3.2616347e-001
 3.2533422e-001
 3.2441962e-001
 3.2399997e-001
 3.2460985e-001
 3.2666126e-001
 3.3038798e-001
 3.3581185e-001
 3.4275097e-001
 3.5085133e-001
 3.5963336e-001
 3.6856714e-001
 3.7712809e-001
 3.8484186e-001
 3.9133355e-001
 3.9634052e-001
 3.9972121e-001
 4.0144509e-001
 4.0158042e-001
 4.0026748e-001
 3.9769772e-001
 3.9409104e-001
 3.8967893e-001
 3.8469532e-001
 3.7935895e-001
 3.7386662e-001
 3.6838114e-001
 3.6302781e-001
 3.5788211e-001
 3.5297507e-001
 3.4830430e-001
 3.4383965e-001
 3.3954102e-001
 3.3537292e-001
 3.3130592e-001
 3.2732388e-001
 3.2342923e-001
 3.1964105e-001
 3.1600398e-001
 3.1259200e-001
 3.0951333e-001
 3.0689991e-001
 3.0489397e-001
 3.0362275e-001
 3.0316341e-001
 3.0351546e-001
 3.0458060e-001
 3.0616173e-001
 3.0798182e-001
 3.0972144e-001
 3.1106606e-001
 3.1175953e-001
 3.1164500e-001
 3.1069207e-001
 3.0900037e-001
 3.0677885e-001
 3.0430639e-001
 3.0187282e-001
 2.9972103e-001
 2.9799786e-001
 2.9672155e-001
 2.9578245e-001
 2.9496950e-001
 2.9402044e-001
 2.9267967e-001
 2.9075366e-001
 2.8815174e-001
 2.8489956e-001
 2.8113043e-001
 2.7705830e-001
 2.7292755e-001
 2.6896837e-001
 2.6535302e-001
 2.6217189e-001
 2.5941941e-001
 2.5700578e-001
 2.5478148e-001
 2.5256598e-001
 2.5018582e-001
 2.4751304e-001
 2.4449393e-001
 2.4117288e-001
 2.3770291e-001
 2.3433036e-001
 2.3136993e-001
 2.2916164e-001
 2.2802456e-001
 2.2820722e-001
 2.2985426e-001
 2.3298380e-001
 2.3748916e-001
 2.4315716e-001
 2.4969433e-001
 2.5677335e-001
 2.6406464e-001
 2.7126807e-001
 2.7812415e-001
 2.8443095e-001
 2.9003641e-001
 2.9482865e-001
 2.9873919e-001
 3.0173779e-001
 3.0383629e-001
 3.0509949e-001
 3.0564305e-001
 3.0562374e-001
 3.0521619e-001
 3.0458105e-001
 3.0383530e-001
 3.0303574e-001
 3.0217913e-001
 3.0122221e-001
 3.0011269e-001
 2.9881939e-001
 2.9735449e-001
 2.9578015e-001
 2.9419318e-001
 2.9269880e-001
 2.9137668e-001
 2.9025435e-001
 2.8929240e-001
 2.8839144e-001
 2.8741655e-001
 2.8622991e-001
 2.8472710e-001
 2.8286737e-001
 2.8068870e-001
 2.7831170e-001
 2.7592736e-001
 2.7377489e-001
 2.7210402e-001
 2.7113664e-001
 2.7102679e-001
 2.7182701e-001
 2.7347365e-001
 2.7578902e-001
 2.7850831e-001
 2.8131670e-001
 2.8388837e-001
 2.8592655e-001
 2.8718647e-001
 2.8749222e-001
 2.8674600e-001
 2.8493416e-001
 2.8212655e-001
 2.7847344e-001
 2.7418718e-001
 2.6952156e-001
 2.6474932e-001
 2.6012897e-001
 2.5588679e-001
 2.5219840e-001
 2.4918310e-001
 2.4689741e-001
 2.4534439e-001
 2.4448499e-001
 2.4424800e-001
 2.4454096e-001
 2.4525338e-001
 2.4625805e-001
 2.4741259e-001
 2.4856515e-001
 2.4956946e-001
 2.5030127e-001
 2.5067574e-001
 2.5065768e-001
 2.5026336e-001
 2.4955106e-001
 2.4860749e-001
 2.4753170e-001
 2.4642432e-001
 2.4538152e-001
 2.4448781e-001
 2.4380961e-001
 2.4338552e-001
 2.4321969e-001
 2.4328160e-001
 2.4351723e-001
 2.4386579e-001
 2.4427749e-001
 2.4472457e-001
 2.4520318e-001
 2.4572903e-001
 2.4632803e-001
 2.4702607e-001
 2.4784164e-001
 2.4877983e-001
 2.4983074e-001
 2.5096864e-001
 2.5215390e-001
 2.5333172e-001
 2.5443137e-001
 2.5537252e-001
 2.5607571e-001
 2.5647783e-001
 2.5654736e-001
 2.5628942e-001
 2.5574058e-001
 2.5495622e-001
 2.5399363e-001
 2.5289759e-001
 2.5168905e-001
 2.5035253e-001
 2.4882692e-001
 2.4699993e-001
 2.4470699e-001
 2.4174511e-001
 2.3790291e-001
 2.3299322e-001
 2.2689398e-001
 2.1957576e-001
 2.1112508e-001
 2.0173405e-001
 1.9169116e-001
 1.8136491e-001
 1.7115712e-001
 1.6147244e-001
 1.5268494e-001
 1.4508478e-001
 1.3885358e-001
 1.3403806e-001
 1.3054873e-001
 1.2816942e-001
 1.2659985e-001
 1.2550679e-001
 1.2457213e-001
 1.2352869e-001
 1.2217250e-001
 1.2035455e-001
 1.1796977e-001
 1.1495184e-001
 1.1128436e-001
 1.0701010e-001
 1.0223924e-001
 9.7144149e-002
 9.1927096e-002
 8.6791061e-002
 8.1915781e-002
 7.7436410e-002
 7.3449679e-002
 7.0029318e-002
 6.7234837e-002
 6.5123245e-002
 6.3745968e-002
 6.3142583e-002
 6.3332662e-002
 6.4316392e-002
 6.6074744e-002
 6.8570293e-002
 7.1741790e-002
 7.5493783e-002
 7.9698719e-002
 8.4200874e-002
 8.8833779e-002
 9.3436010e-002
 9.7878739e-002
 1.0208090e-001
 1.0601930e-001
 1.0973576e-001
 1.1331733e-001
 1.1686072e-001
 1.2043935e-001
 1.2407620e-001
 1.2774378e-001
 1.3139755e-001
 1.3500941e-001
 1.3859287e-001
 1.4219722e-001
 1.4588948e-001
 1.4972532e-001
 1.5373278e-001
 1.5791917e-001
 1.6227306e-001
 1.6675371e-001
 1.7127831e-001
 1.7570652e-001
 1.7986020e-001
 1.8356663e-001
 1.8671381e-001
 1.8926930e-001
-1.2300000e+034
