s07_ASD Record=16241: 5-Phenyl-1H-Tetrz 347744 85K ASDHRa AREF
-1.2300000e+034
 7.7330655e-001
 6.7977494e-001
 7.0829719e-001
 7.9495662e-001
 8.0962574e-001
 7.2766620e-001
 7.6512319e-001
 7.6647818e-001
 7.4330246e-001
 7.4850172e-001
 7.5816852e-001
 7.6866788e-001
 7.5928265e-001
 7.4003160e-001
 7.8935826e-001
 7.9616165e-001
 7.5458598e-001
 7.7031946e-001
 7.4533242e-001
 7.3669803e-001
 7.7004898e-001
 7.8331709e-001
 7.8026515e-001
 7.7433234e-001
 7.7776945e-001
 7.7296138e-001
 7.6529777e-001
 7.6560718e-001
 7.7531791e-001
 7.6381820e-001
 7.6596183e-001
 7.8543139e-001
 7.8514719e-001
 7.8123450e-001
 7.7538759e-001
 7.7410525e-001
 7.8262246e-001
 7.7807570e-001
 7.7596641e-001
 7.8659099e-001
 7.7019542e-001
 7.6836449e-001
 7.8241366e-001
 7.8345960e-001
 7.8089571e-001
 7.8031510e-001
 7.8396183e-001
 7.8621018e-001
 7.8835583e-001
 7.8727269e-001
 7.8325474e-001
 7.8413850e-001
 7.8726244e-001
 7.9454452e-001
 8.0397481e-001
 7.9964989e-001
 7.8992331e-001
 7.8699923e-001
 7.9567164e-001
 7.9443967e-001
 7.9644257e-001
 8.0373448e-001
 7.9567248e-001
 7.9696798e-001
 8.0177629e-001
 7.9903269e-001
 8.0087376e-001
 8.0545902e-001
 8.0817997e-001
 8.0490339e-001
 8.0438316e-001
 8.0710799e-001
 8.0985397e-001
 8.0779856e-001
 8.0723792e-001
 8.0893922e-001
 8.1094080e-001
 8.1122816e-001
 8.1361657e-001
 8.1728041e-001
 8.1781065e-001
 8.1604320e-001
 8.1574541e-001
 8.1736493e-001
 8.1698453e-001
 8.1887084e-001
 8.2089823e-001
 8.2044899e-001
 8.1971818e-001
 8.2099557e-001
 8.2326877e-001
 8.2404155e-001
 8.2557082e-001
 8.2518595e-001
 8.2303327e-001
 8.2319170e-001
 8.2449561e-001
 8.2629842e-001
 8.2714897e-001
 8.2611012e-001
 8.2640368e-001
 8.2775527e-001
 8.2828712e-001
 8.3037132e-001
 8.3158439e-001
 8.3107489e-001
 8.3093739e-001
 8.3128321e-001
 8.3306366e-001
 8.3561742e-001
 8.3572620e-001
 8.3601403e-001
 8.3672392e-001
 8.3674002e-001
 8.3745658e-001
 8.3851480e-001
 8.3947510e-001
 8.3994764e-001
 8.3972019e-001
 8.4006745e-001
 8.4228921e-001
 8.4468770e-001
 8.4388036e-001
 8.4255666e-001
 8.4602475e-001
 8.4703153e-001
 8.4648198e-001
 8.4584814e-001
 8.4607804e-001
 8.4741002e-001
 8.4927589e-001
 8.5025573e-001
 8.4942895e-001
 8.4913892e-001
 8.5074878e-001
 8.5340399e-001
 8.5436052e-001
 8.5508895e-001
 8.5622621e-001
 8.5616034e-001
 8.5787731e-001
 8.5981709e-001
 8.5923141e-001
 8.5813099e-001
 8.5791087e-001
 8.5887116e-001
 8.5983878e-001
 8.6073416e-001
 8.6078721e-001
 8.5962909e-001
 8.5847217e-001
 8.5932416e-001
 8.6048126e-001
 8.5959148e-001
 8.6052805e-001
 8.6097902e-001
 8.6028665e-001
 8.6065650e-001
 8.6225748e-001
 8.6352938e-001
 8.6327291e-001
 8.6332369e-001
 8.6329257e-001
 8.6354816e-001
 8.6456251e-001
 8.6530691e-001
 8.6570251e-001
 8.6607820e-001
 8.6678147e-001
 8.6661452e-001
 8.6656463e-001
 8.6756021e-001
 8.6780190e-001
 8.6859071e-001
 8.6979526e-001
 8.6996663e-001
 8.6978185e-001
 8.7013280e-001
 8.7105405e-001
 8.7107199e-001
 8.7192583e-001
 8.7276947e-001
 8.7214762e-001
 8.7215817e-001
 8.7278903e-001
 8.7363058e-001
 8.7381536e-001
 8.7321645e-001
 8.7286866e-001
 8.7382758e-001
 8.7524790e-001
 8.7577623e-001
 8.7568527e-001
 8.7622523e-001
 8.7618464e-001
 8.7629175e-001
 8.7691343e-001
 8.7730068e-001
 8.7714106e-001
 8.7732893e-001
 8.7862772e-001
 8.7945116e-001
 8.8085622e-001
 8.8239777e-001
 8.8256985e-001
 8.8362032e-001
 8.8492447e-001
 8.8550901e-001
 8.8570839e-001
 8.8656151e-001
 8.8798046e-001
 8.8893062e-001
 8.8938451e-001
 8.9058459e-001
 8.9243126e-001
 8.9271820e-001
 8.9242655e-001
 8.9180762e-001
 8.9078277e-001
 8.8903147e-001
 8.8763279e-001
 8.8693953e-001
 8.8661486e-001
 8.8714939e-001
 8.8864237e-001
 8.9048314e-001
 8.9145672e-001
 8.9282459e-001
 8.9402789e-001
 8.9377272e-001
 8.9286858e-001
 8.9164853e-001
 8.9067835e-001
 8.9030337e-001
 8.8971627e-001
 8.8955718e-001
 8.9021748e-001
 8.9052862e-001
 8.9138758e-001
 8.9283139e-001
 8.9419878e-001
 8.9545631e-001
 8.9636183e-001
 8.9685088e-001
 8.9712083e-001
 8.9716750e-001
 8.9689118e-001
 8.9635086e-001
 8.9618754e-001
 8.9638960e-001
 8.9658028e-001
 8.9625901e-001
 8.9614207e-001
 8.9665800e-001
 8.9752215e-001
 8.9755762e-001
 8.9821392e-001
 8.9923435e-001
 8.9945829e-001
 8.9982337e-001
 9.0014243e-001
 9.0051848e-001
 9.0127313e-001
 9.0156150e-001
 9.0150970e-001
 9.0152991e-001
 9.0154487e-001
 9.0185034e-001
 9.0228730e-001
 9.0249330e-001
 9.0309060e-001
 9.0339929e-001
 9.0315616e-001
 9.0341079e-001
 9.0384120e-001
 9.0427721e-001
 9.0413100e-001
 9.0274590e-001
 9.0295464e-001
 9.0483081e-001
 9.0476662e-001
 9.0465379e-001
 9.0469193e-001
 9.0511400e-001
 9.0611345e-001
 9.0636504e-001
 9.0594095e-001
 9.0597999e-001
 9.0605247e-001
 9.0622854e-001
 9.0634030e-001
 9.0619993e-001
 9.0653008e-001
 9.0698344e-001
 9.0697145e-001
 9.0701056e-001
 9.0730464e-001
 9.0756398e-001
 9.0726513e-001
 9.0738237e-001
 9.0766883e-001
 9.0778339e-001
 9.0793657e-001
 9.0860170e-001
 9.0925074e-001
 9.0907925e-001
 9.0896177e-001
 9.0881908e-001
 9.0868950e-001
 9.0872490e-001
 9.0877426e-001
 9.0868187e-001
 9.0847832e-001
 9.0855068e-001
 9.0864134e-001
 9.0865690e-001
 9.0865177e-001
 9.0870601e-001
 9.0900999e-001
 9.0922934e-001
 9.0868902e-001
 9.0864128e-001
 9.0882331e-001
 9.0867740e-001
 9.0864009e-001
 9.0847385e-001
 9.0839726e-001
 9.0877032e-001
 9.0885091e-001
 9.0873551e-001
 9.0883154e-001
 9.0946728e-001
 9.0973604e-001
 9.0964103e-001
 9.0961862e-001
 9.0965235e-001
 9.0955663e-001
 9.0912968e-001
 9.0855038e-001
 9.0876478e-001
 9.0904367e-001
 9.0880138e-001
 9.0877074e-001
 9.0903085e-001
 9.0900528e-001
 9.0810490e-001
 9.0727156e-001
 9.0629900e-001
 9.0519232e-001
 9.0402305e-001
 9.0214396e-001
 8.9987624e-001
 8.9751697e-001
 8.9474100e-001
 8.9182210e-001
 8.8917714e-001
 8.8744873e-001
 8.8709241e-001
 8.8743764e-001
 8.8837564e-001
 8.9023721e-001
 8.9150935e-001
 8.9297187e-001
 8.9535058e-001
 8.9781922e-001
 9.0055257e-001
 9.0341061e-001
 9.0589708e-001
 9.0737927e-001
 9.0874797e-001
 9.0997767e-001
 9.1017646e-001
 9.1088516e-001
 9.1170233e-001
 9.1195703e-001
 9.1176397e-001
 9.1172045e-001
 9.1187096e-001
 9.1194558e-001
 9.1205996e-001
 9.1213357e-001
 9.1221869e-001
 9.1257668e-001
 9.1330290e-001
 9.1368544e-001
 9.1351801e-001
 9.1375571e-001
 9.1349727e-001
 9.1318315e-001
 9.1347980e-001
 9.1356534e-001
 9.1379029e-001
 9.1403967e-001
 9.1391045e-001
 9.1397232e-001
 9.1416734e-001
 9.1428483e-001
 9.1411018e-001
 9.1385376e-001
 9.1389436e-001
 9.1425937e-001
 9.1408938e-001
 9.1394776e-001
 9.1390634e-001
 9.1366589e-001
 9.1346490e-001
 9.1337436e-001
 9.1354984e-001
 9.1399747e-001
 9.1398841e-001
 9.1355264e-001
 9.1313016e-001
 9.1316998e-001
 9.1342109e-001
 9.1347754e-001
 9.1314048e-001
 9.1304553e-001
 9.1284055e-001
 9.1262978e-001
 9.1274130e-001
 9.1219628e-001
 9.1175443e-001
 9.1188765e-001
 9.1191614e-001
 9.1210616e-001
 9.1204607e-001
 9.1170818e-001
 9.1219795e-001
 9.1244709e-001
 9.1212171e-001
 9.1163653e-001
 9.1135210e-001
 9.1132075e-001
 9.1134953e-001
 9.1108346e-001
 9.1069567e-001
 9.1083223e-001
 9.1142660e-001
 9.1117865e-001
 9.1114789e-001
 9.1104603e-001
 9.1049743e-001
 9.1048086e-001
 9.1075927e-001
 9.1094458e-001
 9.1072851e-001
 9.1059464e-001
 9.1073972e-001
 9.1069049e-001
 9.0994030e-001
 9.1054308e-001
 9.1116703e-001
 9.1078198e-001
 9.1066885e-001
 9.1081226e-001
 9.1133356e-001
 9.1191298e-001
 9.1172749e-001
 9.1126251e-001
 9.1089821e-001
 9.1083336e-001
 9.1093838e-001
 9.1110015e-001
 9.1122782e-001
 9.1129982e-001
 9.1128331e-001
 9.1104311e-001
 9.1087866e-001
 9.1149002e-001
 9.1214919e-001
 9.1232073e-001
 9.1181970e-001
 9.1138011e-001
 9.1152453e-001
 9.1188711e-001
 9.1204941e-001
 9.1269010e-001
 9.1291100e-001
 9.1295654e-001
 9.1348964e-001
 9.1342944e-001
 9.1289133e-001
 9.1220826e-001
 9.1190916e-001
 9.1208231e-001
 9.1206694e-001
 9.1163462e-001
 9.1125679e-001
 9.1020459e-001
 9.0872753e-001
 9.0743691e-001
 9.0682989e-001
 9.0638083e-001
 9.0531838e-001
 9.0367007e-001
 9.0298492e-001
 9.0207368e-001
 9.0002984e-001
 8.9719200e-001
 8.9560550e-001
 8.9309329e-001
 8.8925135e-001
 8.8518178e-001
 8.8073772e-001
 8.7507051e-001
 8.6818838e-001
 8.6077225e-001
 8.5199744e-001
 8.4268814e-001
 8.3287323e-001
 8.2180065e-001
 8.1099796e-001
 8.0075461e-001
 7.9139197e-001
 7.8381282e-001
 7.7905017e-001
 7.7629989e-001
 7.7514452e-001
 7.7677399e-001
 7.8016162e-001
 7.8410804e-001
 7.8842747e-001
 7.9479492e-001
 8.0174929e-001
 8.0954224e-001
 8.1860375e-001
 8.2799399e-001
 8.3730143e-001
 8.4592563e-001
 8.5388166e-001
 8.6199582e-001
 8.6887407e-001
 8.7403566e-001
 8.7825567e-001
 8.8250506e-001
 8.8526648e-001
 8.8740093e-001
 8.9049751e-001
 8.9244050e-001
 8.9460099e-001
 8.9622515e-001
 8.9618927e-001
 8.9764637e-001
 8.9920604e-001
 9.0045118e-001
 9.0175575e-001
 9.0224427e-001
 9.0287519e-001
 9.0352225e-001
 9.0325773e-001
 9.0337157e-001
 9.0415496e-001
 9.0507370e-001
 9.0489250e-001
 9.0409982e-001
 9.0410739e-001
 9.0465122e-001
 9.0411389e-001
 9.0441608e-001
 9.0523565e-001
 9.0518534e-001
 9.0386039e-001
 9.0546751e-001
 9.0662175e-001
 9.0611178e-001
 9.0616727e-001
 9.0589184e-001
 9.0657020e-001
 9.0698689e-001
 9.0522140e-001
 9.0581042e-001
 9.0549564e-001
 9.0454710e-001
 9.0640682e-001
 9.0707195e-001
 9.0712905e-001
 9.0706742e-001
 9.0714240e-001
 9.0773261e-001
 9.0828311e-001
 9.0852100e-001
 9.0869200e-001
 9.0904063e-001
 9.0976810e-001
 9.0938145e-001
 9.0721065e-001
 9.0741760e-001
 9.0626889e-001
 9.0405226e-001
 9.0396655e-001
 9.0461308e-001
 9.0494156e-001
 9.0411776e-001
 9.0313625e-001
 9.0397722e-001
 9.0271133e-001
 9.0109015e-001
 9.0168518e-001
 9.0051907e-001
 9.0069818e-001
 9.0183097e-001
 9.0192991e-001
 9.0068251e-001
 8.9994043e-001
 8.9944011e-001
 8.9924538e-001
 9.0005368e-001
 8.9770126e-001
 8.9474463e-001
 8.9456189e-001
 8.9655209e-001
 8.9731014e-001
 8.9493012e-001
 8.9143276e-001
 8.9125144e-001
 8.9050764e-001
 8.8980472e-001
 8.8921171e-001
 8.8865167e-001
 8.8871229e-001
 8.8671404e-001
 8.8442689e-001
 8.8520867e-001
 8.8488251e-001
 8.8324720e-001
 8.8217199e-001
 8.8309348e-001
 8.8302189e-001
 8.8229489e-001
 8.8171601e-001
 8.8178384e-001
 8.8163090e-001
 8.8107604e-001
 8.7957144e-001
 8.7779957e-001
 8.7759197e-001
 8.7780005e-001
 8.7644488e-001
 8.7636042e-001
 8.7897164e-001
 8.7441134e-001
 8.7671721e-001
 8.8052619e-001
 8.7472022e-001
 8.7207150e-001
 8.7200266e-001
 8.7380427e-001
 8.7584597e-001
 8.7646562e-001
 8.7563491e-001
 8.7393111e-001
 8.7353659e-001
 8.7305760e-001
 8.7251139e-001
 8.7191081e-001
 8.7125874e-001
 8.7055051e-001
 8.6978227e-001
 8.6896223e-001
 8.6811697e-001
 8.6729074e-001
 8.6653560e-001
 8.6589694e-001
 8.6540055e-001
 8.6504626e-001
 8.6481076e-001
 8.6465865e-001
 8.6455584e-001
 8.6448020e-001
 8.6442500e-001
 8.6439472e-001
 8.6439556e-001
 8.6442655e-001
 8.6447501e-001
 8.6451834e-001
 8.6453080e-001
 8.6449075e-001
 8.6438578e-001
 8.6421317e-001
 8.6397767e-001
 8.6368775e-001
 8.6335367e-001
 8.6298710e-001
 8.6260211e-001
 8.6221558e-001
 8.6184525e-001
 8.6150748e-001
 8.6121327e-001
 8.6096692e-001
 8.6076629e-001
 8.6060524e-001
 8.6047709e-001
 8.6037600e-001
 8.6029720e-001
 8.6023575e-001
 8.6018592e-001
 8.6014199e-001
 8.6009938e-001
 8.6005628e-001
 8.6001450e-001
 8.5997915e-001
 8.5995817e-001
 8.5996157e-001
 8.6000019e-001
 8.6008322e-001
 8.6021465e-001
 8.6038977e-001
 8.6059391e-001
 8.6080384e-001
 8.6099231e-001
 8.6113364e-001
 8.6120796e-001
 8.6120313e-001
 8.6111420e-001
 8.6094087e-001
 8.6068457e-001
 8.6034542e-001
 8.5992002e-001
 8.5940045e-001
 8.5877621e-001
 8.5803765e-001
 8.5718054e-001
 8.5621065e-001
 8.5514450e-001
 8.5400826e-001
 8.5283267e-001
 8.5164660e-001
 8.5047203e-001
 8.4931910e-001
 8.4818566e-001
 8.4705824e-001
 8.4591502e-001
 8.4473163e-001
 8.4348500e-001
 8.4215832e-001
 8.4074271e-001
 8.3923697e-001
 8.3764613e-001
 8.3597738e-001
 8.3423465e-001
 8.3241636e-001
 8.3051187e-001
 8.2850456e-001
 8.2637465e-001
 8.2410246e-001
 8.2167339e-001
 8.1907576e-001
 8.1630075e-001
 8.1333745e-001
 8.1016785e-001
 8.0676681e-001
 8.0309832e-001
 7.9912043e-001
 7.9478806e-001
 7.9005694e-001
 7.8489286e-001
 7.7927101e-001
 7.7318090e-001
 7.6662129e-001
 7.5959122e-001
 7.5208676e-001
 7.4408740e-001
 7.3555779e-001
 7.2644562e-001
 7.1668303e-001
 7.0620191e-001
 6.9494104e-001
 6.8285245e-001
 6.6992116e-001
 6.5616357e-001
 6.4164692e-001
 6.2649435e-001
 6.1088508e-001
 5.9506875e-001
 5.7934391e-001
 5.6405491e-001
 5.4956079e-001
 5.3620088e-001
 5.2427816e-001
 5.1402456e-001
 5.0559938e-001
 4.9908289e-001
 4.9448264e-001
 4.9175248e-001
 4.9080601e-001
 4.9153781e-001
 4.9383706e-001
 4.9759981e-001
 5.0273031e-001
 5.0913697e-001
 5.1672560e-001
 5.2538282e-001
 5.3497475e-001
 5.4533702e-001
 5.5628127e-001
 5.6760859e-001
 5.7911241e-001
 5.9060180e-001
 6.0190314e-001
 6.1287224e-001
 6.2340283e-001
 6.3341868e-001
 6.4288163e-001
 6.5177798e-001
 6.6011494e-001
 6.6791552e-001
 6.7520368e-001
 6.8200600e-001
 6.8834293e-001
 6.9423109e-001
 6.9968724e-001
 7.0472550e-001
 7.0936435e-001
 7.1362394e-001
 7.1752864e-001
 7.2110933e-001
 7.2440070e-001
 7.2744179e-001
 7.3027426e-001
 7.3293573e-001
 7.3545784e-001
 7.3786104e-001
 7.4015516e-001
 7.4234277e-001
 7.4442184e-001
 7.4639225e-001
 7.4825674e-001
 7.5002247e-001
 7.5169981e-001
 7.5329894e-001
 7.5482959e-001
 7.5629920e-001
 7.5771338e-001
 7.5907731e-001
 7.6039475e-001
 7.6166862e-001
 7.6289880e-001
 7.6408124e-001
 7.6520705e-001
 7.6626205e-001
 7.6722819e-001
 7.6808715e-001
 7.6882315e-001
 7.6942694e-001
 7.6989800e-001
 7.7024502e-001
 7.7048504e-001
 7.7064061e-001
 7.7073711e-001
 7.7079993e-001
 7.7085245e-001
 7.7091461e-001
 7.7100110e-001
 7.7111995e-001
 7.7127153e-001
 7.7144867e-001
 7.7163827e-001
 7.7182376e-001
 7.7198845e-001
 7.7211767e-001
 7.7220017e-001
 7.7222890e-001
 7.7220148e-001
 7.7212048e-001
 7.7199364e-001
 7.7183253e-001
 7.7165067e-001
 7.7146119e-001
 7.7127433e-001
 7.7109653e-001
 7.7093077e-001
 7.7077788e-001
 7.7063805e-001
 7.7051228e-001
 7.7040273e-001
 7.7031231e-001
 7.7024382e-001
 7.7019912e-001
 7.7017838e-001
 7.7017981e-001
 7.7019966e-001
 7.7023202e-001
 7.7026981e-001
 7.7030498e-001
 7.7033001e-001
 7.7033925e-001
 7.7032989e-001
 7.7030241e-001
 7.7026039e-001
 7.7020943e-001
 7.7015591e-001
 7.7010560e-001
 7.7006245e-001
 7.7002817e-001
 7.7000177e-001
 7.6997966e-001
 7.6995593e-001
 7.6992315e-001
 7.6987284e-001
 7.6979661e-001
 7.6968747e-001
 7.6954031e-001
 7.6935208e-001
 7.6912141e-001
 7.6884812e-001
 7.6853305e-001
 7.6817918e-001
 7.6779193e-001
 7.6738018e-001
 7.6695555e-001
 7.6653141e-001
 7.6612031e-001
 7.6573110e-001
 7.6536727e-001
 7.6502591e-001
 7.6469845e-001
 7.6437283e-001
 7.6403606e-001
 7.6367712e-001
 7.6328826e-001
 7.6286519e-001
 7.6240635e-001
 7.6191139e-001
 7.6137948e-001
 7.6080763e-001
 7.6018965e-001
 7.5951618e-001
 7.5877488e-001
 7.5795275e-001
 7.5703806e-001
 7.5602210e-001
 7.5490111e-001
 7.5367588e-001
 7.5235218e-001
 7.5094032e-001
 7.4945527e-001
 7.4791843e-001
 7.4635625e-001
 7.4479973e-001
 7.4327981e-001
 7.4182194e-001
 7.4044317e-001
 7.3915017e-001
 7.3793989e-001
 7.3680389e-001
 7.3573029e-001
 7.3470604e-001
 7.3371625e-001
 7.3274261e-001
 7.3176336e-001
 7.3075330e-001
 7.2968745e-001
 7.2854495e-001
 7.2731215e-001
 7.2598612e-001
 7.2457314e-001
 7.2308725e-001
 7.2154689e-001
 7.1997070e-001
 7.1837705e-001
 7.1678120e-001
 7.1519643e-001
 7.1363366e-001
 7.1210074e-001
 7.1060300e-001
 7.0914221e-001
 7.0771545e-001
 7.0631653e-001
 7.0493621e-001
 7.0356548e-001
 7.0219713e-001
 7.0082617e-001
 6.9945049e-001
 6.9806671e-001
 6.9666910e-001
 6.9524729e-001
 6.9378698e-001
 6.9227433e-001
 6.9070035e-001
 6.8906736e-001
 6.8739223e-001
 6.8570638e-001
 6.8405390e-001
 6.8248385e-001
 6.8104452e-001
 6.7977530e-001
 6.7870098e-001
 6.7782909e-001
 6.7714894e-001
 6.7663318e-001
 6.7624193e-001
 6.7592698e-001
 6.7563719e-001
 6.7532355e-001
 6.7494416e-001
 6.7446840e-001
 6.7387944e-001
 6.7317474e-001
 6.7236376e-001
 6.7146343e-001
 6.7049354e-001
 6.6947138e-001
 6.6841006e-001
 6.6731799e-001
 6.6619933e-001
 6.6505700e-001
 6.6389275e-001
 6.6270852e-001
 6.6150564e-001
 6.6028351e-001
 6.5904021e-001
 6.5777206e-001
 6.5647697e-001
 6.5515769e-001
 6.5382546e-001
 6.5250432e-001
 6.5123177e-001
 6.5005624e-001
 6.4903319e-001
 6.4821595e-001
 6.4764857e-001
 6.4735740e-001
 6.4734596e-001
 6.4759260e-001
 6.4805168e-001
 6.4865732e-001
 6.4933002e-001
 6.4998502e-001
 6.5053988e-001
 6.5092307e-001
 6.5107906e-001
 6.5097249e-001
 6.5058947e-001
 6.4993662e-001
 6.4903772e-001
 6.4793032e-001
 6.4666080e-001
 6.4527941e-001
 6.4383698e-001
 6.4238119e-001
 6.4095402e-001
 6.3959169e-001
 6.3832325e-001
 6.3717264e-001
 6.3615859e-001
 6.3529545e-001
 6.3459378e-001
 6.3405943e-001
 6.3369358e-001
 6.3349187e-001
 6.3344407e-001
 6.3353348e-001
 6.3373697e-001
 6.3402498e-001
 6.3436204e-001
 6.3470787e-001
 6.3501912e-001
 6.3525116e-001
 6.3536084e-001
 6.3530904e-001
 6.3506401e-001
 6.3460451e-001
 6.3392174e-001
 6.3302130e-001
 6.3192302e-001
 6.3065881e-001
 6.2927085e-001
 6.2780774e-001
 6.2631983e-001
 6.2485605e-001
 6.2345892e-001
 6.2216347e-001
 6.2099516e-001
 6.1997068e-001
 6.1909997e-001
 6.1838734e-001
 6.1783427e-001
 6.1744082e-001
 6.1720735e-001
 6.1713606e-001
 6.1723095e-001
 6.1749762e-001
 6.1794072e-001
 6.1856139e-001
 6.1935407e-001
 6.2030464e-001
 6.2138927e-001
 6.2257481e-001
 6.2382114e-001
 6.2508315e-001
 6.2631416e-001
 6.2746996e-001
 6.2851042e-001
 6.2940234e-001
 6.3011914e-001
 6.3064104e-001
 6.3095480e-001
 6.3105333e-001
 6.3093686e-001
 6.3061464e-001
 6.3010651e-001
 6.2944365e-001
 6.2866861e-001
 6.2783182e-001
 6.2698841e-001
 6.2619251e-001
 6.2549132e-001
 6.2492150e-001
 6.2450522e-001
 6.2424964e-001
 6.2414646e-001
 6.2417412e-001
 6.2430066e-001
 6.2448812e-001
 6.2469810e-001
 6.2489700e-001
 6.2506127e-001
 6.2517995e-001
 6.2525445e-001
 6.2529558e-001
 6.2531853e-001
 6.2533695e-001
 6.2535846e-001
 6.2538177e-001
 6.2539697e-001
 6.2538737e-001
 6.2533253e-001
 6.2521142e-001
 6.2500572e-001
 6.2470227e-001
 6.2429571e-001
 6.2379050e-001
 6.2320143e-001
 6.2255281e-001
 6.2187511e-001
 6.2120074e-001
 6.2055880e-001
 6.1997163e-001
 6.1945188e-001
 6.1900163e-001
 6.1861384e-001
 6.1827338e-001
 6.1795998e-001
 6.1765146e-001
 6.1732763e-001
 6.1697412e-001
 6.1658591e-001
 6.1616808e-001
 6.1573589e-001
 6.1531138e-001
 6.1492121e-001
 6.1459261e-001
 6.1435068e-001
 6.1421597e-001
 6.1420184e-001
 6.1431301e-001
 6.1454469e-001
 6.1488360e-001
 6.1530989e-001
 6.1580020e-001
 6.1633050e-001
 6.1687809e-001
 6.1742264e-001
 6.1794609e-001
 6.1843222e-001
 6.1886674e-001
 6.1923683e-001
 6.1953270e-001
 6.1974764e-001
 6.1987907e-001
 6.1992782e-001
 6.1989737e-001
 6.1979282e-001
 6.1961949e-001
 6.1938316e-001
 6.1908960e-001
 6.1874521e-001
 6.1835611e-001
 6.1792827e-001
 6.1746633e-001
 6.1697352e-001
 6.1645228e-001
 6.1590481e-001
 6.1533511e-001
 6.1474931e-001
 6.1415535e-001
 6.1356229e-001
 6.1297822e-001
 6.1240900e-001
 6.1185753e-001
 6.1132365e-001
 6.1080545e-001
 6.1030018e-001
 6.0980475e-001
 6.0931683e-001
 6.0883379e-001
 6.0835338e-001
 6.0787314e-001
 6.0738987e-001
 6.0690022e-001
 6.0639989e-001
 6.0588396e-001
 6.0534698e-001
 6.0478359e-001
 6.0418952e-001
 6.0356218e-001
 6.0290134e-001
 6.0220969e-001
 6.0149217e-001
 6.0075676e-001
 6.0001296e-001
 5.9927082e-001
 5.9853864e-001
 5.9782010e-001
 5.9711337e-001
 5.9641045e-001
 5.9569883e-001
 5.9496474e-001
 5.9419513e-001
 5.9337986e-001
 5.9251189e-001
 5.9158611e-001
 5.9059888e-001
 5.8954602e-001
 5.8842283e-001
 5.8722329e-001
 5.8593875e-001
 5.8455986e-001
 5.8307600e-001
 5.8147913e-001
 5.7976604e-001
 5.7794017e-001
 5.7601404e-001
 5.7400638e-001
 5.7194084e-001
 5.6984186e-001
 5.6773096e-001
 5.6562573e-001
 5.6353831e-001
 5.6147397e-001
 5.5943328e-001
 5.5741024e-001
 5.5539495e-001
 5.5337405e-001
 5.5133271e-001
 5.4925871e-001
 5.4714429e-001
 5.4499036e-001
 5.4280657e-001
 5.4060799e-001
 5.3841150e-001
 5.3622484e-001
 5.3403956e-001
 5.3182310e-001
 5.2951550e-001
 5.2703398e-001
 5.2427894e-001
 5.2114761e-001
 5.1754606e-001
 5.1339960e-001
 5.0866526e-001
 5.0333434e-001
 4.9743888e-001
 4.9104869e-001
 4.8426220e-001
 4.7719988e-001
 4.6998751e-001
 4.6273744e-001
 4.5554096e-001
 4.4845271e-001
 4.4149545e-001
 4.3466353e-001
 4.2793411e-001
 4.2129037e-001
 4.1473362e-001
 4.0830415e-001
 4.0208676e-001
 3.9620641e-001
 3.9082080e-001
 3.8609338e-001
 3.8217214e-001
 3.7916225e-001
 3.7710604e-001
 3.7597486e-001
 3.7566650e-001
 3.7601480e-001
 3.7680382e-001
 3.7778696e-001
 3.7870562e-001
 3.7930703e-001
 3.7935856e-001
 3.7865719e-001
 3.7703487e-001
 3.7436134e-001
 3.7054551e-001
 3.6553523e-001
 3.5932335e-001
 3.5194689e-001
 3.4349477e-001
 3.3410752e-001
 3.2397065e-001
 3.1331581e-001
 3.0239964e-001
 2.9149681e-001
 2.8087759e-001
 2.7078468e-001
 2.6142502e-001
 2.5294879e-001
 2.4545379e-001
 2.3898578e-001
 2.3354687e-001
 2.2911285e-001
 2.2563849e-001
 2.2306766e-001
 2.2133279e-001
 2.2035362e-001
 2.2003718e-001
 2.2027820e-001
 2.2096498e-001
 2.2198831e-001
 2.2325383e-001
 2.2469313e-001
 2.2627251e-001
 2.2799668e-001
 2.2990295e-001
 2.3205197e-001
 2.3451065e-001
 2.3733623e-001
 2.4056356e-001
 2.4419379e-001
 2.4819522e-001
 2.5250468e-001
 2.5703862e-001
 2.6170826e-001
 2.6642960e-001
 2.7113917e-001
 2.7579620e-001
 2.8038418e-001
 2.8490645e-001
 2.8937352e-001
 2.9379466e-001
 2.9817149e-001
 3.0249062e-001
 3.0672836e-001
 3.1085145e-001
 3.1482494e-001
 3.1861985e-001
 3.2221392e-001
 3.2559627e-001
 3.2876146e-001
 3.3170557e-001
 3.3442095e-001
 3.3688909e-001
 3.3908179e-001
 3.4096202e-001
 3.4249106e-001
 3.4363654e-001
 3.4437817e-001
 3.4471297e-001
 3.4465545e-001
 3.4423715e-001
 3.4350368e-001
 3.4251270e-001
 3.4133136e-001
 3.4003332e-001
 3.3869663e-001
 3.3739835e-001
 3.3621088e-001
 3.3519569e-001
 3.3439696e-001
 3.3383709e-001
 3.3351180e-001
 3.3338988e-001
 3.3341536e-001
 3.3351442e-001
 3.3360389e-001
 3.3360073e-001
 3.3342957e-001
 3.3302870e-001
 3.3235395e-001
 3.3138293e-001
 3.3011737e-001
 3.2858559e-001
 3.2684088e-001
 3.2495520e-001
 3.2301211e-001
 3.2109502e-001
 3.1928000e-001
 3.1762880e-001
 3.1618473e-001
 3.1497210e-001
 3.1399494e-001
 3.1323707e-001
 3.1266448e-001
 3.1222802e-001
 3.1186882e-001
 3.1152430e-001
 3.1113449e-001
 3.1064788e-001
 3.1002519e-001
 3.0924201e-001
 3.0828938e-001
 3.0717278e-001
 3.0591139e-001
 3.0453482e-001
 3.0308133e-001
 3.0159444e-001
 3.0011889e-001
 2.9869857e-001
 2.9737154e-001
 2.9616806e-001
 2.9510808e-001
 2.9420054e-001
 2.9344597e-001
 2.9283860e-001
 2.9236868e-001
 2.9202420e-001
 2.9179016e-001
 2.9164797e-001
 2.9157519e-001
 2.9154640e-001
 2.9153493e-001
 2.9151529e-001
 2.9146510e-001
 2.9136670e-001
 2.9120776e-001
 2.9098141e-001
 2.9068586e-001
 2.9032445e-001
 2.8990558e-001
 2.8944281e-001
 2.8895450e-001
 2.8846186e-001
 2.8798708e-001
 2.8755030e-001
 2.8716689e-001
 2.8684595e-001
 2.8658855e-001
 2.8638756e-001
 2.8622833e-001
 2.8609040e-001
 2.8595063e-001
 2.8578618e-001
 2.8557679e-001
 2.8530633e-001
 2.8496274e-001
 2.8453782e-001
 2.8402689e-001
 2.8342876e-001
 2.8274676e-001
 2.8208223e-001
 2.8123540e-001
 2.8033897e-001
 2.7941519e-001
 2.7848503e-001
 2.7756473e-001
 2.7666622e-001
 2.7579945e-001
 2.7497613e-001
 2.7421337e-001
 2.7353215e-001
 2.7295363e-001
 2.7249277e-001
 2.7215430e-001
 2.7193394e-001
 2.7182263e-001
 2.7181169e-001
 2.7189448e-001
 2.7206376e-001
 2.7230668e-001
 2.7260098e-001
 2.7291504e-001
 2.7321044e-001
 2.7344668e-001
 2.7358556e-001
 2.7359572e-001
 2.7345639e-001
 2.7315950e-001
 2.7270883e-001
 2.7211687e-001
 2.7140042e-001
 2.7057749e-001
 2.6966679e-001
 2.6868665e-001
 2.6765382e-001
 2.6658005e-001
 2.6546940e-001
 2.6432076e-001
 2.6313427e-001
 2.6191950e-001
 2.6070216e-001
 2.5952139e-001
 2.5842288e-001
 2.5744721e-001
 2.5661960e-001
 2.5594547e-001
 2.5540927e-001
 2.5497794e-001
 2.5460550e-001
 2.5423935e-001
 2.5382850e-001
 2.5333187e-001
 2.5272536e-001
 2.5200412e-001
 2.5117856e-001
 2.5026792e-001
 2.4929246e-001
 2.4827100e-001
 2.4722213e-001
 2.4616779e-001
 2.4513710e-001
 2.4416454e-001
 2.4328709e-001
 2.4253854e-001
 2.4194519e-001
 2.4152379e-001
 2.4127926e-001
 2.4120216e-001
 2.4126597e-001
 2.4142574e-001
 2.4162170e-001
 2.4178925e-001
 2.4187347e-001
 2.4184267e-001
 2.4169518e-001
 2.4145511e-001
 2.4115902e-001
 2.4083966e-001
 2.4051440e-001
 2.4018194e-001
 2.3982698e-001
 2.3942770e-001
 2.3896176e-001
 2.3840964e-001
 2.3775636e-001
 2.3699492e-001
 2.3613071e-001
 2.3518410e-001
 2.3418897e-001
 2.3318529e-001
 2.3220977e-001
 2.3129018e-001
 2.3044191e-001
 2.2966856e-001
 2.2896188e-001
 2.2830266e-001
 2.2766535e-001
 2.2702478e-001
 2.2636485e-001
 2.2568202e-001
 2.2498259e-001
 2.2427617e-001
 2.2356805e-001
 2.2285587e-001
 2.2212933e-001
 2.2137383e-001
 2.2057830e-001
 2.1974309e-001
 2.1888606e-001
 2.1804006e-001
 2.1724129e-001
 2.1651541e-001
 2.1586674e-001
 2.1527977e-001
 2.1472950e-001
 2.1419547e-001
 2.1367162e-001
 2.1316624e-001
 2.1269317e-001
 2.1226008e-001
 2.1185976e-001
 2.1147178e-001
 2.1107343e-001
 2.1065331e-001
 2.1021910e-001
 2.0979281e-001
 2.0939742e-001
 2.0904279e-001
 2.0871870e-001
 2.0839816e-001
 2.0804617e-001
 2.0763075e-001
 2.0713305e-001
 2.0655526e-001
 2.0592421e-001
 2.0528436e-001
 2.0468079e-001
 2.0413612e-001
 2.0363511e-001
 2.0312797e-001
 2.0255241e-001
 2.0186318e-001
 2.0105319e-001
 2.0015268e-001
 1.9921066e-001
 1.9826831e-001
 1.9734061e-001
 1.9641626e-001
 1.9547178e-001
 1.9449328e-001
 1.9349016e-001
 1.9249417e-001
 1.9154568e-001
 1.9067441e-001
 1.8988961e-001
 1.8918209e-001
 1.8853541e-001
 1.8793648e-001
 1.8737677e-001
 1.8684742e-001
 1.8633467e-001
 1.8582271e-001
 1.8530327e-001
 1.8478310e-001
 1.8428241e-001
 1.8382397e-001
 1.8341844e-001
 1.8305586e-001
 1.8270731e-001
 1.8233542e-001
 1.8190894e-001
 1.8141310e-001
 1.8085355e-001
 1.8025149e-001
 1.7963402e-001
 1.7902485e-001
 1.7843848e-001
 1.7788109e-001
 1.7735435e-001
 1.7686017e-001
 1.7640419e-001
 1.7599565e-001
 1.7564543e-001
 1.7536099e-001
 1.7514054e-001
 1.7496891e-001
 1.7481807e-001
 1.7465460e-001
 1.7445135e-001
 1.7419790e-001
 1.7390434e-001
 1.7359647e-001
 1.7330529e-001
 1.7305718e-001
 1.7286725e-001
 1.7273724e-001
 1.7265607e-001
 1.7260213e-001
 1.7254728e-001
 1.7246324e-001
 1.7232879e-001
 1.7213531e-001
 1.7188917e-001
 1.7160986e-001
 1.7132671e-001
 1.7107539e-001
 1.7089325e-001
 1.7081422e-001
 1.7086175e-001
 1.7104155e-001
 1.7133753e-001
 1.7171448e-001
 1.7212829e-001
 1.7254145e-001
 1.7293513e-001
 1.7331149e-001
 1.7368628e-001
 1.7407522e-001
 1.7448466e-001
 1.7491077e-001
 1.7534642e-001
 1.7578676e-001
 1.7622884e-001
 1.7666788e-001
 1.7709526e-001
 1.7750400e-001
 1.7789927e-001
 1.7830284e-001
 1.7874566e-001
 1.7925167e-001
 1.7982218e-001
 1.8043247e-001
 1.8104203e-001
 1.8161348e-001
 1.8212685e-001
 1.8258502e-001
 1.8301064e-001
 1.8343708e-001
 1.8389767e-001
 1.8441676e-001
 1.8500222e-001
 1.8564406e-001
 1.8631852e-001
 1.8699896e-001
 1.8766530e-001
 1.8830723e-001
 1.8892021e-001
 1.8949461e-001
 1.9000734e-001
 1.9042510e-001
 1.9071865e-001
 1.9088368e-001
 1.9095601e-001
 1.9100887e-001
 1.9113025e-001
 1.9138895e-001
 1.9180550e-001
 1.9234242e-001
 1.9291796e-001
 1.9343801e-001
 1.9382899e-001
 1.9405927e-001
 1.9414261e-001
 1.9412373e-001
 1.9405606e-001
 1.9398247e-001
 1.9392692e-001
 1.9389953e-001
 1.9390854e-001
 1.9396921e-001
 1.9410160e-001
 1.9431812e-001
 1.9460976e-001
 1.9494139e-001
 1.9526038e-001
 1.9551326e-001
 1.9566132e-001
 1.9568641e-001
 1.9558845e-001
 1.9537927e-001
 1.9507763e-001
 1.9470726e-001
 1.9429417e-001
 1.9386338e-001
 1.9343539e-001
 1.9302399e-001
 1.9263820e-001
 1.9228415e-001
 1.9196518e-001
 1.9167730e-001
 1.9140489e-001
 1.9111970e-001
 1.9078650e-001
 1.9037500e-001
 1.8987265e-001
 1.8929027e-001
 1.8865858e-001
 1.8801519e-001
 1.8738917e-001
 1.8678814e-001
 1.8619566e-001
 1.8557800e-001
 1.8489596e-001
 1.8411930e-001
 1.8323824e-001
 1.8226632e-001
 1.8123588e-001
 1.8018596e-001
 1.7914523e-001
 1.7812181e-001
 1.7710133e-001
 1.7605637e-001
 1.7495762e-001
 1.7378284e-001
 1.7251658e-001
 1.7113917e-001
 1.6961800e-001
 1.6790864e-001
 1.6596453e-001
 1.6375642e-001
 1.6128434e-001
 1.5858003e-001
 1.5569133e-001
 1.5266806e-001
 1.4955324e-001
 1.4637497e-001
 1.4314984e-001
 1.3988920e-001
 1.3659982e-001
 1.3329174e-001
 1.2998398e-001
 1.2669773e-001
 1.2345272e-001
 1.2025967e-001
 1.1712589e-001
 1.1406396e-001
 1.1111252e-001
 1.0834987e-001
 1.0588368e-001
 1.0382853e-001
 1.0227275e-001
 1.0124742e-001
 1.0071908e-001
 1.0060045e-001
 1.0077448e-001
 1.0111892e-001
 1.0152325e-001
 1.0189493e-001
 1.0216042e-001
 1.0226452e-001
 1.0217277e-001
 1.0187722e-001
 1.0140190e-001
 1.0080583e-001
 1.0017893e-001
 9.9632472e-002
 9.9284463e-002
 9.9242784e-002
 9.9587046e-002
 1.0035357e-001
 1.0152514e-001
 1.0303354e-001
 1.0477342e-001
 1.0662369e-001
 1.0847379e-001
 1.1023814e-001
 1.1186107e-001
 1.1330906e-001
 1.1456209e-001
 1.1560345e-001
 1.1641792e-001
 1.1700039e-001
 1.1736540e-001
 1.1755247e-001
 1.1762000e-001
 1.1762804e-001
 1.1762057e-001
 1.1761793e-001
 1.1762384e-001
 1.1764181e-001
 1.1768921e-001
 1.1779968e-001
 1.1801139e-001
 1.1834711e-001
 1.1879763e-001
 1.1931722e-001
 1.1983415e-001
 1.2027276e-001
 1.2057406e-001
 1.2070774e-001
 1.2067194e-001
 1.2048537e-001
 1.2017754e-001
 1.1978298e-001
 1.1933893e-001
 1.1888575e-001
 1.1846694e-001
 1.1812490e-001
 1.1789398e-001
 1.1779121e-001
 1.1780978e-001
 1.1791921e-001
 1.1807469e-001
 1.1823191e-001
 1.1836292e-001
 1.1846583e-001
 1.1856508e-001
 1.1870100e-001
 1.1891178e-001
 1.1921461e-001
 1.1959504e-001
 1.2000895e-001
 1.2039638e-001
 1.2069871e-001
 1.2087215e-001
 1.2089083e-001
 1.2074303e-001
 1.2042592e-001
 1.1994430e-001
 1.1931515e-001
 1.1857243e-001
 1.1776823e-001
 1.1696528e-001
 1.1622450e-001
 1.1559155e-001
 1.1509265e-001
 1.1473829e-001
 1.1452933e-001
 1.1446141e-001
 1.1452346e-001
 1.1469439e-001
 1.1494257e-001
 1.1522884e-001
 1.1551269e-001
 1.1575773e-001
 1.1593716e-001
 1.1603887e-001
 1.1606953e-001
 1.1605323e-001
 1.1602301e-001
 1.1600701e-001
 1.1601686e-001
 1.1604597e-001
 1.1607984e-001
 1.1611164e-001
 1.1615169e-001
 1.1622279e-001
 1.1634471e-001
 1.1651871e-001
 1.1672412e-001
 1.1692941e-001
 1.1710843e-001
 1.1724920e-001
 1.1734948e-001
 1.1740334e-001
 1.1739115e-001
 1.1728080e-001
 1.1703841e-001
 1.1664001e-001
 1.1607675e-001
 1.1535170e-001
 1.1447461e-001
 1.1346037e-001
 1.1232932e-001
 1.1111040e-001
 1.0984258e-001
 1.0857120e-001
 1.0734724e-001
 1.0622659e-001
 1.0527083e-001
 1.0454132e-001
 1.0408871e-001
 1.0393609e-001
 1.0406332e-001
 1.0440470e-001
 1.0486338e-001
 1.0534145e-001
 1.0577001e-001
 1.0612445e-001
 1.0641821e-001
 1.0667904e-001
 1.0692458e-001
 1.0715062e-001
 1.0733703e-001
 1.0746405e-001
 1.0752897e-001
 1.0755389e-001
 1.0758042e-001
 1.0765368e-001
 1.0780330e-001
 1.0803195e-001
 1.0831860e-001
 1.0863441e-001
 1.0896169e-001
 1.0930336e-001
 1.0967910e-001
 1.1011429e-001
 1.1062821e-001
 1.1122707e-001
 1.1190225e-001
 1.1262868e-001
 1.1336351e-001
 1.1404986e-001
 1.1462504e-001
 1.1503600e-001
 1.1525484e-001
 1.1528853e-001
 1.1517498e-001
 1.1496899e-001
 1.1472391e-001
 1.1447855e-001
 1.1425300e-001
 1.1405101e-001
 1.1386780e-001
 1.1370102e-001
 1.1356333e-001
 1.1348758e-001
 1.1351641e-001
 1.1367542e-001
 1.1394594e-001
 1.1425890e-001
 1.1451814e-001
 1.1464039e-001
 1.1458492e-001
 1.1435847e-001
 1.1400189e-001
 1.1357483e-001
 1.1314817e-001
 1.1279763e-001
 1.1258804e-001
 1.1255232e-001
 1.1267750e-001
 1.1290901e-001
 1.1316980e-001
 1.1337879e-001
 1.1345920e-001
 1.1333847e-001
 1.1295209e-001
 1.1225900e-001
 1.1126070e-001
 1.1001009e-001
 1.0859925e-001
 1.0712546e-001
 1.0565949e-001
 1.0423434e-001
 1.0285877e-001
 1.0154958e-001
 1.0035276e-001
 9.9340431e-002
 9.8583519e-002
 9.8126128e-002
 9.7975187e-002
 9.8103717e-002
 9.8454304e-002
 9.8931029e-002
 9.9393055e-002
 9.9670440e-002
 9.9612713e-002
 9.9152394e-002
 9.8344348e-002
 9.7352877e-002
 9.6388027e-002
 9.5618919e-002
 9.5112137e-002
 9.4822325e-002
 9.4637610e-002
 9.4457358e-002
 9.4261549e-002
 9.4137713e-002
 9.4251774e-002
 9.4774842e-002
 9.5798679e-002
 9.7280949e-002
 9.9045433e-002
 1.0083804e-001
 1.0242050e-001
 1.0365301e-001
 1.0453328e-001
 1.0517776e-001
 1.0575263e-001
 1.0639220e-001
 1.0714023e-001
 1.0793273e-001
 1.0862608e-001
 1.0905370e-001
 1.0909081e-001
 1.0869719e-001
 1.0792306e-001
 1.0687549e-001
 1.0567066e-001
 1.0440495e-001
 1.0315824e-001
 1.0202152e-001
 1.0111053e-001
 1.0054326e-001
 1.0038429e-001
 1.0059504e-001
 1.0102355e-001
 1.0144909e-001
 1.0166091e-001
 1.0153307e-001
 1.0106135e-001
 1.0034843e-001
 9.9552214e-002
 9.8822191e-002
 9.8253824e-002
 9.7870879e-002
 9.7633220e-002
 9.7455867e-002
 9.7229742e-002
 9.6839964e-002
 9.6186779e-002
 9.5216759e-002
 9.3963973e-002
 9.2580147e-002
 9.1329299e-002
 9.0521768e-002
 9.0399601e-002
 9.1020584e-002
 9.2212126e-002
 9.3629628e-002
 9.4904661e-002
 9.5802493e-002
 9.6309289e-002
 9.6609920e-002
 9.6974120e-002
 9.7617455e-002
 9.8603003e-002
 9.9819258e-002
 1.0103139e-001
 1.0196700e-001
 1.0239381e-001
 1.0215287e-001
 1.0115660e-001
 9.9379122e-002
 9.6866898e-002
 9.3769580e-002
 9.0346873e-002
 8.6931191e-002
 8.3840698e-002
 8.1293091e-002
 7.9356089e-002
 7.7964008e-002
 7.6966353e-002
 7.6172523e-002
 7.5381123e-002
 7.4396878e-002
 7.3046945e-002
 7.1200870e-002
 6.8785876e-002
 6.5804072e-002
 6.2349591e-002
 5.8631361e-002
 5.4973476e-002
 5.1755782e-002
 4.9312852e-002
 4.7820352e-002
 4.7220159e-002
 4.7230534e-002
 4.7430810e-002
 4.7394592e-002
 4.6824373e-002
 4.5639265e-002
 4.3984894e-002
 4.2161502e-002
 4.0514279e-002
 3.9335374e-002
 3.8802207e-002
 3.8956936e-002
 3.9708376e-002
 4.0865026e-002
 4.2210784e-002
 4.3608110e-002
 4.5067687e-002
 4.6726547e-002
 4.8727307e-002
 5.1083442e-002
 5.3646237e-002
 5.6205500e-002
 5.8650065e-002
 6.1052933e-002
 6.3583843e-002
 6.6308744e-002
 6.9043890e-002
 7.1395457e-002
 7.2994292e-002
 7.3764175e-002
 7.4025393e-002
 7.4324958e-002
 7.5083196e-002
 7.6277047e-002
 7.7377185e-002
 7.7603824e-002
 7.6363191e-002
 7.3586561e-002
 6.9759361e-002
 6.5652154e-002
 6.1956279e-002
 5.9068516e-002
-1.2300000e+034
