s07_ASD Record=7805: Muscovite GDS113 Ruby         BECKa AREF
 4.0017772e-001
 4.0244210e-001
 4.0476337e-001
 4.0714887e-001
 4.0959528e-001
 4.1208774e-001
 4.1460499e-001
 4.1712546e-001
 4.1963419e-001
 4.2212617e-001
 4.2460749e-001
 4.2709199e-001
 4.2959863e-001
 4.3214875e-001
 4.3476206e-001
 4.3745241e-001
 4.4022524e-001
 4.4308046e-001
 4.4601426e-001
 4.4902030e-001
 4.5208791e-001
 4.5520037e-001
 4.5833611e-001
 4.6147147e-001
 4.6458551e-001
 4.6766180e-001
 4.7069016e-001
 4.7366479e-001
 4.7658044e-001
 4.7943181e-001
 4.8221633e-001
 4.8493782e-001
 4.8760504e-001
 4.9023136e-001
 4.9283677e-001
 4.9544600e-001
 4.9808386e-001
 5.0077260e-001
 5.0353020e-001
 5.0636685e-001
 5.0928301e-001
 5.1226950e-001
 5.1530910e-001
 5.1837969e-001
 5.2145565e-001
 5.2451009e-001
 5.2751714e-001
 5.3045684e-001
 5.3331858e-001
 5.3610212e-001
 5.3881323e-001
 5.4145753e-001
 5.4403687e-001
 5.4654908e-001
 5.4899174e-001
 5.5136389e-001
 5.5366737e-001
 5.5590540e-001
 5.5807495e-001
 5.6015003e-001
 5.6208563e-001
 5.6388581e-001
 5.6556135e-001
 5.6711316e-001
 5.6856906e-001
 5.7001203e-001
 5.7151663e-001
 5.7311952e-001
 5.7482743e-001
 5.7662106e-001
 5.7847017e-001
 5.8035302e-001
 5.8226818e-001
 5.8423144e-001
 5.8626455e-001
 5.8838195e-001
 5.9057921e-001
 5.9282660e-001
 5.9506875e-001
 5.9723306e-001
 5.9924817e-001
 6.0106653e-001
 6.0268241e-001
 6.0413337e-001
 6.0548317e-001
 6.0679352e-001
 6.0809892e-001
 6.0939825e-001
 6.1066514e-001
 6.1187124e-001
 6.1300820e-001
 6.1409992e-001
 6.1519641e-001
 6.1635500e-001
 6.1761761e-001
 6.1899507e-001
 6.2046480e-001
 6.2198275e-001
 6.2350529e-001
 6.2500644e-001
 6.2648231e-001
 6.2794220e-001
 6.2939513e-001
 6.3084036e-001
 6.3226569e-001
 6.3365412e-001
 6.3499117e-001
 6.3626599e-001
 6.3746512e-001
 6.3856882e-001
 6.3955784e-001
 6.4042729e-001
 6.4119524e-001
 6.4189190e-001
 6.4253688e-001
 6.4312363e-001
 6.4362979e-001
 6.4404440e-001
 6.4438677e-001
 6.4470154e-001
 6.4503706e-001
 6.4542818e-001
 6.4589548e-001
 6.4645475e-001
 6.4712626e-001
 6.4793807e-001
 6.4892304e-001
 6.5010703e-001
 6.5148991e-001
 6.5302718e-001
 6.5463239e-001
 6.5621036e-001
 6.5770537e-001
 6.5912837e-001
 6.6053897e-001
 6.6199529e-001
 6.6350853e-001
 6.6503227e-001
 6.6648239e-001
 6.6776884e-001
 6.6882312e-001
 6.6961282e-001
 6.7013770e-001
 6.7040330e-001
 6.7039543e-001
 6.7009121e-001
 6.6950536e-001
 6.6871434e-001
 6.6781300e-001
 6.6684550e-001
 6.6579449e-001
 6.6464031e-001
 6.6341650e-001
 6.6220480e-001
 6.6109228e-001
 6.6014045e-001
 6.5938020e-001
 6.5881592e-001
 6.5843403e-001
 6.5822005e-001
 6.5817314e-001
 6.5829098e-001
 6.5853190e-001
 6.5880853e-001
 6.5904105e-001
 6.5921170e-001
 6.5935093e-001
 6.5948337e-001
 6.5961593e-001
 6.5976846e-001
 6.5997624e-001
 6.6025305e-001
 6.6057444e-001
 6.6089582e-001
 6.6116828e-001
 6.6135097e-001
 6.6144913e-001
 6.6153729e-001
 6.6170597e-001
 6.6197371e-001
 6.6227525e-001
 6.6253388e-001
 6.6271955e-001
 6.6284263e-001
 6.6292697e-001
 6.6299802e-001
 6.6307318e-001
 6.6315961e-001
 6.6327447e-001
 6.6345382e-001
 6.6371304e-001
 6.6401130e-001
 6.6429400e-001
 6.6456550e-001
 6.6488254e-001
 6.6527772e-001
 6.6572225e-001
 6.6615885e-001
 6.6653603e-001
 6.6681963e-001
 6.6701853e-001
 6.6720927e-001
 6.6749471e-001
 6.6791135e-001
 6.6838115e-001
 6.6876918e-001
 6.6899860e-001
 6.6912276e-001
 6.6929579e-001
 6.6966319e-001
 6.7025423e-001
 6.7095059e-001
 6.7155451e-001
 6.7191976e-001
 6.7206085e-001
 6.7215347e-001
 6.7240489e-001
 6.7288715e-001
 6.7347604e-001
 6.7395759e-001
 6.7421860e-001
 6.7434770e-001
 6.7454869e-001
 6.7496061e-001
 6.7557037e-001
 6.7627537e-001
 6.7699623e-001
 6.7772883e-001
 6.7851716e-001
 6.7940533e-001
 6.8041110e-001
 6.8149936e-001
 6.8254685e-001
 6.8338567e-001
 6.8396753e-001
 6.8446505e-001
 6.8512917e-001
 6.8607301e-001
 6.8727195e-001
 6.8868232e-001
 6.9019520e-001
 6.9154352e-001
 6.9247663e-001
 6.9304663e-001
 6.9357437e-001
 6.9433230e-001
 6.9536573e-001
 6.9656914e-001
 6.9779712e-001
 6.9894010e-001
 7.0002246e-001
 7.0119041e-001
 7.0251429e-001
 7.0387453e-001
 7.0513314e-001
 7.0634168e-001
 7.0762187e-001
 7.0890671e-001
 7.0999801e-001
 7.1087569e-001
 7.1173203e-001
 7.1266901e-001
 7.1357155e-001
 7.1435094e-001
 7.1513349e-001
 7.1609318e-001
 7.1722764e-001
 7.1841997e-001
 7.1960348e-001
 7.2073984e-001
 7.2174823e-001
 7.2261965e-001
 7.2348934e-001
 7.2442615e-001
 7.2532129e-001
 7.2614723e-001
 7.2707385e-001
 7.2817415e-001
 7.2925514e-001
 7.3013318e-001
 7.3087758e-001
 7.3164433e-001
 7.3243564e-001
 7.3321819e-001
 7.3410004e-001
 7.3516601e-001
 7.3630637e-001
 7.3734730e-001
 7.3826355e-001
 7.3917669e-001
 7.4015284e-001
 7.4105585e-001
 7.4169672e-001
 7.4212879e-001
 7.4261343e-001
 7.4325186e-001
 7.4389577e-001
 7.4449039e-001
 7.4521911e-001
 7.4619883e-001
 7.4730229e-001
 7.4837828e-001
 7.4939167e-001
 7.5026399e-001
 7.5085020e-001
 7.5119871e-001
 7.5160044e-001
 7.5225627e-001
 7.5307906e-001
 7.5389630e-001
 7.5466949e-001
 7.5545174e-001
 7.5628006e-001
 7.5718009e-001
 7.5818390e-001
 7.5927299e-001
 7.6033801e-001
 7.6123095e-001
 7.6185048e-001
 7.6221955e-001
 7.6249677e-001
 7.6288098e-001
 7.6349145e-001
 7.6432776e-001
 7.6529092e-001
 7.6621687e-001
 7.6694643e-001
 7.6744127e-001
 7.6785403e-001
 7.6843363e-001
 7.6930600e-001
 7.7033001e-001
 7.7119350e-001
 7.7167886e-001
 7.7185088e-001
 7.7199334e-001
 7.7237791e-001
 7.7309090e-001
 7.7403581e-001
 7.7503836e-001
 7.7593601e-001
 7.7662462e-001
 7.7709466e-001
 7.7744561e-001
 7.7782738e-001
 7.7832121e-001
 7.7886754e-001
 7.7934343e-001
 7.7973789e-001
 7.8023267e-001
 7.8102386e-001
 7.8197330e-001
 7.8250802e-001
 7.8228152e-001
 7.8198397e-001
 7.8231853e-001
 7.8306329e-001
 7.8366679e-001
 7.8410351e-001
 7.8469139e-001
 7.8549957e-001
 7.8629166e-001
 7.8683925e-001
 7.8718978e-001
 7.8764391e-001
 7.8839231e-001
 7.8923720e-001
 7.8977746e-001
 7.8979862e-001
 7.8949308e-001
 7.8934664e-001
 7.8970134e-001
 7.9044813e-001
 7.9121995e-001
 7.9175782e-001
 7.9205680e-001
 7.9229820e-001
 7.9268116e-001
 7.9325378e-001
 7.9384607e-001
 7.9420561e-001
 7.9431945e-001
 7.9450893e-001
 7.9503262e-001
 7.9575795e-001
 7.9640186e-001
 7.9688358e-001
 7.9727674e-001
 7.9758173e-001
 7.9767483e-001
 7.9748607e-001
 7.9724497e-001
 7.9735398e-001
 7.9777926e-001
 7.9789627e-001
 7.9740155e-001
 7.9689348e-001
 7.9694653e-001
 7.9747766e-001
 7.9777116e-001
 7.9758382e-001
 7.9772592e-001
 7.9863489e-001
 7.9974914e-001
 8.0039495e-001
 8.0035341e-001
 7.9980201e-001
 7.9904073e-001
 7.9833716e-001
 7.9789746e-001
 7.9784280e-001
 7.9810971e-001
 7.9846436e-001
 7.9867655e-001
 7.9869121e-001
 7.9862845e-001
 7.9862845e-001
 7.9871869e-001
 7.9881227e-001
 7.9880869e-001
 7.9867768e-001
 7.9846388e-001
 7.9823631e-001
 7.9805255e-001
 7.9795045e-001
 7.9794770e-001
 7.9803556e-001
 7.9817653e-001
 7.9831481e-001
 7.9838049e-001
 7.9834563e-001
 7.9814541e-001
 7.9774976e-001
 7.9725730e-001
 7.9681814e-001
 7.9658282e-001
 7.9666525e-001
 7.9693758e-001
 7.9717469e-001
 7.9715145e-001
 7.9668736e-001
 7.9589719e-001
 7.9501486e-001
 7.9427493e-001
 7.9387462e-001
 7.9376370e-001
 7.9379171e-001
 7.9380804e-001
 7.9368180e-001
 7.9341328e-001
 7.9299188e-001
 7.9259926e-001
 7.9223353e-001
 7.9191476e-001
 7.9163057e-001
 7.9136717e-001
 7.9111081e-001
 7.9084867e-001
 7.9058594e-001
 7.9034674e-001
 7.9015553e-001
 7.9003692e-001
 7.9001367e-001
 7.9006541e-001
 7.9012948e-001
 7.9014140e-001
 7.9003662e-001
 7.8975368e-001
 7.8929591e-001
 7.8873092e-001
 7.8812850e-001
 7.8755879e-001
 7.8709173e-001
 7.8677845e-001
 7.8659654e-001
 7.8650606e-001
 7.8646672e-001
 7.8643864e-001
 7.8638148e-001
 7.8626466e-001
 7.8609395e-001
 7.8588355e-001
 7.8564823e-001
 7.8540212e-001
 7.8515983e-001
 7.8493559e-001
 7.8473932e-001
 7.8456289e-001
 7.8439403e-001
 7.8422046e-001
 7.8402972e-001
 7.8380978e-001
 7.8354800e-001
 7.8323233e-001
 7.8285640e-001
 7.8243715e-001
 7.8199649e-001
 7.8155673e-001
 7.8113973e-001
 7.8076798e-001
 7.8046334e-001
 7.8024805e-001
 7.8013557e-001
 7.8010708e-001
 7.8013623e-001
 7.8019661e-001
 7.8026187e-001
 7.8030556e-001
 7.8030157e-001
 7.8022325e-001
 7.8005183e-001
 7.7979618e-001
 7.7947122e-001
 7.7909225e-001
 7.7867424e-001
 7.7823246e-001
 7.7778178e-001
 7.7733755e-001
 7.7691483e-001
 7.7652878e-001
 7.7619439e-001
 7.7592689e-001
 7.7573681e-001
 7.7561849e-001
 7.7556235e-001
 7.7555895e-001
 7.7559876e-001
 7.7567250e-001
 7.7577043e-001
 7.7588332e-001
 7.7600145e-001
 7.7611548e-001
 7.7621597e-001
 7.7629334e-001
 7.7634150e-001
 7.7636588e-001
 7.7637458e-001
 7.7637565e-001
 7.7637738e-001
 7.7638763e-001
 7.7641469e-001
 7.7646661e-001
 7.7655143e-001
 7.7667725e-001
 7.7685231e-001
 7.7708018e-001
 7.7734953e-001
 7.7764523e-001
 7.7795255e-001
 7.7825636e-001
 7.7854198e-001
 7.7879435e-001
 7.7899867e-001
 7.7914000e-001
 7.7920347e-001
 7.7917969e-001
 7.7907932e-001
 7.7891684e-001
 7.7870715e-001
 7.7846467e-001
 7.7820444e-001
 7.7794075e-001
 7.7768874e-001
 7.7746272e-001
 7.7727759e-001
 7.7714497e-001
 7.7706611e-001
 7.7704000e-001
 7.7706593e-001
 7.7714270e-001
 7.7726954e-001
 7.7744544e-001
 7.7766955e-001
 7.7794087e-001
 7.7825856e-001
 7.7861929e-001
 7.7901322e-001
 7.7942824e-001
 7.7985269e-001
 7.8027493e-001
 7.8068304e-001
 7.8106523e-001
 7.8141004e-001
 7.8170544e-001
 7.8194445e-001
 7.8213567e-001
 7.8229111e-001
 7.8242248e-001
 7.8254181e-001
 7.8266102e-001
 7.8279179e-001
 7.8294617e-001
 7.8312832e-001
 7.8331614e-001
 7.8348279e-001
 7.8360122e-001
 7.8364408e-001
 7.8358454e-001
 7.8339541e-001
 7.8304964e-001
 7.8253371e-001
 7.8187799e-001
 7.8112209e-001
 7.8030550e-001
 7.7946746e-001
 7.7864778e-001
 7.7788568e-001
 7.7722079e-001
 7.7668732e-001
 7.7630234e-001
 7.7607977e-001
 7.7605754e-001
 7.7622628e-001
 7.7659333e-001
 7.7716070e-001
 7.7790844e-001
 7.7879721e-001
 7.7977312e-001
 7.8077543e-001
 7.8174257e-001
 7.8262138e-001
 7.8338271e-001
 7.8403115e-001
 7.8459561e-001
 7.8511465e-001
 7.8562701e-001
 7.8616422e-001
 7.8674412e-001
 7.8736866e-001
 7.8802794e-001
 7.8870600e-001
 7.8938442e-001
 7.9004335e-001
 7.9066110e-001
 7.9121405e-001
 7.9167712e-001
 7.9202616e-001
 7.9224163e-001
 7.9231602e-001
 7.9226142e-001
 7.9211146e-001
 7.9191703e-001
 7.9173684e-001
 7.9162711e-001
 7.9163057e-001
 7.9176819e-001
 7.9203594e-001
 7.9240960e-001
 7.9285276e-001
 7.9332453e-001
 7.9378533e-001
 7.9378629e-001
 7.9398131e-001
 7.9412371e-001
 7.9420483e-001
 7.9422146e-001
 7.9417622e-001
 7.9407746e-001
 7.9393822e-001
 7.9377562e-001
 7.9360914e-001
 7.9345888e-001
 7.9334313e-001
 7.9327631e-001
 7.9326719e-001
 7.9331863e-001
 7.9342765e-001
 7.9358655e-001
 7.9378432e-001
 7.9400760e-001
 7.9424244e-001
 7.9447538e-001
 7.9469442e-001
 7.9488993e-001
 7.9505467e-001
 7.9518390e-001
 7.9527539e-001
 7.9532951e-001
 7.9534912e-001
 7.9533905e-001
 7.9530555e-001
 7.9525554e-001
 7.9519582e-001
 7.9513252e-001
 7.9507107e-001
 7.9501599e-001
 7.9497147e-001
 7.9494101e-001
 7.9492795e-001
 7.9493523e-001
 7.9496503e-001
 7.9501855e-001
 7.9509550e-001
 7.9519379e-001
 7.9530978e-001
 7.9543841e-001
 7.9557455e-001
 7.9571337e-001
 7.9585147e-001
 7.9598707e-001
 7.9611969e-001
 7.9624921e-001
 7.9637426e-001
 7.9649132e-001
 7.9659367e-001
 7.9667193e-001
 7.9671526e-001
 7.9671407e-001
 7.9666233e-001
 7.9656017e-001
 7.9641521e-001
 7.9624254e-001
 7.9606295e-001
 7.9590017e-001
 7.9577684e-001
 7.9571128e-001
 7.9571456e-001
 7.9578894e-001
 7.9592782e-001
 7.9611719e-001
 7.9633808e-001
 7.9656965e-001
 7.9679233e-001
 7.9699051e-001
 7.9715461e-001
 7.9728127e-001
 7.9737371e-001
 7.9744011e-001
 7.9749167e-001
 7.9754072e-001
 7.9759830e-001
 7.9767257e-001
 7.9776800e-001
 7.9788470e-001
 7.9801947e-001
 7.9816616e-001
 7.9831749e-001
 7.9846650e-001
 7.9860771e-001
 7.9873848e-001
 7.9885918e-001
 7.9897332e-001
 7.9908705e-001
 7.9920781e-001
 7.9934299e-001
 7.9949856e-001
 7.9967743e-001
 7.9987884e-001
 8.0009800e-001
 8.0032617e-001
 8.0055255e-001
 8.0076510e-001
 8.0095333e-001
 8.0110949e-001
 8.0123013e-001
 8.0131650e-001
 8.0137408e-001
 8.0141169e-001
 8.0143958e-001
 8.0146784e-001
 8.0150539e-001
 8.0155879e-001
 8.0163234e-001
 8.0172825e-001
 8.0184704e-001
 8.0198807e-001
 8.0214936e-001
 8.0232757e-001
 8.0251813e-001
 8.0271494e-001
 8.0291128e-001
 8.0310082e-001
 8.0327868e-001
 8.0344319e-001
 8.0359602e-001
 8.0374217e-001
 8.0388874e-001
 8.0404276e-001
 8.0420941e-001
 8.0438989e-001
 8.0458134e-001
 8.0477744e-001
 8.0497044e-001
 8.0515373e-001
 8.0532449e-001
 8.0548531e-001
 8.0564392e-001
 8.0581224e-001
 8.0600369e-001
 8.0623007e-001
 8.0649924e-001
 8.0681336e-001
 8.0716854e-001
 8.0755609e-001
 8.0796438e-001
 8.0838078e-001
 8.0879402e-001
 8.0919486e-001
 8.0957711e-001
 8.0993634e-001
 8.1026942e-001
 8.1057340e-001
 8.1084442e-001
 8.1107748e-001
 8.1126696e-001
 8.1140751e-001
 8.1149560e-001
 8.1153089e-001
 8.1151789e-001
 8.1146622e-001
 8.1139046e-001
 8.1130898e-001
 8.1124204e-001
 8.1120902e-001
 8.1122619e-001
 8.1130439e-001
 8.1144798e-001
 8.1165415e-001
 8.1191379e-001
 8.1221294e-001
 8.1253475e-001
 8.1286168e-001
 8.1317765e-001
 8.1346965e-001
 8.1372923e-001
 8.1395268e-001
 8.1414151e-001
 8.1430161e-001
 8.1444234e-001
 8.1457567e-001
 8.1471443e-001
 8.1487107e-001
 8.1505650e-001
 8.1527877e-001
 8.1554240e-001
 8.1584781e-001
 8.1619149e-001
 8.1656587e-001
 8.1696033e-001
 8.1736249e-001
 8.1775910e-001
 8.1813800e-001
 8.1848925e-001
 8.1880647e-001
 8.1908733e-001
 8.1933391e-001
 8.1955200e-001
 8.1975013e-001
 8.1993824e-001
 8.2012594e-001
 8.2032144e-001
 8.2053012e-001
 8.2075429e-001
 8.2099313e-001
 8.2124311e-001
 8.2149899e-001
 8.2175487e-001
 8.2200545e-001
 8.2224661e-001
 8.2247633e-001
 8.2269478e-001
 8.2290411e-001
 8.2310802e-001
 8.2331109e-001
 8.2351774e-001
 8.2373208e-001
 8.2395685e-001
 8.2419389e-001
 8.2444376e-001
 8.2470620e-001
 8.2498074e-001
 8.2526672e-001
 8.2556397e-001
 8.2587272e-001
 8.2619357e-001
 8.2652736e-001
 8.2687443e-001
 8.2723480e-001
 8.2760727e-001
 8.2798970e-001
 8.2837874e-001
 8.2877016e-001
 8.2915926e-001
 8.2954079e-001
 8.2990932e-001
 8.3025926e-001
 8.3058459e-001
 8.3087909e-001
 8.3113647e-001
 8.3135116e-001
 8.3151996e-001
 8.3164322e-001
 8.3172643e-001
 8.3178121e-001
 8.3182490e-001
 8.3187914e-001
 8.3196682e-001
 8.3210838e-001
 8.3231825e-001
 8.3260173e-001
 8.3295423e-001
 8.3336204e-001
 8.3380491e-001
 8.3426076e-001
 8.3470923e-001
 8.3513564e-001
 8.3553261e-001
 8.3590001e-001
 8.3624369e-001
 8.3657235e-001
 8.3689493e-001
 8.3721793e-001
 8.3754438e-001
 8.3787370e-001
 8.3820224e-001
 8.3852482e-001
 8.3883661e-001
 8.3913392e-001
 8.3941507e-001
 8.3968014e-001
 8.3993053e-001
 8.4016824e-001
 8.4039444e-001
 8.4060937e-001
 8.4081143e-001
 8.4099776e-001
 8.4116453e-001
 8.4130788e-001
 8.4142512e-001
 8.4151500e-001
 8.4157884e-001
 8.4162033e-001
 8.4164512e-001
 8.4166050e-001
 8.4167445e-001
 8.4169507e-001
 8.4172958e-001
 8.4178394e-001
 8.4186238e-001
 8.4196645e-001
 8.4209484e-001
 8.4224254e-001
 8.4240091e-001
 8.4255779e-001
 8.4269869e-001
 8.4280854e-001
 8.4287423e-001
 8.4288710e-001
 8.4284538e-001
 8.4275496e-001
 8.4262925e-001
 8.4248716e-001
 8.4234971e-001
 8.4223634e-001
 8.4216124e-001
 8.4213132e-001
 8.4214538e-001
 8.4219539e-001
 8.4226876e-001
 8.4235162e-001
 8.4243149e-001
 8.4249955e-001
 8.4255111e-001
 8.4258544e-001
 8.4260476e-001
 8.4261280e-001
 8.4261405e-001
 8.4261292e-001
 8.4261417e-001
 8.4262329e-001
 8.4264678e-001
 8.4269255e-001
 8.4276927e-001
 8.4288567e-001
 8.4304929e-001
 8.4326518e-001
 8.4353477e-001
 8.4385562e-001
 8.4422147e-001
 8.4462327e-001
 8.4505057e-001
 8.4549326e-001
 8.4594303e-001
 8.4639430e-001
 8.4684473e-001
 8.4729433e-001
 8.4774435e-001
 8.4819549e-001
 8.4864652e-001
 8.4909338e-001
 8.4952933e-001
 8.4994590e-001
 8.5033518e-001
 8.5069150e-001
 8.5101342e-001
 8.5130465e-001
 8.5157287e-001
 8.5182852e-001
 8.5208184e-001
 8.5233986e-001
 8.5260469e-001
 8.5287184e-001
 8.5313112e-001
 8.5336757e-001
 8.5356456e-001
 8.5370630e-001
 8.5378027e-001
 8.5377920e-001
 8.5370147e-001
 8.5355079e-001
 8.5333502e-001
 8.5306436e-001
 8.5274893e-001
 8.5239768e-001
 8.5201633e-001
 8.5160720e-001
 8.5116905e-001
 8.5069793e-001
 8.5018808e-001
 8.4963381e-001
 8.4903014e-001
 8.4837413e-001
 8.4766513e-001
 8.4690368e-001
 8.4609091e-001
 8.4522557e-001
 8.4430194e-001
 8.4330648e-001
 8.4221476e-001
 8.4098971e-001
 8.3957905e-001
 8.3791584e-001
 8.3591896e-001
 8.3349437e-001
 8.3054054e-001
 8.2695049e-001
 8.2261974e-001
 8.1745243e-001
 8.1136614e-001
 8.0430311e-001
 7.9623598e-001
 7.8717130e-001
 7.7716076e-001
 7.6629502e-001
 7.5471073e-001
 7.4258232e-001
 7.3010892e-001
 7.1751314e-001
 7.0501626e-001
 6.9283503e-001
 6.8116552e-001
 6.7017019e-001
 6.5998381e-001
 6.5070373e-001
 6.4240438e-001
 6.3514274e-001
 6.2896788e-001
 6.2393719e-001
 6.2011904e-001
 6.1759967e-001
 6.1647773e-001
 6.1685425e-001
 6.1881900e-001
 6.2243354e-001
 6.2771416e-001
 6.3461971e-001
 6.4304918e-001
 6.5283865e-001
 6.6377175e-001
 6.7559856e-001
 6.8804359e-001
 7.0083493e-001
 7.1371025e-001
 7.2643423e-001
 7.3881227e-001
 7.5068456e-001
 7.6193857e-001
 7.7249676e-001
 7.8231651e-001
 7.9138690e-001
 7.9971409e-001
 8.0732310e-001
 8.1424469e-001
 8.2051378e-001
 8.2616824e-001
 8.3124197e-001
 8.3577019e-001
 8.3978593e-001
 8.4332329e-001
 8.4642017e-001
 8.4911609e-001
 8.5145396e-001
 8.5347950e-001
 8.5523754e-001
 8.5677201e-001
 8.5812217e-001
 8.5932189e-001
 8.6039907e-001
 8.6137491e-001
 8.6226547e-001
 8.6308199e-001
 8.6383301e-001
 8.6452544e-001
 8.6516541e-001
 8.6575937e-001
 8.6631405e-001
 8.6683637e-001
 8.6733395e-001
 8.6781400e-001
 8.6828363e-001
 8.6874938e-001
 8.6921698e-001
 8.6969149e-001
 8.7017637e-001
 8.7067354e-001
 8.7118262e-001
 8.7170035e-001
 8.7222028e-001
 8.7273270e-001
 8.7322521e-001
 8.7368423e-001
 8.7409645e-001
 8.7445140e-001
 8.7474269e-001
 8.7496960e-001
 8.7513727e-001
 8.7525576e-001
 8.7533814e-001
 8.7539834e-001
 8.7544912e-001
 8.7550008e-001
 8.7555772e-001
 8.7562525e-001
 8.7570447e-001
 8.7579679e-001
 8.7590486e-001
 8.7603283e-001
 8.7618619e-001
 8.7637043e-001
 8.7658936e-001
 8.7684333e-001
 8.7712783e-001
 8.7743318e-001
 8.7774515e-001
 8.7804669e-001
 8.7832063e-001
 8.7855250e-001
 8.7873334e-001
 8.7886167e-001
 8.7894398e-001
 8.7899435e-001
 8.7903154e-001
 8.7907648e-001
 8.7914795e-001
 8.7925971e-001
 8.7941831e-001
 8.7962222e-001
 8.7986290e-001
 8.8012713e-001
 8.8040006e-001
 8.8066876e-001
 8.8092452e-001
 8.8116455e-001
 8.8139194e-001
 8.8161409e-001
 8.8184059e-001
 8.8207978e-001
 8.8233596e-001
 8.8260698e-001
 8.8288277e-001
 8.8314652e-001
 8.8337755e-001
 8.8355464e-001
 8.8365996e-001
 8.8368136e-001
 8.8361377e-001
 8.8346076e-001
 8.8323587e-001
 8.8296175e-001
 8.8266838e-001
 8.8238961e-001
 8.8215852e-001
 8.8200301e-001
 8.8194233e-001
 8.8198465e-001
 8.8212603e-001
 8.8235205e-001
 8.8264108e-001
 8.8296837e-001
 8.8330919e-001
 8.8364190e-001
 8.8394970e-001
 8.8422137e-001
 8.8445145e-001
 8.8464028e-001
 8.8479245e-001
 8.8491583e-001
 8.8501990e-001
 8.8511431e-001
 8.8520777e-001
 8.8530731e-001
 8.8541794e-001
 8.8554227e-001
 8.8568091e-001
 8.8583261e-001
 8.8599461e-001
 8.8616312e-001
 8.8633364e-001
 8.8650131e-001
 8.8666129e-001
 8.8680881e-001
 8.8693994e-001
 8.8705188e-001
 8.8714337e-001
 8.8721544e-001
 8.8727129e-001
 8.8731670e-001
 8.8735920e-001
 8.8740718e-001
 8.8746887e-001
 8.8755071e-001
 8.8765591e-001
 8.8778394e-001
 8.8793033e-001
 8.8808763e-001
 8.8824707e-001
 8.8840002e-001
 8.8853973e-001
 8.8866216e-001
 8.8876671e-001
 8.8885641e-001
 8.8893694e-001
 8.8901645e-001
 8.8910347e-001
 8.8920611e-001
 8.8933069e-001
 8.8948047e-001
 8.8965565e-001
 8.8985336e-001
 8.9006793e-001
 8.9029187e-001
 8.9051664e-001
 8.9073372e-001
 8.9093500e-001
 8.9111364e-001
 8.9126444e-001
 8.9138389e-001
 8.9147049e-001
 8.9152467e-001
 8.9154863e-001
 8.9154643e-001
 8.9152366e-001
 8.9148712e-001
 8.9144468e-001
 8.9140493e-001
 8.9137644e-001
 8.9136767e-001
 8.9138639e-001
 8.9143884e-001
 8.9152938e-001
 8.9165980e-001
 8.9182854e-001
 8.9203048e-001
 8.9225686e-001
 8.9249539e-001
 8.9273131e-001
 8.9294851e-001
 8.9313108e-001
 8.9326531e-001
 8.9334124e-001
 8.9335406e-001
 8.9330477e-001
 8.9320022e-001
 8.9305240e-001
 8.9287698e-001
 8.9269161e-001
 8.9251429e-001
 8.9236128e-001
 8.9224565e-001
 8.9217663e-001
 8.9215857e-001
 8.9219099e-001
 8.9226872e-001
 8.9238232e-001
 8.9251894e-001
 8.9266324e-001
 8.9279902e-001
 8.9291084e-001
 8.9298582e-001
 8.9301556e-001
 8.9299768e-001
 8.9293653e-001
 8.9284337e-001
 8.9273494e-001
 8.9263135e-001
 8.9255321e-001
 8.9251822e-001
 8.9253819e-001
 8.9261669e-001
 8.9274830e-001
 8.9291883e-001
 8.9310753e-001
 8.9329052e-001
 8.9344448e-001
 8.9355111e-001
 8.9360005e-001
 8.9359099e-001
 8.9353281e-001
 8.9344132e-001
 8.9333570e-001
 8.9323473e-001
 8.9315313e-001
 8.9309913e-001
 8.9307296e-001
 8.9306659e-001
 8.9306444e-001
 8.9304590e-001
 8.9298898e-001
 8.9287502e-001
 8.9269280e-001
 8.9244282e-001
 8.9213848e-001
 8.9180601e-001
 8.9148092e-001
 8.9120305e-001
 8.9100999e-001
 8.9093053e-001
 8.9097893e-001
 8.9115232e-001
 8.9143175e-001
 8.9178520e-001
 8.9217341e-001
 8.9255530e-001
 8.9289367e-001
 8.9315987e-001
 8.9333612e-001
 8.9341676e-001
 8.9340800e-001
 8.9332628e-001
 8.9319557e-001
 8.9304340e-001
 8.9289778e-001
 8.9278358e-001
 8.9272046e-001
 8.9272094e-001
 8.9279050e-001
 8.9292777e-001
 8.9312589e-001
 8.9337373e-001
 8.9365733e-001
 8.9396137e-001
 8.9426982e-001
 8.9456725e-001
 8.9483917e-001
 8.9507270e-001
 8.9525741e-001
 8.9538556e-001
 8.9545321e-001
 8.9546031e-001
 8.9541095e-001
 8.9531362e-001
 8.9518023e-001
 8.9502490e-001
 8.9486313e-001
 8.9470977e-001
 8.9457726e-001
 8.9447474e-001
 8.9440691e-001
 8.9437348e-001
 8.9436984e-001
 8.9438784e-001
 8.9441699e-001
 8.9444613e-001
 8.9446509e-001
 8.9446574e-001
 8.9444315e-001
 8.9439613e-001
 8.9432657e-001
 8.9423931e-001
 8.9414090e-001
 8.9403844e-001
 8.9393830e-001
 8.9384514e-001
 8.9376122e-001
 8.9368606e-001
 8.9361656e-001
 8.9354771e-001
 8.9347333e-001
 8.9338720e-001
 8.9328384e-001
 8.9315981e-001
 8.9301401e-001
 8.9284813e-001
 8.9266616e-001
 8.9247447e-001
 8.9228040e-001
 8.9209181e-001
 8.9191610e-001
 8.9175904e-001
 8.9162469e-001
 8.9151472e-001
 8.9142859e-001
 8.9136350e-001
 8.9131504e-001
 8.9127731e-001
 8.9124352e-001
 8.9120656e-001
 8.9115912e-001
 8.9109403e-001
 8.9100486e-001
 8.9088619e-001
 8.9073402e-001
 8.9054638e-001
 8.9032376e-001
 8.9006966e-001
 8.8979065e-001
 8.8949645e-001
 8.8919914e-001
 8.8891262e-001
 8.8865149e-001
 8.8842958e-001
 8.8825881e-001
 8.8814837e-001
 8.8810349e-001
 8.8812566e-001
 8.8821197e-001
 8.8835603e-001
 8.8854802e-001
 8.8877600e-001
 8.8902646e-001
 8.8928503e-001
 8.8953763e-001
 8.8977075e-001
 8.8997239e-001
 8.9013243e-001
 8.9024270e-001
 8.9029783e-001
 8.9029521e-001
 8.9023530e-001
 8.9012128e-001
 8.8995922e-001
 8.8975829e-001
 8.8953042e-001
 8.8928998e-001
 8.8905215e-001
 8.8883179e-001
 8.8864166e-001
 8.8849044e-001
 8.8838130e-001
 8.8831091e-001
 8.8826966e-001
 8.8825619e-001
 8.8824958e-001
 8.8821721e-001
 8.8813812e-001
 8.8799500e-001
 8.8777685e-001
 8.8748062e-001
 8.8711047e-001
 8.8667554e-001
 8.8618767e-001
 8.8565975e-001
 8.8510484e-001
 8.8453531e-001
 8.8396239e-001
 8.8339579e-001
 8.8284314e-001
 8.8230985e-001
 8.8179964e-001
 8.8131481e-001
 8.8085675e-001
 8.8042647e-001
 8.8002467e-001
 8.7965190e-001
 8.7930804e-001
 8.7899250e-001
 8.7870377e-001
 8.7843901e-001
 8.7819463e-001
 8.7796634e-001
 8.7774932e-001
 8.7753886e-001
 8.7732989e-001
 8.7711805e-001
 8.7689936e-001
 8.7667108e-001
 8.7643200e-001
 8.7618238e-001
 8.7592417e-001
 8.7566036e-001
 8.7539440e-001
 8.7513041e-001
 8.7487233e-001
 8.7462431e-001
 8.7439048e-001
 8.7417477e-001
 8.7398130e-001
 8.7381393e-001
 8.7367654e-001
 8.7357295e-001
 8.7350702e-001
 8.7348229e-001
 8.7350214e-001
 8.7356907e-001
 8.7368375e-001
 8.7384433e-001
 8.7404484e-001
 8.7427527e-001
 8.7452173e-001
 8.7476754e-001
 8.7499440e-001
 8.7518328e-001
 8.7531537e-001
 8.7537295e-001
 8.7534088e-001
 8.7520826e-001
 8.7496984e-001
 8.7462693e-001
 8.7418640e-001
 8.7365943e-001
 8.7305969e-001
 8.7240207e-001
 8.7170166e-001
 8.7097275e-001
 8.7022829e-001
 8.6947834e-001
 8.6872953e-001
 8.6798453e-001
 8.6724210e-001
 8.6649865e-001
 8.6574864e-001
 8.6498612e-001
 8.6420488e-001
 8.6339855e-001
 8.6256164e-001
 8.6168921e-001
 8.6077768e-001
 8.5982484e-001
 8.5882932e-001
 8.5779101e-001
 8.5671020e-001
 8.5558718e-001
 8.5442293e-001
 8.5321820e-001
 8.5197449e-001
 8.5069400e-001
 8.4937966e-001
 8.4803593e-001
 8.4666759e-001
 8.4528071e-001
 8.4388179e-001
 8.4247702e-001
 8.4107339e-001
 8.3967721e-001
 8.3829546e-001
 8.3693516e-001
 8.3560300e-001
 8.3430660e-001
 8.3305293e-001
 8.3184975e-001
 8.3070463e-001
 8.2962489e-001
 8.2861811e-001
 8.2769126e-001
 8.2685059e-001
 8.2610142e-001
 8.2544702e-001
 8.2488906e-001
 8.2442766e-001
 8.2406145e-001
 8.2378852e-001
 8.2360649e-001
 8.2351255e-001
 8.2350349e-001
 8.2357496e-001
 8.2372075e-001
 8.2393265e-001
 8.2419944e-001
 8.2450795e-001
 8.2484305e-001
 8.2518870e-001
 8.2552850e-001
 8.2584637e-001
 8.2612723e-001
 8.2635862e-001
 8.2653189e-001
 8.2664400e-001
 8.2669801e-001
 8.2670242e-001
 8.2666963e-001
 8.2661474e-001
 8.2655352e-001
 8.2650197e-001
 8.2647485e-001
 8.2648420e-001
 8.2653785e-001
 8.2663757e-001
 8.2677853e-001
 8.2694983e-001
 8.2713640e-001
 8.2732034e-001
 8.2748270e-001
 8.2760477e-001
 8.2766908e-001
 8.2766122e-001
 8.2757211e-001
 8.2739955e-001
 8.2714927e-001
 8.2683408e-001
 8.2647175e-001
 8.2608342e-001
 8.2569140e-001
 8.2531792e-001
 8.2498378e-001
 8.2470638e-001
 8.2449740e-001
 8.2436091e-001
 8.2429224e-001
 8.2427913e-001
 8.2430363e-001
 8.2434434e-001
 8.2437849e-001
 8.2438338e-001
 8.2433778e-001
 8.2422417e-001
 8.2403129e-001
 8.2375598e-001
 8.2340443e-001
 8.2299107e-001
 8.2253659e-001
 8.2206517e-001
 8.2160258e-001
 8.2117444e-001
 8.2080448e-001
 8.2051212e-001
 8.2030946e-001
 8.2019866e-001
 8.2017112e-001
 8.2020819e-001
 8.2028413e-001
 8.2036883e-001
 8.2043022e-001
 8.2043678e-001
 8.2035911e-001
 8.2017338e-001
 8.1986499e-001
 8.1943154e-001
 8.1888467e-001
 8.1824809e-001
 8.1755507e-001
 8.1684375e-001
 8.1615520e-001
 8.1552988e-001
 8.1500614e-001
 8.1461626e-001
 8.1438273e-001
 8.1431502e-001
 8.1440753e-001
 8.1464165e-001
 8.1498891e-001
 8.1541491e-001
 8.1588280e-001
 8.1635547e-001
 8.1679749e-001
 8.1717807e-001
 8.1747419e-001
 8.1767285e-001
 8.1777269e-001
 8.1778276e-001
 8.1771952e-001
 8.1760424e-001
 8.1746006e-001
 8.1731033e-001
 8.1717753e-001
 8.1708074e-001
 8.1703413e-001
 8.1704491e-001
 8.1711239e-001
 8.1722909e-001
 8.1738240e-001
 8.1755644e-001
 8.1773424e-001
 8.1789833e-001
 8.1803215e-001
 8.1812102e-001
 8.1815344e-001
 8.1812245e-001
 8.1802583e-001
 8.1786567e-001
 8.1764758e-001
 8.1737894e-001
 8.1706804e-001
 8.1672341e-001
 8.1635350e-001
 8.1596601e-001
 8.1556743e-001
 8.1516302e-001
 8.1475610e-001
 8.1434840e-001
 8.1394094e-001
 8.1353366e-001
 8.1312615e-001
 8.1271821e-001
 8.1230915e-001
 8.1189817e-001
 8.1148416e-001
 8.1106573e-001
 8.1064093e-001
 8.1020731e-001
 8.0976242e-001
 8.0930328e-001
 8.0882698e-001
 8.0833089e-001
 8.0781227e-001
 8.0726904e-001
 8.0669969e-001
 8.0610418e-001
 8.0548334e-001
 8.0483896e-001
 8.0417413e-001
 8.0349177e-001
 8.0279523e-001
 8.0208808e-001
 8.0137312e-001
 8.0065233e-001
 7.9992610e-001
 7.9919338e-001
 7.9845047e-001
 7.9769158e-001
 7.9691005e-001
 7.9609787e-001
 7.9524648e-001
 7.9434812e-001
 7.9339474e-001
 7.9237920e-001
 7.9129672e-001
 7.9014385e-001
 7.8891975e-001
 7.8762549e-001
 7.8626460e-001
 7.8484064e-001
 7.8335762e-001
 7.8182107e-001
 7.8023583e-001
 7.7860761e-001
 7.7694458e-001
 7.7525574e-001
 7.7355248e-001
 7.7184767e-001
 7.7015686e-001
 7.6849502e-001
 7.6687759e-001
 7.6532072e-001
 7.6383865e-001
 7.6244348e-001
 7.6114488e-001
 7.5994694e-001
 7.5884849e-001
 7.5784469e-001
 7.5692630e-001
 7.5608236e-001
 7.5530082e-001
 7.5457031e-001
 7.5387961e-001
 7.5321984e-001
 7.5258601e-001
 7.5197738e-001
 7.5139862e-001
 7.5085950e-001
 7.5037307e-001
 7.4995428e-001
 7.4961925e-001
 7.4938363e-001
 7.4926144e-001
 7.4926329e-001
 7.4939388e-001
 7.4964994e-001
 7.5001937e-001
 7.5048202e-001
 7.5101203e-001
 7.5158000e-001
 7.5215471e-001
 7.5270516e-001
 7.5320113e-001
 7.5361520e-001
 7.5392389e-001
 7.5410998e-001
 7.5416267e-001
 7.5407702e-001
 7.5385243e-001
 7.5349087e-001
 7.5299579e-001
 7.5237089e-001
 7.5162005e-001
 7.5074655e-001
 7.4975401e-001
 7.4864489e-001
 7.4742085e-001
 7.4608392e-001
 7.4463469e-001
 7.4307346e-001
 7.4140149e-001
 7.3961848e-001
 7.3772317e-001
 7.3571420e-001
 7.3358589e-001
 7.3132956e-001
 7.2893161e-001
 7.2637671e-001
 7.2364503e-001
 7.2071493e-001
 7.1756619e-001
 7.1417648e-001
 7.1052390e-001
 7.0659083e-001
 7.0235932e-001
 6.9781584e-001
 6.9294941e-001
 6.8775600e-001
 6.8223071e-001
 6.7636985e-001
 6.7017478e-001
 6.6364378e-001
 6.5677619e-001
 6.4957905e-001
 6.4205939e-001
 6.3423020e-001
 6.2611723e-001
 6.1774701e-001
 6.0915256e-001
 6.0036767e-001
 5.9143418e-001
 5.8238894e-001
 5.7327110e-001
 5.6413031e-001
 5.5501705e-001
 5.4599106e-001
 5.3712898e-001
 5.2851039e-001
 5.2022421e-001
 5.1236135e-001
 5.0501990e-001
 4.9829105e-001
 4.9226242e-001
 4.8701644e-001
 4.8261556e-001
 4.7910178e-001
 4.7649613e-001
 4.7479579e-001
 4.7398332e-001
 4.7403190e-001
 4.7490993e-001
 4.7658360e-001
 4.7901878e-001
 4.8217812e-001
 4.8602396e-001
 4.9051669e-001
 4.9561045e-001
 5.0125998e-001
 5.0741857e-001
 5.1403391e-001
 5.2105713e-001
 5.2843773e-001
 5.3612596e-001
 5.4406482e-001
 5.5219990e-001
 5.6047332e-001
 5.6881684e-001
 5.7716447e-001
 5.8544731e-001
 5.9358889e-001
 6.0151863e-001
 6.0916525e-001
 6.1646324e-001
 6.2335074e-001
 6.2978536e-001
 6.3574415e-001
 6.4122146e-001
 6.4623547e-001
 6.5081859e-001
 6.5500844e-001
 6.5885019e-001
 6.6238952e-001
 6.6566861e-001
 6.6872889e-001
 6.7160529e-001
 6.7432564e-001
 6.7690730e-001
 6.7936188e-001
 6.8169516e-001
 6.8390781e-001
 6.8600070e-001
 6.8797380e-001
 6.8982589e-001
 6.9155777e-001
 6.9317049e-001
 6.9466686e-001
 6.9605017e-001
 6.9732589e-001
 6.9850057e-001
 6.9958043e-001
 7.0057267e-001
 7.0148480e-001
 7.0232344e-001
 7.0309603e-001
 7.0380980e-001
 7.0447147e-001
 7.0508820e-001
 7.0566678e-001
 7.0621425e-001
 7.0673704e-001
 7.0724207e-001
 7.0773584e-001
 7.0822400e-001
 7.0871127e-001
 7.0920062e-001
 7.0969170e-001
 7.1018189e-001
 7.1066552e-001
 7.1113515e-001
 7.1158195e-001
 7.1199673e-001
 7.1237028e-001
 7.1269333e-001
 7.1295762e-001
 7.1315598e-001
 7.1328276e-001
 7.1333414e-001
 7.1330786e-001
 7.1320289e-001
 7.1301883e-001
 7.1275556e-001
 7.1241283e-001
 7.1199000e-001
 7.1148527e-001
 7.1089470e-001
 7.1021211e-001
 7.0942819e-001
 7.0853084e-001
 7.0750672e-001
 7.0634085e-001
 7.0501798e-001
 7.0352310e-001
 7.0184392e-001
 6.9997066e-001
 6.9789940e-001
 6.9563591e-001
 6.9319338e-001
 6.9059306e-001
 6.8786401e-001
 6.8503696e-001
 6.8214417e-001
 6.7921978e-001
 6.7629391e-001
 6.7339343e-001
 6.7053747e-001
 6.6773754e-001
 6.6499293e-001
 6.6229314e-001
 6.5962285e-001
 6.5696049e-001
 6.5428275e-001
 6.5156782e-001
 6.4879310e-001
 6.4593923e-001
 6.4299071e-001
 6.3994026e-001
 6.3678539e-001
 6.3352948e-001
 6.3018304e-001
 6.2675679e-001
 6.2326276e-001
 6.1971599e-001
 6.1612940e-001
 6.1251646e-001
 6.0889006e-001
 6.0526568e-001
 6.0165602e-001
 5.9807414e-001
 5.9453535e-001
 5.9105265e-001
 5.8763891e-001
 5.8430958e-001
 5.8107740e-001
 5.7795525e-001
 5.7495797e-001
 5.7209790e-001
 5.6938773e-001
 5.6683928e-001
 5.6446600e-001
 5.6227940e-001
 5.6029087e-001
 5.5851281e-001
 5.5695564e-001
 5.5562818e-001
 5.5453783e-001
 5.5368727e-001
 5.5307603e-001
 5.5270004e-001
 5.5255282e-001
 5.5262607e-001
 5.5291075e-001
 5.5339706e-001
 5.5407459e-001
 5.5493182e-001
 5.5595428e-001
 5.5712515e-001
 5.5842417e-001
 5.5982739e-001
 5.6130987e-001
 5.6284541e-001
 5.6440789e-001
 5.6597042e-001
 5.6750816e-001
 5.6899768e-001
 5.7041699e-001
 5.7174826e-001
 5.7297701e-001
 5.7409114e-001
 5.7508218e-001
 5.7594281e-001
 5.7666695e-001
 5.7724863e-001
 5.7768250e-001
 5.7796365e-001
 5.7808721e-001
 5.7805544e-001
 5.7789338e-001
 5.7754678e-001
 5.7710040e-001
 5.7658279e-001
 5.7602286e-001
 5.7544917e-001
 5.7489085e-001
 5.7437634e-001
 5.7393456e-001
 5.7359427e-001
 5.7338071e-001
 5.7328755e-001
 5.7329082e-001
 5.7336640e-001
 5.7349026e-001
 5.7363832e-001
 5.7378638e-001
 5.7391053e-001
 5.7398671e-001
 5.7399064e-001
 5.7389843e-001
 5.7368594e-001
 5.7332897e-001
 5.7280368e-001
 5.7208842e-001
 5.7118487e-001
 5.7010710e-001
 5.6886888e-001
 5.6748509e-001
 5.6596959e-001
 5.6433660e-001
 5.6259984e-001
 5.6077445e-001
 5.5887395e-001
 5.5691284e-001
 5.5490452e-001
 5.5286437e-001
 5.5080605e-001
 5.4874367e-001
 5.4669154e-001
 5.4466319e-001
 5.4267395e-001
 5.4073650e-001
 5.3885651e-001
 5.3703499e-001
 5.3527439e-001
 5.3357553e-001
 5.3194010e-001
 5.3036910e-001
 5.2886486e-001
 5.2742833e-001
 5.2606100e-001
 5.2476442e-001
 5.2353984e-001
 5.2238899e-001
 5.2131343e-001
 5.2031440e-001
 5.1939332e-001
 5.1855189e-001
 5.1779151e-001
 5.1711363e-001
 5.1651955e-001
 5.1601106e-001
 5.1558954e-001
 5.1525593e-001
 5.1500881e-001
 5.1484507e-001
 5.1476169e-001
 5.1475555e-001
 5.1482362e-001
 5.1496291e-001
 5.1517016e-001
 5.1544261e-001
 5.1577687e-001
 5.1617026e-001
 5.1661944e-001
 5.1712149e-001
 5.1767313e-001
 5.1827168e-001
 5.1891387e-001
 5.1959646e-001
 5.2031672e-001
 5.2107143e-001
 5.2185768e-001
 5.2267218e-001
 5.2351195e-001
 5.2437401e-001
 5.2525544e-001
 5.2615285e-001
 5.2706331e-001
 5.2798396e-001
 5.2891409e-001
 5.2985287e-001
 5.3080046e-001
 5.3175664e-001
 5.3272116e-001
 5.3369397e-001
 5.3467458e-001
 5.3566295e-001
 5.3665882e-001
 5.3766227e-001
 5.3867269e-001
 5.3969008e-001
 5.4071409e-001
 5.4174501e-001
 5.4278195e-001
 5.4382515e-001
 5.4487413e-001
 5.4592919e-001
 5.4698956e-001
 5.4805529e-001
 5.4912603e-001
 5.5020183e-001
 5.5128258e-001
 5.5236757e-001
 5.5345696e-001
 5.5455047e-001
 5.5564809e-001
 5.5674928e-001
 5.5785388e-001
 5.5896187e-001
 5.6007224e-001
 5.6118321e-001
 5.6229377e-001
