s07_ASD Record=917: Ammonio-Illite/Smect GDS87    BECKb AREF
 5.4192287e-001
 5.4362476e-001
 5.4531509e-001
 5.4699868e-001
 5.4867911e-001
 5.5035692e-001
 5.5203098e-001
 5.5370152e-001
 5.5537206e-001
 5.5704808e-001
 5.5873501e-001
 5.6043601e-001
 5.6215143e-001
 5.6387937e-001
 5.6561613e-001
 5.6735867e-001
 5.6910509e-001
 5.7085407e-001
 5.7260323e-001
 5.7434881e-001
 5.7608765e-001
 5.7782137e-001
 5.7956010e-001
 5.8132190e-001
 5.8312947e-001
 5.8500302e-001
 5.8694941e-001
 5.8895296e-001
 5.9097821e-001
 5.9298426e-001
 5.9493703e-001
 5.9681612e-001
 5.9861237e-001
 6.0032284e-001
 6.0195196e-001
 6.0351217e-001
 6.0502011e-001
 6.0649341e-001
 6.0794926e-001
 6.0940051e-001
 6.1085236e-001
 6.1230105e-001
 6.1373770e-001
 6.1515462e-001
 6.1655080e-001
 6.1793309e-001
 6.1931187e-001
 6.2069482e-001
 6.2208200e-001
 6.2346584e-001
 6.2483478e-001
 6.2617707e-001
 6.2748277e-001
 6.2874228e-001
 6.2994480e-001
 6.3107783e-001
 6.3213319e-001
 6.3311785e-001
 6.3405240e-001
 6.3497210e-001
 6.3593197e-001
 6.3694894e-001
 6.3801706e-001
 6.3912964e-001
 6.4025789e-001
 6.4135081e-001
 6.4237344e-001
 6.4331424e-001
 6.4417696e-001
 6.4497912e-001
 6.4574564e-001
 6.4650053e-001
 6.4726174e-001
 6.4803952e-001
 6.4883506e-001
 6.4963830e-001
 6.5042722e-001
 6.5117532e-001
 6.5186328e-001
 6.5249079e-001
 6.5307784e-001
 6.5365440e-001
 6.5424395e-001
 6.5485305e-001
 6.5547258e-001
 6.5608776e-001
 6.5668660e-001
 6.5726173e-001
 6.5780747e-001
 6.5832013e-001
 6.5880388e-001
 6.5927678e-001
 6.5976709e-001
 6.6029799e-001
 6.6087222e-001
 6.6146892e-001
 6.6205901e-001
 6.6262901e-001
 6.6319299e-001
 6.6377884e-001
 6.6440296e-001
 6.6505301e-001
 6.6569173e-001
 6.6627640e-001
 6.6678172e-001
 6.6721648e-001
 6.6761559e-001
 6.6801000e-001
 6.6839725e-001
 6.6873842e-001
 6.6898835e-001
 6.6913646e-001
 6.6922247e-001
 6.6931468e-001
 6.6947216e-001
 6.6972232e-001
 6.7006618e-001
 6.7049736e-001
 6.7101234e-001
 6.7160386e-001
 6.7225039e-001
 6.7292309e-001
 6.7361116e-001
 6.7433953e-001
 6.7515314e-001
 6.7607594e-001
 6.7708462e-001
 6.7812252e-001
 6.7913854e-001
 6.8011677e-001
 6.8107730e-001
 6.8206185e-001
 6.8311840e-001
 6.8429238e-001
 6.8561774e-001
 6.8710786e-001
 6.8875021e-001
 6.9050837e-001
 6.9233280e-001
 6.9417936e-001
 6.9603008e-001
 6.9789499e-001
 6.9978976e-001
 7.0170921e-001
 7.0363182e-001
 7.0555168e-001
 7.0749921e-001
 7.0952022e-001
 7.1163130e-001
 7.1380174e-001
 7.1597970e-001
 7.1813524e-001
 7.2027332e-001
 7.2241098e-001
 7.2455394e-001
 7.2670186e-001
 7.2886097e-001
 7.3102838e-001
 7.3315388e-001
 7.3514259e-001
 7.3692089e-001
 7.3850054e-001
 7.3996139e-001
 7.4138302e-001
 7.4281746e-001
 7.4430907e-001
 7.4588686e-001
 7.4751592e-001
 7.4908745e-001
 7.5049543e-001
 7.5172609e-001
 7.5286150e-001
 7.5398868e-001
 7.5511360e-001
 7.5617015e-001
 7.5711232e-001
 7.5798184e-001
 7.5887513e-001
 7.5984466e-001
 7.6084656e-001
 7.6179749e-001
 7.6267642e-001
 7.6355046e-001
 7.6449573e-001
 7.6550484e-001
 7.6648611e-001
 7.6735550e-001
 7.6812327e-001
 7.6888418e-001
 7.6972997e-001
 7.7067786e-001
 7.7166957e-001
 7.7261966e-001
 7.7346200e-001
 7.7417135e-001
 7.7475911e-001
 7.7525622e-001
 7.7569932e-001
 7.7613014e-001
 7.7659523e-001
 7.7713615e-001
 7.7777910e-001
 7.7853101e-001
 7.7936012e-001
 7.8016865e-001
 7.8082556e-001
 7.8128684e-001
 7.8167045e-001
 7.8215653e-001
 7.8281510e-001
 7.8357750e-001
 7.8435355e-001
 7.8511471e-001
 7.8588170e-001
 7.8670245e-001
 7.8763604e-001
 7.8868997e-001
 7.8976917e-001
 7.9074311e-001
 7.9156691e-001
 7.9229182e-001
 7.9296696e-001
 7.9358900e-001
 7.9415536e-001
 7.9471993e-001
 7.9536510e-001
 7.9612100e-001
 7.9692650e-001
 7.9768163e-001
 7.9834306e-001
 7.9896498e-001
 7.9964828e-001
 8.0044478e-001
 8.0130070e-001
 8.0209154e-001
 8.0272484e-001
 8.0322438e-001
 8.0370361e-001
 8.0423748e-001
 8.0478054e-001
 8.0524826e-001
 8.0563909e-001
 8.0600518e-001
 8.0633509e-001
 8.0656344e-001
 8.0669856e-001
 8.0686170e-001
 8.0717915e-001
 8.0766475e-001
 8.0821848e-001
 8.0874026e-001
 8.0922461e-001
 8.0972970e-001
 8.1026995e-001
 8.1078315e-001
 8.1123984e-001
 8.1172770e-001
 8.1233865e-001
 8.1301719e-001
 8.1360400e-001
 8.1399596e-001
 8.1421804e-001
 8.1438851e-001
 8.1465346e-001
 8.1509936e-001
 8.1567782e-001
 8.1626004e-001
 8.1680322e-001
 8.1739640e-001
 8.1810367e-001
 8.1884074e-001
 8.1948239e-001
 8.2005244e-001
 8.2069409e-001
 8.2141209e-001
 8.2198346e-001
 8.2226777e-001
 8.2248157e-001
 8.2295793e-001
 8.2372206e-001
 8.2449770e-001
 8.2504332e-001
 8.2534921e-001
 8.2550740e-001
 8.2558560e-001
 8.2571155e-001
 8.2607120e-001
 8.2670254e-001
 8.2742554e-001
 8.2806009e-001
 8.2859623e-001
 8.2911050e-001
 8.2963884e-001
 8.3017778e-001
 8.3071345e-001
 8.3119565e-001
 8.3155310e-001
 8.3178794e-001
 8.3202022e-001
 8.3239532e-001
 8.3293885e-001
 8.3351004e-001
 8.3393824e-001
 8.3422464e-001
 8.3454257e-001
 8.3501422e-001
 8.3557874e-001
 8.3610052e-001
 8.3650291e-001
 8.3677161e-001
 8.3693081e-001
 8.3706385e-001
 8.3729017e-001
 8.3766443e-001
 8.3811384e-001
 8.3849066e-001
 8.3868742e-001
 8.3870381e-001
 8.3863628e-001
 8.3862132e-001
 8.3876497e-001
 8.3911115e-001
 8.3964562e-001
 8.4031028e-001
 8.4101552e-001
 8.4165114e-001
 8.4211779e-001
 8.4238321e-001
 8.4251899e-001
 8.4266353e-001
 8.4292996e-001
 8.4333968e-001
 8.4383154e-001
 8.4431797e-001
 8.4473109e-001
 8.4504366e-001
 8.4528124e-001
 8.4552348e-001
 8.4586680e-001
 8.4635282e-001
 8.4692365e-001
 8.4745997e-001
 8.4787983e-001
 8.4820390e-001
 8.4851736e-001
 8.4885776e-001
 8.4914351e-001
 8.4923273e-001
 8.4906918e-001
 8.4877098e-001
 8.4855926e-001
 8.4857571e-001
 8.4876740e-001
 8.4898174e-001
 8.4921491e-001
 8.4958994e-001
 8.5016942e-001
 8.5086554e-001
 8.5147101e-001
 8.5181785e-001
 8.5191363e-001
 8.5193378e-001
 8.5209358e-001
 8.5247219e-001
 8.5292965e-001
 8.5321742e-001
 8.5316718e-001
 8.5282063e-001
 8.5246801e-001
 8.5255092e-001
 8.5332739e-001
 8.5439587e-001
 8.5484242e-001
 8.5437566e-001
 8.5385144e-001
 8.5400569e-001
 8.5443127e-001
 8.5458684e-001
 8.5481846e-001
 8.5546774e-001
 8.5595578e-001
 8.5571754e-001
 8.5521734e-001
 8.5521084e-001
 8.5571015e-001
 8.5628164e-001
 8.5673589e-001
 8.5704637e-001
 8.5705936e-001
 8.5671371e-001
 8.5629475e-001
 8.5617036e-001
 8.5640943e-001
 8.5679787e-001
 8.5710925e-001
 8.5733801e-001
 8.5766405e-001
 8.5816246e-001
 8.5868472e-001
 8.5891098e-001
 8.5877573e-001
 8.5865027e-001
 8.5879165e-001
 8.5909474e-001
 8.5939425e-001
 8.5965168e-001
 8.5993892e-001
 8.6032391e-001
 8.6074960e-001
 8.6103731e-001
 8.6105043e-001
 8.6088645e-001
 8.6086160e-001
 8.6124301e-001
 8.6194581e-001
 8.6254561e-001
 8.6263531e-001
 8.6218542e-001
 8.6153996e-001
 8.6109298e-001
 8.6102575e-001
 8.6129045e-001
 8.6174619e-001
 8.6223280e-001
 8.6260140e-001
 8.6276454e-001
 8.6274946e-001
 8.6271030e-001
 8.6286569e-001
 8.6321938e-001
 8.6368328e-001
 8.6391920e-001
 8.6371589e-001
 8.6325389e-001
 8.6287099e-001
 8.6290556e-001
 8.6361992e-001
 8.6477649e-001
 8.6593610e-001
 8.6665946e-001
 8.6658829e-001
 8.6590153e-001
 8.6499518e-001
 8.6426568e-001
 8.6404997e-001
 8.6428863e-001
 8.6476129e-001
 8.6524761e-001
 8.6555678e-001
 8.6569667e-001
 8.6576444e-001
 8.6584246e-001
 8.6602968e-001
 8.6633807e-001
 8.6670512e-001
 8.6706549e-001
 8.6735362e-001
 8.6750644e-001
 8.6751425e-001
 8.6742049e-001
 8.6727095e-001
 8.6711115e-001
 8.6698610e-001
 8.6692196e-001
 8.6692655e-001
 8.6700696e-001
 8.6717021e-001
 8.6742228e-001
 8.6774057e-001
 8.6807543e-001
 8.6837572e-001
 8.6859035e-001
 8.6866856e-001
 8.6857843e-001
 8.6836314e-001
 8.6808395e-001
 8.6780232e-001
 8.6757952e-001
 8.6747670e-001
 8.6753809e-001
 8.6774123e-001
 8.6804795e-001
 8.6841977e-001
 8.6881840e-001
 8.6920559e-001
 8.6954290e-001
 8.6979753e-001
 8.6995643e-001
 8.7001169e-001
 8.6995512e-001
 8.6977875e-001
 8.6947459e-001
 8.6903453e-001
 8.6845064e-001
 8.6772496e-001
 8.6689848e-001
 8.6602080e-001
 8.6514199e-001
 8.6431170e-001
 8.6358011e-001
 8.6299688e-001
 8.6261177e-001
 8.6245805e-001
 8.6250597e-001
 8.6271119e-001
 8.6302954e-001
 8.6341673e-001
 8.6382842e-001
 8.6422038e-001
 8.6454827e-001
 8.6477828e-001
 8.6491442e-001
 8.6496955e-001
 8.6495674e-001
 8.6488879e-001
 8.6477846e-001
 8.6463886e-001
 8.6448264e-001
 8.6432302e-001
 8.6417264e-001
 8.6404449e-001
 8.6395144e-001
 8.6390281e-001
 8.6389446e-001
 8.6391956e-001
 8.6397088e-001
 8.6404151e-001
 8.6412454e-001
 8.6421281e-001
 8.6429942e-001
 8.6437726e-001
 8.6443925e-001
 8.6447865e-001
 8.6448824e-001
 8.6446309e-001
 8.6440569e-001
 8.6431992e-001
 8.6421007e-001
 8.6408001e-001
 8.6393374e-001
 8.6377549e-001
 8.6360902e-001
 8.6343873e-001
 8.6326838e-001
 8.6310202e-001
 8.6294317e-001
 8.6279303e-001
 8.6265212e-001
 8.6252123e-001
 8.6240089e-001
 8.6229175e-001
 8.6219466e-001
 8.6211014e-001
 8.6203885e-001
 8.6198151e-001
 8.6193746e-001
 8.6190140e-001
 8.6186707e-001
 8.6182821e-001
 8.6177862e-001
 8.6171204e-001
 8.6162215e-001
 8.6150271e-001
 8.6134750e-001
 8.6115026e-001
 8.6090815e-001
 8.6063063e-001
 8.6032957e-001
 8.6001694e-001
 8.5970426e-001
 8.5940397e-001
 8.5912740e-001
 8.5888696e-001
 8.5869420e-001
 8.5856128e-001
 8.5849541e-001
 8.5848951e-001
 8.5853326e-001
 8.5861641e-001
 8.5872859e-001
 8.5885930e-001
 8.5899842e-001
 8.5913557e-001
 8.5926032e-001
 8.5935944e-001
 8.5940880e-001
 8.5938281e-001
 8.5925502e-001
 8.5899979e-001
 8.5859114e-001
 8.5800296e-001
 8.5720909e-001
 8.5619628e-001
 8.5499042e-001
 8.5362679e-001
 8.5213995e-001
 8.5056472e-001
 8.4893578e-001
 8.4728819e-001
 8.4565657e-001
 8.4407288e-001
 8.4256089e-001
 8.4114224e-001
 8.3983886e-001
 8.3867216e-001
 8.3766437e-001
 8.3683693e-001
 8.3621174e-001
 8.3580172e-001
 8.3559126e-001
 8.3555919e-001
 8.3569050e-001
 8.3595961e-001
 8.3633441e-001
 8.3680075e-001
 8.3735549e-001
 8.3800679e-001
 8.3876961e-001
 8.3966196e-001
 8.4070086e-001
 8.4189570e-001
 8.4323567e-001
 8.4468323e-001
 8.4618187e-001
 8.4766805e-001
 8.4908015e-001
 8.5036665e-001
 8.5149622e-001
 8.5246015e-001
 8.5326654e-001
 8.5393208e-001
 8.5447603e-001
 8.5491735e-001
 8.5527337e-001
 8.5555947e-001
 8.5578954e-001
 8.5597676e-001
 8.5613436e-001
 8.5627669e-001
 8.5641986e-001
 8.5658211e-001
 8.5678267e-001
 8.5703981e-001
 8.5736614e-001
 8.5776162e-001
 8.5820687e-001
 8.5866147e-001
 8.5906845e-001
 8.5936475e-001
 8.5949516e-001
 8.5942829e-001
 8.5856134e-001
 8.5846138e-001
 8.5834223e-001
 8.5822648e-001
 8.5813552e-001
 8.5808629e-001
 8.5808897e-001
 8.5814553e-001
 8.5824931e-001
 8.5838610e-001
 8.5853624e-001
 8.5867840e-001
 8.5879278e-001
 8.5886490e-001
 8.5888749e-001
 8.5886043e-001
 8.5879004e-001
 8.5868716e-001
 8.5856509e-001
 8.5843688e-001
 8.5831344e-001
 8.5820234e-001
 8.5810685e-001
 8.5802621e-001
 8.5795635e-001
 8.5789078e-001
 8.5782182e-001
 8.5774237e-001
 8.5764772e-001
 8.5753691e-001
 8.5741353e-001
 8.5728478e-001
 8.5716021e-001
 8.5705012e-001
 8.5696346e-001
 8.5690647e-001
 8.5688168e-001
 8.5688752e-001
 8.5691869e-001
 8.5696721e-001
 8.5702378e-001
 8.5707951e-001
 8.5712719e-001
 8.5716254e-001
 8.5718471e-001
 8.5719597e-001
 8.5720140e-001
 8.5720718e-001
 8.5721970e-001
 8.5724372e-001
 8.5728145e-001
 8.5733169e-001
 8.5739017e-001
 8.5744983e-001
 8.5750276e-001
 8.5754144e-001
 8.5756087e-001
 8.5755980e-001
 8.5754168e-001
 8.5751408e-001
 8.5748792e-001
 8.5747504e-001
 8.5748607e-001
 8.5752803e-001
 8.5760278e-001
 8.5770649e-001
 8.5783005e-001
 8.5796058e-001
 8.5808414e-001
 8.5818803e-001
 8.5826325e-001
 8.5830599e-001
 8.5831851e-001
 8.5830826e-001
 8.5828644e-001
 8.5826564e-001
 8.5825753e-001
 8.5827029e-001
 8.5830766e-001
 8.5836810e-001
 8.5844618e-001
 8.5853404e-001
 8.5862345e-001
 8.5870826e-001
 8.5878539e-001
 8.5885519e-001
 8.5892111e-001
 8.5898769e-001
 8.5905939e-001
 8.5913861e-001
 8.5922462e-001
 8.5931379e-001
 8.5939986e-001
 8.5947508e-001
 8.5953146e-001
 8.5956216e-001
 8.5956192e-001
 8.5952759e-001
 8.5945779e-001
 8.5935301e-001
 8.5921502e-001
 8.5904682e-001
 8.5885245e-001
 8.5863733e-001
 8.5840827e-001
 8.5817349e-001
 8.5794240e-001
 8.5772502e-001
 8.5753125e-001
 8.5736942e-001
 8.5724545e-001
 8.5716140e-001
 8.5711497e-001
 8.5709959e-001
 8.5710454e-001
 8.5711658e-001
 8.5712153e-001
 8.5710627e-001
 8.5706031e-001
 8.5697734e-001
 8.5685551e-001
 8.5669720e-001
 8.5650814e-001
 8.5629576e-001
 8.5606742e-001
 8.5582912e-001
 8.5558397e-001
 8.5533178e-001
 8.5506916e-001
 8.5479021e-001
 8.5448754e-001
 8.5415369e-001
 8.5378230e-001
 8.5336918e-001
 8.5291284e-001
 8.5241455e-001
 8.5187781e-001
 8.5130727e-001
 8.5070837e-001
 8.5008597e-001
 8.4944373e-001
 8.4878451e-001
 8.4810996e-001
 8.4742200e-001
 8.4672344e-001
 8.4601873e-001
 8.4531540e-001
 8.4462357e-001
 8.4395659e-001
 8.4332955e-001
 8.4275806e-001
 8.4225690e-001
 8.4183788e-001
 8.4150910e-001
 8.4127408e-001
 8.4113145e-001
 8.4107596e-001
 8.4109932e-001
 8.4119123e-001
 8.4134024e-001
 8.4153467e-001
 8.4176224e-001
 8.4201074e-001
 8.4226751e-001
 8.4252018e-001
 8.4275705e-001
 8.4296840e-001
 8.4314728e-001
 8.4329104e-001
 8.4340125e-001
 8.4348392e-001
 8.4354860e-001
 8.4360647e-001
 8.4366882e-001
 8.4374517e-001
 8.4384173e-001
 8.4396052e-001
 8.4409922e-001
 8.4425199e-001
 8.4440982e-001
 8.4456241e-001
 8.4469914e-001
 8.4481031e-001
 8.4488791e-001
 8.4492624e-001
 8.4492189e-001
 8.4487349e-001
 8.4478170e-001
 8.4464854e-001
 8.4447718e-001
 8.4427166e-001
 8.4403664e-001
 8.4377748e-001
 8.4349966e-001
 8.4320909e-001
 8.4291130e-001
 8.4261119e-001
 8.4231269e-001
 8.4201819e-001
 8.4172869e-001
 8.4144354e-001
 8.4116101e-001
 8.4087825e-001
 8.4059191e-001
 8.4029830e-001
 8.3999366e-001
 8.3967400e-001
 8.3933556e-001
 8.3897489e-001
 8.3858961e-001
 8.3817869e-001
 8.3774328e-001
 8.3728713e-001
 8.3681649e-001
 8.3633918e-001
 8.3586371e-001
 8.3539712e-001
 8.3494365e-001
 8.3450329e-001
 8.3407104e-001
 8.3363795e-001
 8.3319187e-001
 8.3272022e-001
 8.3221179e-001
 8.3165896e-001
 8.3105928e-001
 8.3041561e-001
 8.2973623e-001
 8.2903397e-001
 8.2832444e-001
 8.2762563e-001
 8.2695550e-001
 8.2633179e-001
 8.2577008e-001
 8.2528275e-001
 8.2487804e-001
 8.2455868e-001
 8.2432163e-001
 8.2415819e-001
 8.2405484e-001
 8.2399487e-001
 8.2396120e-001
 8.2393819e-001
 8.2391423e-001
 8.2388258e-001
 8.2384169e-001
 8.2379425e-001
 8.2374567e-001
 8.2370222e-001
 8.2366979e-001
 8.2365280e-001
 8.2365417e-001
 8.2367551e-001
 8.2371801e-001
 8.2378215e-001
 8.2386810e-001
 8.2397461e-001
 8.2409883e-001
 8.2423502e-001
 8.2437527e-001
 8.2450956e-001
 8.2462752e-001
 8.2472014e-001
 8.2478154e-001
 8.2480973e-001
 8.2480705e-001
 8.2477891e-001
 8.2473254e-001
 8.2467467e-001
 8.2460982e-001
 8.2453924e-001
 8.2446069e-001
 8.2436925e-001
 8.2425880e-001
 8.2412374e-001
 8.2396084e-001
 8.2377011e-001
 8.2355505e-001
 8.2332212e-001
 8.2307911e-001
 8.2283306e-001
 8.2258874e-001
 8.2234675e-001
 8.2210338e-001
 8.2185102e-001
 8.2157975e-001
 8.2127964e-001
 8.2094306e-001
 8.2056618e-001
 8.2014990e-001
 8.1969881e-001
 8.1922001e-001
 8.1872022e-001
 8.1820399e-001
 8.1767225e-001
 8.1712186e-001
 8.1654710e-001
 8.1594133e-001
 8.1529915e-001
 8.1461883e-001
 8.1390238e-001
 8.1315637e-001
 8.1239027e-001
 8.1161457e-001
 8.1083953e-001
 8.1007290e-001
 8.0931962e-001
 8.0858141e-001
 8.0785722e-001
 8.0714393e-001
 8.0643713e-001
 8.0573201e-001
 8.0502379e-001
 8.0430794e-001
 8.0358112e-001
 8.0284125e-001
 8.0208784e-001
 8.0132258e-001
 8.0054903e-001
 7.9977244e-001
 7.9899919e-001
 7.9823524e-001
 7.9748577e-001
 7.9675394e-001
 7.9604107e-001
 7.9534650e-001
 7.9466844e-001
 7.9400510e-001
 7.9335475e-001
 7.9271674e-001
 7.9209048e-001
 7.9147470e-001
 7.9086679e-001
 7.9026157e-001
 7.8965139e-001
 7.8902709e-001
 7.8837866e-001
 7.8769797e-001
 7.8698021e-001
 7.8622490e-001
 7.8543693e-001
 7.8462493e-001
 7.8380078e-001
 7.8297687e-001
 7.8216374e-001
 7.8136897e-001
 7.8059489e-001
 7.7983868e-001
 7.7909178e-001
 7.7833980e-001
 7.7756387e-001
 7.7674061e-001
 7.7584410e-001
 7.7484703e-001
 7.7372265e-001
 7.7244771e-001
 7.7100360e-001
 7.6937944e-001
 7.6757240e-001
 7.6558650e-001
 7.6343250e-001
 7.6112348e-001
 7.5867313e-001
 7.5609231e-001
 7.5338578e-001
 7.5055307e-001
 7.4758804e-001
 7.4447894e-001
 7.4121207e-001
 7.3777050e-001
 7.3413652e-001
 7.3029041e-001
 7.2620779e-001
 7.2186124e-001
 7.1721566e-001
 7.1223205e-001
 7.0686769e-001
 7.0107782e-001
 6.9482446e-001
 6.8807679e-001
 6.8082142e-001
 6.7306501e-001
 6.6483372e-001
 6.5618014e-001
 6.4717293e-001
 6.3789898e-001
 6.2845445e-001
 6.1893380e-001
 6.0943091e-001
 6.0003084e-001
 5.9080428e-001
 5.8181554e-001
 5.7311535e-001
 5.6475139e-001
 5.5676728e-001
 5.4920202e-001
 5.4209673e-001
 5.3548717e-001
 5.2940834e-001
 5.2389055e-001
 5.1895678e-001
 5.1462728e-001
 5.1091611e-001
 5.0783676e-001
 5.0540227e-001
 5.0362682e-001
 5.0252867e-001
 5.0212824e-001
 5.0244808e-001
 5.0350940e-001
 5.0532925e-001
 5.0791502e-001
 5.1126212e-001
 5.1534784e-001
 5.2012944e-001
 5.2554494e-001
 5.3151011e-001
 5.3792286e-001
 5.4467034e-001
 5.5162966e-001
 5.5868119e-001
 5.6571037e-001
 5.7261604e-001
 5.7931817e-001
 5.8575433e-001
 5.9188622e-001
 5.9769219e-001
 6.0316604e-001
 6.0831434e-001
 6.1314762e-001
 6.1768180e-001
 6.2193155e-001
 6.2591088e-001
 6.2963414e-001
 6.3311255e-001
 6.3635790e-001
 6.3937974e-001
 6.4218611e-001
 6.4478415e-001
 6.4717793e-001
 6.4936960e-001
 6.5136075e-001
 6.5315157e-001
 6.5474439e-001
 6.5614331e-001
 6.5735662e-001
 6.5839726e-001
 6.5928245e-001
 6.6003388e-001
 6.6067564e-001
 6.6123283e-001
 6.6172987e-001
 6.6218817e-001
 6.6262507e-001
 6.6305286e-001
 6.6347849e-001
 6.6390473e-001
 6.6433084e-001
 6.6475475e-001
 6.6517454e-001
 6.6559041e-001
 6.6600567e-001
 6.6642720e-001
 6.6686517e-001
 6.6733217e-001
 6.6784108e-001
 6.6840333e-001
 6.6902661e-001
 6.6971290e-001
 6.7045808e-001
 6.7125064e-001
 6.7207378e-001
 6.7290604e-001
 6.7372429e-001
 6.7450684e-001
 6.7523527e-001
 6.7589748e-001
 6.7648810e-001
 6.7700905e-001
 6.7746866e-001
 6.7787886e-001
 6.7825317e-001
 6.7860371e-001
 6.7893839e-001
 6.7926037e-001
 6.7956668e-001
 6.7984992e-001
 6.8009949e-001
 6.8030399e-001
 6.8045324e-001
 6.8054008e-001
 6.8056130e-001
 6.8051761e-001
 6.8041348e-001
 6.8025559e-001
 6.8005210e-001
 6.7981112e-001
 6.7953998e-001
 6.7924458e-001
 6.7892927e-001
 6.7859656e-001
 6.7824763e-001
 6.7788225e-001
 6.7749935e-001
 6.7709655e-001
 6.7667079e-001
 6.7621821e-001
 6.7573410e-001
 6.7521363e-001
 6.7465216e-001
 6.7404592e-001
 6.7339325e-001
 6.7269450e-001
 6.7195374e-001
 6.7117804e-001
 6.7037755e-001
 6.6956514e-001
 6.6875434e-001
 6.6795856e-001
 6.6718853e-001
 6.6645068e-001
 6.6574723e-001
 6.6507524e-001
 6.6442817e-001
 6.6379654e-001
 6.6316843e-001
 6.6253173e-001
 6.6187513e-001
 6.6119093e-001
 6.6047662e-001
 6.5973574e-001
 6.5897822e-001
 6.5821850e-001
 6.5747392e-001
 6.5676141e-001
 6.5609437e-001
 6.5548134e-001
 6.5492517e-001
 6.5442371e-001
 6.5397120e-001
 6.5355927e-001
 6.5317923e-001
 6.5282297e-001
 6.5248471e-001
 6.5216225e-001
 6.5185744e-001
 6.5157694e-001
 6.5133154e-001
 6.5113521e-001
 6.5100372e-001
 6.5095246e-001
 6.5099508e-001
 6.5114123e-001
 6.5139538e-001
 6.5175694e-001
 6.5222061e-001
 6.5277702e-001
 6.5341413e-001
 6.5411854e-001
 6.5487629e-001
 6.5567416e-001
 6.5649998e-001
 6.5734440e-001
 6.5820193e-001
 6.5907097e-001
 6.5995395e-001
 6.6085726e-001
 6.6178900e-001
 6.6275799e-001
 6.6377085e-001
 6.6483009e-001
 6.6593313e-001
 6.6707128e-001
 6.6823167e-001
 6.6939807e-001
 6.7055327e-001
 6.7168164e-001
 6.7276967e-001
 6.7380780e-001
 6.7479020e-001
 6.7571533e-001
 6.7658579e-001
 6.7740679e-001
 6.7818618e-001
 6.7893267e-001
 6.7965508e-001
 6.8036228e-001
 6.8106145e-001
 6.8175840e-001
 6.8245733e-001
 6.8316001e-001
 6.8386662e-001
 6.8457502e-001
 6.8528104e-001
 6.8597925e-001
 6.8666244e-001
 6.8732280e-001
 6.8795174e-001
 6.8854058e-001
 6.8908143e-001
 6.8956685e-001
 6.8999130e-001
 6.9035107e-001
 6.9064492e-001
 6.9087470e-001
 6.9104499e-001
 6.9116378e-001
 6.9124132e-001
 6.9128996e-001
 6.9132304e-001
 6.9135386e-001
 6.9139445e-001
 6.9145495e-001
 6.9154251e-001
 6.9166124e-001
 6.9181168e-001
 6.9199109e-001
 6.9219393e-001
 6.9241202e-001
 6.9263572e-001
 6.9285405e-001
 6.9305611e-001
 6.9323206e-001
 6.9337374e-001
 6.9347638e-001
 6.9353878e-001
 6.9356430e-001
 6.9356048e-001
 6.9353878e-001
 6.9351327e-001
 6.9349897e-001
 6.9351047e-001
 6.9355965e-001
 6.9365460e-001
 6.9379884e-001
 6.9399077e-001
 6.9422442e-001
 6.9449049e-001
 6.9477761e-001
 6.9507384e-001
 6.9536847e-001
 6.9565254e-001
 6.9592029e-001
 6.9616878e-001
 6.9639826e-001
 6.9661194e-001
 6.9681519e-001
 6.9701505e-001
 6.9721955e-001
 6.9743687e-001
 6.9767445e-001
 6.9793808e-001
 6.9823128e-001
 6.9855398e-001
 6.9890255e-001
 6.9926977e-001
 6.9964486e-001
 7.0001513e-001
 7.0036674e-001
 7.0068598e-001
 7.0096064e-001
 7.0118076e-001
 7.0133913e-001
 7.0143193e-001
 7.0145893e-001
 7.0142394e-001
 7.0133418e-001
 7.0120025e-001
 7.0103544e-001
 7.0085502e-001
 7.0067549e-001
 7.0051366e-001
 7.0038581e-001
 7.0030630e-001
 7.0028669e-001
 7.0033431e-001
 7.0045167e-001
 7.0063555e-001
 7.0087832e-001
 7.0116830e-001
 7.0149142e-001
 7.0183265e-001
 7.0217723e-001
 7.0251197e-001
 7.0282567e-001
 7.0310974e-001
 7.0335829e-001
 7.0356792e-001
 7.0373803e-001
 7.0386994e-001
 7.0396698e-001
 7.0403439e-001
 7.0407844e-001
 7.0410669e-001
 7.0412731e-001
 7.0414829e-001
 7.0417726e-001
 7.0422029e-001
 7.0428139e-001
 7.0436186e-001
 7.0445985e-001
 7.0457047e-001
 7.0468605e-001
 7.0479661e-001
 7.0489109e-001
 7.0495814e-001
 7.0498759e-001
 7.0497108e-001
 7.0490289e-001
 7.0478058e-001
 7.0460498e-001
 7.0438027e-001
 7.0411372e-001
 7.0381546e-001
 7.0349818e-001
 7.0317698e-001
 7.0286852e-001
 7.0259058e-001
 7.0236105e-001
 7.0219582e-001
 7.0210773e-001
 7.0210344e-001
 7.0218205e-001
 7.0233303e-001
 7.0253551e-001
 7.0275891e-001
 7.0296514e-001
 7.0311201e-001
 7.0315850e-001
 7.0307040e-001
 7.0282614e-001
 7.0242101e-001
 7.0187068e-001
 7.0121104e-001
 7.0049548e-001
 6.9978970e-001
 6.9916362e-001
 6.9868284e-001
 6.9839942e-001
 6.9834435e-001
 6.9852269e-001
 6.9891173e-001
 6.9946349e-001
 7.0010984e-001
 7.0077139e-001
 7.0136660e-001
 7.0182174e-001
 7.0207930e-001
 7.0210367e-001
 7.0188367e-001
 7.0143205e-001
 7.0078140e-001
 6.9997817e-001
 6.9907558e-001
 6.9812596e-001
 6.9717520e-001
 6.9625789e-001
 6.9539464e-001
 6.9459307e-001
 6.9384849e-001
 6.9314843e-001
 6.9247597e-001
 6.9181406e-001
 6.9114935e-001
 6.9047475e-001
 6.8979025e-001
 6.8910366e-001
 6.8842852e-001
 6.8778288e-001
 6.8718624e-001
 6.8665713e-001
 6.8621135e-001
 6.8585962e-001
 6.8560743e-001
 6.8545395e-001
 6.8539250e-001
 6.8541074e-001
 6.8549180e-001
 6.8561459e-001
 6.8575501e-001
 6.8588680e-001
 6.8598282e-001
 6.8601668e-001
 6.8596417e-001
 6.8580461e-001
 6.8552232e-001
 6.8510801e-001
 6.8455935e-001
 6.8388098e-001
 6.8308467e-001
 6.8219012e-001
 6.8122488e-001
 6.8022275e-001
 6.7922127e-001
 6.7825913e-001
 6.7737192e-001
 6.7658854e-001
 6.7592782e-001
 6.7539638e-001
 6.7498940e-001
 6.7459583e-001
 6.7441797e-001
 6.7429942e-001
 6.7421055e-001
 6.7412460e-001
 6.7402005e-001
 6.7388207e-001
 6.7370236e-001
 6.7347711e-001
 6.7320508e-001
 6.7288619e-001
 6.7252094e-001
 6.7211068e-001
 6.7165738e-001
 6.7116499e-001
 6.7063951e-001
 6.7008895e-001
 6.6952366e-001
 6.6895550e-001
 6.6839725e-001
 6.6786224e-001
 6.6736335e-001
 6.6691262e-001
 6.6651976e-001
 6.6619051e-001
 6.6592532e-001
 6.6571844e-001
 6.6555864e-001
 6.6543072e-001
 6.6531724e-001
 6.6519958e-001
 6.6505921e-001
 6.6487867e-001
 6.6464293e-001
 6.6434091e-001
 6.6396701e-001
 6.6352135e-001
 6.6300964e-001
 6.6244161e-001
 6.6182911e-001
 6.6118520e-001
 6.6052282e-001
 6.5985388e-001
 6.5918803e-001
 6.5853053e-001
 6.5788138e-001
 6.5723425e-001
 6.5657723e-001
 6.5589452e-001
 6.5516758e-001
 6.5437692e-001
 6.5350240e-001
 6.5252423e-001
 6.5142310e-001
 6.5018010e-001
 6.4877796e-001
 6.4719999e-001
 6.4543116e-001
 6.4345729e-001
 6.4126396e-001
 6.3883817e-001
 6.3616627e-001
 6.3323635e-001
 6.3003850e-001
 6.2656480e-001
 6.2281257e-001
 6.1878377e-001
 6.1448324e-001
 6.0992080e-001
 6.0510594e-001
 6.0005087e-001
 5.9476793e-001
 5.8926791e-001
 5.8356369e-001
 5.7766551e-001
 5.7158512e-001
 5.6533378e-001
 5.5892026e-001
 5.5235595e-001
 5.4564905e-001
 5.3880990e-001
 5.3184879e-001
 5.2477324e-001
 5.1759374e-001
 5.1031631e-001
 5.0294858e-001
 4.9549687e-001
 4.8796383e-001
 4.8035386e-001
 4.7267100e-001
 4.6491686e-001
 4.5709810e-001
 4.4922158e-001
 4.4130456e-001
 4.3337733e-001
 4.2548478e-001
 4.1769505e-001
 4.1008994e-001
 4.0276697e-001
 3.9583102e-001
 3.8938746e-001
 3.8354337e-001
 3.7839609e-001
 3.7403050e-001
 3.7050655e-001
 3.6784965e-001
 3.6604971e-001
 3.6506230e-001
 3.6481902e-001
 3.6523646e-001
 3.6622447e-001
 3.6769068e-001
 3.6954474e-001
 3.7170085e-001
 3.7408131e-001
 3.7662101e-001
 3.7926665e-001
 3.8197643e-001
 3.8471800e-001
 3.8746297e-001
 3.9018682e-001
 3.9286545e-001
 3.9547613e-001
 3.9799917e-001
 4.0041691e-001
 4.0271753e-001
 4.0489325e-001
 4.0694094e-001
 4.0886149e-001
 4.1065684e-001
 4.1233084e-001
 4.1388702e-001
 4.1532922e-001
 4.1666162e-001
 4.1788784e-001
 4.1901195e-001
 4.2003766e-001
 4.2096853e-001
 4.2180848e-001
 4.2256108e-001
 4.2322990e-001
 4.2381874e-001
 4.2433119e-001
 4.2477104e-001
 4.2514208e-001
 4.2544815e-001
 4.2569345e-001
 4.2588201e-001
 4.2601812e-001
 4.2610601e-001
 4.2614990e-001
 4.2615375e-001
 4.2612100e-001
 4.2605376e-001
 4.2595229e-001
 4.2581406e-001
 4.2563349e-001
 4.2540240e-001
 4.2511055e-001
 4.2474657e-001
 4.2429873e-001
 4.2375562e-001
 4.2310736e-001
 4.2234725e-001
 4.2147362e-001
 4.2049223e-001
 4.1941631e-001
 4.1826653e-001
 4.1706881e-001
 4.1585168e-001
 4.1464552e-001
 4.1347960e-001
 4.1238132e-001
 4.1137269e-001
 4.1046655e-001
 4.0966421e-001
 4.0895322e-001
 4.0830946e-001
 4.0769994e-001
 4.0708625e-001
 4.0642807e-001
 4.0568507e-001
 4.0482023e-001
 4.0380332e-001
 4.0261507e-001
 4.0125227e-001
 3.9972818e-001
 3.9807200e-001
 3.9632431e-001
 3.9453185e-001
 3.9274493e-001
 3.9101392e-001
 3.8938567e-001
 3.8790131e-001
 3.8659018e-001
 3.8546717e-001
 3.8453043e-001
 3.8376278e-001
 3.8313639e-001
 3.8261655e-001
 3.8216591e-001
 3.8174671e-001
 3.8132396e-001
 3.8086826e-001
 3.8035992e-001
 3.7979290e-001
 3.7917557e-001
 3.7852976e-001
 3.7788683e-001
 3.7728450e-001
 3.7676245e-001
 3.7636030e-001
 3.7611517e-001
 3.7605730e-001
 3.7620622e-001
 3.7656659e-001
 3.7712663e-001
 3.7785986e-001
 3.7872902e-001
 3.7968978e-001
 3.8069546e-001
 3.8169917e-001
 3.8265532e-001
 3.8352391e-001
 3.8427323e-001
 3.8488230e-001
 3.8534328e-001
 3.8565943e-001
 3.8584211e-001
 3.8590795e-001
 3.8587582e-001
 3.8576508e-001
 3.8559437e-001
 3.8538018e-001
 3.8513520e-001
 3.8486734e-001
 3.8457865e-001
 3.8426626e-001
 3.8392374e-001
 3.8354221e-001
 3.8311189e-001
 3.8262266e-001
 3.8206500e-001
 3.8143024e-001
 3.8071132e-001
 3.7990412e-001
 3.7900665e-001
 3.7801933e-001
 3.7694493e-001
 3.7578672e-001
 3.7454847e-001
 3.7323523e-001
 3.7185183e-001
 3.7040460e-001
 3.6890128e-001
 3.6735341e-001
 3.6577421e-001
 3.6417946e-001
 3.6258793e-001
 3.6101836e-001
 3.5948980e-001
 3.5802177e-001
 3.5663074e-001
 3.5532928e-001
 3.5412285e-001
 3.5300821e-001
 3.5197082e-001
 3.5098678e-001
 3.5002592e-001
 3.4905326e-001
 3.4803212e-001
 3.4692693e-001
 3.4570396e-001
 3.4433550e-001
 3.4280318e-001
 3.4110293e-001
 3.3924416e-001
 3.3724940e-001
 3.3515227e-001
 3.3299074e-001
 3.3080536e-001
 3.2863846e-001
 3.2652900e-001
 3.2451156e-001
 3.2261470e-001
 3.2085538e-001
 3.1923974e-001
 3.1776348e-001
 3.1641585e-001
 3.1518057e-001
 3.1403941e-001
 3.1297466e-001
 3.1196895e-001
 3.1100777e-001
 3.1008217e-001
 3.0918905e-001
 3.0833289e-001
 3.0752456e-001
 3.0678031e-001
 3.0611870e-001
 3.0555952e-001
 3.0512264e-001
 3.0482575e-001
 3.0468243e-001
 3.0469939e-001
 3.0487373e-001
 3.0519220e-001
 3.0563185e-001
 3.0616292e-001
 3.0675155e-001
 3.0736220e-001
 3.0795905e-001
 3.0850896e-001
 3.0898359e-001
 3.0936256e-001
 3.0963701e-001
 3.0981049e-001
 3.0989757e-001
 3.0992123e-001
 3.0990934e-001
 3.0989191e-001
 3.0989903e-001
 3.0995905e-001
 3.1009600e-001
 3.1032649e-001
 3.1065744e-001
 3.1108490e-001
 3.1159469e-001
 3.1216568e-001
 3.1277245e-001
 3.1338722e-001
 3.1398222e-001
 3.1453076e-001
 3.1500882e-001
 3.1539676e-001
 3.1568152e-001
 3.1585684e-001
 3.1592274e-001
 3.1588385e-001
 3.1574750e-001
 3.1552249e-001
 3.1521761e-001
 3.1484115e-001
 3.1439963e-001
 3.1389719e-001
 3.1333393e-001
 3.1270587e-001
 3.1200570e-001
 3.1122294e-001
 3.1034550e-001
 3.0936125e-001
 3.0825758e-001
 3.0702293e-001
 3.0564922e-001
 3.0413154e-001
 3.0247113e-001
 3.0067495e-001
 2.9875708e-001
 2.9673448e-001
 2.9462653e-001
 2.9245535e-001
 2.9024196e-001
 2.8800732e-001
 2.8577366e-001
 2.8356084e-001
 2.8138834e-001
 2.7927408e-001
 2.7723661e-001
 2.7529216e-001
 2.7345663e-001
 2.7174693e-001
 2.7017823e-001
 2.6876479e-001
 2.6752016e-001
 2.6645374e-001
 2.6557112e-001
 2.6487386e-001
 2.6435882e-001
 2.6402009e-001
 2.6384985e-001
 2.6383963e-001
 2.6398045e-001
 2.6426351e-001
 2.6468021e-001
 2.6522264e-001
 2.6588383e-001
 2.6665723e-001
 2.6753753e-001
 2.6851991e-001
 2.6960012e-001
 2.7077347e-001
 2.7203628e-001
 2.7338564e-001
 2.7481899e-001
 2.7633676e-001
 2.7794239e-001
 2.7964139e-001
 2.8144321e-001
 2.8335905e-001
 2.8540191e-001
 2.8758368e-001
 2.8991735e-001
 2.9241455e-001
 2.9508212e-001
 2.9792342e-001
 3.0093500e-001
 3.0410340e-001
 3.0741039e-001
 3.1083262e-001
 3.1434122e-001
 3.1790838e-001
 3.2150513e-001
 3.2510427e-001
 3.2867762e-001
 3.3220285e-001
 3.3566168e-001
 3.3903810e-001
 3.4232277e-001
 3.4550935e-001
 3.4859115e-001
 3.5156462e-001
 3.5442591e-001
 3.5717192e-001
 3.5979778e-001
 3.6230075e-001
 3.6467823e-001
 3.6692619e-001
 3.6904252e-001
 3.7102512e-001
 3.7287074e-001
 3.7457761e-001
 3.7614405e-001
 3.7756792e-001
 3.7884924e-001
 3.7998968e-001
 3.8099360e-001
 3.8186759e-001
 3.8262150e-001
 3.8326693e-001
 3.8381627e-001
 3.8428280e-001
 3.8467994e-001
 3.8502067e-001
 3.8531780e-001
 3.8558337e-001
 3.8582844e-001
 3.8606274e-001
 3.8629529e-001
 3.8653430e-001
 3.8678730e-001
 3.8706172e-001
 3.8736448e-001
 3.8770136e-001
 3.8807639e-001
 3.8849044e-001
 3.8893974e-001
 3.8941604e-001
 3.8990662e-001
 3.9039570e-001
 3.9086539e-001
 3.9129734e-001
 3.9167383e-001
 3.9197889e-001
 3.9220124e-001
 3.9233708e-001
 3.9239269e-001
 3.9238554e-001
 3.9234334e-001
 3.9230117e-001
 3.9229846e-001
 3.9237627e-001
 3.9257488e-001
 3.9293021e-001
 3.9346948e-001
 3.9420509e-001
 3.9512858e-001
 3.9620963e-001
 3.9739773e-001
 3.9862663e-001
 3.9982215e-001
 4.0090623e-001
 4.0180174e-001
 4.0243638e-001
 4.0275115e-001
 4.0270746e-001
 4.0229526e-001
 4.0153590e-001
 4.0047866e-001
 3.9919460e-001
 3.9776632e-001
 3.9628211e-001
 3.9482987e-001
 3.9349335e-001
 3.9234298e-001
 3.9142883e-001
 3.9077359e-001
 3.9036840e-001
 3.9017662e-001
 3.9014113e-001
 3.9019248e-001
 3.9025596e-001
 3.9025652e-001
 3.9012408e-001
 3.8979962e-001
 3.8924289e-001
 3.8843974e-001
 3.8740396e-001
 3.8617495e-001
 3.8481173e-001
 3.8338381e-001
 3.8196549e-001
 3.8063240e-001
 3.7945473e-001
 3.7849301e-001
 3.7779057e-001
 3.7736815e-001
 3.7722027e-001
 3.7731859e-001
 3.7761763e-001
 3.7806183e-001
 3.7859103e-001
 3.7914369e-001
 3.7966067e-001
 3.8008785e-001
 3.8038006e-001
 3.8050395e-001
 3.8043976e-001
 3.8017958e-001
 3.7972462e-001
 3.7908137e-001
 3.7825888e-001
 3.7726828e-001
 3.7612170e-001
 3.7483332e-001
 3.7342221e-001
 3.7191153e-001
 3.7033051e-001
 3.6871293e-001
 3.6709762e-001
 3.6552420e-001
 3.6403319e-001
 3.6266539e-001
 3.6145782e-001
 3.6044207e-001
 3.5964099e-001
 3.5906392e-001
 3.5870653e-001
 3.5855165e-001
 3.5857260e-001
 3.5873681e-001
 3.5900912e-001
 3.5935345e-001
 3.5973486e-001
 3.6012101e-001
 3.6048403e-001
 3.6080268e-001
 3.6106282e-001
 3.6125657e-001
 3.6138079e-001
 3.6143494e-001
 3.6141977e-001
 3.6133665e-001
 3.6118725e-001
 3.6097333e-001
 3.6069718e-001
 3.6036140e-001
 3.5996887e-001
 3.5952327e-001
 3.5902834e-001
 3.5848805e-001
 3.5790634e-001
 3.5728753e-001
 3.5663548e-001
 3.5595399e-001
 3.5524726e-001
 3.5454550e-001
 3.5397628e-001
 3.5321072e-001
 3.5243142e-001
 3.5164014e-001
 3.5083881e-001
 3.5002923e-001
 3.4921375e-001
 3.4839407e-001
 3.4757212e-001
 3.4674987e-001
 3.4592888e-001
 3.4510958e-001
 3.4429070e-001
 3.4347141e-001
 3.4265038e-001
 3.4182712e-001
 3.4100050e-001
 3.4016934e-001
 3.3933267e-001
 3.3848983e-001
 3.3763966e-001
 3.3678117e-001
 3.3591315e-001
 3.3503509e-001
 3.3414581e-001
 3.3324477e-001
 3.3233172e-001
 3.3140612e-001
 3.3046809e-001
 3.2951716e-001
 3.2855293e-001
 3.2757497e-001
 3.2658342e-001
 3.2557771e-001
 3.2455754e-001
 3.2352245e-001
 3.2247248e-001
 3.2140726e-001
 3.2032636e-001
 3.1922954e-001
 3.1811622e-001
 3.1698659e-001
 3.1584033e-001
 3.1467861e-001
 3.1350324e-001
 3.1231678e-001
 3.1112090e-001
 3.0991769e-001
 3.0870885e-001
 3.0749696e-001
 3.0628374e-001
 3.0507129e-001
 3.0386147e-001
 3.0265617e-001
 3.0145782e-001
 3.0026829e-001
 2.9908952e-001
 2.9792330e-001
 2.9677209e-001
 2.9563776e-001
 2.9452220e-001
 2.9342729e-001
 2.9235548e-001
 2.9130855e-001
 2.9028833e-001
 2.8929475e-001
 2.8832778e-001
 2.8738648e-001
 2.8647026e-001
 2.8557852e-001
 2.8471041e-001
 2.8386578e-001
 2.8304380e-001
 2.8224376e-001
 2.8146496e-001
 2.8070715e-001
 2.7996954e-001
 2.7925140e-001
 2.7855209e-001
 2.7787128e-001
 2.7720818e-001
 2.7656218e-001
 2.7593264e-001
 2.7531886e-001
 2.7472046e-001
 2.7413675e-001
 2.7356702e-001
 2.7301058e-001
 2.7246711e-001
 2.7193579e-001
 2.7141604e-001
 2.7090693e-001
 2.7040797e-001
 2.6991814e-001
 2.6943666e-001
 2.6896262e-001
 2.6849517e-001
 2.6803368e-001
 2.6757723e-001
 2.6712492e-001
 2.6667595e-001
 2.6622963e-001
 2.6578501e-001
 2.6534125e-001
 2.6489753e-001
 2.6445311e-001
 2.6400712e-001
 2.6355875e-001
 2.6310706e-001
 2.6265141e-001
 2.6219091e-001
 2.6172465e-001
 2.6125190e-001
 2.6077169e-001
 2.6028338e-001
 2.5978610e-001
 2.5927904e-001
 2.5876114e-001
 2.5823191e-001
 2.5769037e-001
 2.5713593e-001
 2.5656921e-001
 2.5599208e-001
 2.5540593e-001
