s07_ASD Record=21272: Lodgepole-Pine YNP-LP0-VIG  AVIRISb RTGC
-1.2300000e+034
-1.2300000e+034
-1.2300000e+034
-1.2300000e+034
-1.2300000e+034
-1.2300000e+034
-1.2300000e+034
-1.2300000e+034
-1.2300000e+034
-1.2300000e+034
-1.2300000e+034
-1.2300000e+034
-1.2300000e+034
-1.2300000e+034
-1.2300000e+034
-1.2300000e+034
-1.2300000e+034
-1.2300000e+034
-1.2300000e+034
-1.2300000e+034
-1.2300000e+034
-1.2300000e+034
-1.2300000e+034
-1.2300000e+034
-1.2300000e+034
-1.2300000e+034
-1.2300000e+034
-1.2300000e+034
-1.2300000e+034
-1.2300000e+034
-1.2300000e+034
-1.2300000e+034
-1.2300000e+034
-1.2300000e+034
-1.2300000e+034
-1.2300000e+034
-1.2300000e+034
-1.2300000e+034
-1.2300000e+034
-1.2300000e+034
-1.2300000e+034
-1.2300000e+034
-1.2300000e+034
-1.2300000e+034
-1.2300000e+034
-1.2300000e+034
-1.2300000e+034
-1.2300000e+034
-1.2300000e+034
-1.2300000e+034
-1.2300000e+034
-1.2300000e+034
-1.2300000e+034
-1.2300000e+034
-1.2300000e+034
-1.2300000e+034
-1.2300000e+034
-1.2300000e+034
-1.2300000e+034
 2.4923211e-002
 2.4811795e-002
 2.4703149e-002
 2.4600025e-002
 2.4505198e-002
 2.4421426e-002
 2.4351472e-002
 2.4298109e-002
 2.4264093e-002
 2.4252193e-002
 2.4265170e-002
 2.4304677e-002
 2.4367632e-002
 2.4449784e-002
 2.4546884e-002
 2.4654685e-002
 2.4768926e-002
 2.4885364e-002
 2.4999747e-002
 2.5107831e-002
 2.5205351e-002
 2.5289146e-002
 2.5359850e-002
 2.5419218e-002
 2.5468998e-002
 2.5510941e-002
 2.5546789e-002
 2.5578301e-002
 2.5607225e-002
 2.5635302e-002
 2.5664292e-002
 2.5695648e-002
 2.5729660e-002
 2.5766330e-002
 2.5805652e-002
 2.5847634e-002
 2.5892267e-002
 2.5939554e-002
 2.5989488e-002
 2.6042080e-002
 2.6097318e-002
 2.6154965e-002
 2.6213109e-002
 2.6322186e-002
 2.6368791e-002
 2.6407216e-002
 2.6435286e-002
 2.6450841e-002
 2.6451703e-002
 2.6435712e-002
 2.6401689e-002
 2.6352642e-002
 2.6292613e-002
 2.6225647e-002
 2.6155785e-002
 2.6087068e-002
 2.6023533e-002
 2.5969230e-002
 2.5928192e-002
 2.5904467e-002
 2.5900787e-002
 2.5914656e-002
 2.5942268e-002
 2.5979823e-002
 2.6023511e-002
 2.6069537e-002
 2.6114091e-002
 2.6153373e-002
 2.6183574e-002
 2.6200894e-002
 2.6202571e-002
 2.6190031e-002
 2.6165809e-002
 2.6132440e-002
 2.6092462e-002
 2.6048403e-002
 2.6002808e-002
 2.5958208e-002
 2.5917143e-002
 2.5882142e-002
 2.5855243e-002
 2.5836479e-002
 2.5825385e-002
 2.5821494e-002
 2.5824333e-002
 2.5833445e-002
 2.5848353e-002
 2.5868597e-002
 2.5893705e-002
 2.5923215e-002
 2.5957221e-002
 2.5997857e-002
 2.6047820e-002
 2.6109798e-002
 2.6186490e-002
 2.6280588e-002
 2.6394770e-002
 2.6531748e-002
 2.6694199e-002
 2.6884830e-002
 2.7105447e-002
 2.7629316e-002
 2.7927544e-002
 2.8246639e-002
 2.8584132e-002
 2.8937500e-002
 2.9304231e-002
 2.9681843e-002
 3.0067859e-002
 3.0460503e-002
 3.0858703e-002
 3.1262040e-002
 3.1670175e-002
 3.2082759e-002
 3.2499377e-002
 3.2919686e-002
 3.3343315e-002
 3.3769932e-002
 3.4199107e-002
 3.4630127e-002
 3.5060748e-002
 3.5488289e-002
 3.5910171e-002
 3.6323689e-002
 3.6726244e-002
 3.7115220e-002
 3.7487932e-002
 3.7841782e-002
 3.8174104e-002
 3.8483158e-002
 3.8770780e-002
 3.9039630e-002
 3.9292425e-002
 3.9531861e-002
 3.9760660e-002
 3.9981481e-002
 4.0197045e-002
 4.0410072e-002
 4.0623214e-002
 4.0838256e-002
 4.1051839e-002
 4.1259669e-002
 4.1457441e-002
 4.1640855e-002
 4.1805603e-002
 4.1947391e-002
 4.2061914e-002
 4.2144869e-002
 4.2191964e-002
 4.2200118e-002
 4.2171203e-002
 4.2108357e-002
 4.2014770e-002
 4.1893609e-002
 4.1748021e-002
 4.1581180e-002
 4.1396260e-002
 4.1196413e-002
 4.0984821e-002
 4.0764816e-002
 4.0539082e-002
 4.0310469e-002
 4.0081799e-002
 3.9855916e-002
 3.9635677e-002
 3.9423916e-002
 3.9223462e-002
 3.9037168e-002
 3.8867868e-002
 3.8717646e-002
 3.8585559e-002
 3.8469911e-002
 3.8368989e-002
 3.8281109e-002
 3.8137637e-002
 3.8078651e-002
 3.8025897e-002
 3.7977673e-002
 3.7932627e-002
 3.7891071e-002
 3.7853658e-002
 3.7821036e-002
 3.7793860e-002
 3.7772782e-002
 3.7758455e-002
 3.7751529e-002
 3.7752662e-002
 3.7762500e-002
 3.7781015e-002
 3.7805557e-002
 3.7832815e-002
 3.7859481e-002
 3.7882235e-002
 3.7897762e-002
 3.7902765e-002
 3.7893914e-002
 3.7867907e-002
 3.7821431e-002
 3.7752360e-002
 3.7663806e-002
 3.7560102e-002
 3.7445594e-002
 3.7324637e-002
 3.7201568e-002
 3.7080724e-002
 3.6966454e-002
 3.6863096e-002
 3.6775008e-002
 3.6705583e-002
 3.6654066e-002
 3.6618814e-002
 3.6598165e-002
 3.6590464e-002
 3.6594063e-002
 3.6607310e-002
 3.6628548e-002
 3.6656126e-002
 3.6688384e-002
 3.6723658e-002
 3.6760215e-002
 3.6796302e-002
 3.6830153e-002
 3.6860034e-002
 3.6884177e-002
 3.6900844e-002
 3.6908269e-002
 3.6904704e-002
 3.6888398e-002
 3.6858138e-002
 3.6814868e-002
 3.6760073e-002
 3.6695238e-002
 3.6621843e-002
 3.6541384e-002
 3.6455344e-002
 3.6365207e-002
 3.6272455e-002
 3.6178574e-002
 3.6084689e-002
 3.5990473e-002
 3.5895228e-002
 3.5798274e-002
 3.5698917e-002
 3.5596471e-002
 3.5490248e-002
 3.5379540e-002
 3.5263684e-002
 3.5141975e-002
 3.5014395e-002
 3.4882780e-002
 3.4749664e-002
 3.4488887e-002
 3.4366239e-002
 3.4252092e-002
 3.4148958e-002
 3.4059331e-002
 3.3985719e-002
-1.2300000e+034
 3.3905730e-002
 3.3877626e-002
 3.3864357e-002
 3.3864897e-002
 3.3878222e-002
 3.3903319e-002
 3.3939157e-002
 3.4017298e-002
-1.2300000e+034
 3.4100890e-002
 3.4171015e-002
 3.4256462e-002
 3.4508105e-002
 3.4691688e-002
 3.4925368e-002
 3.5217818e-002
 3.5577763e-002
 3.6013853e-002
 3.6534820e-002
 3.7148833e-002
 3.7858307e-002
 3.8664825e-002
 3.9570160e-002
 4.0575873e-002
 4.1683689e-002
 4.2895362e-002
 4.4212408e-002
 4.5636669e-002
 4.7169637e-002
 4.8811521e-002
 5.0556272e-002
 5.2396379e-002
 5.4324031e-002
 5.6331705e-002
 5.8411807e-002
 6.2758997e-002
 6.5010734e-002
 6.7304462e-002
 6.9634169e-002
 7.2000362e-002
 7.4404702e-002
 7.6849423e-002
 7.9336181e-002
 8.1867076e-002
 8.4444240e-002
 8.7069273e-002
 8.9744456e-002
 9.2471428e-002
 9.5250607e-002
 9.8075703e-002
 1.0093821e-001
 1.0383032e-001
 1.0674354e-001
 1.0966987e-001
 1.1260136e-001
 1.1552949e-001
 1.1844645e-001
 1.2134375e-001
 1.2704912e-001
 1.2984307e-001
 1.3258873e-001
 1.3527943e-001
 1.3790792e-001
 1.4046752e-001
 1.4295132e-001
 1.4535265e-001
 1.4766426e-001
 1.4988092e-001
 1.5200299e-001
 1.5403195e-001
 1.5596963e-001
 1.5781777e-001
 1.5957813e-001
 1.6125226e-001
 1.6284196e-001
 1.6434903e-001
 1.6577499e-001
 1.6712195e-001
 1.6839318e-001
 1.6959202e-001
 1.7072211e-001
 1.7178679e-001
 1.7373422e-001
 1.7462386e-001
 1.7546219e-001
 1.7625262e-001
 1.7699847e-001
 1.7770220e-001
 1.7836602e-001
 1.7899223e-001
 1.7958306e-001
 1.8014069e-001
 1.8066742e-001
 1.8116550e-001
 1.8163720e-001
-1.2300000e+034
 1.8251067e-001
 1.8291697e-001
 1.8330581e-001
 1.8367942e-001
 1.8404004e-001
 1.8438998e-001
 1.8473147e-001
 1.8506674e-001
 1.8539806e-001
 1.8605684e-001
 1.8638502e-001
 1.8671064e-001
 1.8703215e-001
 1.8734802e-001
 1.8765673e-001
 1.8795663e-001
 1.8824627e-001
 1.8852402e-001
 1.8878838e-001
 1.8903881e-001
 1.8927711e-001
 1.8950626e-001
 1.8972915e-001
 1.8994868e-001
 1.9016771e-001
 1.9038920e-001
 1.9061604e-001
 1.9085111e-001
 1.9109733e-001
 1.9135638e-001
 1.9162664e-001
 1.9190526e-001
 1.9218948e-001
 1.9276328e-001
 1.9304727e-001
 1.9332550e-001
 1.9359525e-001
 1.9385359e-001
 1.9409850e-001
 1.9432937e-001
 1.9454633e-001
 1.9474949e-001
 1.9493905e-001
 1.9511510e-001
 1.9527784e-001
 1.9542740e-001
 1.9556390e-001
 1.9568750e-001
 1.9579886e-001
 1.9590139e-001
 1.9599892e-001
 1.9609535e-001
 1.9619456e-001
 1.9630043e-001
 1.9641683e-001
 1.9654760e-001
 1.9669667e-001
 1.9706416e-001
 1.9728354e-001
 1.9752291e-001
 1.9777934e-001
 1.9804977e-001
 1.9833116e-001
 1.9862054e-001
 1.9891486e-001
 1.9921112e-001
 1.9950625e-001
 1.9979768e-001
 2.0008422e-001
 2.0036516e-001
 2.0063974e-001
 2.0090722e-001
 2.0116684e-001
 2.0141783e-001
 2.0165947e-001
 2.0189096e-001
 2.0211162e-001
 2.0232114e-001
 2.0252123e-001
 2.0271416e-001
 2.0290203e-001
 2.0327155e-001
 2.0345761e-001
 2.0364743e-001
 2.0384327e-001
 2.0404729e-001
 2.0426105e-001
 2.0448333e-001
 2.0471238e-001
 2.0494626e-001
 2.0518321e-001
 2.0542133e-001
 2.0565885e-001
 2.0589387e-001
 2.0612457e-001
 2.0634915e-001
 2.0656632e-001
 2.0677723e-001
 2.0698364e-001
 2.0718731e-001
 2.0738998e-001
 2.0759335e-001
 2.0779921e-001
 2.0800932e-001
 2.0822535e-001
 2.0868173e-001
 2.0892192e-001
 2.0916778e-001
 2.0941743e-001
 2.0966901e-001
 2.0992059e-001
 2.1017028e-001
 2.1041623e-001
 2.1065652e-001
 2.1088928e-001
 2.1111272e-001
 2.1132544e-001
 2.1152616e-001
 2.1171357e-001
 2.1188639e-001
 2.1204336e-001
 2.1218315e-001
 2.1230449e-001
 2.1240607e-001
 2.1248664e-001
 2.1254568e-001
 2.1258566e-001
 2.1260986e-001
 2.1262163e-001
 2.1262091e-001
 2.1261507e-001
 2.1260998e-001
 2.1260892e-001
 2.1261519e-001
 2.1263145e-001
 2.1265785e-001
 2.1269391e-001
 2.1273907e-001
 2.1279287e-001
 2.1285482e-001
 2.1292442e-001
 2.1300115e-001
 2.1308453e-001
 2.1317409e-001
 2.1326889e-001
 2.1336646e-001
 2.1346387e-001
 2.1355826e-001
 2.1364670e-001
 2.1372627e-001
 2.1379413e-001
 2.1384734e-001
 2.1388300e-001
 2.1389064e-001
 2.1386048e-001
 2.1380848e-001
 2.1373542e-001
 2.1364209e-001
 2.1352926e-001
 2.1339774e-001
 2.1324825e-001
 2.1308164e-001
-1.2300000e+034
 2.1270028e-001
 2.1248712e-001
 2.1225996e-001
 2.1201958e-001
 2.1176675e-001
 2.1150225e-001
 2.1122688e-001
 2.1094136e-001
 2.1064655e-001
-1.2300000e+034
 2.1003166e-001
 2.0971315e-001
 2.0938842e-001
 2.0905823e-001
 2.0838460e-001
 2.0804273e-001
 2.0769852e-001
 2.0735277e-001
-1.2300000e+034
 2.0665976e-001
 2.0631404e-001
 2.0596991e-001
 2.0562811e-001
 2.0528947e-001
 2.0495474e-001
 2.0462470e-001
 2.0430015e-001
 2.0398183e-001
 2.0367055e-001
 2.0336792e-001
 2.0307688e-001
 2.0280127e-001
 2.0254488e-001
 2.0231159e-001
 2.0210512e-001
 2.0192935e-001
 2.0178801e-001
 2.0168500e-001
 2.0162410e-001
 2.0163037e-001
 2.0168662e-001
 2.0176975e-001
 2.0187342e-001
 2.0199125e-001
 2.0211686e-001
 2.0224391e-001
 2.0236602e-001
 2.0247680e-001
 2.0257175e-001
 2.0265377e-001
 2.0272757e-001
 2.0279798e-001
 2.0286968e-001
 2.0294747e-001
 2.0303605e-001
 2.0314021e-001
 2.0326474e-001
 2.0341431e-001
 2.0359251e-001
 2.0379825e-001
 2.0402908e-001
 2.0428276e-001
 2.0455688e-001
 2.0515721e-001
 2.0547871e-001
 2.0581131e-001
 2.0615271e-001
 2.0650089e-001
 2.0685545e-001
 2.0721628e-001
 2.0758331e-001
 2.0795648e-001
 2.0833570e-001
 2.0872088e-001
 2.0911199e-001
 2.0954424e-001
 2.0996173e-001
 2.1038425e-001
 2.1081080e-001
 2.1124031e-001
 2.1167177e-001
 2.1210475e-001
 2.1253973e-001
 2.1297739e-001
 2.1341823e-001
 2.1386129e-001
 2.1430410e-001
 2.1474366e-001
 2.1517734e-001
 2.1560401e-001
 2.1602406e-001
 2.1643829e-001
 2.1684754e-001
 2.1725182e-001
 2.1765083e-001
 2.1804444e-001
 2.1843277e-001
 2.1881676e-001
 2.1919774e-001
 2.1957748e-001
 2.1995808e-001
 2.2034149e-001
 2.2072972e-001
 2.2112432e-001
 2.2152634e-001
 2.2193639e-001
 2.2235414e-001
 2.2277881e-001
 2.2320873e-001
 2.2364171e-001
 2.2407535e-001
 2.2450686e-001
 2.2493365e-001
 2.2535324e-001
 2.2576350e-001
 2.2616293e-001
 2.2655046e-001
 2.2692563e-001
 2.2728856e-001
 2.2763968e-001
 2.2797990e-001
 2.2831021e-001
 2.2863171e-001
 2.2894564e-001
 2.2925307e-001
 2.2955513e-001
 2.2985275e-001
 2.3014677e-001
 2.3043799e-001
 2.3072700e-001
 2.3101437e-001
 2.3130037e-001
 2.3158509e-001
 2.3186848e-001
 2.3215000e-001
 2.3242901e-001
 2.3270437e-001
 2.3297474e-001
 2.3323864e-001
 2.3349440e-001
 2.3374039e-001
 2.3397522e-001
 2.3419768e-001
 2.3440708e-001
 2.3460317e-001
 2.3478620e-001
 2.3495702e-001
 2.3511684e-001
 2.3526722e-001
 2.3540984e-001
 2.3554632e-001
 2.3567806e-001
 2.3580603e-001
 2.3593065e-001
 2.3605163e-001
 2.3616804e-001
 2.3627833e-001
 2.3638038e-001
 2.3647185e-001
 2.3655024e-001
 2.3661323e-001
 2.3665892e-001
 2.3668598e-001
 2.3669389e-001
 2.3668304e-001
 2.3665458e-001
 2.3661040e-001
 2.3655295e-001
 2.3648492e-001
 2.3640881e-001
 2.3632675e-001
 2.3623994e-001
 2.3614849e-001
 2.3605114e-001
 2.3594518e-001
 2.3582655e-001
 2.3569003e-001
 2.3552962e-001
 2.3533900e-001
 2.3511186e-001
 2.3484264e-001
 2.3452669e-001
 2.3416084e-001
 2.3374355e-001
 2.3327477e-001
 2.3275627e-001
 2.3219082e-001
 2.3158237e-001
 2.3093545e-001
 2.3025461e-001
 2.2954455e-001
 2.2880985e-001
 2.2805457e-001
 2.2728300e-001
 2.2649880e-001
 2.2570519e-001
 2.2490408e-001
 2.2409517e-001
 2.2327706e-001
 2.2244781e-001
 2.2160754e-001
 2.2075938e-001
 2.1990862e-001
 2.1906129e-001
 2.1822087e-001
 2.1738788e-001
 2.1655984e-001
 2.1573247e-001
 2.1490233e-001
 2.1406774e-001
 2.1323071e-001
 2.1239634e-001
 2.1157087e-001
 2.1075982e-001
 2.0996559e-001
 2.0918714e-001
 2.0842142e-001
 2.0766447e-001
 2.0691372e-001
 2.0616916e-001
 2.0543356e-001
 2.0471230e-001
 2.0401083e-001
 2.0333308e-001
 2.0268019e-001
 2.0205052e-001
 2.0144147e-001
 2.0085029e-001
 2.0027596e-001
 1.9971965e-001
 1.9918440e-001
 1.9867451e-001
 1.9819337e-001
 1.9774278e-001
 1.9732274e-001
 1.9693214e-001
 1.9657013e-001
 1.9623619e-001
 1.9593038e-001
 1.9565263e-001
 1.9540225e-001
 1.9517788e-001
 1.9497739e-001
 1.9479795e-001
 1.9463639e-001
 1.9448923e-001
 1.9435294e-001
 1.9422410e-001
 1.9409949e-001
 1.9397625e-001
 1.9385198e-001
 1.9372472e-001
 1.9359307e-001
 1.9345598e-001
 1.9331291e-001
 1.9316362e-001
 1.9300824e-001
 1.9284734e-001
 1.9268174e-001
 1.9251285e-001
 1.9234242e-001
 1.9217268e-001
 1.9200630e-001
 1.9184618e-001
 1.9169545e-001
 1.9155726e-001
 1.9143464e-001
 1.9133042e-001
 1.9124697e-001
 1.9118622e-001
 1.9114961e-001
 1.9113804e-001
 1.9115195e-001
 1.9119135e-001
 1.9125603e-001
 1.9134554e-001
 1.9145942e-001
 1.9159709e-001
 1.9175813e-001
 1.9194211e-001
 1.9214872e-001
 1.9237775e-001
 1.9262901e-001
 1.9290243e-001
 1.9319786e-001
 1.9351508e-001
 1.9385390e-001
 1.9421384e-001
 1.9459426e-001
 1.9499448e-001
 1.9541337e-001
 1.9584975e-001
 1.9630219e-001
 1.9676909e-001
 1.9724888e-001
 1.9773960e-001
 1.9823945e-001
 1.9874628e-001
 1.9925782e-001
 1.9977190e-001
 2.0028590e-001
 2.0079747e-001
 2.0130399e-001
 2.0180291e-001
 2.0229203e-001
 2.0276913e-001
 2.0323266e-001
 2.0368131e-001
 2.0411424e-001
 2.0453140e-001
 2.0493293e-001
 2.0531961e-001
 2.0569237e-001
 2.0605230e-001
 2.0640066e-001
 2.0673849e-001
 2.0706695e-001
 2.0738724e-001
 2.0770115e-001
 2.0801173e-001
 2.0832351e-001
 2.0864156e-001
 2.0896795e-001
 2.0929579e-001
 2.0960705e-001
 2.0986894e-001
 2.1008313e-001
 2.1025237e-001
 2.1038720e-001
 2.1050079e-001
 2.1060556e-001
 2.1071191e-001
 2.1082777e-001
 2.1095815e-001
 2.1110490e-001
 2.1128657e-001
 2.1144333e-001
 2.1159932e-001
 2.1175885e-001
 2.1192983e-001
 2.1211913e-001
 2.1231911e-001
 2.1249627e-001
 2.1263555e-001
 2.1274185e-001
 2.1283627e-001
 2.1294522e-001
 2.1308802e-001
 2.1325290e-001
 2.1339986e-001
 2.1350835e-001
 2.1358557e-001
 2.1364221e-001
 2.1368383e-001
 2.1371312e-001
 2.1373194e-001
 2.1374185e-001
 2.1374401e-001
 2.1373887e-001
 2.1372584e-001
 2.1370301e-001
 2.1366741e-001
 2.1361513e-001
 2.1354187e-001
 2.1344301e-001
 2.1331398e-001
 2.1315043e-001
 2.1294855e-001
 2.1270549e-001
 2.1241999e-001
 2.1209256e-001
 2.1172549e-001
 2.1132219e-001
 2.1088664e-001
 2.1042332e-001
 2.0993651e-001
 2.0943053e-001
 2.0890927e-001
 2.0837562e-001
 2.0783146e-001
 2.0727700e-001
 2.0671137e-001
 2.0613272e-001
 2.0553853e-001
 2.0492628e-001
 2.0429319e-001
 2.0363671e-001
 2.0295450e-001
 2.0224443e-001
 2.0150512e-001
 2.0073597e-001
 1.9993669e-001
 1.9910778e-001
 1.9824964e-001
 1.9736300e-001
 1.9644868e-001
 1.9550715e-001
 1.9453926e-001
 1.9354545e-001
 1.9252636e-001
 1.9148254e-001
 1.9041409e-001
 1.8932153e-001
 1.8820490e-001
 1.8706459e-001
 1.8590100e-001
 1.8471414e-001
 1.8350461e-001
 1.8227243e-001
 1.8101817e-001
 1.7974225e-001
 1.7844363e-001
 1.7712002e-001
 1.7577200e-001
 1.7441666e-001
 1.7308617e-001
 1.7176947e-001
 1.7037570e-001
 1.6885342e-001
 1.6732158e-001
 1.6589414e-001
 1.6450842e-001
 1.6306770e-001
 1.6156571e-001
 1.6005619e-001
 1.5859227e-001
 1.5716018e-001
 1.5565218e-001
 1.5401077e-001
 1.5237403e-001
 1.5086441e-001
 1.4940444e-001
 1.4788948e-001
 1.4631850e-001
 1.4474998e-001
 1.4323968e-001
 1.4177293e-001
 1.4023198e-001
 1.3855596e-001
 1.3690156e-001
 1.3539307e-001
 1.3393658e-001
 1.3242604e-001
 1.3086852e-001
 1.2932374e-001
 1.2784618e-001
 1.2642162e-001
 1.2492858e-001
 1.2330810e-001
 1.2172410e-001
 1.2029434e-001
 1.1891711e-001
 1.1749198e-001
 1.1603191e-001
 1.1459409e-001
 1.1322914e-001
 1.1192291e-001
 1.1055791e-001
 1.0908167e-001
 1.0765634e-001
 1.0638458e-001
 1.0516281e-001
 1.0390349e-001
 1.0262440e-001
 1.0137641e-001
 1.0020253e-001
 9.9090792e-002
 9.7936489e-002
 9.6695356e-002
 9.5514826e-002
 9.4477348e-002
 9.3487702e-002
 9.2476130e-002
 9.1462284e-002
 9.0486892e-002
 8.9583069e-002
 8.8741317e-002
 8.7878950e-002
 8.6964600e-002
 8.6115979e-002
 8.5388720e-002
 8.4707350e-002
 8.4025763e-002
 8.3361626e-002
 8.2741968e-002
 8.2186751e-002
 8.1689619e-002
 8.1201948e-002
 8.0708660e-002
 8.0276586e-002
 7.9932772e-002
 7.9637058e-002
 7.9369597e-002
 7.9141147e-002
 7.8960933e-002
 7.8829870e-002
 7.8747220e-002
 7.8711808e-002
 7.8720503e-002
 7.8766808e-002
 7.8840375e-002
 7.8928076e-002
 7.9015262e-002
 7.9086713e-002
 7.9127058e-002
 7.9121128e-002
 7.9054594e-002
 7.8915700e-002
 7.8697957e-002
 7.8402914e-002
 7.8040384e-002
 7.7626556e-002
 7.7180959e-002
 7.6724209e-002
 7.6277375e-002
 7.5861365e-002
 7.5496063e-002
 7.5198948e-002
 7.4981898e-002
 7.4848741e-002
 7.4795254e-002
 7.4810863e-002
 7.4881822e-002
 7.4993253e-002
 7.5129949e-002
 7.5276814e-002
 7.5419359e-002
 7.5544737e-002
 7.5643823e-002
 7.5712658e-002
 7.5753130e-002
 7.5770952e-002
 7.5773828e-002
 7.5770117e-002
 7.5768359e-002
 7.5777024e-002
 7.5804159e-002
 7.5856656e-002
 7.5938866e-002
 7.6051563e-002
 7.6191954e-002
 7.6354675e-002
 7.6533057e-002
 7.6719962e-002
 7.6908268e-002
 7.7090830e-002
 7.7261113e-002
 7.7413760e-002
 7.7546403e-002
 7.7660769e-002
 7.7762656e-002
 7.7860743e-002
 7.7965051e-002
 7.8086048e-002
 7.8234322e-002
 7.8420267e-002
 7.8653753e-002
 7.8942753e-002
 7.9291552e-002
 7.9698928e-002
 8.0158301e-002
 8.0659717e-002
 8.1191376e-002
 8.1740923e-002
 8.2296103e-002
 8.2844585e-002
 8.3374575e-002
 8.3876096e-002
 8.4342219e-002
 8.4770836e-002
 8.5164137e-002
 8.5527293e-002
 8.5866980e-002
 8.6190134e-002
 8.6503945e-002
 8.6815447e-002
 8.7131485e-002
 8.7458417e-002
 8.7801196e-002
 8.8163383e-002
 8.8546872e-002
 8.8952482e-002
 8.9380696e-002
 8.9831673e-002
 9.0305716e-002
 9.0802923e-002
 9.1323078e-002
 9.1865398e-002
 9.2427433e-002
 9.3004383e-002
 9.3589716e-002
 9.4175413e-002
 9.4753161e-002
 9.5314272e-002
 9.5850036e-002
 9.6352085e-002
 9.6812434e-002
 9.7225033e-002
 9.7587086e-002
 9.7900033e-002
 9.8169573e-002
 9.8403879e-002
 9.8612376e-002
 9.8804750e-002
 9.8990731e-002
 9.9180028e-002
 9.9381737e-002
 9.9603690e-002
 9.9850990e-002
 1.0012532e-001
 1.0042533e-001
 1.0074755e-001
 1.0108781e-001
 1.0144158e-001
 1.0180426e-001
 1.0217147e-001
 1.0253890e-001
 1.0290294e-001
 1.0326132e-001
 1.0361319e-001
 1.0395926e-001
 1.0430100e-001
 1.0464025e-001
 1.0497909e-001
 1.0531943e-001
 1.0566331e-001
 1.0601242e-001
 1.0636789e-001
 1.0672998e-001
 1.0709751e-001
 1.0746838e-001
 1.0783967e-001
 1.0820813e-001
 1.0857058e-001
 1.0892368e-001
 1.0926431e-001
 1.0958958e-001
 1.0989735e-001
 1.1018702e-001
 1.1045978e-001
 1.1071828e-001
 1.1096622e-001
 1.1120754e-001
 1.1144645e-001
 1.1168702e-001
 1.1193328e-001
 1.1218904e-001
 1.1245727e-001
 1.1273976e-001
 1.1303663e-001
 1.1334666e-001
 1.1366798e-001
 1.1399823e-001
 1.1433513e-001
 1.1467622e-001
 1.1501914e-001
 1.1536179e-001
 1.1570226e-001
 1.1603943e-001
 1.1637290e-001
 1.1670286e-001
 1.1703002e-001
 1.1735510e-001
 1.1767890e-001
 1.1800231e-001
 1.1832605e-001
 1.1865092e-001
 1.1897735e-001
 1.1930540e-001
 1.1963481e-001
 1.1996480e-001
 1.2029454e-001
 1.2062299e-001
 1.2094908e-001
 1.2127189e-001
 1.2159037e-001
 1.2190380e-001
 1.2221178e-001
 1.2251454e-001
 1.2281321e-001
 1.2310937e-001
 1.2340512e-001
 1.2370258e-001
 1.2400391e-001
 1.2431136e-001
 1.2462688e-001
 1.2495219e-001
 1.2528791e-001
 1.2563317e-001
 1.2598562e-001
 1.2634145e-001
 1.2669607e-001
 1.2704466e-001
 1.2738220e-001
 1.2770385e-001
 1.2800483e-001
 1.2828104e-001
 1.2852976e-001
 1.2875021e-001
 1.2894411e-001
 1.2911484e-001
 1.2926684e-001
 1.2940504e-001
 1.2953435e-001
 1.2965982e-001
 1.2978622e-001
 1.2991787e-001
 1.3005812e-001
 1.3020873e-001
 1.3036993e-001
 1.3054058e-001
 1.3071881e-001
 1.3090257e-001
 1.3108958e-001
 1.3127761e-001
 1.3146448e-001
 1.3164806e-001
 1.3182652e-001
 1.3199826e-001
 1.3216202e-001
 1.3231683e-001
 1.3246183e-001
 1.3259624e-001
 1.3271929e-001
 1.3283023e-001
 1.3292840e-001
 1.3301334e-001
 1.3308495e-001
 1.3314369e-001
 1.3319060e-001
 1.3322711e-001
 1.3325496e-001
 1.3327594e-001
 1.3329189e-001
 1.3330463e-001
 1.3331588e-001
 1.3332713e-001
 1.3333945e-001
 1.3335329e-001
 1.3336846e-001
 1.3338432e-001
 1.3339992e-001
 1.3341425e-001
 1.3342622e-001
 1.3343477e-001
 1.3343886e-001
 1.3343751e-001
 1.3342988e-001
 1.3341534e-001
 1.3339344e-001
 1.3336381e-001
 1.3332628e-001
 1.3328061e-001
 1.3322660e-001
 1.3316408e-001
 1.3309281e-001
 1.3301261e-001
 1.3292319e-001
 1.3282429e-001
 1.3271548e-001
 1.3259646e-001
 1.3246681e-001
 1.3232611e-001
 1.3217393e-001
 1.3200992e-001
 1.3183381e-001
 1.3164546e-001
 1.3144515e-001
 1.3123359e-001
 1.3101192e-001
 1.3078162e-001
 1.3054433e-001
 1.3030182e-001
 1.3005577e-001
 1.2980796e-001
 1.2956007e-001
 1.2931344e-001
 1.2906925e-001
 1.2882814e-001
 1.2859043e-001
 1.2835614e-001
 1.2812504e-001
 1.2789693e-001
 1.2767148e-001
 1.2744847e-001
 1.2722774e-001
 1.2700918e-001
 1.2679306e-001
 1.2657982e-001
 1.2637019e-001
 1.2616515e-001
 1.2596571e-001
 1.2577303e-001
 1.2558822e-001
 1.2541233e-001
 1.2524638e-001
 1.2509106e-001
 1.2494677e-001
 1.2481353e-001
 1.2469085e-001
 1.2457806e-001
 1.2447424e-001
 1.2437844e-001
 1.2428965e-001
 1.2420684e-001
 1.2412891e-001
 1.2405460e-001
 1.2398248e-001
 1.2391088e-001
 1.2383786e-001
 1.2376135e-001
 1.2367917e-001
 1.2358912e-001
 1.2348902e-001
 1.2337679e-001
 1.2325060e-001
 1.2310919e-001
 1.2295195e-001
 1.2277930e-001
 1.2259234e-001
 1.2239287e-001
 1.2218297e-001
 1.2196486e-001
 1.2174087e-001
 1.2151322e-001
 1.2128415e-001
 1.2105577e-001
 1.2082993e-001
 1.2060839e-001
 1.2039261e-001
 1.2018400e-001
 1.1998390e-001
 1.1979349e-001
 1.1961403e-001
 1.1944655e-001
 1.1929194e-001
 1.1915063e-001
 1.1902241e-001
 1.1890649e-001
 1.1880145e-001
 1.1870541e-001
 1.1861626e-001
 1.1853177e-001
 1.1844972e-001
 1.1836798e-001
 1.1828467e-001
 1.1819834e-001
 1.1810809e-001
 1.1801369e-001
 1.1791553e-001
 1.1781434e-001
 1.1771115e-001
 1.1760706e-001
 1.1750323e-001
 1.1740079e-001
 1.1730079e-001
 1.1720415e-001
 1.1711162e-001
 1.1702377e-001
 1.1694098e-001
 1.1686351e-001
 1.1679158e-001
 1.1672525e-001
 1.1666453e-001
 1.1660908e-001
 1.1655796e-001
 1.1650926e-001
 1.1645983e-001
 1.1640514e-001
 1.1633947e-001
 1.1625626e-001
 1.1614843e-001
 1.1600880e-001
 1.1583028e-001
 1.1560646e-001
 1.1540152e-001
 1.1507454e-001
 1.1468878e-001
 1.1424633e-001
 1.1375219e-001
 1.1321255e-001
 1.1263434e-001
 1.1202460e-001
 1.1139015e-001
 1.1073801e-001
 1.1007445e-001
 1.0940497e-001
 1.0873364e-001
 1.0806254e-001
 1.0739240e-001
 1.0672186e-001
 1.0604833e-001
 1.0537983e-001
 1.0474073e-001
 1.0412611e-001
 1.0346645e-001
 1.0274097e-001
 1.0205166e-001
 1.0143393e-001
 1.0082091e-001
 1.0017794e-001
 9.9520542e-002
 9.8874323e-002
 9.8260559e-002
 9.7664244e-002
 9.7023696e-002
 9.6332096e-002
 9.5676489e-002
 9.5082477e-002
 9.4493799e-002
 9.3879737e-002
 9.3253568e-002
 9.2640422e-002
 9.2057988e-002
 9.1486730e-002
 9.0873703e-002
 9.0221219e-002
 8.9604355e-002
 8.9041084e-002
 8.8482939e-002
 8.7903619e-002
 8.7315030e-002
 8.6740926e-002
 8.6194739e-002
 8.5654393e-002
 8.5076459e-002
 8.4470056e-002
 8.3897375e-002
 8.3370276e-002
 8.2848683e-002
 8.2310461e-002
 8.1766188e-002
 8.1237108e-002
 8.0731899e-002
 8.0228142e-002
 7.9693019e-002
 7.9139546e-002
 7.8616321e-002
 7.8131124e-002
 7.7652201e-002
 7.7161245e-002
 7.6667301e-002
 7.6188438e-002
 7.5729735e-002
 7.5270087e-002
 7.4784905e-002
 7.4289039e-002
 7.3821045e-002
 7.3385544e-002
 7.2957568e-002
 7.2523080e-002
 7.2086699e-002
 7.1655750e-002
 7.1234703e-002
 7.0816286e-002
 7.0403777e-002
 6.9997177e-002
 6.9596194e-002
 6.9201902e-002
 6.8817854e-002
 6.8447031e-002
 6.8084493e-002
 6.7717694e-002
 6.7341186e-002
 6.6967539e-002
 6.6613168e-002
 6.6278569e-002
 6.5951973e-002
 6.5626487e-002
 6.5305896e-002
 6.4996406e-002
 6.4696431e-002
 6.4396106e-002
 6.4090155e-002
 6.3787729e-002
 6.3502133e-002
 6.3234575e-002
 6.2975973e-002
 6.2720411e-002
 6.2470388e-002
 6.2230773e-002
 6.2000815e-002
 6.1773375e-002
 6.1544195e-002
 6.1319552e-002
 6.1109327e-002
 6.0914986e-002
 6.0730200e-002
 6.0550459e-002
 6.0377147e-002
 6.0213577e-002
 6.0059547e-002
 5.9910741e-002
 5.9764322e-002
 5.9623927e-002
 5.9495650e-002
 5.9380747e-002
 5.9275679e-002
 5.9177563e-002
 5.9086882e-002
 5.9005380e-002
 5.8933303e-002
 5.8869015e-002
 5.8811333e-002
 5.8761492e-002
 5.8721710e-002
 5.8692593e-002
 5.8673173e-002
 5.8662545e-002
 5.8660503e-002
 5.8667194e-002
 5.8683075e-002
 5.8709141e-002
 5.8746144e-002
 5.8793209e-002
 5.8848400e-002
 5.8911137e-002
 5.8982819e-002
 5.9065085e-002
 5.9158277e-002
 5.9261769e-002
 5.9374928e-002
 5.9497297e-002
 5.9628356e-002
 5.9767090e-002
 5.9911806e-002
 6.0060278e-002
 6.0209718e-002
 6.0357112e-002
 6.0499229e-002
 6.0632855e-002
 6.0755011e-002
 6.0863122e-002
 6.0955510e-002
 6.1031681e-002
 6.1092556e-002
 6.1140548e-002
 6.1179236e-002
 6.1213013e-002
 6.1246712e-002
 6.1285269e-002
 6.1333470e-002
 6.1395712e-002
 6.1475459e-002
 6.1574996e-002
 6.1695047e-002
 6.1834894e-002
 6.1992534e-002
 6.2165093e-002
 6.2349293e-002
 6.2541597e-002
 6.2738582e-002
 6.2936991e-002
 6.3134030e-002
 6.3327655e-002
 6.3516550e-002
 6.3700333e-002
 6.3879244e-002
 6.4054005e-002
 6.4225674e-002
 6.4395346e-002
 6.4564198e-002
 6.4733289e-002
 6.4903527e-002
 6.5075681e-002
 6.5250255e-002
 6.5427534e-002
 6.5607585e-002
 6.5789640e-002
 6.5971948e-002
 6.6152662e-002
 6.6332489e-002
 6.6515699e-002
 6.6705786e-002
 6.6899925e-002
 6.7090362e-002
 6.7273080e-002
 6.7450672e-002
 6.7627199e-002
 6.7802846e-002
 6.7974761e-002
 6.8142012e-002
 6.8307556e-002
 6.8474501e-002
 6.8640560e-002
 6.8799354e-002
 6.8947330e-002
 6.9086395e-002
 6.9219843e-002
 6.9348007e-002
 6.9468781e-002
 6.9581188e-002
 6.9686711e-002
 6.9787048e-002
 6.9880791e-002
 6.9964200e-002
 7.0035048e-002
 7.0094034e-002
 7.0142716e-002
 7.0181474e-002
 7.0209578e-002
 7.0226252e-002
 7.0231132e-002
 7.0224352e-002
 7.0206508e-002
 7.0178717e-002
 7.0142545e-002
 7.0100039e-002
 7.0053555e-002
 7.0005603e-002
 6.9958784e-002
 6.9915555e-002
 6.9878079e-002
 6.9848038e-002
 6.9826297e-002
 6.9812760e-002
 6.9806367e-002
 6.9805190e-002
 6.9806702e-002
 6.9808029e-002
 6.9806151e-002
 6.9798172e-002
 6.9781467e-002
 6.9754049e-002
 6.9714785e-002
 6.9663636e-002
 6.9601730e-002
 6.9531128e-002
 6.9454610e-002
 6.9375359e-002
 6.9296777e-002
 6.9222160e-002
 6.9154575e-002
 6.9096670e-002
 6.9050297e-002
 6.9016472e-002
 6.8995282e-002
 6.8985999e-002
 6.8987325e-002
 6.8997644e-002
 6.9015175e-002
 6.9038130e-002
 6.9064885e-002
 6.9094069e-002
 6.9124758e-002
 6.9156542e-002
 6.9189541e-002
 6.9224350e-002
 6.9261909e-002
 6.9303349e-002
 6.9349848e-002
 6.9402516e-002
 6.9462247e-002
 6.9529451e-002
 6.9603935e-002
 6.9684714e-002
 6.9769926e-002
 6.9857061e-002
 6.9943078e-002
 7.0024580e-002
 7.0098177e-002
 7.0160620e-002
 7.0209123e-002
 7.0241719e-002
 7.0257731e-002
 7.0257954e-002
 7.0244849e-002
 7.0222221e-002
 7.0194855e-002
 7.0168160e-002
 7.0147730e-002
 7.0138998e-002
 7.0146896e-002
 7.0175298e-002
 7.0226610e-002
 7.0301384e-002
 7.0398331e-002
 7.0514493e-002
 7.0645757e-002
 7.0787154e-002
 7.0933536e-002
 7.1079805e-002
 7.1221180e-002
 7.1353815e-002
 7.1475029e-002
 7.1583666e-002
 7.1680024e-002
 7.1765825e-002
 7.1843773e-002
 7.1917117e-002
 7.1989387e-002
 7.2064072e-002
 7.2144240e-002
 7.2232313e-002
 7.2329663e-002
 7.2436444e-002
 7.2551422e-002
 7.2672293e-002
 7.2795935e-002
 7.2918639e-002
 7.3036619e-002
 7.3146246e-002
 7.3244296e-002
 7.3328570e-002
 7.3398195e-002
 7.3453896e-002
 7.3498197e-002
 7.3535062e-002
 7.3569551e-002
 7.3607340e-002
 7.3654331e-002
 7.3716238e-002
 7.3798053e-002
 7.3903590e-002
 7.4034899e-002
 7.4191749e-002
 7.4371859e-002
 7.4570931e-002
 7.4783318e-002
 7.5002350e-002
 7.5221181e-002
 7.5433142e-002
 7.5632066e-002
 7.5813167e-002
 7.5973451e-002
 7.6111987e-002
 7.6230220e-002
 7.6331504e-002
 7.6420598e-002
 7.6503173e-002
 7.6585248e-002
 7.6672755e-002
 7.6771028e-002
 7.6884426e-002
 7.7015847e-002
 7.7166319e-002
 7.7335052e-002
 7.7519678e-002
 7.7716529e-002
 7.7921361e-002
 7.8129560e-002
 7.8336596e-002
 7.8538135e-002
 7.8730635e-002
 7.8911513e-002
 7.9079226e-002
 7.9233497e-002
 7.9375073e-002
 7.9505377e-002
 7.9626381e-002
 7.9740286e-002
 7.9849251e-002
 7.9955414e-002
 8.0060616e-002
 8.0166407e-002
 8.0273792e-002
 8.0383442e-002
 8.0495626e-002
 8.0610253e-002
 8.0727138e-002
 8.0846019e-002
 8.0966495e-002
 8.1088290e-002
 8.1211120e-002
 8.1334792e-002
 8.1459120e-002
 8.1584096e-002
 8.1709750e-002
 8.1836104e-002
 8.1963278e-002
 8.2091406e-002
 8.2220502e-002
 8.2350634e-002
 8.2481727e-002
 8.2613625e-002
 8.2745932e-002
 8.2878180e-002
 8.3009802e-002
 8.3140008e-002
 8.3268069e-002
 8.3393209e-002
 8.3514579e-002
 8.3631441e-002
 8.3743088e-002
 8.3848812e-002
 8.3948053e-002
 8.4040329e-002
 8.4125213e-002
 8.4202275e-002
 8.4271193e-002
 8.4331602e-002
 8.4383085e-002
 8.4425211e-002
 8.4457397e-002
 8.4478900e-002
 8.4488787e-002
 8.4485978e-002
 8.4469214e-002
 8.4437139e-002
 8.4388323e-002
 8.4321380e-002
 8.4234990e-002
 8.4128276e-002
 8.4000513e-002
 8.3851740e-002
 8.3682470e-002
 8.3493881e-002
 8.3287813e-002
 8.3066389e-002
 8.2832001e-002
 8.2587078e-002
 8.2334243e-002
 8.2075812e-002
 8.1813902e-002
 8.1550531e-002
 8.1287228e-002
 8.1025161e-002
 8.0765426e-002
 8.0508702e-002
 8.0255598e-002
 8.0006503e-002
 7.9761773e-002
 7.9521298e-002
 7.9284482e-002
 7.9050295e-002
 7.8816772e-002
 7.8581288e-002
 7.8340784e-002
 7.8091621e-002
 7.7830017e-002
 7.7552468e-002
 7.7255785e-002
 7.6937810e-002
 7.6597787e-002
 7.6237284e-002
 7.5859837e-002
 7.5471260e-002
 7.5079523e-002
 7.4693657e-002
 7.4323334e-002
 7.3978528e-002
 7.3668160e-002
 7.3399648e-002
 7.3177762e-002
 7.3003992e-002
 7.2875775e-002
 7.2786793e-002
 7.2727613e-002
 7.2686508e-002
 7.2650552e-002
 7.2606608e-002
 7.2542243e-002
 7.2446778e-002
 7.2312444e-002
 7.2135136e-002
 7.1915179e-002
 7.1656890e-002
 7.1368203e-002
 7.1059279e-002
 7.0741579e-002
 7.0427150e-002
 7.0127182e-002
 6.9851302e-002
 6.9606796e-002
 6.9397353e-002
 6.9223151e-002
 6.9080681e-002
 6.8963587e-002
 6.8863347e-002
 6.8770327e-002
 6.8674713e-002
 6.8567246e-002
 6.8440124e-002
 6.8287991e-002
 6.8108462e-002
 6.7902498e-002
 6.7674465e-002
 6.7431241e-002
 6.7181565e-002
 6.6935100e-002
 6.6701859e-002
 6.6491030e-002
 6.6310398e-002
 6.6165604e-002
 6.6059321e-002
 6.5990917e-002
 6.5956824e-002
 6.5950960e-002
 6.5965571e-002
 6.5992035e-002
 6.6021524e-002
 6.6045821e-002
 6.6057965e-002
 6.6052973e-002
 6.6028424e-002
 6.5984540e-002
 6.5924175e-002
 6.5852262e-002
 6.5775096e-002
 6.5699674e-002
 6.5633014e-002
 6.5581337e-002
 6.5549381e-002
 6.5539636e-002
 6.5551713e-002
 6.5582149e-002
 6.5624595e-002
 6.5670423e-002
 6.5709487e-002
 6.5730944e-002
 6.5724149e-002
 6.5679558e-002
 6.5589704e-002
 6.5450311e-002
 6.5260828e-002
 6.5024987e-002
 6.4750455e-002
 6.4447775e-002
 6.4129472e-002
 6.3809291e-002
 6.3500710e-002
 6.3216284e-002
 6.2966473e-002
 6.2758945e-002
 6.2597416e-002
 6.2481895e-002
 6.2408838e-002
 6.2371742e-002
 6.2362254e-002
 6.2371023e-002
 6.2388517e-002
 6.2405773e-002
 6.2415026e-002
 6.2410366e-002
 6.2388111e-002
 6.2346935e-002
 6.2287685e-002
 6.2212877e-002
 6.2126122e-002
 6.2031660e-002
 6.1933752e-002
 6.1836295e-002
 6.1742485e-002
 6.1654337e-002
 6.1572541e-002
 6.1496321e-002
 6.1423704e-002
 6.1351702e-002
 6.1276719e-002
 6.1195046e-002
 6.1103165e-002
 6.0998291e-002
 6.0878977e-002
 6.0745455e-002
 6.0600031e-002
 6.0447205e-002
 6.0293291e-002
 6.0146052e-002
 6.0014043e-002
 5.9906036e-002
 5.9830077e-002
 5.9792694e-002
 5.9797902e-002
 5.9846215e-002
 5.9934132e-002
 6.0053930e-002
 6.0194306e-002
 6.0341213e-002
 6.0478985e-002
 6.0591392e-002
 6.0663037e-002
 6.0680490e-002
 6.0633704e-002
 6.0517225e-002
 6.0330775e-002
 6.0079835e-002
 5.9774343e-002
 5.9427723e-002
 5.9055835e-002
 5.8675170e-002
 5.8301955e-002
 5.7950843e-002
 5.7634275e-002
 5.7360411e-002
 5.7133913e-002
 5.6955386e-002
 5.6821719e-002
 5.6727193e-002
 5.6664452e-002
 5.6625221e-002
 5.6601096e-002
 5.6584045e-002
 5.6566875e-002
 5.6543540e-002
 5.6509301e-002
 5.6460772e-002
 5.6395683e-002
 5.6312609e-002
 5.6210771e-002
 5.6089722e-002
 5.5949263e-002
 5.5789560e-002
 5.5610981e-002
 5.5414259e-002
 5.5200532e-002
 5.4971445e-002
 5.4728825e-002
 5.4474715e-002
 5.4211501e-002
 5.3941455e-002
 5.3666864e-002
 5.3390171e-002
 5.3113557e-002
 5.2839164e-002
 5.2568968e-002
 5.2305028e-002
 5.2049108e-002
 5.1802881e-002
 5.1568054e-002
 5.1345952e-002
 5.1137526e-002
 5.0943285e-002
 5.0762754e-002
 5.0594445e-002
 5.0435711e-002
 5.0282918e-002
 5.0131451e-002
 4.9976110e-002
 4.9811576e-002
 4.9632590e-002
 4.9434539e-002
 4.9214125e-002
 4.8969623e-002
 4.8701365e-002
 4.8412260e-002
 4.8107125e-002
 4.7792602e-002
 4.7476452e-002
 4.7167268e-002
 4.6873447e-002
 4.6602841e-002
 4.6362370e-002
 4.6157084e-002
 4.5989946e-002
 4.5861945e-002
 4.5771722e-002
 4.5716003e-002
 4.5689773e-002
 4.5686614e-002
 4.5699261e-002
 4.5720655e-002
 4.5744974e-002
 4.5768321e-002
-1.2300000e+034
-1.2300000e+034
-1.2300000e+034
-1.2300000e+034
-1.2300000e+034
-1.2300000e+034
-1.2300000e+034
-1.2300000e+034
-1.2300000e+034
-1.2300000e+034
-1.2300000e+034
-1.2300000e+034
-1.2300000e+034
-1.2300000e+034
-1.2300000e+034
-1.2300000e+034
-1.2300000e+034
-1.2300000e+034
-1.2300000e+034
-1.2300000e+034
-1.2300000e+034
-1.2300000e+034
