s07_ASD Record=6734: Lepidolite NMNH105543         BECKc AREF
 1.9136307e-001
 1.9438845e-001
 1.9743802e-001
 2.0049766e-001
 2.0354694e-001
 2.0656550e-001
 2.0953855e-001
 2.1245706e-001
 2.1531646e-001
 2.1811359e-001
 2.2084527e-001
 2.2350714e-001
 2.2609402e-001
 2.2860083e-001
 2.3102558e-001
 2.3337327e-001
 2.3565587e-001
 2.3788947e-001
 2.4008928e-001
 2.4226610e-001
 2.4442351e-001
 2.4655789e-001
 2.4866207e-001
 2.5072882e-001
 2.5275329e-001
 2.5473171e-001
 2.5665906e-001
 2.5852534e-001
 2.6031667e-001
 2.6202011e-001
 2.6362887e-001
 2.6514345e-001
 2.6656684e-001
 2.6789969e-001
 2.6913962e-001
 2.7028197e-001
 2.7131954e-001
 2.7224392e-001
 2.7304941e-001
 2.7373528e-001
 2.7430561e-001
 2.7476820e-001
 2.7513281e-001
 2.7540827e-001
 2.7559826e-001
 2.7569759e-001
 2.7569225e-001
 2.7556530e-001
 2.7530620e-001
 2.7491790e-001
 2.7441597e-001
 2.7382043e-001
 2.7314550e-001
 2.7239490e-001
 2.7156407e-001
 2.7064657e-001
 2.6964191e-001
 2.6856047e-001
 2.6741645e-001
 2.6621923e-001
 2.6498306e-001
 2.6372787e-001
 2.6246342e-001
 2.6119748e-001
 2.5994280e-001
 2.5870776e-001
 2.5748682e-001
 2.5626487e-001
 2.5502253e-001
 2.5374267e-001
 2.5242007e-001
 2.5106806e-001
 2.4971519e-001
 2.4839437e-001
 2.4713081e-001
 2.4593264e-001
 2.4478936e-001
 2.4367891e-001
 2.4258007e-001
 2.4148299e-001
 2.4039166e-001
 2.3931853e-001
 2.3827542e-001
 2.3726842e-001
 2.3629934e-001
 2.3537113e-001
 2.3449022e-001
 2.3366268e-001
 2.3288828e-001
 2.3215838e-001
 2.3146209e-001
 2.3079613e-001
 2.3017102e-001
 2.2960807e-001
 2.2912967e-001
 2.2874992e-001
 2.2846858e-001
 2.2826965e-001
 2.2812240e-001
 2.2798659e-001
 2.2782357e-001
 2.2761272e-001
 2.2736298e-001
 2.2711161e-001
 2.2690980e-001
 2.2679900e-001
 2.2679475e-001
 2.2688928e-001
 2.2706361e-001
 2.2729732e-001
 2.2757156e-001
 2.2786905e-001
 2.2817524e-001
 2.2847931e-001
 2.2877392e-001
 2.2905588e-001
 2.2932971e-001
 2.2960854e-001
 2.2990555e-001
 2.3022054e-001
 2.3053434e-001
 2.3081848e-001
 2.3105216e-001
 2.3123349e-001
 2.3137733e-001
 2.3150295e-001
 2.3162201e-001
 2.3173805e-001
 2.3185626e-001
 2.3198906e-001
 2.3214640e-001
 2.3232275e-001
 2.3250018e-001
 2.3266615e-001
 2.3282456e-001
 2.3298866e-001
 2.3316717e-001
 2.3335774e-001
 2.3354603e-001
 2.3370685e-001
 2.3381214e-001
 2.3384923e-001
 2.3383647e-001
 2.3381542e-001
 2.3381796e-001
 2.3383534e-001
 2.3382011e-001
 2.3372205e-001
 2.3352565e-001
 2.3325635e-001
 2.3295392e-001
 2.3264001e-001
 2.3230790e-001
 2.3193811e-001
 2.3152043e-001
 2.3106082e-001
 2.3056957e-001
 2.3004527e-001
 2.2947314e-001
 2.2884139e-001
 2.2816110e-001
 2.2746782e-001
 2.2680052e-001
 2.2617717e-001
 2.2558919e-001
 2.2501694e-001
 2.2444749e-001
 2.2388044e-001
 2.2332075e-001
 2.2276479e-001
 2.2219329e-001
 2.2158676e-001
 2.2095737e-001
 2.2035715e-001
 2.1984062e-001
 2.1941999e-001
 2.1906698e-001
 2.1874924e-001
 2.1844827e-001
 2.1815419e-001
 2.1786989e-001
 2.1761647e-001
 2.1740894e-001
 2.1722929e-001
 2.1704854e-001
 2.1686931e-001
 2.1671595e-001
 2.1658377e-001
 2.1643192e-001
 2.1623690e-001
 2.1603267e-001
 2.1588732e-001
 2.1584737e-001
 2.1590042e-001
 2.1597977e-001
 2.1601132e-001
 2.1597444e-001
 2.1591514e-001
 2.1588463e-001
 2.1587491e-001
 2.1583956e-001
 2.1576883e-001
 2.1571051e-001
 2.1571264e-001
 2.1577370e-001
 2.1586204e-001
 2.1597040e-001
 2.1613370e-001
 2.1638952e-001
 2.1673228e-001
 2.1711850e-001
 2.1751136e-001
 2.1790315e-001
 2.1828909e-001
 2.1863514e-001
 2.1889848e-001
 2.1909417e-001
 2.1932335e-001
 2.1970093e-001
 2.2025213e-001
 2.2090137e-001
 2.2155964e-001
 2.2220130e-001
 2.2285914e-001
 2.2357051e-001
 2.2434124e-001
 2.2515661e-001
 2.2601074e-001
 2.2691326e-001
 2.2787142e-001
 2.2887500e-001
 2.2989748e-001
 2.3090781e-001
 2.3189364e-001
 2.3289058e-001
 2.3397548e-001
 2.3520178e-001
 2.3653856e-001
 2.3789909e-001
 2.3923291e-001
 2.4057302e-001
 2.4198619e-001
 2.4348539e-001
 2.4500658e-001
 2.4648377e-001
 2.4793507e-001
 2.4944401e-001
 2.5105947e-001
 2.5273782e-001
 2.5439873e-001
 2.5602752e-001
 2.5768352e-001
 2.5939938e-001
 2.6112041e-001
 2.6277986e-001
 2.6440412e-001
 2.6608348e-001
 2.6786029e-001
 2.6969907e-001
 2.7155632e-001
 2.7341548e-001
 2.7525711e-001
 2.7706954e-001
 2.7890503e-001
 2.8084016e-001
 2.8285396e-001
 2.8485033e-001
 2.8679323e-001
 2.8867576e-001
 2.9044133e-001
 2.9212061e-001
 2.9389143e-001
 2.9582244e-001
 2.9773328e-001
 2.9945713e-001
 3.0108505e-001
 3.0279073e-001
 3.0455235e-001
 3.0622169e-001
 3.0775803e-001
 3.0924875e-001
 3.1079039e-001
 3.1241044e-001
 3.1405360e-001
 3.1563169e-001
 3.1710416e-001
 3.1848544e-001
 3.1978059e-001
 3.2098281e-001
 3.2214946e-001
 3.2338321e-001
 3.2469207e-001
 3.2594663e-001
 3.2702115e-001
 3.2791933e-001
 3.2873613e-001
 3.2954779e-001
 3.3036172e-001
 3.3115202e-001
 3.3192298e-001
 3.3271930e-001
 3.3356386e-001
 3.3439097e-001
 3.3505973e-001
 3.3547133e-001
 3.3569291e-001
 3.3591917e-001
 3.3628246e-001
 3.3675128e-001
 3.3722037e-001
 3.3762506e-001
 3.3794823e-001
 3.3818087e-001
 3.3831730e-001
 3.3837917e-001
 3.3841980e-001
 3.3847705e-001
 3.3851975e-001
 3.3846244e-001
 3.3825421e-001
 3.3795473e-001
 3.3768797e-001
 3.3753878e-001
 3.3751288e-001
 3.3755657e-001
 3.3758172e-001
 3.3749536e-001
 3.3724290e-001
 3.3683738e-001
 3.3634108e-001
 3.3581418e-001
 3.3527952e-001
 3.3473456e-001
 3.3419383e-001
 3.3371499e-001
 3.3336893e-001
 3.3316720e-001
 3.3301684e-001
 3.3276701e-001
 3.3232459e-001
 3.3173189e-001
 3.3112246e-001
 3.3059305e-001
 3.3011541e-001
 3.2957339e-001
 3.2888597e-001
 3.2809487e-001
 3.2733259e-001
 3.2671708e-001
 3.2627973e-001
 3.2597890e-001
 3.2576206e-001
 3.2559407e-001
 3.2539278e-001
 3.2500958e-001
 3.2443121e-001
 3.2384765e-001
 3.2341602e-001
 3.2304120e-001
 3.2252333e-001
 3.2181945e-001
 3.2108617e-001
 3.2052222e-001
 3.2014894e-001
 3.1977054e-001
 3.1923950e-001
 3.1865352e-001
 3.1816885e-001
 3.1777692e-001
 3.1739873e-001
 3.1704298e-001
 3.1674105e-001
 3.1643650e-001
 3.1604320e-001
 3.1555188e-001
 3.1502447e-001
 3.1451559e-001
 3.1401241e-001
 3.1345755e-001
 3.1285861e-001
 3.1233278e-001
 3.1197879e-001
 3.1175619e-001
 3.1154811e-001
 3.1129164e-001
 3.1101614e-001
 3.1076899e-001
 3.1049371e-001
 3.1004113e-001
 3.0939159e-001
 3.0877393e-001
 3.0842713e-001
 3.0830520e-001
 3.0809492e-001
 3.0750981e-001
 3.0667323e-001
 3.0608344e-001
 3.0603731e-001
 3.0638885e-001
 3.0658394e-001
 3.0628669e-001
 3.0577362e-001
 3.0533868e-001
 3.0498701e-001
 3.0465388e-001
 3.0433577e-001
 3.0408588e-001
 3.0395257e-001
 3.0391055e-001
 3.0386043e-001
 3.0370545e-001
 3.0342606e-001
 3.0307978e-001
 3.0274579e-001
 3.0249003e-001
 3.0235916e-001
 3.0236897e-001
 3.0246717e-001
 3.0253926e-001
 3.0247393e-001
 3.0222619e-001
 3.0182216e-001
 3.0133405e-001
 3.0088535e-001
 3.0062497e-001
 3.0064520e-001
 3.0090749e-001
 3.0122620e-001
 3.0133697e-001
 3.0115268e-001
 3.0076918e-001
 3.0043444e-001
 3.0033174e-001
 3.0043149e-001
 3.0061847e-001
 3.0077747e-001
 3.0080912e-001
 3.0072045e-001
 3.0056110e-001
 3.0038077e-001
 3.0022457e-001
 3.0010527e-001
 3.0002281e-001
 2.9997706e-001
 2.9996550e-001
 2.9996949e-001
 2.9996398e-001
 2.9992372e-001
 2.9982966e-001
 2.9970291e-001
 2.9956362e-001
 2.9949450e-001
 2.9951003e-001
 2.9961509e-001
 2.9978287e-001
 2.9998535e-001
 3.0019450e-001
 3.0038261e-001
 3.0053109e-001
 3.0063024e-001
 3.0067074e-001
 3.0064335e-001
 3.0054000e-001
 3.0038247e-001
 3.0022156e-001
 3.0010942e-001
 3.0009821e-001
 3.0023748e-001
 3.0051878e-001
 3.0087677e-001
 3.0124378e-001
 3.0155212e-001
 3.0173415e-001
 3.0174437e-001
 3.0162343e-001
 3.0143279e-001
 3.0123407e-001
 3.0108872e-001
 3.0105826e-001
 3.0118737e-001
 3.0145553e-001
 3.0182672e-001
 3.0226484e-001
 3.0273381e-001
 3.0319747e-001
 3.0361989e-001
 3.0397275e-001
 3.0425751e-001
 3.0448294e-001
 3.0465752e-001
 3.0478996e-001
 3.0488893e-001
 3.0496302e-001
 3.0502087e-001
 3.0506918e-001
 3.0510765e-001
 3.0513436e-001
 3.0514717e-001
 3.0514410e-001
 3.0512324e-001
 3.0508241e-001
 3.0501974e-001
 3.0493614e-001
 3.0484337e-001
 3.0475587e-001
 3.0468798e-001
 3.0465409e-001
 3.0466852e-001
 3.0474576e-001
 3.0490008e-001
 3.0514044e-001
 3.0545577e-001
 3.0583021e-001
 3.0624807e-001
 3.0669361e-001
 3.0715099e-001
 3.0760455e-001
 3.0803841e-001
 3.0843702e-001
 3.0878443e-001
 3.0906492e-001
 3.0926275e-001
 3.0936840e-001
 3.0939469e-001
 3.0935958e-001
 3.0928093e-001
 3.0917683e-001
 3.0906519e-001
 3.0896389e-001
 3.0889094e-001
 3.0886427e-001
 3.0890182e-001
 3.0902156e-001
 3.0924138e-001
 3.0957234e-001
 3.1000048e-001
 3.1050625e-001
 3.1107032e-001
 3.1167307e-001
 3.1229514e-001
 3.1291690e-001
 3.1351909e-001
 3.1408200e-001
 3.1458631e-001
 3.1501254e-001
 3.1534752e-001
 3.1560084e-001
 3.1578672e-001
 3.1591976e-001
 3.1601414e-001
 3.1608441e-001
 3.1614491e-001
 3.1621000e-001
 3.1629416e-001
 3.1641170e-001
 3.1657320e-001
 3.1677616e-001
 3.1701499e-001
 3.1728435e-001
 3.1757864e-001
 3.1789252e-001
 3.1822053e-001
 3.1855708e-001
 3.1889686e-001
 3.1923431e-001
 3.1956613e-001
 3.1989616e-001
 3.2022983e-001
 3.2057253e-001
 3.2092968e-001
 3.2130668e-001
 3.2170886e-001
 3.2214183e-001
 3.2261080e-001
 3.2312134e-001
 3.2367504e-001
 3.2426158e-001
 3.2486773e-001
 3.2548055e-001
 3.2608691e-001
 3.2667375e-001
 3.2722792e-001
 3.2773647e-001
 3.2818624e-001
 3.2856873e-001
 3.2889062e-001
 3.2916167e-001
 3.2939181e-001
 3.2959068e-001
 3.2976824e-001
 3.2993427e-001
 3.3009854e-001
 3.3027044e-001
 3.3045772e-001
 3.3066785e-001
 3.3090839e-001
 3.3118668e-001
 3.3151028e-001
 3.3188659e-001
 3.3232310e-001
 3.3282521e-001
 3.3339059e-001
 3.3401603e-001
 3.3469778e-001
 3.3543247e-001
 3.3621642e-001
 3.3704638e-001
 3.3791861e-001
 3.3882430e-001
 3.3973667e-001
 3.4062591e-001
 3.4139407e-001
 3.4212449e-001
 3.4274223e-001
 3.4322667e-001
 3.4358057e-001
 3.4382501e-001
 3.4399357e-001
 3.4412602e-001
 3.4426343e-001
 3.4444320e-001
 3.4469101e-001
 3.4501576e-001
 3.4541410e-001
 3.4587771e-001
 3.4639776e-001
 3.4696758e-001
 3.4758523e-001
 3.4825420e-001
 3.4898186e-001
 3.4977689e-001
 3.5064578e-001
 3.5158724e-001
 3.5258636e-001
 3.5361236e-001
 3.5462222e-001
 3.5556829e-001
 3.5640717e-001
 3.5711083e-001
 3.5767692e-001
 3.5813203e-001
 3.5852554e-001
 3.5891780e-001
 3.5936674e-001
 3.5991490e-001
 3.6057872e-001
 3.6134574e-001
 3.6217993e-001
 3.6303282e-001
 3.6385554e-001
 3.6461025e-001
 3.6493224e-001
 3.6554897e-001
 3.6613977e-001
 3.6670446e-001
 3.6724463e-001
 3.6776185e-001
 3.6825746e-001
 3.6873209e-001
 3.6918584e-001
 3.6961910e-001
 3.7003368e-001
 3.7043378e-001
 3.7082705e-001
 3.7122416e-001
 3.7163779e-001
 3.7208107e-001
 3.7256557e-001
 3.7310025e-001
 3.7369004e-001
 3.7433571e-001
 3.7503463e-001
 3.7578088e-001
 3.7656689e-001
 3.7738377e-001
 3.7822235e-001
 3.7907371e-001
 3.7992880e-001
 3.8077947e-001
 3.8161793e-001
 3.8243723e-001
 3.8323158e-001
 3.8399583e-001
 3.8472646e-001
 3.8542128e-001
 3.8608006e-001
 3.8670516e-001
 3.8730115e-001
 3.8787535e-001
 3.8843682e-001
 3.8899559e-001
 3.8956180e-001
 3.9014390e-001
 3.9074790e-001
 3.9137694e-001
 3.9203063e-001
 3.9270633e-001
 3.9339963e-001
 3.9410567e-001
 3.9482075e-001
 3.9554226e-001
 3.9626953e-001
 3.9700270e-001
 3.9774200e-001
 3.9848703e-001
 3.9923519e-001
 3.9998215e-001
 4.0072149e-001
 4.0144596e-001
 4.0214911e-001
 4.0282628e-001
 4.0347648e-001
 4.0410268e-001
 4.0471178e-001
 4.0531406e-001
 4.0592101e-001
 4.0654334e-001
 4.0718913e-001
 4.0786174e-001
 4.0855965e-001
 4.0927637e-001
 4.1000226e-001
 4.1072699e-001
 4.1144133e-001
 4.1213983e-001
 4.1282114e-001
 4.1348782e-001
 4.1414538e-001
 4.1479945e-001
 4.1545463e-001
 4.1611254e-001
 4.1677186e-001
 4.1742942e-001
 4.1808143e-001
 4.1872591e-001
 4.1936353e-001
 4.1999850e-001
 4.2063800e-001
 4.2129028e-001
 4.2196286e-001
 4.2266068e-001
 4.2338434e-001
 4.2413029e-001
 4.2489076e-001
 4.2565563e-001
 4.2641446e-001
 4.2715785e-001
 4.2787969e-001
 4.2857745e-001
 4.2925262e-001
 4.2991030e-001
 4.3055737e-001
 4.3120188e-001
 4.3185079e-001
 4.3250936e-001
 4.3318042e-001
 4.3386397e-001
 4.3455824e-001
 4.3526003e-001
 4.3596584e-001
 4.3667331e-001
 4.3738109e-001
 4.3808973e-001
 4.3880102e-001
 4.3951741e-001
 4.4024161e-001
 4.4097501e-001
 4.4171751e-001
 4.4246712e-001
 4.4321966e-001
 4.4396988e-001
 4.4471174e-001
 4.4543996e-001
 4.4615132e-001
 4.4684497e-001
 4.4752374e-001
 4.4819346e-001
 4.4886231e-001
 4.4954002e-001
 4.5023549e-001
 4.5095560e-001
 4.5170310e-001
 4.5247588e-001
 4.5326701e-001
 4.5406488e-001
 4.5485574e-001
 4.5562541e-001
 4.5636222e-001
 4.5705959e-001
 4.5771688e-001
 4.5833990e-001
 4.5893985e-001
 4.5953062e-001
 4.6012640e-001
 4.6073833e-001
 4.6137273e-001
 4.6203032e-001
 4.6270615e-001
 4.6339190e-001
 4.6407738e-001
 4.6475330e-001
 4.6541321e-001
 4.6605426e-001
 4.6667770e-001
 4.6728775e-001
 4.6789056e-001
 4.6849287e-001
 4.6910000e-001
 4.6971571e-001
 4.7034118e-001
 4.7097519e-001
 4.7161531e-001
 4.7225794e-001
 4.7289994e-001
 4.7353891e-001
 4.7417367e-001
 4.7480464e-001
 4.7543311e-001
 4.7606087e-001
 4.7668996e-001
 4.7732195e-001
 4.7795826e-001
 4.7860000e-001
 4.7924867e-001
 4.7990677e-001
 4.8057768e-001
 4.8126626e-001
 4.8197791e-001
 4.8271787e-001
 4.8349014e-001
 4.8429567e-001
 4.8513171e-001
 4.8599046e-001
 4.8685926e-001
 4.8772195e-001
 4.8855990e-001
 4.8935539e-001
 4.9009374e-001
 4.9076623e-001
 4.9137208e-001
 4.9191844e-001
 4.9241990e-001
 4.9289626e-001
 4.9336925e-001
 4.9385953e-001
 4.9438336e-001
 4.9495071e-001
 4.9556458e-001
 4.9622095e-001
 4.9691084e-001
 4.9762186e-001
 4.9834079e-001
 4.9905604e-001
 4.9975857e-001
 5.0044376e-001
 5.0111091e-001
 5.0176305e-001
 5.0240666e-001
 5.0304931e-001
 5.0369942e-001
 5.0436395e-001
 5.0504780e-001
 5.0575322e-001
 5.0647873e-001
 5.0721979e-001
 5.0796968e-001
 5.0871956e-001
 5.0946075e-001
 5.1018512e-001
 5.1088637e-001
 5.1156121e-001
 5.1220894e-001
 5.1283187e-001
 5.1343411e-001
 5.1402092e-001
 5.1459771e-001
 5.1516855e-001
 5.1573610e-001
 5.1630056e-001
 5.1686013e-001
 5.1741153e-001
 5.1795053e-001
 5.1847327e-001
 5.1897687e-001
 5.1946008e-001
 5.1992375e-001
 5.2037030e-001
 5.2080351e-001
 5.2122748e-001
 5.2164632e-001
 5.2206391e-001
 5.2248359e-001
 5.2290851e-001
 5.2334237e-001
 5.2378929e-001
 5.2425438e-001
 5.2474278e-001
 5.2525932e-001
 5.2580780e-001
 5.2638966e-001
 5.2700400e-001
 5.2764732e-001
 5.2831393e-001
 5.2899754e-001
 5.2969146e-001
 5.3039050e-001
 5.3109097e-001
 5.3179109e-001
 5.3249097e-001
 5.3319144e-001
 5.3389376e-001
 5.3459823e-001
 5.3530383e-001
 5.3600824e-001
 5.3670704e-001
 5.3739488e-001
 5.3806579e-001
 5.3871357e-001
 5.3933328e-001
 5.3992116e-001
 5.4047561e-001
 5.4099745e-001
 5.4148936e-001
 5.4195631e-001
 5.4240423e-001
 5.4283947e-001
 5.4326808e-001
 5.4369444e-001
 5.4412109e-001
 5.4454792e-001
 5.4497248e-001
 5.4539031e-001
 5.4579550e-001
 5.4618198e-001
 5.4654372e-001
 5.4687601e-001
 5.4717553e-001
 5.4744041e-001
 5.4767042e-001
 5.4786623e-001
 5.4802942e-001
 5.4816252e-001
 5.4826874e-001
 5.4835218e-001
 5.4841816e-001
 5.4847318e-001
 5.4852480e-001
 5.4858160e-001
 5.4865241e-001
 5.4874587e-001
 5.4886973e-001
 5.4903030e-001
 5.4923213e-001
 5.4947746e-001
 5.4976666e-001
 5.5009806e-001
 5.5046844e-001
 5.5087328e-001
 5.5130690e-001
 5.5176306e-001
 5.5223483e-001
 5.5271524e-001
 5.5319685e-001
 5.5367273e-001
 5.5413681e-001
 5.5458426e-001
 5.5501246e-001
 5.5542147e-001
 5.5581433e-001
 5.5619693e-001
 5.5657703e-001
 5.5696332e-001
 5.5736381e-001
 5.5778414e-001
 5.5822664e-001
 5.5868959e-001
 5.5916768e-001
 5.5965304e-001
 5.6013668e-001
 5.6061053e-001
 5.6106853e-001
 5.6150788e-001
 5.6192946e-001
 5.6233692e-001
 5.6273627e-001
 5.6313437e-001
 5.6353760e-001
 5.6395113e-001
 5.6437808e-001
 5.6481904e-001
 5.6527239e-001
 5.6573427e-001
 5.6619936e-001
 5.6666106e-001
 5.6711215e-001
 5.6754565e-001
 5.6795496e-001
 5.6833440e-001
 5.6867921e-001
 5.6898558e-001
 5.6925040e-001
 5.6947064e-001
 5.6964284e-001
 5.6976229e-001
 5.6982309e-001
 5.6981772e-001
 5.6973749e-001
 5.6957310e-001
 5.6931508e-001
 5.6895459e-001
 5.6848335e-001
 5.6789386e-001
 5.6717813e-001
 5.6632644e-001
 5.6532580e-001
 5.6415629e-001
 5.6278956e-001
 5.6118482e-001
 5.5928504e-001
 5.5701572e-001
 5.5428070e-001
 5.5096459e-001
 5.4693514e-001
 5.4204863e-001
 5.3616536e-001
 5.2916068e-001
 5.2094853e-001
 5.1149935e-001
 5.0085342e-001
 4.8914024e-001
 4.7657156e-001
 4.6344352e-001
 4.5011553e-001
 4.3697912e-001
 4.2443740e-001
 4.1285974e-001
 4.0256149e-001
 3.9377433e-001
 3.8662833e-001
 3.8115299e-001
 3.7727851e-001
 3.7485012e-001
 3.7365192e-001
 3.7342966e-001
 3.7391719e-001
 3.7485814e-001
 3.7602395e-001
 3.7722409e-001
 3.7831193e-001
 3.7918317e-001
 3.7977219e-001
 3.8004583e-001
 3.7999678e-001
 3.7963831e-001
 3.7900066e-001
 3.7812924e-001
 3.7708378e-001
 3.7593895e-001
 3.7478301e-001
 3.7371668e-001
 3.7284878e-001
 3.7228996e-001
 3.7214544e-001
 3.7250629e-001
 3.7344146e-001
 3.7499151e-001
 3.7716597e-001
 3.7994266e-001
 3.8327152e-001
 3.8708320e-001
 3.9129493e-001
 3.9582393e-001
 4.0059337e-001
 4.0554121e-001
 4.1062686e-001
 4.1582859e-001
 4.2114690e-001
 4.2659602e-001
 4.3220004e-001
 4.3798876e-001
 4.4398716e-001
 4.5021653e-001
 4.5668623e-001
 4.6339384e-001
 4.7032654e-001
 4.7745466e-001
 4.8473772e-001
 4.9211806e-001
 4.9952388e-001
 5.0687343e-001
 5.1407331e-001
 5.2102631e-001
 5.2764064e-001
 5.3383106e-001
 5.3953183e-001
 5.4469597e-001
 5.4929978e-001
 5.5334377e-001
 5.5684602e-001
 5.5984187e-001
 5.6237596e-001
 5.6449974e-001
 5.6626862e-001
 5.6773776e-001
 5.6896269e-001
 5.6999606e-001
 5.7088745e-001
 5.7168174e-001
 5.7241720e-001
 5.7312489e-001
 5.7382768e-001
 5.7454127e-001
 5.7527584e-001
 5.7603747e-001
 5.7683039e-001
 5.7765895e-001
 5.7852745e-001
 5.7944041e-001
 5.8040136e-001
 5.8141166e-001
 5.8247006e-001
 5.8357197e-001
 5.8471072e-001
 5.8587831e-001
 5.8706683e-001
 5.8827013e-001
 5.8948344e-001
 5.9070414e-001
 5.9193003e-001
 5.9315848e-001
 5.9438616e-001
 5.9560752e-001
 5.9681576e-001
 5.9800285e-001
 5.9916091e-001
 6.0028368e-001
 6.0136622e-001
 6.0240656e-001
 6.0340416e-001
 6.0436004e-001
 6.0527629e-001
 6.0615408e-001
 6.0699433e-001
 6.0779721e-001
 6.0856205e-001
 6.0928893e-001
 6.0997862e-001
 6.1063385e-001
 6.1126012e-001
 6.1186486e-001
 6.1245799e-001
 6.1304992e-001
 6.1365056e-001
 6.1426795e-001
 6.1490667e-001
 6.1556756e-001
 6.1624730e-001
 6.1693943e-001
 6.1763579e-001
 6.1832809e-001
 6.1900991e-001
 6.1967760e-001
 6.2033129e-001
 6.2097478e-001
 6.2161428e-001
 6.2225658e-001
 6.2290782e-001
 6.2357068e-001
 6.2424344e-001
 6.2491924e-001
 6.2558681e-001
 6.2623322e-001
 6.2684572e-001
 6.2741464e-001
 6.2793463e-001
 6.2840521e-001
 6.2883157e-001
 6.2922400e-001
 6.2959695e-001
 6.2996632e-001
 6.3034648e-001
 6.3074738e-001
 6.3117200e-001
 6.3161623e-001
 6.3206935e-001
 6.3251656e-001
 6.3294280e-001
 6.3333559e-001
 6.3368767e-001
 6.3399786e-001
 6.3427138e-001
 6.3451868e-001
 6.3475424e-001
 6.3499451e-001
 6.3525587e-001
 6.3555205e-001
 6.3589239e-001
 6.3628006e-001
 6.3671219e-001
 6.3718069e-001
 6.3767332e-001
 6.3817692e-001
 6.3867891e-001
 6.3916969e-001
 6.3964385e-001
 6.4009994e-001
 6.4053953e-001
 6.4096612e-001
 6.4138335e-001
 6.4179426e-001
 6.4220035e-001
 6.4260137e-001
 6.4299524e-001
 6.4337873e-001
 6.4374870e-001
 6.4410299e-001
 6.4444160e-001
 6.4476717e-001
 6.4508468e-001
 6.4540070e-001
 6.4572185e-001
 6.4605337e-001
 6.4639771e-001
 6.4675403e-001
 6.4711881e-001
 6.4748645e-001
 6.4785069e-001
 6.4820600e-001
 6.4854807e-001
 6.4887500e-001
 6.4918697e-001
 6.4948606e-001
 6.4977640e-001
 6.5006232e-001
 6.5034842e-001
 6.5063834e-001
 6.5093422e-001
 6.5123665e-001
 6.5154457e-001
 6.5185577e-001
 6.5216750e-001
 6.5247673e-001
 6.5278125e-001
 6.5307951e-001
 6.5337104e-001
 6.5365648e-001
 6.5393740e-001
 6.5421593e-001
 6.5449446e-001
 6.5477532e-001
 6.5506065e-001
 6.5535194e-001
 6.5565038e-001
 6.5595657e-001
 6.5627062e-001
 6.5659237e-001
 6.5692151e-001
 6.5725732e-001
 6.5759921e-001
 6.5794605e-001
 6.5829694e-001
 6.5865022e-001
 6.5900421e-001
 6.5935659e-001
 6.5970469e-001
 6.6004544e-001
 6.6037536e-001
 6.6069078e-001
 6.6098815e-001
 6.6126376e-001
 6.6151452e-001
 6.6173774e-001
 6.6193157e-001
 6.6209525e-001
 6.6222894e-001
 6.6233450e-001
 6.6241491e-001
 6.6247487e-001
 6.6252005e-001
 6.6255718e-001
 6.6259325e-001
 6.6263479e-001
 6.6268730e-001
 6.6275477e-001
 6.6283894e-001
 6.6293949e-001
 6.6305423e-001
 6.6317976e-001
 6.6331249e-001
 6.6344965e-001
 6.6359013e-001
 6.6373557e-001
 6.6389000e-001
 6.6405994e-001
 6.6425329e-001
 6.6447788e-001
 6.6474009e-001
 6.6504323e-001
 6.6538674e-001
 6.6576523e-001
 6.6616917e-001
 6.6658551e-001
 6.6699946e-001
 6.6739637e-001
 6.6776359e-001
 6.6809237e-001
 6.6837877e-001
 6.6862369e-001
 6.6883171e-001
 6.6900992e-001
 6.6916615e-001
 6.6930753e-001
 6.6943908e-001
 6.6956329e-001
 6.6967952e-001
 6.6978443e-001
 6.6987252e-001
 6.6993767e-001
 6.6997445e-001
 6.6997969e-001
 6.6995400e-001
 6.6990250e-001
 6.6983461e-001
 6.6976339e-001
 6.6970378e-001
 6.6967112e-001
 6.6967857e-001
 6.6973585e-001
 6.6984767e-001
 6.7001414e-001
 6.7023075e-001
 6.7049003e-001
 6.7078191e-001
 6.7109543e-001
 6.7141938e-001
 6.7174292e-001
 6.7205608e-001
 6.7235017e-001
 6.7261791e-001
 6.7285395e-001
 6.7305505e-001
 6.7322052e-001
 6.7335224e-001
 6.7345500e-001
 6.7353606e-001
 6.7360473e-001
 6.7367136e-001
 6.7374647e-001
 6.7383915e-001
 6.7395598e-001
 6.7409998e-001
 6.7426968e-001
 6.7445928e-001
 6.7465889e-001
 6.7485547e-001
 6.7503399e-001
 6.7517948e-001
 6.7527801e-001
 6.7531866e-001
 6.7529404e-001
 6.7520124e-001
 6.7504162e-001
 6.7482072e-001
 6.7454737e-001
 6.7423338e-001
 6.7389226e-001
 6.7353904e-001
 6.7318922e-001
 6.7285848e-001
 6.7256206e-001
 6.7231405e-001
 6.7212647e-001
 6.7200869e-001
 6.7196649e-001
 6.7200136e-001
 6.7210990e-001
 6.7228413e-001
 6.7251152e-001
 6.7277604e-001
 6.7305928e-001
 6.7334175e-001
 6.7360425e-001
 6.7382902e-001
 6.7400074e-001
 6.7410713e-001
 6.7413938e-001
 6.7409241e-001
 6.7396498e-001
 6.7375982e-001
 6.7348385e-001
 6.7314792e-001
 6.7276692e-001
 6.7235935e-001
 6.7194611e-001
 6.7154950e-001
 6.7119128e-001
 6.7089081e-001
 6.7066306e-001
 6.7051697e-001
 6.7045444e-001
 6.7047006e-001
 6.7055166e-001
 6.7068201e-001
 6.7084074e-001
 6.7100680e-001
 6.7116106e-001
 6.7128831e-001
 6.7137867e-001
 6.7142838e-001
 6.7143947e-001
 6.7141879e-001
 6.7137665e-001
 6.7132479e-001
 6.7127460e-001
 6.7123568e-001
 6.7121434e-001
 6.7121339e-001
 6.7123199e-001
 6.7126620e-001
 6.7131019e-001
 6.7135680e-001
 6.7139930e-001
 6.7143178e-001
 6.7145032e-001
 6.7145288e-001
 6.7143971e-001
 6.7141289e-001
 6.7137599e-001
 6.7133325e-001
 6.7128903e-001
 6.7124718e-001
 6.7121053e-001
 6.7118043e-001
 6.7115700e-001
 6.7113894e-001
 6.7112392e-001
 6.7110860e-001
 6.7108881e-001
 6.7105991e-001
 6.7101640e-001
 6.7095250e-001
 6.7086172e-001
 6.7073750e-001
 6.7057335e-001
 6.7036349e-001
 6.7010319e-001
 6.6978997e-001
 6.6942418e-001
 6.6901016e-001
 6.6855592e-001
 6.6807348e-001
 6.6756517e-001
 6.6705251e-001
 6.6656351e-001
 6.6611576e-001
 6.6572303e-001
 6.6539258e-001
 6.6512352e-001
 6.6490775e-001
 6.6473198e-001
 6.6458017e-001
 6.6443521e-001
 6.6428047e-001
 6.6410029e-001
 6.6388118e-001
 6.6361296e-001
 6.6328990e-001
 6.6291010e-001
 6.6247600e-001
 6.6199273e-001
 6.6146743e-001
 6.6090804e-001
 6.6032279e-001
 6.5971988e-001
 6.5910685e-001
 6.5849042e-001
 6.5787601e-001
 6.5726733e-001
 6.5666705e-001
 6.5607655e-001
 6.5549672e-001
 6.5492821e-001
 6.5437120e-001
 6.5382582e-001
 6.5329134e-001
 6.5276635e-001
 6.5224808e-001
 6.5173227e-001
 6.5121347e-001
 6.5068531e-001
 6.5014076e-001
 6.4957285e-001
 6.4897430e-001
 6.4833868e-001
 6.4766079e-001
 6.4693695e-001
 6.4616650e-001
 6.4535141e-001
 6.4449638e-001
 6.4360821e-001
 6.4269441e-001
 6.4176351e-001
 6.4082354e-001
 6.3988256e-001
 6.3894778e-001
 6.3802439e-001
 6.3711613e-001
 6.3622385e-001
 6.3534671e-001
 6.3448226e-001
 6.3362694e-001
 6.3277698e-001
 6.3192785e-001
 6.3107491e-001
 6.3021266e-001
 6.2933391e-001
 6.2842989e-001
 6.2748963e-001
 6.2650019e-001
 6.2544751e-001
 6.2431622e-001
 6.2309098e-001
 6.2175620e-001
 6.2029535e-001
 6.1869228e-001
 6.1692923e-001
 6.1498779e-001
 6.1284864e-001
 6.1049026e-001
 6.0789168e-001
 6.0503018e-001
 6.0188383e-001
 5.9843123e-001
 5.9465075e-001
 5.9052473e-001
 5.8603728e-001
 5.8117890e-001
 5.7594591e-001
 5.7033777e-001
 5.6435937e-001
 5.5801815e-001
 5.5132109e-001
 5.4428029e-001
 5.3690922e-001
 5.2923274e-001
 5.2129066e-001
 5.1314002e-001
 5.0486392e-001
 4.9656162e-001
 4.8835009e-001
 4.8035493e-001
 4.7270232e-001
 4.6552104e-001
 4.5892960e-001
 4.5303464e-001
 4.4791812e-001
 4.4362712e-001
 4.4017425e-001
 4.3753719e-001
 4.3567055e-001
 4.3451384e-001
 4.3399924e-001
 4.3405700e-001
 4.3461767e-001
 4.3561444e-001
 4.3698499e-001
 4.3867397e-001
 4.4063270e-001
 4.4281879e-001
 4.4519538e-001
 4.4772753e-001
 4.5038283e-001
 4.5312893e-001
 4.5593441e-001
 4.5877033e-001
 4.6160924e-001
 4.6442840e-001
 4.6720800e-001
 4.6993184e-001
 4.7258723e-001
 4.7516185e-001
 4.7764543e-001
 4.8002750e-001
 4.8229849e-001
 4.8445138e-001
 4.8648086e-001
 4.8838636e-001
 4.9017075e-001
 4.9184078e-001
 4.9340650e-001
 4.9487904e-001
 4.9627039e-001
 4.9759316e-001
 4.9885923e-001
 5.0008047e-001
 5.0126749e-001
 5.0242943e-001
 5.0357449e-001
 5.0470912e-001
 5.0583923e-001
 5.0696975e-001
 5.0810522e-001
 5.0925016e-001
 5.1040751e-001
 5.1157904e-001
 5.1276308e-001
 5.1395398e-001
 5.1514190e-001
 5.1631248e-001
 5.1744884e-001
 5.1853216e-001
 5.1954269e-001
 5.2046168e-001
 5.2127171e-001
 5.2195919e-001
 5.2251709e-001
 5.2294672e-001
 5.2325910e-001
 5.2347386e-001
 5.2361685e-001
 5.2371770e-001
 5.2380782e-001
 5.2391851e-001
 5.2407962e-001
 5.2431720e-001
 5.2465147e-001
 5.2509427e-001
 5.2564842e-001
 5.2630830e-001
 5.2706230e-001
 5.2789533e-001
 5.2879018e-001
 5.2972966e-001
 5.3069645e-001
 5.3167433e-001
 5.3264922e-001
 5.3360909e-001
 5.3454512e-001
 5.3545058e-001
 5.3632069e-001
 5.3715205e-001
 5.3794146e-001
 5.3868622e-001
 5.3938419e-001
 5.4003364e-001
 5.4063421e-001
 5.4118681e-001
 5.4169410e-001
 5.4216033e-001
 5.4259068e-001
 5.4299116e-001
 5.4336792e-001
 5.4372752e-001
 5.4407609e-001
 5.4441994e-001
 5.4476523e-001
 5.4511768e-001
 5.4548293e-001
 5.4586619e-001
 5.4627287e-001
 5.4670763e-001
 5.4717547e-001
 5.4768109e-001
 5.4822820e-001
 5.4881936e-001
 5.4945511e-001
 5.5013239e-001
 5.5084521e-001
 5.5158436e-001
 5.5233860e-001
 5.5309492e-001
 5.5384010e-001
 5.5456114e-001
 5.5524516e-001
 5.5588132e-001
 5.5646157e-001
 5.5698103e-001
 5.5743927e-001
 5.5783957e-001
 5.5818743e-001
 5.5849040e-001
 5.5875671e-001
 5.5899465e-001
 5.5921239e-001
 5.5941731e-001
 5.5961597e-001
 5.5981302e-001
 5.6001180e-001
 5.6021404e-001
 5.6042010e-001
 5.6062996e-001
 5.6084323e-001
 5.6105912e-001
 5.6127679e-001
 5.6149489e-001
 5.6171161e-001
 5.6192416e-001
 5.6212884e-001
 5.6232131e-001
 5.6249630e-001
 5.6264842e-001
 5.6277198e-001
 5.6286097e-001
 5.6290936e-001
 5.6291038e-001
 5.6285644e-001
 5.6273866e-001
 5.6254697e-001
 5.6226981e-001
 5.6189507e-001
 5.6140995e-001
 5.6080145e-001
 5.6005740e-001
 5.5916655e-001
 5.5812037e-001
 5.5691463e-001
 5.5555189e-001
 5.5404079e-001
 5.5239564e-001
 5.5063665e-001
 5.4878533e-001
 5.4686439e-001
 5.4489821e-001
 5.4290909e-001
 5.4091829e-001
 5.3894377e-001
 5.3700143e-001
 5.3510159e-001
 5.3325111e-001
 5.3145534e-001
 5.2971673e-001
 5.2803689e-001
 5.2641827e-001
 5.2486145e-001
 5.2336651e-001
 5.2193314e-001
 5.2055824e-001
 5.1923734e-001
 5.1796377e-001
 5.1673061e-001
 5.1552922e-001
 5.1435083e-001
 5.1318765e-001
 5.1203179e-001
 5.1087713e-001
 5.0972122e-001
 5.0856471e-001
 5.0741279e-001
 5.0627428e-001
 5.0516164e-001
 5.0408822e-001
 5.0306809e-001
 5.0211591e-001
 5.0124449e-001
 5.0046438e-001
 4.9978253e-001
 4.9919987e-001
 4.9871135e-001
 4.9830669e-001
 4.9797127e-001
 4.9768820e-001
 4.9743947e-001
 4.9720722e-001
 4.9697450e-001
 4.9672678e-001
 4.9645370e-001
 4.9615034e-001
 4.9581778e-001
 4.9546292e-001
 4.9509645e-001
 4.9473152e-001
 4.9438229e-001
 4.9406302e-001
 4.9378642e-001
 4.9356246e-001
 4.9339631e-001
 4.9328652e-001
 4.9322435e-001
 4.9319455e-001
 4.9317703e-001
 4.9314877e-001
 4.9308562e-001
 4.9296346e-001
 4.9275967e-001
 4.9245480e-001
 4.9203509e-001
 4.9149415e-001
 4.9083376e-001
 4.9006361e-001
 4.8919854e-001
 4.8825648e-001
 4.8725748e-001
 4.8622075e-001
 4.8516396e-001
 4.8410052e-001
 4.8303801e-001
 4.8197412e-001
 4.8089647e-001
 4.7978449e-001
 4.7861004e-001
 4.7734103e-001
 4.7594458e-001
 4.7438699e-001
 4.7263625e-001
 4.7066590e-001
 4.6845543e-001
 4.6599451e-001
 4.6328282e-001
 4.6033183e-001
 4.5715827e-001
 4.5378292e-001
 4.5023078e-001
 4.4652450e-001
 4.4268465e-001
 4.3873024e-001
 4.3467015e-001
 4.3050426e-001
 4.2622024e-001
 4.2179903e-001
 4.1721103e-001
 4.1242224e-001
 4.0740031e-001
 4.0210995e-001
 3.9651835e-001
 3.9060304e-001
 3.8434824e-001
 3.7775213e-001
 3.7083355e-001
 3.6362097e-001
 3.5615501e-001
 3.4848064e-001
 3.4065133e-001
 3.3271527e-001
 3.2471883e-001
 3.1670970e-001
 3.0872238e-001
 3.0078119e-001
 2.9290479e-001
 2.8509605e-001
 2.7735224e-001
 2.6966450e-001
 2.6202768e-001
 2.5443172e-001
 2.4687031e-001
 2.3935030e-001
 2.3188624e-001
 2.2451048e-001
 2.1728037e-001
 2.1026579e-001
 2.0355134e-001
 1.9722791e-001
 1.9139400e-001
 1.8614283e-001
 1.8156305e-001
 1.7773509e-001
 1.7471685e-001
 1.7254107e-001
 1.7121321e-001
 1.7071112e-001
 1.7099427e-001
 1.7201029e-001
 1.7370144e-001
 1.7600796e-001
 1.7887083e-001
 1.8223016e-001
 1.8603037e-001
 1.9021961e-001
 1.9474658e-001
 1.9956623e-001
 2.0463613e-001
 2.0991170e-001
 2.1535298e-001
 2.2091976e-001
 2.2657494e-001
 2.3228085e-001
 2.3800963e-001
 2.4374126e-001
 2.4946018e-001
 2.5516272e-001
 2.6085091e-001
 2.6652619e-001
 2.7219552e-001
 2.7786589e-001
 2.8353879e-001
 2.8921667e-001
 2.9489517e-001
 3.0056399e-001
 3.0620056e-001
 3.1177911e-001
 3.1726840e-001
 3.2263011e-001
 3.2782853e-001
 3.3282819e-001
 3.3759251e-001
 3.4209350e-001
 3.4631059e-001
 3.5023573e-001
 3.5387102e-001
 3.5723299e-001
 3.6034659e-001
 3.6323959e-001
 3.6594430e-001
 3.6849308e-001
 3.7091467e-001
 3.7323555e-001
 3.7547514e-001
 3.7764171e-001
 3.7973458e-001
 3.8174307e-001
 3.8364989e-001
 3.8543230e-001
 3.8706717e-001
 3.8853124e-001
 3.8980237e-001
 3.9086407e-001
 3.9170754e-001
 3.9233389e-001
 3.9275682e-001
 3.9300022e-001
 3.9309591e-001
 3.9308029e-001
 3.9299175e-001
 3.9286834e-001
 3.9274579e-001
 3.9265391e-001
 3.9261293e-001
 3.9263004e-001
 3.9269793e-001
 3.9279619e-001
 3.9289477e-001
 3.9295799e-001
 3.9294752e-001
 3.9282495e-001
 3.9255404e-001
 3.9210340e-001
 3.9144984e-001
 3.9058203e-001
 3.8950083e-001
 3.8821819e-001
 3.8675547e-001
 3.8513801e-001
 3.8339370e-001
 3.8155025e-001
 3.7963501e-001
 3.7767020e-001
 3.7567145e-001
 3.7364686e-001
 3.7159336e-001
 3.6949894e-001
 3.6734647e-001
 3.6511347e-001
 3.6277577e-001
 3.6031067e-001
 3.5769531e-001
 3.5491082e-001
 3.5194334e-001
 3.4878907e-001
 3.4545073e-001
 3.4193885e-001
 3.3827221e-001
 3.3447057e-001
 3.3055526e-001
 3.2655090e-001
 3.2247925e-001
 3.1836221e-001
 3.1421942e-001
 3.1007171e-001
 3.0593500e-001
 3.0182344e-001
 2.9775289e-001
 2.9373536e-001
 2.8978243e-001
 2.8590807e-001
 2.8212264e-001
 2.7843571e-001
 2.7485344e-001
 2.7138096e-001
 2.6801693e-001
 2.6475641e-001
 2.6159424e-001
 2.5852129e-001
 2.5552788e-001
 2.5260654e-001
 2.4974835e-001
 2.4694620e-001
 2.4419799e-001
 2.4150360e-001
 2.3886798e-001
 2.3629953e-001
 2.3381135e-001
 2.3141651e-001
 2.2912891e-001
 2.2696424e-001
 2.2493611e-001
 2.2305730e-001
 2.2134013e-001
 2.1979332e-001
 2.1842350e-001
 2.1723479e-001
 2.1623044e-001
 2.1541171e-001
 2.1477947e-001
 2.1433449e-001
 2.1407628e-001
 2.1400294e-001
 2.1410999e-001
 2.1438931e-001
 2.1482879e-001
 2.1541248e-001
 2.1612243e-001
 2.1693932e-001
 2.1784349e-001
 2.1881463e-001
 2.1983323e-001
 2.2088026e-001
 2.2193649e-001
 2.2298414e-001
 2.2400616e-001
 2.2498560e-001
 2.2590680e-001
 2.2675440e-001
 2.2751354e-001
 2.2816923e-001
 2.2870742e-001
 2.2911447e-001
 2.2937708e-001
 2.2948399e-001
 2.2942714e-001
 2.2920592e-001
 2.2886609e-001
 2.2843052e-001
 2.2792216e-001
 2.2736380e-001
 2.2677861e-001
 2.2618943e-001
 2.2561914e-001
 2.2509070e-001
 2.2462483e-001
 2.2422299e-001
 2.2387561e-001
 2.2357318e-001
 2.2330603e-001
 2.2306478e-001
 2.2283977e-001
 2.2262144e-001
 2.2240022e-001
 2.2216666e-001
 2.2191113e-001
 2.2162411e-001
 2.2129591e-001
 2.2091718e-001
 2.2047915e-001
 2.1998084e-001
 2.1942551e-001
 2.1881630e-001
 2.1815675e-001
 2.1745005e-001
 2.1669941e-001
 2.1590793e-001
 2.1507931e-001
 2.1421656e-001
 2.1332303e-001
 2.1240175e-001
 2.1145639e-001
 2.1049009e-001
 2.0950606e-001
 2.0850766e-001
 2.0749779e-001
 2.0648032e-001
 2.0545822e-001
 2.0443441e-001
 2.0341143e-001
 2.0239256e-001
 2.0138027e-001
 2.0037740e-001
 1.9938645e-001
 1.9841069e-001
 1.9745263e-001
 1.9651504e-001
 1.9560072e-001
 1.9471222e-001
 1.9385271e-001
 1.9302480e-001
 1.9223122e-001
 1.9147459e-001
 1.9075800e-001
 1.9008410e-001
 1.8945563e-001
 1.8887526e-001
 1.8834598e-001
 1.8787046e-001
 1.8745115e-001
 1.8708773e-001
 1.8677886e-001
 1.8652280e-001
 1.8631797e-001
 1.8616278e-001
 1.8605560e-001
 1.8599494e-001
 1.8597910e-001
 1.8600656e-001
 1.8607569e-001
 1.8618491e-001
 1.8633261e-001
 1.8651722e-001
 1.8673719e-001
 1.8699081e-001
 1.8727659e-001
 1.8759288e-001
 1.8793809e-001
 1.8831076e-001
 1.8870910e-001
 1.8913159e-001
 1.8957664e-001
 1.9004279e-001
 1.9052820e-001
 1.9103143e-001
 1.9155081e-001
 1.9208483e-001
 1.9263148e-001
 1.9318917e-001
 1.9375610e-001
 1.9433062e-001
 1.9491103e-001
 1.9549538e-001
 1.9608207e-001
 1.9666933e-001
 1.9725557e-001
 1.9783878e-001
 1.9841737e-001
 1.9898956e-001
 1.9955382e-001
 2.0010805e-001
 2.0065074e-001
 2.0118006e-001
 2.0169444e-001
 2.0219193e-001
 2.0267086e-001
 2.0312950e-001
 2.0356610e-001
 2.0397909e-001
 2.0436645e-001
 2.0472658e-001
 2.0505774e-001
 2.0535825e-001
 2.0562622e-001
 2.0586002e-001
 2.0605814e-001
 2.0622115e-001
 2.0635043e-001
 2.0644751e-001
