s07_ASD Record=110: Actinolite HS22.3B            BECKb AREF
 1.1356264e-001
 1.1421973e-001
 1.1497415e-001
 1.1581086e-001
 1.1670437e-001
 1.1763059e-001
 1.1857521e-001
 1.1953347e-001
 1.2050553e-001
 1.2149087e-001
 1.2248547e-001
 1.2348115e-001
 1.2446671e-001
 1.2542897e-001
 1.2635511e-001
 1.2723634e-001
 1.2807000e-001
 1.2885882e-001
 1.2960829e-001
 1.3032407e-001
 1.3100988e-001
 1.3166599e-001
 1.3228939e-001
 1.3287447e-001
 1.3341464e-001
 1.3390423e-001
 1.3434342e-001
 1.3474344e-001
 1.3512720e-001
 1.3552216e-001
 1.3595060e-001
 1.3642274e-001
 1.3693750e-001
 1.3748607e-001
 1.3805376e-001
 1.3862637e-001
 1.3919652e-001
 1.3976243e-001
 1.4032361e-001
 1.4087743e-001
 1.4142004e-001
 1.4194949e-001
 1.4246702e-001
 1.4297421e-001
 1.4346729e-001
 1.4393438e-001
 1.4435869e-001
 1.4472683e-001
 1.4503680e-001
 1.4530052e-001
 1.4553900e-001
 1.4577410e-001
 1.4602211e-001
 1.4629266e-001
 1.4659217e-001
 1.4692883e-001
 1.4731368e-001
 1.4775509e-001
 1.4825562e-001
 1.4881648e-001
 1.4942224e-001
 1.5004958e-001
 1.5069290e-001
 1.5135430e-001
 1.5204549e-001
 1.5277751e-001
 1.5354937e-001
 1.5435190e-001
 1.5517442e-001
 1.5600860e-001
 1.5685306e-001
 1.5771249e-001
 1.5859199e-001
 1.5949130e-001
 1.6040321e-001
 1.6131729e-001
 1.6222660e-001
 1.6313304e-001
 1.6404718e-001
 1.6498210e-001
 1.6594446e-001
 1.6692673e-001
 1.6790476e-001
 1.6884159e-001
 1.6969633e-001
 1.7043440e-001
 1.7103520e-001
 1.7149557e-001
 1.7182849e-001
 1.7205970e-001
 1.7222342e-001
 1.7235783e-001
 1.7250025e-001
 1.7268224e-001
 1.7292655e-001
 1.7324686e-001
 1.7364976e-001
 1.7413683e-001
 1.7470469e-001
 1.7534275e-001
 1.7603175e-001
 1.7674699e-001
 1.7746696e-001
 1.7818290e-001
 1.7890486e-001
 1.7965829e-001
 1.8046768e-001
 1.8133642e-001
 1.8223597e-001
 1.8311425e-001
 1.8392244e-001
 1.8464415e-001
 1.8530874e-001
 1.8597887e-001
 1.8671983e-001
 1.8756838e-001
 1.8851881e-001
 1.8953326e-001
 1.9056696e-001
 1.9159044e-001
 1.9259407e-001
 1.9357814e-001
 1.9454339e-001
 1.9549295e-001
 1.9644110e-001
 1.9741392e-001
 1.9843644e-001
 1.9951478e-001
 2.0063005e-001
 2.0174862e-001
 2.0283985e-001
 2.0388782e-001
 2.0489120e-001
 2.0585632e-001
 2.0678832e-001
 2.0768328e-001
 2.0852308e-001
 2.0927860e-001
 2.0992123e-001
 2.1043485e-001
 2.1082225e-001
 2.1111006e-001
 2.1135405e-001
 2.1163084e-001
 2.1200743e-001
 2.1251126e-001
 2.1313123e-001
 2.1384454e-001
 2.1463157e-001
 2.1546632e-001
 2.1630654e-001
 2.1710552e-001
 2.1783291e-001
 2.1848139e-001
 2.1905735e-001
 2.1957132e-001
 2.2003707e-001
 2.2047389e-001
 2.2090411e-001
 2.2134684e-001
 2.2181228e-001
 2.2229761e-001
 2.2278470e-001
 2.2324722e-001
 2.2367103e-001
 2.2407039e-001
 2.2447720e-001
 2.2490586e-001
 2.2532436e-001
 2.2565983e-001
 2.2583698e-001
 2.2582358e-001
 2.2565261e-001
 2.2540404e-001
 2.2515728e-001
 2.2494923e-001
 2.2476944e-001
 2.2458999e-001
 2.2440131e-001
 2.2422870e-001
 2.2412056e-001
 2.2411163e-001
 2.2418390e-001
 2.2426732e-001
 2.2429472e-001
 2.2425909e-001
 2.2420423e-001
 2.2415687e-001
 2.2408190e-001
 2.2391525e-001
 2.2363859e-001
 2.2331198e-001
 2.2302802e-001
 2.2283961e-001
 2.2273509e-001
 2.2266784e-001
 2.2259213e-001
 2.2247918e-001
 2.2232401e-001
 2.2214110e-001
 2.2194025e-001
 2.2171023e-001
 2.2144185e-001
 2.2115883e-001
 2.2090150e-001
 2.2068028e-001
 2.2046603e-001
 2.2022636e-001
 2.1995242e-001
 2.1964955e-001
 2.1932116e-001
 2.1897087e-001
 2.1861130e-001
 2.1826036e-001
 2.1792512e-001
 2.1758974e-001
 2.1722487e-001
 2.1681747e-001
 2.1639363e-001
 2.1599723e-001
 2.1563230e-001
 2.1524592e-001
 2.1479368e-001
 2.1429959e-001
 2.1381356e-001
 2.1334723e-001
 2.1291015e-001
 2.1255450e-001
 2.1228145e-001
 2.1194416e-001
 2.1137673e-001
 2.1061237e-001
 2.0985930e-001
 2.0926552e-001
 2.0880415e-001
 2.0837833e-001
 2.0794229e-001
 2.0750652e-001
 2.0708747e-001
 2.0668049e-001
 2.0626387e-001
 2.0582272e-001
 2.0537420e-001
 2.0494780e-001
 2.0451623e-001
 2.0398331e-001
 2.0330448e-001
 2.0258647e-001
 2.0198146e-001
 2.0149656e-001
 2.0101780e-001
 2.0050406e-001
 2.0004235e-001
 1.9970670e-001
 1.9943444e-001
 1.9909710e-001
 1.9865415e-001
 1.9815812e-001
 1.9765064e-001
 1.9712330e-001
 1.9655336e-001
 1.9595233e-001
 1.9539829e-001
 1.9498098e-001
 1.9467737e-001
 1.9433706e-001
 1.9384146e-001
 1.9323578e-001
 1.9266081e-001
 1.9220474e-001
 1.9186278e-001
 1.9156778e-001
 1.9122128e-001
 1.9076492e-001
 1.9024055e-001
 1.8974636e-001
 1.8934816e-001
 1.8902291e-001
 1.8866318e-001
 1.8819085e-001
 1.8766420e-001
 1.8720616e-001
 1.8685290e-001
 1.8655808e-001
 1.8628292e-001
 1.8599124e-001
 1.8564487e-001
 1.8526961e-001
 1.8494473e-001
 1.8468471e-001
 1.8442236e-001
 1.8413620e-001
 1.8387990e-001
 1.8365765e-001
 1.8341316e-001
 1.8318027e-001
 1.8306699e-001
 1.8302800e-001
 1.8284817e-001
 1.8244435e-001
 1.8200718e-001
 1.8175277e-001
 1.8166627e-001
 1.8155508e-001
 1.8127829e-001
 1.8087904e-001
 1.8049064e-001
 1.8014470e-001
 1.7976521e-001
 1.7935814e-001
 1.7905816e-001
 1.7894280e-001
 1.7894986e-001
 1.7901790e-001
 1.7913388e-001
 1.7919037e-001
 1.7899981e-001
 1.7852893e-001
 1.7798211e-001
 1.7759944e-001
 1.7741096e-001
 1.7729709e-001
 1.7721456e-001
 1.7723583e-001
 1.7740445e-001
 1.7763112e-001
 1.7774051e-001
 1.7762151e-001
 1.7733508e-001
 1.7706533e-001
 1.7696124e-001
 1.7702384e-001
 1.7713277e-001
 1.7716292e-001
 1.7707264e-001
 1.7690362e-001
 1.7672832e-001
 1.7660581e-001
 1.7656147e-001
 1.7657451e-001
 1.7657572e-001
 1.7647982e-001
 1.7624807e-001
 1.7592932e-001
 1.7563361e-001
 1.7545652e-001
 1.7542295e-001
 1.7549255e-001
 1.7560115e-001
 1.7569673e-001
 1.7576514e-001
 1.7585070e-001
 1.7603610e-001
 1.7631325e-001
 1.7649950e-001
 1.7651431e-001
 1.7652188e-001
 1.7666967e-001
 1.7684980e-001
 1.7690396e-001
 1.7688365e-001
 1.7693874e-001
 1.7709643e-001
 1.7726259e-001
 1.7736195e-001
 1.7743921e-001
 1.7763542e-001
 1.7802866e-001
 1.7850535e-001
 1.7882049e-001
 1.7879590e-001
 1.7852175e-001
 1.7834215e-001
 1.7852123e-001
 1.7897877e-001
 1.7943934e-001
 1.7971742e-001
 1.7980437e-001
 1.7979993e-001
 1.7981768e-001
 1.7992353e-001
 1.8012600e-001
 1.8039523e-001
 1.8068662e-001
 1.8095964e-001
 1.8119280e-001
 1.8140413e-001
 1.8166870e-001
 1.8207680e-001
 1.8261580e-001
 1.8311787e-001
 1.8338750e-001
 1.8337587e-001
 1.8323080e-001
 1.8321650e-001
 1.8354142e-001
 1.8418957e-001
 1.8496712e-001
 1.8561082e-001
 1.8588352e-001
 1.8586831e-001
 1.8598643e-001
 1.8644878e-001
 1.8704243e-001
 1.8750459e-001
 1.8775995e-001
 1.8789645e-001
 1.8803900e-001
 1.8825790e-001
 1.8855919e-001
 1.8892327e-001
 1.8931803e-001
 1.8970299e-001
 1.9004862e-001
 1.9036505e-001
 1.9070007e-001
 1.9110024e-001
 1.9157219e-001
 1.9208197e-001
 1.9258367e-001
 1.9303636e-001
 1.9340737e-001
 1.9368066e-001
 1.9387944e-001
 1.9405937e-001
 1.9427262e-001
 1.9454579e-001
 1.9487871e-001
 1.9525759e-001
 1.9560944e-001
 1.9608694e-001
 1.9664569e-001
 1.9729815e-001
 1.9799924e-001
 1.9868037e-001
 1.9927298e-001
 1.9972308e-001
 2.0007378e-001
 2.0040715e-001
 2.0080543e-001
 2.0133176e-001
 2.0192495e-001
 2.0247333e-001
 2.0286512e-001
 2.0300797e-001
 2.0293798e-001
 2.0274347e-001
 2.0251288e-001
 2.0232737e-001
 2.0221967e-001
 2.0220970e-001
 2.0231529e-001
 2.0253882e-001
 2.0286623e-001
 2.0325744e-001
 2.0367138e-001
 2.0406680e-001
 2.0440343e-001
 2.0465858e-001
 2.0482713e-001
 2.0490474e-001
 2.0488703e-001
 2.0477064e-001
 2.0457336e-001
 2.0433387e-001
 2.0409177e-001
 2.0388661e-001
 2.0375662e-001
 2.0370814e-001
 2.0371653e-001
 2.0375580e-001
 2.0379993e-001
 2.0382296e-001
 2.0380458e-001
 2.0374659e-001
 2.0365612e-001
 2.0354038e-001
 2.0340650e-001
 2.0326166e-001
 2.0311160e-001
 2.0295697e-001
 2.0279704e-001
 2.0263118e-001
 2.0245866e-001
 2.0227882e-001
 2.0209098e-001
 2.0189521e-001
 2.0169446e-001
 2.0149231e-001
 2.0129238e-001
 2.0109829e-001
 2.0091367e-001
 2.0074208e-001
 2.0058721e-001
 2.0045160e-001
 2.0033428e-001
 2.0023324e-001
 2.0014660e-001
 2.0007235e-001
 2.0000865e-001
 1.9995348e-001
 1.9990496e-001
 1.9985864e-001
 1.9980092e-001
 1.9971596e-001
 1.9958796e-001
 1.9940120e-001
 1.9913976e-001
 1.9878796e-001
 1.9832993e-001
 1.9775671e-001
 1.9708420e-001
 1.9633429e-001
 1.9552863e-001
 1.9468889e-001
 1.9383700e-001
 1.9299452e-001
 1.9218338e-001
 1.9142514e-001
 1.9074173e-001
 1.9015475e-001
 1.8968605e-001
 1.8935053e-001
 1.8913862e-001
 1.8903513e-001
 1.8902485e-001
 1.8909265e-001
 1.8922329e-001
 1.8940163e-001
 1.8961249e-001
 1.8984067e-001
 1.9007102e-001
 1.9028831e-001
 1.9047740e-001
 1.9062534e-001
 1.9072720e-001
 1.9077983e-001
 1.9078012e-001
 1.9072491e-001
 1.9061106e-001
 1.9043544e-001
 1.9019490e-001
 1.8988638e-001
 1.8950661e-001
 1.8905249e-001
 1.8852532e-001
 1.8794155e-001
 1.8732125e-001
 1.8668419e-001
 1.8605044e-001
 1.8543984e-001
 1.8487237e-001
 1.8436792e-001
 1.8394649e-001
 1.8362796e-001
 1.8342336e-001
 1.8331289e-001
 1.8327002e-001
 1.8326828e-001
 1.8328115e-001
 1.8328214e-001
 1.8324475e-001
 1.8314248e-001
 1.8294884e-001
 1.8263735e-001
 1.8219277e-001
 1.8163887e-001
 1.8100740e-001
 1.8033044e-001
 1.7963974e-001
 1.7896737e-001
 1.7834517e-001
 1.7780502e-001
 1.7737886e-001
 1.7709863e-001
 1.7698315e-001
 1.7700720e-001
 1.7713629e-001
 1.7733593e-001
 1.7757161e-001
 1.7780885e-001
 1.7801310e-001
 1.7814994e-001
 1.7818482e-001
 1.7809501e-001
 1.7789684e-001
 1.7761484e-001
 1.7727347e-001
 1.7689723e-001
 1.7651060e-001
 1.7613816e-001
 1.7580429e-001
 1.7552486e-001
 1.7528699e-001
 1.7507207e-001
 1.7486133e-001
 1.7463605e-001
 1.7437756e-001
 1.7406717e-001
 1.7368616e-001
 1.7322581e-001
 1.7271037e-001
 1.7217050e-001
 1.7163713e-001
 1.7114086e-001
 1.7071269e-001
 1.7038326e-001
 1.7018345e-001
 1.7013168e-001
 1.7020674e-001
 1.7037949e-001
 1.7060824e-001
 1.7088361e-001
 1.7116185e-001
 1.7141350e-001
 1.7160569e-001
 1.7169999e-001
 1.7165361e-001
 1.7142178e-001
 1.7096213e-001
 1.7024779e-001
 1.6929126e-001
 1.6815819e-001
 1.6695172e-001
 1.6578884e-001
 1.6478230e-001
 1.6402116e-001
 1.6354924e-001
 1.6335881e-001
 1.6340327e-001
 1.6361701e-001
 1.6392967e-001
 1.6427454e-001
 1.6459389e-001
 1.6484079e-001
 1.6497709e-001
 1.6497101e-001
 1.6479851e-001
 1.6445003e-001
 1.6393854e-001
 1.6330227e-001
 1.6259912e-001
 1.6189618e-001
 1.6125794e-001
 1.6073377e-001
 1.6034852e-001
 1.6009913e-001
 1.5995994e-001
 1.5989237e-001
 1.5985501e-001
 1.5981179e-001
 1.5961234e-001
 1.5944315e-001
 1.5926798e-001
 1.5908334e-001
 1.5888871e-001
 1.5868622e-001
 1.5847999e-001
 1.5827540e-001
 1.5807845e-001
 1.5789478e-001
 1.5772909e-001
 1.5758440e-001
 1.5746155e-001
 1.5735911e-001
 1.5727369e-001
 1.5720063e-001
 1.5713461e-001
 1.5707047e-001
 1.5700389e-001
 1.5693206e-001
 1.5685387e-001
 1.5677029e-001
 1.5668410e-001
 1.5659973e-001
 1.5652280e-001
 1.5645976e-001
 1.5641733e-001
 1.5640156e-001
 1.5641709e-001
 1.5646607e-001
 1.5654783e-001
 1.5665907e-001
 1.5679431e-001
 1.5694687e-001
 1.5710998e-001
 1.5727803e-001
 1.5744755e-001
 1.5761811e-001
 1.5779237e-001
 1.5797585e-001
 1.5817590e-001
 1.5840028e-001
 1.5865573e-001
 1.5894686e-001
 1.5927511e-001
 1.5963908e-001
 1.6003460e-001
 1.6045596e-001
 1.6089717e-001
 1.6135263e-001
 1.6181827e-001
 1.6229141e-001
 1.6277076e-001
 1.6325624e-001
 1.6374803e-001
 1.6424683e-001
 1.6475333e-001
 1.6526854e-001
 1.6579424e-001
 1.6633290e-001
 1.6688821e-001
 1.6746457e-001
 1.6806675e-001
 1.6869947e-001
 1.6936609e-001
 1.7006807e-001
 1.7080468e-001
 1.7157219e-001
 1.7236485e-001
 1.7317496e-001
 1.7399424e-001
 1.7481527e-001
 1.7563190e-001
 1.7644086e-001
 1.7724124e-001
 1.7803453e-001
 1.7882414e-001
 1.7961375e-001
 1.8040708e-001
 1.8120651e-001
 1.8201312e-001
 1.8282709e-001
 1.8364742e-001
 1.8447329e-001
 1.8530367e-001
 1.8613777e-001
 1.8697511e-001
 1.8781455e-001
 1.8865417e-001
 1.8949138e-001
 1.9032227e-001
 1.9114296e-001
 1.9194956e-001
 1.9273919e-001
 1.9351089e-001
 1.9426523e-001
 1.9500485e-001
 1.9573349e-001
 1.9645545e-001
 1.9717532e-001
 1.9789664e-001
 1.9862239e-001
 1.9935411e-001
 2.0009232e-001
 2.0083679e-001
 2.0158610e-001
 2.0233846e-001
 2.0309120e-001
 2.0384115e-001
 2.0458524e-001
 2.0532019e-001
 2.0604379e-001
 2.0675467e-001
 2.0745300e-001
 2.0814086e-001
 2.0882168e-001
 2.0949998e-001
 2.1018100e-001
 2.1086943e-001
 2.1156929e-001
 2.1228284e-001
 2.1301039e-001
 2.1375056e-001
 2.1449974e-001
 2.1525313e-001
 2.1600452e-001
 2.1674716e-001
 2.1747465e-001
 2.1818101e-001
 2.1886209e-001
 2.1951555e-001
 2.2014163e-001
 2.2074339e-001
 2.2132578e-001
 2.2189553e-001
 2.2245944e-001
 2.2302338e-001
 2.2359148e-001
 2.2416516e-001
 2.2474352e-001
 2.2532435e-001
 2.2590497e-001
 2.2648416e-001
 2.2706264e-001
 2.2764365e-001
 2.2823256e-001
 2.2883508e-001
 2.2945613e-001
 2.3009792e-001
 2.3075920e-001
 2.3143567e-001
 2.3212035e-001
 2.3280594e-001
 2.3348598e-001
 2.3415664e-001
 2.3481752e-001
 2.3547085e-001
 2.3612094e-001
 2.3677211e-001
 2.3742718e-001
 2.3808651e-001
 2.3874700e-001
 2.3940295e-001
 2.4004659e-001
 2.4066979e-001
 2.4126591e-001
 2.4183072e-001
 2.4236359e-001
 2.4286784e-001
 2.4334992e-001
 2.4381898e-001
 2.4428514e-001
 2.4475835e-001
 2.4524753e-001
 2.4575950e-001
 2.4629925e-001
 2.4686979e-001
 2.4747269e-001
 2.4810883e-001
 2.4877807e-001
 2.4947971e-001
 2.5021154e-001
 2.5096962e-001
 2.5174811e-001
 2.5253862e-001
 2.5333148e-001
 2.5411597e-001
 2.5488204e-001
 2.5562179e-001
 2.5633013e-001
 2.5700560e-001
 2.5765052e-001
 2.5826994e-001
 2.5887099e-001
 2.5946122e-001
 2.6004758e-001
 2.6063579e-001
 2.6122940e-001
 2.6183045e-001
 2.6243955e-001
 2.6305676e-001
 2.6368266e-001
 2.6431847e-001
 2.6496685e-001
 2.6563126e-001
 2.6631540e-001
 2.6702273e-001
 2.6775479e-001
 2.6851130e-001
 2.6928917e-001
 2.7008307e-001
 2.7088642e-001
 2.7169183e-001
 2.7249247e-001
 2.7328318e-001
 2.7406025e-001
 2.7482224e-001
 2.7556875e-001
 2.7630049e-001
 2.7701873e-001
 2.7772456e-001
 2.7841958e-001
 2.7910537e-001
 2.7978420e-001
 2.8045949e-001
 2.8113511e-001
 2.8181592e-001
 2.8250644e-001
 2.8321046e-001
 2.8393054e-001
 2.8466675e-001
 2.8541744e-001
 2.8617862e-001
 2.8694516e-001
 2.8771207e-001
 2.8847507e-001
 2.8923240e-001
 2.8998488e-001
 2.9073632e-001
 2.9149306e-001
 2.9226229e-001
 2.9305068e-001
 2.9386291e-001
 2.9469991e-001
 2.9555881e-001
 2.9643288e-001
 2.9731262e-001
 2.9818800e-001
 2.9904956e-001
 2.9989073e-001
 3.0070826e-001
 3.0150270e-001
 3.0227810e-001
 3.0304021e-001
 3.0379584e-001
 3.0455080e-001
 3.0530912e-001
 3.0607280e-001
 3.0684116e-001
 3.0761215e-001
 3.0838242e-001
 3.0914885e-001
 3.0990958e-001
 3.1066418e-001
 3.1141415e-001
 3.1216308e-001
 3.1291530e-001
 3.1367576e-001
 3.1444845e-001
 3.1523570e-001
 3.1603798e-001
 3.1685284e-001
 3.1767619e-001
 3.1850219e-001
 3.1932461e-001
 3.2013819e-001
 3.2093912e-001
 3.2172641e-001
 3.2250154e-001
 3.2326844e-001
 3.2403287e-001
 3.2480073e-001
 3.2557756e-001
 3.2636687e-001
 3.2716984e-001
 3.2798570e-001
 3.2881162e-001
 3.2964426e-001
 3.3048046e-001
 3.3131802e-001
 3.3215684e-001
 3.3299795e-001
 3.3384353e-001
 3.3469614e-001
 3.3555704e-001
 3.3642623e-001
 3.3730093e-001
 3.3817613e-001
 3.3904520e-001
 3.3990005e-001
 3.4073326e-001
 3.4153870e-001
 3.4231299e-001
 3.4305662e-001
 3.4377369e-001
 3.4447229e-001
 3.4516308e-001
 3.4585831e-001
 3.4657040e-001
 3.4730989e-001
 3.4808451e-001
 3.4889778e-001
 3.4974870e-001
 3.5063213e-001
 3.5153890e-001
 3.5245720e-001
 3.5337457e-001
 3.5427845e-001
 3.5515887e-001
 3.5600862e-001
 3.5682461e-001
 3.5760832e-001
 3.5836473e-001
 3.5910237e-001
 3.5983145e-001
 3.6056259e-001
 3.6130574e-001
 3.6206818e-001
 3.6285448e-001
 3.6366531e-001
 3.6449799e-001
 3.6534718e-001
 3.6620542e-001
 3.6706477e-001
 3.6791742e-001
 3.6875674e-001
 3.6957836e-001
 3.7037963e-001
 3.7115985e-001
 3.7192041e-001
 3.7266344e-001
 3.7339213e-001
 3.7410975e-001
 3.7481946e-001
 3.7552455e-001
 3.7622774e-001
 3.7693200e-001
 3.7763980e-001
 3.7835363e-001
 3.7907571e-001
 3.7980741e-001
 3.8054958e-001
 3.8130164e-001
 3.8206187e-001
 3.8282785e-001
 3.8359621e-001
 3.8436401e-001
 3.8512871e-001
 3.8588887e-001
 3.8664451e-001
 3.8739625e-001
 3.8814530e-001
 3.8889185e-001
 3.8963446e-001
 3.9036936e-001
 3.9108962e-001
 3.9178541e-001
 3.9244503e-001
 3.9305523e-001
 3.9360312e-001
 3.9407644e-001
 3.9446419e-001
 3.9475581e-001
 3.9493906e-001
 3.9499709e-001
 3.9490440e-001
 3.9462301e-001
 3.9409930e-001
 3.9326304e-001
 3.9202884e-001
 3.9030221e-001
 3.8798878e-001
 3.8500595e-001
 3.8130000e-001
 3.7685850e-001
 3.7172663e-001
 3.6601514e-001
 3.5990006e-001
 3.5362044e-001
 3.4746137e-001
 3.4172884e-001
 3.3672687e-001
 3.3272341e-001
 3.2992870e-001
 3.2847399e-001
 3.2840261e-001
 3.2967207e-001
 3.3216482e-001
 3.3570561e-001
 3.4008306e-001
 3.4507367e-001
 3.5045725e-001
 3.5603663e-001
 3.6164272e-001
 3.6714116e-001
 3.7243441e-001
 3.7745455e-001
 3.8216347e-001
 3.8654310e-001
 3.9059174e-001
 3.9432034e-001
 3.9774507e-001
 4.0088758e-001
 4.0376964e-001
 4.0641302e-001
 4.0883911e-001
 4.1106659e-001
 4.1311201e-001
 4.1499040e-001
 4.1671365e-001
 4.1829258e-001
 4.1973567e-001
 4.2105052e-001
 4.2224467e-001
 4.2332536e-001
 4.2430130e-001
 4.2518213e-001
 4.2597923e-001
 4.2670545e-001
 4.2737406e-001
 4.2799842e-001
 4.2859021e-001
 4.2915881e-001
 4.2971075e-001
 4.3024915e-001
 4.3077493e-001
 4.3128711e-001
 4.3178460e-001
 4.3226755e-001
 4.3273795e-001
 4.3320024e-001
 4.3366101e-001
 4.3412787e-001
 4.3460861e-001
 4.3510941e-001
 4.3563405e-001
 4.3618342e-001
 4.3675521e-001
 4.3734503e-001
 4.3794701e-001
 4.3855539e-001
 4.3916610e-001
 4.3977714e-001
 4.4038969e-001
 4.4100744e-001
 4.4163594e-001
 4.4228169e-001
 4.4295031e-001
 4.4364583e-001
 4.4436958e-001
 4.4512030e-001
 4.4589490e-001
 4.4668880e-001
 4.4749755e-001
 4.4831795e-001
 4.4914809e-001
 4.4998819e-001
 4.5083940e-001
 4.5170328e-001
 4.5258090e-001
 4.5347098e-001
 4.5436993e-001
 4.5527086e-001
 4.5616394e-001
 4.5703772e-001
 4.5787945e-001
 4.5867765e-001
 4.5942268e-001
 4.6010864e-001
 4.6073431e-001
 4.6130300e-001
 4.6182278e-001
 4.6230531e-001
 4.6276471e-001
 4.6321639e-001
 4.6367529e-001
 4.6415496e-001
 4.6466631e-001
 4.6521693e-001
 4.6581098e-001
 4.6644872e-001
 4.6712679e-001
 4.6783882e-001
 4.6857554e-001
 4.6932581e-001
 4.7007695e-001
 4.7081563e-001
 4.7152898e-001
 4.7220448e-001
 4.7283137e-001
 4.7340062e-001
 4.7390577e-001
 4.7434345e-001
 4.7471365e-001
 4.7502038e-001
 4.7527167e-001
 4.7547972e-001
 4.7566018e-001
 4.7583109e-001
 4.7601116e-001
 4.7621775e-001
 4.7646478e-001
 4.7676113e-001
 4.7710982e-001
 4.7750804e-001
 4.7794852e-001
 4.7842103e-001
 4.7891489e-001
 4.7942066e-001
 4.7993159e-001
 4.8044375e-001
 4.8095465e-001
 4.8146251e-001
 4.8196453e-001
 4.8245651e-001
 4.8293269e-001
 4.8338601e-001
 4.8380992e-001
 4.8419991e-001
 4.8455590e-001
 4.8488358e-001
 4.8519373e-001
 4.8550093e-001
 4.8581985e-001
 4.8616180e-001
 4.8653206e-001
 4.8692951e-001
 4.8734844e-001
 4.8778117e-001
 4.8822093e-001
 4.8866430e-001
 4.8911169e-001
 4.8956746e-001
 4.9003863e-001
 4.9053246e-001
 4.9105451e-001
 4.9160624e-001
 4.9218413e-001
 4.9278009e-001
 4.9338239e-001
 4.9397847e-001
 4.9455702e-001
 4.9511045e-001
 4.9563667e-001
 4.9613851e-001
 4.9662325e-001
 4.9710074e-001
 4.9758163e-001
 4.9807611e-001
 4.9859226e-001
 4.9913555e-001
 4.9970758e-001
 5.0030613e-001
 5.0092548e-001
 5.0155705e-001
 5.0219047e-001
 5.0281513e-001
 5.0342125e-001
 5.0400138e-001
 5.0455117e-001
 5.0507009e-001
 5.0556195e-001
 5.0603402e-001
 5.0649607e-001
 5.0695920e-001
 5.0743401e-001
 5.0793004e-001
 5.0845402e-001
 5.0901008e-001
 5.0959897e-001
 5.1021826e-001
 5.1086295e-001
 5.1152539e-001
 5.1219702e-001
 5.1286823e-001
 5.1352984e-001
 5.1417369e-001
 5.1479322e-001
 5.1538408e-001
 5.1594478e-001
 5.1647651e-001
 5.1698363e-001
 5.1747286e-001
 5.1795304e-001
 5.1843387e-001
 5.1892471e-001
 5.1943356e-001
 5.1996517e-001
 5.2052093e-001
 5.2109826e-001
 5.2169061e-001
 5.2228910e-001
 5.2288353e-001
 5.2346414e-001
 5.2402341e-001
 5.2455741e-001
 5.2506644e-001
 5.2555490e-001
 5.2603072e-001
 5.2650404e-001
 5.2698529e-001
 5.2748358e-001
 5.2800536e-001
 5.2855295e-001
 5.2912521e-001
 5.2971697e-001
 5.3032035e-001
 5.3092641e-001
 5.3152585e-001
 5.3211087e-001
 5.3267580e-001
 5.3321737e-001
 5.3373545e-001
 5.3423184e-001
 5.3471059e-001
 5.3517646e-001
 5.3563488e-001
 5.3609115e-001
 5.3654987e-001
 5.3701502e-001
 5.3748965e-001
 5.3797603e-001
 5.3847563e-001
 5.3898919e-001
 5.3951710e-001
 5.4005891e-001
 5.4061371e-001
 5.4118007e-001
 5.4175574e-001
 5.4233783e-001
 5.4292297e-001
 5.4350704e-001
 5.4408592e-001
 5.4465532e-001
 5.4521143e-001
 5.4575169e-001
 5.4627436e-001
 5.4677957e-001
 5.4726869e-001
 5.4774445e-001
 5.4821032e-001
 5.4866993e-001
 5.4912627e-001
 5.4958087e-001
 5.5003327e-001
 5.5048108e-001
 5.5091977e-001
 5.5134380e-001
 5.5174726e-001
 5.5212456e-001
 5.5247176e-001
 5.5278671e-001
 5.5306989e-001
 5.5332386e-001
 5.5355406e-001
 5.5376780e-001
 5.5397403e-001
 5.5418199e-001
 5.5440074e-001
 5.5463773e-001
 5.5489880e-001
 5.5518728e-001
 5.5550426e-001
 5.5584890e-001
 5.5621862e-001
 5.5660987e-001
 5.5701816e-001
 5.5743879e-001
 5.5786717e-001
 5.5829912e-001
 5.5873108e-001
 5.5916023e-001
 5.5958486e-001
 5.6000459e-001
 5.6042010e-001
 5.6083345e-001
 5.6124747e-001
 5.6166583e-001
 5.6209242e-001
 5.6253088e-001
 5.6298387e-001
 5.6345302e-001
 5.6393814e-001
 5.6443769e-001
 5.6494808e-001
 5.6546462e-001
 5.6598175e-001
 5.6649339e-001
 5.6699371e-001
 5.6747729e-001
 5.6793958e-001
 5.6837726e-001
 5.6878811e-001
 5.6917107e-001
 5.6952631e-001
 5.6985497e-001
 5.7015932e-001
 5.7044220e-001
 5.7070750e-001
 5.7095951e-001
 5.7120281e-001
 5.7144183e-001
 5.7168031e-001
 5.7192087e-001
 5.7216436e-001
 5.7240939e-001
 5.7265240e-001
 5.7288754e-001
 5.7310718e-001
 5.7330328e-001
 5.7346815e-001
 5.7359636e-001
 5.7368588e-001
 5.7373953e-001
 5.7376552e-001
 5.7377756e-001
 5.7379413e-001
 5.7383680e-001
 5.7392830e-001
 5.7408977e-001
 5.7433856e-001
 5.7468587e-001
 5.7513523e-001
 5.7568216e-001
 5.7631439e-001
 5.7701290e-001
 5.7775432e-001
 5.7851243e-001
 5.7926071e-001
 5.7997459e-001
 5.8063245e-001
 5.8121675e-001
 5.8171505e-001
 5.8211923e-001
 5.8242655e-001
 5.8263844e-001
 5.8276123e-001
 5.8280528e-001
 5.8278507e-001
 5.8271837e-001
 5.8262527e-001
 5.8252692e-001
 5.8244336e-001
 5.8239210e-001
 5.8238554e-001
 5.8242989e-001
 5.8252370e-001
 5.8265841e-001
 5.8281863e-001
 5.8298475e-001
 5.8313531e-001
 5.8325016e-001
 5.8331406e-001
 5.8331907e-001
 5.8326626e-001
 5.8316654e-001
 5.8303922e-001
 5.8291030e-001
 5.8280891e-001
 5.8276379e-001
 5.8279961e-001
 5.8293390e-001
 5.8317494e-001
 5.8352071e-001
 5.8395916e-001
 5.8446962e-001
 5.8502525e-001
 5.8559614e-001
 5.8615243e-001
 5.8666712e-001
 5.8711874e-001
 5.8749253e-001
 5.8778042e-001
 5.8798033e-001
 5.8809501e-001
 5.8813107e-001
 5.8809775e-001
 5.8800620e-001
 5.8786869e-001
 5.8769828e-001
 5.8750868e-001
 5.8731419e-001
 5.8712894e-001
 5.8696628e-001
 5.8683807e-001
 5.8675337e-001
 5.8671772e-001
 5.8673191e-001
 5.8679157e-001
 5.8688742e-001
 5.8700538e-001
 5.8715165e-001
 5.8728564e-001
 5.8738929e-001
 5.8744752e-001
 5.8745056e-001
 5.8739501e-001
 5.8728373e-001
 5.8712339e-001
 5.8692324e-001
 5.8669317e-001
 5.8644331e-001
 5.8618325e-001
 5.8592165e-001
 5.8566570e-001
 5.8542103e-001
 5.8519119e-001
 5.8497846e-001
 5.8478373e-001
 5.8460724e-001
 5.8444887e-001
 5.8430815e-001
 5.8418453e-001
 5.8407712e-001
 5.8398443e-001
 5.8390439e-001
 5.8383393e-001
 5.8376944e-001
 5.8370680e-001
 5.8364141e-001
 5.8356869e-001
 5.8348405e-001
 5.8338296e-001
 5.8326131e-001
 5.8311540e-001
 5.8294225e-001
 5.8273977e-001
 5.8250630e-001
 5.8224100e-001
 5.8194309e-001
 5.8161217e-001
 5.8124775e-001
 5.8084989e-001
 5.8041906e-001
 5.7995647e-001
 5.7946467e-001
 5.7894725e-001
 5.7840908e-001
 5.7785606e-001
 5.7729423e-001
 5.7673007e-001
 5.7616991e-001
 5.7561976e-001
 5.7508510e-001
 5.7456994e-001
 5.7407689e-001
 5.7360655e-001
 5.7315803e-001
 5.7272935e-001
 5.7231754e-001
 5.7191956e-001
 5.7153207e-001
 5.7115221e-001
 5.7077736e-001
 5.7040560e-001
 5.7003617e-001
 5.6966943e-001
 5.6930667e-001
 5.6895006e-001
 5.6860203e-001
 5.6826532e-001
 5.6794274e-001
 5.6763673e-001
 5.6734937e-001
 5.6708181e-001
 5.6683427e-001
 5.6660563e-001
 5.6639373e-001
 5.6619567e-001
 5.6600791e-001
 5.6582683e-001
 5.6564879e-001
 5.6547046e-001
 5.6528908e-001
 5.6510276e-001
 5.6491113e-001
 5.6471515e-001
 5.6451714e-001
 5.6432045e-001
 5.6412905e-001
 5.6394702e-001
 5.6377864e-001
 5.6362772e-001
 5.6349778e-001
 5.6339145e-001
 5.6331009e-001
 5.6325370e-001
 5.6322128e-001
 5.6321079e-001
 5.6321973e-001
 5.6324542e-001
 5.6328493e-001
 5.6333536e-001
 5.6339371e-001
 5.6345707e-001
 5.6352234e-001
 5.6358635e-001
 5.6364596e-001
 5.6369799e-001
 5.6373912e-001
 5.6376606e-001
 5.6377566e-001
 5.6376457e-001
 5.6372976e-001
 5.6366819e-001
 5.6357682e-001
 5.6345314e-001
 5.6329447e-001
 5.6309843e-001
 5.6286269e-001
 5.6258500e-001
 5.6226325e-001
 5.6189603e-001
 5.6148255e-001
 5.6102401e-001
 5.6052351e-001
 5.5998671e-001
 5.5942154e-001
 5.5883718e-001
 5.5824429e-001
 5.5765337e-001
 5.5707514e-001
 5.5651969e-001
 5.5599535e-001
 5.5550826e-001
 5.5506080e-001
 5.5465192e-001
 5.5427706e-001
 5.5392915e-001
 5.5359966e-001
 5.5327940e-001
 5.5295897e-001
 5.5262971e-001
 5.5228364e-001
 5.5191487e-001
 5.5151999e-001
 5.5109817e-001
 5.5065119e-001
 5.5018252e-001
 5.4969686e-001
 5.4919940e-001
 5.4869527e-001
 5.4818964e-001
 5.4768699e-001
 5.4719126e-001
 5.4670501e-001
 5.4622954e-001
 5.4576516e-001
 5.4531115e-001
 5.4486650e-001
 5.4442978e-001
 5.4399920e-001
 5.4357272e-001
 5.4314756e-001
 5.4271936e-001
 5.4228222e-001
 5.4182810e-001
 5.4134738e-001
 5.4082906e-001
 5.4026133e-001
 5.3963232e-001
 5.3893036e-001
 5.3814542e-001
 5.3727037e-001
 5.3630263e-001
 5.3524667e-001
 5.3411382e-001
 5.3292227e-001
 5.3169525e-001
 5.3045827e-001
 5.2923882e-001
 5.2806354e-001
 5.2695829e-001
 5.2594578e-001
 5.2504283e-001
 5.2425969e-001
 5.2359807e-001
 5.2305293e-001
 5.2261370e-001
 5.2226645e-001
 5.2199602e-001
 5.2178669e-001
 5.2162290e-001
 5.2149016e-001
 5.2137536e-001
 5.2126765e-001
 5.2115840e-001
 5.2104127e-001
 5.2091140e-001
 5.2076477e-001
 5.2059817e-001
 5.2040863e-001
 5.2019417e-001
 5.1995409e-001
 5.1969010e-001
 5.1940739e-001
 5.1911449e-001
 5.1882339e-001
 5.1854825e-001
 5.1830500e-001
 5.1810974e-001
 5.1797843e-001
 5.1792598e-001
 5.1796436e-001
 5.1810127e-001
 5.1833814e-001
 5.1866984e-001
 5.1908505e-001
 5.1956820e-001
 5.2010059e-001
 5.2066272e-001
 5.2123493e-001
 5.2179784e-001
 5.2233434e-001
 5.2283025e-001
 5.2327520e-001
 5.2366382e-001
 5.2399474e-001
 5.2426946e-001
 5.2449143e-001
 5.2466500e-001
 5.2479494e-001
 5.2488559e-001
 5.2494150e-001
 5.2496642e-001
 5.2496350e-001
 5.2493513e-001
 5.2488297e-001
 5.2480823e-001
 5.2471185e-001
 5.2459455e-001
 5.2445692e-001
 5.2429992e-001
 5.2412415e-001
 5.2393055e-001
 5.2372026e-001
 5.2349454e-001
 5.2325481e-001
 5.2300274e-001
 5.2273989e-001
 5.2246785e-001
 5.2218837e-001
 5.2190274e-001
 5.2161187e-001
 5.2131593e-001
 5.2101439e-001
 5.2070528e-001
 5.2038574e-001
 5.2005237e-001
 5.1970118e-001
 5.1932794e-001
 5.1892883e-001
 5.1849997e-001
 5.1803839e-001
 5.1754200e-001
 5.1701081e-001
 5.1644605e-001
 5.1585066e-001
 5.1522911e-001
 5.1458615e-001
 5.1392680e-001
 5.1325691e-001
 5.1258171e-001
 5.1190698e-001
 5.1123852e-001
 5.1058292e-001
 5.0994670e-001
 5.0933683e-001
 5.0876087e-001
 5.0822604e-001
 5.0773954e-001
 5.0730854e-001
 5.0693864e-001
 5.0663310e-001
 5.0639141e-001
 5.0620747e-001
 5.0606936e-001
 5.0595963e-001
 5.0585711e-001
 5.0573808e-001
 5.0557786e-001
 5.0535190e-001
 5.0503677e-001
 5.0461185e-001
 5.0406116e-001
 5.0337481e-001
 5.0254983e-001
 5.0158930e-001
 5.0050151e-001
 4.9929699e-001
 4.9798739e-001
 4.9658620e-001
 4.9510658e-001
 4.9356261e-001
 4.9197119e-001
 4.9035025e-001
 4.8872009e-001
 4.8710445e-001
 4.8552743e-001
 4.8401442e-001
 4.8259076e-001
 4.8128223e-001
 4.8011172e-001
 4.7909844e-001
 4.7825599e-001
 4.7758847e-001
 4.7709066e-001
 4.7674897e-001
 4.7654313e-001
 4.7644916e-001
 4.7644129e-001
 4.7649333e-001
 4.7657952e-001
 4.7667563e-001
 4.7675988e-001
 4.7681400e-001
 4.7682342e-001
 4.7677714e-001
 4.7666657e-001
 4.7648472e-001
 4.7622564e-001
 4.7588420e-001
 4.7545680e-001
 4.7494271e-001
 4.7434652e-001
 4.7367918e-001
 4.7295886e-001
 4.7221109e-001
 4.7146565e-001
 4.7075522e-001
 4.7011408e-001
 4.6957535e-001
 4.6916950e-001
 4.6892080e-001
 4.6884349e-001
 4.6893772e-001
 4.6918842e-001
 4.6956643e-001
 4.7003257e-001
 4.7054166e-001
 4.7104546e-001
 4.7149628e-001
 4.7184899e-001
 4.7206450e-001
 4.7211447e-001
 4.7198483e-001
 4.7167718e-001
 4.7120768e-001
 4.7060278e-001
 4.6989512e-001
 4.6912068e-001
 4.6831545e-001
 4.6751377e-001
 4.6674669e-001
 4.6603796e-001
 4.6540248e-001
 4.6484503e-001
 4.6436167e-001
 4.6394143e-001
 4.6356928e-001
 4.6322879e-001
 4.6290269e-001
 4.6257454e-001
 4.6223003e-001
 4.6185789e-001
 4.6145132e-001
 4.6100873e-001
 4.6053281e-001
 4.6002954e-001
 4.5950678e-001
 4.5897365e-001
 4.5843899e-001
 4.5791110e-001
 4.5739719e-001
 4.5690179e-001
 4.5642614e-001
 4.5596829e-001
 4.5552263e-001
 4.5508137e-001
 4.5463517e-001
 4.5417437e-001
 4.5368904e-001
 4.5316988e-001
 4.5260936e-001
 4.5200211e-001
 4.5134610e-001
 4.5064342e-001
 4.4989914e-001
 4.4912085e-001
 4.4831753e-001
 4.4749928e-001
 4.4667581e-001
 4.4585633e-001
 4.4504961e-001
 4.4426200e-001
 4.4349742e-001
 4.4275764e-001
 4.4204146e-001
 4.4134584e-001
 4.4066715e-001
 4.4000068e-001
 4.3934155e-001
 4.3868420e-001
 4.3802282e-001
 4.3734986e-001
 4.3665585e-001
 4.3593004e-001
 4.3515939e-001
 4.3432951e-001
 4.3342584e-001
 4.3243295e-001
 4.3133563e-001
 4.3011886e-001
 4.2876941e-001
 4.2727503e-001
 4.2562547e-001
 4.2381436e-001
 4.2183641e-001
 4.1968787e-001
 4.1736761e-001
 4.1487378e-001
 4.1220534e-001
 4.0936512e-001
 4.0635794e-001
 4.0319568e-001
 3.9989811e-001
 3.9649713e-001
 3.9303088e-001
 3.8954389e-001
 3.8608703e-001
 3.8271007e-001
 3.7946254e-001
 3.7639341e-001
 3.7354332e-001
 3.7094361e-001
 3.6861131e-001
 3.6654991e-001
 3.6474743e-001
 3.6318204e-001
 3.6182684e-001
 3.6065099e-001
 3.5962272e-001
 3.5871127e-001
 3.5788622e-001
 3.5711914e-001
 3.5638493e-001
 3.5566092e-001
 3.5492721e-001
 3.5416591e-001
 3.5336077e-001
 3.5249573e-001
 3.5155514e-001
 3.5052484e-001
 3.4939140e-001
 3.4814358e-001
 3.4677416e-001
 3.4527853e-001
 3.4365544e-001
 3.4190556e-001
 3.4003213e-001
 3.3803779e-001
 3.3592507e-001
 3.3369744e-001
 3.3135566e-001
 3.2889819e-001
 3.2632241e-001
 3.2362059e-001
 3.2078207e-001
 3.1779605e-001
 3.1464857e-001
 3.1132600e-001
 3.0781472e-001
 3.0410635e-001
 3.0019560e-001
 2.9608640e-001
 2.9179829e-001
 2.8736192e-001
 2.8282055e-001
 2.7823007e-001
 2.7364859e-001
 2.6913768e-001
 2.6475772e-001
 2.6056966e-001
 2.5662500e-001
 2.5296515e-001
 2.4962015e-001
 2.4660176e-001
 2.4390802e-001
 2.4152848e-001
 2.3944454e-001
 2.3763494e-001
 2.3607871e-001
 2.3475394e-001
 2.3364058e-001
 2.3272091e-001
 2.3198132e-001
 2.3141131e-001
 2.3100398e-001
 2.3075530e-001
 2.3066244e-001
 2.3072363e-001
 2.3093770e-001
 2.3130457e-001
 2.3182605e-001
 2.3250736e-001
 2.3335752e-001
 2.3439081e-001
 2.3562594e-001
 2.3708388e-001
 2.3878829e-001
 2.4076347e-001
 2.4303117e-001
 2.4561095e-001
 2.4851447e-001
 2.5174168e-001
 2.5527319e-001
 2.5907323e-001
 2.6308921e-001
 2.6725322e-001
 2.7149281e-001
 2.7573228e-001
 2.7989289e-001
 2.8390208e-001
 2.8769448e-001
 2.9121429e-001
 2.9442519e-001
 2.9730850e-001
 2.9986286e-001
 3.0209738e-001
 3.0403042e-001
 3.0568376e-001
 3.0707952e-001
 3.0824170e-001
 3.0919459e-001
 3.0996257e-001
 3.1057167e-001
 3.1104869e-001
 3.1142133e-001
 3.1171805e-001
 3.1196773e-001
 3.1219929e-001
 3.1244043e-001
 3.1271622e-001
 3.1304577e-001
 3.1343788e-001
 3.1388772e-001
 3.1437540e-001
 3.1486741e-001
 3.1532136e-001
 3.1568956e-001
 3.1592256e-001
 3.1597140e-001
 3.1579062e-001
 3.1534091e-001
 3.1459343e-001
 3.1353244e-001
 3.1215662e-001
 3.1047955e-001
 3.0852479e-001
 3.0632284e-001
 3.0390707e-001
 3.0131343e-001
 2.9857606e-001
 2.9572853e-001
 2.9280609e-001
 2.8994760e-001
 2.8769732e-001
 2.8479630e-001
 2.8199995e-001
 2.7935135e-001
 2.7689427e-001
 2.7467203e-001
 2.7272949e-001
 2.7110988e-001
 2.6985699e-001
 2.6901469e-001
 2.6862133e-001
 2.6866636e-001
 2.6911184e-001
 2.6991966e-001
 2.7105212e-001
 2.7247065e-001
 2.7413738e-001
 2.7601430e-001
 2.7806386e-001
 2.8024700e-001
 2.8252620e-001
 2.8486338e-001
 2.8722101e-001
 2.8955999e-001
 2.9184520e-001
 2.9406324e-001
 2.9621261e-001
 2.9829234e-001
 3.0030003e-001
 3.0223480e-001
 3.0409524e-001
 3.0588031e-001
 3.0758780e-001
 3.0921671e-001
 3.1076559e-001
 3.1223348e-001
 3.1361812e-001
 3.1491858e-001
 3.1613338e-001
 3.1726116e-001
 3.1830066e-001
 3.1925005e-001
 3.2010850e-001
 3.2087776e-001
 3.2156131e-001
 3.2216218e-001
 3.2268375e-001
 3.2312942e-001
 3.2350257e-001
 3.2380638e-001
 3.2404417e-001
 3.2421935e-001
 3.2433516e-001
 3.2439497e-001
 3.2440206e-001
 3.2435977e-001
 3.2427138e-001
 3.2414028e-001
 3.2396969e-001
 3.2376298e-001
 3.2352349e-001
 3.2325447e-001
 3.2295930e-001
 3.2264128e-001
 3.2230356e-001
 3.2194808e-001
 3.2157630e-001
 3.2118949e-001
 3.2078901e-001
 3.2037622e-001
 3.1995231e-001
 3.1951886e-001
 3.1907713e-001
 3.1862843e-001
 3.1817400e-001
 3.1771547e-001
 3.1725395e-001
 3.1679088e-001
 3.1632748e-001
 3.1586528e-001
 3.1540552e-001
 3.1494960e-001
 3.1449884e-001
 3.1405440e-001
 3.1361794e-001
 3.1319067e-001
 3.1277388e-001
 3.1236890e-001
 3.1197721e-001
 3.1160012e-001
 3.1123877e-001
 3.1089371e-001
 3.1056517e-001
 3.1025329e-001
 3.0995819e-001
 3.0967999e-001
 3.0941880e-001
 3.0917487e-001
 3.0894831e-001
 3.0873922e-001
 3.0854782e-001
 3.0837420e-001
 3.0821860e-001
 3.0808100e-001
 3.0796170e-001
 3.0786079e-001
 3.0777845e-001
 3.0771476e-001
 3.0766988e-001
 3.0764404e-001
 3.0763733e-001
 3.0764985e-001
 3.0768183e-001
 3.0773339e-001
 3.0780467e-001
 3.0789581e-001
 3.0800694e-001
 3.0813828e-001
 3.0828992e-001
 3.0846196e-001
 3.0865455e-001
 3.0886677e-001
 3.0909726e-001
 3.0934474e-001
