s07_ASD Record=8856: Orthoclase NMNH142137 Fe      BECKb AREF
 5.6621790e-001
 5.7301807e-001
 5.7994872e-001
 5.8648205e-001
 5.9217167e-001
 5.9679395e-001
 6.0037249e-001
 6.0309768e-001
 6.0522199e-001
 6.0697460e-001
 6.0851723e-001
 6.0994124e-001
 6.1128294e-001
 6.1254102e-001
 6.1369109e-001
 6.1469877e-001
 6.1552733e-001
 6.1613733e-001
 6.1648560e-001
 6.1652780e-001
 6.1622906e-001
 6.1558056e-001
 6.1461651e-001
 6.1342341e-001
 6.1213982e-001
 6.1095440e-001
 6.1008602e-001
 6.0973227e-001
 6.1001486e-001
 6.1097163e-001
 6.1256886e-001
 6.1473042e-001
 6.1736953e-001
 6.2040305e-001
 6.2373233e-001
 6.2724042e-001
 6.3081229e-001
 6.3434404e-001
 6.3774925e-001
 6.4096367e-001
 6.4394552e-001
 6.4666969e-001
 6.4912361e-001
 6.5130746e-001
 6.5323573e-001
 6.5493822e-001
 6.5645432e-001
 6.5782273e-001
 6.5907079e-001
 6.6020995e-001
 6.6123921e-001
 6.6215521e-001
 6.6296202e-001
 6.6367465e-001
 6.6431534e-001
 6.6490608e-001
 6.6546333e-001
 6.6599423e-001
 6.6649568e-001
 6.6694772e-001
 6.6731906e-001
 6.6761613e-001
 6.6785246e-001
 6.6803938e-001
 6.6821116e-001
 6.6842180e-001
 6.6870588e-001
 6.6907656e-001
 6.6953957e-001
 6.7009878e-001
 6.7076117e-001
 6.7153519e-001
 6.7242295e-001
 6.7341173e-001
 6.7447126e-001
 6.7555982e-001
 6.7663747e-001
 6.7768085e-001
 6.7868888e-001
 6.7967588e-001
 6.8065441e-001
 6.8161613e-001
 6.8252486e-001
 6.8332911e-001
 6.8399012e-001
 6.8450975e-001
 6.8493807e-001
 6.8535340e-001
 6.8582565e-001
 6.8638444e-001
 6.8701077e-001
 6.8765551e-001
 6.8827248e-001
 6.8884808e-001
 6.8941182e-001
 6.9002491e-001
 6.9075453e-001
 6.9164449e-001
 6.9270134e-001
 6.9390315e-001
 6.9521809e-001
 6.9661528e-001
 6.9806159e-001
 6.9951117e-001
 7.0089889e-001
 7.0215482e-001
 7.0323485e-001
 7.0414537e-001
 7.0494008e-001
 7.0568728e-001
 7.0642757e-001
 7.0715392e-001
 7.0782822e-001
 7.0842034e-001
 7.0893824e-001
 7.0942491e-001
 7.0992613e-001
 7.1045738e-001
 7.1099579e-001
 7.1150386e-001
 7.1196580e-001
 7.1241069e-001
 7.1290159e-001
 7.1349406e-001
 7.1419114e-001
 7.1493322e-001
 7.1563321e-001
 7.1622574e-001
 7.1669066e-001
 7.1704715e-001
 7.1734267e-001
 7.1764171e-001
 7.1799916e-001
 7.1842504e-001
 7.1887600e-001
 7.1929342e-001
 7.1965653e-001
 7.2000527e-001
 7.2041297e-001
 7.2093183e-001
 7.2154987e-001
 7.2219020e-001
 7.2275704e-001
 7.2319525e-001
 7.2351879e-001
 7.2378826e-001
 7.2406375e-001
 7.2437626e-001
 7.2473377e-001
 7.2513765e-001
 7.2558504e-001
 7.2606713e-001
 7.2657853e-001
 7.2712094e-001
 7.2768664e-001
 7.2824866e-001
 7.2878206e-001
 7.2928369e-001
 7.2974837e-001
 7.3014349e-001
 7.3044497e-001
 7.3068970e-001
 7.3095369e-001
 7.3127621e-001
 7.3164392e-001
 7.3204964e-001
 7.3252302e-001
 7.3308825e-001
 7.3372012e-001
 7.3435843e-001
 7.3494327e-001
 7.3542172e-001
 7.3574573e-001
 7.3590595e-001
 7.3598170e-001
 7.3613119e-001
 7.3649514e-001
 7.3709899e-001
 7.3784935e-001
 7.3860240e-001
 7.3922384e-001
 7.3963428e-001
 7.3986942e-001
 7.4008673e-001
 7.4044067e-001
 7.4093038e-001
 7.4140835e-001
 7.4174303e-001
 7.4193770e-001
 7.4210018e-001
 7.4234653e-001
 7.4273759e-001
 7.4325854e-001
 7.4382567e-001
 7.4432606e-001
 7.4467480e-001
 7.4484605e-001
 7.4486345e-001
 7.4477816e-001
 7.4465960e-001
 7.4459225e-001
 7.4465734e-001
 7.4489772e-001
 7.4528944e-001
 7.4574834e-001
 7.4617773e-001
 7.4652368e-001
 7.4678630e-001
 7.4698257e-001
 7.4712068e-001
 7.4722636e-001
 7.4735743e-001
 7.4755085e-001
 7.4779022e-001
 7.4808335e-001
 7.4852097e-001
 7.4915528e-001
 7.4984396e-001
 7.5033242e-001
 7.5049943e-001
 7.5044125e-001
 7.5032765e-001
 7.5026870e-001
 7.5032884e-001
 7.5057906e-001
 7.5105780e-001
 7.5167626e-001
 7.5222021e-001
 7.5251526e-001
 7.5259417e-001
 7.5265652e-001
 7.5285876e-001
 7.5317270e-001
 7.5343853e-001
 7.5352973e-001
 7.5348014e-001
 7.5347936e-001
 7.5372910e-001
 7.5425285e-001
 7.5482494e-001
 7.5512350e-001
 7.5499654e-001
 7.5459790e-001
 7.5426811e-001
 7.5426376e-001
 7.5458211e-001
 7.5503916e-001
 7.5547051e-001
 7.5581753e-001
 7.5608128e-001
 7.5628424e-001
 7.5645792e-001
 7.5660837e-001
 7.5671899e-001
 7.5680345e-001
 7.5688940e-001
 7.5694829e-001
 7.5693870e-001
 7.5689918e-001
 7.5691956e-001
 7.5706536e-001
 7.5737011e-001
 7.5782245e-001
 7.5830907e-001
 7.5863951e-001
 7.5871229e-001
 7.5865519e-001
 7.5873899e-001
 7.5912011e-001
 7.5968343e-001
 7.6014996e-001
 7.6032645e-001
 7.6026368e-001
 7.6019681e-001
 7.6030695e-001
 7.6053506e-001
 7.6069432e-001
 7.6075476e-001
 7.6088011e-001
 7.6114154e-001
 7.6138884e-001
 7.6151913e-001
 7.6167589e-001
 7.6195437e-001
 7.6217872e-001
 7.6222557e-001
 7.6225185e-001
 7.6242840e-001
 7.6268208e-001
 7.6284713e-001
 7.6291418e-001
 7.6302254e-001
 7.6326352e-001
 7.6355100e-001
 7.6371765e-001
 7.6372695e-001
 7.6370567e-001
 7.6376009e-001
 7.6388633e-001
 7.6407528e-001
 7.6433522e-001
 7.6456451e-001
 7.6459998e-001
 7.6447791e-001
 7.6446307e-001
 7.6472420e-001
 7.6514494e-001
 7.6552594e-001
 7.6582968e-001
 7.6615745e-001
 7.6656032e-001
 7.6693344e-001
 7.6713473e-001
 7.6719666e-001
 7.6731586e-001
 7.6758629e-001
 7.6786166e-001
 7.6792955e-001
 7.6771617e-001
 7.6735067e-001
 7.6707745e-001
 7.6707828e-001
 7.6734006e-001
 7.6769686e-001
 7.6799113e-001
 7.6818043e-001
 7.6831865e-001
 7.6846486e-001
 7.6861531e-001
 7.6871902e-001
 7.6874858e-001
 7.6874948e-001
 7.6881391e-001
 7.6900381e-001
 7.6929575e-001
 7.6960307e-001
 7.6984924e-001
 7.7002287e-001
 7.7017677e-001
 7.7039266e-001
 7.7074581e-001
 7.7126563e-001
 7.7188140e-001
 7.7239859e-001
 7.7258384e-001
 7.7234346e-001
 7.7183932e-001
 7.7139127e-001
 7.7123994e-001
 7.7139330e-001
 7.7168906e-001
 7.7199316e-001
 7.7232051e-001
 7.7271223e-001
 7.7302390e-001
 7.7310377e-001
 7.7300537e-001
 7.7290827e-001
 7.7293974e-001
 7.7311885e-001
 7.7338988e-001
 7.7364761e-001
 7.7378023e-001
 7.7375686e-001
 7.7366364e-001
 7.7361399e-001
 7.7366042e-001
 7.7381885e-001
 7.7408236e-001
 7.7433556e-001
 7.7439052e-001
 7.7427441e-001
 7.7431053e-001
 7.7466404e-001
 7.7502751e-001
 7.7503777e-001
 7.7476555e-001
 7.7457482e-001
 7.7470565e-001
 7.7509564e-001
 7.7547765e-001
 7.7562803e-001
 7.7555060e-001
 7.7544230e-001
 7.7553248e-001
 7.7592927e-001
 7.7654380e-001
 7.7712673e-001
 7.7740031e-001
 7.7723080e-001
 7.7671468e-001
 7.7609855e-001
 7.7565885e-001
 7.7564752e-001
 7.7619553e-001
 7.7708697e-001
 7.7781576e-001
 7.7806771e-001
 7.7790850e-001
 7.7776659e-001
 7.7797413e-001
 7.7841896e-001
 7.7884722e-001
 7.7906442e-001
 7.7897638e-001
 7.7867699e-001
 7.7841604e-001
 7.7841300e-001
 7.7862388e-001
 7.7874368e-001
 7.7850324e-001
 7.7798212e-001
 7.7759302e-001
 7.7772468e-001
 7.7837431e-001
 7.7915210e-001
 7.7964228e-001
 7.7973062e-001
 7.7960849e-001
 7.7952343e-001
 7.7958959e-001
 7.7977484e-001
 7.7999479e-001
 7.8017294e-001
 7.8025675e-001
 7.8023267e-001
 7.8015220e-001
 7.8014195e-001
 7.8036565e-001
 7.8078675e-001
 7.8138077e-001
 7.8184652e-001
 7.8199857e-001
 7.8189641e-001
 7.8169727e-001
 7.8155893e-001
 7.8161025e-001
 7.8179055e-001
 7.8196293e-001
 7.8199011e-001
 7.8176755e-001
 7.8140610e-001
 7.8110301e-001
 7.8105640e-001
 7.8142232e-001
 7.8208011e-001
 7.8279704e-001
 7.8334022e-001
 7.8351593e-001
 7.8339243e-001
 7.8310317e-001
 7.8293109e-001
 7.8300774e-001
 7.8335136e-001
 7.8382909e-001
 7.8430200e-001
 7.8463084e-001
 7.8468263e-001
 7.8445786e-001
 7.8409004e-001
 7.8371823e-001
 7.8348166e-001
 7.8351361e-001
 7.8381544e-001
 7.8425843e-001
 7.8470844e-001
 7.8503120e-001
 7.8509796e-001
 7.8489965e-001
 7.8454453e-001
 7.8414559e-001
 7.8381616e-001
 7.8366929e-001
 7.8378338e-001
 7.8410077e-001
 7.8453141e-001
 7.8498501e-001
 7.8537136e-001
 7.8560013e-001
 7.8560734e-001
 7.8542930e-001
 7.8512663e-001
 7.8475988e-001
 7.8438950e-001
 7.8407627e-001
 7.8388071e-001
 7.8384703e-001
 7.8395754e-001
 7.8417969e-001
 7.8448087e-001
 7.8482872e-001
 7.8519052e-001
 7.8553385e-001
 7.8582633e-001
 7.8604364e-001
 7.8619480e-001
 7.8629595e-001
 7.8636330e-001
 7.8641325e-001
 7.8646213e-001
 7.8652602e-001
 7.8662145e-001
 7.8675932e-001
 7.8693074e-001
 7.8712225e-001
 7.8732038e-001
 7.8751165e-001
 7.8768253e-001
 7.8781974e-001
 7.8790963e-001
 7.8794271e-001
 7.8792375e-001
 7.8786081e-001
 7.8776205e-001
 7.8763551e-001
 7.8748935e-001
 7.8733170e-001
 7.8717053e-001
 7.8701425e-001
 7.8687054e-001
 7.8674781e-001
 7.8665406e-001
 7.8659576e-001
 7.8657341e-001
 7.8658628e-001
 7.8663349e-001
 7.8671420e-001
 7.8682768e-001
 7.8697294e-001
 7.8714943e-001
 7.8735608e-001
 7.8759217e-001
 7.8785688e-001
 7.8814942e-001
 7.8846681e-001
 7.8879833e-001
 7.8913182e-001
 7.8945500e-001
 7.8975534e-001
 7.9002076e-001
 7.9023874e-001
 7.9039723e-001
 7.9048377e-001
 7.9048598e-001
 7.9039156e-001
 7.9019469e-001
 7.8991157e-001
 7.8956360e-001
 7.8917187e-001
 7.8875774e-001
 7.8834248e-001
 7.8794718e-001
 7.8759331e-001
 7.8730196e-001
 7.8709447e-001
 7.8698456e-001
 7.8696078e-001
 7.8700548e-001
 7.8710157e-001
 7.8723162e-001
 7.8737843e-001
 7.8752458e-001
 7.8765285e-001
 7.8774589e-001
 7.8778660e-001
 7.8776294e-001
 7.8768194e-001
 7.8755450e-001
 7.8739184e-001
 7.8720474e-001
 7.8700441e-001
 7.8680158e-001
 7.8660738e-001
 7.8643280e-001
 7.8628886e-001
 7.8618342e-001
 7.8611398e-001
 7.8607607e-001
 7.8606486e-001
 7.8607595e-001
 7.8610444e-001
 7.8614593e-001
 7.8619576e-001
 7.8624922e-001
 7.8630143e-001
 7.8634655e-001
 7.8637892e-001
 7.8639233e-001
 7.8638095e-001
 7.8633893e-001
 7.8626013e-001
 7.8613889e-001
 7.8597164e-001
 7.8576326e-001
 7.8552073e-001
 7.8525060e-001
 7.8495973e-001
 7.8465462e-001
 7.8434229e-001
 7.8402930e-001
 7.8372586e-001
 7.8345364e-001
 7.8323650e-001
 7.8309852e-001
 7.8306347e-001
 7.8315544e-001
 7.8339821e-001
 7.8381592e-001
 7.8441477e-001
 7.8514421e-001
 7.8594238e-001
 7.8668493e-001
 7.8740686e-001
 7.8800452e-001
 7.8843170e-001
 7.8867161e-001
 7.8873056e-001
 7.8863025e-001
 7.8839976e-001
 7.8807133e-001
 7.8767908e-001
 7.8725952e-001
 7.8685158e-001
 7.8649485e-001
 7.8622842e-001
 7.8608662e-001
 7.8608906e-001
 7.8622752e-001
 7.8646225e-001
 7.8672934e-001
 7.8695458e-001
 7.8706652e-001
 7.8701156e-001
 7.8676915e-001
 7.8635710e-001
 7.8582305e-001
 7.8522933e-001
 7.8463924e-001
 7.8410518e-001
 7.8365993e-001
 7.8331339e-001
 7.8305751e-001
 7.8287399e-001
 7.8274161e-001
 7.8264123e-001
 7.8255892e-001
 7.8248668e-001
 7.8242147e-001
 7.8236353e-001
 7.8231448e-001
 7.8227633e-001
 7.8235823e-001
 7.8235209e-001
 7.8235888e-001
 7.8237766e-001
 7.8240663e-001
 7.8244358e-001
 7.8248554e-001
 7.8252882e-001
 7.8256917e-001
 7.8260195e-001
 7.8262281e-001
 7.8262788e-001
 7.8261465e-001
 7.8258246e-001
 7.8253317e-001
 7.8247082e-001
 7.8240156e-001
 7.8233296e-001
 7.8227323e-001
 7.8222996e-001
 7.8220910e-001
 7.8221428e-001
 7.8224665e-001
 7.8230441e-001
 7.8238380e-001
 7.8247917e-001
 7.8258377e-001
 7.8269035e-001
 7.8279209e-001
 7.8288311e-001
 7.8295863e-001
 7.8301460e-001
 7.8304720e-001
 7.8305262e-001
 7.8302687e-001
 7.8296679e-001
 7.8287077e-001
 7.8273970e-001
 7.8257799e-001
 7.8239352e-001
 7.8219718e-001
 7.8200155e-001
 7.8181922e-001
 7.8166115e-001
 7.8153557e-001
 7.8144717e-001
 7.8139740e-001
 7.8138506e-001
 7.8140688e-001
 7.8145820e-001
 7.8153294e-001
 7.8162378e-001
 7.8172135e-001
 7.8181487e-001
 7.8189224e-001
 7.8194141e-001
 7.8195214e-001
 7.8191769e-001
 7.8183627e-001
 7.8171158e-001
 7.8155208e-001
 7.8136945e-001
 7.8117621e-001
 7.8098327e-001
 7.8079826e-001
 7.8062469e-001
 7.8046203e-001
 7.8030717e-001
 7.8015578e-001
 7.8000408e-001
 7.7984971e-001
 7.7969199e-001
 7.7953196e-001
 7.7937108e-001
 7.7921098e-001
 7.7905285e-001
 7.7889729e-001
 7.7874506e-001
 7.7859753e-001
 7.7845764e-001
 7.7832991e-001
 7.7822036e-001
 7.7813584e-001
 7.7808225e-001
 7.7806371e-001
 7.7808052e-001
 7.7812839e-001
 7.7819830e-001
 7.7827710e-001
 7.7834898e-001
 7.7839786e-001
 7.7840948e-001
 7.7837414e-001
 7.7828789e-001
 7.7815324e-001
 7.7797848e-001
 7.7777612e-001
 7.7756077e-001
 7.7734685e-001
 7.7714688e-001
 7.7697015e-001
 7.7682257e-001
 7.7670705e-001
 7.7662396e-001
 7.7657181e-001
 7.7654755e-001
 7.7654660e-001
 7.7656293e-001
 7.7658874e-001
 7.7661520e-001
 7.7663332e-001
 7.7663511e-001
 7.7661520e-001
 7.7657145e-001
 7.7650559e-001
 7.7642214e-001
 7.7632731e-001
 7.7622664e-001
 7.7612358e-001
 7.7601802e-001
 7.7590650e-001
 7.7578270e-001
 7.7563983e-001
 7.7547234e-001
 7.7527803e-001
 7.7505952e-001
 7.7482396e-001
 7.7458251e-001
 7.7434826e-001
 7.7413428e-001
 7.7395105e-001
 7.7380496e-001
 7.7369714e-001
 7.7362353e-001
 7.7357596e-001
 7.7354360e-001
 7.7351516e-001
 7.7348119e-001
 7.7343529e-001
 7.7337557e-001
 7.7330422e-001
 7.7322716e-001
 7.7315229e-001
 7.7308816e-001
 7.7304196e-001
 7.7301842e-001
 7.7301902e-001
 7.7304167e-001
 7.7308095e-001
 7.7312893e-001
 7.7317584e-001
 7.7321088e-001
 7.7322328e-001
 7.7320290e-001
 7.7314115e-001
 7.7303165e-001
 7.7287114e-001
 7.7266002e-001
 7.7240288e-001
 7.7210903e-001
 7.7179188e-001
 7.7146858e-001
 7.7115846e-001
 7.7088112e-001
 7.7065444e-001
 7.7049166e-001
 7.7039999e-001
 7.7037889e-001
 7.7042043e-001
 7.7051032e-001
 7.7063036e-001
 7.7076149e-001
 7.7088672e-001
 7.7099407e-001
 7.7107739e-001
 7.7113628e-001
 7.7117485e-001
 7.7119905e-001
 7.7121466e-001
 7.7122521e-001
 7.7123147e-001
 7.7123165e-001
 7.7122271e-001
 7.7120155e-001
 7.7116656e-001
 7.7111769e-001
 7.7105629e-001
 7.7098399e-001
 7.7090186e-001
 7.7080959e-001
 7.7070528e-001
 7.7058667e-001
 7.7045190e-001
 7.7030122e-001
 7.7013785e-001
 7.6996797e-001
 7.6980001e-001
 7.6964325e-001
 7.6950574e-001
 7.6939279e-001
 7.6930594e-001
 7.6924258e-001
 7.6919699e-001
 7.6916128e-001
 7.6912755e-001
 7.6908928e-001
 7.6904237e-001
 7.6898605e-001
 7.6892233e-001
 7.6885545e-001
 7.6879048e-001
 7.6873219e-001
 7.6868349e-001
 7.6864523e-001
 7.6861537e-001
 7.6858991e-001
 7.6856339e-001
 7.6853031e-001
 7.6848596e-001
 7.6842779e-001
 7.6835567e-001
 7.6827186e-001
 7.6818061e-001
 7.6808739e-001
 7.6799780e-001
 7.6791674e-001
 7.6784766e-001
 7.6779234e-001
 7.6775086e-001
 7.6772171e-001
 7.6770276e-001
 7.6769143e-001
 7.6768535e-001
 7.6768291e-001
 7.6768297e-001
 7.6768512e-001
 7.6768899e-001
 7.6769441e-001
 7.6770067e-001
 7.6770687e-001
 7.6771194e-001
 7.6771510e-001
 7.6771611e-001
 7.6771581e-001
 7.6771617e-001
 7.6771992e-001
 7.6773018e-001
 7.6774985e-001
 7.6778090e-001
 7.6782387e-001
 7.6787752e-001
 7.6793915e-001
 7.6800466e-001
 7.6806921e-001
 7.6812762e-001
 7.6817501e-001
 7.6820737e-001
 7.6822162e-001
 7.6821661e-001
 7.6819313e-001
 7.6815468e-001
 7.6810741e-001
 7.6805979e-001
 7.6802188e-001
 7.6800364e-001
 7.6801288e-001
 7.6805323e-001
 7.6812267e-001
 7.6821274e-001
 7.6830959e-001
 7.6839602e-001
 7.6845491e-001
 7.6847291e-001
 7.6844335e-001
 7.6836824e-001
 7.6825839e-001
 7.6813149e-001
 7.6800889e-001
 7.6791167e-001
 7.6785719e-001
 7.6785588e-001
 7.6791018e-001
 7.6801443e-001
 7.6815647e-001
 7.6831961e-001
 7.6848567e-001
 7.6863700e-001
 7.6875883e-001
 7.6884073e-001
 7.6887715e-001
 7.6886791e-001
 7.6881778e-001
 7.6873577e-001
 7.6863384e-001
 7.6852572e-001
 7.6842493e-001
 7.6834339e-001
 7.6829016e-001
 7.6827025e-001
 7.6828456e-001
 7.6833016e-001
 7.6840121e-001
 7.6849020e-001
 7.6858950e-001
 7.6869231e-001
 7.6879376e-001
 7.6889062e-001
 7.6898152e-001
 7.6906580e-001
 7.6914293e-001
 7.6921183e-001
 7.6927000e-001
 7.6931405e-001
 7.6933980e-001
 7.6934326e-001
 7.6932180e-001
 7.6927513e-001
 7.6920635e-001
 7.6912189e-001
 7.6903152e-001
 7.6894730e-001
 7.6888174e-001
 7.6884651e-001
 7.6885009e-001
 7.6889670e-001
 7.6898533e-001
 7.6910985e-001
 7.6925951e-001
 7.6942068e-001
 7.6957858e-001
 7.6971930e-001
 7.6983160e-001
 7.6990825e-001
 7.6994663e-001
 7.6994860e-001
 7.6991987e-001
 7.6986831e-001
 7.6980275e-001
 7.6973110e-001
 7.6965928e-001
 7.6959062e-001
 7.6952559e-001
 7.6946270e-001
 7.6939952e-001
 7.6933366e-001
 7.6926428e-001
 7.6919276e-001
 7.6912290e-001
 7.6906091e-001
 7.6901412e-001
 7.6898992e-001
 7.6899433e-001
 7.6903081e-001
 7.6909983e-001
 7.6919872e-001
 7.6932269e-001
 7.6946598e-001
 7.6962334e-001
 7.6979107e-001
 7.6996756e-001
 7.7015263e-001
 7.7034700e-001
 7.7055055e-001
 7.7076101e-001
 7.7097332e-001
 7.7117968e-001
 7.7137035e-001
 7.7153558e-001
 7.7166706e-001
 7.7176005e-001
 7.7181405e-001
 7.7183336e-001
 7.7182579e-001
 7.7180183e-001
 7.7177233e-001
 7.7174693e-001
 7.7173275e-001
 7.7173358e-001
 7.7175033e-001
 7.7178168e-001
 7.7182561e-001
 7.7188098e-001
 7.7194846e-001
 7.7203107e-001
 7.7213395e-001
 7.7226275e-001
 7.7242172e-001
 7.7261180e-001
 7.7282900e-001
 7.7306354e-001
 7.7330059e-001
 7.7352190e-001
 7.7370846e-001
 7.7384347e-001
 7.7391529e-001
 7.7391917e-001
 7.7385831e-001
 7.7374327e-001
 7.7359045e-001
 7.7341992e-001
 7.7325237e-001
 7.7310681e-001
 7.7299827e-001
 7.7293682e-001
 7.7292705e-001
 7.7296859e-001
 7.7305746e-001
 7.7318746e-001
 7.7335197e-001
 7.7354473e-001
 7.7376121e-001
 7.7399796e-001
 7.7425265e-001
 7.7452308e-001
 7.7480608e-001
 7.7509701e-001
 7.7538908e-001
 7.7567393e-001
 7.7594185e-001
 7.7618313e-001
 7.7638942e-001
 7.7655482e-001
 7.7667701e-001
 7.7675772e-001
 7.7680260e-001
 7.7682036e-001
 7.7682149e-001
 7.7681714e-001
 7.7681756e-001
 7.7683121e-001
 7.7686435e-001
 7.7692091e-001
 7.7700263e-001
 7.7710980e-001
 7.7724093e-001
 7.7739310e-001
 7.7756166e-001
 7.7774030e-001
 7.7792096e-001
 7.7809501e-001
 7.7825373e-001
 7.7839053e-001
 7.7850187e-001
 7.7858871e-001
 7.7865630e-001
 7.7871358e-001
 7.7877146e-001
 7.7884060e-001
 7.7892923e-001
 7.7904123e-001
 7.7917582e-001
 7.7932781e-001
 7.7948898e-001
 7.7965003e-001
 7.7980292e-001
 7.7994239e-001
 7.8006685e-001
 7.8017831e-001
 7.8028160e-001
 7.8038222e-001
 7.8048491e-001
 7.8059191e-001
 7.8070176e-001
 7.8080958e-001
 7.8090793e-001
 7.8098899e-001
 7.8104663e-001
 7.8107899e-001
 7.8108972e-001
 7.8108847e-001
 7.8108972e-001
 7.8111064e-001
 7.8116775e-001
 7.8127414e-001
 7.8143650e-001
 7.8165394e-001
 7.8191751e-001
 7.8221154e-001
 7.8251547e-001
 7.8280687e-001
 7.8306365e-001
 7.8326726e-001
 7.8340429e-001
 7.8346837e-001
 7.8346121e-001
 7.8339285e-001
 7.8328121e-001
 7.8315026e-001
 7.8302717e-001
 7.8293860e-001
 7.8290582e-001
 7.8294075e-001
 7.8304291e-001
 7.8319842e-001
 7.8338194e-001
 7.8356111e-001
 7.8370303e-001
 7.8378141e-001
 7.8378218e-001
 7.8370756e-001
 7.8357577e-001
 7.8341782e-001
 7.8327137e-001
 7.8317314e-001
 7.8315204e-001
 7.8322363e-001
 7.8338784e-001
 7.8363001e-001
 7.8392458e-001
 7.8424132e-001
 7.8455120e-001
 7.8483272e-001
 7.8507489e-001
 7.8527826e-001
 7.8545272e-001
 7.8561342e-001
 7.8577489e-001
 7.8594613e-001
 7.8612632e-001
 7.8630459e-001
 7.8646356e-001
 7.8658414e-001
 7.8665161e-001
 7.8665960e-001
 7.8661174e-001
 7.8652346e-001
 7.8642088e-001
 7.8633702e-001
 7.8630579e-001
 7.8635365e-001
 7.8649265e-001
 7.8671694e-001
 7.8700292e-001
 7.8731400e-001
 7.8760892e-001
 7.8785163e-001
 7.8801781e-001
 7.8809822e-001
 7.8809828e-001
 7.8803521e-001
 7.8793412e-001
 7.8782350e-001
 7.8773117e-001
 7.8768021e-001
 7.8768557e-001
 7.8775221e-001
 7.8787476e-001
 7.8803915e-001
 7.8822565e-001
 7.8841341e-001
 7.8858471e-001
 7.8872931e-001
 7.8884631e-001
 7.8894413e-001
 7.8903747e-001
 7.8914326e-001
 7.8927630e-001
 7.8944504e-001
 7.8964984e-001
 7.8988165e-001
 7.9012221e-001
 7.9034615e-001
 7.9052532e-001
 7.9063404e-001
 7.9065502e-001
 7.9058403e-001
 7.9043204e-001
 7.9022437e-001
 7.8999621e-001
 7.8978676e-001
 7.8963155e-001
 7.8955626e-001
 7.8957289e-001
 7.8968018e-001
 7.8986621e-001
 7.9011196e-001
 7.9039603e-001
 7.9069793e-001
 7.9100049e-001
 7.9129094e-001
 7.9156077e-001
 7.9180527e-001
 7.9202163e-001
 7.9220736e-001
 7.9235882e-001
 7.9247040e-001
 7.9253483e-001
 7.9254436e-001
 7.9249215e-001
 7.9237509e-001
 7.9219532e-001
 7.9196185e-001
 7.9169065e-001
 7.9140413e-001
 7.9112834e-001
 7.9089022e-001
 7.9071355e-001
 7.9061556e-001
 7.9060417e-001
 7.9067671e-001
 7.9082018e-001
 7.9101360e-001
 7.9123127e-001
 7.9144692e-001
 7.9163826e-001
 7.9178995e-001
 7.9189605e-001
 7.9195994e-001
 7.9199314e-001
 7.9201245e-001
 7.9203624e-001
 7.9208058e-001
 7.9215634e-001
 7.9226696e-001
 7.9240799e-001
 7.9256779e-001
 7.9272991e-001
 7.9287606e-001
 7.9298884e-001
 7.9305488e-001
 7.9306650e-001
 7.9302269e-001
 7.9292917e-001
 7.9279703e-001
 7.9264134e-001
 7.9247904e-001
 7.9232717e-001
 7.9220128e-001
 7.9211396e-001
 7.9207450e-001
 7.9208809e-001
 7.9215598e-001
 7.9227561e-001
 7.9244077e-001
 7.9264241e-001
 7.9286909e-001
 7.9310775e-001
 7.9334474e-001
 7.9356652e-001
 7.9376101e-001
 7.9391801e-001
 7.9403043e-001
 7.9409438e-001
 7.9411012e-001
 7.9408169e-001
 7.9401755e-001
 7.9392987e-001
 7.9383409e-001
 7.9374802e-001
 7.9369044e-001
 7.9367918e-001
 7.9372877e-001
 7.9384828e-001
 7.9403919e-001
 7.9429400e-001
 7.9459625e-001
 7.9492211e-001
 7.9524320e-001
 7.9552990e-001
 7.9575491e-001
 7.9589653e-001
 7.9594064e-001
 7.9588199e-001
 7.9572463e-001
 7.9548192e-001
 7.9517460e-001
 7.9482847e-001
 7.9447085e-001
 7.9412675e-001
 7.9381615e-001
 7.9355139e-001
 7.9333669e-001
 7.9316890e-001
 7.9303885e-001
 7.9293418e-001
 7.9284209e-001
 7.9275149e-001
 7.9265499e-001
 7.9254949e-001
 7.9243642e-001
 7.9232115e-001
 7.9221261e-001
 7.9212254e-001
 7.9206485e-001
 7.9205507e-001
 7.9210997e-001
 7.9224622e-001
 7.9247922e-001
 7.9282147e-001
 7.9328042e-001
 7.9385692e-001
 7.9454350e-001
 7.9532307e-001
 7.9616958e-001
 7.9704887e-001
 7.9792130e-001
 7.9874545e-001
 7.9948103e-001
 8.0009377e-001
 8.0055773e-001
 8.0085802e-001
 8.0099177e-001
 8.0096775e-001
 8.0080456e-001
 8.0052859e-001
 8.0017084e-001
 7.9976392e-001
 7.9933977e-001
 7.9892737e-001
 7.9855144e-001
 7.9823190e-001
 7.9798311e-001
 7.9781413e-001
 7.9772872e-001
 7.9772526e-001
 7.9779691e-001
 7.9793197e-001
 7.9811436e-001
 7.9832441e-001
 7.9854047e-001
 7.9874021e-001
 7.9890305e-001
 7.9901153e-001
 7.9905331e-001
 7.9902214e-001
 7.9891831e-001
 7.9874837e-001
 7.9852438e-001
 7.9826248e-001
 7.9798132e-001
 7.9770029e-001
 7.9743838e-001
 7.9721290e-001
 7.9703850e-001
 7.9692686e-001
 7.9688632e-001
 7.9692149e-001
 7.9703301e-001
 7.9721725e-001
 7.9746646e-001
 7.9776835e-001
 7.9810679e-001
 7.9846245e-001
 7.9881388e-001
 7.9913920e-001
 7.9941779e-001
 7.9963195e-001
 7.9976863e-001
 7.9982018e-001
 7.9978508e-001
 7.9966784e-001
 7.9947823e-001
 7.9923010e-001
 7.9894060e-001
 7.9862851e-001
 7.9831320e-001
 7.9801399e-001
 7.9774886e-001
 7.9753441e-001
 7.9738450e-001
 7.9731017e-001
 7.9731840e-001
 7.9741168e-001
 7.9758722e-001
 7.9783684e-001
 7.9814708e-001
 7.9849994e-001
 7.9887474e-001
 7.9924923e-001
 7.9960227e-001
 7.9991579e-001
 8.0017614e-001
 8.0037564e-001
 8.0051279e-001
 8.0059195e-001
 8.0062270e-001
 8.0061775e-001
 8.0059117e-001
 8.0055624e-001
 8.0052346e-001
 8.0049956e-001
 8.0048651e-001
 8.0048233e-001
 8.0048186e-001
 8.0047810e-001
 8.0046344e-001
 8.0043107e-001
 8.0037540e-001
 8.0029309e-001
 8.0018282e-001
 8.0004603e-001
 7.9988694e-001
 7.9971224e-001
 7.9953027e-001
 7.9935074e-001
 7.9918319e-001
 7.9903632e-001
 7.9891706e-001
 7.9882991e-001
 7.9877722e-001
 7.9871923e-001
 7.9873782e-001
 7.9878759e-001
 7.9886484e-001
 7.9896539e-001
 7.9908425e-001
 7.9921532e-001
 7.9935157e-001
 7.9948580e-001
 7.9961014e-001
 7.9971713e-001
 7.9979944e-001
 7.9985064e-001
 7.9986596e-001
 7.9984307e-001
 7.9978263e-001
 7.9968858e-001
 7.9956788e-001
 7.9942971e-001
 7.9928458e-001
 7.9914379e-001
 7.9901850e-001
 7.9891950e-001
 7.9885590e-001
 7.9883462e-001
 7.9885912e-001
 7.9892898e-001
 7.9904032e-001
 7.9918683e-001
 7.9936063e-001
 7.9955328e-001
 7.9975605e-001
 7.9996073e-001
 8.0015993e-001
 8.0034751e-001
 8.0051947e-001
 8.0067390e-001
 8.0081081e-001
 8.0093157e-001
 8.0103844e-001
 8.0113417e-001
 8.0122143e-001
 8.0130273e-001
 8.0138010e-001
 8.0145472e-001
 8.0152643e-001
 8.0159402e-001
 8.0165476e-001
 8.0170530e-001
 8.0174172e-001
 8.0175978e-001
 8.0175549e-001
 8.0172515e-001
 8.0166602e-001
 8.0157703e-001
 8.0145901e-001
 8.0131531e-001
 8.0115122e-001
 8.0097365e-001
 8.0079043e-001
 8.0060977e-001
 8.0043983e-001
 8.0028826e-001
 8.0016154e-001
 8.0006444e-001
 7.9999888e-001
 7.9996419e-001
 7.9995692e-001
 7.9997188e-001
 8.0000257e-001
 8.0004215e-001
 8.0008352e-001
 8.0011976e-001
 8.0014431e-001
 8.0015141e-001
 8.0013627e-001
 8.0009526e-001
 8.0002558e-001
 7.9992533e-001
 7.9979295e-001
 7.9962724e-001
 7.9942733e-001
 7.9919291e-001
 7.9892492e-001
 7.9862624e-001
 7.9830235e-001
 7.9796183e-001
 7.9761583e-001
 7.9727757e-001
 7.9696125e-001
 7.9668164e-001
 7.9645312e-001
 7.9628903e-001
 7.9620010e-001
 7.9619288e-001
 7.9626822e-001
 7.9642063e-001
 7.9663891e-001
 7.9690760e-001
 7.9720885e-001
 7.9752368e-001
 7.9783303e-001
 7.9811877e-001
 7.9836524e-001
 7.9856032e-001
 7.9869729e-001
 7.9877520e-001
 7.9879820e-001
 7.9877436e-001
 7.9871404e-001
 7.9862857e-001
 7.9852974e-001
 7.9842877e-001
 7.9833603e-001
 7.9826021e-001
 7.9820764e-001
 7.9818219e-001
 7.9818541e-001
 7.9821712e-001
 7.9827625e-001
 7.9836100e-001
 7.9846936e-001
 7.9859877e-001
 7.9874593e-001
 7.9890597e-001
 7.9907256e-001
 7.9923701e-001
 7.9938900e-001
 7.9951686e-001
 7.9960799e-001
 7.9964989e-001
 7.9963022e-001
 7.9953820e-001
 7.9936564e-001
 7.9910970e-001
 7.9877359e-001
 7.9836816e-001
 7.9791075e-001
 7.9742342e-001
 7.9693127e-001
 7.9646051e-001
 7.9603732e-001
 7.9568642e-001
 7.9542917e-001
 7.9528171e-001
 7.9525238e-001
 7.9534161e-001
 7.9554206e-001
 7.9584116e-001
 7.9622287e-001
 7.9666954e-001
 7.9716331e-001
 7.9768634e-001
 7.9822189e-001
 7.9875475e-001
 7.9927194e-001
 7.9976308e-001
 8.0021977e-001
 8.0063558e-001
 8.0100471e-001
 8.0132228e-001
 8.0158371e-001
 8.0178541e-001
 8.0192518e-001
 8.0200362e-001
 8.0202466e-001
 8.0199635e-001
 8.0193007e-001
 8.0183989e-001
 8.0174136e-001
 8.0165076e-001
 8.0158401e-001
 8.0155599e-001
 8.0157900e-001
 8.0166131e-001
 8.0180538e-001
 8.0200744e-001
 8.0225807e-001
 8.0254358e-001
 8.0284798e-001
 8.0315393e-001
 8.0344445e-001
 8.0370325e-001
 8.0391681e-001
 8.0407566e-001
 8.0417597e-001
 8.0422026e-001
 8.0421662e-001
 8.0417740e-001
 8.0411738e-001
 8.0405247e-001
 8.0399847e-001
 8.0397022e-001
 8.0398011e-001
 8.0403644e-001
 8.0414194e-001
 8.0429310e-001
 8.0448085e-001
 8.0469215e-001
 8.0491138e-001
 8.0512190e-001
 8.0530703e-001
 8.0545115e-001
 8.0554086e-001
 8.0556685e-001
 8.0552495e-001
 8.0541700e-001
 8.0525023e-001
 8.0503553e-001
 8.0478650e-001
 8.0451763e-001
 8.0424362e-001
 8.0397898e-001
 8.0373693e-001
 8.0352908e-001
 8.0336457e-001
 8.0324978e-001
 8.0318868e-001
 8.0318344e-001
 8.0323511e-001
 8.0334413e-001
 8.0351055e-001
 8.0373347e-001
 8.0401099e-001
 8.0433887e-001
 8.0470985e-001
 8.0511373e-001
 8.0553728e-001
 8.0596489e-001
 8.0637991e-001
 8.0676532e-001
 8.0710429e-001
 8.0738097e-001
 8.0758256e-001
 8.0770046e-001
 8.0773211e-001
 8.0768168e-001
 8.0755931e-001
 8.0737972e-001
 8.0716008e-001
 8.0691874e-001
 8.0667436e-001
 8.0644470e-001
 8.0624551e-001
 8.0608928e-001
 8.0598414e-001
 8.0593294e-001
 8.0593425e-001
 8.0598325e-001
 8.0607313e-001
 8.0619621e-001
 8.0634427e-001
 8.0650938e-001
 8.0668378e-001
 8.0686051e-001
 8.0703312e-001
 8.0719632e-001
 8.0734569e-001
 8.0747724e-001
 8.0758739e-001
 8.0767292e-001
 8.0773079e-001
 8.0775857e-001
 8.0775476e-001
 8.0771953e-001
 8.0765551e-001
 8.0756766e-001
 8.0746335e-001
 8.0735153e-001
 8.0724221e-001
 8.0714583e-001
 8.0707252e-001
 8.0703157e-001
 8.0703038e-001
 8.0707318e-001
 8.0715984e-001
 8.0728531e-001
 8.0744040e-001
 8.0761248e-001
 8.0778730e-001
 8.0794966e-001
 8.0808455e-001
 8.0817813e-001
 8.0821925e-001
 8.0820131e-001
 8.0812353e-001
 8.0799210e-001
 8.0781895e-001
 8.0762076e-001
 8.0741662e-001
 8.0722690e-001
 8.0707175e-001
 8.0697000e-001
 8.0693716e-001
 8.0698359e-001
 8.0711222e-001
 8.0731803e-001
 8.0758888e-001
 8.0790693e-001
 8.0825150e-001
 8.0860060e-001
 8.0893207e-001
 8.0922574e-001
 8.0946511e-001
 8.0964011e-001
 8.0974942e-001
 8.0980134e-001
 8.0981290e-001
 8.0980760e-001
 8.0981249e-001
 8.0985653e-001
 8.0996817e-001
 8.1017387e-001
 8.1049508e-001
 8.1094480e-001
 8.1152493e-001
 8.1222504e-001
 8.1302291e-001
 8.1388855e-001
 8.1478679e-001
 8.1568068e-001
 8.1653231e-001
 8.1730664e-001
 8.1797296e-001
 8.1850773e-001
 8.1889844e-001
 8.1914389e-001
 8.1925327e-001
 8.1924355e-001
 8.1913620e-001
 8.1895494e-001
 8.1872374e-001
 8.1846577e-001
 8.1820160e-001
 8.1794798e-001
 8.1771576e-001
 8.1750965e-001
 8.1732887e-001
 8.1716824e-001
 8.1702018e-001
 8.1687623e-001
 8.1672734e-001
 8.1656510e-001
 8.1638229e-001
 8.1617409e-001
 8.1593817e-001
 8.1567580e-001
 8.1539106e-001
 8.1509012e-001
 8.1478047e-001
 8.1447029e-001
 8.1416762e-001
 8.1388009e-001
 8.1361437e-001
 8.1337523e-001
 8.1316501e-001
 8.1298321e-001
 8.1282717e-001
 8.1269211e-001
 8.1257224e-001
 8.1246144e-001
 8.1235319e-001
 8.1224108e-001
 8.1211901e-001
 8.1198120e-001
 8.1182241e-001
 8.1163806e-001
 8.1142402e-001
 8.1117666e-001
 8.1089252e-001
 8.1056857e-001
 8.1020206e-001
 8.0979121e-001
 8.0933648e-001
 8.0884141e-001
 8.0831414e-001
 8.0776799e-001
 8.0722058e-001
 8.0669290e-001
 8.0620772e-001
 8.0578899e-001
 8.0545956e-001
 8.0524027e-001
 8.0514729e-001
 8.0518878e-001
 8.0536216e-001
 8.0565274e-001
 8.0603534e-001
 8.0647671e-001
 8.0693907e-001
 8.0738229e-001
 8.0776674e-001
 8.0805540e-001
 8.0821657e-001
 8.0822837e-001
 8.0808187e-001
 8.0778229e-001
 8.0734813e-001
 8.0680716e-001
 8.0619276e-001
 8.0554140e-001
 8.0488926e-001
 8.0427092e-001
 8.0371732e-001
 8.0325186e-001
 8.0288863e-001
 8.0263138e-001
 8.0247426e-001
 8.0240434e-001
 8.0240464e-001
 8.0245614e-001
 8.0253935e-001
 8.0263549e-001
 8.0272746e-001
 8.0280113e-001
 8.0284655e-001
 8.0285823e-001
 8.0283469e-001
 8.0277771e-001
 8.0269063e-001
 8.0257791e-001
 8.0244440e-001
 8.0229521e-001
 8.0213630e-001
 8.0197418e-001
 8.0181670e-001
 8.0167317e-001
 8.0155391e-001
 8.0146998e-001
 8.0143327e-001
 8.0145544e-001
 8.0154759e-001
 8.0171925e-001
 8.0197638e-001
 8.0231923e-001
 8.0274045e-001
 8.0322361e-001
 8.0374473e-001
 8.0427420e-001
 8.0477870e-001
 8.0522388e-001
 8.0557597e-001
 8.0580360e-001
 8.0588186e-001
 8.0579597e-001
 8.0554467e-001
 8.0514240e-001
 8.0461717e-001
 8.0400693e-001
 8.0335623e-001
 8.0271184e-001
 8.0212051e-001
 8.0162662e-001
 8.0126840e-001
 8.0107385e-001
 8.0105734e-001
 8.0121785e-001
 8.0154061e-001
 8.0200088e-001
 8.0256742e-001
 8.0320650e-001
 8.0388391e-001
 8.0456579e-001
 8.0522168e-001
 8.0582583e-001
 8.0635834e-001
 8.0680704e-001
 8.0716610e-001
 8.0743432e-001
 8.0761331e-001
 8.0770636e-001
 8.0771714e-001
 8.0764985e-001
 8.0750906e-001
 8.0729985e-001
 8.0702829e-001
 8.0670124e-001
 8.0632633e-001
 8.0591202e-001
 8.0546683e-001
 8.0499971e-001
 8.0451941e-001
 8.0403525e-001
 8.0355632e-001
 8.0309206e-001
 8.0265242e-001
 8.0224764e-001
 8.0188823e-001
 8.0158508e-001
 8.0134922e-001
 8.0119139e-001
 8.0112213e-001
 8.0115068e-001
 8.0128378e-001
 8.0152422e-001
 8.0186903e-001
 8.0230933e-001
 8.0283076e-001
 8.0341458e-001
 8.0403990e-001
 8.0468488e-001
 8.0532736e-001
 8.0594665e-001
 8.0652475e-001
 8.0704826e-001
 8.0750954e-001
 8.0790806e-001
 8.0824959e-001
 8.0854392e-001
 8.0880404e-001
 8.0904394e-001
 8.0927759e-001
 8.0951804e-001
 8.0977613e-001
 8.1005859e-001
 8.1036699e-001
 8.1069684e-001
 8.1103855e-001
 8.1137830e-001
 8.1170028e-001
 8.1198752e-001
 8.1222296e-001
 8.1239074e-001
 8.1247735e-001
 8.1247324e-001
 8.1237429e-001
 8.1218249e-001
 8.1190521e-001
 8.1155401e-001
 8.1114262e-001
 8.1068593e-001
 8.1019968e-001
 8.0969900e-001
 8.0919874e-001
 8.0871338e-001
 8.0825591e-001
 8.0783844e-001
 8.0747193e-001
 8.0716687e-001
 8.0693293e-001
 8.0677950e-001
 8.0671561e-001
 8.0674875e-001
 8.0688429e-001
 8.0712354e-001
 8.0746275e-001
 8.0789214e-001
 8.0839682e-001
 8.0895752e-001
 8.0955303e-001
 8.1016093e-001
 8.1075859e-001
 8.1132478e-001
 8.1184089e-001
 8.1229252e-001
 8.1267190e-001
 8.1297821e-001
 8.1321657e-001
 8.1339651e-001
 8.1353009e-001
 8.1363028e-001
 8.1371009e-001
 8.1378198e-001
 8.1385684e-001
 8.1394303e-001
 8.1404579e-001
 8.1416696e-001
 8.1430489e-001
 8.1445533e-001
 8.1461257e-001
 8.1477004e-001
 8.1492084e-001
 8.1505823e-001
 8.1517571e-001
 8.1526697e-001
 8.1532484e-001
 8.1533921e-001
 8.1532592e-001
 8.1528717e-001
 8.1522888e-001
 8.1515646e-001
 8.1507593e-001
 8.1499285e-001
 8.1491309e-001
 8.1484222e-001
 8.1478608e-001
 8.1474972e-001
 8.1473309e-001
 8.1473297e-001
 8.1474620e-001
 8.1476969e-001
 8.1480014e-001
 8.1483454e-001
 8.1486964e-001
 8.1490242e-001
 8.1492954e-001
 8.1494796e-001
 8.1495458e-001
 8.1494606e-001
 8.1491929e-001
 8.1487155e-001
 8.1480300e-001
 8.1471539e-001
 8.1461042e-001
 8.1449002e-001
 8.1435585e-001
 8.1420970e-001
 8.1405354e-001
 8.1388903e-001
 8.1371796e-001
 8.1354213e-001
 8.1336331e-001
 8.1318343e-001
 8.1300408e-001
 8.1282717e-001
 8.1265450e-001
 8.1248778e-001
 8.1232882e-001
 8.1217933e-001
 8.1203920e-001
 8.1190765e-001
 8.1178403e-001
 8.1166738e-001
 8.1155682e-001
 8.1145161e-001
 8.1135112e-001
 8.1125426e-001
 8.1116033e-001
 8.1106848e-001
 8.1097794e-001
 8.1088787e-001
 8.1079751e-001
 8.1070596e-001
 8.1061256e-001
 8.1051630e-001
 8.1041640e-001
 8.1031227e-001
 8.1020278e-001
 8.1008726e-001
 8.0996495e-001
 8.0983514e-001
 8.0969834e-001
 8.0955577e-001
 8.0940872e-001
 8.0925828e-001
 8.0910581e-001
 8.0895221e-001
 8.0879903e-001
 8.0864727e-001
 8.0849820e-001
 8.0835289e-001
 8.0821282e-001
 8.0807883e-001
 8.0795234e-001
 8.0783463e-001
 8.0772674e-001
 8.0762988e-001
 8.0754542e-001
 8.0747437e-001
 8.0741787e-001
 8.0737740e-001
 8.0735397e-001
 8.0734897e-001
 8.0736327e-001
 8.0739832e-001
 8.0745530e-001
 8.0753511e-001
 8.0763710e-001
 8.0775964e-001
 8.0790132e-001
 8.0806029e-001
 8.0823517e-001
 8.0842423e-001
 8.0862606e-001
 8.0883902e-001
 8.0906141e-001
 8.0929184e-001
 8.0952859e-001
 8.0977017e-001
 8.1001484e-001
 8.1026131e-001
 8.1050766e-001
 8.1075263e-001
 8.1099439e-001
 8.1123149e-001
 8.1146234e-001
 8.1168526e-001
 8.1189883e-001
 8.1210130e-001
 8.1229132e-001
 8.1246710e-001
 8.1262708e-001
 8.1276977e-001
 8.1289363e-001
 8.1299686e-001
 8.1307811e-001
 8.1313592e-001
 8.1317049e-001
 8.1318295e-001
 8.1317431e-001
