s07_ASD Record=24062: LawnGrass GDS91b +1shft 3nm   BECKa AREF
 6.0262185e-001
 6.0289711e-001
 6.0311699e-001
 6.0327101e-001
 6.0336071e-001
 6.0339820e-001
 6.0340124e-001
 6.0338759e-001
 6.0337102e-001
 6.0335797e-001
 6.0334736e-001
 6.0333198e-001
 6.0330039e-001
 6.0323900e-001
 6.0313541e-001
 6.0298240e-001
 6.0278183e-001
 6.0254449e-001
 6.0228902e-001
 6.0204035e-001
 6.0182601e-001
 6.0166937e-001
 6.0158145e-001
 6.0155553e-001
 6.0156780e-001
 6.0158336e-001
 6.0156995e-001
 6.0151583e-001
 6.0143566e-001
 6.0135764e-001
 6.0130692e-001
 6.0129696e-001
 6.0133034e-001
 6.0140359e-001
 6.0150868e-001
 6.0163629e-001
 6.0177958e-001
 6.0193455e-001
 6.0209775e-001
 6.0226607e-001
 6.0243666e-001
 6.0260803e-001
 6.0278010e-001
 6.0295355e-001
 6.0312819e-001
 6.0330272e-001
 6.0347486e-001
 6.0364258e-001
 6.0380530e-001
 6.0396373e-001
 6.0411900e-001
 6.0427195e-001
 6.0442269e-001
 6.0457069e-001
 6.0471547e-001
 6.0485727e-001
 6.0499710e-001
 6.0513639e-001
 6.0527682e-001
 6.0541975e-001
 6.0556519e-001
 6.0571057e-001
 6.0585386e-001
 6.0599214e-001
 6.0612023e-001
 6.0623431e-001
 6.0633403e-001
 6.0642117e-001
 6.0649830e-001
 6.0656828e-001
 6.0663366e-001
 6.0669559e-001
 6.0675442e-001
 6.0681039e-001
 6.0686421e-001
 6.0691655e-001
 6.0696781e-001
 6.0701811e-001
 6.0706747e-001
 6.0711670e-001
 6.0716641e-001
 6.0721624e-001
 6.0726339e-001
 6.0730392e-001
 6.0733485e-001
 6.0735691e-001
 6.0737503e-001
 6.0739708e-001
 6.0743171e-001
 6.0748917e-001
 6.0758305e-001
 6.0773081e-001
 6.0794771e-001
 6.0823661e-001
 6.0857981e-001
 6.0894001e-001
 6.0927254e-001
 6.0954452e-001
 6.0974663e-001
 6.0988975e-001
 6.0999227e-001
 6.1006910e-001
 6.1012852e-001
 6.1017406e-001
 6.1020809e-001
 6.1023277e-001
 6.1024952e-001
 6.1025840e-001
 6.1025929e-001
 6.1025339e-001
 6.1024433e-001
 6.1023748e-001
 6.1023802e-001
 6.1024934e-001
 6.1027092e-001
 6.1029780e-001
 6.1032176e-001
 6.1033553e-001
 6.1033714e-001
 6.1033165e-001
 6.1032891e-001
 6.1033726e-001
 6.1035824e-001
 6.1038607e-001
 6.1041230e-001
 6.1043155e-001
 6.1044377e-001
 6.1045253e-001
 6.1046141e-001
 6.1047238e-001
 6.1048633e-001
 6.1050332e-001
 6.1052215e-001
 6.1053997e-001
 6.1055434e-001
 6.1056697e-001
 6.1058569e-001
 6.1062175e-001
 6.1068434e-001
 6.1077654e-001
 6.1089611e-001
 6.1103815e-001
 6.1119747e-001
 6.1136955e-001
 6.1155152e-001
 6.1174446e-001
 6.1195391e-001
 6.1218745e-001
 6.1245000e-001
 6.1274296e-001
 6.1306614e-001
 6.1342150e-001
 6.1381263e-001
 6.1424291e-001
 6.1471570e-001
 6.1523902e-001
 6.1582744e-001
 6.1649597e-001
 6.1724758e-001
 6.1806732e-001
 6.1892962e-001
 6.1981606e-001
 6.2072998e-001
 6.2169486e-001
 6.2273985e-001
 6.2388080e-001
 6.2510908e-001
 6.2639451e-001
 6.2769973e-001
 6.2899679e-001
 6.3027382e-001
 6.3153058e-001
 6.3276750e-001
 6.3397866e-001
 6.3515121e-001
 6.3627028e-001
 6.3732421e-001
 6.3830608e-001
 6.3921279e-001
 6.4004201e-001
 6.4079148e-001
 6.4146143e-001
 6.4205837e-001
 6.4259315e-001
 6.4307106e-001
 6.4348567e-001
 6.4382529e-001
 6.4408833e-001
 6.4428920e-001
 6.4445180e-001
 6.4459914e-001
 6.4474958e-001
 6.4491820e-001
 6.4511532e-001
 6.4533895e-001
 6.4556921e-001
 6.4577228e-001
 6.4591604e-001
 6.4598680e-001
 6.4599484e-001
 6.4596325e-001
 6.4590609e-001
 6.4581567e-001
 6.4567280e-001
 6.4547414e-001
 6.4524436e-001
 6.4501345e-001
 6.4478052e-001
 6.4450657e-001
 6.4414418e-001
 6.4367002e-001
 6.4309251e-001
 6.4243615e-001
 6.4172196e-001
 6.4096099e-001
 6.4015591e-001
 6.3930559e-001
 6.3841158e-001
 6.3748962e-001
 6.3657272e-001
 6.3569492e-001
 6.3487256e-001
 6.3410759e-001
 6.3340890e-001
 6.3279790e-001
 6.3228518e-001
 6.3183957e-001
 6.3138777e-001
 6.3085908e-001
 6.3024372e-001
 6.2961471e-001
 6.2908852e-001
 6.2874955e-001
 6.2858874e-001
 6.2850189e-001
 6.2835467e-001
 6.2807316e-001
 6.2769037e-001
 6.2730640e-001
 6.2700009e-001
 6.2677568e-001
 6.2658697e-001
 6.2640554e-001
 6.2625706e-001
 6.2618268e-001
 6.2617356e-001
 6.2616348e-001
 6.2608981e-001
 6.2595284e-001
 6.2580514e-001
 6.2567693e-001
 6.2554169e-001
 6.2536955e-001
 6.2517607e-001
 6.2498778e-001
 6.2478423e-001
 6.2452209e-001
 6.2420756e-001
 6.2390530e-001
 6.2366223e-001
 6.2344265e-001
 6.2316227e-001
 6.2278873e-001
 6.2239075e-001
 6.2207687e-001
 6.2188631e-001
 6.2174749e-001
 6.2155300e-001
 6.2127656e-001
 6.2099773e-001
 6.2079912e-001
 6.2067497e-001
 6.2057602e-001
 6.2050545e-001
 6.2049264e-001
 6.2049580e-001
 6.2043661e-001
 6.2032002e-001
 6.2022233e-001
 6.2017530e-001
 6.2013501e-001
 6.2003654e-001
 6.1984485e-001
 6.1956716e-001
 6.1923987e-001
 6.1890543e-001
 6.1858767e-001
 6.1827964e-001
 6.1796397e-001
 6.1764723e-001
 6.1735433e-001
 6.1708343e-001
 6.1679500e-001
 6.1646098e-001
 6.1610180e-001
 6.1576515e-001
 6.1547971e-001
 6.1523783e-001
 6.1502206e-001
 6.1484069e-001
 6.1471778e-001
 6.1464572e-001
 6.1457676e-001
 6.1447424e-001
 6.1434311e-001
 6.1419940e-001
 6.1403614e-001
 6.1383355e-001
 6.1359066e-001
 6.1333764e-001
 6.1311066e-001
 6.1291289e-001
 6.1271292e-001
 6.1248791e-001
 6.1225575e-001
 6.1205930e-001
 6.1192381e-001
 6.1183560e-001
 6.1175877e-001
 6.1167669e-001
 6.1161596e-001
 6.1160839e-001
 6.1163688e-001
 6.1164373e-001
 6.1159164e-001
 6.1150414e-001
 6.1144823e-001
 6.1147827e-001
 6.1159509e-001
 6.1175603e-001
 6.1192000e-001
 6.1208218e-001
 6.1227763e-001
 6.1256802e-001
 6.1302841e-001
 6.1373109e-001
 6.1472309e-001
 6.1600947e-001
 6.1755902e-001
 6.1932325e-001
 6.2125522e-001
 6.2333018e-001
 6.2557477e-001
 6.2808079e-001
 6.3096482e-001
 6.3428336e-001
 6.3797516e-001
 6.4190435e-001
 6.4596456e-001
 6.5014374e-001
 6.5447760e-001
 6.5893418e-001
 6.6335577e-001
 6.6758502e-001
 6.7170513e-001
 6.7593306e-001
 6.8040162e-001
 6.8511039e-001
 6.8997550e-001
 6.9492197e-001
 6.9993412e-001
 7.0503116e-001
 7.1023291e-001
 7.1557546e-001
 7.2111619e-001
 7.2688359e-001
 7.3284298e-001
 7.3894411e-001
 7.4517828e-001
 7.5155818e-001
 7.5808197e-001
 7.6474035e-001
 7.7154016e-001
 7.7849555e-001
 7.8561527e-001
 7.9290867e-001
 8.0037731e-001
 8.0797541e-001
 8.1559569e-001
 8.2313806e-001
 8.3058780e-001
 8.3801508e-001
 8.4550184e-001
 8.5303217e-001
 8.6046422e-001
 8.6764771e-001
 8.7456095e-001
 8.8131756e-001
 8.8806701e-001
 8.9486212e-001
 9.0159315e-001
 9.0805990e-001
 9.1410446e-001
 9.1970587e-001
 9.2497981e-001
 9.3008369e-001
 9.3509048e-001
 9.3995458e-001
 9.4454741e-001
 9.4871098e-001
 9.5243353e-001
 9.5588887e-001
 9.5921248e-001
 9.6240139e-001
 9.6541142e-001
 9.6820325e-001
 9.7074133e-001
 9.7300297e-001
 9.7499961e-001
 9.7677833e-001
 9.7839630e-001
 9.7990841e-001
 9.8136353e-001
 9.8278850e-001
 9.8415369e-001
 9.8537713e-001
 9.8639089e-001
 9.8721606e-001
 9.8795897e-001
 9.8872828e-001
 9.8955810e-001
 9.9040508e-001
 9.9120224e-001
 9.9189985e-001
 9.9247277e-001
 9.9291652e-001
 9.9325234e-001
 9.9352926e-001
 9.9381280e-001
 9.9409062e-001
 9.9445599e-001
 9.9483377e-001
 9.9520212e-001
 9.9554825e-001
 9.9586272e-001
 9.9613637e-001
 9.9636376e-001
 9.9656576e-001
 9.9677384e-001
 9.9701953e-001
 9.9732769e-001
 9.9767971e-001
 9.9803942e-001
 9.9837083e-001
 9.9864328e-001
 9.9886388e-001
 9.9905515e-001
 9.9923956e-001
 9.9943691e-001
 9.9964720e-001
 9.9989933e-001
 1.0001125e+000
 1.0003151e+000
 1.0005032e+000
 1.0006758e+000
 1.0008322e+000
 1.0009716e+000
 1.0010940e+000
 1.0012071e+000
 1.0013279e+000
 1.0014732e+000
 1.0016598e+000
 1.0019038e+000
 1.0021998e+000
 1.0025212e+000
 1.0028403e+000
 1.0031297e+000
 1.0033625e+000
 1.0035266e+000
 1.0036238e+000
 1.0036569e+000
 1.0036281e+000
 1.0035406e+000
 1.0033998e+000
 1.0032231e+000
 1.0030308e+000
 1.0028436e+000
 1.0026817e+000
 1.0025657e+000
 1.0025116e+000
 1.0025189e+000
 1.0025835e+000
 1.0027008e+000
 1.0028666e+000
 1.0030768e+000
 1.0033267e+000
 1.0036107e+000
 1.0039175e+000
 1.0042341e+000
 1.0045481e+000
 1.0048465e+000
 1.0051168e+000
 1.0053463e+000
 1.0055221e+000
 1.0056348e+000
 1.0056872e+000
 1.0056847e+000
 1.0056331e+000
 1.0055377e+000
 1.0054045e+000
 1.0052385e+000
 1.0050458e+000
 1.0048320e+000
 1.0046049e+000
 1.0043721e+000
 1.0041418e+000
 1.0039216e+000
 1.0037193e+000
 1.0035431e+000
 1.0034006e+000
 1.0032972e+000
 1.0032294e+000
 1.0031915e+000
 1.0031775e+000
 1.0031821e+000
 1.0031991e+000
 1.0032231e+000
 1.0032480e+000
 1.0032686e+000
 1.0032789e+000
 1.0032729e+000
 1.0032452e+000
 1.0031925e+000
 1.0031191e+000
 1.0030315e+000
 1.0029362e+000
 1.0028396e+000
 1.0027485e+000
 1.0026689e+000
 1.0026077e+000
 1.0025712e+000
 1.0025656e+000
 1.0025979e+000
 1.0026742e+000
 1.0027981e+000
 1.0029626e+000
 1.0031581e+000
 1.0033753e+000
 1.0036048e+000
 1.0038369e+000
 1.0040624e+000
 1.0042719e+000
 1.0044558e+000
 1.0046048e+000
 1.0047094e+000
 1.0047632e+000
 1.0047710e+000
 1.0047394e+000
 1.0046755e+000
 1.0045862e+000
 1.0044787e+000
 1.0043597e+000
 1.0042363e+000
 1.0041153e+000
 1.0040038e+000
 1.0039065e+000
 1.0038214e+000
 1.0037448e+000
 1.0036731e+000
 1.0036021e+000
 1.0035287e+000
 1.0034488e+000
 1.0033591e+000
 1.0032554e+000
 1.0031345e+000
 1.0029932e+000
 1.0028330e+000
 1.0026549e+000
 1.0024610e+000
 1.0022525e+000
 1.0020314e+000
 1.0017991e+000
 1.0015572e+000
 1.0013076e+000
 1.0010515e+000
 1.0007900e+000
 1.0005205e+000
 1.0002400e+000
 9.9994540e-001
 9.9963385e-001
 9.9930221e-001
 9.9894750e-001
 9.9856669e-001
 9.9815673e-001
 9.9771452e-001
 9.9723613e-001
 9.9671811e-001
 9.9615633e-001
 9.9554712e-001
 9.9488670e-001
 9.9417138e-001
 9.9339712e-001
 9.9256313e-001
 9.9167740e-001
 9.9075049e-001
 9.8979217e-001
 9.8881280e-001
 9.8782253e-001
 9.8683143e-001
 9.8584980e-001
 9.8488712e-001
 9.8395193e-001
 9.8305190e-001
 9.8219538e-001
 9.8138994e-001
 9.8064393e-001
 9.7996509e-001
 9.7936147e-001
 9.7883719e-001
 9.7838354e-001
 9.7798949e-001
 9.7767210e-001
 9.7736645e-001
 9.7708189e-001
 9.7681355e-001
 9.7656190e-001
 9.7633451e-001
 9.7614336e-001
 9.7600263e-001
 9.7592634e-001
 9.7592497e-001
 9.7599953e-001
 9.7613794e-001
 9.7631890e-001
 9.7651768e-001
 9.7670996e-001
 9.7687536e-001
 9.7700125e-001
 9.7708356e-001
 9.7712469e-001
 9.7713053e-001
 9.7710896e-001
 9.7706974e-001
 9.7702634e-001
 9.7699600e-001
 9.7699881e-001
 9.7705573e-001
 9.7718579e-001
 9.7740203e-001
 9.7770756e-001
 9.7809434e-001
 9.7854561e-001
 9.7903961e-001
 9.7955334e-001
 9.8006558e-001
 9.8055822e-001
 9.8101735e-001
 9.8143238e-001
 9.8179579e-001
 9.8210377e-001
 9.8235804e-001
 9.8245680e-001
 9.8274934e-001
 9.8304379e-001
 9.8334855e-001
 9.8367125e-001
 9.8401731e-001
 9.8438966e-001
 9.8478848e-001
 9.8521060e-001
 9.8565066e-001
 9.8610097e-001
 9.8655307e-001
 9.8699909e-001
 9.8743254e-001
 9.8784947e-001
 9.8824883e-001
 9.8863226e-001
 9.8900366e-001
 9.8936826e-001
 9.8973173e-001
 9.9009925e-001
 9.9047464e-001
 9.9086004e-001
 9.9125564e-001
 9.9165982e-001
 9.9206960e-001
 9.9248081e-001
 9.9288893e-001
 9.9328977e-001
 9.9368024e-001
 9.9405909e-001
 9.9442613e-001
 9.9478251e-001
 9.9512959e-001
 9.9546838e-001
 9.9579924e-001
 9.9612105e-001
 9.9643147e-001
 9.9672717e-001
 9.9700433e-001
 9.9725974e-001
 9.9749094e-001
 9.9769753e-001
 9.9788105e-001
 9.9804509e-001
 9.9819487e-001
 9.9833632e-001
 9.9847537e-001
 9.9861717e-001
 9.9876499e-001
 9.9892026e-001
 9.9908245e-001
 9.9924934e-001
 9.9941760e-001
 9.9958324e-001
 9.9974239e-001
 9.9989128e-001
 1.0000269e+000
 1.0001470e+000
 1.0002497e+000
 1.0003344e+000
 1.0004010e+000
 1.0004505e+000
 1.0004846e+000
 1.0005058e+000
 1.0005175e+000
 1.0005229e+000
 1.0005256e+000
 1.0005286e+000
 1.0005338e+000
 1.0005420e+000
 1.0005525e+000
 1.0005637e+000
 1.0005726e+000
 1.0005755e+000
 1.0005696e+000
 1.0005516e+000
 1.0005201e+000
 1.0004748e+000
 1.0004171e+000
 1.0003498e+000
 1.0002764e+000
 1.0002011e+000
 1.0001273e+000
 1.0000572e+000
 9.9999094e-001
 9.9992633e-001
 9.9985909e-001
 9.9978304e-001
 9.9969119e-001
 9.9957687e-001
 9.9943489e-001
 9.9926293e-001
 9.9906164e-001
 9.9883527e-001
 9.9859047e-001
 9.9833566e-001
 9.9807942e-001
 9.9782896e-001
 9.9758935e-001
 9.9736273e-001
 9.9714828e-001
 9.9694318e-001
 9.9674302e-001
 9.9654299e-001
 9.9633873e-001
 9.9612653e-001
 9.9590385e-001
 9.9566883e-001
 9.9541980e-001
 9.9515522e-001
 9.9487269e-001
 9.9456912e-001
 9.9424034e-001
 9.9388105e-001
 9.9348539e-001
 9.9304664e-001
 9.9255782e-001
 9.9201190e-001
 9.9140179e-001
 9.9072093e-001
 9.8996311e-001
 9.8912239e-001
 9.8819375e-001
 9.8717260e-001
 9.8605543e-001
 9.8483968e-001
 9.8352343e-001
 9.8210663e-001
 9.8058981e-001
 9.7897542e-001
 9.7726744e-001
 9.7547084e-001
 9.7359300e-001
 9.7164226e-001
 9.6962941e-001
 9.6756709e-001
 9.6546906e-001
 9.6335137e-001
 9.6123129e-001
 9.5912600e-001
 9.5705366e-001
 9.5503068e-001
 9.5307255e-001
 9.5119244e-001
 9.4940013e-001
 9.4770318e-001
 9.4610512e-001
 9.4460738e-001
 9.4320893e-001
 9.4190633e-001
 9.4069570e-001
 9.3957210e-001
 9.3853062e-001
 9.3756682e-001
 9.3667591e-001
 9.3585390e-001
 9.3509620e-001
 9.3439865e-001
 9.3375653e-001
 9.3316460e-001
 9.3261778e-001
 9.3211073e-001
 9.3163842e-001
 9.3119633e-001
 9.3078053e-001
 9.3038797e-001
 9.3001640e-001
 9.2966419e-001
 9.2933059e-001
 9.2901510e-001
 9.2871785e-001
 9.2843920e-001
 9.2817968e-001
 9.2794007e-001
 9.2772084e-001
 9.2752230e-001
 9.2734444e-001
 9.2718637e-001
 9.2704654e-001
 9.2692268e-001
 9.2681175e-001
 9.2671025e-001
 9.2661452e-001
 9.2652118e-001
 9.2642736e-001
 9.2633134e-001
 9.2623264e-001
 9.2613214e-001
 9.2603183e-001
 9.2593473e-001
 9.2584419e-001
 9.2576379e-001
 9.2569625e-001
 9.2564380e-001
 9.2560762e-001
 9.2558801e-001
 9.2558473e-001
 9.2559725e-001
 9.2562526e-001
 9.2566913e-001
 9.2572975e-001
 9.2580891e-001
 9.2590868e-001
 9.2603147e-001
 9.2617905e-001
 9.2635250e-001
 9.2655134e-001
 9.2677373e-001
 9.2701620e-001
 9.2727399e-001
 9.2754161e-001
 9.2781341e-001
 9.2808425e-001
 9.2834991e-001
 9.2860758e-001
 9.2885572e-001
 9.2909425e-001
 9.2932397e-001
 9.2954677e-001
 9.2976463e-001
 9.2998010e-001
 9.3019551e-001
 9.3041325e-001
 9.3063545e-001
 9.3086392e-001
 9.3110001e-001
 9.3134469e-001
 9.3159807e-001
 9.3185997e-001
 9.3212926e-001
 9.3240458e-001
 9.3268412e-001
 9.3296605e-001
 9.3324882e-001
 9.3353081e-001
 9.3381107e-001
 9.3408889e-001
 9.3436396e-001
 9.3463612e-001
 9.3490535e-001
 9.3517148e-001
 9.3543416e-001
 9.3569291e-001
 9.3594694e-001
 9.3619514e-001
 9.3643630e-001
 9.3666923e-001
 9.3689251e-001
 9.3710494e-001
 9.3730515e-001
 9.3749189e-001
 9.3766415e-001
 9.3782073e-001
 9.3796074e-001
 9.3808359e-001
 9.3818891e-001
 9.3827677e-001
 9.3834752e-001
 9.3840194e-001
 9.3844068e-001
 9.3846452e-001
 9.3847364e-001
 9.3846798e-001
 9.3844682e-001
 9.3840927e-001
 9.3835431e-001
 9.3828106e-001
 9.3818927e-001
 9.3807900e-001
 9.3795091e-001
 9.3780607e-001
 9.3764549e-001
 9.3746996e-001
 9.3727988e-001
 9.3707514e-001
 9.3685508e-001
 9.3661892e-001
 9.3636596e-001
 9.3609560e-001
 9.3580765e-001
 9.3550229e-001
 9.3517977e-001
 9.3484014e-001
 9.3448335e-001
 9.3410838e-001
 9.3371367e-001
 9.3329698e-001
 9.3285537e-001
 9.3238604e-001
 9.3188590e-001
 9.3135262e-001
 9.3078458e-001
 9.3018079e-001
 9.2954153e-001
 9.2886740e-001
 9.2815971e-001
 9.2741978e-001
 9.2664844e-001
 9.2584616e-001
 9.2501235e-001
 9.2414588e-001
 9.2324513e-001
 9.2230761e-001
 9.2133152e-001
 9.2031485e-001
 9.1925669e-001
 9.1815704e-001
 9.1701645e-001
 9.1583693e-001
 9.1462058e-001
 9.1337007e-001
 9.1208822e-001
 9.1077703e-001
 9.0943837e-001
 9.0807372e-001
 9.0668362e-001
 9.0526897e-001
 9.0383017e-001
 9.0236825e-001
 9.0088475e-001
 8.9938116e-001
 8.9786011e-001
 8.9632368e-001
 8.9477479e-001
 8.9321607e-001
 8.9164954e-001
 8.9007747e-001
 8.8850123e-001
 8.8692206e-001
 8.8534123e-001
 8.8375908e-001
 8.8217676e-001
 8.8059497e-001
 8.7901551e-001
 8.7744087e-001
 8.7587410e-001
 8.7431985e-001
 8.7278390e-001
 8.7127221e-001
 8.6979181e-001
 8.6834896e-001
 8.6694920e-001
 8.6559653e-001
 8.6429220e-001
 8.6303514e-001
 8.6182117e-001
 8.6064363e-001
 8.5949379e-001
 8.5836118e-001
 8.5723513e-001
 8.5610485e-001
 8.5496080e-001
 8.5379505e-001
 8.5260063e-001
 8.5137284e-001
 8.5010731e-001
 8.4880066e-001
 8.4744954e-001
 8.4604973e-001
 8.4459710e-001
 8.4308612e-001
 8.4151125e-001
 8.3986646e-001
 8.3814442e-001
 8.3633786e-001
 8.3443844e-001
 8.3243608e-001
 8.3032012e-001
 8.2807803e-001
 8.2569742e-001
 8.2316619e-001
 8.2047278e-001
 8.1760931e-001
 8.1457013e-001
 8.1135470e-001
 8.0796689e-001
 8.0441362e-001
 8.0070728e-001
 7.9686129e-001
 7.9289269e-001
 7.8881997e-001
 7.8466076e-001
 7.8043509e-001
 7.7616072e-001
 7.7185702e-001
 7.6754278e-001
 7.6323491e-001
 7.5895119e-001
 7.5470835e-001
 7.5052059e-001
 7.4640238e-001
 7.4236482e-001
 7.3841876e-001
 7.3457390e-001
 7.3083770e-001
 7.2721946e-001
 7.2372699e-001
 7.2037023e-001
 7.1715951e-001
 7.1410406e-001
 7.1121365e-001
 7.0849460e-001
 7.0595127e-001
 7.0358396e-001
 7.0138794e-001
 6.9935584e-001
 6.9747585e-001
 6.9573498e-001
 6.9411939e-001
 6.9261497e-001
 6.9120955e-001
 6.8989235e-001
 6.8865502e-001
 6.8749130e-001
 6.8639618e-001
 6.8536627e-001
 6.8439895e-001
 6.8349147e-001
 6.8264192e-001
 6.8184775e-001
 6.8110675e-001
 6.8041670e-001
 6.7977500e-001
 6.7917919e-001
 6.7862612e-001
 6.7811233e-001
 6.7763364e-001
 6.7718494e-001
 6.7676073e-001
 6.7635548e-001
 6.7596406e-001
 6.7558271e-001
 6.7520934e-001
 6.7484415e-001
 6.7448914e-001
 6.7414856e-001
 6.7382747e-001
 6.7353141e-001
 6.7326546e-001
 6.7303360e-001
 6.7283821e-001
 6.7267990e-001
 6.7255783e-001
 6.7247003e-001
 6.7241383e-001
 6.7238641e-001
 6.7238528e-001
 6.7240822e-001
 6.7245370e-001
 6.7252016e-001
 6.7260629e-001
 6.7271024e-001
 6.7283016e-001
 6.7296362e-001
 6.7310846e-001
 6.7326307e-001
 6.7342705e-001
 6.7360145e-001
 6.7378908e-001
 6.7399412e-001
 6.7422199e-001
 6.7447805e-001
 6.7476708e-001
 6.7509282e-001
 6.7545676e-001
 6.7585880e-001
 6.7629683e-001
 6.7676741e-001
 6.7726648e-001
 6.7778945e-001
 6.7833251e-001
 6.7889214e-001
 6.7946571e-001
 6.8005180e-001
 6.8064946e-001
 6.8125880e-001
 6.8188000e-001
 6.8251377e-001
 6.8316084e-001
 6.8382168e-001
 6.8449670e-001
 6.8518555e-001
 6.8588763e-001
 6.8660164e-001
 6.8732566e-001
 6.8805754e-001
 6.8879461e-001
 6.8953407e-001
 6.9027370e-001
 6.9101155e-001
 6.9174629e-001
 6.9247800e-001
 6.9320720e-001
 6.9393569e-001
 6.9466549e-001
 6.9539893e-001
 6.9613850e-001
 6.9688594e-001
 6.9764292e-001
 6.9841039e-001
 6.9918907e-001
 6.9997990e-001
 7.0078361e-001
 7.0160145e-001
 7.0243460e-001
 7.0328403e-001
 7.0415068e-001
 7.0503420e-001
 7.0593375e-001
 7.0684737e-001
 7.0777231e-001
 7.0870596e-001
 7.0964527e-001
 7.1058786e-001
 7.1153218e-001
 7.1247679e-001
 7.1342134e-001
 7.1436518e-001
 7.1530735e-001
 7.1624678e-001
 7.1718115e-001
 7.1810806e-001
 7.1902430e-001
 7.1992636e-001
 7.2081113e-001
 7.2167540e-001
 7.2251749e-001
 7.2333670e-001
 7.2413433e-001
 7.2491390e-001
 7.2568029e-001
 7.2644007e-001
 7.2720033e-001
 7.2796786e-001
 7.2874838e-001
 7.2954583e-001
 7.3036218e-001
 7.3119724e-001
 7.3204893e-001
 7.3291403e-001
 7.3378783e-001
 7.3466480e-001
 7.3553950e-001
 7.3640609e-001
 7.3725969e-001
 7.3809618e-001
 7.3891252e-001
 7.3970747e-001
 7.4048066e-001
 7.4123353e-001
 7.4196833e-001
 7.4268812e-001
 7.4339664e-001
 7.4409747e-001
 7.4479407e-001
 7.4548900e-001
 7.4618429e-001
 7.4688125e-001
 7.4757999e-001
 7.4828023e-001
 7.4898070e-001
 7.4967963e-001
 7.5037533e-001
 7.5106573e-001
 7.5174916e-001
 7.5242478e-001
 7.5309193e-001
 7.5375110e-001
 7.5440300e-001
 7.5504893e-001
 7.5569075e-001
 7.5632995e-001
 7.5696844e-001
 7.5760758e-001
 7.5824845e-001
 7.5889188e-001
 7.5953805e-001
 7.6018691e-001
 7.6083773e-001
 7.6148963e-001
 7.6214135e-001
 7.6279128e-001
 7.6343805e-001
 7.6407987e-001
 7.6471531e-001
 7.6534295e-001
 7.6596165e-001
 7.6657021e-001
 7.6716793e-001
 7.6775402e-001
 7.6832801e-001
 7.6888967e-001
 7.6943880e-001
 7.6997584e-001
 7.7050126e-001
 7.7101624e-001
 7.7152228e-001
 7.7202135e-001
 7.7251589e-001
 7.7300847e-001
 7.7350205e-001
 7.7399909e-001
 7.7450180e-001
 7.7501172e-001
 7.7552927e-001
 7.7605420e-001
 7.7658498e-001
 7.7711916e-001
 7.7765381e-001
 7.7818525e-001
 7.7870983e-001
 7.7922386e-001
 7.7972394e-001
 7.8020746e-001
 7.8067231e-001
 7.8111714e-001
 7.8154176e-001
 7.8194654e-001
 7.8233290e-001
 7.8270304e-001
 7.8305936e-001
 7.8340495e-001
 7.8374243e-001
 7.8407425e-001
 7.8440201e-001
 7.8472644e-001
 7.8504723e-001
 7.8536326e-001
 7.8567266e-001
 7.8597349e-001
 7.8626388e-001
 7.8654283e-001
 7.8681022e-001
 7.8706712e-001
 7.8731579e-001
 7.8755933e-001
 7.8780127e-001
 7.8804517e-001
 7.8829390e-001
 7.8854930e-001
 7.8881204e-001
 7.8908128e-001
 7.8935516e-001
 7.8963059e-001
 7.8990436e-001
 7.9017299e-001
 7.9043341e-001
 7.9068315e-001
 7.9092056e-001
 7.9114479e-001
 7.9135579e-001
 7.9155403e-001
 7.9174024e-001
 7.9191530e-001
 7.9208016e-001
 7.9223514e-001
 7.9238033e-001
 7.9251528e-001
 7.9263896e-001
 7.9274970e-001
 7.9284561e-001
 7.9292405e-001
 7.9298216e-001
 7.9301691e-001
 7.9302543e-001
 7.9300529e-001
 7.9295468e-001
 7.9287297e-001
 7.9276085e-001
 7.9262030e-001
 7.9245484e-001
 7.9226899e-001
 7.9206783e-001
 7.9185700e-001
 7.9164159e-001
 7.9142618e-001
 7.9121435e-001
 7.9100853e-001
 7.9081023e-001
 7.9062003e-001
 7.9043794e-001
 7.9026353e-001
 7.9009598e-001
 7.8993428e-001
 7.8977734e-001
 7.8962398e-001
 7.8947294e-001
 7.8932285e-001
 7.8917229e-001
 7.8901988e-001
 7.8886396e-001
 7.8870302e-001
 7.8853530e-001
 7.8835922e-001
 7.8817320e-001
 7.8797555e-001
 7.8776503e-001
 7.8754050e-001
 7.8730106e-001
 7.8704625e-001
 7.8677595e-001
 7.8649032e-001
 7.8618973e-001
 7.8587490e-001
 7.8554648e-001
 7.8520513e-001
 7.8485161e-001
 7.8448629e-001
 7.8410965e-001
 7.8372180e-001
 7.8332281e-001
 7.8291267e-001
 7.8249139e-001
 7.8205895e-001
 7.8161550e-001
 7.8116131e-001
 7.8069693e-001
 7.8022325e-001
 7.7974141e-001
 7.7925307e-001
 7.7876049e-001
 7.7826649e-001
 7.7777475e-001
 7.7728933e-001
 7.7681518e-001
 7.7635723e-001
 7.7592039e-001
 7.7550894e-001
 7.7512550e-001
 7.7477115e-001
 7.7444404e-001
 7.7413988e-001
 7.7385134e-001
 7.7356893e-001
 7.7328151e-001
 7.7297735e-001
 7.7264553e-001
 7.7227712e-001
 7.7186596e-001
 7.7140963e-001
 7.7090991e-001
 7.7037179e-001
 7.6980364e-001
 7.6921552e-001
 7.6861829e-001
 7.6802248e-001
 7.6743668e-001
 7.6686752e-001
 7.6631868e-001
 7.6579136e-001
 7.6528430e-001
 7.6479453e-001
 7.6431817e-001
 7.6385087e-001
 7.6338881e-001
 7.6292902e-001
 7.6246947e-001
 7.6200968e-001
 7.6155007e-001
 7.6109236e-001
 7.6063913e-001
 7.6019347e-001
 7.5975913e-001
 7.5934023e-001
 7.5894082e-001
 7.5856507e-001
 7.5821674e-001
 7.5789922e-001
 7.5761503e-001
 7.5736552e-001
 7.5715089e-001
 7.5696975e-001
 7.5681943e-001
 7.5669575e-001
 7.5659370e-001
 7.5650740e-001
 7.5643098e-001
 7.5635880e-001
 7.5628632e-001
 7.5620985e-001
 7.5612730e-001
 7.5603789e-001
 7.5594175e-001
 7.5584012e-001
 7.5573462e-001
 7.5562727e-001
 7.5552016e-001
 7.5541544e-001
 7.5531518e-001
 7.5522131e-001
 7.5513566e-001
 7.5505978e-001
 7.5499499e-001
 7.5494236e-001
 7.5490248e-001
 7.5487572e-001
 7.5486177e-001
 7.5485998e-001
 7.5486922e-001
 7.5487936e-001
 7.5490808e-001
 7.5494236e-001
 7.5498015e-001
 7.5501972e-001
 7.5505948e-001
 7.5509840e-001
 7.5513589e-001
 7.5517172e-001
 7.5520563e-001
 7.5523758e-001
 7.5526750e-001
 7.5529528e-001
 7.5532055e-001
 7.5534266e-001
 7.5536066e-001
 7.5537318e-001
 7.5537837e-001
 7.5537425e-001
 7.5535858e-001
 7.5532901e-001
 7.5528324e-001
 7.5521880e-001
 7.5513321e-001
 7.5502414e-001
 7.5488883e-001
 7.5472486e-001
 7.5452942e-001
 7.5429988e-001
 7.5403351e-001
 7.5372756e-001
 7.5337934e-001
 7.5298643e-001
 7.5254637e-001
 7.5205743e-001
 7.5151837e-001
 7.5092846e-001
 7.5028771e-001
 7.4959654e-001
 7.4885547e-001
 7.4806547e-001
 7.4722695e-001
 7.4634063e-001
 7.4540663e-001
 7.4442434e-001
 7.4339247e-001
 7.4230826e-001
 7.4116862e-001
 7.3996961e-001
 7.3870647e-001
 7.3737490e-001
 7.3596996e-001
 7.3448700e-001
 7.3292160e-001
 7.3126888e-001
 7.2952461e-001
 7.2768414e-001
 7.2574329e-001
 7.2369820e-001
 7.2154421e-001
 7.1927792e-001
 7.1689504e-001
 7.1439296e-001
 7.1177065e-001
 7.0902878e-001
 7.0617235e-001
 7.0321041e-001
 7.0015442e-001
 6.9701988e-001
 6.9382238e-001
 6.9057924e-001
 6.8730813e-001
 6.8402499e-001
 6.8074661e-001
 6.7748684e-001
 6.7425859e-001
 6.7107272e-001
 6.6793692e-001
 6.6485900e-001
 6.6184437e-001
 6.5889913e-001
 6.5602916e-001
 6.5323919e-001
 6.5053523e-001
 6.4792174e-001
 6.4540392e-001
 6.4298666e-001
 6.4067370e-001
 6.3846958e-001
 6.3637859e-001
 6.3440406e-001
 6.3255018e-001
 6.3081968e-001
 6.2921488e-001
 6.2773621e-001
 6.2638110e-001
 6.2514502e-001
 6.2402034e-001
 6.2299818e-001
 6.2206846e-001
 6.2122035e-001
 6.2044334e-001
 6.1972708e-001
 6.1906236e-001
 6.1844176e-001
 6.1785972e-001
 6.1731362e-001
 6.1680275e-001
 6.1632824e-001
 6.1589217e-001
 6.1549705e-001
 6.1514550e-001
 6.1483973e-001
 6.1458135e-001
 6.1437064e-001
 6.1420631e-001
 6.1408514e-001
 6.1400223e-001
 6.1395162e-001
 6.1392647e-001
 6.1391962e-001
 6.1392403e-001
 6.1393279e-001
 6.1393982e-001
 6.1394024e-001
 6.1393070e-001
 6.1390960e-001
 6.1387718e-001
 6.1383456e-001
 6.1378378e-001
 6.1372715e-001
 6.1366713e-001
 6.1360627e-001
 6.1354685e-001
 6.1349118e-001
 6.1344141e-001
 6.1339933e-001
 6.1336666e-001
 6.1334509e-001
 6.1333597e-001
 6.1334085e-001
 6.1336112e-001
 6.1339825e-001
 6.1345363e-001
 6.1352867e-001
 6.1362463e-001
 6.1374295e-001
 6.1388475e-001
 6.1405140e-001
 6.1424404e-001
 6.1446381e-001
 6.1471170e-001
 6.1498845e-001
 6.1529398e-001
 6.1562705e-001
 6.1598474e-001
 6.1636263e-001
 6.1675435e-001
 6.1715269e-001
 6.1754948e-001
 6.1793637e-001
 6.1830533e-001
 6.1864859e-001
 6.1896014e-001
 6.1923605e-001
 6.1947566e-001
 6.1968166e-001
 6.1986005e-001
 6.2001896e-001
 6.2016797e-001
 6.2031728e-001
 6.2047696e-001
 6.2065661e-001
 6.2086403e-001
 6.2110478e-001
 6.2138069e-001
 6.2169015e-001
 6.2202770e-001
 6.2238562e-001
 6.2275457e-001
 6.2312448e-001
 6.2348557e-001
 6.2382841e-001
 6.2414521e-001
 6.2443084e-001
 6.2468344e-001
 6.2490517e-001
 6.2510163e-001
 6.2528098e-001
 6.2545288e-001
 6.2562770e-001
 6.2581581e-001
 6.2602711e-001
 6.2627012e-001
 6.2655121e-001
 6.2687379e-001
 6.2723786e-001
 6.2764072e-001
 6.2807721e-001
 6.2854099e-001
 6.2902498e-001
 6.2952220e-001
 6.3002551e-001
 6.3052839e-001
 6.3102537e-001
 6.3151163e-001
 6.3198400e-001
 6.3244021e-001
 6.3287914e-001
 6.3329965e-001
 6.3370126e-001
 6.3408369e-001
 6.3444650e-001
 6.3478965e-001
 6.3511378e-001
 6.3541955e-001
 6.3570881e-001
 6.3598359e-001
 6.3624662e-001
 6.3650054e-001
 6.3674849e-001
 6.3699341e-001
 6.3723797e-001
 6.3748479e-001
 6.3773602e-001
 6.3799298e-001
 6.3825661e-001
 6.3852704e-001
 6.3880384e-001
 6.3908648e-001
 6.3937426e-001
 6.3966656e-001
 6.3996267e-001
 6.4026225e-001
 6.4056545e-001
 6.4087290e-001
 6.4118588e-001
 6.4150637e-001
 6.4183658e-001
 6.4217907e-001
 6.4253658e-001
 6.4291167e-001
 6.4330643e-001
 6.4372247e-001
 6.4416027e-001
 6.4461845e-001
 6.4509404e-001
 6.4558274e-001
 6.4607853e-001
 6.4657521e-001
 6.4706612e-001
 6.4754450e-001
 6.4800429e-001
 6.4844024e-001
 6.4884895e-001
 6.4922881e-001
 6.4958107e-001
 6.4990914e-001
 6.5021789e-001
 6.5051329e-001
 6.5080184e-001
 6.5108979e-001
 6.5138322e-001
 6.5168762e-001
 6.5200686e-001
 6.5234303e-001
 6.5269643e-001
 6.5306538e-001
 6.5344679e-001
 6.5383703e-001
 6.5423197e-001
 6.5462732e-001
 6.5501916e-001
 6.5540403e-001
 6.5577948e-001
 6.5614390e-001
 6.5649742e-001
 6.5684116e-001
 6.5717703e-001
 6.5750766e-001
 6.5783590e-001
 6.5816444e-001
 6.5849614e-001
 6.5883368e-001
 6.5917903e-001
 6.5953386e-001
 6.5989923e-001
 6.6027576e-001
 6.6066349e-001
 6.6106230e-001
 6.6147208e-001
 6.6189229e-001
 6.6232276e-001
 6.6276294e-001
 6.6321182e-001
 6.6366833e-001
 6.6413105e-001
 6.6459811e-001
 6.6506714e-001
 6.6553605e-001
 6.6600257e-001
 6.6646415e-001
 6.6691858e-001
 6.6736382e-001
 6.6779786e-001
 6.6821933e-001
 6.6862720e-001
 6.6902053e-001
 6.6939902e-001
 6.6976225e-001
 6.7011017e-001
 6.7044240e-001
 6.7075878e-001
 6.7105943e-001
 6.7134398e-001
 6.7161256e-001
 6.7186534e-001
 6.7210233e-001
 6.7232382e-001
 6.7253006e-001
 6.7272139e-001
 6.7289817e-001
 6.7306101e-001
 6.7321110e-001
 6.7335033e-001
 6.7348176e-001
 6.7360955e-001
 6.7373896e-001
 6.7387617e-001
 6.7402762e-001
 6.7420000e-001
 6.7439985e-001
 6.7463297e-001
 6.7490363e-001
 6.7521375e-001
 6.7556190e-001
 6.7594308e-001
 6.7634875e-001
 6.7676818e-001
 6.7718923e-001
 6.7759871e-001
 6.7798418e-001
 6.7833358e-001
 6.7863727e-001
 6.7888844e-001
 6.7908514e-001
 6.7923045e-001
 6.7933166e-001
 6.7939967e-001
 6.7944723e-001
 6.7948800e-001
 6.7953557e-001
 6.7960268e-001
 6.7970031e-001
 6.7983592e-001
 6.8001258e-001
 6.8022865e-001
 6.8047768e-001
 6.8075013e-001
 6.8103456e-001
 6.8131846e-001
 6.8158948e-001
 6.8183601e-001
 6.8204784e-001
 6.8221796e-001
 6.8234307e-001
 6.8242413e-001
 6.8246609e-001
 6.8247670e-001
 6.8246543e-001
 6.8244249e-001
 6.8241835e-001
 6.8240285e-001
 6.8240505e-001
 6.8243200e-001
 6.8248856e-001
 6.8257678e-001
 6.8269646e-001
 6.8284553e-001
 6.8302089e-001
 6.8321884e-001
 6.8343562e-001
 6.8366730e-001
 6.8390983e-001
 6.8415922e-001
 6.8441153e-001
 6.8466246e-001
 6.8490791e-001
 6.8514359e-001
 6.8536538e-001
 6.8556899e-001
 6.8575037e-001
 6.8590605e-001
 6.8603325e-001
 6.8613076e-001
 6.8619937e-001
 6.8624198e-001
 6.8626368e-001
 6.8627083e-001
 6.8627077e-001
 6.8627119e-001
 6.8627971e-001
 6.8630338e-001
 6.8634802e-001
 6.8641746e-001
 6.8651295e-001
 6.8663251e-001
 6.8677139e-001
 6.8692309e-001
 6.8707961e-001
 6.8723261e-001
 6.8737364e-001
 6.8749470e-001
 6.8758881e-001
 6.8765074e-001
 6.8767750e-001
 6.8766868e-001
 6.8762636e-001
 6.8755406e-001
 6.8745667e-001
 6.8733931e-001
 6.8720722e-001
 6.8706566e-001
 6.8691951e-001
 6.8677288e-001
 6.8662906e-001
 6.8649036e-001
 6.8635833e-001
 6.8623364e-001
 6.8611676e-001
 6.8600780e-001
 6.8590677e-001
 6.8581331e-001
 6.8572634e-001
 6.8564397e-001
 6.8556267e-001
 6.8547750e-001
 6.8538207e-001
 6.8526900e-001
 6.8513042e-001
 6.8495804e-001
 6.8474400e-001
 6.8448162e-001
 6.8416601e-001
 6.8379587e-001
 6.8337464e-001
 6.8291116e-001
 6.8241882e-001
 6.8191439e-001
 6.8141699e-001
 6.8094641e-001
 6.8052197e-001
 6.8016183e-001
 6.7988044e-001
 6.7968649e-001
 6.7958111e-001
 6.7955655e-001
 6.7959744e-001
 6.7968267e-001
 6.7978770e-001
 6.7988640e-001
 6.7995286e-001
 6.7996264e-001
 6.7989475e-001
 6.7973423e-001
 6.7947406e-001
 6.7911631e-001
 6.7867088e-001
 6.7815363e-001
 6.7758429e-001
 6.7698377e-001
 6.7637318e-001
 6.7577314e-001
 6.7520124e-001
 6.7467076e-001
 6.7418975e-001
 6.7375946e-001
 6.7337543e-001
 6.7302912e-001
 6.7270935e-001
 6.7240375e-001
 6.7209971e-001
 6.7178547e-001
 6.7145056e-001
 6.7108703e-001
 6.7069072e-001
 6.7026103e-001
 6.6980088e-001
 6.6931605e-001
 6.6881365e-001
 6.6830146e-001
 6.6778749e-001
 6.6727966e-001
 6.6678512e-001
 6.6630977e-001
 6.6585851e-001
 6.6543400e-001
 6.6503769e-001
 6.6466999e-001
 6.6433054e-001
 6.6401851e-001
 6.6373312e-001
 6.6347331e-001
 6.6323745e-001
 6.6302347e-001
 6.6282868e-001
 6.6264921e-001
 6.6248047e-001
 6.6231757e-001
 6.6215485e-001
 6.6198683e-001
 6.6180801e-001
 6.6161329e-001
 6.6139841e-001
 6.6116029e-001
 6.6089791e-001
 6.6061211e-001
 6.6030550e-001
 6.5998226e-001
 6.5964723e-001
 6.5930539e-001
 6.5896225e-001
 6.5862262e-001
 6.5829080e-001
 6.5797007e-001
 6.5766233e-001
 6.5736771e-001
 6.5708488e-001
 6.5681177e-001
 6.5654522e-001
 6.5628201e-001
 6.5601891e-001
 6.5575278e-001
 6.5548080e-001
 6.5520096e-001
 6.5491211e-001
 6.5461403e-001
 6.5430737e-001
 6.5399373e-001
 6.5367484e-001
 6.5335262e-001
 6.5302932e-001
 6.5270686e-001
 6.5238726e-001
 6.5207261e-001
 6.5176469e-001
 6.5146524e-001
 6.5117586e-001
 6.5089822e-001
 6.5063375e-001
 6.5038389e-001
 6.5015012e-001
 6.4993352e-001
 6.4973468e-001
 6.4955354e-001
 6.4938873e-001
 6.4923769e-001
 6.4909685e-001
 6.4896178e-001
 6.4882779e-001
 6.4868987e-001
 6.4854330e-001
 6.4838350e-001
 6.4820647e-001
 6.4800942e-001
 6.4779043e-001
 6.4754915e-001
 6.4728647e-001
 6.4700437e-001
 6.4670533e-001
 6.4639211e-001
 6.4606774e-001
 6.4573509e-001
 6.4539695e-001
 6.4505619e-001
 6.4472753e-001
 6.4447039e-001
 6.4413476e-001
 6.4380205e-001
 6.4347202e-001
 6.4314479e-001
 6.4282012e-001
 6.4249837e-001
 6.4217937e-001
 6.4186305e-001
 6.4154953e-001
 6.4123863e-001
 6.4093053e-001
 6.4062494e-001
 6.4032209e-001
 6.4002168e-001
 6.3972366e-001
 6.3942808e-001
 6.3913482e-001
 6.3884389e-001
 6.3855511e-001
 6.3826853e-001
 6.3798410e-001
 6.3770151e-001
 6.3742101e-001
 6.3714248e-001
 6.3686579e-001
 6.3659102e-001
 6.3631797e-001
 6.3604695e-001
 6.3577771e-001
 6.3551021e-001
 6.3524461e-001
 6.3498080e-001
 6.3471878e-001
 6.3445854e-001
 6.3419992e-001
 6.3394320e-001
 6.3368809e-001
 6.3343483e-001
 6.3318324e-001
 6.3293320e-001
 6.3268501e-001
 6.3243842e-001
 6.3219333e-001
 6.3194954e-001
 6.3170695e-001
 6.3146538e-001
 6.3122463e-001
 6.3098437e-001
 6.3074464e-001
 6.3050508e-001
 6.3026565e-001
 6.3002610e-001
 6.2978613e-001
 6.2954581e-001
 6.2930483e-001
 6.2906283e-001
 6.2881994e-001
 6.2857574e-001
 6.2833023e-001
 6.2808305e-001
 6.2783414e-001
 6.2758327e-001
 6.2733024e-001
 6.2707508e-001
 6.2681752e-001
 6.2655824e-001
 6.2629724e-001
 6.2603492e-001
 6.2577152e-001
 6.2550730e-001
 6.2524241e-001
 6.2497729e-001
 6.2471223e-001
 6.2444723e-001
 6.2418294e-001
 6.2391925e-001
 6.2365675e-001
 6.2339538e-001
 6.2313569e-001
 6.2287790e-001
 6.2262213e-001
 6.2236881e-001
 6.2211800e-001
 6.2187010e-001
 6.2162548e-001
 6.2138426e-001
 6.2114674e-001
 6.2091321e-001
 6.2068391e-001
 6.2045902e-001
 6.2023872e-001
 6.2002289e-001
 6.1981148e-001
 6.1960435e-001
 6.1940163e-001
 6.1920303e-001
 6.1900860e-001
 6.1881834e-001
 6.1863214e-001
 6.1844993e-001
 6.1827165e-001
 6.1809731e-001
 6.1792666e-001
 6.1775982e-001
 6.1759675e-001
 6.1743724e-001
 6.1728138e-001
 6.1712909e-001
 6.1698025e-001
 6.1683482e-001
 6.1669266e-001
 6.1655384e-001
 6.1641830e-001
 6.1628598e-001
 6.1615664e-001
 6.1603051e-001
 6.1590725e-001
 6.1578703e-001
 6.1566961e-001
 6.1555517e-001
 6.1544353e-001
 6.1533481e-001
 6.1522907e-001
