s07_ASD Record=16866: Xanthine SA-X0626            ASDHRa AREF
-1.2300000e+034
 4.9199113e-001
 4.8827162e-001
 4.8363680e-001
 4.7639596e-001
 4.6891907e-001
 4.6397290e-001
 4.6172959e-001
 4.5844266e-001
 4.5322761e-001
 4.4743505e-001
 4.4352573e-001
 4.4064519e-001
 4.3910170e-001
 4.3927997e-001
 4.3899098e-001
 4.3834883e-001
 4.3741673e-001
 4.3659699e-001
 4.3748647e-001
 4.3847984e-001
 4.3883017e-001
 4.4015682e-001
 4.4114912e-001
 4.4278926e-001
 4.4588134e-001
 4.4857478e-001
 4.5109582e-001
 4.5394981e-001
 4.5794126e-001
 4.6316198e-001
 4.6892565e-001
 4.7462747e-001
 4.8025084e-001
 4.8645970e-001
 4.9309829e-001
 5.0002253e-001
 5.0726551e-001
 5.1413262e-001
 5.2105850e-001
 5.2846819e-001
 5.3542787e-001
 5.4264915e-001
 5.5000204e-001
 5.5667478e-001
 5.6286025e-001
 5.6916863e-001
 5.7577699e-001
 5.8202350e-001
 5.8797669e-001
 5.9353131e-001
 5.9875661e-001
 6.0398960e-001
 6.0908717e-001
 6.1378509e-001
 6.1803818e-001
 6.2257296e-001
 6.2705779e-001
 6.3129437e-001
 6.3537544e-001
 6.3949472e-001
 6.4360946e-001
 6.4767438e-001
 6.5169525e-001
 6.5558529e-001
 6.5954226e-001
 6.6372877e-001
 6.6782826e-001
 6.7181504e-001
 6.7586434e-001
 6.8015432e-001
 6.8417382e-001
 6.8812019e-001
 6.9217014e-001
 6.9625670e-001
 7.0023489e-001
 7.0425713e-001
 7.0833331e-001
 7.1200716e-001
 7.1574080e-001
 7.1957809e-001
 7.2327489e-001
 7.2690976e-001
 7.3045719e-001
 7.3390293e-001
 7.3727405e-001
 7.4066699e-001
 7.4402565e-001
 7.4731791e-001
 7.5065273e-001
 7.5383168e-001
 7.5687182e-001
 7.5989705e-001
 7.6278847e-001
 7.6566458e-001
 7.6852912e-001
 7.7121383e-001
 7.7375430e-001
 7.7616799e-001
 7.7852046e-001
 7.8086692e-001
 7.8298432e-001
 7.8490186e-001
 7.8677511e-001
 7.8847963e-001
 7.9018325e-001
 7.9194963e-001
 7.9367167e-001
 7.9540122e-001
 7.9714775e-001
 7.9891950e-001
 8.0074549e-001
 8.0271220e-001
 8.0475456e-001
 8.0676270e-001
 8.0893469e-001
 8.1125695e-001
 8.1368822e-001
 8.1618387e-001
 8.1872410e-001
 8.2137179e-001
 8.2419062e-001
 8.2709271e-001
 8.2998049e-001
 8.3283901e-001
 8.3566147e-001
 8.3825463e-001
 8.4081084e-001
 8.4338045e-001
 8.4572208e-001
 8.4796715e-001
 8.5007191e-001
 8.5200816e-001
 8.5392582e-001
 8.5577267e-001
 8.5754269e-001
 8.5924429e-001
 8.6081451e-001
 8.6232156e-001
 8.6378902e-001
 8.6515760e-001
 8.6660457e-001
 8.6803263e-001
 8.6934656e-001
 8.7081367e-001
 8.7218481e-001
 8.7342685e-001
 8.7474692e-001
 8.7608367e-001
 8.7746030e-001
 8.7884009e-001
 8.8013393e-001
 8.8143253e-001
 8.8274109e-001
 8.8400722e-001
 8.8523495e-001
 8.8653642e-001
 8.8789320e-001
 8.8912690e-001
 8.9035136e-001
 8.9160699e-001
 8.9287758e-001
 8.9405161e-001
 8.9516896e-001
 8.9626664e-001
 8.9736748e-001
 8.9846444e-001
 8.9956516e-001
 9.0067869e-001
 9.0178502e-001
 9.0278745e-001
 9.0378487e-001
 9.0485716e-001
 9.0580744e-001
 9.0680426e-001
 9.0784258e-001
 9.0876615e-001
 9.0968335e-001
 9.1059649e-001
 9.1149348e-001
 9.1235816e-001
 9.1322917e-001
 9.1412085e-001
 9.1502237e-001
 9.1588753e-001
 9.1670269e-001
 9.1747022e-001
 9.1822702e-001
 9.1903687e-001
 9.1982770e-001
 9.2055976e-001
 9.2136186e-001
 9.2212635e-001
 9.2287928e-001
 9.2369694e-001
 9.2442501e-001
 9.2513889e-001
 9.2587674e-001
 9.2656296e-001
 9.2721736e-001
 9.2787409e-001
 9.2855263e-001
 9.2918342e-001
 9.2977947e-001
 9.3039972e-001
 9.3110377e-001
 9.3177360e-001
 9.3246067e-001
 9.3318707e-001
 9.3382972e-001
 9.3441659e-001
 9.3494809e-001
 9.3544221e-001
 9.3599993e-001
 9.3660516e-001
 9.3720102e-001
 9.3769753e-001
 9.3803781e-001
 9.3831819e-001
 9.3862480e-001
 9.3884009e-001
 9.3913966e-001
 9.3954349e-001
 9.3990481e-001
 9.4024074e-001
 9.4063896e-001
 9.4115257e-001
 9.4166285e-001
 9.4209778e-001
 9.4245845e-001
 9.4281888e-001
 9.4325346e-001
 9.4381684e-001
 9.4444180e-001
 9.4494015e-001
 9.4533503e-001
 9.4567478e-001
 9.4598281e-001
 9.4618618e-001
 9.4642895e-001
 9.4678295e-001
 9.4723314e-001
 9.4770992e-001
 9.4812459e-001
 9.4851059e-001
 9.4905734e-001
 9.4957691e-001
 9.4994026e-001
 9.5010769e-001
 9.5027632e-001
 9.5052284e-001
 9.5088303e-001
 9.5133716e-001
 9.5185423e-001
 9.5233929e-001
 9.5271087e-001
 9.5299828e-001
 9.5324016e-001
 9.5348638e-001
 9.5378953e-001
 9.5414990e-001
 9.5445645e-001
 9.5466924e-001
 9.5492023e-001
 9.5525473e-001
 9.5564228e-001
 9.5598584e-001
 9.5624340e-001
 9.5657188e-001
 9.5694804e-001
 9.5714509e-001
 9.5719635e-001
 9.5729780e-001
 9.5760387e-001
 9.5794564e-001
 9.5814019e-001
 9.5818424e-001
 9.5822453e-001
 9.5837116e-001
 9.5868683e-001
 9.5910668e-001
 9.5946032e-001
 9.5980281e-001
 9.6011758e-001
 9.6037412e-001
 9.6055341e-001
 9.6075404e-001
 9.6100956e-001
 9.6127379e-001
 9.6146125e-001
 9.6159852e-001
 9.6173048e-001
 9.6188152e-001
 9.6203554e-001
 9.6221679e-001
 9.6246427e-001
 9.6275234e-001
 9.6300322e-001
 9.6320242e-001
 9.6341288e-001
 9.6359295e-001
 9.6373516e-001
 9.6385741e-001
 9.6401393e-001
 9.6421403e-001
 9.6441978e-001
 9.6456629e-001
 9.6467650e-001
 9.6480268e-001
 9.6497798e-001
 9.6516716e-001
 9.6532393e-001
 9.6548432e-001
 9.6570885e-001
 9.6596104e-001
 9.6607757e-001
 9.6613342e-001
 9.6634156e-001
 9.6655887e-001
 9.6676713e-001
 9.6697098e-001
 9.6719646e-001
 9.6736997e-001
 9.6748948e-001
 9.6757394e-001
 9.6762335e-001
 9.6767718e-001
 9.6781778e-001
 9.6809644e-001
 9.6830815e-001
 9.6849287e-001
 9.6868408e-001
 9.6882635e-001
 9.6892655e-001
 9.6893770e-001
 9.6889377e-001
 9.6902311e-001
 9.6917874e-001
 9.6926892e-001
 9.6935123e-001
 9.6957558e-001
 9.6985298e-001
 9.7005391e-001
 9.7017986e-001
 9.7034162e-001
 9.7059429e-001
 9.7091055e-001
 9.7115833e-001
 9.7130907e-001
 9.7139800e-001
 9.7149992e-001
 9.7158253e-001
 9.7164780e-001
 9.7173029e-001
 9.7188008e-001
 9.7200036e-001
 9.7212011e-001
 9.7231179e-001
 9.7248662e-001
 9.7262037e-001
 9.7270793e-001
 9.7279561e-001
 9.7297370e-001
 9.7324371e-001
 9.7353202e-001
 9.7371846e-001
 9.7383857e-001
 9.7398591e-001
 9.7423273e-001
 9.7441614e-001
 9.7447324e-001
 9.7446346e-001
 9.7455114e-001
 9.7463894e-001
 9.7471768e-001
 9.7478729e-001
 9.7485405e-001
 9.7490519e-001
 9.7493267e-001
 9.7495854e-001
 9.7505724e-001
 9.7518498e-001
 9.7534853e-001
 9.7559088e-001
 9.7576374e-001
 9.7581726e-001
 9.7579682e-001
 9.7583359e-001
 9.7583359e-001
 9.7587621e-001
 9.7606981e-001
 9.7628194e-001
 9.7644114e-001
 9.7655755e-001
 9.7671354e-001
 9.7684479e-001
 9.7696596e-001
 9.7707075e-001
 9.7713369e-001
 9.7721714e-001
 9.7726703e-001
 9.7722507e-001
 9.7718441e-001
 9.7716463e-001
 9.7721010e-001
 9.7737801e-001
 9.7763681e-001
 9.7789538e-001
 9.7805542e-001
 9.7810799e-001
 9.7821510e-001
 9.7835654e-001
 9.7846127e-001
 9.7851348e-001
 9.7849327e-001
 9.7840416e-001
 9.7829568e-001
 9.7827679e-001
 9.7835112e-001
 9.7847623e-001
 9.7857577e-001
 9.7863132e-001
 9.7864848e-001
 9.7864664e-001
 9.7865438e-001
 9.7872466e-001
 9.7881365e-001
 9.7886223e-001
 9.7890759e-001
 9.7891402e-001
 9.7891927e-001
 9.7900790e-001
 9.7915953e-001
 9.7931075e-001
 9.7943735e-001
 9.7959960e-001
 9.7980851e-001
 9.8000580e-001
 9.8011506e-001
 9.8012787e-001
 9.8011255e-001
 9.8009479e-001
 9.8007739e-001
 9.8006874e-001
 9.8007554e-001
 9.8005229e-001
 9.8000175e-001
 9.8013073e-001
 9.8029673e-001
 9.8038584e-001
 9.8039955e-001
 9.8034292e-001
 9.8028344e-001
 9.8030490e-001
 9.8043960e-001
 9.8061210e-001
 9.8076826e-001
 9.8084271e-001
 9.8079091e-001
 9.8075181e-001
 9.8077124e-001
 9.8083127e-001
 9.8093957e-001
 9.8097497e-001
 9.8095030e-001
 9.8099190e-001
 9.8097104e-001
 9.8087591e-001
 9.8074353e-001
 9.8068500e-001
 9.8075926e-001
 9.8083830e-001
 9.8079604e-001
 9.8071629e-001
 9.8064876e-001
 9.8059171e-001
 9.8051596e-001
 9.8043209e-001
 9.8031873e-001
 9.8018634e-001
 9.8003912e-001
 9.7980297e-001
 9.7950935e-001
 9.7920704e-001
 9.7891629e-001
 9.7855365e-001
 9.7815853e-001
 9.7770303e-001
 9.7710353e-001
 9.7652596e-001
 9.7589386e-001
 9.7516859e-001
 9.7453457e-001
 9.7414356e-001
 9.7400516e-001
 9.7409636e-001
 9.7448105e-001
 9.7504532e-001
 9.7569746e-001
 9.7635353e-001
 9.7696292e-001
 9.7754765e-001
 9.7812313e-001
 9.7867179e-001
 9.7914535e-001
 9.7958660e-001
 9.8000181e-001
 9.8033828e-001
 9.8057795e-001
 9.8081088e-001
 9.8104388e-001
 9.8116225e-001
 9.8120207e-001
 9.8124951e-001
 9.8135847e-001
 9.8146856e-001
 9.8153281e-001
 9.8156428e-001
 9.8161244e-001
 9.8168689e-001
 9.8166692e-001
 9.8161447e-001
 9.8161680e-001
 9.8163676e-001
 9.8166943e-001
 9.8175675e-001
 9.8187381e-001
 9.8186308e-001
 9.8187548e-001
 9.8188889e-001
 9.8183697e-001
 9.8180389e-001
 9.8177814e-001
 9.8173916e-001
 9.8167670e-001
 9.8163629e-001
 9.8161250e-001
 9.8163110e-001
 9.8171353e-001
 9.8178107e-001
 9.8178339e-001
 9.8177844e-001
 9.8183876e-001
 9.8182666e-001
 9.8188430e-001
 9.8195970e-001
 9.8186821e-001
 9.8177248e-001
 9.8177052e-001
 9.8182297e-001
 9.8178750e-001
 9.8176920e-001
 9.8176175e-001
 9.8180449e-001
 9.8190677e-001
 9.8188996e-001
 9.8184985e-001
 9.8181695e-001
 9.8173773e-001
 9.8170948e-001
 9.8172647e-001
 9.8175246e-001
 9.8175091e-001
 9.8175037e-001
 9.8169887e-001
 9.8158854e-001
 9.8149663e-001
 9.8148662e-001
 9.8148024e-001
 9.8146260e-001
 9.8149091e-001
 9.8146427e-001
 9.8136622e-001
 9.8128366e-001
 9.8129886e-001
 9.8118365e-001
 9.8105675e-001
 9.8097342e-001
 9.8089951e-001
 9.8086864e-001
 9.8080099e-001
 9.8071396e-001
 9.8067123e-001
 9.8055416e-001
 9.8044467e-001
 9.8040038e-001
 9.8039597e-001
 9.8035282e-001
 9.8034793e-001
 9.8035783e-001
 9.8030913e-001
 9.8027641e-001
 9.8023862e-001
 9.8019946e-001
 9.8014861e-001
 9.8002619e-001
 9.7989035e-001
 9.7977954e-001
 9.7970355e-001
 9.7963518e-001
 9.7953725e-001
 9.7938299e-001
 9.7917134e-001
 9.7894996e-001
 9.7876602e-001
 9.7863162e-001
 9.7854203e-001
 9.7851527e-001
 9.7856522e-001
 9.7859675e-001
 9.7857738e-001
 9.7859675e-001
 9.7855467e-001
 9.7849369e-001
 9.7850847e-001
 9.7860336e-001
 9.7852099e-001
 9.7837216e-001
 9.7823906e-001
 9.7813630e-001
 9.7810239e-001
 9.7795266e-001
 9.7776133e-001
 9.7769290e-001
 9.7754818e-001
 9.7750622e-001
 9.7747099e-001
 9.7730958e-001
 9.7719789e-001
 9.7712642e-001
 9.7705984e-001
 9.7697175e-001
 9.7690356e-001
 9.7686654e-001
 9.7691476e-001
 9.7695249e-001
 9.7684163e-001
 9.7694629e-001
 9.7709990e-001
 9.7712117e-001
 9.7699291e-001
 9.7692078e-001
 9.7692001e-001
 9.7687310e-001
 9.7674650e-001
 9.7682250e-001
 9.7691381e-001
 9.7683632e-001
 9.7668976e-001
 9.7686052e-001
 9.7692573e-001
 9.7669637e-001
 9.7665024e-001
 9.7659838e-001
 9.7654194e-001
 9.7648174e-001
 9.7641802e-001
 9.7635037e-001
 9.7627801e-001
 9.7620052e-001
 9.7611833e-001
 9.7603273e-001
 9.7594619e-001
 9.7586155e-001
 9.7578120e-001
 9.7570604e-001
 9.7563541e-001
 9.7556704e-001
 9.7549826e-001
 9.7542691e-001
 9.7535253e-001
 9.7527570e-001
 9.7519779e-001
 9.7511965e-001
 9.7504085e-001
 9.7496021e-001
 9.7487587e-001
 9.7478688e-001
 9.7469336e-001
 9.7459674e-001
 9.7449958e-001
 9.7440463e-001
 9.7431439e-001
 9.7423059e-001
 9.7415352e-001
 9.7408229e-001
 9.7401470e-001
 9.7394788e-001
 9.7387952e-001
 9.7380811e-001
 9.7373313e-001
 9.7365481e-001
 9.7357321e-001
 9.7348750e-001
 9.7339594e-001
 9.7329628e-001
 9.7318602e-001
 9.7306323e-001
 9.7292644e-001
 9.7277451e-001
 9.7260594e-001
 9.7241920e-001
 9.7221297e-001
 9.7198737e-001
 9.7174484e-001
 9.7149110e-001
 9.7123438e-001
 9.7098422e-001
 9.7074944e-001
 9.7053576e-001
 9.7034520e-001
 9.7017509e-001
 9.7001916e-001
 9.6986878e-001
 9.6971470e-001
 9.6954882e-001
 9.6936566e-001
 9.6916336e-001
 9.6894377e-001
 9.6871150e-001
 9.6847212e-001
 9.6823019e-001
 9.6798730e-001
 9.6774137e-001
 9.6748626e-001
 9.6721292e-001
 9.6691060e-001
 9.6656841e-001
 9.6617657e-001
 9.6572638e-001
 9.6521097e-001
 9.6462405e-001
 9.6395886e-001
 9.6320784e-001
 9.6236128e-001
 9.6140701e-001
 9.6033067e-001
 9.5911604e-001
 9.5774758e-001
 9.5621306e-001
 9.5450664e-001
 9.5263386e-001
 9.5061302e-001
 9.4847798e-001
 9.4627672e-001
 9.4406748e-001
 9.4191581e-001
 9.3988693e-001
 9.3804145e-001
 9.3642956e-001
 9.3508679e-001
 9.3403345e-001
 9.3327355e-001
 9.3279779e-001
 9.3258697e-001
 9.3261653e-001
 9.3286127e-001
 9.3329912e-001
 9.3391240e-001
 9.3468851e-001
 9.3561918e-001
 9.3669748e-001
 9.3791699e-001
 9.3926841e-001
 9.4073796e-001
 9.4230622e-001
 9.4394642e-001
 9.4562548e-001
 9.4730657e-001
 9.4895065e-001
 9.5052153e-001
 9.5198774e-001
 9.5332533e-001
 9.5451897e-001
 9.5556080e-001
 9.5645046e-001
 9.5719284e-001
 9.5779765e-001
 9.5827836e-001
 9.5865083e-001
 9.5893270e-001
 9.5914155e-001
 9.5929348e-001
 9.5940208e-001
 9.5947707e-001
 9.5952439e-001
 9.5954663e-001
 9.5954406e-001
 9.5951569e-001
 9.5946062e-001
 9.5937848e-001
 9.5927018e-001
 9.5913815e-001
 9.5898634e-001
 9.5881993e-001
 9.5864475e-001
 9.5846665e-001
 9.5829058e-001
 9.5811993e-001
 9.5795697e-001
 9.5780265e-001
 9.5765752e-001
 9.5752209e-001
 9.5739669e-001
 9.5728129e-001
 9.5717531e-001
 9.5707721e-001
 9.5698476e-001
 9.5689541e-001
 9.5680648e-001
 9.5671517e-001
 9.5661849e-001
 9.5651329e-001
 9.5639640e-001
 9.5626527e-001
 9.5611864e-001
 9.5595711e-001
 9.5578313e-001
 9.5560056e-001
 9.5541382e-001
 9.5522726e-001
 9.5504433e-001
 9.5486760e-001
 9.5469850e-001
 9.5453733e-001
 9.5438337e-001
 9.5423490e-001
 9.5408958e-001
 9.5394480e-001
 9.5379829e-001
 9.5364863e-001
 9.5349526e-001
 9.5333827e-001
 9.5317751e-001
 9.5301241e-001
 9.5284134e-001
 9.5266211e-001
 9.5247239e-001
 9.5227063e-001
 9.5205653e-001
 9.5183134e-001
 9.5159811e-001
 9.5136094e-001
 9.5112467e-001
 9.5089424e-001
 9.5067400e-001
 9.5046771e-001
 9.5027786e-001
 9.5010602e-001
 9.4995230e-001
 9.4981533e-001
 9.4969231e-001
 9.4957876e-001
 9.4946933e-001
 9.4935864e-001
 9.4924188e-001
 9.4911611e-001
 9.4898027e-001
 9.4883543e-001
 9.4868428e-001
 9.4853026e-001
 9.4837660e-001
 9.4822574e-001
 9.4807833e-001
 9.4793379e-001
 9.4779027e-001
 9.4764596e-001
 9.4749916e-001
 9.4734901e-001
 9.4719493e-001
 9.4703609e-001
 9.4687116e-001
 9.4669783e-001
 9.4651353e-001
 9.4631606e-001
 9.4610465e-001
 9.4588053e-001
 9.4564682e-001
 9.4540858e-001
 9.4517195e-001
 9.4494307e-001
 9.4472748e-001
 9.4452894e-001
 9.4434911e-001
 9.4418716e-001
 9.4404006e-001
 9.4390303e-001
 9.4377089e-001
 9.4363934e-001
 9.4350529e-001
 9.4336766e-001
 9.4322675e-001
 9.4308335e-001
 9.4293785e-001
 9.4278961e-001
 9.4263637e-001
 9.4247496e-001
 9.4230145e-001
 9.4211209e-001
 9.4190413e-001
 9.4167632e-001
 9.4142932e-001
 9.4116598e-001
 9.4089085e-001
 9.4061023e-001
 9.4033104e-001
 9.4006020e-001
 9.3980354e-001
 9.3956482e-001
 9.3934548e-001
 9.3914384e-001
 9.3895638e-001
 9.3877774e-001
 9.3860209e-001
 9.3842375e-001
 9.3823802e-001
 9.3804175e-001
 9.3783343e-001
 9.3761349e-001
 9.3738407e-001
 9.3714893e-001
 9.3691266e-001
 9.3667996e-001
 9.3645489e-001
 9.3624020e-001
 9.3603677e-001
 9.3584383e-001
 9.3565935e-001
 9.3548048e-001
 9.3530428e-001
 9.3512863e-001
 9.3495196e-001
 9.3477356e-001
 9.3459344e-001
 9.3441194e-001
 9.3422961e-001
 9.3404752e-001
 9.3386704e-001
 9.3368983e-001
 9.3351763e-001
 9.3335181e-001
 9.3319279e-001
 9.3303961e-001
 9.3288982e-001
 9.3273944e-001
 9.3258333e-001
 9.3241578e-001
 9.3223131e-001
 9.3202484e-001
 9.3179220e-001
 9.3153059e-001
 9.3123829e-001
 9.3091464e-001
 9.3055981e-001
 9.3017417e-001
 9.2975855e-001
 9.2931384e-001
 9.2884171e-001
 9.2834544e-001
 9.2783016e-001
 9.2730349e-001
 9.2677486e-001
 9.2625523e-001
 9.2575628e-001
 9.2528903e-001
 9.2486399e-001
 9.2449009e-001
 9.2417401e-001
 9.2391962e-001
 9.2372644e-001
 9.2358875e-001
 9.2349499e-001
 9.2342812e-001
 9.2336720e-001
 9.2329025e-001
 9.2317706e-001
 9.2301202e-001
 9.2278588e-001
 9.2249674e-001
 9.2214924e-001
 9.2175388e-001
 9.2132503e-001
 9.2087859e-001
 9.2043042e-001
 9.1999388e-001
 9.1957879e-001
 9.1919017e-001
 9.1882765e-001
 9.1848648e-001
 9.1815776e-001
 9.1782975e-001
 9.1748977e-001
 9.1712517e-001
 9.1672522e-001
 9.1628253e-001
 9.1579294e-001
 9.1525626e-001
 9.1467512e-001
 9.1405463e-001
 9.1340101e-001
 9.1272086e-001
 9.1202098e-001
 9.1130811e-001
 9.1058910e-001
 9.0987164e-001
 9.0916419e-001
 9.0847629e-001
 9.0781784e-001
 9.0719837e-001
 9.0662569e-001
 9.0610391e-001
 9.0563369e-001
 9.0521061e-001
 9.0482616e-001
 9.0446806e-001
 9.0412056e-001
 9.0376616e-001
 9.0338695e-001
 9.0296638e-001
 9.0249145e-001
 9.0195459e-001
 9.0135509e-001
 9.0069968e-001
 9.0000200e-001
 8.9928228e-001
 8.9856499e-001
 8.9787769e-001
 8.9724845e-001
 8.9670324e-001
 8.9626360e-001
 8.9594394e-001
 8.9574975e-001
 8.9567608e-001
 8.9570779e-001
 8.9582103e-001
 8.9598548e-001
 8.9616811e-001
 8.9633626e-001
 8.9646101e-001
 8.9651948e-001
 8.9649612e-001
 8.9638293e-001
 8.9617938e-001
 8.9589089e-001
 8.9552766e-001
 8.9510286e-001
 8.9463067e-001
 8.9412475e-001
 8.9359671e-001
 8.9305550e-001
 8.9250690e-001
 8.9195347e-001
 8.9139545e-001
 8.9083135e-001
 8.9025873e-001
 8.8967526e-001
 8.8907897e-001
 8.8846928e-001
 8.8784671e-001
 8.8721406e-001
 8.8657588e-001
 8.8593811e-001
 8.8530892e-001
 8.8469762e-001
 8.8411558e-001
 8.8357574e-001
 8.8309240e-001
 8.8268077e-001
 8.8235527e-001
 8.8212788e-001
 8.8200629e-001
 8.8199204e-001
 8.8208044e-001
 8.8226038e-001
 8.8251573e-001
 8.8282669e-001
 8.8317198e-001
 8.8353056e-001
 8.8388330e-001
 8.8421488e-001
 8.8451415e-001
 8.8477457e-001
 8.8499379e-001
 8.8517207e-001
 8.8531148e-001
 8.8541424e-001
 8.8548267e-001
 8.8551897e-001
 8.8552588e-001
 8.8550705e-001
 8.8546705e-001
 8.8541138e-001
 8.8534582e-001
 8.8527572e-001
 8.8520563e-001
 8.8513887e-001
 8.8507771e-001
 8.8502300e-001
 8.8497466e-001
 8.8493127e-001
 8.8489062e-001
 8.8484979e-001
 8.8480592e-001
 8.8475639e-001
 8.8469994e-001
 8.8463664e-001
 8.8456768e-001
 8.8449550e-001
 8.8442242e-001
 8.8435072e-001
 8.8428152e-001
 8.8421512e-001
 8.8415051e-001
 8.8408631e-001
 8.8402051e-001
 8.8395125e-001
 8.8387710e-001
 8.8379759e-001
 8.8371336e-001
 8.8362700e-001
 8.8354248e-001
 8.8346553e-001
 8.8340253e-001
 8.8336009e-001
 8.8334370e-001
 8.8335735e-001
 8.8340300e-001
 8.8348079e-001
 8.8358921e-001
 8.8372540e-001
 8.8388544e-001
 8.8406444e-001
 8.8425684e-001
 8.8445646e-001
 8.8465679e-001
 8.8485157e-001
 8.8503516e-001
 8.8520324e-001
 8.8535297e-001
 8.8548344e-001
 8.8559556e-001
 8.8569123e-001
 8.8577318e-001
 8.8584441e-001
 8.8590729e-001
 8.8596386e-001
 8.8601547e-001
 8.8606322e-001
 8.8610798e-001
 8.8615084e-001
 8.8619280e-001
 8.8623458e-001
 8.8627601e-001
 8.8631576e-001
 8.8635087e-001
 8.8637662e-001
 8.8638663e-001
 8.8637352e-001
 8.8632947e-001
 8.8624716e-001
 8.8612020e-001
 8.8594437e-001
 8.8571781e-001
 8.8544130e-001
 8.8511842e-001
 8.8475513e-001
 8.8435853e-001
 8.8393670e-001
 8.8349712e-001
 8.8304651e-001
 8.8259006e-001
 8.8213140e-001
 8.8167298e-001
 8.8121629e-001
 8.8076234e-001
 8.8031226e-001
 8.7986726e-001
 8.7942886e-001
 8.7899852e-001
 8.7857765e-001
 8.7816703e-001
 8.7776685e-001
 8.7737656e-001
 8.7699479e-001
 8.7661946e-001
 8.7624794e-001
 8.7587696e-001
 8.7550306e-001
 8.7512237e-001
 8.7473083e-001
 8.7432444e-001
 8.7389892e-001
 8.7344992e-001
 8.7297332e-001
 8.7246484e-001
 8.7192094e-001
 8.7133807e-001
 8.7071329e-001
 8.7004375e-001
 8.6932641e-001
 8.6855841e-001
 8.6773664e-001
 8.6685836e-001
 8.6592156e-001
 8.6492455e-001
 8.6386710e-001
 8.6274958e-001
 8.6157393e-001
 8.6034322e-001
 8.5906070e-001
 8.5773087e-001
 8.5635734e-001
 8.5494363e-001
 8.5349250e-001
 8.5200512e-001
 8.5048211e-001
 8.4892356e-001
 8.4732842e-001
 8.4569615e-001
 8.4402555e-001
 8.4231567e-001
 8.4056592e-001
 8.3877510e-001
 8.3694327e-001
 8.3507043e-001
 8.3315843e-001
 8.3121014e-001
 8.2922858e-001
 8.2721764e-001
 8.2517946e-001
 8.2311541e-001
 8.2102537e-001
 8.1890720e-001
 8.1675893e-001
 8.1457758e-001
 8.1236064e-001
 8.1010526e-001
 8.0780727e-001
 8.0546284e-001
 8.0306786e-001
 8.0061823e-001
 7.9811215e-001
 7.9554808e-001
 7.9292709e-001
 7.9025090e-001
 7.8752065e-001
 7.8473788e-001
 7.8190166e-001
 7.7901036e-001
 7.7606022e-001
 7.7304435e-001
 7.6995444e-001
 7.6677716e-001
 7.6349545e-001
 7.6008570e-001
 7.5651509e-001
 7.5274301e-001
 7.4871778e-001
 7.4438095e-001
 7.3966980e-001
 7.3452228e-001
 7.2889018e-001
 7.2274572e-001
 7.1609861e-001
 7.0900595e-001
 7.0157671e-001
 6.9397962e-001
 6.8643510e-001
 6.7920059e-001
 6.7255694e-001
 6.6677773e-001
 6.6210854e-001
 6.5873885e-001
 6.5678173e-001
 6.5626413e-001
 6.5712351e-001
 6.5921682e-001
 6.6233742e-001
 6.6623932e-001
 6.7066002e-001
 6.7534775e-001
 6.8007737e-001
 6.8466514e-001
 6.8897706e-001
 6.9292486e-001
 6.9646508e-001
 6.9958705e-001
 7.0230401e-001
 7.0464367e-001
 7.0663792e-001
 7.0831752e-001
 7.0970899e-001
 7.1083260e-001
 7.1170449e-001
 7.1233755e-001
 7.1274418e-001
 7.1293795e-001
 7.1293402e-001
 7.1274960e-001
 7.1240300e-001
 7.1191329e-001
 7.1129984e-001
 7.1058279e-001
 7.0978260e-001
 7.0892107e-001
 7.0802057e-001
 7.0710331e-001
 7.0619094e-001
 7.0530224e-001
 7.0445240e-001
 7.0365095e-001
 7.0290023e-001
 7.0219517e-001
 7.0152283e-001
 7.0086443e-001
 7.0019698e-001
 6.9949621e-001
 6.9874024e-001
 6.9791240e-001
 6.9700366e-001
 6.9601560e-001
 6.9496006e-001
 6.9385988e-001
 6.9274610e-001
 6.9165415e-001
 6.9062024e-001
 6.8967557e-001
 6.8884283e-001
 6.8813306e-001
 6.8754405e-001
 6.8706137e-001
 6.8666023e-001
 6.8630910e-001
 6.8597400e-001
 6.8562251e-001
 6.8522775e-001
 6.8477046e-001
 6.8423998e-001
 6.8363374e-001
 6.8295509e-001
 6.8221211e-001
 6.8141568e-001
 6.8057770e-001
 6.7971128e-001
 6.7882949e-001
 6.7794526e-001
 6.7707026e-001
 6.7621356e-001
 6.7538142e-001
 6.7457581e-001
 6.7379534e-001
 6.7303604e-001
 6.7229271e-001
 6.7156100e-001
 6.7083770e-001
 6.7012209e-001
 6.6941547e-001
 6.6872084e-001
 6.6804278e-001
 6.6738659e-001
 6.6675836e-001
 6.6616350e-001
 6.6560596e-001
 6.6508758e-001
 6.6460735e-001
 6.6416132e-001
 6.6374362e-001
 6.6334671e-001
 6.6296244e-001
 6.6258258e-001
 6.6219890e-001
 6.6180342e-001
 6.6138792e-001
 6.6094387e-001
 6.6046250e-001
 6.5993416e-001
 6.5934914e-001
 6.5869719e-001
 6.5796864e-001
 6.5715533e-001
 6.5625167e-001
 6.5525633e-001
 6.5417284e-001
 6.5301079e-001
 6.5178555e-001
 6.5051669e-001
 6.4922744e-001
 6.4794147e-001
 6.4668226e-001
 6.4547026e-001
 6.4432132e-001
 6.4324582e-001
 6.4224696e-001
 6.4132017e-001
 6.4045459e-001
 6.3963360e-001
 6.3883841e-001
 6.3805085e-001
 6.3725549e-001
 6.3644218e-001
 6.3560528e-001
 6.3474321e-001
 6.3385624e-001
 6.3294423e-001
 6.3200599e-001
 6.3103837e-001
 6.3003808e-001
 6.2900311e-001
 6.2793422e-001
 6.2683731e-001
 6.2572247e-001
 6.2460482e-001
 6.2350231e-001
 6.2243432e-001
 6.2141979e-001
 6.2047523e-001
 6.1961240e-001
 6.1883682e-001
 6.1814618e-001
 6.1753100e-001
 6.1697549e-001
 6.1645961e-001
 6.1596274e-001
 6.1546546e-001
 6.1495239e-001
 6.1441314e-001
 6.1384308e-001
 6.1324382e-001
 6.1262244e-001
 6.1199135e-001
 6.1136669e-001
 6.1076671e-001
 6.1021054e-001
 6.0971600e-001
 6.0929877e-001
 6.0897160e-001
 6.0874403e-001
 6.0862255e-001
 6.0861140e-001
 6.0871309e-001
 6.0892862e-001
 6.0925734e-001
 6.0969639e-001
 6.1023897e-001
 6.1087388e-001
 6.1158413e-001
 6.1234784e-001
 6.1313874e-001
 6.1392838e-001
 6.1468846e-001
 6.1539233e-001
 6.1615980e-001
 6.1670572e-001
 6.1713338e-001
 6.1743617e-001
 6.1761409e-001
 6.1767417e-001
 6.1762917e-001
 6.1749524e-001
 6.1728829e-001
 6.1702126e-001
 6.1670136e-001
 6.1633021e-001
 6.1590451e-001
 6.1541820e-001
 6.1486518e-001
 6.1424124e-001
 6.1354548e-001
 6.1278117e-001
 6.1195463e-001
 6.1107451e-001
 6.1015040e-001
 6.0919100e-001
 6.0820436e-001
 6.0719699e-001
 6.0617441e-001
 6.0514110e-001
 6.0410100e-001
 6.0305911e-001
 6.0202211e-001
 6.0099983e-001
 6.0000390e-001
 5.9904611e-001
 5.9813762e-001
 5.9728789e-001
 5.9650594e-001
 5.9579933e-001
 5.9517264e-001
 5.9462595e-001
 5.9415406e-001
 5.9374690e-001
 5.9339249e-001
 5.9307855e-001
 5.9279490e-001
 5.9253377e-001
 5.9229016e-001
 5.9206098e-001
 5.9184361e-001
 5.9163338e-001
 5.9142232e-001
 5.9119958e-001
 5.9095371e-001
 5.9067559e-001
 5.9036058e-001
 5.9000814e-001
 5.8961934e-001
 5.8919495e-001
 5.8873403e-001
 5.8823478e-001
 5.8769631e-001
 5.8711946e-001
 5.8650851e-001
 5.8587080e-001
 5.8521712e-001
 5.8456153e-001
 5.8391988e-001
 5.8330917e-001
 5.8274508e-001
 5.8223993e-001
 5.8180141e-001
 5.8143198e-001
 5.8112991e-001
 5.8089042e-001
 5.8070749e-001
 5.8057415e-001
 5.8048266e-001
 5.8042318e-001
 5.8038408e-001
 5.8035195e-001
 5.8031350e-001
 5.8025742e-001
 5.8017617e-001
 5.8006668e-001
 5.7992977e-001
 5.7976824e-001
 5.7958454e-001
 5.7937819e-001
 5.7914460e-001
 5.7887566e-001
 5.7856250e-001
 5.7819867e-001
 5.7778263e-001
 5.7731849e-001
 5.7681370e-001
 5.7627702e-001
 5.7571566e-001
 5.7513416e-001
 5.7453579e-001
 5.7392371e-001
 5.7330358e-001
 5.7268429e-001
 5.7207769e-001
 5.7149768e-001
 5.7095724e-001
 5.7046634e-001
 5.7003015e-001
 5.6964856e-001
 5.6931704e-001
 5.6902725e-001
 5.6876868e-001
 5.6852925e-001
 5.6829697e-001
 5.6806189e-001
 5.6781822e-001
 5.6756634e-001
 5.6731224e-001
 5.6706566e-001
 5.6683701e-001
 5.6663430e-001
 5.6646186e-001
 5.6632060e-001
 5.6620938e-001
 5.6612635e-001
 5.6607038e-001
 5.6604064e-001
 5.6603676e-001
 5.6605828e-001
 5.6610394e-001
 5.6617087e-001
 5.6625456e-001
 5.6634867e-001
 5.6644636e-001
 5.6654161e-001
 5.6663078e-001
 5.6671315e-001
 5.6679010e-001
 5.6686425e-001
 5.6693852e-001
 5.6701583e-001
 5.6709927e-001
 5.6719166e-001
 5.6729501e-001
 5.6740957e-001
 5.6753314e-001
 5.6766164e-001
 5.6779039e-001
 5.6791621e-001
 5.6803840e-001
 5.6815922e-001
 5.6828225e-001
 5.6841016e-001
 5.6854296e-001
 5.6867653e-001
 5.6880301e-001
 5.6891286e-001
 5.6899780e-001
 5.6905329e-001
 5.6907952e-001
 5.6908059e-001
 5.6906259e-001
 5.6903160e-001
 5.6899327e-001
 5.6895268e-001
 5.6891459e-001
 5.6888270e-001
 5.6885940e-001
 5.6884474e-001
 5.6883669e-001
 5.6883180e-001
 5.6882614e-001
 5.6881648e-001
 5.6880176e-001
 5.6878388e-001
 5.6876749e-001
 5.6875861e-001
 5.6876212e-001
 5.6877971e-001
 5.6880957e-001
 5.6884789e-001
 5.6889153e-001
 5.6893975e-001
 5.6899393e-001
 5.6905657e-001
 5.6912977e-001
 5.6921506e-001
 5.6931370e-001
 5.6942725e-001
 5.6955695e-001
 5.6970179e-001
 5.6985718e-001
 5.7001501e-001
 5.7016546e-001
 5.7030052e-001
 5.7041663e-001
 5.7051569e-001
 5.7060403e-001
 5.7068968e-001
 5.7077980e-001
 5.7087851e-001
 5.7098597e-001
 5.7109839e-001
 5.7120961e-001
 5.7131350e-001
 5.7140654e-001
 5.7148892e-001
 5.7156426e-001
 5.7163727e-001
 5.7171202e-001
 5.7179022e-001
 5.7187164e-001
 5.7195514e-001
 5.7203948e-001
 5.7212365e-001
 5.7220650e-001
 5.7228619e-001
 5.7236069e-001
 5.7242841e-001
 5.7248980e-001
 5.7254821e-001
 5.7260919e-001
 5.7267874e-001
 5.7276064e-001
 5.7285446e-001
 5.7295567e-001
 5.7305688e-001
 5.7315069e-001
 5.7323098e-001
 5.7329428e-001
 5.7333916e-001
 5.7336557e-001
 5.7337350e-001
 5.7336140e-001
 5.7332498e-001
 5.7325703e-001
 5.7314903e-001
 5.7299381e-001
 5.7278860e-001
 5.7253653e-001
 5.7224590e-001
 5.7192826e-001
 5.7159591e-001
 5.7125998e-001
 5.7092947e-001
 5.7061046e-001
 5.7030445e-001
 5.7000786e-001
 5.6971288e-001
 5.6940901e-001
 5.6908607e-001
 5.6873673e-001
 5.6835669e-001
 5.6794423e-001
 5.6749874e-001
 5.6701910e-001
 5.6650382e-001
 5.6595182e-001
 5.6536394e-001
 5.6474298e-001
 5.6409323e-001
 5.6342018e-001
 5.6272805e-001
 5.6202018e-001
 5.6129962e-001
 5.6056827e-001
 5.5982798e-001
 5.5908006e-001
 5.5832660e-001
 5.5757004e-001
 5.5681503e-001
 5.5607033e-001
 5.5534828e-001
 5.5466473e-001
 5.5403745e-001
 5.5348146e-001
 5.5300677e-001
 5.5261624e-001
 5.5230623e-001
 5.5206871e-001
 5.5189455e-001
 5.5177552e-001
 5.5170447e-001
 5.5167413e-001
 5.5167645e-001
 5.5170304e-001
 5.5174720e-001
 5.5180597e-001
 5.5188090e-001
 5.5197674e-001
 5.5209798e-001
 5.5224580e-001
 5.5241609e-001
 5.5259985e-001
 5.5278373e-001
 5.5295175e-001
 5.5308545e-001
 5.5316418e-001
 5.5316657e-001
 5.5307186e-001
 5.5286258e-001
 5.5252665e-001
 5.5205840e-001
 5.5145818e-001
 5.5073220e-001
 5.4989016e-001
 5.4894459e-001
 5.4791021e-001
 5.4680181e-001
 5.4563415e-001
 5.4442239e-001
 5.4317987e-001
 5.4191846e-001
 5.4064691e-001
 5.3937119e-001
 5.3809226e-001
 5.3680742e-001
 5.3551292e-001
 5.3420371e-001
 5.3287619e-001
 5.3153038e-001
 5.3016859e-001
 5.2879721e-001
 5.2742589e-001
 5.2606809e-001
 5.2473843e-001
 5.2345288e-001
 5.2222866e-001
 5.2108288e-001
 5.2003336e-001
 5.1909941e-001
 5.1829994e-001
 5.1765239e-001
 5.1717043e-001
 5.1685983e-001
 5.1671612e-001
 5.1672351e-001
 5.1685572e-001
 5.1707965e-001
 5.1736009e-001
 5.1766461e-001
 5.1796758e-001
 5.1825076e-001
 5.1850176e-001
 5.1871121e-001
 5.1886994e-001
 5.1896834e-001
 5.1899725e-001
 5.1894999e-001
 5.1882255e-001
 5.1861328e-001
 5.1832086e-001
 5.1794308e-001
 5.1747626e-001
 5.1691490e-001
 5.1625156e-001
 5.1547873e-001
 5.1458871e-001
 5.1357728e-001
 5.1244611e-001
 5.1120609e-001
 5.0987697e-001
 5.0848782e-001
 5.0707722e-001
 5.0568926e-001
 5.0437254e-001
 5.0317669e-001
 5.0214612e-001
 5.0131494e-001
 5.0070059e-001
 5.0029969e-001
 5.0008440e-001
 5.0000387e-001
 4.9998930e-001
 4.9996170e-001
 4.9984145e-001
 4.9955606e-001
 4.9904454e-001
 4.9825829e-001
 4.9716109e-001
 4.9572679e-001
 4.9393886e-001
 4.9178806e-001
 4.8927110e-001
 4.8638254e-001
 4.8311043e-001
 4.7943521e-001
 4.7532561e-001
 4.7074738e-001
 4.6568128e-001
 4.6013707e-001
 4.5418054e-001
 4.4794971e-001
 4.4166946e-001
 4.3563613e-001
 4.3020079e-001
 4.2573822e-001
 4.2259628e-001
 4.2105624e-001
 4.2129198e-001
 4.2333913e-001
 4.2708680e-001
 4.3229023e-001
 4.3859798e-001
 4.4560671e-001
 4.5290953e-001
 4.6013501e-001
 4.6698934e-001
 4.7326559e-001
 4.7884011e-001
 4.8367137e-001
 4.8777843e-001
 4.9122027e-001
 4.9408355e-001
 4.9646318e-001
 4.9845138e-001
 5.0012761e-001
 5.0155604e-001
 5.0278157e-001
 5.0382841e-001
 5.0470352e-001
 5.0539768e-001
 5.0588834e-001
 5.0614387e-001
 5.0612390e-001
 5.0577980e-001
 5.0505364e-001
 5.0387740e-001
 5.0217462e-001
 4.9986830e-001
 4.9688837e-001
 4.9318624e-001
 4.8875439e-001
 4.8363715e-001
 4.7794569e-001
 4.7186914e-001
 4.6566364e-001
 4.5964363e-001
 4.5415467e-001
 4.4954482e-001
 4.4611886e-001
 4.4410717e-001
 4.4363782e-001
 4.4471905e-001
 4.4724348e-001
 4.5100102e-001
 4.5571032e-001
 4.6105143e-001
 4.6670333e-001
 4.7237036e-001
 4.7781405e-001
 4.8286173e-001
 4.8740473e-001
 4.9139819e-001
 4.9484360e-001
 4.9777186e-001
 5.0023389e-001
 5.0228542e-001
 5.0397742e-001
 5.0535333e-001
 5.0644559e-001
 5.0727797e-001
 5.0786859e-001
 5.0823402e-001
 5.0839025e-001
 5.0835216e-001
 5.0813264e-001
 5.0774163e-001
 5.0718808e-001
 5.0648260e-001
 5.0564188e-001
 5.0469398e-001
 5.0368381e-001
 5.0267345e-001
 5.0174022e-001
 5.0096864e-001
 5.0043619e-001
 5.0019979e-001
 5.0028497e-001
 5.0068110e-001
 5.0134540e-001
 5.0221109e-001
 5.0319934e-001
 5.0422794e-001
 5.0521845e-001
 5.0609857e-001
 5.0680643e-001
 5.0729191e-001
 5.0751895e-001
 5.0746852e-001
 5.0713748e-001
 5.0653559e-001
 5.0567812e-001
 5.0457639e-001
 5.0322813e-001
 5.0161171e-001
 4.9968210e-001
 4.9737531e-001
 4.9461982e-001
 4.9134645e-001
 4.8750377e-001
 4.8307368e-001
 4.7807598e-001
 4.7257757e-001
 4.6670204e-001
 4.6062401e-001
 4.5457122e-001
 4.4881094e-001
 4.4363454e-001
 4.3932036e-001
 4.3610716e-001
 4.3416703e-001
 4.3358052e-001
 4.3433022e-001
 4.3629932e-001
 4.3928295e-001
 4.4300768e-001
 4.4716004e-001
 4.5141461e-001
 4.5547062e-001
 4.5907298e-001
 4.6202415e-001
 4.6419466e-001
 4.6551985e-001
 4.6599820e-001
 4.6569204e-001
 4.6472332e-001
 4.6326637e-001
 4.6153569e-001
 4.5976299e-001
 4.5817280e-001
 4.5695710e-001
 4.5624900e-001
 4.5610684e-001
 4.5650569e-001
 4.5734054e-001
 4.5844012e-001
 4.5958620e-001
 4.6053815e-001
 4.6105474e-001
 4.6091419e-001
 4.5992991e-001
 4.5795980e-001
 4.5490840e-001
 4.5072821e-001
 4.4541222e-001
 4.3899369e-001
 4.3155441e-001
 4.2322043e-001
 4.1417229e-001
 4.0464291e-001
 3.9492437e-001
 3.8534629e-001
 3.7626883e-001
 3.6806795e-001
 3.6109471e-001
 3.5565203e-001
 3.5196865e-001
 3.5017005e-001
 3.5027516e-001
 3.5219780e-001
 3.5576236e-001
 3.6072946e-001
 3.6682793e-001
 3.7377939e-001
 3.8132975e-001
 3.8925678e-001
 3.9736289e-001
 4.0547952e-001
 4.1345549e-001
 4.2115095e-001
 4.2845443e-001
 4.3528274e-001
 4.4158944e-001
 4.4735837e-001
 4.5260590e-001
 4.5736641e-001
 4.6167958e-001
 4.6559078e-001
 4.6914434e-001
 4.7237977e-001
 4.7533494e-001
 4.7804004e-001
 4.8051429e-001
 4.8277131e-001
 4.8482123e-001
 4.8667669e-001
 4.8835206e-001
 4.8986307e-001
 4.9122009e-001
 4.9242514e-001
 4.9347559e-001
 4.9436763e-001
 4.9509948e-001
 4.9567378e-001
 4.9609587e-001
 4.9637449e-001
 4.9652371e-001
 4.9656627e-001
 4.9653390e-001
 4.9646387e-001
 4.9639153e-001
 4.9634328e-001
 4.9633232e-001
 4.9636018e-001
 4.9642166e-001
 4.9651024e-001
 4.9662063e-001
 4.9674749e-001
 4.9688154e-001
 4.9700633e-001
 4.9709755e-001
 4.9712652e-001
 4.9706662e-001
 4.9690101e-001
 4.9662748e-001
 4.9625856e-001
 4.9581534e-001
 4.9531972e-001
 4.9478790e-001
 4.9422923e-001
 4.9364716e-001
 4.9304223e-001
 4.9241352e-001
 4.9175757e-001
 4.9106875e-001
 4.9034154e-001
 4.8957339e-001
 4.8876822e-001
 4.8793799e-001
 4.8709816e-001
 4.8626193e-001
 4.8543301e-001
 4.8460156e-001
 4.8374176e-001
 4.8281470e-001
 4.8177311e-001
 4.8056597e-001
 4.7914565e-001
 4.7747603e-001
 4.7553676e-001
 4.7332886e-001
 4.7087592e-001
 4.6822506e-001
 4.6543854e-001
 4.6258765e-001
 4.5974690e-001
 4.5698586e-001
 4.5437226e-001
 4.5197812e-001
 4.4987878e-001
 4.4815189e-001
 4.4686717e-001
 4.4607678e-001
 4.4580713e-001
 4.4606119e-001
 4.4682249e-001
 4.4805816e-001
 4.4971734e-001
 4.5172590e-001
 4.5398930e-001
 4.5639899e-001
 4.5884034e-001
 4.6120265e-001
 4.6337894e-001
 4.6526933e-001
 4.6678901e-001
 4.6788657e-001
 4.6855393e-001
 4.6882531e-001
 4.6876243e-001
 4.6843275e-001
 4.6789509e-001
 4.6719465e-001
 4.6636701e-001
 4.6544424e-001
 4.6446171e-001
 4.6346274e-001
 4.6250385e-001
 4.6165484e-001
 4.6098807e-001
 4.6056414e-001
 4.6041933e-001
 4.6056283e-001
 4.6098554e-001
 4.6167067e-001
 4.6259975e-001
 4.6374926e-001
 4.6508327e-001
 4.6654418e-001
 4.6805200e-001
 4.6951079e-001
 4.7082770e-001
 4.7194353e-001
 4.7285348e-001
 4.7360626e-001
 4.7427830e-001
 4.7493410e-001
 4.7560009e-001
 4.7626364e-001
 4.7689328e-001
 4.7745943e-001
-1.2300000e+034
