s07_ASD Record=14954: Antipyrine SA-A5882          ASDHRa AREF
-1.2300000e+034
 5.7825488e-001
 5.8202159e-001
 5.8672911e-001
 5.9083718e-001
 5.9458637e-001
 5.9869683e-001
 6.0246962e-001
 6.0515183e-001
 6.0807377e-001
 6.1298883e-001
 6.1750400e-001
 6.2128079e-001
 6.2462384e-001
 6.2823498e-001
 6.3153845e-001
 6.3526392e-001
 6.3935506e-001
 6.4275259e-001
 6.4644450e-001
 6.5005130e-001
 6.5322435e-001
 6.5652317e-001
 6.5986514e-001
 6.6352415e-001
 6.6725987e-001
 6.6971189e-001
 6.7233694e-001
 6.7568308e-001
 6.7892051e-001
 6.8127686e-001
 6.8385732e-001
 6.8706030e-001
 6.8972236e-001
 6.9186604e-001
 6.9413060e-001
 6.9694179e-001
 6.9956762e-001
 7.0212126e-001
 7.0475388e-001
 7.0749629e-001
 7.0988125e-001
 7.1193194e-001
 7.1395624e-001
 7.1628821e-001
 7.1848559e-001
 7.2080559e-001
 7.2323614e-001
 7.2536117e-001
 7.2732788e-001
 7.2917879e-001
 7.3111904e-001
 7.3341787e-001
 7.3557633e-001
 7.3739314e-001
 7.3901975e-001
 7.4094152e-001
 7.4302620e-001
 7.4514276e-001
 7.4717700e-001
 7.4899524e-001
 7.5091845e-001
 7.5287730e-001
 7.5435340e-001
 7.5625247e-001
 7.5811625e-001
 7.5958323e-001
 7.6157588e-001
 7.6328015e-001
 7.6479822e-001
 7.6665366e-001
 7.6829362e-001
 7.7008426e-001
 7.7192283e-001
 7.7333534e-001
 7.7513689e-001
 7.7698362e-001
 7.7852768e-001
 7.8014231e-001
 7.8185183e-001
 7.8358436e-001
 7.8522956e-001
 7.8690892e-001
 7.8865254e-001
 7.9040247e-001
 7.9208267e-001
 7.9390192e-001
 7.9568285e-001
 7.9734743e-001
 7.9910374e-001
 8.0074596e-001
 8.0238134e-001
 8.0413747e-001
 8.0576533e-001
 8.0740994e-001
 8.0904680e-001
 8.1056285e-001
 8.1222409e-001
 8.1385428e-001
 8.1536102e-001
 8.1693518e-001
 8.1846797e-001
 8.1992829e-001
 8.2136744e-001
 8.2290375e-001
 8.2432646e-001
 8.2563156e-001
 8.2702237e-001
 8.2841396e-001
 8.2979506e-001
 8.3115274e-001
 8.3245867e-001
 8.3363050e-001
 8.3480251e-001
 8.3609748e-001
 8.3727276e-001
 8.3844697e-001
 8.3961463e-001
 8.4068400e-001
 8.4179139e-001
 8.4292465e-001
 8.4403169e-001
 8.4506381e-001
 8.4608346e-001
 8.4715807e-001
 8.4826231e-001
 8.4919262e-001
 8.5014135e-001
 8.5116440e-001
 8.5213208e-001
 8.5302085e-001
 8.5389084e-001
 8.5477984e-001
 8.5562754e-001
 8.5648251e-001
 8.5733461e-001
 8.5816842e-001
 8.5903519e-001
 8.5987496e-001
 8.6067486e-001
 8.6146915e-001
 8.6222535e-001
 8.6298299e-001
 8.6375266e-001
 8.6447746e-001
 8.6521834e-001
 8.6595666e-001
 8.6665648e-001
 8.6738318e-001
 8.6807859e-001
 8.6873448e-001
 8.6940843e-001
 8.7004972e-001
 8.7070793e-001
 8.7140304e-001
 8.7204880e-001
 8.7269050e-001
 8.7334484e-001
 8.7400448e-001
 8.7464118e-001
 8.7521589e-001
 8.7575138e-001
 8.7635410e-001
 8.7701344e-001
 8.7765181e-001
 8.7820578e-001
 8.7877351e-001
 8.7931991e-001
 8.7986141e-001
 8.8044620e-001
 8.8102758e-001
 8.8156551e-001
 8.8204402e-001
 8.8253558e-001
 8.8314646e-001
 8.8376075e-001
 8.8423336e-001
 8.8475490e-001
 8.8528895e-001
 8.8581240e-001
 8.8632327e-001
 8.8683587e-001
 8.8735169e-001
 8.8785130e-001
 8.8831711e-001
 8.8884825e-001
 8.8941032e-001
 8.8990790e-001
 8.9041287e-001
 8.9090884e-001
 8.9139450e-001
 8.9189088e-001
 8.9240086e-001
 8.9291626e-001
 8.9341289e-001
 8.9387000e-001
 8.9434373e-001
 8.9484274e-001
 8.9534003e-001
 8.9587402e-001
 8.9639914e-001
 8.9688271e-001
 8.9735460e-001
 8.9783752e-001
 8.9832222e-001
 8.9879602e-001
 8.9928311e-001
 8.9971352e-001
 9.0008533e-001
 9.0047890e-001
 9.0086329e-001
 9.0124923e-001
 9.0164453e-001
 9.0204328e-001
 9.0245062e-001
 9.0284270e-001
 9.0320206e-001
 9.0361023e-001
 9.0406024e-001
 9.0452832e-001
 9.0499085e-001
 9.0543139e-001
 9.0582478e-001
 9.0617394e-001
 9.0656477e-001
 9.0701622e-001
 9.0752184e-001
 9.0804183e-001
 9.0854132e-001
 9.0900880e-001
 9.0947348e-001
 9.0998155e-001
 9.1043556e-001
 9.1081315e-001
 9.1113645e-001
 9.1143465e-001
 9.1183347e-001
 9.1272634e-001
 9.1466546e-001
 9.1693598e-001
 9.1803211e-001
 9.1697574e-001
 9.1571516e-001
 9.1517705e-001
 9.1548145e-001
 9.1587108e-001
 9.1627562e-001
 9.1666490e-001
 9.1707474e-001
 9.1747886e-001
 9.1789567e-001
 9.1831946e-001
 9.1873938e-001
 9.1916692e-001
 9.1961962e-001
 9.2007184e-001
 9.2047524e-001
 9.2092806e-001
 9.2142910e-001
 9.2193735e-001
 9.2240542e-001
 9.2285025e-001
 9.2328537e-001
 9.2370844e-001
 9.2409331e-001
 9.2445874e-001
 9.2479473e-001
 9.2506635e-001
 9.2537165e-001
 9.2568892e-001
 9.2595810e-001
 9.2621469e-001
 9.2653036e-001
 9.2689878e-001
 9.2723233e-001
 9.2756224e-001
 9.2788547e-001
 9.2819542e-001
 9.2848098e-001
 9.2874670e-001
 9.2900091e-001
 9.2926973e-001
 9.2957932e-001
 9.2986196e-001
 9.3011224e-001
 9.3039888e-001
 9.3065393e-001
 9.3089050e-001
 9.3113643e-001
 9.3137288e-001
 9.3160999e-001
 9.3181908e-001
 9.3198740e-001
 9.3223017e-001
 9.3251669e-001
 9.3277735e-001
 9.3295538e-001
 9.3313861e-001
 9.3333727e-001
 9.3353164e-001
 9.3372732e-001
 9.3396604e-001
 9.3422264e-001
 9.3440390e-001
 9.3455660e-001
 9.3471873e-001
 9.3490267e-001
 9.3505383e-001
 9.3517059e-001
 9.3526554e-001
 9.3537819e-001
 9.3555415e-001
 9.3572086e-001
 9.3584347e-001
 9.3596655e-001
 9.3609321e-001
 9.3622231e-001
 9.3633556e-001
 9.3642139e-001
 9.3655598e-001
 9.3672121e-001
 9.3683815e-001
 9.3695796e-001
 9.3711835e-001
 9.3728346e-001
 9.3733525e-001
 9.3737137e-001
 9.3743384e-001
 9.3752962e-001
 9.3760735e-001
 9.3766797e-001
 9.3771440e-001
 9.3776482e-001
 9.3785346e-001
 9.3793529e-001
 9.3798012e-001
 9.3801272e-001
 9.3801057e-001
 9.3799293e-001
 9.3797463e-001
 9.3790346e-001
 9.3777722e-001
 9.3761116e-001
 9.3741518e-001
 9.3709379e-001
 9.3667191e-001
 9.3618649e-001
 9.3563563e-001
 9.3502146e-001
 9.3434137e-001
 9.3361050e-001
 9.3293554e-001
 9.3242633e-001
 9.3212366e-001
 9.3195760e-001
 9.3185639e-001
 9.3186957e-001
 9.3204421e-001
 9.3229419e-001
 9.3249726e-001
 9.3262714e-001
 9.3277454e-001
 9.3310589e-001
 9.3363196e-001
 9.3434364e-001
 9.3519932e-001
 9.3604630e-001
 9.3678367e-001
 9.3735337e-001
 9.3776542e-001
 9.3799472e-001
 9.3805534e-001
 9.3796712e-001
 9.3772745e-001
 9.3743086e-001
 9.3716305e-001
 9.3696982e-001
 9.3683428e-001
 9.3674278e-001
 9.3664813e-001
 9.3649280e-001
 9.3636817e-001
 9.3638372e-001
 9.3661505e-001
 9.3695301e-001
 9.3730897e-001
 9.3755680e-001
 9.3759567e-001
 9.3756336e-001
 9.3756139e-001
 9.3766135e-001
 9.3783438e-001
 9.3803072e-001
 9.3820417e-001
 9.3833148e-001
 9.3844581e-001
 9.3857092e-001
 9.3875796e-001
 9.3904948e-001
 9.3936247e-001
 9.3967468e-001
 9.3998009e-001
 9.4027627e-001
 9.4051284e-001
 9.4071001e-001
 9.4092911e-001
 9.4119984e-001
 9.4147861e-001
 9.4172853e-001
 9.4193947e-001
 9.4214541e-001
 9.4232833e-001
 9.4247437e-001
 9.4259232e-001
 9.4269735e-001
 9.4277924e-001
 9.4281465e-001
 9.4279063e-001
 9.4274294e-001
 9.4269544e-001
 9.4264758e-001
 9.4256729e-001
 9.4248378e-001
 9.4241500e-001
 9.4236517e-001
 9.4234246e-001
 9.4232041e-001
 9.4227993e-001
 9.4222546e-001
 9.4215411e-001
 9.4209898e-001
 9.4205636e-001
 9.4193262e-001
 9.4178081e-001
 9.4161826e-001
 9.4145489e-001
 9.4132698e-001
 9.4118828e-001
 9.4103032e-001
 9.4087851e-001
 9.4069457e-001
 9.4053602e-001
 9.4040436e-001
 9.4021833e-001
 9.4009477e-001
 9.4003952e-001
 9.4000649e-001
 9.3994379e-001
 9.3988091e-001
 9.3983179e-001
 9.3979788e-001
 9.3977726e-001
 9.3977129e-001
 9.3979490e-001
 9.3986136e-001
 9.3992394e-001
 9.3996739e-001
 9.3999267e-001
 9.4001240e-001
 9.4001079e-001
 9.4000238e-001
 9.4001222e-001
 9.4004357e-001
 9.4005686e-001
 9.4006443e-001
 9.4011337e-001
 9.4021970e-001
 9.4034743e-001
 9.4045764e-001
 9.4053167e-001
 9.4059646e-001
 9.4065034e-001
 9.4068944e-001
 9.4070804e-001
 9.4069582e-001
 9.4063771e-001
 9.4056898e-001
 9.4056636e-001
 9.4053739e-001
 9.4047868e-001
 9.4040704e-001
 9.4031811e-001
 9.4021839e-001
 9.4012129e-001
 9.4002163e-001
 9.3987429e-001
 9.3970293e-001
 9.3944639e-001
 9.3903077e-001
 9.3855375e-001
 9.3796206e-001
 9.3722200e-001
 9.3633354e-001
 9.3529582e-001
 9.3410206e-001
 9.3274826e-001
 9.3122202e-001
 9.2947239e-001
 9.2748106e-001
 9.2527157e-001
 9.2288375e-001
 9.2020649e-001
 9.1720259e-001
 9.1388839e-001
 9.1031682e-001
 9.0652728e-001
 9.0258455e-001
 8.9861536e-001
 8.9485431e-001
 8.9144409e-001
 8.8855439e-001
 8.8633525e-001
 8.8477951e-001
 8.8379091e-001
 8.8329113e-001
 8.8317043e-001
 8.8316083e-001
 8.8323480e-001
 8.8341093e-001
 8.8373190e-001
 8.8428813e-001
 8.8524216e-001
 8.8675404e-001
 8.8889283e-001
 8.9153260e-001
 8.9462316e-001
 8.9795232e-001
 9.0111411e-001
 9.0391886e-001
 9.0623122e-001
 9.0801704e-001
 9.0931052e-001
 9.1010010e-001
 9.1038686e-001
 9.1019285e-001
 9.0955174e-001
 9.0845340e-001
 9.0701765e-001
 9.0542787e-001
 9.0386897e-001
 9.0252894e-001
 9.0155989e-001
 9.0096819e-001
 9.0057254e-001
 9.0042770e-001
 9.0049690e-001
 9.0075654e-001
 9.0127069e-001
 9.0198189e-001
 9.0282947e-001
 9.0373832e-001
 9.0458667e-001
 9.0521628e-001
 9.0563428e-001
 9.0590173e-001
 9.0600848e-001
 9.0621018e-001
 9.0657443e-001
 9.0709096e-001
 9.0784055e-001
 9.0875322e-001
 9.0979624e-001
 9.1098744e-001
 9.1239464e-001
 9.1403043e-001
 9.1583747e-001
 9.1780132e-001
 9.2000198e-001
 9.2210817e-001
 9.2415816e-001
 9.2627025e-001
 9.2820114e-001
 9.3003911e-001
 9.3172163e-001
 9.3318796e-001
 9.3457735e-001
 9.3589646e-001
 9.3711388e-001
 9.3818545e-001
 9.3915951e-001
 9.4015080e-001
 9.4116735e-001
 9.4212455e-001
 9.4295698e-001
 9.4376969e-001
 9.4453722e-001
 9.4522536e-001
 9.4587576e-001
 9.4640160e-001
 9.4679785e-001
 9.4710678e-001
 9.4736385e-001
 9.4750857e-001
 9.4750834e-001
 9.4747084e-001
 9.4761437e-001
 9.4775599e-001
 9.4785398e-001
 9.4791681e-001
 9.4798142e-001
 9.4799727e-001
 9.4801182e-001
 9.4804460e-001
 9.4807172e-001
 9.4810188e-001
 9.4809914e-001
 9.4802928e-001
 9.4788003e-001
 9.4770694e-001
 9.4759989e-001
 9.4741744e-001
 9.4704401e-001
 9.4684154e-001
 9.4650114e-001
 9.4611055e-001
 9.4580942e-001
 9.4528466e-001
 9.4473946e-001
 9.4415081e-001
 9.4348013e-001
 9.4285899e-001
 9.4224435e-001
 9.4140470e-001
 9.4037980e-001
 9.3951923e-001
 9.3835145e-001
 9.3729073e-001
 9.3632424e-001
 9.3494791e-001
 9.3368632e-001
 9.3240291e-001
 9.3108219e-001
 9.2980248e-001
 9.2849571e-001
 9.2719889e-001
 9.2593086e-001
 9.2477220e-001
 9.2376584e-001
 9.2253792e-001
 9.2144090e-001
 9.2064136e-001
 9.1956496e-001
 9.1864276e-001
 9.1788620e-001
 9.1729170e-001
 9.1673750e-001
 9.1588420e-001
 9.1509891e-001
 9.1459709e-001
 9.1410595e-001
 9.1387868e-001
 9.1279322e-001
 9.1219759e-001
 9.1164017e-001
 9.1113651e-001
 9.1070199e-001
 9.1035050e-001
 9.1009337e-001
 9.0993828e-001
 9.0988868e-001
 9.0994287e-001
 9.1009349e-001
 9.1032845e-001
 9.1063201e-001
 9.1098708e-001
 9.1137749e-001
 9.1179007e-001
 9.1221559e-001
 9.1264951e-001
 9.1309118e-001
 9.1354322e-001
 9.1400969e-001
 9.1449445e-001
 9.1499990e-001
 9.1552573e-001
 9.1606963e-001
 9.1662812e-001
 9.1719711e-001
 9.1777349e-001
 9.1835463e-001
 9.1893876e-001
 9.1952473e-001
 9.2011136e-001
 9.2069805e-001
 9.2128390e-001
 9.2186803e-001
 9.2244899e-001
 9.2302418e-001
 9.2358994e-001
 9.2414141e-001
 9.2467290e-001
 9.2517865e-001
 9.2565262e-001
 9.2608935e-001
 9.2648429e-001
 9.2683446e-001
 9.2713922e-001
 9.2740113e-001
 9.2762631e-001
 9.2782444e-001
 9.2800832e-001
 9.2819291e-001
 9.2839402e-001
 9.2862755e-001
 9.2890805e-001
 9.2924756e-001
 9.2965490e-001
 9.3013453e-001
 9.3068707e-001
 9.3130904e-001
 9.3199301e-001
 9.3272781e-001
 9.3349850e-001
 9.3428653e-001
 9.3507099e-001
 9.3582934e-001
 9.3653947e-001
 9.3718141e-001
 9.3773854e-001
 9.3819934e-001
 9.3855733e-001
 9.3881136e-001
 9.3896496e-001
 9.3902469e-001
 9.3899852e-001
 9.3889397e-001
 9.3871683e-001
 9.3847042e-001
 9.3815529e-001
 9.3776995e-001
 9.3731087e-001
 9.3677372e-001
 9.3615317e-001
 9.3544394e-001
 9.3464041e-001
 9.3373728e-001
 9.3272930e-001
 9.3161070e-001
 9.3037575e-001
 9.2901838e-001
 9.2753214e-001
 9.2591101e-001
 9.2414820e-001
 9.2223662e-001
 9.2016727e-001
 9.1792667e-001
 9.1549677e-001
 9.1285115e-001
 9.0995586e-001
 9.0676904e-001
 9.0324080e-001
 8.9931875e-001
 8.9494771e-001
 8.9007735e-001
 8.8466513e-001
 8.7867862e-001
 8.7210453e-001
 8.6494637e-001
 8.5723245e-001
 8.4901434e-001
 8.4036195e-001
 8.3136642e-001
 8.2212490e-001
 8.1274033e-001
 8.0330944e-001
 7.9391253e-001
 7.8461552e-001
 7.7546543e-001
 7.6649004e-001
 7.5771135e-001
 7.4914473e-001
 7.4081373e-001
 7.3275286e-001
 7.2500622e-001
 7.1763194e-001
 7.1068919e-001
 7.0423687e-001
 6.9832355e-001
 6.9298124e-001
 6.8822926e-001
 6.8407243e-001
 6.8051106e-001
 6.7754680e-001
 6.7518878e-001
 6.7346036e-001
 6.7239761e-001
 6.7204714e-001
 6.7245692e-001
 6.7366588e-001
 6.7569226e-001
 6.7852348e-001
 6.8211174e-001
 6.8637013e-001
 6.9117945e-001
 6.9639200e-001
 7.0184290e-001
 7.0736253e-001
 7.1278262e-001
 7.1795011e-001
 7.2272944e-001
 7.2700924e-001
 7.3070627e-001
 7.3376358e-001
 7.3615420e-001
 7.3787862e-001
 7.3896611e-001
 7.3947281e-001
 7.3947787e-001
 7.3907912e-001
 7.3838556e-001
 7.3750925e-001
 7.3655570e-001
 7.3561668e-001
 7.3476315e-001
 7.3404306e-001
 7.3348123e-001
 7.3308229e-001
 7.3283643e-001
 7.3272526e-001
 7.3272741e-001
 7.3282230e-001
 7.3299247e-001
 7.3322284e-001
 7.3350030e-001
 7.3381221e-001
 7.3414654e-001
 7.3449367e-001
 7.3484915e-001
 7.3521698e-001
 7.3561227e-001
 7.3606151e-001
 7.3660076e-001
 7.3727190e-001
 7.3811710e-001
 7.3917496e-001
 7.4047559e-001
 7.4204087e-001
 7.4388367e-001
 7.4601090e-001
 7.4842715e-001
 7.5113600e-001
 7.5414193e-001
 7.5745082e-001
 7.6106578e-001
 7.6498675e-001
 7.6920468e-001
 7.7370042e-001
 7.7844614e-001
 7.8340280e-001
 7.8852773e-001
 7.9377377e-001
 7.9909390e-001
 8.0444449e-001
 8.0978090e-001
 8.1506181e-001
 8.2024354e-001
 8.2528079e-001
 8.3012891e-001
 8.3474070e-001
 8.3907366e-001
 8.4308946e-001
 8.4675908e-001
 8.5006738e-001
 8.5301244e-001
 8.5560751e-001
 8.5788113e-001
 8.5987204e-001
 8.6162835e-001
 8.6320108e-001
 8.6464125e-001
 8.6599678e-001
 8.6730856e-001
 8.6861068e-001
 8.6992884e-001
 8.7128121e-001
 8.7268007e-001
 8.7413138e-001
 8.7563765e-001
 8.7719727e-001
 8.7880564e-001
 8.8045585e-001
 8.8213670e-001
 8.8383383e-001
 8.8552785e-001
 8.8719535e-001
 8.8881046e-001
 8.9034534e-001
 8.9177424e-001
 8.9307499e-001
 8.9423227e-001
 8.9523971e-001
 8.9610004e-001
 8.9682585e-001
 8.9743882e-001
 8.9796734e-001
 8.9844453e-001
 8.9890462e-001
 8.9937937e-001
 8.9989507e-001
 9.0046918e-001
 9.0110946e-001
 9.0181339e-001
 9.0256912e-001
 9.0335822e-001
 9.0415782e-001
 9.0494370e-001
 9.0569228e-001
 9.0638268e-001
 9.0699798e-001
 9.0752536e-001
 9.0795672e-001
 9.0828776e-001
 9.0851778e-001
 9.0864849e-001
 9.0868342e-001
 9.0862715e-001
 9.0848488e-001
 9.0826237e-001
 9.0796578e-001
 9.0760189e-001
 9.0717745e-001
 9.0669870e-001
 9.0617085e-001
 9.0559685e-001
 9.0497690e-001
 9.0430832e-001
 9.0358472e-001
 9.0279728e-001
 9.0193462e-001
 9.0098417e-001
 8.9993292e-001
 8.9876801e-001
 8.9747846e-001
 8.9605528e-001
 8.9449376e-001
 8.9279449e-001
 8.9096421e-001
 8.8901842e-001
 8.8698012e-001
 8.8488090e-001
 8.8275898e-001
 8.8065511e-001
 8.7861109e-001
 8.7666470e-001
 8.7484556e-001
 8.7317407e-001
 8.7165874e-001
 8.7029856e-001
 8.6908489e-001
 8.6800474e-001
 8.6704564e-001
 8.6619759e-001
 8.6545569e-001
 8.6481965e-001
 8.6429131e-001
 8.6387223e-001
 8.6355954e-001
 8.6334282e-001
 8.6320233e-001
 8.6310834e-001
 8.6302304e-001
 8.6290324e-001
 8.6270404e-001
 8.6238283e-001
 8.6190242e-001
 8.6123359e-001
 8.6035681e-001
 8.5926229e-001
 8.5795081e-001
 8.5643244e-001
 8.5472685e-001
 8.5286212e-001
 8.5087240e-001
 8.4879720e-001
 8.4667623e-001
 8.4454626e-001
 8.4243542e-001
 8.4035712e-001
 8.3830804e-001
 8.3626467e-001
 8.3418703e-001
 8.3202267e-001
 8.2971328e-001
 8.2720476e-001
 8.2445246e-001
 8.2142848e-001
 8.1812286e-001
 8.1454116e-001
 8.1070250e-001
 8.0663270e-001
 8.0235654e-001
 7.9789573e-001
 7.9326069e-001
 7.8845251e-001
 7.8346211e-001
 7.7827168e-001
 7.7286375e-001
 7.6722324e-001
 7.6134878e-001
 7.5525755e-001
 7.4898803e-001
 7.4260694e-001
 7.3620206e-001
 7.2988188e-001
 7.2376400e-001
 7.1796113e-001
 7.1257281e-001
 7.0766866e-001
 7.0328456e-001
 6.9941819e-001
 6.9603115e-001
 6.9306141e-001
 6.9043231e-001
 6.8806869e-001
 6.8590748e-001
 6.8390459e-001
 6.8203896e-001
 6.8030971e-001
 6.7872888e-001
 6.7731482e-001
 6.7608303e-001
 6.7504203e-001
 6.7419100e-001
 6.7352194e-001
 6.7302537e-001
 6.7269629e-001
 6.7253959e-001
 6.7257249e-001
 6.7282295e-001
 6.7332405e-001
 6.7410618e-001
 6.7518771e-001
 6.7656755e-001
 6.7822146e-001
 6.8010116e-001
 6.8214071e-001
 6.8426275e-001
 6.8638909e-001
 6.8845034e-001
 6.9039136e-001
 6.9217604e-001
 6.9378841e-001
 6.9522959e-001
 6.9651562e-001
 6.9767249e-001
 6.9873250e-001
 6.9973212e-001
 7.0070863e-001
 7.0170015e-001
 7.0274347e-001
 7.0387357e-001
 7.0512217e-001
 7.0651454e-001
 7.0806795e-001
 7.0978808e-001
 7.1166784e-001
 7.1368772e-001
 7.1581590e-001
 7.1801388e-001
 7.2023910e-001
 7.2245091e-001
 7.2461575e-001
 7.2670794e-001
 7.2871155e-001
 7.3061687e-001
 7.3241723e-001
 7.3410553e-001
 7.3566979e-001
 7.3709238e-001
 7.3835176e-001
 7.3942477e-001
 7.4029225e-001
 7.4094367e-001
 7.4138141e-001
 7.4162364e-001
 7.4170375e-001
 7.4166840e-001
 7.4157292e-001
 7.4147588e-001
 7.4143308e-001
 7.4149221e-001
 7.4168891e-001
 7.4204463e-001
 7.4256605e-001
 7.4324691e-001
 7.4407071e-001
 7.4501503e-001
 7.4605495e-001
 7.4716705e-001
 7.4833208e-001
 7.4953467e-001
 7.5076234e-001
 7.5200295e-001
 7.5323993e-001
 7.5445008e-001
 7.5560099e-001
 7.5665295e-001
 7.5756371e-001
 7.5829452e-001
 7.5881928e-001
 7.5913054e-001
 7.5924444e-001
 7.5920016e-001
 7.5905544e-001
 7.5887793e-001
 7.5873441e-001
 7.5868094e-001
 7.5875455e-001
 7.5896996e-001
 7.5932032e-001
 7.5978273e-001
 7.6032591e-001
 7.6091981e-001
 7.6154315e-001
 7.6218873e-001
 7.6286548e-001
 7.6359576e-001
 7.6441121e-001
 7.6534593e-001
 7.6642966e-001
 7.6768351e-001
 7.6911527e-001
 7.7072024e-001
 7.7248114e-001
 7.7437204e-001
 7.7636355e-001
 7.7842522e-001
 7.8053153e-001
 7.8266245e-001
 7.8480512e-001
 7.8695375e-001
 7.8910571e-001
 7.9126036e-001
 7.9341453e-001
 7.9556084e-001
 7.9768747e-001
 7.9977703e-001
 8.0181020e-001
 8.0376703e-001
 8.0563033e-001
 8.0738938e-001
 8.0904031e-001
 8.1058747e-001
 8.1204361e-001
 8.1342715e-001
 8.1476152e-001
 8.1607115e-001
 8.1737977e-001
 8.1870872e-001
 8.2007402e-001
 8.2148671e-001
 8.2295108e-001
 8.2446516e-001
 8.2602108e-001
 8.2760465e-001
 8.2919729e-001
 8.3077598e-001
 8.3231556e-001
 8.3379090e-001
 8.3517736e-001
 8.3645397e-001
 8.3760303e-001
 8.3861178e-001
 8.3947253e-001
 8.4018260e-001
 8.4074455e-001
 8.4116626e-001
 8.4145999e-001
 8.4164196e-001
 8.4173077e-001
 8.4174585e-001
 8.4170574e-001
 8.4162676e-001
 8.4152162e-001
 8.4139949e-001
 8.4126639e-001
 8.4112561e-001
 8.4097940e-001
 8.4082931e-001
 8.4067690e-001
 8.4052342e-001
 8.4036899e-001
 8.4021193e-001
 8.4004790e-001
 8.3986944e-001
 8.3966643e-001
 8.3942658e-001
 8.3913726e-001
 8.3878636e-001
 8.3836460e-001
 8.3786666e-001
 8.3729172e-001
 8.3664453e-001
 8.3593434e-001
 8.3517343e-001
 8.3437526e-001
 8.3355135e-001
 8.3270907e-001
 8.3184940e-001
 8.3096594e-001
 8.3004588e-001
 8.2907116e-001
 8.2802206e-001
 8.2688004e-001
 8.2563096e-001
 8.2426882e-001
 8.2279658e-001
 8.2122773e-001
 8.1958544e-001
 8.1789970e-001
 8.1620538e-001
 8.1453675e-001
 8.1292409e-001
 8.1138927e-001
 8.0994248e-001
 8.0858248e-001
 8.0729699e-001
 8.0606532e-001
 8.0486381e-001
 8.0366856e-001
 8.0246091e-001
 8.0122894e-001
 7.9996824e-001
 7.9868150e-001
 7.9737502e-001
 7.9605615e-001
 7.9472923e-001
 7.9339194e-001
 7.9203469e-001
 7.9063928e-001
 7.8918141e-001
 7.8763330e-001
 7.8596705e-001
 7.8416008e-001
 7.8219765e-001
 7.8007662e-001
 7.7780628e-001
 7.7540612e-001
 7.7290505e-001
 7.7033651e-001
 7.6773328e-001
 7.6512551e-001
 7.6253563e-001
 7.5997907e-001
 7.5746369e-001
 7.5499028e-001
 7.5255585e-001
 7.5015330e-001
 7.4777347e-001
 7.4540436e-001
 7.4302864e-001
 7.4062413e-001
 7.3815966e-001
 7.3559546e-001
 7.3288214e-001
 7.2995961e-001
 7.2676092e-001
 7.2321171e-001
 7.1923554e-001
 7.1475565e-001
 7.0969677e-001
 7.0399207e-001
 6.9758320e-001
 6.9043028e-001
 6.8251795e-001
 6.7385954e-001
 6.6450942e-001
 6.5456378e-001
 6.4415461e-001
 6.3344979e-001
 6.2263024e-001
 6.1188257e-001
 6.0137981e-001
 5.9126604e-001
 5.8165932e-001
 5.7264298e-001
 5.6427854e-001
 5.5660808e-001
 5.4965717e-001
 5.4344118e-001
 5.3795600e-001
 5.3317630e-001
 5.2904618e-001
 5.2547246e-001
 5.2232713e-001
 5.1944768e-001
 5.1664871e-001
 5.1373297e-001
 5.1050359e-001
 5.0677818e-001
 5.0239760e-001
 4.9723080e-001
 4.9118271e-001
 4.8419178e-001
 4.7623745e-001
 4.6734193e-001
 4.5757088e-001
 4.4704497e-001
 4.3593317e-001
 4.2445946e-001
 4.1289175e-001
 4.0152326e-001
 3.9066124e-001
 3.8059160e-001
 3.7156221e-001
 3.6375582e-001
 3.5727173e-001
 3.5212460e-001
 3.4824055e-001
 3.4547308e-001
 3.4361866e-001
 3.4243914e-001
 3.4168696e-001
 3.4112692e-001
 3.4055674e-001
 3.3982170e-001
 3.3882344e-001
 3.3752239e-001
 3.3593297e-001
 3.3411211e-001
 3.3214536e-001
 3.3012873e-001
 3.2815447e-001
 3.2629871e-001
 3.2461479e-001
 3.2313484e-001
 3.2187378e-001
 3.2083994e-001
 3.2004502e-001
 3.1951296e-001
 3.1928629e-001
 3.1942567e-001
 3.2000452e-001
 3.2109714e-001
 3.2276458e-001
 3.2503837e-001
 3.2791063e-001
 3.3132860e-001
 3.3520159e-001
 3.3941901e-001
 3.4387147e-001
 3.4847745e-001
 3.5320491e-001
 3.5807598e-001
 3.6316454e-001
 3.6857074e-001
 3.7439093e-001
 3.8068637e-001
 3.8745123e-001
 3.9460525e-001
 4.0199175e-001
 4.0939942e-001
 4.1659492e-001
 4.2335027e-001
 4.2947835e-001
 4.3484655e-001
 4.3938613e-001
 4.4308791e-001
 4.4598436e-001
 4.4813463e-001
 4.4960386e-001
 4.5045120e-001
 4.5072314e-001
 4.5045355e-001
 4.4967023e-001
 4.4840404e-001
 4.4669908e-001
 4.4461912e-001
 4.4225183e-001
 4.3970695e-001
 4.3710938e-001
 4.3459266e-001
 4.3228725e-001
 4.3031439e-001
 4.2877892e-001
 4.2776585e-001
 4.2734101e-001
 4.2755139e-001
 4.2842752e-001
 4.2998415e-001
 4.3222126e-001
 4.3512097e-001
 4.3864679e-001
 4.4273829e-001
 4.4730955e-001
 4.5225057e-001
 4.5742559e-001
 4.6268308e-001
 4.6785998e-001
 4.7279483e-001
 4.7734201e-001
 4.8138094e-001
 4.8482889e-001
 4.8764926e-001
 4.8985076e-001
 4.9148604e-001
 4.9263924e-001
 4.9341223e-001
 4.9390686e-001
 4.9420822e-001
 4.9437287e-001
 4.9442390e-001
 4.9435437e-001
 4.9413908e-001
 4.9375120e-001
 4.9318051e-001
 4.9244925e-001
 4.9162170e-001
 4.9080542e-001
 4.9014518e-001
 4.8980904e-001
 4.8997137e-001
 4.9079353e-001
 4.9240690e-001
 4.9489850e-001
 4.9830124e-001
 5.0259167e-001
 5.0768793e-001
 5.1345968e-001
 5.1973391e-001
 5.2630943e-001
 5.3297454e-001
 5.3951722e-001
 5.4574573e-001
 5.5149543e-001
 5.5663937e-001
 5.6109375e-001
 5.6481320e-001
 5.6779134e-001
 5.7005185e-001
 5.7164395e-001
 5.7263631e-001
 5.7311046e-001
 5.7315701e-001
 5.7287061e-001
 5.7234627e-001
 5.7167464e-001
 5.7093912e-001
 5.7021195e-001
 5.6955230e-001
 5.6900460e-001
 5.6859809e-001
 5.6834781e-001
 5.6825560e-001
 5.6831151e-001
 5.6849551e-001
 5.6877863e-001
 5.6912398e-001
 5.6948858e-001
 5.6982565e-001
 5.7008809e-001
 5.7046086e-001
 5.7048595e-001
 5.7031536e-001
 5.6994820e-001
 5.6940824e-001
 5.6874102e-001
 5.6800777e-001
 5.6727642e-001
 5.6661135e-001
 5.6606573e-001
 5.6567520e-001
 5.6545657e-001
 5.6540936e-001
 5.6551933e-001
 5.6576389e-001
 5.6611621e-001
 5.6654996e-001
 5.6704187e-001
 5.6757480e-001
 5.6813824e-001
 5.6872869e-001
 5.6934822e-001
 5.7000136e-001
 5.7069302e-001
 5.7142562e-001
 5.7219803e-001
 5.7300526e-001
 5.7383668e-001
 5.7467681e-001
 5.7550579e-001
 5.7630265e-001
 5.7705075e-001
 5.7774097e-001
 5.7837337e-001
 5.7895350e-001
 5.7948631e-001
 5.7997054e-001
 5.8039457e-001
 5.8073634e-001
 5.8096671e-001
 5.8105385e-001
 5.8096868e-001
 5.8068919e-001
 5.8020324e-001
 5.7950932e-001
 5.7861716e-001
 5.7754630e-001
 5.7632715e-001
 5.7500005e-001
 5.7361412e-001
 5.7222492e-001
 5.7088822e-001
 5.6965357e-001
 5.6855631e-001
 5.6761128e-001
 5.6681079e-001
 5.6612515e-001
 5.6550825e-001
 5.6490594e-001
 5.6426668e-001
 5.6355423e-001
 5.6275833e-001
 5.6190377e-001
 5.6105351e-001
 5.6030416e-001
 5.5977625e-001
 5.5959725e-001
 5.5988228e-001
 5.6071472e-001
 5.6213129e-001
 5.6411350e-001
 5.6658947e-001
 5.6944549e-001
 5.7254153e-001
 5.7573390e-001
 5.7889122e-001
 5.8190924e-001
 5.8471835e-001
 5.8728153e-001
 5.8959180e-001
 5.9166241e-001
 5.9351861e-001
 5.9519112e-001
 5.9670824e-001
 5.9809446e-001
 5.9936756e-001
 6.0053927e-001
 6.0161573e-001
 6.0259676e-001
 6.0347497e-001
 6.0423470e-001
 6.0484916e-001
 6.0528171e-001
 6.0548782e-001
 6.0542148e-001
 6.0504395e-001
 6.0433310e-001
 6.0329187e-001
 6.0195470e-001
 6.0038948e-001
 5.9869397e-001
 5.9698868e-001
 5.9540135e-001
 5.9405148e-001
 5.9303218e-001
 5.9239686e-001
 5.9215415e-001
 5.9226996e-001
 5.9267676e-001
 5.9328711e-001
 5.9400761e-001
 5.9475106e-001
 5.9544623e-001
 5.9604371e-001
 5.9651840e-001
 5.9686852e-001
 5.9711045e-001
 5.9727210e-001
 5.9738582e-001
 5.9748262e-001
 5.9758836e-001
 5.9772211e-001
 5.9789538e-001
 5.9811294e-001
 5.9837377e-001
 5.9867382e-001
 5.9900892e-001
 5.9937835e-001
 5.9978729e-001
 6.0024673e-001
 6.0077190e-001
 6.0137796e-001
 6.0207504e-001
 6.0286427e-001
 6.0373425e-001
 6.0466021e-001
 6.0560423e-001
 6.0651851e-001
 6.0735029e-001
 6.0804778e-001
 6.0856760e-001
 6.0888052e-001
 6.0897541e-001
 6.0885954e-001
 6.0855633e-001
 6.0810077e-001
 6.0753447e-001
 6.0690266e-001
 6.0625052e-001
 6.0562152e-001
 6.0505390e-001
 6.0457754e-001
 6.0421097e-001
 6.0395944e-001
 6.0381502e-001
 6.0375804e-001
 6.0375965e-001
 6.0378593e-001
 6.0380232e-001
 6.0377878e-001
 6.0369503e-001
 6.0354382e-001
 6.0333210e-001
 6.0307854e-001
 6.0280806e-001
 6.0254526e-001
 6.0230827e-001
 6.0210556e-001
 6.0193509e-001
 6.0178715e-001
 6.0164863e-001
 6.0150760e-001
 6.0135734e-001
 6.0119855e-001
 6.0104007e-001
 6.0089767e-001
 6.0079044e-001
 6.0073650e-001
 6.0074794e-001
 6.0082608e-001
 6.0095859e-001
 6.0111851e-001
 6.0126603e-001
 6.0135281e-001
 6.0132748e-001
 6.0114187e-001
 6.0075611e-001
 6.0014200e-001
 5.9928429e-001
 5.9817940e-001
 5.9683287e-001
 5.9525448e-001
 5.9345078e-001
 5.9142005e-001
 5.8914560e-001
 5.8659613e-001
 5.8372891e-001
 5.8049685e-001
 5.7686186e-001
 5.7280350e-001
 5.6833339e-001
 5.6349725e-001
 5.5838406e-001
 5.5311507e-001
 5.4783767e-001
 5.4271609e-001
 5.3790760e-001
 5.3355056e-001
 5.2974749e-001
 5.2655786e-001
 5.2398849e-001
 5.2200127e-001
 5.2052611e-001
 5.1947594e-001
 5.1876891e-001
 5.1834822e-001
 5.1819438e-001
 5.1833123e-001
 5.1881880e-001
 5.1973623e-001
 5.2115810e-001
 5.2313089e-001
 5.2565241e-001
 5.2866757e-001
 5.3207105e-001
 5.3571773e-001
 5.3944558e-001
 5.4309279e-001
 5.4651201e-001
 5.4958880e-001
 5.5224645e-001
 5.5444956e-001
 5.5619973e-001
 5.5753231e-001
 5.5850518e-001
 5.5918992e-001
 5.5966473e-001
 5.6000751e-001
 5.6029165e-001
 5.6058270e-001
 5.6093597e-001
 5.6139416e-001
 5.6198490e-001
 5.6272030e-001
 5.6359619e-001
 5.6459194e-001
 5.6567323e-001
 5.6679356e-001
 5.6789690e-001
 5.6892306e-001
 5.6981158e-001
 5.7050532e-001
 5.7095462e-001
 5.7111877e-001
 5.7096666e-001
 5.7047760e-001
 5.6964117e-001
 5.6845683e-001
 5.6693470e-001
 5.6509268e-001
 5.6295520e-001
 5.6055325e-001
 5.5791891e-001
 5.5508435e-001
 5.5207789e-001
 5.4892462e-001
 5.4564154e-001
 5.4224098e-001
 5.3873634e-001
 5.3514028e-001
 5.3146946e-001
 5.2774769e-001
 5.2399975e-001
 5.2025360e-001
 5.1653665e-001
 5.1287711e-001
 5.0929552e-001
 5.0580347e-001
 5.0240088e-001
 4.9906710e-001
 4.9576110e-001
 4.9242404e-001
 4.8897722e-001
 4.8532867e-001
 4.8138130e-001
 4.7703296e-001
 4.7218469e-001
 4.6674159e-001
 4.6062040e-001
 4.5374325e-001
 4.4604352e-001
 4.3747744e-001
 4.2802081e-001
 4.1768289e-001
 4.0652394e-001
 3.9464822e-001
 3.8221970e-001
 3.6946043e-001
 3.5666382e-001
 3.4417182e-001
 3.3237138e-001
 3.2167888e-001
 3.1248850e-001
 3.0514136e-001
 2.9988834e-001
 2.9684684e-001
 2.9599047e-001
 2.9714811e-001
 3.0002159e-001
 3.0422124e-001
 3.0930930e-001
 3.1483862e-001
 3.2039732e-001
 3.2563174e-001
 3.3025572e-001
 3.3405954e-001
 3.3689710e-001
 3.3867157e-001
 3.3932519e-001
 3.3882481e-001
 3.3715498e-001
 3.3431718e-001
 3.3032838e-001
 3.2522380e-001
 3.1906483e-001
 3.1193367e-001
 3.0393615e-001
 2.9520658e-001
 2.8589201e-001
 2.7615255e-001
 2.6616514e-001
 2.5610787e-001
 2.4617034e-001
 2.3655123e-001
 2.2746761e-001
 2.1913716e-001
 2.1177553e-001
 2.0558499e-001
 2.0072491e-001
 1.9730024e-001
 1.9534922e-001
 1.9483352e-001
 1.9564603e-001
 1.9762273e-001
 2.0055744e-001
 2.0422250e-001
 2.0838396e-001
 2.1281023e-001
 2.1728744e-001
 2.2162329e-001
 2.2564904e-001
 2.2922978e-001
 2.3226452e-001
 2.3468864e-001
 2.3648243e-001
 2.3767088e-001
 2.3832445e-001
 2.3855327e-001
 2.3849742e-001
 2.3831132e-001
 2.3814712e-001
 2.3813793e-001
 2.3838376e-001
 2.3894076e-001
 2.3981598e-001
 2.4096712e-001
 2.4230874e-001
 2.4372178e-001
 2.4506991e-001
 2.4621363e-001
 2.4702385e-001
 2.4739577e-001
 2.4725713e-001
 2.4657521e-001
 2.4535993e-001
 2.4366297e-001
 2.4157515e-001
 2.3921587e-001
 2.3672281e-001
 2.3423643e-001
 2.3188627e-001
 2.2977205e-001
 2.2795384e-001
 2.2644763e-001
 2.2522505e-001
 2.2422549e-001
 2.2337295e-001
 2.2259349e-001
 2.2183366e-001
 2.2107232e-001
 2.2032675e-001
 2.1964961e-001
 2.1912122e-001
 2.1883665e-001
 2.1888869e-001
 2.1935071e-001
 2.2025947e-001
 2.2160342e-001
 2.2331765e-001
 2.2528884e-001
 2.2736713e-001
 2.2938953e-001
 2.3120287e-001
 2.3268677e-001
 2.3377670e-001
 2.3447473e-001
 2.3485093e-001
 2.3503350e-001
 2.3518622e-001
 2.3547928e-001
 2.3605864e-001
 2.3701942e-001
 2.3838896e-001
 2.4012052e-001
 2.4210335e-001
 2.4418125e-001
 2.4617717e-001
 2.4792495e-001
 2.4929294e-001
 2.5020152e-001
 2.5063354e-001
 2.5063065e-001
 2.5028202e-001
 2.4970531e-001
 2.4902281e-001
 2.4833763e-001
 2.4771480e-001
 2.4716868e-001
 2.4666198e-001
 2.4611463e-001
 2.4541920e-001
 2.4446128e-001
 2.4314061e-001
 2.4138635e-001
 2.3916788e-001
 2.3649538e-001
 2.3341548e-001
 2.2999461e-001
 2.2630534e-001
 2.2241682e-001
 2.1838255e-001
 2.1424232e-001
 2.1003038e-001
 2.0577712e-001
 2.0152026e-001
 1.9730692e-001
 1.9319750e-001
 1.8925528e-001
 1.8554203e-001
 1.8211153e-001
 1.7899549e-001
 1.7619957e-001
 1.7370149e-001
 1.7144829e-001
 1.6936502e-001
 1.6736707e-001
 1.6537121e-001
 1.6331165e-001
 1.6115078e-001
 1.5888803e-001
 1.5655671e-001
 1.5421821e-001
 1.5195036e-001
 1.4982744e-001
 1.4790601e-001
 1.4621480e-001
 1.4474794e-001
 1.4347067e-001
 1.4232931e-001
 1.4126660e-001
 1.4023481e-001
 1.3920802e-001
 1.3818911e-001
 1.3720852e-001
 1.3631968e-001
 1.3558991e-001
 1.3508695e-001
 1.3486712e-001
 1.3496408e-001
 1.3538113e-001
 1.3608943e-001
 1.3703246e-001
 1.3813527e-001
 1.3931954e-001
 1.4051755e-001
 1.4168252e-001
 1.4279608e-001
 1.4386666e-001
 1.4492184e-001
 1.4599906e-001
 1.4713190e-001
 1.4833862e-001
 1.4961198e-001
 1.5091673e-001
 1.5218997e-001
 1.5334684e-001
 1.5429278e-001
 1.5493532e-001
 1.5519656e-001
 1.5502508e-001
 1.5440254e-001
 1.5334781e-001
 1.5191521e-001
 1.5019080e-001
 1.4828521e-001
 1.4632799e-001
 1.4445698e-001
 1.4281228e-001
 1.4153047e-001
 1.4073630e-001
 1.4053877e-001
 1.4102556e-001
 1.4225747e-001
 1.4426370e-001
 1.4703824e-001
 1.5053424e-001
 1.5466785e-001
 1.5932009e-001
 1.6434045e-001
 1.6956484e-001
 1.7482597e-001
 1.7996261e-001
 1.8483798e-001
 1.8934196e-001
 1.9339687e-001
 1.9695397e-001
 1.9999643e-001
 2.0252961e-001
 2.0457070e-001
 2.0614237e-001
 2.0726202e-001
 2.0793691e-001
 2.0816545e-001
 2.0793918e-001
 2.0724824e-001
 2.0608689e-001
 2.0445985e-001
 2.0238821e-001
 1.9991693e-001
 1.9711420e-001
 1.9407049e-001
 1.9089451e-001
 1.8769994e-001
 1.8459812e-001
 1.8169242e-001
 1.7906809e-001
 1.7679210e-001
 1.7491165e-001
 1.7345802e-001
 1.7244749e-001
 1.7188582e-001
 1.7176835e-001
 1.7207552e-001
 1.7276806e-001
 1.7378074e-001
 1.7502187e-001
 1.7637692e-001
 1.7771631e-001
 1.7891037e-001
 1.7984223e-001
 1.8042167e-001
 1.8059556e-001
 1.8035604e-001
 1.7974243e-001
 1.7883958e-001
 1.7776869e-001
 1.7667364e-001
 1.7570394e-001
 1.7499390e-001
 1.7464656e-001
 1.7472212e-001
 1.7523403e-001
 1.7615347e-001
 1.7741984e-001
 1.7895241e-001
 1.8066378e-001
 1.8246810e-001
 1.8428521e-001
 1.8604676e-001
 1.8769769e-001
 1.8919730e-001
 1.9052301e-001
 1.9166839e-001
 1.9264136e-001
 1.9345899e-001
 1.9414391e-001
 1.9471911e-001
 1.9520499e-001
 1.9561894e-001
 1.9597477e-001
 1.9628291e-001
 1.9655174e-001
 1.9678789e-001
 1.9699657e-001
 1.9718049e-001
 1.9733794e-001
 1.9746007e-001
 1.9752926e-001
 1.9752006e-001
 1.9740249e-001
 1.9714734e-001
 1.9673195e-001
 1.9614589e-001
 1.9539659e-001
 1.9451211e-001
 1.9354264e-001
 1.9255665e-001
 1.9163349e-001
 1.9085029e-001
 1.9027039e-001
 1.8993334e-001
 1.8984710e-001
 1.8998501e-001
 1.9028443e-001
 1.9064926e-001
 1.9095694e-001
 1.9107160e-001
 1.9086264e-001
 1.9022566e-001
 1.8910044e-001
 1.8748365e-001
 1.8542890e-001
 1.8303880e-001
 1.8045022e-001
 1.7780846e-001
 1.7524552e-001
 1.7286126e-001
 1.7070603e-001
 1.6877754e-001
 1.6702197e-001
 1.6534409e-001
 1.6361791e-001
 1.6170484e-001
 1.5947416e-001
 1.5681928e-001
 1.5367450e-001
 1.5002780e-001
 1.4591913e-001
 1.4143908e-001
 1.3671619e-001
 1.3190596e-001
 1.2716535e-001
 1.2263635e-001
 1.1843092e-001
 1.1461142e-001
 1.1118942e-001
 1.0813323e-001
 1.0537760e-001
 1.0284713e-001
 1.0047595e-001
 9.8227620e-002
 9.6103407e-002
 9.4148219e-002
 9.2448018e-002
 9.1116227e-002
 9.0280078e-002
 9.0063997e-002
 9.0573139e-002
 9.1883071e-002
 9.4030477e-002
 9.7011276e-002
 1.0077940e-001
 1.0525116e-001
 1.1030672e-001
 1.1580507e-001
 1.2159210e-001
 1.2750842e-001
 1.3341041e-001
 1.3917702e-001
 1.4471215e-001
 1.4995350e-001
 1.5486245e-001
 1.5941849e-001
 1.6360646e-001
 1.6741575e-001
 1.7083266e-001
 1.7383923e-001
 1.7642353e-001
 1.7858368e-001
 1.8032958e-001
 1.8168205e-001
 1.8266280e-001
 1.8328896e-001
 1.8357705e-001
 1.8355060e-001
 1.8324767e-001
 1.8272060e-001
 1.8202756e-001
 1.8122335e-001
 1.8035674e-001
 1.7947300e-001
 1.7861968e-001
 1.7784686e-001
 1.7719695e-001
 1.7669325e-001
 1.7633310e-001
 1.7609276e-001
 1.7593902e-001
 1.7584118e-001
-1.2300000e+034
