s07_ASD Record=20433: Aspen_Leaf-A DW92-2           BECKa AREF
-1.2300000e+034
-1.2300000e+034
-1.2300000e+034
 3.1968750e-002
 3.1995345e-002
 3.2023024e-002
 3.2048125e-002
 3.2066997e-002
 3.2076865e-002
 3.2076366e-002
 3.2065481e-002
 3.2045107e-002
 3.2016456e-002
 3.1980615e-002
 3.1938221e-002
 3.1889264e-002
 3.1833418e-002
 3.1770729e-002
 3.1702381e-002
 3.1631097e-002
 3.1560961e-002
 3.1496469e-002
 3.1441189e-002
 3.1396721e-002
 3.1362474e-002
 3.1336036e-002
 3.1314205e-002
 3.1294860e-002
 3.1278193e-002
 3.1265859e-002
 3.1258963e-002
 3.1256616e-002
 3.1255957e-002
 3.1252533e-002
 3.1240992e-002
 3.1217480e-002
 3.1181321e-002
 3.1134713e-002
 3.1081500e-002
 3.1025549e-002
 3.0969517e-002
 3.0914564e-002
 3.0860914e-002
 3.0808806e-002
 3.0759327e-002
 3.0714618e-002
 3.0677259e-002
 3.0649045e-002
 3.0629922e-002
 3.0617753e-002
 3.0609222e-002
 3.0601332e-002
 3.0592727e-002
 3.0584214e-002
 3.0578321e-002
 3.0578278e-002
 3.0586788e-002
 3.0604893e-002
 3.0632610e-002
 3.0671077e-002
 3.0721175e-002
 3.0779349e-002
 3.0842679e-002
 3.0908423e-002
 3.0971058e-002
 3.1026090e-002
 3.1074964e-002
 3.1123010e-002
 3.1177066e-002
 3.1243702e-002
 3.1327255e-002
 3.1428967e-002
 3.1547926e-002
 3.1682637e-002
 3.1832255e-002
 3.1997334e-002
 3.2179635e-002
 3.2381117e-002
 3.2602273e-002
 3.2840729e-002
 3.3091001e-002
 3.3345606e-002
 3.3597246e-002
 3.3840824e-002
 3.4074474e-002
 3.4299087e-002
 3.4516841e-002
 3.4729652e-002
 3.4938239e-002
 3.5142511e-002
 3.5342775e-002
 3.5541162e-002
 3.5741985e-002
 3.5950523e-002
 3.6170412e-002
 3.6400665e-002
 3.6633972e-002
 3.6857862e-002
 3.7059456e-002
 3.7230615e-002
 3.7370212e-002
 3.7482589e-002
 3.7574321e-002
 3.7652157e-002
 3.7722353e-002
 3.7789669e-002
 3.7855763e-002
 3.7919629e-002
 3.7980724e-002
 3.8041450e-002
 3.8104992e-002
 3.8170289e-002
 3.8230769e-002
 3.8279202e-002
 3.8313285e-002
 3.8335599e-002
 3.8349237e-002
 3.8355600e-002
 3.8357202e-002
 3.8360588e-002
 3.8373705e-002
 3.8399186e-002
 3.8430680e-002
 3.8456343e-002
 3.8466040e-002
 3.8455945e-002
 3.8428072e-002
 3.8387153e-002
 3.8337965e-002
 3.8284309e-002
 3.8229108e-002
 3.8175397e-002
 3.8127802e-002
 3.8093016e-002
 3.8077276e-002
 3.8081571e-002
 3.8099729e-002
 3.8123928e-002
 3.8153850e-002
 3.8198281e-002
 3.8264688e-002
 3.8348049e-002
 3.8434148e-002
 3.8514841e-002
 3.8596701e-002
 3.8692016e-002
 3.8804401e-002
 3.8928278e-002
 3.9062109e-002
 3.9215457e-002
 3.9398447e-002
 3.9609268e-002
 3.9839223e-002
 4.0087834e-002
 4.0365107e-002
 4.0680088e-002
 4.1035749e-002
 4.1436926e-002
 4.1894995e-002
 4.2421095e-002
 4.3019656e-002
 4.3693185e-002
 4.4450168e-002
 4.5303535e-002
 4.6262886e-002
 4.7331806e-002
 4.8514396e-002
 4.9819484e-002
 5.1252637e-002
 5.2805733e-002
 5.4458849e-002
 5.6195777e-002
 5.8013178e-002
 5.9911627e-002
 6.1876625e-002
 6.3873954e-002
 6.5865345e-002
 6.7824163e-002
 6.9732428e-002
 7.1564682e-002
 7.3285967e-002
 7.4869208e-002
 7.6310895e-002
 7.7628165e-002
 7.8840010e-002
 7.9951435e-002
 8.0950685e-002
 8.1819013e-002
 8.2543820e-002
 8.3129928e-002
 8.3603576e-002
 8.4004559e-002
 8.4368937e-002
 8.4715016e-002
 8.5046448e-002
 8.5367903e-002
 8.5693605e-002
 8.6035930e-002
 8.6384982e-002
 8.6704232e-002
 8.6953171e-002
 8.7116562e-002
 8.7208822e-002
 8.7248638e-002
 8.7227196e-002
 8.7095410e-002
 8.6782478e-002
 8.6244650e-002
 8.5514739e-002
 8.4697023e-002
 8.3889462e-002
 8.3108082e-002
 8.2299314e-002
 8.1414483e-002
 8.0446787e-002
 7.9401828e-002
 7.8264631e-002
 7.7005967e-002
 7.5611196e-002
 7.4104682e-002
 7.2554618e-002
 7.1046509e-002
 6.9630563e-002
 6.8296477e-002
 6.7011811e-002
 6.5772787e-002
 6.4593270e-002
 6.3466795e-002
 6.2383585e-002
 6.1373111e-002
 6.0481817e-002
 5.9706479e-002
 5.8991142e-002
 5.8300171e-002
 5.7667010e-002
 5.7154112e-002
 5.6769289e-002
 5.6440357e-002
 5.6086123e-002
 5.5693179e-002
 5.5295896e-002
 5.4912992e-002
 5.4555625e-002
 5.4267514e-002
 5.4083958e-002
 5.3963404e-002
 5.3829007e-002
 5.3664435e-002
 5.3504977e-002
 5.3353168e-002
 5.3173944e-002
 5.2944068e-002
 5.2645504e-002
 5.2259460e-002
 5.1821359e-002
 5.1425155e-002
 5.1116575e-002
 5.0836228e-002
 5.0507054e-002
 5.0122347e-002
 4.9707022e-002
 4.9256098e-002
 4.8771702e-002
 4.8301268e-002
 4.7878105e-002
 4.7472063e-002
 4.7045603e-002
 4.6618331e-002
 4.6233941e-002
 4.5903217e-002
 4.5619477e-002
 4.5383211e-002
 4.5182612e-002
 4.4996895e-002
 4.4826370e-002
 4.4680059e-002
 4.4548340e-002
 4.4426415e-002
 4.4347081e-002
 4.4343192e-002
 4.4388469e-002
 4.4413984e-002
 4.4376194e-002
 4.4277351e-002
 4.4138148e-002
 4.3986280e-002
 4.3848012e-002
 4.3719668e-002
 4.3557048e-002
 4.3312375e-002
 4.2985726e-002
 4.2633768e-002
 4.2309511e-002
 4.1991405e-002
 4.1611392e-002
 4.1170672e-002
 4.0778622e-002
 4.0542234e-002
 4.0435906e-002
 4.0305309e-002
 4.0027380e-002
 3.9672621e-002
 3.9441168e-002
 3.9409649e-002
 3.9433718e-002
 3.9331596e-002
 3.9065897e-002
 3.8719434e-002
 3.8379647e-002
 3.8081080e-002
 3.7812542e-002
 3.7544589e-002
 3.7256263e-002
 3.6955565e-002
 3.6685783e-002
 3.6503699e-002
 3.6425766e-002
 3.6391702e-002
 3.6296804e-002
 3.6087923e-002
 3.5831563e-002
 3.5644900e-002
 3.5574816e-002
 3.5577491e-002
 3.5585918e-002
 3.5563730e-002
 3.5513587e-002
 3.5463616e-002
 3.5452113e-002
 3.5508547e-002
 3.5627220e-002
 3.5754256e-002
 3.5816841e-002
 3.5786927e-002
 3.5723973e-002
 3.5748661e-002
 3.5968035e-002
 3.6420859e-002
 3.7083801e-002
 3.7914895e-002
 3.8890291e-002
 4.0021390e-002
 4.1366983e-002
 4.3038949e-002
 4.5181561e-002
 4.7929626e-002
 5.1373471e-002
 5.5554155e-002
 6.0471043e-002
 6.6088453e-002
 7.2337329e-002
 7.9118483e-002
 8.6313635e-002
 9.3794912e-002
 1.0147600e-001
 1.0936461e-001
 1.1752093e-001
 1.2594053e-001
 1.3452360e-001
 1.4325340e-001
 1.5227753e-001
 1.6167663e-001
 1.7129397e-001
 1.8097088e-001
 1.9076821e-001
 2.0078725e-001
 2.1095455e-001
 2.2115420e-001
 2.3143204e-001
 2.4192238e-001
 2.5265419e-001
 2.6346487e-001
 2.7408385e-001
 2.8432837e-001
 2.9421583e-001
 3.0384713e-001
 3.1325901e-001
 3.2244945e-001
 3.3143431e-001
 3.4019905e-001
 3.4865105e-001
 3.5668847e-001
 3.6428913e-001
 3.7149030e-001
 3.7831604e-001
 3.8473547e-001
 3.9069888e-001
 3.9622873e-001
 4.0143842e-001
 4.0639922e-001
 4.1104722e-001
 4.1529459e-001
 4.1916013e-001
 4.2273176e-001
 4.2607138e-001
 4.2920262e-001
 4.3213817e-001
 4.3486750e-001
 4.3734118e-001
 4.3950039e-001
 4.4139099e-001
 4.4317377e-001
 4.4493026e-001
 4.4658819e-001
 4.4806075e-001
 4.4934013e-001
 4.5048553e-001
 4.5155704e-001
 4.5254600e-001
 4.5337570e-001
 4.5398605e-001
 4.5442930e-001
 4.5486343e-001
 4.5542851e-001
 4.5611101e-001
 4.5674840e-001
 4.5718259e-001
 4.5741251e-001
 4.5759046e-001
 4.5787263e-001
 4.5828286e-001
 4.5871046e-001
 4.5903400e-001
 4.5924371e-001
 4.5943347e-001
 4.5969465e-001
 4.6004772e-001
 4.6043178e-001
 4.6074292e-001
 4.6089673e-001
 4.6100199e-001
 4.6109611e-001
 4.6123582e-001
 4.6140179e-001
 4.6154425e-001
 4.6161336e-001
 4.6157131e-001
 4.6145970e-001
 4.6135226e-001
 4.6132281e-001
 4.6142927e-001
 4.6162540e-001
 4.6182257e-001
 4.6193227e-001
 4.6188357e-001
 4.6172184e-001
 4.6153978e-001
 4.6143010e-001
 4.6147019e-001
 4.6163291e-001
 4.6188572e-001
 4.6207705e-001
 4.6217409e-001
 4.6216875e-001
 4.6211183e-001
 4.6205640e-001
 4.6205568e-001
 4.6216062e-001
 4.6236941e-001
 4.6262792e-001
 4.6287990e-001
 4.6306902e-001
 4.6314126e-001
 4.6309331e-001
 4.6297196e-001
 4.6282610e-001
 4.6270466e-001
 4.6265483e-001
 4.6268466e-001
 4.6276426e-001
 4.6286184e-001
 4.6294579e-001
 4.6298453e-001
 4.6295598e-001
 4.6287549e-001
 4.6276745e-001
 4.6265629e-001
 4.6256638e-001
 4.6252209e-001
 4.6254116e-001
 4.6261594e-001
 4.6273246e-001
 4.6287686e-001
 4.6303526e-001
 4.6319374e-001
 4.6333846e-001
 4.6345675e-001
 4.6354082e-001
 4.6358392e-001
 4.6357942e-001
 4.6352059e-001
 4.6340069e-001
 4.6321312e-001
 4.6295118e-001
 4.6261448e-001
 4.6222690e-001
 4.6181786e-001
 4.6141684e-001
 4.6105325e-001
 4.6075669e-001
 4.6055654e-001
 4.6048218e-001
 4.6055201e-001
 4.6074226e-001
 4.6101949e-001
 4.6135041e-001
 4.6170148e-001
 4.6203932e-001
 4.6233043e-001
 4.6254152e-001
 4.6264705e-001
 4.6265092e-001
 4.6256384e-001
 4.6239647e-001
 4.6215948e-001
 4.6186358e-001
 4.6151936e-001
 4.6113753e-001
 4.6072879e-001
 4.6030384e-001
 4.5987323e-001
 4.5944780e-001
 4.5903662e-001
 4.5864382e-001
 4.5827222e-001
 4.5792460e-001
 4.5760378e-001
 4.5731273e-001
 4.5705414e-001
 4.5683092e-001
 4.5664588e-001
 4.5650181e-001
 4.5640168e-001
 4.5634812e-001
 4.5634198e-001
 4.5637602e-001
 4.5644143e-001
 4.5652947e-001
 4.5663121e-001
 4.5673782e-001
 4.5684049e-001
 4.5693037e-001
 4.5699865e-001
 4.5703641e-001
 4.5703486e-001
 4.5698786e-001
 4.5689833e-001
 4.5677137e-001
 4.5661205e-001
 4.5642540e-001
 4.5621642e-001
 4.5599025e-001
 4.5575187e-001
 4.5550635e-001
 4.5525876e-001
 4.5501328e-001
 4.5477086e-001
 4.5453185e-001
 4.5429659e-001
 4.5406544e-001
 4.5383877e-001
 4.5361677e-001
 4.5339996e-001
 4.5318857e-001
 4.5298299e-001
 4.5278394e-001
 4.5259377e-001
 4.5241493e-001
 4.5225006e-001
 4.5210171e-001
 4.5197248e-001
 4.5186484e-001
 4.5178148e-001
 4.5172492e-001
 4.5169774e-001
 4.5169941e-001
 4.5171949e-001
 4.5174518e-001
 4.5176369e-001
 4.5176238e-001
 4.5172849e-001
 4.5164922e-001
 4.5151195e-001
 4.5130390e-001
 4.5101741e-001
 4.5066172e-001
 4.5024976e-001
 4.4979420e-001
 4.4930789e-001
 4.4880363e-001
 4.4829431e-001
 4.4779256e-001
 4.4730759e-001
 4.4683599e-001
 4.4637209e-001
 4.4590992e-001
 4.4544381e-001
 4.4496781e-001
 4.4447622e-001
 4.4396314e-001
 4.4342780e-001
 4.4288582e-001
 4.4235614e-001
 4.4185770e-001
 4.4140935e-001
 4.4103014e-001
 4.4073901e-001
 4.4055483e-001
 4.4048536e-001
 4.4050235e-001
 4.4057032e-001
 4.4064566e-001
 4.4069621e-001
 4.4068524e-001
 4.4059014e-001
 4.4040766e-001
 4.4015232e-001
 4.3985060e-001
 4.3953454e-001
 4.3923697e-001
 4.3898544e-001
 4.3879277e-001
 4.3865141e-001
 4.3853909e-001
 4.3842790e-001
 4.3829092e-001
 4.3810913e-001
 4.3787831e-001
 4.3761155e-001
 4.3733487e-001
 4.3707988e-001
 4.3687743e-001
 4.3675026e-001
 4.3670624e-001
 4.3673593e-001
 4.3681633e-001
 4.3691790e-001
 4.3701085e-001
 4.3707070e-001
 4.3708265e-001
 4.3704298e-001
 4.3695688e-001
 4.3683487e-001
 4.3668991e-001
 4.3653622e-001
 4.3638891e-001
 4.3626377e-001
 4.3617696e-001
 4.3614349e-001
 4.3617466e-001
 4.3627426e-001
 4.3660900e-001
 4.3668702e-001
 4.3676648e-001
 4.3683764e-001
 4.3689173e-001
 4.3692204e-001
 4.3692487e-001
 4.3690017e-001
 4.3685177e-001
 4.3678719e-001
 4.3671697e-001
 4.3665344e-001
 4.3660900e-001
 4.3659446e-001
 4.3661743e-001
 4.3668166e-001
 4.3678674e-001
 4.3692854e-001
 4.3710002e-001
 4.3729252e-001
 4.3749702e-001
 4.3770534e-001
 4.3791083e-001
 4.3810856e-001
 4.3829530e-001
 4.3846911e-001
 4.3862864e-001
 4.3877280e-001
 4.3889970e-001
 4.3900678e-001
 4.3909082e-001
 4.3914866e-001
 4.3917826e-001
 4.3917942e-001
 4.3915448e-001
 4.3910837e-001
 4.3904826e-001
 4.3898275e-001
 4.3892068e-001
 4.3887016e-001
 4.3883762e-001
 4.3882751e-001
 4.3884212e-001
 4.3888181e-001
 4.3894544e-001
 4.3903059e-001
 4.3913388e-001
 4.3925083e-001
 4.3937600e-001
 4.3950281e-001
 4.3962377e-001
 4.3973070e-001
 4.3981537e-001
 4.3987057e-001
 4.3989092e-001
 4.3987414e-001
 4.3982181e-001
 4.3973956e-001
 4.3963686e-001
 4.3952605e-001
 4.3942049e-001
 4.3933275e-001
 4.3927246e-001
 4.3924457e-001
 4.3924859e-001
 4.3927845e-001
 4.3932351e-001
 4.3937030e-001
 4.3940479e-001
 4.3941456e-001
 4.3939078e-001
 4.3932948e-001
 4.3923190e-001
 4.3910417e-001
 4.3895611e-001
 4.3879974e-001
 4.3864715e-001
 4.3850914e-001
 4.3839350e-001
 4.3830448e-001
 4.3824232e-001
 4.3820366e-001
 4.3818244e-001
 4.3817094e-001
 4.3816093e-001
 4.3814474e-001
 4.3811601e-001
 4.3807027e-001
 4.3800497e-001
 4.3791941e-001
 4.3781453e-001
 4.3769237e-001
 4.3755585e-001
 4.3740821e-001
 4.3725276e-001
 4.3709266e-001
 4.3693069e-001
 4.3676922e-001
 4.3661007e-001
 4.3645445e-001
 4.3630302e-001
 4.3615592e-001
 4.3601277e-001
 4.3587294e-001
 4.3573552e-001
 4.3559968e-001
 4.3546456e-001
 4.3532959e-001
 4.3519422e-001
 4.3505794e-001
 4.3491983e-001
 4.3477851e-001
 4.3463174e-001
 4.3447641e-001
 4.3430853e-001
 4.3412381e-001
 4.3391797e-001
 4.3368718e-001
 4.3342885e-001
 4.3314165e-001
 4.3282577e-001
 4.3248269e-001
 4.3211460e-001
 4.3172431e-001
 4.3131423e-001
 4.3088639e-001
 4.3044204e-001
 4.2998138e-001
 4.2950389e-001
 4.2900807e-001
 4.2849177e-001
 4.2795226e-001
 4.2738622e-001
 4.2679039e-001
 4.2616138e-001
 4.2549661e-001
 4.2479464e-001
 4.2405525e-001
 4.2328030e-001
 4.2247346e-001
 4.2163977e-001
 4.2078570e-001
 4.1991785e-001
 4.1904306e-001
 4.1816744e-001
 4.1729611e-001
 4.1643360e-001
 4.1558352e-001
 4.1474959e-001
 4.1393560e-001
 4.1314557e-001
 4.1238427e-001
 4.1165632e-001
 4.1096640e-001
 4.1031843e-001
 4.0971467e-001
 4.0915567e-001
 4.0863970e-001
 4.0816298e-001
 4.0771997e-001
 4.0730387e-001
 4.0690768e-001
 4.0652463e-001
 4.0614912e-001
 4.0577692e-001
 4.0540507e-001
 4.0503210e-001
 4.0465754e-001
 4.0428165e-001
 4.0390563e-001
 4.0353155e-001
 4.0316290e-001
 4.0280467e-001
 4.0246320e-001
 4.0214607e-001
 4.0186083e-001
 4.0161398e-001
 4.0140963e-001
 4.0124831e-001
 4.0112650e-001
 4.0103680e-001
 4.0096864e-001
 4.0090993e-001
 4.0084830e-001
 4.0077296e-001
 4.0067559e-001
 4.0055105e-001
 4.0039748e-001
 4.0021598e-001
 4.0001017e-001
 3.9978558e-001
 3.9954919e-001
 3.9930889e-001
 3.9907303e-001
 3.9884976e-001
 3.9864638e-001
 3.9846855e-001
 3.9831972e-001
 3.9820072e-001
 3.9810979e-001
 3.9804325e-001
 3.9799613e-001
 3.9796340e-001
 3.9794084e-001
 3.9792565e-001
 3.9791664e-001
 3.9791399e-001
 3.9791852e-001
 3.9793113e-001
 3.9795214e-001
 3.9798138e-001
 3.9801815e-001
 3.9806184e-001
 3.9811254e-001
 3.9817140e-001
 3.9824083e-001
 3.9832434e-001
 3.9842588e-001
 3.9854905e-001
 3.9869657e-001
 3.9886957e-001
 3.9906746e-001
 3.9928806e-001
 3.9952785e-001
 3.9978266e-001
 4.0004805e-001
 4.0031990e-001
 4.0059435e-001
 4.0086803e-001
 4.0113798e-001
 4.0140113e-001
 4.0165451e-001
 4.0189472e-001
 4.0211815e-001
 4.0232137e-001
 4.0250126e-001
 4.0265557e-001
 4.0278342e-001
 4.0288553e-001
 4.0296450e-001
 4.0302449e-001
 4.0307093e-001
 4.0311006e-001
 4.0314835e-001
 4.0319189e-001
 4.0324596e-001
 4.0331480e-001
 4.0340129e-001
 4.0350682e-001
 4.0363112e-001
 4.0377215e-001
 4.0392584e-001
 4.0408626e-001
 4.0424564e-001
 4.0439501e-001
 4.0452486e-001
 4.0462625e-001
 4.0469190e-001
 4.0471742e-001
 4.0470204e-001
 4.0464890e-001
 4.0456501e-001
 4.0446031e-001
 4.0434647e-001
 4.0423524e-001
 4.0413666e-001
 4.0405783e-001
 4.0400165e-001
 4.0396675e-001
 4.0394780e-001
 4.0393671e-001
 4.0392426e-001
 4.0390193e-001
 4.0386337e-001
 4.0380558e-001
 4.0372914e-001
 4.0363771e-001
 4.0353701e-001
 4.0343338e-001
 4.0333226e-001
 4.0323696e-001
 4.0314800e-001
 4.0306300e-001
 4.0297714e-001
 4.0288407e-001
 4.0277711e-001
 4.0265024e-001
 4.0249917e-001
 4.0232193e-001
 4.0211895e-001
 4.0189266e-001
 4.0164709e-001
 4.0138677e-001
 4.0111566e-001
 4.0083677e-001
 4.0055111e-001
 4.0025780e-001
 3.9995423e-001
 3.9963645e-001
 3.9930007e-001
 3.9894101e-001
 3.9855644e-001
 3.9814520e-001
 3.9770785e-001
 3.9724693e-001
 3.9676586e-001
 3.9626855e-001
 3.9575824e-001
 3.9523646e-001
 3.9470294e-001
 3.9415464e-001
 3.9358672e-001
 3.9299288e-001
 3.9236617e-001
 3.9170057e-001
 3.9099193e-001
 3.9023849e-001
 3.8944200e-001
 3.8860682e-001
 3.8774008e-001
 3.8685030e-001
 3.8594598e-001
 3.8503492e-001
 3.8412243e-001
 3.8321152e-001
 3.8230237e-001
 3.8139254e-001
 3.8047841e-001
 3.7955511e-001
 3.7861827e-001
 3.7766421e-001
 3.7669009e-001
 3.7569472e-001
 3.7467778e-001
 3.7364042e-001
 3.7258515e-001
 3.7151521e-001
 3.7043545e-001
 3.6935166e-001
 3.6826998e-001
 3.6719695e-001
 3.6613795e-001
 3.6509725e-001
 3.6407712e-001
 3.6307734e-001
 3.6209625e-001
 3.6113054e-001
 3.6017695e-001
 3.5923263e-001
 3.5829553e-001
 3.5736525e-001
 3.5644189e-001
 3.5552627e-001
 3.5461885e-001
 3.5371870e-001
 3.5282400e-001
 3.5193098e-001
 3.5103479e-001
 3.5012963e-001
 3.4920865e-001
 3.4826487e-001
 3.4729046e-001
 3.4627733e-001
 3.4521696e-001
 3.4410000e-001
 3.4291741e-001
 3.4166041e-001
 3.4032062e-001
 3.3889115e-001
 3.3736566e-001
 3.3573878e-001
 3.3400533e-001
 3.3215851e-001
 3.3019093e-001
 3.2809216e-001
 3.2585052e-001
 3.2345295e-001
 3.2088518e-001
 3.1813496e-001
 3.1519088e-001
 3.1204554e-001
 3.0869544e-001
 3.0513957e-001
 3.0138204e-001
 2.9742780e-001
 2.9328498e-001
 2.8896269e-001
 2.8446901e-001
 2.7981374e-001
 2.7500746e-001
 2.7006027e-001
 2.6498675e-001
 2.5980204e-001
 2.5452659e-001
 2.4918427e-001
 2.4379991e-001
 2.3840268e-001
 2.3301958e-001
 2.2767849e-001
 2.2240520e-001
 2.1722077e-001
 2.1214578e-001
 2.0719559e-001
 2.0238516e-001
 1.9772755e-001
 1.9323269e-001
 1.8891126e-001
 1.8477012e-001
 1.8081556e-001
 1.7705125e-001
 1.7347676e-001
 1.7009068e-001
 1.6688769e-001
 1.6386209e-001
 1.6100751e-001
 1.5831678e-001
 1.5578485e-001
 1.5340805e-001
 1.5118322e-001
 1.4910918e-001
 1.4718366e-001
 1.4540388e-001
 1.4376479e-001
 1.4225776e-001
 1.4087173e-001
 1.3959222e-001
 1.3840359e-001
 1.3728997e-001
 1.3623647e-001
 1.3523158e-001
 1.3426709e-001
 1.3333932e-001
 1.3244848e-001
 1.3159749e-001
 1.3079143e-001
 1.3003533e-001
 1.2933353e-001
 1.2868832e-001
 1.2809926e-001
 1.2756355e-001
 1.2707628e-001
 1.2663120e-001
 1.2622231e-001
 1.2584446e-001
 1.2549479e-001
 1.2517308e-001
 1.2488177e-001
 1.2462584e-001
 1.2441157e-001
 1.2424561e-001
 1.2413351e-001
 1.2407843e-001
 1.2408030e-001
 1.2413540e-001
 1.2423656e-001
 1.2437399e-001
 1.2453673e-001
 1.2471413e-001
 1.2489773e-001
 1.2508249e-001
 1.2526776e-001
 1.2545757e-001
 1.2566003e-001
 1.2588629e-001
 1.2614912e-001
 1.2646094e-001
 1.2683247e-001
 1.2727138e-001
 1.2778156e-001
 1.2836345e-001
 1.2901419e-001
 1.2972918e-001
 1.3050269e-001
 1.3132906e-001
 1.3220356e-001
 1.3312177e-001
 1.3407996e-001
 1.3507371e-001
 1.3609754e-001
 1.3714497e-001
 1.3820784e-001
 1.3927795e-001
 1.4034714e-001
 1.4140885e-001
 1.4245945e-001
 1.4349793e-001
 1.4452691e-001
 1.4555135e-001
 1.4657815e-001
 1.4761548e-001
 1.4867118e-001
 1.4975227e-001
 1.5086479e-001
 1.5201242e-001
 1.5319724e-001
 1.5441856e-001
 1.5567306e-001
 1.5695518e-001
 1.5825611e-001
 1.5956534e-001
 1.6087021e-001
 1.6215743e-001
 1.6341491e-001
 1.6463216e-001
 1.6580299e-001
 1.6692577e-001
 1.6800454e-001
 1.6904935e-001
 1.7007457e-001
 1.7109808e-001
 1.7213814e-001
 1.7321108e-001
 1.7432922e-001
 1.7549828e-001
 1.7671682e-001
 1.7797686e-001
 1.7926396e-001
 1.8056060e-001
 1.8184808e-001
 1.8311006e-001
 1.8433557e-001
 1.8551888e-001
 1.8666062e-001
 1.8776590e-001
 1.8884315e-001
 1.8990356e-001
 1.9095857e-001
 1.9201899e-001
 1.9309217e-001
 1.9418094e-001
 1.9528356e-001
 1.9639337e-001
 1.9750153e-001
 1.9859834e-001
 1.9967616e-001
 2.0073143e-001
 2.0176417e-001
 2.0277807e-001
 2.0377818e-001
 2.0476967e-001
 2.0575699e-001
 2.0674247e-001
 2.0772652e-001
 2.0870851e-001
 2.0968661e-001
 2.1065976e-001
 2.1162759e-001
 2.1259119e-001
 2.1355329e-001
 2.1451685e-001
 2.1548498e-001
 2.1645910e-001
 2.1743846e-001
 2.1842021e-001
 2.1939898e-001
 2.2036849e-001
 2.2132181e-001
 2.2225258e-001
 2.2315612e-001
 2.2402903e-001
 2.2487050e-001
 2.2568168e-001
 2.2646570e-001
 2.2722746e-001
 2.2797219e-001
 2.2870503e-001
 2.2943050e-001
 2.3015159e-001
 2.3087028e-001
 2.3158714e-001
 2.3230197e-001
 2.3301437e-001
 2.3372367e-001
 2.3442973e-001
 2.3513260e-001
 2.3583275e-001
 2.3653129e-001
 2.3722927e-001
 2.3792832e-001
 2.3862976e-001
 2.3933470e-001
 2.4004404e-001
 2.4075766e-001
 2.4147482e-001
 2.4219353e-001
 2.4291086e-001
 2.4362339e-001
 2.4432707e-001
 2.4501809e-001
 2.4569359e-001
 2.4635158e-001
 2.4699199e-001
 2.4761619e-001
 2.4822697e-001
 2.4882846e-001
 2.4942477e-001
 2.5001988e-001
 2.5061640e-001
 2.5121513e-001
 2.5181499e-001
 2.5241271e-001
 2.5300369e-001
 2.5358245e-001
 2.5414342e-001
 2.5468239e-001
 2.5519642e-001
 2.5568503e-001
 2.5614965e-001
 2.5659356e-001
 2.5702140e-001
 2.5743803e-001
 2.5784805e-001
 2.5825495e-001
 2.5866064e-001
 2.5906563e-001
 2.5946900e-001
 2.5986907e-001
 2.6026413e-001
 2.6065293e-001
 2.6103541e-001
 2.6141286e-001
 2.6178786e-001
 2.6216418e-001
 2.6254579e-001
 2.6293647e-001
 2.6333877e-001
 2.6375347e-001
 2.6417932e-001
 2.6461256e-001
 2.6504764e-001
 2.6547733e-001
 2.6589343e-001
 2.6628780e-001
 2.6665258e-001
 2.6698133e-001
 2.6726910e-001
 2.6751298e-001
 2.6771238e-001
 2.6786882e-001
 2.6798603e-001
 2.6806974e-001
 2.6812708e-001
 2.6816607e-001
 2.6819459e-001
 2.6821962e-001
 2.6824623e-001
 2.6827660e-001
 2.6830968e-001
 2.6834092e-001
 2.6836273e-001
 2.6836541e-001
 2.6833838e-001
 2.6827163e-001
 2.6815754e-001
 2.6799187e-001
 2.6777467e-001
 2.6751015e-001
 2.6720577e-001
 2.6687112e-001
 2.6651663e-001
 2.6615205e-001
 2.6578590e-001
 2.6542425e-001
 2.6507100e-001
 2.6472765e-001
 2.6439348e-001
 2.6406664e-001
 2.6374495e-001
 2.6342675e-001
 2.6311219e-001
 2.6280317e-001
 2.6250392e-001
 2.6222020e-001
 2.6195842e-001
 2.6172468e-001
 2.6152340e-001
 2.6135644e-001
 2.6122263e-001
 2.6111805e-001
 2.6103678e-001
 2.6097205e-001
 2.6091745e-001
 2.6086819e-001
 2.6082173e-001
 2.6077855e-001
 2.6074204e-001
 2.6071805e-001
 2.6071411e-001
 2.6073802e-001
 2.6079625e-001
 2.6089254e-001
 2.6102638e-001
 2.6119217e-001
 2.6137903e-001
 2.6157129e-001
 2.6174989e-001
 2.6189414e-001
 2.6198372e-001
 2.6200101e-001
 2.6193267e-001
 2.6177108e-001
 2.6151472e-001
 2.6116827e-001
 2.6074147e-001
 2.6024821e-001
 2.5970480e-001
 2.5912821e-001
 2.5853536e-001
 2.5794116e-001
 2.5735867e-001
 2.5679821e-001
 2.5626704e-001
 2.5576988e-001
 2.5530848e-001
 2.5488174e-001
 2.5448602e-001
 2.5411496e-001
 2.5376019e-001
 2.5341183e-001
 2.5305915e-001
 2.5269210e-001
 2.5230220e-001
 2.5188395e-001
 2.5143602e-001
 2.5096139e-001
 2.5046811e-001
 2.4996796e-001
 2.4947600e-001
 2.4900855e-001
 2.4858120e-001
 2.4820721e-001
 2.4789557e-001
 2.4765010e-001
 2.4746880e-001
 2.4734409e-001
 2.4726374e-001
 2.4721207e-001
 2.4717149e-001
 2.4712421e-001
 2.4705338e-001
 2.4694435e-001
 2.4678533e-001
 2.4656758e-001
 2.4628581e-001
 2.4593782e-001
 2.4552462e-001
 2.4505024e-001
 2.4452135e-001
 2.4394749e-001
 2.4334019e-001
 2.4271284e-001
 2.4207966e-001
 2.4145448e-001
 2.4085011e-001
 2.4027660e-001
 2.3974080e-001
 2.3924555e-001
 2.3878931e-001
 2.3836698e-001
 2.3797025e-001
 2.3758921e-001
 2.3721355e-001
 2.3683393e-001
 2.3644334e-001
 2.3603795e-001
 2.3561728e-001
 2.3518448e-001
 2.3474535e-001
 2.3430796e-001
 2.3388143e-001
 2.3347488e-001
 2.3309685e-001
 2.3275438e-001
 2.3245290e-001
 2.3219591e-001
 2.3198487e-001
 2.3181958e-001
 2.3169816e-001
 2.3161742e-001
 2.3157303e-001
 2.3155959e-001
 2.3157099e-001
 2.3160084e-001
 2.3164275e-001
 2.3169063e-001
 2.3173897e-001
 2.3178306e-001
 2.3181923e-001
 2.3184478e-001
 2.3185812e-001
 2.3185876e-001
 2.3184742e-001
 2.3182593e-001
 2.3179705e-001
 2.3176432e-001
 2.3173174e-001
 2.3170365e-001
 2.3168442e-001
 2.3167834e-001
 2.3168957e-001
 2.3168989e-001
 2.3174386e-001
 2.3182689e-001
 2.3194158e-001
 2.3208889e-001
 2.3226725e-001
 2.3247187e-001
 2.3269516e-001
 2.3292774e-001
 2.3315908e-001
 2.3337850e-001
 2.3357561e-001
 2.3374087e-001
 2.3386660e-001
 2.3394780e-001
 2.3398279e-001
 2.3397338e-001
 2.3392472e-001
 2.3384425e-001
 2.3374102e-001
 2.3362473e-001
 2.3350514e-001
 2.3339158e-001
 2.3329203e-001
 2.3321231e-001
 2.3315516e-001
 2.3311989e-001
 2.3310266e-001
 2.3309740e-001
 2.3309666e-001
 2.3309232e-001
 2.3307617e-001
 2.3304003e-001
 2.3297620e-001
 2.3287761e-001
 2.3273815e-001
 2.3255269e-001
 2.3231706e-001
 2.3202775e-001
 2.3168160e-001
 2.3127575e-001
 2.3080720e-001
 2.3027298e-001
 2.2966984e-001
 2.2899389e-001
 2.2824086e-001
 2.2740544e-001
 2.2648194e-001
 2.2546425e-001
 2.2434561e-001
 2.2311963e-001
 2.2177941e-001
 2.2031860e-001
 2.1873131e-001
 2.1701163e-001
 2.1515527e-001
 2.1315801e-001
 2.1101704e-001
 2.0873028e-001
 2.0629512e-001
 2.0371033e-001
 2.0097362e-001
 1.9808383e-001
 1.9504027e-001
 1.9184175e-001
 1.8848908e-001
 1.8498407e-001
 1.8132816e-001
 1.7752512e-001
 1.7357734e-001
 1.6948886e-001
 1.6526397e-001
 1.6090591e-001
 1.5642087e-001
 1.5181445e-001
 1.4709581e-001
 1.4227639e-001
 1.3736787e-001
 1.3238576e-001
 1.2734415e-001
 1.2225936e-001
 1.1714812e-001
 1.1202602e-001
 1.0691218e-001
 1.0182519e-001
 9.6787982e-002
 9.1826364e-002
 8.6966895e-002
 8.2239784e-002
 7.7676199e-002
 7.3305964e-002
 6.9160417e-002
 6.5266669e-002
 6.1648834e-002
 5.8323350e-002
 5.5295307e-002
 5.2560028e-002
 5.0101236e-002
 4.7896139e-002
 4.5917351e-002
 4.4134755e-002
 4.2518776e-002
 4.1040089e-002
 3.9672665e-002
 3.8395010e-002
 3.7191432e-002
 3.6053736e-002
 3.4979422e-002
 3.3970997e-002
 3.3033699e-002
 3.2173704e-002
 3.1397868e-002
 3.0712167e-002
 3.0121483e-002
 2.9628327e-002
 2.9231863e-002
 2.8927922e-002
 2.8709121e-002
 2.8565664e-002
 2.8486447e-002
 2.8459677e-002
 2.8473480e-002
 2.8516296e-002
 2.8577419e-002
 2.8647544e-002
 2.8719330e-002
 2.8787555e-002
 2.8848939e-002
 2.8901650e-002
 2.8944697e-002
 2.8977560e-002
 2.8999951e-002
 2.9011836e-002
 2.9013602e-002
 2.9006293e-002
 2.8991856e-002
 2.8973229e-002
 2.8954258e-002
 2.8939433e-002
 2.8933642e-002
 2.8941914e-002
 2.8969208e-002
 2.9020119e-002
 2.9098500e-002
 2.9206904e-002
 2.9346136e-002
 2.9515129e-002
 2.9711001e-002
 2.9929683e-002
 3.0166272e-002
 3.0415516e-002
 3.0672202e-002
 3.0931216e-002
 3.1188091e-002
 3.1439167e-002
 3.1681996e-002
 3.1915557e-002
 3.2139946e-002
 3.2356255e-002
 3.2566037e-002
 3.2771118e-002
 3.2973528e-002
 3.3175290e-002
 3.3378519e-002
 3.3585545e-002
 3.3798784e-002
 3.4020964e-002
 3.4254912e-002
 3.4503594e-002
 3.4770139e-002
 3.5057567e-002
 3.5368983e-002
 3.5707191e-002
 3.6074623e-002
 3.6473218e-002
 3.6903877e-002
 3.7366763e-002
 3.7861038e-002
 3.8385224e-002
 3.8937639e-002
 3.9516158e-002
 4.0118769e-002
 4.0743060e-002
 4.1386265e-002
 4.2045288e-002
 4.2715929e-002
 4.3393463e-002
 4.4072151e-002
 4.4745695e-002
 4.5407701e-002
 4.6051431e-002
 4.6670254e-002
 4.7258202e-002
 4.7809932e-002
 4.8321888e-002
 4.8792377e-002
 4.9222026e-002
 4.9613666e-002
 4.9971465e-002
 5.0300676e-002
 5.0606839e-002
 5.0895847e-002
 5.1173367e-002
 5.1445212e-002
 5.1717054e-002
 5.1994216e-002
 5.2281998e-002
 5.2585479e-002
 5.2909672e-002
 5.3259265e-002
 5.3639080e-002
 5.4053742e-002
 5.4507099e-002
 5.5002280e-002
 5.5540822e-002
 5.6121621e-002
 5.6741487e-002
 5.7394858e-002
 5.8074705e-002
 5.8772523e-002
 5.9479855e-002
 6.0188230e-002
 6.0889006e-002
 6.1574861e-002
 6.2239844e-002
 6.2879391e-002
 6.3491493e-002
 6.4075992e-002
 6.4633675e-002
 6.5166578e-002
 6.5677002e-002
 6.6167444e-002
 6.6639952e-002
 6.7096598e-002
 6.7538895e-002
 6.7967318e-002
 6.8381824e-002
 6.8781599e-002
 6.9165014e-002
 6.9530413e-002
 6.9875926e-002
 7.0199855e-002
 7.0500635e-002
 7.0777766e-002
 7.1032040e-002
 7.1265906e-002
 7.1484007e-002
 7.1692787e-002
 7.1899883e-002
 7.2113857e-002
 7.2343573e-002
 7.2597578e-002
 7.2883844e-002
 7.3208697e-002
 7.3575914e-002
 7.3985361e-002
 7.4433215e-002
 7.4912056e-002
 7.5411469e-002
 7.5919807e-002
 7.6424763e-002
 7.6913737e-002
 7.7375308e-002
 7.7799775e-002
 7.8180671e-002
 7.8515492e-002
 7.8806713e-002
 7.9061002e-002
 7.9287983e-002
 7.9499319e-002
 7.9707488e-002
 7.9924881e-002
 8.0163427e-002
 8.0433495e-002
 8.0742992e-002
 8.1096195e-002
 8.1493743e-002
 8.1932902e-002
 8.2408085e-002
 8.2912490e-002
 8.3438650e-002
 8.3978578e-002
 8.4524997e-002
 8.5071407e-002
 8.5612342e-002
 8.6144574e-002
 8.6666852e-002
 8.7179914e-002
 8.7685540e-002
 8.8186674e-002
 8.8686615e-002
 8.9188330e-002
 8.9694783e-002
 9.0208128e-002
 9.0728790e-002
 9.1255732e-002
 9.1785729e-002
 9.2313841e-002
 9.2833392e-002
 9.3337290e-002
 9.3818136e-002
 9.4268307e-002
 9.4681263e-002
 9.5051944e-002
 9.5377617e-002
 9.5659293e-002
 9.5901817e-002
 9.6113339e-002
 9.6304759e-002
 9.6488439e-002
 9.6677385e-002
 9.6884347e-002
 9.7121224e-002
 9.7397760e-002
 9.7719841e-002
 9.8088555e-002
 9.8499559e-002
 9.8943211e-002
 9.9406525e-002
 9.9874243e-002
 1.0033032e-001
 1.0075843e-001
 1.0114380e-001
 1.0147420e-001
 1.0174157e-001
 1.0194411e-001
 1.0208655e-001
 1.0217953e-001
 1.0223820e-001
 1.0228028e-001
 1.0232463e-001
 1.0239015e-001
 1.0249471e-001
 1.0265381e-001
 1.0287873e-001
 1.0317533e-001
 1.0354338e-001
 1.0397683e-001
 1.0446580e-001
 1.0499801e-001
 1.0555967e-001
 1.0613707e-001
 1.0671677e-001
 1.0728646e-001
 1.0783522e-001
 1.0835490e-001
 1.0884004e-001
 1.0928719e-001
 1.0969505e-001
 1.1006337e-001
 1.1039219e-001
 1.1068218e-001
 1.1093438e-001
 1.1115037e-001
 1.1133306e-001
 1.1148689e-001
 1.1161803e-001
 1.1173416e-001
 1.1184416e-001
 1.1195762e-001
 1.1208428e-001
 1.1223385e-001
 1.1241544e-001
 1.1263671e-001
 1.1290323e-001
 1.1321755e-001
 1.1357896e-001
 1.1398351e-001
 1.1442528e-001
 1.1489707e-001
 1.1539071e-001
 1.1589821e-001
 1.1641176e-001
 1.1692371e-001
 1.1742763e-001
 1.1791828e-001
 1.1839135e-001
 1.1884412e-001
 1.1927461e-001
 1.1968146e-001
 1.2006333e-001
 1.2041936e-001
 1.2074896e-001
 1.2105182e-001
 1.2132870e-001
 1.2158147e-001
 1.2181308e-001
 1.2202781e-001
 1.2223070e-001
 1.2242732e-001
 1.2262333e-001
 1.2282450e-001
 1.2303632e-001
 1.2326354e-001
 1.2351001e-001
 1.2377825e-001
 1.2406900e-001
 1.2438183e-001
 1.2471519e-001
 1.2506706e-001
 1.2543477e-001
 1.2581579e-001
 1.2620741e-001
 1.2660637e-001
 1.2700935e-001
 1.2741239e-001
 1.2781072e-001
 1.2819925e-001
 1.2857252e-001
 1.2892453e-001
 1.2924954e-001
 1.2954175e-001
 1.2979583e-001
 1.3000698e-001
 1.3017190e-001
 1.3028885e-001
 1.3035803e-001
 1.3038132e-001
 1.3036188e-001
 1.3030365e-001
 1.3021085e-001
 1.3008788e-001
 1.2993905e-001
 1.2976857e-001
 1.2958027e-001
 1.2937757e-001
 1.2916356e-001
 1.2894075e-001
 1.2871137e-001
 1.2847760e-001
 1.2824133e-001
 1.2800431e-001
 1.2776811e-001
 1.2753358e-001
 1.2730056e-001
 1.2706751e-001
 1.2683152e-001
 1.2658815e-001
 1.2633196e-001
 1.2605709e-001
 1.2575720e-001
 1.2542590e-001
 1.2505710e-001
 1.2464472e-001
 1.2418324e-001
 1.2366758e-001
 1.2309371e-001
 1.2245784e-001
 1.2175658e-001
 1.2098734e-001
 1.2014735e-001
 1.1923425e-001
 1.1824755e-001
 1.1718848e-001
 1.1606212e-001
 1.1487971e-001
 1.1365755e-001
 1.1241757e-001
 1.1118529e-001
 1.0998939e-001
 1.0885847e-001
 1.0782062e-001
 1.0690220e-001
 1.0612354e-001
 1.0549619e-001
 1.0502018e-001
 1.0468175e-001
 1.0445531e-001
 1.0430641e-001
 1.0419545e-001
 1.0408049e-001
 1.0391974e-001
 1.0367409e-001
 1.0331021e-001
 1.0280461e-001
 1.0214760e-001
 1.0134408e-001
 1.0041226e-001
 9.9380977e-002
 9.8284282e-002
 9.7159132e-002
 9.6042581e-002
 9.4970830e-002
 9.3975283e-002
 9.3080565e-002
 9.2302635e-002
 9.1646530e-002
 9.1108121e-002
 9.0676792e-002
 9.0337425e-002
 9.0073086e-002
 8.9866191e-002
 8.9699537e-002
 8.9556701e-002
 8.9423008e-002
 8.9286156e-002
 8.9136310e-002
 8.8965937e-002
 8.8769332e-002
 8.8541731e-002
 8.8278964e-002
 8.7977573e-002
 8.7634839e-002
 8.7249845e-002
 8.6824439e-002
 8.6364679e-002
 8.5880592e-002
 8.5386097e-002
 8.4898308e-002
 8.4435649e-002
 8.4017195e-002
 8.3661921e-002
 8.3386846e-002
 8.3205484e-002
 8.3125345e-002
 8.3145820e-002
 8.3257161e-002
 8.3441585e-002
 8.3675139e-002
 8.3930448e-002
 8.4178634e-002
 8.4390715e-002
 8.4539630e-002
 8.4602170e-002
 8.4561728e-002
 8.4410727e-002
 8.4151499e-002
 8.3795302e-002
 8.3360240e-002
 8.2868144e-002
 8.2342550e-002
 8.1807524e-002
 8.1285432e-002
 8.0795467e-002
 8.0351852e-002
 7.9961114e-002
 7.9621859e-002
 7.9325341e-002
 7.9057664e-002
 7.8801572e-002
 7.8538448e-002
 7.8249790e-002
 7.7918179e-002
 7.7529028e-002
 7.7072859e-002
 7.6546468e-002
 7.5953968e-002
 7.5305931e-002
 7.4618310e-002
 7.3909551e-002
 7.3199473e-002
 7.2508581e-002
 7.1855992e-002
 7.1258642e-002
 7.0730075e-002
 7.0278138e-002
 6.9904819e-002
 6.9607213e-002
 6.9378465e-002
 6.9209740e-002
 6.9091231e-002
 6.9012903e-002
 6.8964705e-002
 6.8936929e-002
 6.8920344e-002
 6.8906344e-002
 6.8886988e-002
 6.8855025e-002
 6.8803698e-002
 6.8726659e-002
 6.8617754e-002
 6.8471111e-002
 6.8280935e-002
 6.8041615e-002
 6.7748003e-002
 6.7409478e-002
 6.7089580e-002
 6.6615760e-002
 6.6101544e-002
 6.5557301e-002
 6.4993523e-002
 6.4420559e-002
 6.3849166e-002
 6.3289687e-002
 6.2752627e-002
 6.2248450e-002
 6.1786562e-002
 6.1367523e-002
 6.0986523e-002
 6.0638849e-002
 6.0319692e-002
 6.0024478e-002
 5.9748396e-002
 5.9486717e-002
 5.9234671e-002
 5.8987629e-002
 5.8740813e-002
 5.8489494e-002
 5.8228880e-002
 5.7954364e-002
 5.7661559e-002
 5.7349779e-002
 5.7020266e-002
 5.6674220e-002
 5.6313079e-002
 5.5938043e-002
 5.5550378e-002
 5.5151276e-002
 5.4742202e-002
 5.4324325e-002
 5.3898934e-002
 5.3467199e-002
 5.3030588e-002
 5.2590296e-002
 5.2147578e-002
 5.1703732e-002
 5.1259909e-002
 5.0817609e-002
 5.0377928e-002
 4.9941491e-002
 4.9508501e-002
 4.9079474e-002
 4.8654623e-002
 4.8234247e-002
 4.7818556e-002
 4.7408070e-002
 4.7002982e-002
 4.6603605e-002
 4.6210248e-002
 4.5823131e-002
 4.5442745e-002
 4.5069307e-002
 4.4703115e-002
 4.4344414e-002
 4.3993659e-002
 4.3651093e-002
 4.3317009e-002
 4.2991646e-002
 4.2675465e-002
 4.2368706e-002
 4.2071607e-002
 4.1783858e-002
 4.1505113e-002
 4.1234788e-002
 4.0972393e-002
 4.0717434e-002
 4.0469345e-002
 4.0227756e-002
 3.9992105e-002
 3.9761897e-002
 3.9536577e-002
 3.9315756e-002
 3.9098885e-002
 3.8885459e-002
 3.8674936e-002
 3.8466923e-002
 3.8260855e-002
 3.8056254e-002
 3.7852611e-002
 3.7649382e-002
 3.7446167e-002
 3.7242420e-002
 3.7037641e-002
 3.6831282e-002
 3.6622949e-002
 3.6412090e-002
 3.6198284e-002
 3.5981644e-002
 3.5762738e-002
 3.5541989e-002
 3.5319857e-002
 3.5096809e-002
 3.4873255e-002
 3.4649774e-002
 3.4426779e-002
 3.4204733e-002
 3.3984054e-002
 3.3765309e-002
 3.3548918e-002
 3.3335339e-002
 3.3124994e-002
 3.2918453e-002
 3.2716125e-002
 3.2518487e-002
 3.2325946e-002
 3.2139067e-002
 3.1958275e-002
 3.1784028e-002
 3.1616800e-002
 3.1457014e-002
 3.1305213e-002
 3.1161834e-002
 3.1027334e-002
 3.0902151e-002
 3.0786816e-002
 3.0681761e-002
 3.0587364e-002
 3.0503256e-002
 3.0428788e-002
 3.0363249e-002
