s07_ASD Record=5229: Hematite HS45.3               BECKb AREF
 4.1271307e-002
 4.1488595e-002
 4.1713450e-002
 4.1935258e-002
 4.2144239e-002
 4.2334799e-002
 4.2506732e-002
 4.2663570e-002
 4.2809747e-002
 4.2948067e-002
 4.3079022e-002
 4.3201931e-002
 4.3316979e-002
 4.3427467e-002
 4.3541808e-002
 4.3672565e-002
 4.3830801e-002
 4.4019569e-002
 4.4230573e-002
 4.4446345e-002
 4.4647627e-002
 4.4823091e-002
 4.4975225e-002
 4.5118280e-002
 4.5270767e-002
 4.5446750e-002
 4.5648411e-002
 4.5865040e-002
 4.6081129e-002
 4.6285287e-002
 4.6473004e-002
 4.6644602e-002
 4.6801757e-002
 4.6945237e-002
 4.7074150e-002
 4.7186423e-002
 4.7280461e-002
 4.7357224e-002
 4.7422387e-002
 4.7487125e-002
 4.7566578e-002
 4.7675774e-002
 4.7823943e-002
 4.8009627e-002
 4.8219420e-002
 4.8431944e-002
 4.8625294e-002
 4.8784290e-002
 4.8903957e-002
 4.8988640e-002
 4.9048215e-002
 4.9093813e-002
 4.9134437e-002
 4.9175426e-002
 4.9219485e-002
 4.9269773e-002
 4.9332526e-002
 4.9414821e-002
 4.9519930e-002
 4.9643692e-002
 4.9760524e-002
 4.9849167e-002
 4.9905170e-002
 4.9925596e-002
 4.9919467e-002
 4.9914166e-002
 4.9928375e-002
 4.9964715e-002
 5.0016228e-002
 5.0071903e-002
 5.0123710e-002
 5.0170310e-002
 5.0214205e-002
 5.0255895e-002
 5.0290294e-002
 5.0307970e-002
 5.0300494e-002
 5.0266407e-002
 5.0213844e-002
 5.0158113e-002
 5.0115451e-002
 5.0095852e-002
 5.0098237e-002
 5.0110161e-002
 5.0112549e-002
 5.0087981e-002
 5.0029349e-002
 4.9944852e-002
 4.9855970e-002
 4.9787980e-002
 4.9756803e-002
 4.9759377e-002
 4.9774252e-002
 4.9773123e-002
 4.9736284e-002
 4.9662925e-002
 4.9571414e-002
 4.9489647e-002
 4.9441259e-002
 4.9434878e-002
 4.9459182e-002
 4.9484890e-002
 4.9474686e-002
 4.9397815e-002
 4.9244598e-002
 4.9032509e-002
 4.8795700e-002
 4.8568394e-002
 4.8375864e-002
 4.8232764e-002
 4.8141245e-002
 4.8087403e-002
 4.8044290e-002
 4.7986016e-002
 4.7903273e-002
 4.7806591e-002
 4.7716442e-002
 4.7651634e-002
 4.7624040e-002
 4.7636572e-002
 4.7680762e-002
 4.7739241e-002
 4.7797136e-002
 4.7851946e-002
 4.7907535e-002
 4.7956679e-002
 4.7973551e-002
 4.7927510e-002
 4.7806162e-002
 4.7628090e-002
 4.7436580e-002
 4.7278080e-002
 4.7178082e-002
 4.7131311e-002
 4.7114603e-002
 4.7108926e-002
 4.7107495e-002
 4.7105450e-002
 4.7089890e-002
 4.7045372e-002
 4.6967294e-002
 4.6865426e-002
 4.6754085e-002
 4.6642333e-002
 4.6536177e-002
 4.6448059e-002
 4.6397619e-002
 4.6396237e-002
 4.6428949e-002
 4.6455950e-002
 4.6438679e-002
 4.6368554e-002
 4.6272062e-002
 4.6190780e-002
 4.6156790e-002
 4.6179131e-002
 4.6242248e-002
 4.6314202e-002
 4.6363670e-002
 4.6376962e-002
 4.6361275e-002
 4.6333469e-002
 4.6308216e-002
 4.6295445e-002
 4.6301655e-002
 4.6326552e-002
 4.6359032e-002
 4.6384774e-002
 4.6404187e-002
 4.6439093e-002
 4.6511397e-002
 4.6611123e-002
 4.6691254e-002
 4.6701912e-002
 4.6632152e-002
 4.6517272e-002
 4.6406813e-002
 4.6332158e-002
 4.6308473e-002
 4.6355568e-002
 4.6493344e-002
 4.6704080e-002
 4.6910927e-002
 4.7020592e-002
 4.7004282e-002
 4.6927087e-002
 4.6880104e-002
 4.6890892e-002
 4.6919815e-002
 4.6933237e-002
 4.6950035e-002
 4.7015462e-002
 4.7153015e-002
 4.7343172e-002
 4.7529466e-002
 4.7645524e-002
 4.7657993e-002
 4.7589336e-002
 4.7489587e-002
 4.7392894e-002
 4.7315497e-002
 4.7277562e-002
 4.7293626e-002
 4.7348373e-002
 4.7415275e-002
 4.7497157e-002
 4.7619771e-002
 4.7791500e-002
 4.7998965e-002
 4.8230745e-002
 4.8467051e-002
 4.8653588e-002
 4.8733328e-002
 4.8717886e-002
 4.8699223e-002
 4.8774377e-002
 4.8965637e-002
 4.9216311e-002
 4.9454950e-002
 4.9655590e-002
 4.9842510e-002
 5.0062981e-002
 5.0370656e-002
 5.0800566e-002
 5.1313765e-002
 5.1786166e-002
 5.2115127e-002
 5.2342787e-002
 5.2623976e-002
 5.3058717e-002
 5.3584214e-002
 5.4039594e-002
 5.4325454e-002
 5.4499257e-002
 5.4723296e-002
 5.5132579e-002
 5.5754907e-002
 5.6526687e-002
 5.7349119e-002
 5.8130808e-002
 5.8814172e-002
 5.9399612e-002
 5.9953224e-002
 6.0556624e-002
 6.1208297e-002
 6.1798360e-002
 6.2237509e-002
 6.2587053e-002
 6.2990747e-002
 6.3495815e-002
 6.4030811e-002
 6.4535052e-002
 6.5014005e-002
 6.5478526e-002
 6.5892629e-002
 6.6204220e-002
 6.6416666e-002
 6.6617317e-002
 6.6925906e-002
 6.7404203e-002
 6.8005770e-002
 6.8601668e-002
 6.9061585e-002
 6.9341421e-002
 6.9498792e-002
 6.9615588e-002
 6.9738507e-002
 6.9898032e-002
 7.0108011e-002
 7.0327878e-002
 7.0505887e-002
 7.0676632e-002
 7.0926376e-002
 7.1237981e-002
 7.1489319e-002
 7.1645707e-002
 7.1807779e-002
 7.2024956e-002
 7.2208799e-002
 7.2288282e-002
 7.2325036e-002
 7.2410539e-002
 7.2539985e-002
 7.2678924e-002
 7.2850190e-002
 7.3052488e-002
 7.3215976e-002
 7.3320836e-002
 7.3472425e-002
 7.3783539e-002
 7.4213937e-002
 7.4567713e-002
 7.4677721e-002
 7.4600801e-002
 7.4571475e-002
 7.4733473e-002
 7.4993223e-002
 7.5170256e-002
 7.5227663e-002
 7.5320221e-002
 7.5618632e-002
 7.6100096e-002
 7.6576248e-002
 7.6931313e-002
 7.7208959e-002
 7.7447943e-002
 7.7602006e-002
 7.7677108e-002
 7.7785075e-002
 7.7990025e-002
 7.8235433e-002
 7.8478537e-002
 7.8770362e-002
 7.9147853e-002
 7.9551056e-002
 7.9896137e-002
 8.0158897e-002
 8.0355175e-002
 8.0507062e-002
 8.0660716e-002
 8.0899641e-002
 8.1283607e-002
 8.1770346e-002
 8.2238331e-002
 8.2591102e-002
 8.2826614e-002
 8.3019629e-002
 8.3250642e-002
 8.3551355e-002
 8.3907060e-002
 8.4294342e-002
 8.4708966e-002
 8.5161835e-002
 8.5654609e-002
 8.6162522e-002
 8.6643353e-002
 8.7064490e-002
 8.7423176e-002
 8.7744065e-002
 8.8062949e-002
 8.8413969e-002
 8.8824280e-002
 8.9311384e-002
 8.9879215e-002
 9.0510122e-002
 9.1152087e-002
 9.1718599e-002
 9.2133492e-002
 9.2409998e-002
 9.2685282e-002
 9.3127318e-002
 9.3752995e-002
 9.4359428e-002
 9.4788425e-002
 9.5258206e-002
 9.5940955e-002
 9.6611157e-002
 9.7003356e-002
 9.7232178e-002
 9.7594693e-002
 9.8182224e-002
 9.8862231e-002
 9.9478550e-002
 9.9990882e-002
 1.0046954e-001
 1.0096806e-001
 1.0144206e-001
 1.0183813e-001
 1.0219793e-001
 1.0261513e-001
 1.0312942e-001
 1.0368372e-001
 1.0417829e-001
 1.0459104e-001
 1.0501733e-001
 1.0553528e-001
 1.0609135e-001
 1.0658339e-001
 1.0698698e-001
 1.0734968e-001
 1.0771337e-001
 1.0807154e-001
 1.0839003e-001
 1.0867026e-001
 1.0896675e-001
 1.0930873e-001
 1.0964938e-001
 1.0994279e-001
 1.1022249e-001
 1.1055642e-001
 1.1096986e-001
 1.1144077e-001
 1.1191743e-001
 1.1230687e-001
 1.1250459e-001
 1.1251822e-001
 1.1249588e-001
 1.1254316e-001
 1.1263093e-001
 1.1262310e-001
 1.1251206e-001
 1.1251400e-001
 1.1271870e-001
 1.1294799e-001
 1.1301319e-001
 1.1289650e-001
 1.1272777e-001
 1.1265488e-001
 1.1272558e-001
 1.1287945e-001
 1.1303017e-001
 1.1311879e-001
 1.1311834e-001
 1.1302499e-001
 1.1287061e-001
 1.1271854e-001
 1.1262418e-001
 1.1259011e-001
 1.1256712e-001
 1.1249772e-001
 1.1235017e-001
 1.1212148e-001
 1.1182765e-001
 1.1150716e-001
 1.1121262e-001
 1.1098213e-001
 1.1081623e-001
 1.1067408e-001
 1.1049334e-001
 1.1028928e-001
 1.1003932e-001
 1.0985101e-001
 1.0977750e-001
 1.0977054e-001
 1.0974112e-001
 1.0960018e-001
 1.0927735e-001
 1.0882492e-001
 1.0834469e-001
 1.0793854e-001
 1.0768959e-001
 1.0755625e-001
 1.0744660e-001
 1.0726859e-001
 1.0694844e-001
 1.0653292e-001
 1.0611772e-001
 1.0579866e-001
 1.0565329e-001
 1.0563678e-001
 1.0565434e-001
 1.0559262e-001
 1.0536348e-001
 1.0495727e-001
 1.0444595e-001
 1.0390483e-001
 1.0340945e-001
 1.0303271e-001
 1.0279147e-001
 1.0264713e-001
 1.0255858e-001
 1.0248476e-001
 1.0238556e-001
 1.0224234e-001
 1.0205755e-001
 1.0183460e-001
 1.0157685e-001
 1.0128807e-001
 1.0097922e-001
 1.0066862e-001
 1.0037471e-001
 1.0011609e-001
 9.9911265e-002
 9.9772580e-002
 9.9688537e-002
 9.9641845e-002
 9.9615157e-002
 9.9591188e-002
 9.9552631e-002
 9.9485569e-002
 9.9389292e-002
 9.9266209e-002
 9.9118784e-002
 9.8949388e-002
 9.8760515e-002
 9.8554552e-002
 9.8335192e-002
 9.8110974e-002
 9.7891517e-002
 9.7686514e-002
 9.7505614e-002
 9.7358480e-002
 9.7254746e-002
 9.7204119e-002
 9.7212739e-002
 9.7273722e-002
 9.7377069e-002
 9.7512744e-002
 9.7670801e-002
 9.7841203e-002
 9.8013952e-002
 9.8179087e-002
 9.8328590e-002
 9.8462075e-002
 9.8580860e-002
 9.8686308e-002
 9.8779730e-002
 9.8862477e-002
 9.8935902e-002
 9.9001333e-002
 9.9060476e-002
 9.9116400e-002
 9.9172451e-002
 9.9232033e-002
 9.9298500e-002
 9.9375218e-002
 9.9465579e-002
 9.9572927e-002
 9.9700667e-002
 9.9852137e-002
 1.0003073e-001
 1.0023979e-001
 1.0048049e-001
 1.0074570e-001
 1.0102658e-001
 1.0131416e-001
 1.0159959e-001
 1.0187390e-001
 1.0212822e-001
 1.0235366e-001
 1.0254127e-001
 1.0268215e-001
 1.0276740e-001
 1.0278812e-001
 1.0274005e-001
 1.0263559e-001
 1.0249089e-001
 1.0232203e-001
 1.0214517e-001
 1.0197638e-001
 1.0183181e-001
 1.0172756e-001
 1.0167976e-001
 1.0170453e-001
 1.0181797e-001
 1.0202908e-001
 1.0232183e-001
 1.0267465e-001
 1.0306604e-001
 1.0347439e-001
 1.0387827e-001
 1.0425600e-001
 1.0458616e-001
 1.0484713e-001
 1.0501742e-001
 1.0508340e-001
 1.0505907e-001
 1.0496435e-001
 1.0481923e-001
 1.0464356e-001
 1.0445738e-001
 1.0428055e-001
 1.0413307e-001
 1.0403484e-001
 1.0400583e-001
 1.0406095e-001
 1.0419802e-001
 1.0441122e-001
 1.0469465e-001
 1.0504255e-001
 1.0544896e-001
 1.0590810e-001
 1.0641420e-001
 1.0696127e-001
 1.0754362e-001
 1.0815375e-001
 1.0877950e-001
 1.0940733e-001
 1.1002397e-001
 1.1061593e-001
 1.1116993e-001
 1.1167246e-001
 1.1211025e-001
 1.1246981e-001
 1.1274552e-001
 1.1295749e-001
 1.1313109e-001
 1.1329178e-001
 1.1346496e-001
 1.1367607e-001
 1.1395051e-001
 1.1431376e-001
 1.1477971e-001
 1.1532463e-001
 1.1591684e-001
 1.1652490e-001
 1.1711710e-001
 1.1766201e-001
 1.1812790e-001
 1.1848328e-001
 1.1871155e-001
 1.1884461e-001
 1.1892441e-001
 1.1899282e-001
 1.1909173e-001
 1.1926302e-001
 1.1954861e-001
 1.1999034e-001
 1.2061218e-001
 1.2137988e-001
 1.2224784e-001
 1.2310669e-001
 1.2402103e-001
 1.2489263e-001
 1.2568781e-001
 1.2639926e-001
 1.2704088e-001
 1.2764040e-001
 1.2823202e-001
 1.2885012e-001
 1.2952019e-001
 1.3024448e-001
 1.3099375e-001
 1.3171613e-001
 1.3235152e-001
 1.3284381e-001
 1.3315602e-001
 1.3328759e-001
 1.3327992e-001
 1.3320582e-001
 1.3315216e-001
 1.3320346e-001
 1.3342433e-001
 1.3384239e-001
 1.3444225e-001
 1.3517490e-001
 1.3597484e-001
 1.3677527e-001
 1.3752121e-001
 1.3817930e-001
 1.3874084e-001
 1.3921702e-001
 1.3963015e-001
 1.4000583e-001
 1.4036769e-001
 1.4073406e-001
 1.4111723e-001
 1.4152405e-001
 1.4195734e-001
 1.4241594e-001
 1.4289366e-001
 1.4321244e-001
 1.4356872e-001
 1.4389074e-001
 1.4417125e-001
 1.4440544e-001
 1.4459150e-001
 1.4473127e-001
 1.4483041e-001
 1.4489815e-001
 1.4494677e-001
 1.4499038e-001
 1.4504343e-001
 1.4511912e-001
 1.4522785e-001
 1.4537634e-001
 1.4556739e-001
 1.4579986e-001
 1.4606908e-001
 1.4636718e-001
 1.4668375e-001
 1.4700688e-001
 1.4732392e-001
 1.4762273e-001
 1.4789262e-001
 1.4812520e-001
 1.4831533e-001
 1.4846212e-001
 1.4856966e-001
 1.4864686e-001
 1.4870642e-001
 1.4876242e-001
 1.4882760e-001
 1.4891092e-001
 1.4901602e-001
 1.4914060e-001
 1.4927730e-001
 1.4941536e-001
 1.4954317e-001
 1.4965081e-001
 1.4973228e-001
 1.4978649e-001
 1.4981729e-001
 1.4983220e-001
 1.4984076e-001
 1.4985237e-001
 1.4987455e-001
 1.4991188e-001
 1.4996530e-001
 1.5003239e-001
 1.5010788e-001
 1.5018468e-001
 1.5025471e-001
 1.5031002e-001
 1.5034376e-001
 1.5035094e-001
 1.5032932e-001
 1.5027983e-001
 1.5020673e-001
 1.5011719e-001
 1.5002041e-001
 1.4992622e-001
 1.4984345e-001
 1.4977844e-001
 1.4973392e-001
 1.4970878e-001
 1.4969854e-001
 1.4969660e-001
 1.4969598e-001
 1.4969084e-001
 1.4967778e-001
 1.4965624e-001
 1.4962819e-001
 1.4959726e-001
 1.4956748e-001
 1.4954227e-001
 1.4952362e-001
 1.4951201e-001
 1.4950672e-001
 1.4950643e-001
 1.4950992e-001
 1.4951645e-001
 1.4952601e-001
 1.4953917e-001
 1.4955661e-001
 1.4957887e-001
 1.4960599e-001
 1.4963740e-001
 1.4967199e-001
 1.4970826e-001
 1.4974442e-001
 1.4977846e-001
 1.4980811e-001
 1.4983076e-001
 1.4984345e-001
 1.4984307e-001
 1.4982659e-001
 1.4979176e-001
 1.4973761e-001
 1.4966497e-001
 1.4957672e-001
 1.4947765e-001
 1.4937387e-001
 1.4927210e-001
 1.4917843e-001
 1.4909740e-001
 1.4903121e-001
 1.4897925e-001
 1.4893813e-001
 1.4890221e-001
 1.4886437e-001
 1.4881721e-001
 1.4875408e-001
 1.4867017e-001
 1.4856319e-001
 1.4843376e-001
 1.4828524e-001
 1.4812332e-001
 1.4795518e-001
 1.4778863e-001
 1.4763112e-001
 1.4748907e-001
 1.4736722e-001
 1.4726825e-001
 1.4719273e-001
 1.4713918e-001
 1.4710428e-001
 1.4708336e-001
 1.4707078e-001
 1.4706068e-001
 1.4704762e-001
 1.4702728e-001
 1.4699712e-001
 1.4695670e-001
 1.4690773e-001
 1.4685370e-001
 1.4679916e-001
 1.4674872e-001
 1.4670604e-001
 1.4667299e-001
 1.4664917e-001
 1.4663196e-001
 1.4661698e-001
 1.4659894e-001
 1.4657256e-001
 1.4653346e-001
 1.4647879e-001
 1.4640746e-001
 1.4632019e-001
 1.4621930e-001
 1.4610839e-001
 1.4599203e-001
 1.4587551e-001
 1.4576453e-001
 1.4566481e-001
 1.4558151e-001
 1.4551853e-001
 1.4547783e-001
 1.4545885e-001
 1.4545824e-001
 1.4547008e-001
 1.4548673e-001
 1.4549981e-001
 1.4550155e-001
 1.4548595e-001
 1.4544940e-001
 1.4539091e-001
 1.4531185e-001
 1.4521523e-001
 1.4510508e-001
 1.4498597e-001
 1.4486280e-001
 1.4474088e-001
 1.4462602e-001
 1.4452432e-001
 1.4444168e-001
 1.4438269e-001
 1.4434928e-001
 1.4433961e-001
 1.4434730e-001
 1.4436187e-001
 1.4436997e-001
 1.4435777e-001
 1.4431340e-001
 1.4422937e-001
 1.4410403e-001
 1.4394167e-001
 1.4375152e-001
 1.4354561e-001
 1.4333628e-001
 1.4313398e-001
 1.4294586e-001
 1.4277519e-001
 1.4262210e-001
 1.4248453e-001
 1.4235988e-001
 1.4224602e-001
 1.4214200e-001
 1.4204809e-001
 1.4196542e-001
 1.4189512e-001
 1.4183767e-001
 1.4179231e-001
 1.4175686e-001
 1.4172786e-001
 1.4170107e-001
 1.4167209e-001
 1.4163694e-001
 1.4159265e-001
 1.4153762e-001
 1.4147159e-001
 1.4139563e-001
 1.4131165e-001
 1.4122204e-001
 1.4112924e-001
 1.4103518e-001
 1.4094114e-001
 1.4084765e-001
 1.4075457e-001
 1.4066134e-001
 1.4056736e-001
 1.4047231e-001
 1.4037637e-001
 1.4028034e-001
 1.4018545e-001
 1.4009301e-001
 1.4000401e-001
 1.3991851e-001
 1.3983555e-001
 1.3975307e-001
 1.3966835e-001
 1.3957864e-001
 1.3948220e-001
 1.3937891e-001
 1.3927086e-001
 1.3916211e-001
 1.3905813e-001
 1.3896458e-001
 1.3888606e-001
 1.3882491e-001
 1.3878055e-001
 1.3874954e-001
 1.3872622e-001
 1.3870399e-001
 1.3867663e-001
 1.3863951e-001
 1.3859035e-001
 1.3852932e-001
 1.3845854e-001
 1.3838126e-001
 1.3830075e-001
 1.3821954e-001
 1.3813877e-001
 1.3805814e-001
 1.3797629e-001
 1.3789144e-001
 1.3780218e-001
 1.3770826e-001
 1.3761091e-001
 1.3751309e-001
 1.3741891e-001
 1.3733311e-001
 1.3725987e-001
 1.3720194e-001
 1.3715968e-001
 1.3713072e-001
 1.3710997e-001
 1.3709010e-001
 1.3706268e-001
 1.3701931e-001
 1.3695289e-001
 1.3685878e-001
 1.3673544e-001
 1.3658468e-001
 1.3641150e-001
 1.3622330e-001
 1.3602883e-001
 1.3583709e-001
 1.3565601e-001
 1.3549161e-001
 1.3534722e-001
 1.3522324e-001
 1.3511737e-001
 1.3502513e-001
 1.3494074e-001
 1.3485813e-001
 1.3477188e-001
 1.3467821e-001
 1.3457541e-001
 1.3446428e-001
 1.3434792e-001
 1.3423128e-001
 1.3412043e-001
 1.3402164e-001
 1.3394020e-001
 1.3387971e-001
 1.3384116e-001
 1.3382271e-001
 1.3381967e-001
 1.3382502e-001
 1.3383031e-001
 1.3382684e-001
 1.3380684e-001
 1.3376471e-001
 1.3369760e-001
 1.3360584e-001
 1.3349259e-001
 1.3336325e-001
 1.3322444e-001
 1.3308297e-001
 1.3294509e-001
 1.3281582e-001
 1.3269894e-001
 1.3259697e-001
 1.3251150e-001
 1.3244350e-001
 1.3239339e-001
 1.3236105e-001
 1.3234571e-001
 1.3234563e-001
 1.3235806e-001
 1.3237919e-001
 1.3240436e-001
 1.3242847e-001
 1.3244638e-001
 1.3245337e-001
 1.3244553e-001
 1.3241996e-001
 1.3237499e-001
 1.3231021e-001
 1.3222665e-001
 1.3212681e-001
 1.3201466e-001
 1.3189559e-001
 1.3177592e-001
 1.3166244e-001
 1.3156150e-001
 1.3147800e-001
 1.3141473e-001
 1.3137180e-001
 1.3134663e-001
 1.3133460e-001
 1.3132994e-001
 1.3132696e-001
 1.3132110e-001
 1.3130967e-001
 1.3129194e-001
 1.3126872e-001
 1.3124166e-001
 1.3121226e-001
 1.3118109e-001
 1.3114752e-001
 1.3110967e-001
 1.3106506e-001
 1.3101125e-001
 1.3094662e-001
 1.3087092e-001
 1.3078541e-001
 1.3069281e-001
 1.3059697e-001
 1.3050216e-001
 1.3041276e-001
 1.3033263e-001
 1.3026491e-001
 1.3021165e-001
 1.3017373e-001
 1.3015065e-001
 1.3014042e-001
 1.3013954e-001
 1.3014311e-001
 1.3014507e-001
 1.3013878e-001
 1.3011771e-001
 1.3007610e-001
 1.3000983e-001
 1.2991692e-001
 1.2979791e-001
 1.2965573e-001
 1.2949544e-001
 1.2932368e-001
 1.2914777e-001
 1.2897520e-001
 1.2881272e-001
 1.2866578e-001
 1.2853827e-001
 1.2843210e-001
 1.2834741e-001
 1.2828256e-001
 1.2823452e-001
 1.2819923e-001
 1.2817219e-001
 1.2814900e-001
 1.2812598e-001
 1.2810062e-001
 1.2807216e-001
 1.2804176e-001
 1.2801251e-001
 1.2798911e-001
 1.2797728e-001
 1.2798280e-001
 1.2801029e-001
 1.2806216e-001
 1.2813751e-001
 1.2823164e-001
 1.2833598e-001
 1.2843893e-001
 1.2852721e-001
 1.2858774e-001
 1.2860957e-001
 1.2858564e-001
 1.2851386e-001
 1.2839739e-001
 1.2824415e-001
 1.2806551e-001
 1.2787473e-001
 1.2768525e-001
 1.2750910e-001
 1.2735607e-001
 1.2723309e-001
 1.2714419e-001
 1.2709087e-001
 1.2707245e-001
 1.2708656e-001
 1.2712948e-001
 1.2719648e-001
 1.2728196e-001
 1.2737972e-001
 1.2748317e-001
 1.2758568e-001
 1.2768109e-001
 1.2776415e-001
 1.2783103e-001
 1.2787963e-001
 1.2790966e-001
 1.2792243e-001
 1.2792024e-001
 1.2790567e-001
 1.2788063e-001
 1.2784581e-001
 1.2780024e-001
 1.2774153e-001
 1.2766658e-001
 1.2757257e-001
 1.2745827e-001
 1.2732486e-001
 1.2717658e-001
 1.2702045e-001
 1.2686539e-001
 1.2672107e-001
 1.2659614e-001
 1.2649705e-001
 1.2642695e-001
 1.2638539e-001
 1.2636858e-001
 1.2637028e-001
 1.2638289e-001
 1.2639880e-001
 1.2641151e-001
 1.2641644e-001
 1.2641153e-001
 1.2639710e-001
 1.2637572e-001
 1.2635142e-001
 1.2632895e-001
 1.2631297e-001
 1.2630711e-001
 1.2631348e-001
 1.2633210e-001
 1.2636095e-001
 1.2639596e-001
 1.2643157e-001
 1.2646137e-001
 1.2647879e-001
 1.2647802e-001
 1.2645459e-001
 1.2640604e-001
 1.2633213e-001
 1.2623493e-001
 1.2611851e-001
 1.2598862e-001
 1.2585182e-001
 1.2571511e-001
 1.2558489e-001
 1.2546660e-001
 1.2536421e-001
 1.2527980e-001
 1.2521365e-001
 1.2516434e-001
 1.2512903e-001
 1.2510398e-001
 1.2508509e-001
 1.2506850e-001
 1.2505116e-001
 1.2503134e-001
 1.2500893e-001
 1.2498562e-001
 1.2496477e-001
 1.2495103e-001
 1.2494972e-001
 1.2496593e-001
 1.2500356e-001
 1.2506439e-001
 1.2514730e-001
 1.2524803e-001
 1.2535933e-001
 1.2547189e-001
 1.2557557e-001
 1.2566110e-001
 1.2572178e-001
 1.2575470e-001
 1.2576140e-001
 1.2574770e-001
 1.2572256e-001
 1.2569650e-001
 1.2567957e-001
 1.2567957e-001
 1.2570056e-001
 1.2574203e-001
 1.2579888e-001
 1.2586220e-001
 1.2592107e-001
 1.2596472e-001
 1.2598425e-001
 1.2597398e-001
 1.2593190e-001
 1.2585954e-001
 1.2576193e-001
 1.2564728e-001
 1.2552577e-001
 1.2540810e-001
 1.2530363e-001
 1.2521863e-001
 1.2515523e-001
 1.2511095e-001
 1.2507938e-001
 1.2505135e-001
 1.2501708e-001
 1.2496829e-001
 1.2489976e-001
 1.2481030e-001
 1.2470302e-001
 1.2458491e-001
 1.2446609e-001
 1.2435867e-001
 1.2427503e-001
 1.2422615e-001
 1.2421989e-001
 1.2425983e-001
 1.2434456e-001
 1.2446795e-001
 1.2461985e-001
 1.2478767e-001
 1.2495793e-001
 1.2511802e-001
 1.2525776e-001
 1.2537020e-001
 1.2545185e-001
 1.2550242e-001
 1.2552431e-001
 1.2552187e-001
 1.2550062e-001
 1.2546678e-001
 1.2542644e-001
 1.2538476e-001
 1.2534527e-001
 1.2530944e-001
 1.2527639e-001
 1.2524319e-001
 1.2520549e-001
 1.2515856e-001
 1.2509845e-001
 1.2502310e-001
 1.2493315e-001
 1.2483206e-001
 1.2472548e-001
 1.2462024e-001
 1.2452324e-001
 1.2444029e-001
 1.2437533e-001
 1.2433006e-001
 1.2430389e-001
 1.2429425e-001
 1.2429721e-001
 1.2430838e-001
 1.2432379e-001
 1.2434065e-001
 1.2435777e-001
 1.2437553e-001
 1.2439548e-001
 1.2441958e-001
 1.2444929e-001
 1.2448467e-001
 1.2452381e-001
 1.2456264e-001
 1.2459519e-001
 1.2461446e-001
 1.2461356e-001
 1.2458714e-001
 1.2453266e-001
 1.2445135e-001
 1.2434858e-001
 1.2423351e-001
 1.2411804e-001
 1.2401520e-001
 1.2393725e-001
 1.2389378e-001
 1.2389024e-001
 1.2392705e-001
 1.2399948e-001
 1.2409844e-001
 1.2421176e-001
 1.2432599e-001
 1.2442829e-001
 1.2450804e-001
 1.2455801e-001
 1.2457514e-001
 1.2456047e-001
 1.2451876e-001
 1.2445766e-001
 1.2438671e-001
 1.2431625e-001
 1.2425645e-001
 1.2421636e-001
 1.2420308e-001
 1.2422122e-001
 1.2427232e-001
 1.2435459e-001
 1.2446288e-001
 1.2458901e-001
 1.2472239e-001
 1.2485112e-001
 1.2496316e-001
 1.2504779e-001
 1.2509689e-001
 1.2510581e-001
 1.2507404e-001
 1.2500501e-001
 1.2490546e-001
 1.2478439e-001
 1.2465169e-001
 1.2451678e-001
 1.2438734e-001
 1.2426877e-001
 1.2416379e-001
 1.2407287e-001
 1.2399490e-001
 1.2392811e-001
 1.2387110e-001
 1.2382355e-001
 1.2378665e-001
 1.2376307e-001
 1.2375642e-001
 1.2377041e-001
 1.2380771e-001
 1.2386893e-001
 1.2395174e-001
 1.2405065e-001
 1.2415744e-001
 1.2426220e-001
 1.2435461e-001
 1.2442537e-001
 1.2446753e-001
 1.2447723e-001
 1.2445418e-001
 1.2440178e-001
 1.2432688e-001
 1.2423882e-001
 1.2414809e-001
 1.2406462e-001
 1.2399606e-001
 1.2394637e-001
 1.2391502e-001
 1.2389708e-001
 1.2388406e-001
 1.2386559e-001
 1.2383144e-001
 1.2377363e-001
 1.2368822e-001
 1.2357617e-001
 1.2344313e-001
 1.2329844e-001
 1.2315347e-001
 1.2301993e-001
 1.2290811e-001
 1.2282546e-001
 1.2277595e-001
 1.2275969e-001
 1.2277310e-001
 1.2280953e-001
 1.2286037e-001
 1.2291630e-001
 1.2296862e-001
 1.2301040e-001
 1.2303732e-001
 1.2304810e-001
 1.2304442e-001
 1.2303041e-001
 1.2301194e-001
 1.2299567e-001
 1.2298809e-001
 1.2299477e-001
 1.2301970e-001
 1.2306502e-001
 1.2313094e-001
 1.2321583e-001
 1.2331656e-001
 1.2342882e-001
 1.2354761e-001
 1.2366741e-001
 1.2378260e-001
 1.2388758e-001
 1.2397695e-001
 1.2404568e-001
 1.2408922e-001
 1.2410358e-001
 1.2408556e-001
 1.2403283e-001
 1.2394405e-001
 1.2381906e-001
 1.2365895e-001
 1.2346620e-001
 1.2324494e-001
 1.2300101e-001
 1.2274226e-001
 1.2247866e-001
 1.2222206e-001
 1.2198613e-001
 1.2178538e-001
 1.2163437e-001
 1.2154617e-001
 1.2153082e-001
 1.2159379e-001
 1.2173470e-001
 1.2194651e-001
 1.2221554e-001
 1.2252235e-001
 1.2284334e-001
 1.2315319e-001
 1.2342747e-001
 1.2364534e-001
 1.2379198e-001
 1.2386000e-001
 1.2385020e-001
 1.2377109e-001
 1.2363756e-001
 1.2346890e-001
 1.2328632e-001
 1.2311067e-001
 1.2296017e-001
 1.2284902e-001
 1.2278644e-001
 1.2277655e-001
 1.2281865e-001
 1.2290813e-001
 1.2303731e-001
 1.2319653e-001
 1.2337497e-001
 1.2356143e-001
 1.2374493e-001
 1.2391517e-001
 1.2406306e-001
 1.2418110e-001
 1.2426396e-001
 1.2430897e-001
 1.2431641e-001
 1.2428978e-001
 1.2423569e-001
 1.2416334e-001
 1.2408376e-001
 1.2400874e-001
 1.2394968e-001
 1.2391631e-001
 1.2391579e-001
 1.2395206e-001
 1.2402553e-001
 1.2413319e-001
 1.2426920e-001
 1.2442572e-001
 1.2459411e-001
 1.2476597e-001
 1.2493420e-001
 1.2509374e-001
 1.2524188e-001
 1.2537804e-001
 1.2550318e-001
 1.2561919e-001
 1.2572812e-001
 1.2583154e-001
 1.2593019e-001
 1.2602349e-001
 1.2610941e-001
 1.2618442e-001
 1.2624352e-001
 1.2628061e-001
 1.2628907e-001
 1.2626256e-001
 1.2619604e-001
 1.2608691e-001
 1.2593578e-001
 1.2574692e-001
 1.2552828e-001
 1.2529209e-001
 1.2503192e-001
 1.2478078e-001
 1.2455285e-001
 1.2436000e-001
 1.2420992e-001
 1.2410521e-001
 1.2404377e-001
 1.2402017e-001
 1.2402721e-001
 1.2405701e-001
 1.2410167e-001
 1.2415368e-001
 1.2420635e-001
 1.2425420e-001
 1.2429332e-001
 1.2432134e-001
 1.2433730e-001
 1.2434131e-001
 1.2433410e-001
 1.2431676e-001
 1.2429049e-001
 1.2425657e-001
 1.2421624e-001
 1.2417082e-001
 1.2412154e-001
 1.2406966e-001
 1.2401643e-001
 1.2396304e-001
 1.2391075e-001
 1.2386079e-001
 1.2381443e-001
 1.2377314e-001
 1.2373859e-001
 1.2371302e-001
 1.2369929e-001
 1.2370097e-001
 1.2372229e-001
 1.2376796e-001
 1.2384296e-001
 1.2395227e-001
 1.2410063e-001
 1.2429189e-001
 1.2452810e-001
 1.2480849e-001
 1.2512814e-001
 1.2547785e-001
 1.2584434e-001
 1.2621135e-001
 1.2656103e-001
 1.2687476e-001
 1.2713437e-001
 1.2732314e-001
 1.2742771e-001
 1.2744045e-001
 1.2736136e-001
 1.2719882e-001
 1.2696896e-001
 1.2669355e-001
 1.2639757e-001
 1.2610756e-001
 1.2584977e-001
 1.2564884e-001
 1.2552540e-001
 1.2549332e-001
 1.2555745e-001
 1.2571254e-001
 1.2594436e-001
 1.2623183e-001
 1.2655008e-001
 1.2687233e-001
 1.2717175e-001
 1.2742305e-001
 1.2760431e-001
 1.2769948e-001
 1.2770048e-001
 1.2760796e-001
 1.2743053e-001
 1.2718271e-001
 1.2688237e-001
 1.2654911e-001
 1.2620282e-001
 1.2586245e-001
 1.2554514e-001
 1.2526442e-001
 1.2502931e-001
 1.2484363e-001
 1.2470650e-001
 1.2461366e-001
 1.2455877e-001
 1.2453450e-001
 1.2453325e-001
 1.2454753e-001
 1.2457035e-001
 1.2459565e-001
 1.2461857e-001
 1.2463561e-001
 1.2464453e-001
 1.2464394e-001
 1.2463306e-001
 1.2461137e-001
 1.2457857e-001
 1.2453467e-001
 1.2448021e-001
 1.2441661e-001
 1.2434646e-001
 1.2427371e-001
 1.2420345e-001
 1.2414167e-001
 1.2409487e-001
 1.2406965e-001
 1.2407245e-001
 1.2410883e-001
 1.2418271e-001
 1.2429514e-001
 1.2444336e-001
 1.2462032e-001
 1.2481512e-001
 1.2501410e-001
 1.2520185e-001
 1.2536243e-001
 1.2548006e-001
 1.2554035e-001
 1.2553197e-001
 1.2544860e-001
 1.2529069e-001
 1.2506630e-001
 1.2479032e-001
 1.2448259e-001
 1.2416603e-001
 1.2386468e-001
 1.2360263e-001
 1.2340237e-001
 1.2328291e-001
 1.2325748e-001
 1.2333138e-001
 1.2350119e-001
 1.2375551e-001
 1.2407722e-001
 1.2444564e-001
 1.2483852e-001
 1.2523350e-001
 1.2560901e-001
 1.2594597e-001
 1.2622914e-001
 1.2644868e-001
 1.2660080e-001
 1.2668699e-001
 1.2671278e-001
 1.2668605e-001
 1.2661582e-001
 1.2651147e-001
 1.2638229e-001
 1.2623703e-001
 1.2608357e-001
 1.2592852e-001
 1.2577714e-001
 1.2563348e-001
 1.2550060e-001
 1.2538110e-001
 1.2527722e-001
 1.2519102e-001
 1.2512432e-001
 1.2507850e-001
 1.2505420e-001
 1.2505110e-001
 1.2506779e-001
 1.2510189e-001
 1.2515031e-001
 1.2520953e-001
 1.2527587e-001
 1.2534568e-001
 1.2541564e-001
 1.2548314e-001
 1.2554669e-001
 1.2560639e-001
 1.2566409e-001
 1.2572318e-001
 1.2578823e-001
 1.2586449e-001
 1.2595741e-001
 1.2607241e-001
 1.2621416e-001
 1.2638606e-001
 1.2658924e-001
 1.2682168e-001
 1.2707806e-001
 1.2734987e-001
 1.2762639e-001
 1.2789558e-001
 1.2814485e-001
 1.2836164e-001
 1.2853447e-001
 1.2865365e-001
 1.2871289e-001
 1.2871037e-001
 1.2864925e-001
 1.2853715e-001
 1.2838502e-001
 1.2820576e-001
 1.2801318e-001
 1.2782104e-001
 1.2764260e-001
 1.2748928e-001
 1.2736982e-001
 1.2728918e-001
 1.2724808e-001
 1.2724352e-001
 1.2726967e-001
 1.2731907e-001
 1.2738344e-001
 1.2745437e-001
 1.2752362e-001
 1.2758367e-001
 1.2762821e-001
 1.2765245e-001
 1.2765348e-001
 1.2762995e-001
 1.2758166e-001
 1.2750918e-001
 1.2741347e-001
 1.2729566e-001
 1.2715727e-001
 1.2700027e-001
 1.2682739e-001
 1.2664264e-001
 1.2645115e-001
 1.2625915e-001
 1.2607379e-001
 1.2590264e-001
 1.2575339e-001
 1.2563358e-001
 1.2555023e-001
 1.2550893e-001
 1.2551317e-001
 1.2556341e-001
 1.2565686e-001
 1.2578778e-001
 1.2594818e-001
 1.2612881e-001
 1.2631989e-001
 1.2651157e-001
 1.2669446e-001
 1.2686032e-001
 1.2700291e-001
 1.2711850e-001
 1.2720634e-001
 1.2726828e-001
 1.2730806e-001
 1.2733062e-001
 1.2734140e-001
 1.2734598e-001
 1.2734966e-001
 1.2735714e-001
 1.2737206e-001
 1.2739658e-001
 1.2743135e-001
 1.2747550e-001
 1.2752710e-001
 1.2758365e-001
 1.2764229e-001
 1.2770011e-001
 1.2775427e-001
 1.2780224e-001
 1.2784190e-001
 1.2787174e-001
 1.2789093e-001
 1.2789927e-001
 1.2789698e-001
 1.2788460e-001
 1.2786274e-001
 1.2783217e-001
 1.2779374e-001
 1.2774850e-001
 1.2769777e-001
 1.2764332e-001
 1.2758733e-001
 1.2753242e-001
 1.2748154e-001
 1.2743774e-001
 1.2740415e-001
 1.2738383e-001
 1.2737948e-001
 1.2739319e-001
 1.2742591e-001
 1.2747714e-001
 1.2754470e-001
 1.2762499e-001
 1.2771320e-001
 1.2780398e-001
 1.2789169e-001
 1.2797068e-001
 1.2803577e-001
 1.2808268e-001
 1.2810856e-001
 1.2811269e-001
 1.2809657e-001
 1.2806372e-001
 1.2801923e-001
 1.2796903e-001
 1.2791942e-001
 1.2787670e-001
 1.2784664e-001
 1.2783399e-001
 1.2784162e-001
 1.2786995e-001
 1.2791666e-001
 1.2797694e-001
 1.2804417e-001
 1.2811069e-001
 1.2816839e-001
 1.2820934e-001
 1.2822650e-001
 1.2821479e-001
 1.2817241e-001
 1.2810194e-001
 1.2801088e-001
 1.2791118e-001
 1.2781802e-001
 1.2774846e-001
 1.2772030e-001
 1.2775099e-001
 1.2785627e-001
 1.2804817e-001
 1.2833229e-001
 1.2870592e-001
 1.2915699e-001
 1.2966461e-001
 1.3020197e-001
 1.3073854e-001
 1.3124195e-001
 1.3168029e-001
 1.3202363e-001
 1.3224664e-001
 1.3233157e-001
 1.3227129e-001
 1.3207020e-001
 1.3174331e-001
 1.3131320e-001
 1.3080697e-001
 1.3025421e-001
 1.2968445e-001
 1.2912619e-001
 1.2860492e-001
 1.2814155e-001
 1.2774996e-001
 1.2743665e-001
 1.2720168e-001
 1.2703989e-001
 1.2694328e-001
 1.2690245e-001
 1.2690751e-001
 1.2694879e-001
 1.2701723e-001
 1.2710503e-001
 1.2720598e-001
 1.2731576e-001
 1.2743154e-001
 1.2755184e-001
 1.2767585e-001
 1.2780301e-001
 1.2793286e-001
 1.2806465e-001
 1.2819687e-001
 1.2832700e-001
 1.2845096e-001
 1.2856305e-001
 1.2865593e-001
 1.2872127e-001
 1.2875007e-001
 1.2873319e-001
 1.2866193e-001
 1.2852891e-001
 1.2832972e-001
 1.2806465e-001
 1.2774041e-001
 1.2737110e-001
 1.2697709e-001
 1.2658358e-001
 1.2621844e-001
 1.2591088e-001
 1.2568934e-001
 1.2557976e-001
 1.2560269e-001
 1.2576941e-001
 1.2607880e-001
 1.2651576e-001
 1.2705293e-001
 1.2765369e-001
 1.2827614e-001
 1.2887564e-001
 1.2940824e-001
 1.2983270e-001
 1.3011391e-001
 1.3022794e-001
 1.3016529e-001
 1.2993282e-001
 1.2955201e-001
 1.2905511e-001
 1.2848069e-001
 1.2787059e-001
 1.2726666e-001
 1.2670882e-001
 1.2623280e-001
 1.2586614e-001
 1.2562589e-001
 1.2551755e-001
 1.2553577e-001
 1.2566759e-001
 1.2589522e-001
 1.2619872e-001
 1.2655748e-001
 1.2695125e-001
 1.2736064e-001
 1.2776859e-001
 1.2816080e-001
 1.2852575e-001
 1.2885496e-001
 1.2914196e-001
 1.2938136e-001
 1.2956867e-001
 1.2969983e-001
 1.2977163e-001
 1.2978232e-001
 1.2973264e-001
 1.2962665e-001
 1.2947215e-001
 1.2928024e-001
 1.2906441e-001
 1.2883976e-001
 1.2862180e-001
 1.2842585e-001
 1.2826625e-001
 1.2815471e-001
 1.2809893e-001
 1.2810099e-001
 1.2815678e-001
 1.2825660e-001
 1.2838669e-001
 1.2853073e-001
 1.2867145e-001
 1.2879159e-001
 1.2887482e-001
 1.2890744e-001
 1.2887976e-001
 1.2878770e-001
 1.2863347e-001
 1.2842485e-001
 1.2817368e-001
 1.2789445e-001
 1.2760258e-001
 1.2731363e-001
 1.2704265e-001
 1.2680276e-001
 1.2660415e-001
 1.2645316e-001
 1.2635155e-001
 1.2629715e-001
 1.2628484e-001
 1.2630773e-001
 1.2635808e-001
 1.2642787e-001
 1.2650913e-001
 1.2659425e-001
 1.2667622e-001
 1.2674877e-001
 1.2680663e-001
 1.2684530e-001
 1.2686087e-001
 1.2684986e-001
 1.2680903e-001
 1.2673557e-001
 1.2662748e-001
 1.2648444e-001
 1.2630875e-001
 1.2610662e-001
 1.2588814e-001
 1.2566715e-001
 1.2546036e-001
 1.2528582e-001
 1.2516221e-001
 1.2510763e-001
 1.2513809e-001
 1.2526506e-001
 1.2549265e-001
 1.2581457e-001
 1.2621349e-001
 1.2666194e-001
 1.2712471e-001
 1.2756248e-001
 1.2793413e-001
 1.2819923e-001
 1.2832066e-001
 1.2826915e-001
 1.2802809e-001
 1.2759848e-001
 1.2700044e-001
 1.2627128e-001
 1.2546170e-001
 1.2462943e-001
 1.2383540e-001
 1.2314081e-001
 1.2260230e-001
 1.2226766e-001
 1.2216951e-001
 1.2231994e-001
 1.2270807e-001
 1.2330266e-001
 1.2405682e-001
 1.2491503e-001
 1.2581791e-001
 1.2670512e-001
 1.2752023e-001
 1.2821417e-001
 1.2875082e-001
 1.2911122e-001
 1.2929618e-001
 1.2932384e-001
 1.2922518e-001
 1.2903889e-001
 1.2880699e-001
 1.2857212e-001
 1.2837435e-001
 1.2824816e-001
 1.2821837e-001
 1.2829679e-001
 1.2848075e-001
 1.2875456e-001
 1.2909269e-001
 1.2946412e-001
 1.2983526e-001
 1.3017216e-001
 1.3044320e-001
 1.3062169e-001
 1.3068923e-001
 1.3063899e-001
 1.3047674e-001
 1.3021958e-001
 1.2989320e-001
 1.2952805e-001
 1.2915669e-001
 1.2881207e-001
 1.2852493e-001
 1.2832162e-001
 1.2822121e-001
 1.2823248e-001
 1.2835313e-001
 1.2857075e-001
 1.2886521e-001
 1.2921195e-001
 1.2958436e-001
 1.2995541e-001
 1.3029996e-001
 1.3059671e-001
 1.3083097e-001
 1.3099745e-001
 1.3110113e-001
 1.3115591e-001
 1.3118200e-001
 1.3120317e-001
 1.3124450e-001
 1.3133062e-001
 1.3148399e-001
 1.3172278e-001
 1.3205801e-001
 1.3249177e-001
 1.3301602e-001
 1.3361284e-001
 1.3425727e-001
 1.3491964e-001
 1.3556837e-001
 1.3617098e-001
 1.3669595e-001
 1.3711259e-001
 1.3739105e-001
 1.3750443e-001
 1.3743363e-001
 1.3717347e-001
 1.3677913e-001
 1.3627772e-001
 1.3569646e-001
 1.3506240e-001
 1.3440305e-001
 1.3374548e-001
 1.3311687e-001
 1.3254447e-001
 1.3205317e-001
 1.3164786e-001
 1.3132194e-001
 1.3106883e-001
 1.3088194e-001
 1.3075474e-001
 1.3068062e-001
 1.3065302e-001
 1.3066538e-001
 1.3071105e-001
 1.3078350e-001
 1.3087617e-001
 1.3098246e-001
 1.3109577e-001
 1.3120995e-001
 1.3132256e-001
 1.3143317e-001
 1.3154140e-001
 1.3164677e-001
 1.3174888e-001
 1.3184735e-001
 1.3194180e-001
 1.3203172e-001
 1.3211676e-001
 1.3219647e-001
 1.3227050e-001
 1.3233836e-001
 1.3239968e-001
 1.3245402e-001
 1.3250101e-001
 1.3254021e-001
 1.3257118e-001
 1.3259360e-001
 1.3260764e-001
 1.3261375e-001
 1.3261239e-001
 1.3260402e-001
 1.3258909e-001
 1.3256803e-001
 1.3254136e-001
 1.3250948e-001
 1.3247290e-001
 1.3243201e-001
 1.3238731e-001
 1.3233925e-001
 1.3228829e-001
 1.3223487e-001
 1.3217945e-001
 1.3212252e-001
 1.3206449e-001
 1.3200586e-001
 1.3194703e-001
 1.3188851e-001
 1.3183072e-001
 1.3177413e-001
 1.3171895e-001
 1.3166533e-001
 1.3161342e-001
 1.3156335e-001
 1.3151529e-001
 1.3146934e-001
 1.3142568e-001
 1.3138443e-001
 1.3134572e-001
 1.3130972e-001
 1.3127658e-001
 1.3124637e-001
 1.3121933e-001
 1.3119553e-001
 1.3117513e-001
 1.3115829e-001
 1.3114515e-001
 1.3113582e-001
 1.3113046e-001
 1.3112924e-001
 1.3113226e-001
 1.3113967e-001
 1.3115163e-001
 1.3116828e-001
 1.3118972e-001
 1.3121611e-001
 1.3124728e-001
 1.3128288e-001
 1.3132262e-001
 1.3136621e-001
 1.3141331e-001
 1.3146365e-001
 1.3151687e-001
 1.3157272e-001
 1.3163084e-001
 1.3169096e-001
 1.3175274e-001
 1.3181590e-001
 1.3188010e-001
 1.3194507e-001
 1.3201046e-001
 1.3207600e-001
 1.3214134e-001
 1.3220620e-001
 1.3227028e-001
 1.3233323e-001
 1.3239479e-001
 1.3245460e-001
 1.3251244e-001
 1.3256790e-001
 1.3262071e-001
 1.3267055e-001
 1.3271718e-001
 1.3276017e-001
 1.3279933e-001
 1.3283430e-001
 1.3286507e-001
 1.3289167e-001
 1.3291419e-001
