s07_ASD Record=9845: Rectorite ISR202 (RAr-1)      BECKd AREF
 1.7930622e-001
 1.7971069e-001
 1.8015547e-001
 1.8063274e-001
 1.8113159e-001
 1.8164147e-001
 1.8215534e-001
 1.8267049e-001
 1.8318878e-001
 1.8371570e-001
 1.8425955e-001
 1.8482998e-001
 1.8543714e-001
 1.8609098e-001
 1.8679908e-001
 1.8756479e-001
 1.8838707e-001
 1.8926343e-001
 1.9019304e-001
 1.9117898e-001
 1.9222841e-001
 1.9335023e-001
 1.9455172e-001
 1.9583523e-001
 1.9719766e-001
 1.9863059e-001
 2.0012201e-001
 2.0166066e-001
 2.0324063e-001
 2.0486297e-001
 2.0653188e-001
 2.0825085e-001
 2.1002038e-001
 2.1183813e-001
 2.1369556e-001
 2.1557716e-001
 2.1746658e-001
 2.1935117e-001
 2.2122547e-001
 2.2309101e-001
 2.2495352e-001
 2.2681771e-001
 2.2868294e-001
 2.3054285e-001
 2.3238824e-001
 2.3421222e-001
 2.3601319e-001
 2.3779461e-001
 2.3956040e-001
 2.4131083e-001
 2.4304077e-001
 2.4474199e-001
 2.4640861e-001
 2.4804133e-001
 2.4964938e-001
 2.5124916e-001
 2.5286147e-001
 2.5450411e-001
 2.5618637e-001
 2.5791165e-001
 2.5966156e-001
 2.6140946e-001
 2.6314566e-001
 2.6486379e-001
 2.6656398e-001
 2.6826200e-001
 2.6997706e-001
 2.7172393e-001
 2.7351364e-001
 2.7535096e-001
 2.7723157e-001
 2.7914363e-001
 2.8107482e-001
 2.8302175e-001
 2.8499353e-001
 2.8700954e-001
 2.8908968e-001
 2.9124540e-001
 2.9347575e-001
 2.9577020e-001
 2.9811645e-001
 3.0050626e-001
 3.0293784e-001
 3.0541208e-001
 3.0792707e-001
 3.1047237e-001
 3.1302691e-001
 3.1556231e-001
 3.1804931e-001
 3.2046589e-001
 3.2280260e-001
 3.2506418e-001
 3.2726458e-001
 3.2941943e-001
 3.3153760e-001
 3.3361602e-001
 3.3564058e-001
 3.3759117e-001
 3.3944938e-001
 3.4120107e-001
 3.4283534e-001
 3.4434202e-001
 3.4571359e-001
 3.4695160e-001
 3.4807339e-001
 3.4910941e-001
 3.5008568e-001
 3.5100806e-001
 3.5186478e-001
 3.5264617e-001
 3.5336295e-001
 3.5404328e-001
 3.5471311e-001
 3.5537893e-001
 3.5603109e-001
 3.5666192e-001
 3.5727990e-001
 3.5790703e-001
 3.5856336e-001
 3.5925490e-001
 3.5997331e-001
 3.6070701e-001
 3.6145279e-001
 3.6222035e-001
 3.6302787e-001
 3.6389136e-001
 3.6481619e-001
 3.6579588e-001
 3.6682060e-001
 3.6788774e-001
 3.6900577e-001
 3.7018871e-001
 3.7144461e-001
 3.7276781e-001
 3.7414184e-001
 3.7555575e-001
 3.7702179e-001
 3.7857708e-001
 3.8025823e-001
 3.8206434e-001
 3.8394320e-001
 3.8581961e-001
 3.8765028e-001
 3.8945970e-001
 3.9132500e-001
 3.9331698e-001
 3.9544609e-001
 3.9765823e-001
 3.9987656e-001
 4.0204474e-001
 4.0413493e-001
 4.0613961e-001
 4.0807730e-001
 4.1000369e-001
 4.1199192e-001
 4.1408819e-001
 4.1628528e-001
 4.1853869e-001
 4.2079881e-001
 4.2303258e-001
 4.2523175e-001
 4.2741415e-001
 4.2961231e-001
 4.3184862e-001
 4.3411735e-001
 4.3638876e-001
 4.3863660e-001
 4.4086945e-001
 4.4313884e-001
 4.4551128e-001
 4.4801447e-001
 4.5060548e-001
 4.5319611e-001
 4.5571899e-001
 4.5816746e-001
 4.6057102e-001
 4.6293864e-001
 4.6524477e-001
 4.6748233e-001
 4.6970952e-001
 4.7201878e-001
 4.7446069e-001
 4.7701615e-001
 4.7963962e-001
 4.8230246e-001
 4.8499307e-001
 4.8769477e-001
 4.9037442e-001
 4.9298543e-001
 4.9549195e-001
 4.9790654e-001
 5.0029433e-001
 5.0271732e-001
 5.0517410e-001
 5.0761622e-001
 5.1001209e-001
 5.1236683e-001
 5.1468170e-001
 5.1693779e-001
 5.1914132e-001
 5.2136421e-001
 5.2370238e-001
 5.2617532e-001
 5.2868795e-001
 5.3112012e-001
 5.3343987e-001
 5.3570157e-001
 5.3796023e-001
 5.4023916e-001
 5.4256046e-001
 5.4493648e-001
 5.4732174e-001
 5.4962063e-001
 5.5175608e-001
 5.5370820e-001
 5.5550766e-001
 5.5723709e-001
 5.5902946e-001
 5.6099808e-001
 5.6312656e-001
 5.6524754e-001
 5.6717014e-001
 5.6885463e-001
 5.7043999e-001
 5.7206750e-001
 5.7370204e-001
 5.7519400e-001
 5.7650286e-001
 5.7778496e-001
 5.7923961e-001
 5.8089894e-001
 5.8259231e-001
 5.8411634e-001
 5.8541387e-001
 5.8657205e-001
 5.8768868e-001
 5.8879840e-001
 5.8989018e-001
 5.9092277e-001
 5.9184718e-001
 5.9269243e-001
 5.9359550e-001
 5.9464622e-001
 5.9573233e-001
 5.9665745e-001
 5.9739769e-001
 5.9812576e-001
 5.9899288e-001
 5.9998006e-001
 6.0095322e-001
 6.0178733e-001
 6.0242647e-001
 6.0289735e-001
 6.0330629e-001
 6.0377818e-001
 6.0433376e-001
 6.0489696e-001
 6.0548764e-001
 6.0625637e-001
 6.0719168e-001
 6.0796231e-001
 6.0825539e-001
 6.0818821e-001
 6.0819817e-001
 6.0856652e-001
 6.0921955e-001
 6.0994393e-001
 6.1060554e-001
 6.1115658e-001
 6.1157882e-001
 6.1188829e-001
 6.1215258e-001
 6.1245227e-001
 6.1283016e-001
 6.1328965e-001
 6.1380738e-001
 6.1431199e-001
 6.1471027e-001
 6.1498737e-001
 6.1521345e-001
 6.1544192e-001
 6.1569852e-001
 6.1603415e-001
 6.1646992e-001
 6.1693466e-001
 6.1735195e-001
 6.1771852e-001
 6.1805803e-001
 6.1837208e-001
 6.1866945e-001
 6.1897004e-001
 6.1925340e-001
 6.1948061e-001
 6.1969548e-001
 6.2000859e-001
 6.2043190e-001
 6.2081444e-001
 6.2099910e-001
 6.2100434e-001
 6.2102604e-001
 6.2126607e-001
 6.2175316e-001
 6.2234700e-001
 6.2291282e-001
 6.2342864e-001
 6.2391227e-001
 6.2432230e-001
 6.2457716e-001
 6.2466341e-001
 6.2470412e-001
 6.2488234e-001
 6.2527990e-001
 6.2584031e-001
 6.2648231e-001
 6.2714100e-001
 6.2768489e-001
 6.2795103e-001
 6.2792349e-001
 6.2778491e-001
 6.2775505e-001
 6.2789136e-001
 6.2811661e-001
 6.2838048e-001
 6.2871218e-001
 6.2915832e-001
 6.2972611e-001
 6.3037294e-001
 6.3101929e-001
 6.3156682e-001
 6.3193399e-001
 6.3211101e-001
 6.3219351e-001
 6.3234055e-001
 6.3267702e-001
 6.3322139e-001
 6.3389438e-001
 6.3457757e-001
 6.3516158e-001
 6.3557369e-001
 6.3580233e-001
 6.3591009e-001
 6.3600814e-001
 6.3619947e-001
 6.3653553e-001
 6.3700402e-001
 6.3753080e-001
 6.3799089e-001
 6.3825577e-001
 6.3827217e-001
 6.3811070e-001
 6.3793141e-001
 6.3788837e-001
 6.3805121e-001
 6.3837415e-001
 6.3874078e-001
 6.3907146e-001
 6.3935667e-001
 6.3962001e-001
 6.3988465e-001
 6.4018959e-001
 6.4059156e-001
 6.4110035e-001
 6.4164090e-001
 6.4212668e-001
 6.4252788e-001
 6.4283413e-001
 6.4304042e-001
 6.4324999e-001
 6.4366925e-001
 6.4434159e-001
 6.4501441e-001
 6.4545804e-001
 6.4576370e-001
 6.4615560e-001
 6.4666671e-001
 6.4711475e-001
 6.4732671e-001
 6.4738733e-001
 6.4761484e-001
 6.4815289e-001
 6.4872038e-001
 6.4895731e-001
 6.4884669e-001
 6.4866203e-001
 6.4867353e-001
 6.4897764e-001
 6.4949912e-001
 6.5009165e-001
 6.5061617e-001
 6.5093482e-001
 6.5094185e-001
 6.5070575e-001
 6.5049863e-001
 6.5055579e-001
 6.5086895e-001
 6.5126556e-001
 6.5159690e-001
 6.5176904e-001
 6.5168452e-001
 6.5126061e-001
 6.5059596e-001
 6.4999318e-001
 6.4967889e-001
 6.4967698e-001
 6.4994949e-001
 6.5042686e-001
 6.5105242e-001
 6.5189427e-001
 6.5264553e-001
 6.5345001e-001
 6.5418422e-001
 6.5479934e-001
 6.5526175e-001
 6.5554976e-001
 6.5567774e-001
 6.5569597e-001
 6.5567321e-001
 6.5569544e-001
 6.5585715e-001
 6.5621227e-001
 6.5669602e-001
 6.5713078e-001
 6.5735024e-001
 6.5734249e-001
 6.5723592e-001
 6.5715855e-001
 6.5714794e-001
 6.5713882e-001
 6.5701604e-001
 6.5680486e-001
 6.5661156e-001
 6.5669614e-001
 6.5722519e-001
 6.5802997e-001
 6.5880698e-001
 6.5925235e-001
 6.5912366e-001
 6.5858382e-001
 6.5795916e-001
 6.5757644e-001
 6.5770113e-001
 6.5819436e-001
 6.5875429e-001
 6.5907830e-001
 6.5891904e-001
 6.5839428e-001
 6.5776968e-001
 6.5731144e-001
 6.5724325e-001
 6.5750664e-001
 6.5800190e-001
 6.5838885e-001
 6.5856266e-001
 6.5848076e-001
 6.5822595e-001
 6.5788662e-001
 6.5755117e-001
 6.5730536e-001
 6.5717971e-001
 6.5714949e-001
 6.5718770e-001
 6.5726709e-001
 6.5736145e-001
 6.5746039e-001
 6.5756917e-001
 6.5769386e-001
 6.5784043e-001
 6.5801406e-001
 6.5820402e-001
 6.5838337e-001
 6.5852487e-001
 6.5860105e-001
 6.5858448e-001
 6.5845710e-001
 6.5823770e-001
 6.5795374e-001
 6.5763271e-001
 6.5730202e-001
 6.5698928e-001
 6.5671724e-001
 6.5649015e-001
 6.5630776e-001
 6.5617001e-001
 6.5607667e-001
 6.5602744e-001
 6.5602237e-001
 6.5605998e-001
 6.5613425e-001
 6.5623814e-001
 6.5636450e-001
 6.5650630e-001
 6.5665644e-001
 6.5680796e-001
 6.5695357e-001
 6.5708750e-001
 6.5720904e-001
 6.5731823e-001
 6.5741527e-001
 6.5750057e-001
 6.5757436e-001
 6.5763676e-001
 6.5768802e-001
 6.5772754e-001
 6.5775150e-001
 6.5775502e-001
 6.5773350e-001
 6.5768236e-001
 6.5759665e-001
 6.5747195e-001
 6.5730339e-001
 6.5708947e-001
 6.5683937e-001
 6.5656513e-001
 6.5627867e-001
 6.5599203e-001
 6.5571696e-001
 6.5546542e-001
 6.5524942e-001
 6.5508091e-001
 6.5497184e-001
 6.5493399e-001
 6.5497953e-001
 6.5511483e-001
 6.5532690e-001
 6.5559834e-001
 6.5591151e-001
 6.5624923e-001
 6.5659362e-001
 6.5692753e-001
 6.5723342e-001
 6.5749389e-001
 6.5769118e-001
 6.5780813e-001
 6.5782714e-001
 6.5773797e-001
 6.5755576e-001
 6.5730149e-001
 6.5699613e-001
 6.5666068e-001
 6.5631592e-001
 6.5598297e-001
 6.5568262e-001
 6.5543586e-001
 6.5526372e-001
 6.5518689e-001
 6.5521777e-001
 6.5533715e-001
 6.5551925e-001
 6.5573829e-001
 6.5596843e-001
 6.5618384e-001
 6.5635854e-001
 6.5646696e-001
 6.5648311e-001
 6.5638125e-001
 6.5614551e-001
 6.5579545e-001
 6.5535784e-001
 6.5485978e-001
 6.5432805e-001
 6.5378988e-001
 6.5327179e-001
 6.5280116e-001
 6.5240455e-001
 6.5210927e-001
 6.5193391e-001
 6.5186983e-001
 6.5190208e-001
 6.5201598e-001
 6.5219671e-001
 6.5242952e-001
 6.5269965e-001
 6.5299249e-001
 6.5329295e-001
 6.5358663e-001
 6.5386099e-001
 6.5411258e-001
 6.5433925e-001
 6.5453935e-001
 6.5471089e-001
 6.5485191e-001
 6.5496063e-001
 6.5503508e-001
 6.5507334e-001
 6.5507352e-001
 6.5503311e-001
 6.5494972e-001
 6.5482104e-001
 6.5464437e-001
 6.5441746e-001
 6.5413779e-001
 6.5380281e-001
 6.5341347e-001
 6.5298033e-001
 6.5251666e-001
 6.5203536e-001
 6.5154946e-001
 6.5107191e-001
 6.5061593e-001
 6.5019435e-001
 6.4981896e-001
 6.4949787e-001
 6.4923817e-001
 6.4904720e-001
 6.4893210e-001
 6.4890009e-001
 6.4895838e-001
 6.4911419e-001
 6.4936626e-001
 6.4968550e-001
 6.5003771e-001
 6.5035993e-001
 6.5065914e-001
 6.5088457e-001
 6.5101713e-001
 6.5106601e-001
 6.5106571e-001
 6.5106827e-001
 6.5113348e-001
 6.5132117e-001
 6.5167648e-001
 6.5220678e-001
 6.5286750e-001
 6.5357691e-001
 6.5423965e-001
 6.5476465e-001
 6.5508527e-001
 6.5518147e-001
 6.5508682e-001
 6.5487486e-001
 6.5463758e-001
 6.5446550e-001
 6.5442824e-001
 6.5455598e-001
 6.5483332e-001
 6.5520906e-001
 6.5561473e-001
 6.5598178e-001
 6.5625691e-001
 6.5641433e-001
 6.5645945e-001
 6.5642256e-001
 6.5634727e-001
 6.5627849e-001
 6.5625280e-001
 6.5629137e-001
 6.5639794e-001
 6.5656203e-001
 6.5676457e-001
 6.5698439e-001
 6.5720230e-001
 6.5731382e-001
 6.5744984e-001
 6.5757370e-001
 6.5768045e-001
 6.5776634e-001
 6.5782857e-001
 6.5786552e-001
 6.5787685e-001
 6.5786386e-001
 6.5782976e-001
 6.5778035e-001
 6.5772378e-001
 6.5767068e-001
 6.5763295e-001
 6.5762264e-001
 6.5765041e-001
 6.5772408e-001
 6.5784788e-001
 6.5802163e-001
 6.5824091e-001
 6.5849805e-001
 6.5878302e-001
 6.5908498e-001
 6.5939355e-001
 6.5969968e-001
 6.5999705e-001
 6.6028202e-001
 6.6055489e-001
 6.6081882e-001
 6.6107917e-001
 6.6134137e-001
 6.6160893e-001
 6.6188198e-001
 6.6215652e-001
 6.6242522e-001
 6.6267836e-001
 6.6290635e-001
 6.6310161e-001
 6.6326076e-001
 6.6338533e-001
 6.6348118e-001
 6.6355741e-001
 6.6362363e-001
 6.6368848e-001
 6.6375774e-001
 6.6383410e-001
 6.6391766e-001
 6.6400743e-001
 6.6410249e-001
 6.6420305e-001
 6.6431051e-001
 6.6442698e-001
 6.6455364e-001
 6.6469014e-001
 6.6483325e-001
 6.6497785e-001
 6.6511726e-001
 6.6524553e-001
 6.6535860e-001
 6.6545522e-001
 6.6553706e-001
 6.6560769e-001
 6.6567093e-001
 6.6572922e-001
 6.6578287e-001
 6.6582978e-001
 6.6586649e-001
 6.6588992e-001
 6.6589874e-001
 6.6589499e-001
 6.6588396e-001
 6.6587359e-001
 6.6587281e-001
 6.6588974e-001
 6.6592997e-001
 6.6599572e-001
 6.6608614e-001
 6.6619778e-001
 6.6632628e-001
 6.6646779e-001
 6.6661960e-001
 6.6678095e-001
 6.6695231e-001
 6.6713494e-001
 6.6732979e-001
 6.6753674e-001
 6.6775423e-001
 6.6797918e-001
 6.6820741e-001
 6.6843444e-001
 6.6865593e-001
 6.6886872e-001
 6.6907066e-001
 6.6926116e-001
 6.6944075e-001
 6.6961098e-001
 6.6977394e-001
 6.6993141e-001
 6.7008501e-001
 6.7023546e-001
 6.7038238e-001
 6.7052454e-001
 6.7066002e-001
 6.7078644e-001
 6.7090166e-001
 6.7100424e-001
 6.7109400e-001
 6.7117232e-001
 6.7124218e-001
 6.7130774e-001
 6.7137402e-001
 6.7144585e-001
 6.7152733e-001
 6.7162102e-001
 6.7172784e-001
 6.7184693e-001
 6.7197627e-001
 6.7211282e-001
 6.7225349e-001
 6.7239523e-001
 6.7253500e-001
 6.7267001e-001
 6.7279720e-001
 6.7291331e-001
 6.7301488e-001
 6.7309862e-001
 6.7316204e-001
 6.7320412e-001
 6.7322576e-001
 6.7322963e-001
 6.7322010e-001
 6.7320198e-001
 6.7317998e-001
 6.7315739e-001
 6.7313594e-001
 6.7311561e-001
 6.7309505e-001
 6.7307270e-001
 6.7304713e-001
 6.7301804e-001
 6.7298585e-001
 6.7295158e-001
 6.7291594e-001
 6.7287862e-001
 6.7283803e-001
 6.7279112e-001
 6.7273402e-001
 6.7266339e-001
 6.7257714e-001
 6.7247564e-001
 6.7236197e-001
 6.7224216e-001
 6.7212397e-001
 6.7201608e-001
 6.7192668e-001
 6.7186207e-001
 6.7182624e-001
 6.7182046e-001
 6.7184329e-001
 6.7189187e-001
 6.7196238e-001
 6.7205149e-001
 6.7215717e-001
 6.7227888e-001
 6.7241770e-001
 6.7257583e-001
 6.7275548e-001
 6.7295796e-001
 6.7318267e-001
 6.7342687e-001
 6.7368543e-001
 6.7395169e-001
 6.7421812e-001
 6.7447788e-001
 6.7472547e-001
 6.7495787e-001
 6.7517465e-001
 6.7537785e-001
 6.7557132e-001
 6.7575985e-001
 6.7594826e-001
 6.7614025e-001
 6.7633784e-001
 6.7654079e-001
 6.7674625e-001
 6.7694914e-001
 6.7714238e-001
 6.7731786e-001
 6.7746711e-001
 6.7758250e-001
 6.7765832e-001
 6.7769158e-001
 6.7768294e-001
 6.7763668e-001
 6.7756057e-001
 6.7746526e-001
 6.7736280e-001
 6.7726570e-001
 6.7718500e-001
 6.7712915e-001
 6.7710316e-001
 6.7710793e-001
 6.7714071e-001
 6.7719531e-001
 6.7726362e-001
 6.7733651e-001
 6.7740560e-001
 6.7746407e-001
 6.7750782e-001
 6.7753577e-001
 6.7755002e-001
 6.7755520e-001
 6.7755800e-001
 6.7756617e-001
 6.7758775e-001
 6.7763013e-001
 6.7769945e-001
 6.7780006e-001
 6.7793375e-001
 6.7809945e-001
 6.7829275e-001
 6.7850566e-001
 6.7872691e-001
 6.7894244e-001
 6.7913681e-001
 6.7929471e-001
 6.7940325e-001
 6.7945367e-001
 6.7944306e-001
 6.7937511e-001
 6.7925972e-001
 6.7911178e-001
 6.7894936e-001
 6.7879093e-001
 6.7865306e-001
 6.7854834e-001
 6.7848390e-001
 6.7846131e-001
 6.7847657e-001
 6.7852181e-001
 6.7858666e-001
 6.7866027e-001
 6.7873329e-001
 6.7879927e-001
 6.7885566e-001
 6.7890406e-001
 6.7894983e-001
 6.7900097e-001
 6.7906654e-001
 6.7915469e-001
 6.7927110e-001
 6.7941725e-001
 6.7958975e-001
 6.7978030e-001
 6.7997676e-001
 6.8016446e-001
 6.8032885e-001
 6.8045753e-001
 6.8054211e-001
 6.8057954e-001
 6.8057209e-001
 6.8052691e-001
 6.8045425e-001
 6.8036604e-001
 6.8027407e-001
 6.8018842e-001
 6.8011683e-001
 6.8006420e-001
 6.8003291e-001
 6.8002284e-001
 6.8003178e-001
 6.8005568e-001
 6.8008888e-001
 6.8012440e-001
 6.8015426e-001
 6.8017024e-001
 6.8016475e-001
 6.8013167e-001
 6.8006736e-001
 6.7997110e-001
 6.7984539e-001
 6.7969561e-001
 6.7952919e-001
 6.7935455e-001
 6.7918009e-001
 6.7901295e-001
 6.7885846e-001
 6.7871940e-001
 6.7859644e-001
 6.7848814e-001
 6.7839164e-001
 6.7830336e-001
 6.7821938e-001
 6.7813605e-001
 6.7805004e-001
 6.7795837e-001
 6.7785835e-001
 6.7774731e-001
 6.7762256e-001
 6.7748183e-001
 6.7732334e-001
 6.7714632e-001
 6.7695171e-001
 6.7674220e-001
 6.7652231e-001
 6.7629766e-001
 6.7607433e-001
 6.7585796e-001
 6.7565250e-001
 6.7546004e-001
 6.7528009e-001
 6.7511028e-001
 6.7494684e-001
 6.7478526e-001
 6.7462146e-001
 6.7445219e-001
 6.7427522e-001
 6.7408955e-001
 6.7389494e-001
 6.7369175e-001
 6.7348027e-001
 6.7326063e-001
 6.7303282e-001
 6.7279667e-001
 6.7255223e-001
 6.7230016e-001
 6.7204171e-001
 6.7177916e-001
 6.7151517e-001
 6.7125326e-001
 6.7099655e-001
 6.7074758e-001
 6.7050761e-001
 6.7027611e-001
 6.7005074e-001
 6.6982728e-001
 6.6960001e-001
 6.6936284e-001
 6.6910994e-001
 6.6883701e-001
 6.6854215e-001
 6.6822648e-001
 6.6789395e-001
 6.6755146e-001
 6.6720694e-001
 6.6686893e-001
 6.6654414e-001
 6.6623718e-001
 6.6594911e-001
 6.6567802e-001
 6.6541952e-001
 6.6516799e-001
 6.6491777e-001
 6.6466409e-001
 6.6440266e-001
 6.6412950e-001
 6.6383922e-001
 6.6352415e-001
 6.6317338e-001
 6.6277295e-001
 6.6230780e-001
 6.6176331e-001
 6.6112852e-001
 6.6039807e-001
 6.5957242e-001
 6.5865815e-001
 6.5766501e-001
 6.5660322e-001
 6.5548092e-001
 6.5430129e-001
 6.5306276e-001
 6.5175951e-001
 6.5038276e-001
 6.4892399e-001
 6.4737558e-001
 6.4573210e-001
 6.4398938e-001
 6.4214158e-001
 6.4017999e-001
 6.3808936e-001
 6.3584805e-001
 6.3342810e-001
 6.3079667e-001
 6.2792200e-001
 6.2477583e-001
 6.2134039e-001
 6.1761153e-001
 6.1359859e-001
 6.0932672e-001
 6.0483187e-001
 6.0015380e-001
 5.9533358e-001
 5.9040320e-001
 5.8538592e-001
 5.8029413e-001
 5.7513064e-001
 5.6989938e-001
 5.6460893e-001
 5.5928546e-001
 5.5397767e-001
 5.4875869e-001
 5.4372954e-001
 5.3900909e-001
 5.3472942e-001
 5.3102213e-001
 5.2800560e-001
 5.2577603e-001
 5.2439624e-001
 5.2389181e-001
 5.2424890e-001
 5.2541667e-001
 5.2731311e-001
 5.2983397e-001
 5.3286070e-001
 5.3627014e-001
 5.3994429e-001
 5.4377407e-001
 5.4766500e-001
 5.5154067e-001
 5.5534017e-001
 5.5902016e-001
 5.6254989e-001
 5.6590974e-001
 5.6908876e-001
 5.7207936e-001
 5.7487720e-001
 5.7747680e-001
 5.7987213e-001
 5.8205742e-001
 5.8402705e-001
 5.8578014e-001
 5.8732116e-001
 5.8866298e-001
 5.8982748e-001
 5.9084356e-001
 5.9174478e-001
 5.9256446e-001
 5.9333146e-001
 5.9406650e-001
 5.9478015e-001
 5.9547347e-001
 5.9614092e-001
 5.9677351e-001
 5.9736371e-001
 5.9790730e-001
 5.9840488e-001
 5.9886062e-001
 5.9927917e-001
 5.9966308e-001
 6.0000944e-001
 6.0030949e-001
 6.0054952e-001
 6.0071391e-001
 6.0078919e-001
 6.0076869e-001
 6.0065573e-001
 6.0046542e-001
 6.0022420e-001
 5.9996641e-001
 5.9973049e-001
 5.9955293e-001
 5.9946364e-001
 5.9948194e-001
 5.9961516e-001
 5.9985960e-001
 6.0020375e-001
 6.0063297e-001
 6.0113400e-001
 6.0169858e-001
 6.0232520e-001
 6.0301703e-001
 6.0377955e-001
 6.0461515e-001
 6.0551935e-001
 6.0647881e-001
 6.0747033e-001
 6.0846460e-001
 6.0942960e-001
 6.1033642e-001
 6.1116356e-001
 6.1189908e-001
 6.1254150e-001
 6.1309761e-001
 6.1357981e-001
 6.1400348e-001
 6.1438370e-001
 6.1473477e-001
 6.1506921e-001
 6.1539882e-001
 6.1573482e-001
 6.1608803e-001
 6.1646831e-001
 6.1688393e-001
 6.1733967e-001
 6.1783683e-001
 6.1837244e-001
 6.1894041e-001
 6.1953306e-001
 6.2014228e-001
 6.2076163e-001
 6.2138665e-001
 6.2201494e-001
 6.2264597e-001
 6.2327898e-001
 6.2391269e-001
 6.2454373e-001
 6.2516677e-001
 6.2577486e-001
 6.2636042e-001
 6.2691694e-001
 6.2743974e-001
 6.2792742e-001
 6.2838203e-001
 6.2880844e-001
 6.2921321e-001
 6.2960321e-001
 6.2998354e-001
 6.3035631e-001
 6.3071924e-001
 6.3106650e-001
 6.3138986e-001
 6.3168049e-001
 6.3193142e-001
 6.3213867e-001
 6.3230199e-001
 6.3242602e-001
 6.3252014e-001
 6.3259822e-001
 6.3267690e-001
 6.3277316e-001
 6.3290220e-001
 6.3307482e-001
 6.3329679e-001
 6.3356805e-001
 6.3388336e-001
 6.3423365e-001
 6.3460743e-001
 6.3499242e-001
 6.3537616e-001
 6.3574690e-001
 6.3609439e-001
 6.3641006e-001
 6.3668829e-001
 6.3692695e-001
 6.3712817e-001
 6.3729864e-001
 6.3744920e-001
 6.3759404e-001
 6.3774890e-001
 6.3792861e-001
 6.3814521e-001
 6.3840520e-001
 6.3870853e-001
 6.3904804e-001
 6.3941085e-001
 6.3978028e-001
 6.4013791e-001
 6.4046609e-001
 6.4074969e-001
 6.4097679e-001
 6.4114034e-001
 6.4123869e-001
 6.4127553e-001
 6.4125931e-001
 6.4120233e-001
 6.4111888e-001
 6.4102387e-001
 6.4093107e-001
 6.4085197e-001
 6.4079458e-001
 6.4076304e-001
 6.4075720e-001
 6.4077365e-001
 6.4080638e-001
 6.4084870e-001
 6.4089423e-001
 6.4093816e-001
 6.4097828e-001
 6.4101470e-001
 6.4105016e-001
 6.4108914e-001
 6.4113677e-001
 6.4119762e-001
 6.4127445e-001
 6.4136690e-001
 6.4147162e-001
 6.4158189e-001
 6.4168900e-001
 6.4178342e-001
 6.4185673e-001
 6.4190298e-001
 6.4192009e-001
 6.4191043e-001
 6.4188057e-001
 6.4184034e-001
 6.4180118e-001
 6.4177430e-001
 6.4176846e-001
 6.4178890e-001
 6.4183593e-001
 6.4190525e-001
 6.4198864e-001
 6.4207536e-001
 6.4215428e-001
 6.4221549e-001
 6.4225209e-001
 6.4226115e-001
 6.4224410e-001
 6.4220619e-001
 6.4215529e-001
 6.4210069e-001
 6.4205128e-001
 6.4201432e-001
 6.4199430e-001
 6.4199281e-001
 6.4200819e-001
 6.4203626e-001
 6.4207137e-001
 6.4210677e-001
 6.4213610e-001
 6.4215356e-001
 6.4215475e-001
 6.4213663e-001
 6.4209759e-001
 6.4203715e-001
 6.4195579e-001
 6.4185470e-001
 6.4173555e-001
 6.4160055e-001
 6.4145231e-001
 6.4129430e-001
 6.4113069e-001
 6.4096653e-001
 6.4080781e-001
 6.4066130e-001
 6.4053398e-001
 6.4043254e-001
 6.4036238e-001
 6.4032710e-001
 6.4032739e-001
 6.4036071e-001
 6.4042121e-001
 6.4049989e-001
 6.4058560e-001
 6.4066619e-001
 6.4072978e-001
 6.4076608e-001
 6.4076775e-001
 6.4073080e-001
 6.4065528e-001
 6.4054489e-001
 6.4040655e-001
 6.4024955e-001
 6.4008445e-001
 6.3992202e-001
 6.3977224e-001
 6.3964325e-001
 6.3954085e-001
 6.3946807e-001
 6.3942498e-001
 6.3940859e-001
 6.3941306e-001
 6.3943005e-001
 6.3944912e-001
 6.3945830e-001
 6.3944525e-001
 6.3939840e-001
 6.3930845e-001
 6.3916969e-001
 6.3898122e-001
 6.3874716e-001
 6.3847649e-001
 6.3818228e-001
 6.3787973e-001
 6.3758463e-001
 6.3731086e-001
 6.3706923e-001
 6.3686585e-001
 6.3670248e-001
 6.3657701e-001
 6.3648462e-001
 6.3641894e-001
 6.3637334e-001
 6.3634181e-001
 6.3631964e-001
 6.3630372e-001
 6.3629252e-001
 6.3628602e-001
 6.3628519e-001
 6.3629156e-001
 6.3630652e-001
 6.3633120e-001
 6.3636571e-001
 6.3640922e-001
 6.3645965e-001
 6.3651365e-001
 6.3656700e-001
 6.3661426e-001
 6.3664949e-001
 6.3666570e-001
 6.3665575e-001
 6.3661218e-001
 6.3652790e-001
 6.3639677e-001
 6.3621426e-001
 6.3597864e-001
 6.3569152e-001
 6.3535869e-001
 6.3499051e-001
 6.3460153e-001
 6.3420969e-001
 6.3383448e-001
 6.3349521e-001
 6.3320845e-001
 6.3298535e-001
 6.3283002e-001
 6.3273823e-001
 6.3269699e-001
 6.3268614e-001
 6.3268024e-001
 6.3265193e-001
 6.3257569e-001
 6.3243145e-001
 6.3220787e-001
 6.3190413e-001
 6.3153088e-001
 6.3110894e-001
 6.3066715e-001
 6.3023853e-001
 6.2985623e-001
 6.2954921e-001
 6.2933862e-001
 6.2923533e-001
 6.2923867e-001
 6.2933689e-001
 6.2950861e-001
 6.2972569e-001
 6.2995625e-001
 6.3016772e-001
 6.3032997e-001
 6.3041699e-001
 6.3040870e-001
 6.3029152e-001
 6.3005823e-001
 6.2970811e-001
 6.2924641e-001
 6.2868404e-001
 6.2803674e-001
 6.2732536e-001
 6.2657392e-001
 6.2580949e-001
 6.2505990e-001
 6.2435144e-001
 6.2370729e-001
 6.2314427e-001
 6.2267178e-001
 6.2229002e-001
 6.2198985e-001
 6.2175405e-001
 6.2155885e-001
 6.2137711e-001
 6.2118149e-001
 6.2094772e-001
 6.2065750e-001
 6.2030035e-001
 6.1987454e-001
 6.1938673e-001
 6.1885011e-001
 6.1828279e-001
 6.1770469e-001
 6.1713505e-001
 6.1659038e-001
 6.1608237e-001
 6.1561775e-001
 6.1519784e-001
 6.1481893e-001
 6.1447376e-001
 6.1415291e-001
 6.1384642e-001
 6.1354500e-001
 6.1324131e-001
 6.1293054e-001
 6.1261028e-001
 6.1228061e-001
 6.1194313e-001
 6.1160052e-001
 6.1125642e-001
 6.1091423e-001
 6.1057776e-001
 6.1025023e-001
 6.0993445e-001
 6.0963249e-001
 6.0934532e-001
 6.0907215e-001
 6.0881048e-001
 6.0855472e-001
 6.0829604e-001
 6.0802162e-001
 6.0771430e-001
 6.0735327e-001
 6.0705239e-001
 6.0653913e-001
 6.0589325e-001
 6.0509098e-001
 6.0411698e-001
 6.0296905e-001
 6.0166186e-001
 6.0022473e-001
 5.9869659e-001
 5.9712267e-001
 5.9554905e-001
 5.9402186e-001
 5.9258503e-001
 5.9127778e-001
 5.9013355e-001
 5.8917832e-001
 5.8843035e-001
 5.8790123e-001
 5.8759713e-001
 5.8752096e-001
 5.8767378e-001
 5.8805519e-001
 5.8866245e-001
 5.8948880e-001
 5.9052038e-001
 5.9173375e-001
 5.9309500e-001
 5.9456033e-001
 5.9607965e-001
 5.9759825e-001
 5.9905988e-001
 6.0040957e-001
 6.0159481e-001
 6.0257101e-001
 6.0330480e-001
 6.0377890e-001
 6.0399371e-001
 6.0396528e-001
 6.0372162e-001
 6.0329747e-001
 6.0273111e-001
 6.0206109e-001
 6.0132468e-001
 6.0055518e-001
 5.9977901e-001
 5.9901363e-001
 5.9826607e-001
 5.9753448e-001
 5.9681004e-001
 5.9607989e-001
 5.9532940e-001
 5.9454310e-001
 5.9370601e-001
 5.9280437e-001
 5.9182590e-001
 5.9076154e-001
 5.8960450e-001
 5.8835095e-001
 5.8699918e-001
 5.8554810e-001
 5.8399779e-001
 5.8234793e-001
 5.8059901e-001
 5.7875168e-001
 5.7680637e-001
 5.7476461e-001
 5.7262838e-001
 5.7039958e-001
 5.6808132e-001
 5.6567591e-001
 5.6318659e-001
 5.6061637e-001
 5.5796707e-001
 5.5524081e-001
 5.5243725e-001
 5.4955494e-001
 5.4659057e-001
 5.4353791e-001
 5.4039073e-001
 5.3714055e-001
 5.3377986e-001
 5.3030139e-001
 5.2669781e-001
 5.2296603e-001
 5.1910508e-001
 5.1512104e-001
 5.1102602e-001
 5.0683630e-001
 5.0257355e-001
 4.9826205e-001
 4.9392551e-001
 4.8958999e-001
 4.8527896e-001
 4.8101604e-001
 4.7682244e-001
 4.7271475e-001
 4.6870807e-001
 4.6481222e-001
 4.6103626e-001
 4.5738769e-001
 4.5387208e-001
 4.5049635e-001
 4.4726557e-001
 4.4418585e-001
 4.4126299e-001
 4.3850127e-001
 4.3590593e-001
 4.3348050e-001
 4.3122920e-001
 4.2915592e-001
 4.2726371e-001
 4.2555648e-001
 4.2403689e-001
 4.2270777e-001
 4.2157075e-001
 4.2062587e-001
 4.1987211e-001
 4.1930708e-001
 4.1892725e-001
 4.1872868e-001
 4.1870698e-001
 4.1885746e-001
 4.1917470e-001
 4.1965225e-001
 4.2028147e-001
 4.2105129e-001
 4.2194745e-001
 4.2295289e-001
 4.2404902e-001
 4.2521557e-001
 4.2643228e-001
 4.2767867e-001
 4.2893502e-001
 4.3018392e-001
 4.3141034e-001
 4.3260410e-001
 4.3375900e-001
 4.3487310e-001
 4.3594787e-001
 4.3698621e-001
 4.3799192e-001
 4.3896940e-001
 4.3992248e-001
 4.4085509e-001
 4.4177008e-001
 4.4266924e-001
 4.4355372e-001
 4.4442311e-001
 4.4527683e-001
 4.4611341e-001
 4.4693130e-001
 4.4772929e-001
 4.4850600e-001
 4.4926098e-001
 4.4999450e-001
 4.5070818e-001
 4.5140529e-001
 4.5209008e-001
 4.5276818e-001
 4.5344543e-001
 4.5412797e-001
 4.5482203e-001
 4.5553327e-001
 4.5626628e-001
 4.5702431e-001
 4.5780805e-001
 4.5861614e-001
 4.5944473e-001
 4.6028835e-001
 4.6114084e-001
 4.6199527e-001
 4.6284509e-001
 4.6368378e-001
 4.6450588e-001
 4.6530774e-001
 4.6608755e-001
 4.6684623e-001
 4.6758655e-001
 4.6831295e-001
 4.6903104e-001
 4.6974650e-001
 4.7046545e-001
 4.7119340e-001
 4.7193512e-001
 4.7269458e-001
 4.7347355e-001
 4.7427249e-001
 4.7508985e-001
 4.7592294e-001
 4.7676861e-001
 4.7762308e-001
 4.7848251e-001
 4.7934368e-001
 4.8020342e-001
 4.8105994e-001
 4.8191240e-001
 4.8276144e-001
 4.8360911e-001
 4.8445815e-001
 4.8531216e-001
 4.8617455e-001
 4.8704922e-001
 4.8793897e-001
 4.8884633e-001
 4.8977241e-001
 4.9071574e-001
 4.9167332e-001
 4.9263996e-001
 4.9360937e-001
 4.9457359e-001
 4.9552512e-001
 4.9645647e-001
 4.9736005e-001
 4.9823019e-001
 4.9906328e-001
 4.9985805e-001
 5.0061679e-001
 5.0134462e-001
 5.0204885e-001
 5.0273740e-001
 5.0341952e-001
 5.0410420e-001
 5.0479954e-001
 5.0551313e-001
 5.0625038e-001
 5.0701380e-001
 5.0780332e-001
 5.0861633e-001
 5.0944769e-001
 5.1029176e-001
 5.1114208e-001
 5.1199222e-001
 5.1283526e-001
 5.1366538e-001
 5.1447731e-001
 5.1526606e-001
 5.1602829e-001
 5.1676148e-001
 5.1746327e-001
 5.1813221e-001
 5.1876688e-001
 5.1936632e-001
 5.1992935e-001
 5.2045578e-001
 5.2094644e-001
 5.2140301e-001
 5.2182913e-001
 5.2222961e-001
 5.2260995e-001
 5.2297658e-001
 5.2333599e-001
 5.2369452e-001
 5.2405822e-001
 5.2443224e-001
 5.2482021e-001
 5.2522343e-001
 5.2564114e-001
 5.2607059e-001
 5.2650702e-001
 5.2694523e-001
 5.2737951e-001
 5.2780378e-001
 5.2821255e-001
 5.2860063e-001
 5.2896392e-001
 5.2929926e-001
 5.2960509e-001
 5.2988112e-001
 5.3012758e-001
 5.3034580e-001
 5.3053701e-001
 5.3070265e-001
 5.3084427e-001
 5.3096360e-001
 5.3106254e-001
 5.3114325e-001
 5.3120822e-001
 5.3126019e-001
 5.3130215e-001
 5.3133714e-001
 5.3136826e-001
 5.3139859e-001
 5.3143114e-001
 5.3146839e-001
 5.3151238e-001
 5.3156447e-001
 5.3162509e-001
 5.3169405e-001
 5.3177047e-001
 5.3185314e-001
 5.3194094e-001
 5.3203237e-001
 5.3212631e-001
 5.3222173e-001
 5.3231788e-001
 5.3241444e-001
 5.3251183e-001
 5.3261071e-001
 5.3271210e-001
 5.3281730e-001
 5.3292769e-001
 5.3304446e-001
 5.3316873e-001
 5.3330106e-001
 5.3344125e-001
 5.3358799e-001
 5.3373891e-001
 5.3389049e-001
 5.3403836e-001
 5.3417784e-001
 5.3430390e-001
 5.3441161e-001
 5.3449619e-001
 5.3455353e-001
 5.3458017e-001
 5.3457391e-001
 5.3453392e-001
 5.3446043e-001
 5.3435451e-001
 5.3421789e-001
 5.3405225e-001
 5.3385955e-001
 5.3364128e-001
 5.3339827e-001
 5.3313053e-001
 5.3283650e-001
 5.3251284e-001
 5.3215528e-001
 5.3175801e-001
 5.3131479e-001
 5.3081924e-001
 5.3026485e-001
 5.2964544e-001
 5.2895540e-001
 5.2819061e-001
 5.2734822e-001
 5.2642709e-001
 5.2542812e-001
 5.2435303e-001
 5.2320385e-001
 5.2198398e-001
 5.2069604e-001
 5.1934302e-001
 5.1792735e-001
 5.1645231e-001
 5.1492000e-001
 5.1333219e-001
 5.1169151e-001
 5.0999933e-001
 5.0825691e-001
 5.0646663e-001
 5.0462973e-001
 5.0274760e-001
 5.0082320e-001
 4.9885884e-001
 4.9685797e-001
 4.9482432e-001
 4.9276397e-001
 4.9068201e-001
 4.8858383e-001
 4.8647657e-001
 4.8436573e-001
 4.8225677e-001
 4.8015630e-001
 4.7806889e-001
 4.7599888e-001
 4.7394931e-001
 4.7192395e-001
 4.6992457e-001
 4.6795264e-001
 4.6601090e-001
 4.6410084e-001
 4.6222419e-001
 4.6038479e-001
 4.5858616e-001
 4.5683360e-001
 4.5513523e-001
 4.5349959e-001
 4.5193666e-001
 4.5045692e-001
 4.4907203e-001
 4.4779262e-001
 4.4662905e-001
 4.4559160e-001
 4.4468829e-001
 4.4392532e-001
 4.4330719e-001
 4.4283593e-001
 4.4251233e-001
 4.4233623e-001
 4.4230717e-001
 4.4242430e-001
 4.4268653e-001
 4.4309211e-001
 4.4363874e-001
 4.4432306e-001
 4.4514009e-001
 4.4608423e-001
 4.4714895e-001
 4.4832748e-001
 4.4961202e-001
 4.5099550e-001
 4.5247090e-001
 4.5403010e-001
 4.5566604e-001
 4.5737174e-001
 4.5913893e-001
 4.6096066e-001
 4.6282986e-001
 4.6473828e-001
 4.6667886e-001
 4.6864411e-001
 4.7062704e-001
 4.7261894e-001
 4.7461236e-001
 4.7659948e-001
 4.7857076e-001
 4.8051772e-001
 4.8243156e-001
 4.8430210e-001
 4.8612040e-001
 4.8787731e-001
 4.8956454e-001
 4.9117348e-001
 4.9269840e-001
 4.9413574e-001
 4.9548319e-001
 4.9674177e-001
 4.9791393e-001
 4.9900234e-001
 5.0001097e-001
 5.0094378e-001
 5.0180423e-001
 5.0259626e-001
 5.0332326e-001
 5.0398862e-001
 5.0459480e-001
 5.0514454e-001
 5.0564021e-001
 5.0608373e-001
 5.0647730e-001
 5.0682288e-001
 5.0712222e-001
 5.0737673e-001
 5.0758725e-001
 5.0775379e-001
 5.0787538e-001
 5.0795043e-001
 5.0797653e-001
 5.0795114e-001
 5.0787151e-001
 5.0773501e-001
 5.0753981e-001
 5.0728512e-001
 5.0697225e-001
 5.0660568e-001
 5.0619262e-001
 5.0574332e-001
 5.0526994e-001
 5.0478625e-001
 5.0430614e-001
 5.0384343e-001
 5.0341123e-001
 5.0302035e-001
 5.0267822e-001
 5.0238788e-001
 5.0214714e-001
 5.0194913e-001
 5.0178367e-001
 5.0163859e-001
 5.0150073e-001
 5.0135666e-001
 5.0119364e-001
 5.0099987e-001
 5.0076550e-001
 5.0048357e-001
 5.0014979e-001
 4.9976254e-001
 4.9932238e-001
 4.9883085e-001
 4.9829003e-001
 4.9770203e-001
 4.9706912e-001
 4.9639252e-001
 4.9567249e-001
 4.9490827e-001
 4.9409711e-001
 4.9323478e-001
 4.9231672e-001
 4.9133703e-001
 4.9028993e-001
 4.8916957e-001
 4.8797172e-001
 4.8669320e-001
 4.8533368e-001
 4.8389792e-001
 4.8239422e-001
 4.8083484e-001
 4.7923610e-001
 4.7761509e-001
 4.7598958e-001
 4.7437859e-001
 4.7279927e-001
 4.7126749e-001
 4.6979603e-001
 4.6839434e-001
 4.6706507e-001
 4.6580583e-001
 4.6461633e-001
 4.6350920e-001
 4.6251294e-001
 4.6164131e-001
 4.6084964e-001
 4.6004358e-001
 4.5917234e-001
 4.5832279e-001
 4.5761690e-001
 4.5705378e-001
 4.5655397e-001
 4.5606241e-001
 4.5557460e-001
 4.5510837e-001
 4.5467415e-001
 4.5427036e-001
 4.5389041e-001
 4.5352763e-001
 4.5317534e-001
 4.5282668e-001
 4.5247477e-001
 4.5211220e-001
 4.5173153e-001
 4.5132589e-001
 4.5088902e-001
 4.5041633e-001
 4.4990653e-001
 4.4936204e-001
 4.4878978e-001
 4.4820046e-001
 4.4760823e-001
 4.4702840e-001
 4.4647709e-001
 4.4597051e-001
 4.4552338e-001
 4.4514772e-001
 4.4485152e-001
 4.4463640e-001
 4.4449753e-001
 4.4442409e-001
 4.4440076e-001
 4.4440949e-001
 4.4443098e-001
 4.4444585e-001
 4.4443560e-001
 4.4438401e-001
 4.4427890e-001
 4.4411334e-001
 4.4388652e-001
 4.4360295e-001
 4.4327083e-001
 4.4290045e-001
 4.4250295e-001
 4.4208977e-001
 4.4167146e-001
 4.4125718e-001
 4.4085434e-001
 4.4046712e-001
 4.4009665e-001
 4.3974134e-001
 4.3939710e-001
 4.3905839e-001
 4.3871900e-001
 4.3837273e-001
 4.3801320e-001
 4.3763417e-001
 4.3722996e-001
 4.3681133e-001
 4.3645111e-001
 4.3594503e-001
 4.3541303e-001
 4.3485966e-001
 4.3428978e-001
 4.3370801e-001
 4.3311939e-001
 4.3252853e-001
 4.3194017e-001
 4.3135920e-001
 4.3078947e-001
 4.3022853e-001
 4.2966986e-001
 4.2910710e-001
 4.2853361e-001
 4.2794329e-001
 4.2732951e-001
 4.2668593e-001
 4.2600593e-001
 4.2528334e-001
 4.2451170e-001
 4.2368451e-001
 4.2279512e-001
 4.2183754e-001
 4.2080605e-001
 4.1970292e-001
 4.1853467e-001
 4.1730767e-001
 4.1602910e-001
 4.1470522e-001
 4.1334254e-001
 4.1194752e-001
 4.1052726e-001
 4.0908810e-001
 4.0763658e-001
 4.0617901e-001
 4.0472263e-001
 4.0327370e-001
 4.0183881e-001
 4.0042454e-001
 3.9903718e-001
 3.9768392e-001
 3.9637059e-001
 3.9509809e-001
 3.9386469e-001
 3.9266929e-001
 3.9151001e-001
 3.9038530e-001
 3.8929328e-001
 3.8823289e-001
 3.8720223e-001
 3.8619980e-001
 3.8522390e-001
 3.8427278e-001
 3.8334531e-001
 3.8243964e-001
 3.8155413e-001
 3.8068712e-001
 3.7983727e-001
 3.7900290e-001
 3.7818232e-001
 3.7737378e-001
 3.7657616e-001
 3.7578759e-001
 3.7500656e-001
 3.7423244e-001
 3.7346563e-001
 3.7270594e-001
 3.7195340e-001
 3.7120810e-001
 3.7046978e-001
 3.6973885e-001
 3.6901513e-001
 3.6829868e-001
 3.6758932e-001
 3.6688754e-001
 3.6619303e-001
 3.6550578e-001
 3.6482581e-001
 3.6415336e-001
 3.6348838e-001
 3.6283079e-001
 3.6218065e-001
 3.6153778e-001
 3.6090261e-001
 3.6027494e-001
 3.5965481e-001
 3.5904211e-001
 3.5843712e-001
 3.5783973e-001
 3.5724995e-001
 3.5666761e-001
 3.5609290e-001
 3.5552567e-001
 3.5496584e-001
 3.5441333e-001
 3.5386795e-001
 3.5332993e-001
 3.5279906e-001
 3.5227522e-001
 3.5175839e-001
 3.5124856e-001
 3.5074565e-001
 3.5024956e-001
 3.4976020e-001
 3.4927762e-001
 3.4880170e-001
 3.4833241e-001
 3.4786952e-001
 3.4741321e-001
 3.4696335e-001
 3.4651977e-001
 3.4608254e-001
 3.4565136e-001
 3.4522650e-001
 3.4480771e-001
 3.4439501e-001
 3.4398818e-001
 3.4358737e-001
 3.4319237e-001
 3.4280324e-001
 3.4241980e-001
 3.4204233e-001
 3.4167069e-001
