s07_ASD Record=1593: Aragonite GDS1073            ASDNGc AREF
-1.2300000e+034
 6.6748106e-001
 6.6589457e-001
 6.6404343e-001
 6.6227037e-001
 6.6112936e-001
 6.6061163e-001
 6.6013098e-001
 6.5936977e-001
 6.5891701e-001
 6.5873200e-001
 6.5899491e-001
 6.5975988e-001
 6.5953100e-001
 6.5915459e-001
 6.5909481e-001
 6.5915275e-001
 6.5880072e-001
 6.5887624e-001
 6.6003239e-001
 6.6162413e-001
 6.6399342e-001
 6.6676331e-001
 6.6937947e-001
 6.7276746e-001
 6.7675447e-001
 6.8109620e-001
 6.8561232e-001
 6.9020385e-001
 6.9493687e-001
 6.9986659e-001
 7.0497942e-001
 7.0974559e-001
 7.1408039e-001
 7.1816802e-001
 7.2220367e-001
 7.2553766e-001
 7.2807974e-001
 7.3057681e-001
 7.3285103e-001
 7.3485404e-001
 7.3664075e-001
 7.3859107e-001
 7.3987651e-001
 7.4078321e-001
 7.4217659e-001
 7.4381298e-001
 7.4525934e-001
 7.4632496e-001
 7.4717033e-001
 7.4835116e-001
 7.4964505e-001
 7.5072396e-001
 7.5172806e-001
 7.5272143e-001
 7.5379652e-001
 7.5501931e-001
 7.5590879e-001
 7.5685006e-001
 7.5795943e-001
 7.5869799e-001
 7.5968975e-001
 7.6080483e-001
 7.6177019e-001
 7.6272553e-001
 7.6363188e-001
 7.6456004e-001
 7.6563495e-001
 7.6652932e-001
 7.6731187e-001
 7.6812279e-001
 7.6911789e-001
 7.7006066e-001
 7.7092963e-001
 7.7179515e-001
 7.7275139e-001
 7.7370173e-001
 7.7457231e-001
 7.7533162e-001
 7.7614063e-001
 7.7704561e-001
 7.7800208e-001
 7.7880251e-001
 7.7963853e-001
 7.8056079e-001
 7.8152782e-001
 7.8234965e-001
 7.8314120e-001
 7.8399229e-001
 7.8491825e-001
 7.8578103e-001
 7.8661102e-001
 7.8745615e-001
 7.8826767e-001
 7.8910428e-001
 7.8992462e-001
 7.9064548e-001
 7.9147136e-001
 7.9226369e-001
 7.9296547e-001
 7.9374731e-001
 7.9459977e-001
 7.9540098e-001
 7.9605359e-001
 7.9678172e-001
 7.9754305e-001
 7.9827499e-001
 7.9891610e-001
 7.9957145e-001
 8.0028433e-001
 8.0103642e-001
 8.0169296e-001
 8.0234259e-001
 8.0298847e-001
 8.0360997e-001
 8.0425173e-001
 8.0491126e-001
 8.0556267e-001
 8.0616087e-001
 8.0676115e-001
 8.0740362e-001
 8.0808926e-001
 8.0871791e-001
 8.0932862e-001
 8.0994171e-001
 8.1056380e-001
 8.1119645e-001
 8.1181455e-001
 8.1240994e-001
 8.1301540e-001
 8.1364071e-001
 8.1425881e-001
 8.1484121e-001
 8.1543338e-001
 8.1603485e-001
 8.1665403e-001
 8.1729692e-001
 8.1789351e-001
 8.1852973e-001
 8.1923747e-001
 8.1982255e-001
 8.2039952e-001
 8.2101381e-001
 8.2166803e-001
 8.2231081e-001
 8.2292563e-001
 8.2353109e-001
 8.2418096e-001
 8.2482845e-001
 8.2545656e-001
 8.2606238e-001
 8.2666600e-001
 8.2730293e-001
 8.2795584e-001
 8.2856882e-001
 8.2920128e-001
 8.2981867e-001
 8.3040500e-001
 8.3100331e-001
 8.3158332e-001
 8.3215737e-001
 8.3274716e-001
 8.3332264e-001
 8.3387810e-001
 8.3442688e-001
 8.3499432e-001
 8.3559865e-001
 8.3620465e-001
 8.3677918e-001
 8.3733267e-001
 8.3788908e-001
 8.3844316e-001
 8.3897817e-001
 8.3953029e-001
 8.4010053e-001
 8.4068102e-001
 8.4126252e-001
 8.4179592e-001
 8.4232491e-001
 8.4289986e-001
 8.4345400e-001
 8.4400016e-001
 8.4454924e-001
 8.4510714e-001
 8.4567970e-001
 8.4625977e-001
 8.4684563e-001
 8.4745842e-001
 8.4804994e-001
 8.4861487e-001
 8.4916878e-001
 8.4973353e-001
 8.5030562e-001
 8.5087931e-001
 8.5145265e-001
 8.5202169e-001
 8.5258842e-001
 8.5315251e-001
 8.5370260e-001
 8.5423481e-001
 8.5476154e-001
 8.5530370e-001
 8.5584712e-001
 8.5637438e-001
 8.5689038e-001
 8.5744798e-001
 8.5802460e-001
 8.5860616e-001
 8.5917693e-001
 8.5969627e-001
 8.6020631e-001
 8.6072755e-001
 8.6125112e-001
 8.6174452e-001
 8.6223692e-001
 8.6275321e-001
 8.6326700e-001
 8.6374605e-001
 8.6419845e-001
 8.6465389e-001
 8.6511105e-001
 8.6554056e-001
 8.6594397e-001
 8.6638284e-001
 8.6682671e-001
 8.6724836e-001
 8.6763555e-001
 8.6803675e-001
 8.6844289e-001
 8.6884302e-001
 8.6922878e-001
 8.6961842e-001
 8.6999887e-001
 8.7035990e-001
 8.7070936e-001
 8.7107146e-001
 8.7144631e-001
 8.7182432e-001
 8.7223148e-001
 8.7262684e-001
 8.7298447e-001
 8.7331051e-001
 8.7361962e-001
 8.7392759e-001
 8.7424880e-001
 8.7459278e-001
 8.7496376e-001
 8.7532580e-001
 8.7561941e-001
 8.7586004e-001
 8.7611878e-001
 8.7644345e-001
 8.7683064e-001
 8.7715971e-001
 8.7743634e-001
 8.7771291e-001
 8.7800312e-001
 8.7824547e-001
 8.7844998e-001
 8.7870181e-001
 8.7898701e-001
 8.7929738e-001
 8.7960362e-001
 8.7981677e-001
 8.7999946e-001
 8.8018644e-001
 8.8039833e-001
 8.8065422e-001
 8.8094747e-001
 8.8124043e-001
 8.8145781e-001
 8.8165301e-001
 8.8186556e-001
 8.8210970e-001
 8.8232225e-001
 8.8251072e-001
 8.8270241e-001
 8.8293165e-001
 8.8315850e-001
 8.8339090e-001
 8.8363230e-001
 8.8386577e-001
 8.8408393e-001
 8.8430983e-001
 8.8456190e-001
 8.8476783e-001
 8.8491559e-001
 8.8505042e-001
 8.8526952e-001
 8.8549238e-001
 8.8572335e-001
 8.8595319e-001
 8.8610965e-001
 8.8622642e-001
 8.8633692e-001
 8.8647765e-001
 8.8666272e-001
 8.8686955e-001
 8.8707000e-001
 8.8724411e-001
 8.8746268e-001
 8.8765949e-001
 8.8777983e-001
 8.8789678e-001
 8.8805217e-001
 8.8823879e-001
 8.8841927e-001
 8.8863802e-001
 8.8885206e-001
 8.8905734e-001
 8.8931888e-001
 8.8950676e-001
 8.8963526e-001
 8.8975978e-001
 8.8991618e-001
 8.9008230e-001
 8.9024514e-001
 8.9040369e-001
 8.9060968e-001
 8.9079058e-001
 8.9090544e-001
 8.9099699e-001
 8.9112818e-001
 8.9130837e-001
 8.9151412e-001
 8.9169163e-001
 8.9183289e-001
 8.9195955e-001
 8.9211172e-001
 8.9224684e-001
 8.9238673e-001
 8.9255810e-001
 8.9279258e-001
 8.9293450e-001
 8.9299464e-001
 8.9306700e-001
 8.9326525e-001
 8.9348018e-001
 8.9364070e-001
 8.9373094e-001
 8.9383799e-001
 8.9392793e-001
 8.9398777e-001
 8.9411741e-001
 8.9428365e-001
 8.9446604e-001
 8.9464629e-001
 8.9482474e-001
 8.9497215e-001
 8.9509416e-001
 8.9522541e-001
 8.9534634e-001
 8.9548123e-001
 8.9564079e-001
 8.9578861e-001
 8.9589405e-001
 8.9596128e-001
 8.9601916e-001
 8.9613169e-001
 8.9625484e-001
 8.9638734e-001
 8.9657712e-001
 8.9676416e-001
 8.9692611e-001
 8.9704937e-001
 8.9711720e-001
 8.9717454e-001
 8.9727277e-001
 8.9744294e-001
 8.9759517e-001
 8.9771920e-001
 8.9781648e-001
 8.9789754e-001
 8.9799613e-001
 8.9810747e-001
 8.9821714e-001
 8.9830929e-001
 8.9836687e-001
 8.9839238e-001
 8.9841402e-001
 8.9852750e-001
 8.9866889e-001
 8.9879888e-001
 8.9891261e-001
 8.9904678e-001
 8.9918953e-001
 8.9932239e-001
 8.9943004e-001
 8.9949179e-001
 8.9956206e-001
 8.9969617e-001
 8.9984316e-001
 8.9996397e-001
 9.0004539e-001
 9.0010011e-001
 9.0020931e-001
 9.0033543e-001
 9.0042913e-001
 9.0045267e-001
 9.0048158e-001
 9.0052050e-001
 9.0056193e-001
 9.0064216e-001
 9.0075511e-001
 9.0087849e-001
 9.0098709e-001
 9.0108526e-001
 9.0115714e-001
 9.0120399e-001
 9.0124959e-001
 9.0130687e-001
 9.0138537e-001
 9.0147692e-001
 9.0152931e-001
 9.0157759e-001
 9.0164077e-001
 9.0172160e-001
 9.0177697e-001
 9.0181577e-001
 9.0184724e-001
 9.0188068e-001
 9.0197480e-001
 9.0207702e-001
 9.0217370e-001
 9.0236253e-001
 9.0249193e-001
 9.0255910e-001
 9.0260053e-001
 9.0259629e-001
 9.0260702e-001
 9.0265280e-001
 9.0272093e-001
 9.0279621e-001
 9.0288478e-001
 9.0296251e-001
 9.0297145e-001
 9.0300202e-001
 9.0304917e-001
 9.0309262e-001
 9.0312946e-001
 9.0315491e-001
 9.0318465e-001
 9.0323931e-001
 9.0333045e-001
 9.0341294e-001
 9.0345603e-001
 9.0345711e-001
 9.0348011e-001
 9.0353942e-001
 9.0359694e-001
 9.0356058e-001
 9.0357673e-001
 9.0363741e-001
 9.0371066e-001
 9.0381271e-001
 9.0391093e-001
 9.0397787e-001
 9.0399259e-001
 9.0394640e-001
 9.0391040e-001
 9.0392727e-001
 9.0400517e-001
 9.0407372e-001
 9.0411758e-001
 9.0415066e-001
 9.0421188e-001
 9.0427744e-001
 9.0434623e-001
 9.0441757e-001
 9.0448070e-001
 9.0452093e-001
 9.0455854e-001
 9.0461421e-001
 9.0464437e-001
 9.0465432e-001
 9.0464616e-001
 9.0462601e-001
 9.0464169e-001
 9.0466499e-001
 9.0468270e-001
 9.0470690e-001
 9.0472293e-001
 9.0470940e-001
 9.0467638e-001
 9.0469289e-001
 9.0468735e-001
 9.0468878e-001
 9.0473360e-001
 9.0479201e-001
 9.0482849e-001
 9.0483886e-001
 9.0484214e-001
 9.0487576e-001
 9.0492946e-001
 9.0498066e-001
 9.0500253e-001
 9.0502924e-001
 9.0505499e-001
 9.0505993e-001
 9.0501827e-001
 9.0503067e-001
 9.0505534e-001
 9.0506124e-001
 9.0510440e-001
 9.0517181e-001
 9.0524530e-001
 9.0530670e-001
 9.0534985e-001
 9.0537572e-001
 9.0539867e-001
 9.0542942e-001
 9.0545863e-001
 9.0547431e-001
 9.0547270e-001
 9.0545559e-001
 9.0541691e-001
 9.0536052e-001
 9.0531921e-001
 9.0534729e-001
 9.0538919e-001
 9.0543109e-001
 9.0547568e-001
 9.0554142e-001
 9.0557182e-001
 9.0559030e-001
 9.0561581e-001
 9.0560752e-001
 9.0559030e-001
 9.0558499e-001
 9.0560895e-001
 9.0566862e-001
 9.0571702e-001
 9.0574765e-001
 9.0577316e-001
 9.0578473e-001
 9.0576077e-001
 9.0572661e-001
 9.0573025e-001
 9.0575606e-001
 9.0576977e-001
 9.0579003e-001
 9.0587330e-001
 9.0596855e-001
 9.0601510e-001
 9.0599614e-001
 9.0594918e-001
 9.0590084e-001
 9.0587753e-001
 9.0588289e-001
 9.0589118e-001
 9.0596193e-001
 9.0606838e-001
 9.0616089e-001
 9.0618634e-001
 9.0615469e-001
 9.0609354e-001
 9.0603226e-001
 9.0598112e-001
 9.0597028e-001
 9.0598655e-001
 9.0600562e-001
 9.0603518e-001
 9.0607506e-001
 9.0613490e-001
 9.0621299e-001
 9.0625709e-001
 9.0627605e-001
 9.0629953e-001
 9.0635628e-001
 9.0640241e-001
 9.0646988e-001
 9.0652364e-001
 9.0649962e-001
 9.0647745e-001
 9.0644932e-001
 9.0640640e-001
 9.0635282e-001
 9.0635163e-001
 9.0638870e-001
 9.0645242e-001
 9.0653092e-001
 9.0653652e-001
 9.0649807e-001
 9.0644884e-001
 9.0640318e-001
 9.0636009e-001
 9.0637881e-001
 9.0644312e-001
 9.0644383e-001
 9.0644616e-001
 9.0643692e-001
 9.0641117e-001
 9.0639114e-001
 9.0642911e-001
 9.0648341e-001
 9.0651149e-001
 9.0650350e-001
 9.0649378e-001
 9.0653992e-001
 9.0663177e-001
 9.0665072e-001
 9.0661907e-001
 9.0663624e-001
 9.0673137e-001
 9.0678072e-001
 9.0671802e-001
 9.0667260e-001
 9.0670949e-001
 9.0669203e-001
 9.0665317e-001
 9.0664822e-001
 9.0669328e-001
 9.0672421e-001
 9.0667647e-001
 9.0659547e-001
 9.0655285e-001
 9.0661049e-001
 9.0662897e-001
 9.0664309e-001
 9.0671593e-001
 9.0687406e-001
 9.0690029e-001
 9.0691793e-001
 9.0699303e-001
 9.0695459e-001
 9.0692407e-001
 9.0693510e-001
 9.0694863e-001
 9.0684736e-001
 9.0690583e-001
 9.0692115e-001
 9.0683633e-001
 9.0694129e-001
 9.0685928e-001
 9.0678650e-001
 9.0682697e-001
 9.0680206e-001
 9.0678626e-001
 9.0680957e-001
 9.0687817e-001
 9.0697169e-001
 9.0702051e-001
 9.0705752e-001
 9.0708995e-001
 9.0708888e-001
 9.0712601e-001
 9.0721083e-001
 9.0726835e-001
 9.0720159e-001
 9.0733600e-001
 9.0729237e-001
 9.0743238e-001
 9.0748119e-001
 9.0752840e-001
 9.0757281e-001
 9.0761358e-001
 9.0765035e-001
 9.0768331e-001
 9.0771317e-001
 9.0774101e-001
 9.0776807e-001
 9.0779543e-001
 9.0782404e-001
 9.0785444e-001
 9.0788668e-001
 9.0792060e-001
 9.0795577e-001
 9.0799165e-001
 9.0802753e-001
 9.0806299e-001
 9.0809774e-001
 9.0813154e-001
 9.0816456e-001
 9.0819681e-001
 9.0822834e-001
 9.0825909e-001
 9.0828860e-001
 9.0831631e-001
 9.0834147e-001
 9.0836358e-001
 9.0838242e-001
 9.0839827e-001
 9.0841180e-001
 9.0842426e-001
 9.0843678e-001
 9.0845042e-001
 9.0846568e-001
 9.0848231e-001
 9.0849954e-001
 9.0851593e-001
 9.0852988e-001
 9.0853989e-001
 9.0854496e-001
 9.0854472e-001
 9.0853977e-001
 9.0853131e-001
 9.0852118e-001
 9.0851146e-001
 9.0850419e-001
 9.0850121e-001
 9.0850389e-001
 9.0851313e-001
 9.0852922e-001
 9.0855223e-001
 9.0858179e-001
 9.0861738e-001
 9.0865844e-001
 9.0870416e-001
 9.0875363e-001
 9.0880567e-001
 9.0885901e-001
 9.0891200e-001
 9.0896297e-001
 9.0901005e-001
 9.0905178e-001
 9.0908700e-001
 9.0911508e-001
 9.0913624e-001
 9.0915155e-001
 9.0916270e-001
 9.0917182e-001
 9.0918118e-001
 9.0919292e-001
 9.0920848e-001
 9.0922880e-001
 9.0925390e-001
 9.0928340e-001
 9.0931630e-001
 9.0935159e-001
 9.0938818e-001
 9.0942526e-001
 9.0946203e-001
 9.0949816e-001
 9.0953308e-001
 9.0956670e-001
 9.0959859e-001
 9.0962851e-001
 9.0965629e-001
 9.0968180e-001
 9.0970492e-001
 9.0972573e-001
 9.0974444e-001
 9.0976131e-001
 9.0977693e-001
 9.0979177e-001
 9.0980661e-001
 9.0982217e-001
 9.0983915e-001
 9.0985829e-001
 9.0987998e-001
 9.0990436e-001
 9.0993136e-001
 9.0996051e-001
 9.0999120e-001
 9.1002262e-001
 9.1005397e-001
 9.1008455e-001
 9.1011375e-001
 9.1014099e-001
 9.1016585e-001
 9.1018778e-001
 9.1020626e-001
 9.1022092e-001
 9.1023129e-001
 9.1023731e-001
 9.1023904e-001
 9.1023719e-001
 9.1023260e-001
 9.1022664e-001
 9.1022074e-001
 9.1021627e-001
 9.1021442e-001
 9.1021574e-001
 9.1022032e-001
 9.1022784e-001
 9.1023731e-001
 9.1024792e-001
 9.1025853e-001
 9.1026843e-001
 9.1027695e-001
 9.1028386e-001
 9.1028887e-001
 9.1029167e-001
 9.1029191e-001
 9.1028881e-001
 9.1028178e-001
 9.1027004e-001
 9.1025323e-001
 9.1023135e-001
 9.1020519e-001
 9.1017574e-001
 9.1014451e-001
 9.1011298e-001
 9.1008234e-001
 9.1005331e-001
 9.1002595e-001
 9.0999973e-001
 9.0997380e-001
 9.0994704e-001
 9.0991843e-001
 9.0988725e-001
 9.0985322e-001
 9.0981627e-001
 9.0977675e-001
 9.0973526e-001
 9.0969247e-001
 9.0964913e-001
 9.0960592e-001
 9.0956360e-001
 9.0952265e-001
 9.0948367e-001
 9.0944707e-001
 9.0941316e-001
 9.0938210e-001
 9.0935403e-001
 9.0932894e-001
 9.0930670e-001
 9.0928698e-001
 9.0926939e-001
 9.0925330e-001
 9.0923792e-001
 9.0922236e-001
 9.0920556e-001
 9.0918648e-001
 9.0916425e-001
 9.0913814e-001
 9.0910786e-001
 9.0907353e-001
 9.0903562e-001
 9.0899515e-001
 9.0895349e-001
 9.0891200e-001
 9.0887243e-001
 9.0883625e-001
 9.0880495e-001
 9.0877956e-001
 9.0876091e-001
 9.0874928e-001
 9.0874457e-001
 9.0874618e-001
 9.0875304e-001
 9.0876389e-001
 9.0877724e-001
 9.0879166e-001
 9.0880585e-001
 9.0881878e-001
 9.0882969e-001
 9.0883791e-001
 9.0884316e-001
 9.0884513e-001
 9.0884376e-001
 9.0883911e-001
 9.0883130e-001
 9.0882093e-001
 9.0880853e-001
 9.0879494e-001
 9.0878087e-001
 9.0876722e-001
 9.0875465e-001
 9.0874380e-001
 9.0873528e-001
 9.0872973e-001
 9.0872777e-001
 9.0873009e-001
 9.0873700e-001
 9.0874898e-001
 9.0876591e-001
 9.0878755e-001
 9.0881330e-001
 9.0884250e-001
 9.0887427e-001
 9.0890807e-001
 9.0894318e-001
 9.0897930e-001
 9.0901613e-001
 9.0905368e-001
 9.0909177e-001
 9.0913039e-001
 9.0916908e-001
 9.0920717e-001
 9.0924364e-001
 9.0927708e-001
 9.0930593e-001
 9.0932876e-001
 9.0934455e-001
 9.0935314e-001
 9.0935522e-001
 9.0935248e-001
 9.0934759e-001
 9.0934336e-001
 9.0934277e-001
 9.0934789e-001
 9.0935999e-001
 9.0937895e-001
 9.0940338e-001
 9.0943092e-001
 9.0945864e-001
 9.0948337e-001
 9.0950257e-001
 9.0951443e-001
 9.0951830e-001
 9.0951455e-001
 9.0950447e-001
 9.0948993e-001
 9.0947312e-001
 9.0945601e-001
 9.0944016e-001
 9.0942645e-001
 9.0941525e-001
 9.0940636e-001
 9.0939963e-001
 9.0939480e-001
 9.0939194e-001
 9.0939134e-001
 9.0939337e-001
 9.0939832e-001
 9.0940613e-001
 9.0941608e-001
 9.0942705e-001
 9.0943748e-001
 9.0944576e-001
 9.0945047e-001
 9.0945077e-001
 9.0944624e-001
 9.0943700e-001
 9.0942347e-001
 9.0940613e-001
 9.0938520e-001
 9.0936095e-001
 9.0933323e-001
 9.0930206e-001
 9.0926760e-001
 9.0923035e-001
 9.0919119e-001
 9.0915138e-001
 9.0911245e-001
 9.0907592e-001
 9.0904319e-001
 9.0901524e-001
 9.0899229e-001
 9.0897411e-001
 9.0895981e-001
 9.0894777e-001
 9.0893638e-001
 9.0892375e-001
 9.0890813e-001
 9.0888816e-001
 9.0886295e-001
 9.0883195e-001
 9.0879518e-001
 9.0875292e-001
 9.0870577e-001
 9.0865409e-001
 9.0859848e-001
 9.0853918e-001
 9.0847623e-001
 9.0840966e-001
 9.0833926e-001
 9.0826511e-001
 9.0818733e-001
 9.0810639e-001
 9.0802318e-001
 9.0793884e-001
 9.0785491e-001
 9.0777284e-001
 9.0769416e-001
 9.0762013e-001
 9.0755159e-001
 9.0748882e-001
 9.0743160e-001
 9.0737915e-001
 9.0733033e-001
 9.0728360e-001
 9.0723735e-001
 9.0719002e-001
 9.0714031e-001
 9.0708703e-001
 9.0702963e-001
 9.0696770e-001
 9.0690130e-001
 9.0683067e-001
 9.0675640e-001
 9.0667921e-001
 9.0660006e-001
 9.0651989e-001
 9.0643960e-001
 9.0636027e-001
 9.0628254e-001
 9.0620720e-001
 9.0613449e-001
 9.0606475e-001
 9.0599793e-001
 9.0593404e-001
 9.0587288e-001
 9.0581447e-001
 9.0575862e-001
 9.0570521e-001
 9.0565407e-001
 9.0560502e-001
 9.0555787e-001
 9.0551233e-001
 9.0546805e-001
 9.0542471e-001
 9.0538180e-001
 9.0533888e-001
 9.0529531e-001
 9.0525019e-001
 9.0520257e-001
 9.0515143e-001
 9.0509558e-001
 9.0503389e-001
 9.0496558e-001
 9.0488970e-001
 9.0480578e-001
 9.0471327e-001
 9.0461165e-001
 9.0450042e-001
 9.0437907e-001
 9.0424705e-001
 9.0410388e-001
 9.0394932e-001
 9.0378314e-001
 9.0360540e-001
 9.0341634e-001
 9.0321618e-001
 9.0300512e-001
 9.0278339e-001
 9.0255117e-001
 9.0230840e-001
 9.0205520e-001
 9.0179139e-001
 9.0151680e-001
 9.0123105e-001
 9.0093344e-001
 9.0062302e-001
 9.0029842e-001
 8.9995790e-001
 8.9959997e-001
 8.9922285e-001
 8.9882553e-001
 8.9840758e-001
 8.9796931e-001
 8.9751190e-001
 8.9703703e-001
 8.9654690e-001
 8.9604384e-001
 8.9552993e-001
 8.9500719e-001
 8.9447707e-001
 8.9394099e-001
 8.9340001e-001
 8.9285505e-001
 8.9230728e-001
 8.9175779e-001
 8.9120781e-001
 8.9065897e-001
 8.9011294e-001
 8.8957173e-001
 8.8903737e-001
 8.8851213e-001
 8.8799828e-001
 8.8749778e-001
 8.8701272e-001
 8.8654453e-001
 8.8609463e-001
 8.8566393e-001
 8.8525295e-001
 8.8486195e-001
 8.8449085e-001
 8.8413930e-001
 8.8380688e-001
 8.8349283e-001
 8.8319641e-001
 8.8291669e-001
 8.8265270e-001
 8.8240349e-001
 8.8216776e-001
 8.8194454e-001
 8.8173258e-001
 8.8153064e-001
 8.8133770e-001
 8.8115269e-001
 8.8097483e-001
 8.8080364e-001
 8.8063872e-001
 8.8048023e-001
 8.8032854e-001
 8.8018447e-001
 8.8004911e-001
 8.7992358e-001
 8.7980914e-001
 8.7970680e-001
 8.7961721e-001
 8.7954044e-001
 8.7947583e-001
 8.7942201e-001
 8.7937725e-001
 8.7933910e-001
 8.7930530e-001
 8.7927371e-001
 8.7924254e-001
 8.7921047e-001
 8.7917686e-001
 8.7914163e-001
 8.7910497e-001
 8.7906760e-001
 8.7903029e-001
 8.7899411e-001
 8.7896025e-001
 8.7893015e-001
 8.7890512e-001
 8.7888670e-001
 8.7887627e-001
 8.7887484e-001
 8.7888330e-001
 8.7890208e-001
 8.7893122e-001
 8.7897038e-001
 8.7901920e-001
 8.7907708e-001
 8.7914354e-001
 8.7921840e-001
 8.7930149e-001
 8.7939304e-001
 8.7949342e-001
 8.7960315e-001
 8.7972283e-001
 8.7985301e-001
 8.7999403e-001
 8.8014585e-001
 8.8030803e-001
 8.8047940e-001
 8.8065875e-001
 8.8084430e-001
 8.8103431e-001
 8.8122755e-001
 8.8142294e-001
 8.8161999e-001
 8.8181859e-001
 8.8201869e-001
 8.8222027e-001
 8.8242269e-001
 8.8262504e-001
 8.8282603e-001
 8.8302392e-001
 8.8321728e-001
 8.8340497e-001
 8.8358659e-001
 8.8376236e-001
 8.8393342e-001
 8.8410151e-001
 8.8426882e-001
 8.8443780e-001
 8.8461083e-001
 8.8478976e-001
 8.8497597e-001
 8.8516980e-001
 8.8537037e-001
 8.8557595e-001
 8.8578367e-001
 8.8599002e-001
 8.8619149e-001
 8.8638479e-001
 8.8656753e-001
 8.8673878e-001
 8.8689888e-001
 8.8704956e-001
 8.8719368e-001
 8.8733494e-001
 8.8747686e-001
 8.8762277e-001
 8.8777506e-001
 8.8793480e-001
 8.8810188e-001
 8.8827479e-001
 8.8845116e-001
 8.8862807e-001
 8.8880265e-001
 8.8897240e-001
 8.8913572e-001
 8.8929206e-001
 8.8944167e-001
 8.8958549e-001
 8.8972479e-001
 8.8986051e-001
 8.8999325e-001
 8.9012319e-001
 8.9024961e-001
 8.9037180e-001
 8.9048880e-001
 8.9060009e-001
 8.9070576e-001
 8.9080662e-001
 8.9090419e-001
 8.9100069e-001
 8.9109832e-001
 8.9119935e-001
 8.9130539e-001
 8.9141721e-001
 8.9153492e-001
 8.9165747e-001
 8.9178336e-001
 8.9191067e-001
 8.9203733e-001
 8.9216167e-001
 8.9228243e-001
 8.9239883e-001
 8.9251083e-001
 8.9261883e-001
 8.9272338e-001
 8.9282531e-001
 8.9292520e-001
 8.9302337e-001
 8.9311993e-001
 8.9321470e-001
 8.9330703e-001
 8.9339638e-001
 8.9348197e-001
 8.9356297e-001
 8.9363867e-001
 8.9370841e-001
 8.9377171e-001
 8.9382833e-001
 8.9387822e-001
 8.9392191e-001
 8.9396030e-001
 8.9399469e-001
 8.9402682e-001
 8.9405864e-001
 8.9409202e-001
 8.9412868e-001
 8.9416987e-001
 8.9421630e-001
 8.9426827e-001
 8.9432544e-001
 8.9438713e-001
 8.9445227e-001
 8.9451981e-001
 8.9458847e-001
 8.9465708e-001
 8.9472455e-001
 8.9478993e-001
 8.9485246e-001
 8.9491147e-001
 8.9496648e-001
 8.9501703e-001
 8.9506298e-001
 8.9510411e-001
 8.9514047e-001
 8.9517212e-001
 8.9519924e-001
 8.9522213e-001
 8.9524114e-001
 8.9525664e-001
 8.9526916e-001
 8.9527905e-001
 8.9528680e-001
 8.9529288e-001
 8.9529783e-001
 8.9530236e-001
 8.9530706e-001
 8.9531273e-001
 8.9532012e-001
 8.9533001e-001
 8.9534277e-001
 8.9535868e-001
 8.9537770e-001
 8.9539945e-001
 8.9542329e-001
 8.9544833e-001
 8.9547378e-001
 8.9549887e-001
 8.9552295e-001
 8.9554572e-001
 8.9556718e-001
 8.9558744e-001
 8.9560699e-001
 8.9562619e-001
 8.9564544e-001
 8.9566481e-001
 8.9568400e-001
 8.9570242e-001
 8.9571917e-001
 8.9573288e-001
 8.9574248e-001
 8.9574671e-001
 8.9574510e-001
 8.9573753e-001
 8.9572448e-001
 8.9570731e-001
 8.9568782e-001
 8.9566809e-001
 8.9565039e-001
 8.9563680e-001
 8.9562881e-001
 8.9562714e-001
 8.9563149e-001
 8.9564073e-001
 8.9565289e-001
 8.9566571e-001
 8.9567691e-001
 8.9568478e-001
 8.9568830e-001
 8.9568734e-001
 8.9568293e-001
 8.9567631e-001
 8.9566916e-001
 8.9566284e-001
 8.9565808e-001
 8.9565492e-001
 8.9565247e-001
 8.9564914e-001
 8.9564300e-001
 8.9563185e-001
 8.9561373e-001
 8.9558727e-001
 8.9555156e-001
 8.9550638e-001
 8.9545214e-001
 8.9538968e-001
 8.9532012e-001
 8.9524466e-001
 8.9516455e-001
 8.9508086e-001
 8.9499438e-001
 8.9490592e-001
 8.9481610e-001
 8.9472550e-001
 8.9463484e-001
 8.9454490e-001
 8.9445657e-001
 8.9437056e-001
 8.9428777e-001
 8.9420861e-001
 8.9413339e-001
 8.9406204e-001
 8.9399409e-001
 8.9392895e-001
 8.9386553e-001
 8.9380294e-001
 8.9373994e-001
 8.9367563e-001
 8.9360905e-001
 8.9353961e-001
 8.9346671e-001
 8.9339024e-001
 8.9331007e-001
 8.9322627e-001
 8.9313906e-001
 8.9304894e-001
 8.9295661e-001
 8.9286292e-001
 8.9276904e-001
 8.9267641e-001
 8.9258647e-001
 8.9250046e-001
 8.9241970e-001
 8.9234459e-001
 8.9227533e-001
 8.9221102e-001
 8.9215040e-001
 8.9209157e-001
 8.9203238e-001
 8.9197093e-001
 8.9190561e-001
 8.9183545e-001
 8.9176029e-001
 8.9168054e-001
 8.9159697e-001
 8.9151078e-001
 8.9142305e-001
 8.9133495e-001
 8.9124727e-001
 8.9116079e-001
 8.9107627e-001
 8.9099443e-001
 8.9091629e-001
 8.9084268e-001
 8.9077461e-001
 8.9071286e-001
 8.9065778e-001
 8.9060950e-001
 8.9056748e-001
 8.9053094e-001
 8.9049858e-001
 8.9046872e-001
 8.9043945e-001
 8.9040864e-001
 8.9037389e-001
 8.9033300e-001
 8.9028400e-001
 8.9022529e-001
 8.9015621e-001
 8.9007688e-001
 8.8998824e-001
 8.8989204e-001
 8.8979036e-001
 8.8968545e-001
 8.8957936e-001
 8.8947374e-001
 8.8936985e-001
 8.8926876e-001
 8.8917130e-001
 8.8907844e-001
 8.8899112e-001
 8.8891035e-001
 8.8883722e-001
 8.8877255e-001
 8.8871711e-001
 8.8867122e-001
 8.8863474e-001
 8.8860744e-001
 8.8858861e-001
 8.8857728e-001
 8.8857239e-001
 8.8857257e-001
 8.8857615e-001
 8.8858151e-001
 8.8858700e-001
 8.8859123e-001
 8.8859314e-001
 8.8859236e-001
 8.8858908e-001
 8.8858408e-001
 8.8857847e-001
 8.8857341e-001
 8.8856989e-001
 8.8856834e-001
 8.8856882e-001
 8.8857055e-001
 8.8857228e-001
 8.8857257e-001
 8.8856965e-001
 8.8856208e-001
 8.8854831e-001
 8.8852745e-001
 8.8849866e-001
 8.8846171e-001
 8.8841671e-001
 8.8836426e-001
 8.8830531e-001
 8.8824123e-001
 8.8817364e-001
 8.8810396e-001
 8.8803315e-001
 8.8796139e-001
 8.8788790e-001
 8.8781077e-001
 8.8772738e-001
 8.8763487e-001
 8.8753068e-001
 8.8742006e-001
 8.8728815e-001
 8.8714331e-001
 8.8698846e-001
 8.8682783e-001
 8.8666576e-001
 8.8650656e-001
 8.8635337e-001
 8.8620836e-001
 8.8607222e-001
 8.8594443e-001
 8.8582361e-001
 8.8570768e-001
 8.8559401e-001
 8.8547999e-001
 8.8536280e-001
 8.8523996e-001
 8.8510931e-001
 8.8496947e-001
 8.8481969e-001
 8.8466030e-001
 8.8449246e-001
 8.8431811e-001
 8.8413978e-001
 8.8396025e-001
 8.8378209e-001
 8.8360727e-001
 8.8343704e-001
 8.8327163e-001
 8.8311034e-001
 8.8295180e-001
 8.8279414e-001
 8.8263530e-001
 8.8247323e-001
 8.8230592e-001
 8.8213170e-001
 8.8194895e-001
 8.8175637e-001
 8.8155293e-001
 8.8133800e-001
 8.8111144e-001
 8.8087362e-001
 8.8062561e-001
 8.8036901e-001
 8.8010585e-001
 8.7983853e-001
 8.7956935e-001
 8.7930024e-001
 8.7903255e-001
 8.7876660e-001
 8.7850165e-001
 8.7823588e-001
 8.7796682e-001
 8.7769145e-001
 8.7740660e-001
 8.7710935e-001
 8.7679732e-001
 8.7646836e-001
 8.7612087e-001
 8.7575322e-001
 8.7536377e-001
 8.7495047e-001
 8.7451082e-001
 8.7404203e-001
 8.7354046e-001
 8.7300229e-001
 8.7242335e-001
 8.7179905e-001
 8.7112534e-001
 8.7039834e-001
 8.6961550e-001
 8.6877543e-001
 8.6787820e-001
 8.6692584e-001
 8.6592126e-001
 8.6486888e-001
 8.6377323e-001
 8.6263835e-001
 8.6146796e-001
 8.6026442e-001
 8.5902923e-001
 8.5776335e-001
 8.5646647e-001
 8.5513854e-001
 8.5377878e-001
 8.5238665e-001
 8.5096127e-001
 8.4950107e-001
 8.4800446e-001
 8.4646964e-001
 8.4489429e-001
 8.4327716e-001
 8.4161729e-001
 8.3991575e-001
 8.3817548e-001
 8.3640116e-001
 8.3460045e-001
 8.3278209e-001
 8.3095688e-001
 8.2913619e-001
 8.2733071e-001
 8.2555079e-001
 8.2380474e-001
 8.2209951e-001
 8.2044023e-001
 8.1882995e-001
 8.1727147e-001
 8.1576586e-001
 8.1431442e-001
 8.1291842e-001
 8.1157827e-001
 8.1029516e-001
 8.0906940e-001
 8.0790162e-001
 8.0679244e-001
 8.0574220e-001
 8.0475163e-001
 8.0382174e-001
 8.0295306e-001
 8.0214638e-001
 8.0140120e-001
 8.0071622e-001
 8.0008906e-001
 7.9951584e-001
 7.9899216e-001
 7.9851311e-001
 7.9807425e-001
 7.9767150e-001
 7.9730165e-001
 7.9696238e-001
 7.9665226e-001
 7.9637057e-001
 7.9611725e-001
 7.9589278e-001
 7.9569811e-001
 7.9553449e-001
 7.9540324e-001
 7.9530567e-001
 7.9524243e-001
 7.9521364e-001
 7.9521847e-001
 7.9525501e-001
 7.9532027e-001
 7.9541028e-001
 7.9552066e-001
 7.9564685e-001
 7.9578483e-001
 7.9593152e-001
 7.9608530e-001
 7.9624587e-001
 7.9641426e-001
 7.9659253e-001
 7.9678321e-001
 7.9698873e-001
 7.9721111e-001
 7.9745167e-001
 7.9771078e-001
 7.9798806e-001
 7.9828244e-001
 7.9859263e-001
 7.9891700e-001
 7.9925382e-001
 7.9960126e-001
 7.9995716e-001
 8.0031908e-001
 8.0068362e-001
 8.0104715e-001
 8.0140573e-001
 8.0175525e-001
 8.0209279e-001
 8.0241621e-001
 8.0272543e-001
 8.0302191e-001
 8.0330878e-001
 8.0359036e-001
 8.0387127e-001
 8.0415606e-001
 8.0444807e-001
 8.0474955e-001
 8.0506158e-001
 8.0538422e-001
 8.0571759e-001
 8.0606169e-001
 8.0641752e-001
 8.0678689e-001
 8.0717218e-001
 8.0757594e-001
 8.0800033e-001
 8.0844617e-001
 8.0891329e-001
 8.0939972e-001
 8.0990261e-001
 8.1041849e-001
 8.1094366e-001
 8.1147522e-001
 8.1201059e-001
 8.1254822e-001
 8.1308740e-001
 8.1362766e-001
 8.1416899e-001
 8.1471109e-001
 8.1525379e-001
 8.1579626e-001
 8.1633788e-001
 8.1687796e-001
 8.1741595e-001
 8.1795192e-001
 8.1848651e-001
 8.1902093e-001
 8.1955636e-001
 8.2009453e-001
 8.2063699e-001
 8.2118464e-001
 8.2173824e-001
 8.2229817e-001
 8.2286364e-001
 8.2343382e-001
 8.2400751e-001
 8.2458323e-001
 8.2515925e-001
 8.2573450e-001
 8.2630825e-001
 8.2687980e-001
 8.2744932e-001
 8.2801712e-001
 8.2858312e-001
 8.2914740e-001
 8.2970923e-001
 8.3026707e-001
 8.3081877e-001
 8.3136177e-001
 8.3189321e-001
 8.3240986e-001
 8.3290941e-001
 8.3339006e-001
 8.3385062e-001
 8.3429158e-001
 8.3471447e-001
 8.3512205e-001
 8.3551848e-001
 8.3590865e-001
 8.3629763e-001
 8.3668995e-001
 8.3708918e-001
 8.3749723e-001
 8.3791393e-001
 8.3833754e-001
 8.3876485e-001
 8.3919114e-001
 8.3961171e-001
 8.4002191e-001
 8.4041762e-001
 8.4079635e-001
 8.4115708e-001
 8.4150076e-001
 8.4182954e-001
 8.4214723e-001
 8.4245825e-001
 8.4276676e-001
 8.4307665e-001
 8.4339088e-001
 8.4371114e-001
 8.4403837e-001
 8.4437257e-001
 8.4471315e-001
 8.4505886e-001
 8.4540820e-001
 8.4575957e-001
 8.4611082e-001
 8.4646040e-001
 8.4680748e-001
 8.4715182e-001
 8.4749466e-001
 8.4783822e-001
 8.4818542e-001
 8.4853905e-001
 8.4890115e-001
 8.4927225e-001
 8.4965062e-001
 8.5003257e-001
 8.5041267e-001
 8.5078406e-001
 8.5114008e-001
 8.5147458e-001
 8.5178274e-001
 8.5206193e-001
 8.5231161e-001
 8.5253358e-001
 8.5273105e-001
 8.5290891e-001
 8.5307246e-001
 8.5322690e-001
 8.5337675e-001
 8.5352534e-001
 8.5367441e-001
 8.5382408e-001
 8.5397339e-001
 8.5412061e-001
 8.5426378e-001
 8.5440159e-001
 8.5453391e-001
 8.5466129e-001
 8.5478556e-001
 8.5490888e-001
 8.5503334e-001
 8.5516065e-001
 8.5529178e-001
 8.5542691e-001
 8.5556561e-001
 8.5570675e-001
 8.5584885e-001
 8.5598999e-001
 8.5612792e-001
 8.5626006e-001
 8.5638374e-001
 8.5649651e-001
 8.5659659e-001
 8.5668319e-001
 8.5675687e-001
 8.5681963e-001
 8.5687464e-001
 8.5692573e-001
 8.5697681e-001
 8.5703069e-001
 8.5708892e-001
 8.5715097e-001
 8.5721427e-001
 8.5727459e-001
 8.5732675e-001
 8.5736507e-001
 8.5738420e-001
 8.5737962e-001
 8.5734761e-001
 8.5728574e-001
 8.5719252e-001
 8.5706776e-001
 8.5691243e-001
 8.5672927e-001
 8.5652274e-001
 8.5629922e-001
 8.5606706e-001
 8.5583591e-001
 8.5561603e-001
 8.5541713e-001
 8.5524750e-001
 8.5511273e-001
 8.5501522e-001
 8.5495394e-001
 8.5492486e-001
 8.5492146e-001
 8.5493606e-001
 8.5496056e-001
 8.5498738e-001
 8.5501027e-001
 8.5502446e-001
 8.5502672e-001
 8.5501528e-001
 8.5498971e-001
 8.5495025e-001
 8.5489786e-001
 8.5483390e-001
 8.5475963e-001
 8.5467625e-001
 8.5458487e-001
 8.5448611e-001
 8.5438013e-001
 8.5426688e-001
 8.5414612e-001
 8.5401732e-001
 8.5388017e-001
 8.5373467e-001
 8.5358113e-001
 8.5342026e-001
 8.5325325e-001
 8.5308152e-001
 8.5290700e-001
 8.5273194e-001
 8.5255885e-001
 8.5239065e-001
 8.5223043e-001
 8.5208100e-001
 8.5194457e-001
 8.5182208e-001
 8.5171312e-001
 8.5161555e-001
 8.5152608e-001
 8.5144055e-001
 8.5135472e-001
 8.5126483e-001
 8.5116792e-001
 8.5106218e-001
 8.5094643e-001
 8.5081947e-001
 8.5068017e-001
 8.5052651e-001
 8.5035598e-001
 8.5016590e-001
 8.4995365e-001
 8.4971744e-001
 8.4945679e-001
 8.4917277e-001
 8.4886789e-001
 8.4854585e-001
 8.4821135e-001
 8.4786904e-001
 8.4752309e-001
 8.4717721e-001
 8.4683317e-001
 8.4649163e-001
 8.4615207e-001
 8.4581256e-001
 8.4547067e-001
 8.4512353e-001
 8.4476835e-001
 8.4440190e-001
 8.4402108e-001
 8.4362286e-001
 8.4320420e-001
 8.4276223e-001
 8.4229505e-001
 8.4180135e-001
 8.4128082e-001
 8.4073418e-001
 8.4016329e-001
 8.3957022e-001
 8.3895737e-001
 8.3832747e-001
 8.3768296e-001
 8.3702642e-001
 8.3636093e-001
 8.3568984e-001
 8.3501661e-001
 8.3434576e-001
 8.3368093e-001
 8.3302557e-001
 8.3238190e-001
 8.3175117e-001
 8.3113265e-001
 8.3052397e-001
 8.2992202e-001
 8.2932234e-001
 8.2872009e-001
 8.2811129e-001
 8.2749194e-001
 8.2685930e-001
 8.2621157e-001
 8.2554853e-001
 8.2487029e-001
 8.2417774e-001
 8.2347256e-001
 8.2275611e-001
 8.2202923e-001
 8.2129300e-001
 8.2054746e-001
 8.1979215e-001
 8.1902754e-001
 8.1825382e-001
 8.1747246e-001
 8.1668574e-001
 8.1589752e-001
 8.1511122e-001
 8.1432968e-001
 8.1355494e-001
 8.1278622e-001
 8.1202048e-001
 8.1125343e-001
 8.1047899e-001
 8.0969137e-001
 8.0888599e-001
 8.0806088e-001
 8.0721617e-001
 8.0635488e-001
 8.0548263e-001
 8.0460614e-001
 8.0373234e-001
 8.0286831e-001
 8.0201906e-001
 8.0118757e-001
 8.0037522e-001
 7.9958034e-001
 7.9879946e-001
 7.9802728e-001
 7.9725820e-001
 7.9648596e-001
 7.9570520e-001
 7.9491276e-001
 7.9410702e-001
 7.9328883e-001
 7.9246157e-001
 7.9162997e-001
 7.9079980e-001
 7.8997701e-001
 7.8916836e-001
 7.8837955e-001
 7.8761601e-001
 7.8688329e-001
 7.8618616e-001
 7.8552854e-001
 7.8491396e-001
 7.8434414e-001
 7.8381890e-001
 7.8333652e-001
 7.8289270e-001
 7.8248143e-001
 7.8209555e-001
 7.8172779e-001
 7.8137159e-001
 7.8102255e-001
 7.8067958e-001
 7.8034526e-001
 7.8002590e-001
 7.7973145e-001
 7.7947384e-001
 7.7926618e-001
 7.7912092e-001
 7.7904868e-001
 7.7905703e-001
 7.7914959e-001
 7.7932560e-001
 7.7958000e-001
 7.7990359e-001
 7.8028357e-001
 7.8070468e-001
 7.8115046e-001
 7.8160447e-001
 7.8205156e-001
 7.8247970e-001
 7.8288072e-001
 7.8325027e-001
 7.8358817e-001
 7.8389734e-001
 7.8418189e-001
 7.8444648e-001
 7.8469455e-001
 7.8492785e-001
 7.8514653e-001
 7.8535008e-001
 7.8553826e-001
 7.8571224e-001
 7.8587633e-001
 7.8603810e-001
 7.8620863e-001
 7.8640258e-001
 7.8663701e-001
 7.8692991e-001
 7.8729916e-001
 7.8776056e-001
 7.8832650e-001
 7.8900450e-001
 7.8979754e-001
 7.9070377e-001
 7.9171652e-001
 7.9282647e-001
 7.9402184e-001
 7.9528785e-001
 7.9660934e-001
 7.9796958e-001
 7.9934984e-001
 8.0073178e-001
 8.0209672e-001
 8.0342746e-001
 8.0470777e-001
 8.0592513e-001
 8.0707043e-001
 8.0813658e-001
 8.0912006e-001
 8.1001878e-001
 8.1083101e-001
 8.1155628e-001
 8.1219417e-001
 8.1274539e-001
 8.1321210e-001
 8.1359887e-001
 8.1391251e-001
 8.1416118e-001
 8.1435347e-001
 8.1449682e-001
 8.1459594e-001
 8.1465268e-001
 8.1466556e-001
 8.1463122e-001
 8.1454545e-001
 8.1440437e-001
 8.1420577e-001
 8.1394935e-001
 8.1363672e-001
 8.1327045e-001
 8.1285435e-001
 8.1239182e-001
 8.1188619e-001
 8.1134087e-001
 8.1075907e-001
 8.1014448e-001
 8.0950117e-001
 8.0883425e-001
 8.0814838e-001
 8.0744815e-001
 8.0673754e-001
 8.0601937e-001
 8.0529505e-001
 8.0456597e-001
 8.0383235e-001
 8.0309474e-001
 8.0235463e-001
 8.0161375e-001
 8.0087465e-001
 8.0013984e-001
 7.9941207e-001
 7.9869211e-001
 7.9797864e-001
 7.9726779e-001
 7.9655188e-001
 7.9582036e-001
 7.9506135e-001
 7.9426229e-001
 7.9341292e-001
 7.9250616e-001
 7.9154074e-001
 7.9051960e-001
 7.8944999e-001
 7.8834271e-001
 7.8720868e-001
 7.8605831e-001
 7.8490084e-001
 7.8374219e-001
 7.8258568e-001
 7.8143245e-001
 7.8028023e-001
 7.7912438e-001
 7.7795762e-001
 7.7677184e-001
 7.7555764e-001
 7.7430654e-001
 7.7301335e-001
 7.7167547e-001
 7.7029425e-001
 7.6887512e-001
 7.6742452e-001
 7.6594961e-001
 7.6445580e-001
 7.6294744e-001
 7.6142567e-001
 7.5989038e-001
 7.5834227e-001
 7.5678211e-001
 7.5521219e-001
 7.5363737e-001
 7.5206214e-001
 7.5049132e-001
 7.4892867e-001
 7.4737865e-001
 7.4584436e-001
 7.4432957e-001
 7.4284029e-001
 7.4138254e-001
 7.3996300e-001
 7.3858947e-001
 7.3726803e-001
 7.3600459e-001
 7.3480517e-001
 7.3367417e-001
 7.3261499e-001
 7.3162824e-001
 7.3071116e-001
 7.2985530e-001
 7.2904688e-001
 7.2826892e-001
 7.2750187e-001
 7.2672725e-001
 7.2593105e-001
 7.2510409e-001
 7.2424334e-001
 7.2335094e-001
 7.2243315e-001
 7.2149694e-001
 7.2054827e-001
 7.1959150e-001
 7.1862751e-001
 7.1765453e-001
 7.1667010e-001
 7.1567160e-001
 7.1465772e-001
 7.1363038e-001
 7.1259242e-001
 7.1154761e-001
 7.1049833e-001
 7.0944542e-001
 7.0838666e-001
 7.0731843e-001
 7.0623946e-001
 7.0515168e-001
 7.0406294e-001
 7.0298797e-001
 7.0194483e-001
 7.0095289e-001
 7.0002902e-001
 6.9918555e-001
 6.9842851e-001
 6.9775832e-001
-1.2300000e+034
