s07_ASD Record=20652: Douglas-Fir YNP-DF-1 forest AVIRISb RTGC
-1.2300000e+034
-1.2300000e+034
-1.2300000e+034
-1.2300000e+034
-1.2300000e+034
-1.2300000e+034
-1.2300000e+034
-1.2300000e+034
-1.2300000e+034
-1.2300000e+034
-1.2300000e+034
-1.2300000e+034
-1.2300000e+034
-1.2300000e+034
-1.2300000e+034
-1.2300000e+034
-1.2300000e+034
-1.2300000e+034
-1.2300000e+034
-1.2300000e+034
-1.2300000e+034
-1.2300000e+034
-1.2300000e+034
-1.2300000e+034
-1.2300000e+034
-1.2300000e+034
-1.2300000e+034
-1.2300000e+034
-1.2300000e+034
-1.2300000e+034
-1.2300000e+034
-1.2300000e+034
-1.2300000e+034
-1.2300000e+034
-1.2300000e+034
-1.2300000e+034
-1.2300000e+034
-1.2300000e+034
-1.2300000e+034
-1.2300000e+034
-1.2300000e+034
-1.2300000e+034
-1.2300000e+034
-1.2300000e+034
-1.2300000e+034
-1.2300000e+034
-1.2300000e+034
-1.2300000e+034
-1.2300000e+034
-1.2300000e+034
-1.2300000e+034
-1.2300000e+034
-1.2300000e+034
-1.2300000e+034
-1.2300000e+034
-1.2300000e+034
-1.2300000e+034
-1.2300000e+034
-1.2300000e+034
 5.7714959e-003
 5.9235492e-003
 6.0736067e-003
 6.2196874e-003
 6.3597914e-003
 6.4919358e-003
 6.6141263e-003
 6.7243683e-003
 6.8206782e-003
 6.9010588e-003
 6.9635245e-003
 7.0074508e-003
 7.0374538e-003
 7.0595588e-003
 7.0797899e-003
 7.1041752e-003
 7.1387370e-003
 7.1895020e-003
 7.2624953e-003
 7.3637459e-003
 7.4992729e-003
 7.6731504e-003
 7.8804968e-003
 8.1144180e-003
 8.3679939e-003
 8.6343158e-003
 8.9064632e-003
 9.1775432e-003
 9.4406391e-003
 9.6888291e-003
 9.9152196e-003
 1.0114444e-002
 1.0287352e-002
 1.0436341e-002
 1.0563819e-002
 1.0672186e-002
 1.0763841e-002
 1.0841184e-002
 1.0906615e-002
 1.0962543e-002
 1.1011362e-002
 1.1055301e-002
 1.1095366e-002
 1.1167265e-002
 1.1200796e-002
 1.1233851e-002
 1.1267277e-002
 1.1301923e-002
 1.1338638e-002
 1.1378272e-002
 1.1421485e-002
 1.1467920e-002
 1.1517012e-002
 1.1568213e-002
 1.1620959e-002
 1.1674697e-002
 1.1728868e-002
 1.1782917e-002
 1.1836286e-002
 1.1888416e-002
 1.1938756e-002
 1.1986756e-002
 1.2031878e-002
 1.2073578e-002
 1.2111314e-002
 1.2144540e-002
 1.2172715e-002
 1.2195298e-002
 1.2211744e-002
 1.2221511e-002
 1.2224332e-002
 1.2221027e-002
 1.2212723e-002
 1.2200544e-002
 1.2185616e-002
 1.2169067e-002
 1.2152019e-002
 1.2135600e-002
 1.2120935e-002
-1.2300000e+034
 1.2101372e-002
 1.2098724e-002
 1.2102333e-002
 1.2113324e-002
 1.2132824e-002
 1.2161958e-002
 1.2201852e-002
 1.2253631e-002
 1.2318418e-002
 1.2397346e-002
 1.2491164e-002
 1.2598552e-002
 1.2717793e-002
 1.2847155e-002
 1.2984931e-002
 1.3129393e-002
 1.3278807e-002
 1.3431470e-002
 1.3585643e-002
 1.3739622e-002
 1.3892297e-002
 1.4200095e-002
 1.4359307e-002
 1.4524800e-002
 1.4698640e-002
 1.4882863e-002
 1.5079519e-002
 1.5290661e-002
 1.5518360e-002
 1.5764207e-002
 1.6026581e-002
 1.6303333e-002
 1.6592352e-002
 1.6891541e-002
 1.7198740e-002
 1.7511846e-002
 1.7828746e-002
 1.8147327e-002
 1.8465441e-002
 1.8780997e-002
 1.9091992e-002
 1.9396370e-002
 1.9692168e-002
 1.9977333e-002
 2.0249877e-002
 2.0507805e-002
 2.0749077e-002
 2.0971710e-002
 2.1173667e-002
 2.1353865e-002
 2.1514844e-002
 2.1660030e-002
 2.1792876e-002
 2.1916827e-002
 2.2035331e-002
 2.2151820e-002
 2.2269743e-002
 2.2392550e-002
 2.2523675e-002
 2.2665326e-002
 2.2813862e-002
 2.2964390e-002
 2.3112003e-002
 2.3251813e-002
 2.3378897e-002
 2.3488367e-002
 2.3575319e-002
 2.3634853e-002
 2.3662072e-002
 2.3653453e-002
 2.3611110e-002
 2.3538608e-002
 2.3439515e-002
 2.3317415e-002
 2.3175852e-002
 2.3018409e-002
 2.2848655e-002
 2.2670152e-002
 2.2486473e-002
 2.2301137e-002
 2.2116315e-002
 2.1934129e-002
 2.1756697e-002
 2.1586128e-002
 2.1424564e-002
 2.1274110e-002
 2.1136891e-002
 2.1015022e-002
 2.0910623e-002
 2.0825032e-002
 2.0756440e-002
 2.0702261e-002
 2.0659911e-002
 2.0626796e-002
 2.0577922e-002
 2.0556988e-002
 2.0534940e-002
 2.0509183e-002
 2.0477753e-002
 2.0441346e-002
 2.0401292e-002
 2.0358920e-002
 2.0315558e-002
 2.0272538e-002
 2.0231187e-002
 2.0192834e-002
 2.0158809e-002
 2.0130442e-002
 2.0108519e-002
 2.0091524e-002
 2.0077424e-002
 2.0064170e-002
 2.0049725e-002
 2.0032043e-002
 2.0009087e-002
 1.9978818e-002
 1.9939188e-002
 1.9888163e-002
 1.9824412e-002
 1.9749887e-002
 1.9667275e-002
 1.9579271e-002
 1.9488562e-002
 1.9397844e-002
 1.9309802e-002
 1.9227130e-002
 1.9152513e-002
 1.9088652e-002
 1.9037522e-002
 1.8997973e-002
 1.8968174e-002
 1.8946286e-002
 1.8930482e-002
 1.8918920e-002
 1.8909778e-002
 1.8901216e-002
 1.8891402e-002
 1.8878499e-002
 1.8861108e-002
 1.8839527e-002
 1.8814493e-002
 1.8786738e-002
 1.8756995e-002
 1.8725999e-002
 1.8694477e-002
 1.8663164e-002
 1.8632794e-002
 1.8604102e-002
 1.8577427e-002
 1.8551547e-002
 1.8524852e-002
 1.8495725e-002
 1.8462561e-002
 1.8423744e-002
 1.8377664e-002
 1.8322704e-002
 1.8257258e-002
 1.8179711e-002
 1.8089036e-002
 1.7986538e-002
 1.7874101e-002
 1.7753633e-002
 1.7627016e-002
 1.7496139e-002
 1.7362900e-002
 1.7229171e-002
 1.7096872e-002
 1.6967874e-002
 1.6843922e-002
 1.6725369e-002
 1.6612455e-002
 1.6404405e-002
 1.6309705e-002
 1.6221527e-002
 1.6140088e-002
 1.6065605e-002
 1.5998308e-002
-1.2300000e+034
 1.5906958e-002
 1.5859973e-002
 1.5820019e-002
 1.5787104e-002
 1.5761234e-002
 1.5742421e-002
 1.5730675e-002
 1.5726659e-002
-1.2300000e+034
 1.5737923e-002
 1.5755462e-002
 1.5785776e-002
 1.5907519e-002
 1.6010335e-002
 1.6148699e-002
 1.6328298e-002
 1.6554840e-002
 1.6833991e-002
 1.7171478e-002
 1.7572526e-002
 1.8038133e-002
 1.8568635e-002
 1.9164486e-002
 1.9826002e-002
 2.0553607e-002
 2.1347746e-002
 2.2208706e-002
 2.3136985e-002
 2.4132857e-002
 2.5195858e-002
 2.6321815e-002
 2.7505716e-002
 2.8742336e-002
 3.0026659e-002
 3.1353604e-002
 3.4115106e-002
 3.5539407e-002
 3.6985997e-002
 3.8451184e-002
 3.9936963e-002
 4.1446444e-002
 4.2983107e-002
 4.4550069e-002
 4.6150714e-002
 4.7788441e-002
 4.9466338e-002
 5.1187921e-002
 5.2956268e-002
 5.4773424e-002
 5.6636013e-002
 5.8538977e-002
 6.0477696e-002
 6.2447090e-002
 6.4442426e-002
 6.6459008e-002
 6.8491727e-002
 7.0535995e-002
 7.2586723e-002
 7.6686874e-002
 7.8724019e-002
 8.0744341e-002
 8.2741760e-002
 8.4709845e-002
 8.6642526e-002
 8.8533632e-002
 9.0377077e-002
 9.2166439e-002
 9.3896501e-002
 9.5565468e-002
 9.7172089e-002
 9.8715447e-002
 1.0019448e-001
 1.0160825e-001
 1.0295553e-001
 1.0423537e-001
 1.0544679e-001
 1.0658862e-001
 1.0766074e-001
 1.0866642e-001
 1.0960955e-001
 1.1049432e-001
 1.1132468e-001
 1.1283850e-001
 1.1353002e-001
 1.1418342e-001
 1.1480262e-001
 1.1539119e-001
 1.1595043e-001
 1.1648097e-001
 1.1698356e-001
 1.1745895e-001
 1.1790778e-001
 1.1833081e-001
 1.1872873e-001
 1.1910229e-001
-1.2300000e+034
 1.1977939e-001
 1.2008433e-001
 1.2036771e-001
 1.2063020e-001
 1.2087253e-001
 1.2109544e-001
 1.2129962e-001
 1.2148579e-001
 1.2165466e-001
 1.2194344e-001
 1.2206593e-001
 1.2217626e-001
 1.2227628e-001
 1.2236785e-001
 1.2245279e-001
 1.2253293e-001
 1.2261012e-001
 1.2268623e-001
 1.2276305e-001
 1.2284238e-001
 1.2292511e-001
 1.2301210e-001
 1.2310414e-001
 1.2320212e-001
 1.2330682e-001
 1.2341910e-001
 1.2353978e-001
 1.2366968e-001
 1.2380967e-001
 1.2395979e-001
 1.2411817e-001
 1.2428214e-001
 1.2444907e-001
 1.2478127e-001
 1.2494127e-001
 1.2509370e-001
 1.2523589e-001
 1.2536523e-001
 1.2547983e-001
 1.2558009e-001
 1.2566727e-001
 1.2574251e-001
 1.2580708e-001
 1.2586214e-001
 1.2590893e-001
 1.2594861e-001
 1.2598245e-001
 1.2601161e-001
 1.2603751e-001
 1.2606239e-001
 1.2608878e-001
 1.2611909e-001
 1.2615582e-001
 1.2620141e-001
 1.2625834e-001
 1.2632906e-001
 1.2641606e-001
 1.2664795e-001
 1.2679270e-001
 1.2695330e-001
 1.2712713e-001
 1.2731147e-001
 1.2750363e-001
 1.2770097e-001
 1.2790079e-001
 1.2810040e-001
 1.2829712e-001
 1.2848867e-001
 1.2867425e-001
 1.2885343e-001
 1.2902579e-001
 1.2919095e-001
 1.2934847e-001
 1.2949796e-001
 1.2963895e-001
 1.2977107e-001
 1.2989390e-001
 1.3000746e-001
 1.3011363e-001
 1.3021474e-001
 1.3031310e-001
 1.3051085e-001
 1.3061489e-001
 1.3072550e-001
 1.3084497e-001
 1.3097560e-001
 1.3111892e-001
 1.3127303e-001
 1.3143523e-001
 1.3160276e-001
 1.3177297e-001
 1.3194308e-001
 1.3211039e-001
 1.3227217e-001
 1.3242574e-001
 1.3256836e-001
 1.3269813e-001
 1.3281636e-001
 1.3292523e-001
 1.3302690e-001
 1.3312352e-001
 1.3321719e-001
 1.3331012e-001
 1.3340443e-001
 1.3350230e-001
 1.3371664e-001
 1.3383375e-001
 1.3395567e-001
 1.3408093e-001
 1.3420796e-001
 1.3433528e-001
 1.3446136e-001
 1.3458471e-001
 1.3470380e-001
 1.3481711e-001
 1.3492317e-001
 1.3502070e-001
 1.3510840e-001
 1.3518499e-001
 1.3524920e-001
 1.3529976e-001
 1.3533540e-001
 1.3535486e-001
 1.3535683e-001
 1.3534008e-001
 1.3530415e-001
 1.3525224e-001
 1.3518840e-001
 1.3511674e-001
 1.3496616e-001
 1.3489538e-001
 1.3483305e-001
 1.3478324e-001
 1.3475001e-001
 1.3473630e-001
 1.3474050e-001
 1.3475990e-001
 1.3479176e-001
 1.3483337e-001
 1.3488205e-001
 1.3493507e-001
 1.3498971e-001
 1.3504323e-001
 1.3509299e-001
 1.3513656e-001
 1.3517284e-001
 1.3520113e-001
 1.3522069e-001
 1.3523073e-001
 1.3523056e-001
 1.3521940e-001
 1.3519651e-001
 1.3516116e-001
 1.3505018e-001
 1.3497430e-001
 1.3488540e-001
 1.3478401e-001
 1.3467062e-001
 1.3454571e-001
 1.3440977e-001
 1.3426331e-001
 1.3410680e-001
-1.2300000e+034
 1.3376589e-001
 1.3358247e-001
 1.3339102e-001
 1.3319200e-001
 1.3298596e-001
 1.3277335e-001
 1.3255468e-001
 1.3233042e-001
 1.3210109e-001
-1.2300000e+034
 1.3162890e-001
 1.3138704e-001
 1.3114206e-001
 1.3089445e-001
 1.3039337e-001
 1.3014089e-001
 1.2988774e-001
 1.2963447e-001
-1.2300000e+034
 1.2912944e-001
 1.2887870e-001
 1.2862979e-001
 1.2838319e-001
 1.2813942e-001
 1.2789898e-001
 1.2766233e-001
 1.2742999e-001
 1.2720244e-001
 1.2698020e-001
 1.2676409e-001
 1.2655497e-001
 1.2635408e-001
 1.2616266e-001
 1.2598194e-001
 1.2581314e-001
 1.2565747e-001
 1.2551616e-001
 1.2539050e-001
 1.2528163e-001
 1.2511590e-001
 1.2505710e-001
 1.2501270e-001
 1.2498144e-001
 1.2496212e-001
 1.2495349e-001
 1.2495433e-001
 1.2496340e-001
 1.2497944e-001
 1.2500151e-001
 1.2502962e-001
 1.2506407e-001
 1.2510519e-001
 1.2515323e-001
 1.2520848e-001
 1.2527129e-001
 1.2534189e-001
 1.2542062e-001
 1.2550774e-001
 1.2560348e-001
 1.2570779e-001
 1.2582047e-001
 1.2594135e-001
 1.2607031e-001
 1.2635177e-001
 1.2650394e-001
 1.2666355e-001
 1.2683043e-001
 1.2700436e-001
 1.2718505e-001
 1.2737212e-001
 1.2756518e-001
 1.2776387e-001
 1.2796785e-001
 1.2817675e-001
 1.2839018e-001
 1.2863362e-001
 1.2886287e-001
 1.2909633e-001
 1.2933344e-001
 1.2957379e-001
 1.2981704e-001
 1.3006327e-001
 1.3031307e-001
 1.3056730e-001
 1.3082662e-001
 1.3109091e-001
 1.3135913e-001
 1.3162988e-001
 1.3190205e-001
 1.3217534e-001
 1.3245037e-001
 1.3272801e-001
 1.3300897e-001
 1.3329338e-001
 1.3358086e-001
 1.3387093e-001
 1.3416290e-001
 1.3445634e-001
 1.3475074e-001
 1.3504559e-001
 1.3534051e-001
 1.3563493e-001
 1.3592844e-001
 1.3622051e-001
 1.3651073e-001
 1.3679881e-001
 1.3708447e-001
 1.3736761e-001
 1.3764812e-001
 1.3792601e-001
 1.3820140e-001
 1.3847427e-001
 1.3874477e-001
 1.3901289e-001
 1.3927856e-001
 1.3954175e-001
 1.3980219e-001
 1.4005956e-001
 1.4031357e-001
 1.4056374e-001
 1.4080968e-001
 1.4105096e-001
 1.4128716e-001
 1.4151807e-001
 1.4174348e-001
 1.4196344e-001
 1.4217806e-001
 1.4238758e-001
 1.4259247e-001
 1.4279313e-001
 1.4299008e-001
 1.4318369e-001
 1.4337426e-001
 1.4356193e-001
 1.4374654e-001
 1.4392777e-001
 1.4410496e-001
 1.4427726e-001
 1.4444368e-001
 1.4460310e-001
 1.4475445e-001
 1.4489682e-001
 1.4502947e-001
 1.4515206e-001
 1.4526466e-001
 1.4536771e-001
 1.4546216e-001
 1.4554921e-001
 1.4563040e-001
 1.4570729e-001
 1.4578137e-001
 1.4585389e-001
 1.4592564e-001
 1.4599690e-001
 1.4606722e-001
 1.4613554e-001
 1.4620018e-001
 1.4625892e-001
 1.4630933e-001
 1.4634882e-001
 1.4637505e-001
 1.4638607e-001
 1.4638065e-001
 1.4635830e-001
 1.4631952e-001
 1.4626567e-001
 1.4619884e-001
 1.4612170e-001
 1.4603715e-001
 1.4594790e-001
 1.4585614e-001
 1.4576310e-001
 1.4566872e-001
 1.4557141e-001
 1.4546795e-001
 1.4535365e-001
 1.4522249e-001
 1.4506762e-001
 1.4488190e-001
 1.4465833e-001
 1.4439081e-001
 1.4407448e-001
 1.4370635e-001
 1.4328548e-001
 1.4281289e-001
 1.4229174e-001
 1.4172657e-001
 1.4112329e-001
 1.4048854e-001
 1.3982883e-001
 1.3915078e-001
 1.3846052e-001
 1.3776331e-001
 1.3706420e-001
 1.3636714e-001
 1.3567534e-001
 1.3499048e-001
 1.3431223e-001
 1.3363914e-001
 1.3296919e-001
 1.3230199e-001
 1.3163941e-001
 1.3098495e-001
 1.3034263e-001
 1.2971450e-001
 1.2910032e-001
 1.2849768e-001
 1.2790291e-001
 1.2731300e-001
 1.2672628e-001
 1.2614362e-001
 1.2556806e-001
 1.2500344e-001
 1.2445298e-001
 1.2391779e-001
 1.2339664e-001
 1.2288702e-001
 1.2238576e-001
 1.2189068e-001
 1.2140129e-001
 1.2091894e-001
 1.2044669e-001
 1.1998760e-001
 1.1954378e-001
 1.1911549e-001
 1.1870117e-001
 1.1829863e-001
 1.1790556e-001
 1.1752078e-001
 1.1714455e-001
 1.1677844e-001
 1.1642484e-001
 1.1608557e-001
 1.1576137e-001
 1.1545175e-001
 1.1515549e-001
 1.1487152e-001
 1.1459912e-001
 1.1433809e-001
 1.1408827e-001
 1.1384919e-001
 1.1362013e-001
 1.1339995e-001
 1.1318713e-001
 1.1298013e-001
 1.1277723e-001
 1.1257681e-001
 1.1237746e-001
 1.1217792e-001
 1.1197741e-001
 1.1177545e-001
 1.1157209e-001
 1.1136777e-001
 1.1116327e-001
 1.1095975e-001
 1.1075846e-001
 1.1056087e-001
 1.1036845e-001
 1.1018260e-001
 1.1000471e-001
 1.0983601e-001
 1.0967766e-001
 1.0953069e-001
 1.0939597e-001
 1.0927435e-001
 1.0916650e-001
 1.0907304e-001
 1.0899446e-001
 1.0893114e-001
 1.0888329e-001
 1.0885105e-001
 1.0883437e-001
 1.0883313e-001
 1.0884710e-001
 1.0887606e-001
 1.0891978e-001
 1.0897812e-001
 1.0905103e-001
 1.0913870e-001
 1.0924145e-001
 1.0935982e-001
 1.0949455e-001
 1.0964649e-001
 1.0981662e-001
 1.1000585e-001
 1.1021499e-001
 1.1044475e-001
 1.1069544e-001
 1.1096702e-001
 1.1125917e-001
 1.1157099e-001
 1.1190131e-001
 1.1224855e-001
 1.1261091e-001
 1.1298647e-001
 1.1337302e-001
 1.1376844e-001
 1.1417042e-001
 1.1457658e-001
 1.1498469e-001
 1.1539232e-001
 1.1579721e-001
 1.1619703e-001
 1.1658956e-001
 1.1697286e-001
 1.1734506e-001
 1.1770481e-001
 1.1805104e-001
 1.1838309e-001
 1.1870094e-001
 1.1900479e-001
 1.1929537e-001
 1.1957354e-001
 1.1984035e-001
 1.2009697e-001
 1.2034444e-001
 1.2058387e-001
 1.2081642e-001
 1.2104364e-001
 1.2126809e-001
 1.2149332e-001
 1.2172336e-001
 1.2196010e-001
 1.2219881e-001
 1.2242649e-001
 1.2261904e-001
 1.2277754e-001
 1.2290383e-001
 1.2300554e-001
 1.2309244e-001
 1.2317384e-001
 1.2325768e-001
 1.2335016e-001
 1.2345523e-001
 1.2357441e-001
 1.2371975e-001
 1.2384944e-001
 1.2397908e-001
 1.2411183e-001
 1.2425393e-001
 1.2441070e-001
 1.2457557e-001
 1.2472098e-001
 1.2483467e-001
 1.2492068e-001
 1.2499587e-001
 1.2508084e-001
 1.2518980e-001
 1.2531251e-001
 1.2541783e-001
 1.2549083e-001
 1.2553799e-001
 1.2556827e-001
 1.2558673e-001
 1.2559631e-001
 1.2559940e-001
 1.2559809e-001
 1.2559411e-001
 1.2558849e-001
 1.2558119e-001
 1.2557097e-001
 1.2555547e-001
 1.2553145e-001
 1.2549524e-001
 1.2544292e-001
 1.2537053e-001
 1.2527430e-001
 1.2515080e-001
 1.2499733e-001
 1.2481225e-001
 1.2459523e-001
 1.2434714e-001
 1.2406968e-001
 1.2376493e-001
 1.2343535e-001
 1.2308325e-001
 1.2271101e-001
 1.2232082e-001
 1.2191432e-001
 1.2149276e-001
 1.2105649e-001
 1.2060539e-001
 1.2013891e-001
 1.1965606e-001
 1.1915600e-001
 1.1863762e-001
 1.1810006e-001
 1.1754265e-001
 1.1696481e-001
 1.1636670e-001
 1.1574901e-001
 1.1511275e-001
 1.1445961e-001
 1.1379112e-001
 1.1310916e-001
 1.1241558e-001
 1.1171197e-001
 1.1100011e-001
 1.1028118e-001
 1.0955618e-001
 1.0882568e-001
 1.0808951e-001
 1.0734759e-001
 1.0659935e-001
 1.0584439e-001
 1.0508236e-001
 1.0431261e-001
 1.0353491e-001
 1.0274874e-001
 1.0195401e-001
 1.0115065e-001
 1.0033776e-001
 9.9513769e-002
 9.8678872e-002
 9.7843401e-002
 9.7026847e-002
 9.6222349e-002
 9.5374577e-002
 9.4452187e-002
 9.3527056e-002
 9.2667960e-002
 9.1836996e-002
 9.0975821e-002
 9.0080537e-002
 8.9183129e-002
 8.8315040e-002
 8.7467976e-002
 8.6578302e-002
 8.5612014e-002
 8.4650226e-002
 8.3764836e-002
 8.2910262e-002
 8.2025029e-002
 8.1108391e-002
 8.0194451e-002
 7.9315528e-002
 7.8463010e-002
 7.7568434e-002
 7.6596379e-002
 7.5637601e-002
 7.4764028e-002
 7.3921174e-002
 7.3047504e-002
 7.2147034e-002
 7.1254171e-002
 7.0400335e-002
 6.9577187e-002
 6.8714432e-002
 6.7777917e-002
 6.6862255e-002
 6.6035420e-002
 6.5238506e-002
 6.4413339e-002
 6.3567311e-002
 6.2733442e-002
 6.1941024e-002
 6.1181746e-002
 6.0387086e-002
 5.9526399e-002
 5.8694135e-002
 5.7950087e-002
 5.7233635e-002
 5.6493476e-002
 5.5739891e-002
 5.5002682e-002
 5.4307271e-002
 5.3646438e-002
 5.2957568e-002
 5.2214116e-002
 5.1504329e-002
 5.0877560e-002
 5.0276373e-002
 4.9658529e-002
 4.9035754e-002
 4.8432820e-002
 4.7870334e-002
 4.7342204e-002
 4.6795905e-002
 4.6211381e-002
 4.5663841e-002
 4.5188826e-002
 4.4737350e-002
 4.4279199e-002
 4.3825690e-002
 4.3394890e-002
 4.3001048e-002
 4.2639390e-002
 4.2273149e-002
 4.1890722e-002
 4.1543923e-002
 4.1253664e-002
 4.0987156e-002
 4.0727731e-002
 4.0484209e-002
 4.0264316e-002
 4.0068559e-002
 3.9896090e-002
 3.9746262e-002
 3.9617740e-002
 3.9507892e-002
 3.9412417e-002
 3.9325912e-002
 3.9242350e-002
 3.9155424e-002
 3.9058812e-002
 3.8946226e-002
 3.8811728e-002
 3.8650379e-002
 3.8459234e-002
 3.8238488e-002
 3.7991479e-002
 3.7724037e-002
 3.7443276e-002
 3.7156694e-002
 3.6872003e-002
 3.6596864e-002
 3.6338553e-002
 3.6103606e-002
 3.5896644e-002
 3.5719644e-002
 3.5571918e-002
 3.5450622e-002
 3.5351917e-002
 3.5271529e-002
 3.5205122e-002
 3.5148382e-002
 3.5097178e-002
 3.5047967e-002
 3.4998402e-002
 3.4947947e-002
 3.4897923e-002
 3.4850966e-002
 3.4810379e-002
 3.4779690e-002
 3.4762472e-002
 3.4762263e-002
 3.4782384e-002
 3.4825508e-002
 3.4892973e-002
 3.4984164e-002
 3.5096578e-002
 3.5226323e-002
 3.5368796e-002
 3.5519149e-002
 3.5672534e-002
 3.5824083e-002
 3.5969209e-002
 3.6103800e-002
 3.6225021e-002
 3.6331814e-002
 3.6424819e-002
 3.6505941e-002
 3.6577635e-002
 3.6642544e-002
 3.6703389e-002
 3.6762852e-002
 3.6823589e-002
 3.6888096e-002
 3.6958568e-002
 3.7036762e-002
 3.7123974e-002
 3.7221260e-002
 3.7329495e-002
 3.7449509e-002
 3.7582166e-002
 3.7728257e-002
 3.7888482e-002
 3.8063329e-002
 3.8252655e-002
 3.8455654e-002
 3.8670704e-002
 3.8895685e-002
 3.9128341e-002
 3.9366227e-002
 3.9606992e-002
 3.9848227e-002
 4.0087607e-002
 4.0323112e-002
 4.0553078e-002
 4.0776569e-002
 4.0993214e-002
 4.1203022e-002
 4.1406255e-002
 4.1603144e-002
 4.1794028e-002
 4.1979186e-002
 4.2158946e-002
 4.2333860e-002
 4.2504687e-002
 4.2672615e-002
 4.2839233e-002
 4.3006286e-002
 4.3175716e-002
 4.3349426e-002
 4.3529317e-002
 4.3717317e-002
 4.3915100e-002
 4.4123955e-002
 4.4344176e-002
 4.4574887e-002
 4.4814166e-002
 4.5059256e-002
 4.5307223e-002
 4.5554940e-002
 4.5799267e-002
 4.6037201e-002
 4.6265848e-002
 4.6482954e-002
 4.6687271e-002
 4.6878964e-002
 4.7059570e-002
 4.7231313e-002
 4.7396868e-002
 4.7558933e-002
 4.7720239e-002
 4.7883522e-002
 4.8051290e-002
 4.8225604e-002
 4.8407741e-002
 4.8597738e-002
 4.8794739e-002
 4.8997223e-002
 4.9203422e-002
 4.9411550e-002
 4.9619712e-002
 4.9826160e-002
 5.0029173e-002
 5.0227366e-002
 5.0420005e-002
 5.0607000e-002
 5.0789017e-002
 5.0967049e-002
 5.1142242e-002
 5.1315874e-002
 5.1489141e-002
 5.1663294e-002
 5.1839419e-002
 5.2018341e-002
 5.2200492e-002
 5.2385643e-002
 5.2573062e-002
 5.2761797e-002
 5.2950665e-002
 5.3138550e-002
 5.3324264e-002
 5.3506631e-002
 5.3684637e-002
 5.3857420e-002
 5.4024585e-002
 5.4186136e-002
 5.4342482e-002
 5.4494344e-002
 5.4642454e-002
 5.4787651e-002
 5.4930724e-002
 5.5072449e-002
 5.5213641e-002
 5.5354949e-002
 5.5496987e-002
 5.5640172e-002
 5.5784803e-002
 5.5931162e-002
 5.6079432e-002
 5.6229807e-002
 5.6382522e-002
 5.6537736e-002
 5.6695681e-002
 5.6856517e-002
 5.7020370e-002
 5.7187404e-002
 5.7357673e-002
 5.7531293e-002
 5.7708323e-002
 5.7888810e-002
 5.8072865e-002
 5.8260471e-002
 5.8451612e-002
 5.8645990e-002
 5.8842938e-002
 5.9041448e-002
 5.9240080e-002
 5.9437305e-002
 5.9631445e-002
 5.9820794e-002
 6.0003731e-002
 6.0178608e-002
 6.0344085e-002
 6.0499214e-002
 6.0643807e-002
 6.0778502e-002
 6.0904577e-002
 6.1023686e-002
 6.1137684e-002
 6.1248418e-002
 6.1357778e-002
 6.1467566e-002
 6.1579417e-002
 6.1694648e-002
 6.1813969e-002
 6.1937526e-002
 6.2064938e-002
 6.2195551e-002
 6.2328644e-002
 6.2463403e-002
 6.2599063e-002
 6.2734820e-002
 6.2869877e-002
 6.3003495e-002
 6.3134909e-002
 6.3263446e-002
 6.3388407e-002
 6.3509107e-002
 6.3624904e-002
 6.3735120e-002
 6.3839100e-002
 6.3936219e-002
 6.4025886e-002
 6.4107671e-002
 6.4181305e-002
 6.4246684e-002
 6.4303890e-002
 6.4353071e-002
 6.4394414e-002
 6.4428121e-002
 6.4454384e-002
 6.4473450e-002
 6.4485610e-002
 6.4491287e-002
 6.4491086e-002
 6.4485796e-002
 6.4476348e-002
 6.4463772e-002
 6.4449102e-002
 6.4433403e-002
 6.4417720e-002
 6.4403005e-002
 6.4390086e-002
 6.4379431e-002
 6.4371079e-002
 6.4364612e-002
 6.4359270e-002
 6.4354077e-002
 6.4347990e-002
 6.4339928e-002
 6.4328842e-002
 6.4313680e-002
 6.4293481e-002
 6.4267427e-002
 6.4234875e-002
 6.4195409e-002
 6.4148739e-002
 6.4094655e-002
 6.4033002e-002
 6.3963607e-002
 6.3886352e-002
 6.3801087e-002
 6.3707761e-002
 6.3606441e-002
 6.3497283e-002
 6.3380592e-002
 6.3256815e-002
 6.3126400e-002
 6.2989876e-002
 6.2847711e-002
 6.2700436e-002
 6.2548593e-002
 6.2392708e-002
 6.2233415e-002
 6.2071335e-002
 6.1907198e-002
 6.1741788e-002
 6.1575845e-002
 6.1410200e-002
 6.1245605e-002
 6.1082836e-002
 6.0922582e-002
 6.0765266e-002
 6.0611080e-002
 6.0459726e-002
 6.0310569e-002
 6.0162686e-002
 6.0014926e-002
 5.9866145e-002
 5.9715122e-002
 5.9560742e-002
 5.9402078e-002
 5.9238538e-002
 5.9070200e-002
 5.8897898e-002
 5.8723137e-002
 5.8548044e-002
 5.8374967e-002
 5.8206458e-002
 5.8045078e-002
 5.7893261e-002
 5.7753276e-002
 5.7626862e-002
 5.7515059e-002
 5.7418030e-002
 5.7335053e-002
 5.7264842e-002
 5.7205714e-002
 5.7155862e-002
 5.7113416e-002
 5.7076510e-002
 5.7043329e-002
 5.7012156e-002
 5.6981426e-002
 5.6949764e-002
 5.6915950e-002
 5.6878898e-002
 5.6837589e-002
 5.6791045e-002
 5.6738328e-002
 5.6678575e-002
 5.6611117e-002
 5.6535650e-002
 5.6452360e-002
 5.6362122e-002
 5.6266323e-002
 5.6166794e-002
 5.6065600e-002
 5.5964865e-002
 5.5866763e-002
 5.5773284e-002
 5.5686150e-002
 5.5606492e-002
 5.5534601e-002
 5.5469844e-002
 5.5410709e-002
 5.5355076e-002
 5.5300467e-002
 5.5244241e-002
 5.5183798e-002
 5.5116717e-002
 5.5041071e-002
 5.4955799e-002
 5.4861028e-002
 5.4758213e-002
 5.4650065e-002
 5.4540142e-002
 5.4432563e-002
 5.4331597e-002
 5.4241523e-002
 5.4166313e-002
 5.4109190e-002
 5.4072186e-002
 5.4055665e-002
 5.4058019e-002
 5.4076001e-002
 5.4105166e-002
 5.4140355e-002
 5.4176155e-002
 5.4207172e-002
 5.4228410e-002
 5.4235764e-002
 5.4226615e-002
 5.4200314e-002
 5.4158468e-002
 5.4104596e-002
 5.4043580e-002
 5.3981118e-002
 5.3923201e-002
 5.3875767e-002
 5.3844258e-002
 5.3833030e-002
 5.3844720e-002
 5.3879634e-002
 5.3935733e-002
 5.4008767e-002
 5.4092970e-002
 5.4181658e-002
 5.4267753e-002
 5.4344222e-002
 5.4404378e-002
 5.4477174e-002
 5.4492179e-002
 5.4474976e-002
 5.4424975e-002
 5.4343522e-002
 5.4232936e-002
 5.4095943e-002
 5.3935364e-002
 5.3753983e-002
 5.3554609e-002
 5.3339802e-002
 5.3111836e-002
 5.2872404e-002
 5.2622523e-002
 5.2362643e-002
 5.2092344e-002
 5.1810671e-002
 5.1521484e-002
 5.1236276e-002
 5.0952915e-002
 5.0638389e-002
 5.0282948e-002
 4.9936932e-002
 4.9617987e-002
 4.9292557e-002
 4.8943039e-002
 4.8577607e-002
 4.8210513e-002
 4.7854539e-002
 4.7500990e-002
 4.7112714e-002
 4.6685830e-002
 4.6274349e-002
 4.5894314e-002
 4.5510460e-002
 4.5103405e-002
 4.4681855e-002
 4.4262838e-002
 4.3858919e-002
 4.3456513e-002
 4.3017980e-002
 4.2545252e-002
 4.2092931e-002
 4.1674256e-002
 4.1253772e-002
 4.0812176e-002
 4.0358577e-002
 3.9911434e-002
 3.9481528e-002
 3.9051451e-002
 3.8586479e-002
 3.8094226e-002
 3.7625358e-002
 3.7189692e-002
 3.6754522e-002
 3.6301799e-002
 3.5840496e-002
 3.5388865e-002
 3.4954485e-002
 3.4518082e-002
 3.4051239e-002
 3.3565558e-002
 3.3103861e-002
 3.2673147e-002
 3.2245521e-002
 3.1804971e-002
 3.1359758e-002
 3.0926356e-002
 3.0509513e-002
 3.0090136e-002
 2.9645905e-002
 2.9190620e-002
 2.8759865e-002
 2.8358053e-002
 2.7962374e-002
 2.7560063e-002
 2.7155573e-002
 2.6755840e-002
 2.6365208e-002
 2.5977135e-002
 2.5594776e-002
 2.5218321e-002
 2.4847675e-002
 2.4483999e-002
 2.4130702e-002
 2.3790691e-002
 2.3459660e-002
 2.3126386e-002
 2.2786122e-002
 2.2450371e-002
 2.2134103e-002
 2.1837959e-002
 2.1551600e-002
 2.1269010e-002
 2.0993583e-002
 2.0730868e-002
 2.0479843e-002
 2.0232635e-002
 1.9985100e-002
 1.9744758e-002
 1.9522417e-002
 1.9319255e-002
 1.9128373e-002
 1.8945301e-002
 1.8771850e-002
 1.8611638e-002
 1.8464655e-002
 1.8326886e-002
 1.8196011e-002
 1.8075693e-002
 1.7971484e-002
 1.7884422e-002
 1.7811570e-002
 1.7750815e-002
 1.7702498e-002
 1.7667850e-002
 1.7647596e-002
 1.7642049e-002
 1.7651470e-002
 1.7675595e-002
 1.7713748e-002
 1.7766040e-002
 1.7833792e-002
 1.7917993e-002
 1.8017758e-002
 1.8131623e-002
 1.8260797e-002
 1.8410183e-002
 1.8583357e-002
 1.8776314e-002
 1.8981200e-002
 1.9196285e-002
 1.9427286e-002
 1.9679109e-002
 1.9949976e-002
 2.0235416e-002
 2.0536805e-002
 2.0863900e-002
 2.1224270e-002
 2.1610279e-002
 2.2005707e-002
 2.2405766e-002
 2.2820292e-002
 2.3260169e-002
 2.3727508e-002
 2.4218475e-002
 2.4729440e-002
 2.5258174e-002
 2.5802521e-002
 2.6358105e-002
 2.6917731e-002
 2.7471781e-002
 2.8008306e-002
 2.8514270e-002
 2.8975785e-002
 2.9378952e-002
 2.9710704e-002
 2.9959494e-002
 3.0116970e-002
 3.0179307e-002
 3.0147705e-002
 3.0028829e-002
 2.9833717e-002
 2.9576404e-002
 2.9272454e-002
 2.8938135e-002
 2.8589353e-002
 2.8241083e-002
 2.7906407e-002
 2.7595384e-002
 2.7314764e-002
 2.7067672e-002
 2.6854467e-002
 2.6673507e-002
 2.6521973e-002
 2.6396628e-002
 2.6294041e-002
 2.6210930e-002
 2.6144303e-002
 2.6091587e-002
 2.6050787e-002
 2.6020443e-002
 2.5999565e-002
 2.5987482e-002
 2.5983701e-002
 2.5987819e-002
 2.5999468e-002
 2.6018290e-002
 2.6043925e-002
 2.6076024e-002
 2.6114255e-002
 2.6158283e-002
 2.6207777e-002
 2.6262175e-002
 2.6320582e-002
 2.6382068e-002
 2.6446672e-002
 2.6515817e-002
 2.6590668e-002
 2.6669862e-002
 2.6750013e-002
 2.6829256e-002
 2.6908485e-002
 2.6989225e-002
 2.7071280e-002
 2.7153110e-002
 2.7234148e-002
 2.7315715e-002
 2.7399197e-002
 2.7483260e-002
 2.7564486e-002
 2.7640890e-002
 2.7713289e-002
 2.7783209e-002
 2.7850639e-002
 2.7914301e-002
 2.7973514e-002
 2.8028896e-002
 2.8081166e-002
 2.8129432e-002
 2.8171588e-002
 2.8206326e-002
 2.8233828e-002
 2.8254697e-002
 2.8268950e-002
 2.8276095e-002
 2.8275691e-002
 2.8267661e-002
 2.8252443e-002
 2.8231096e-002
 2.8205423e-002
 2.8177960e-002
 2.8151924e-002
 2.8130975e-002
 2.8119028e-002
 2.8120032e-002
 2.8137695e-002
 2.8175158e-002
 2.8234482e-002
 2.8316179e-002
 2.8418846e-002
 2.8539127e-002
 2.8671874e-002
 2.8810812e-002
 2.8948970e-002
 2.9079022e-002
 2.9193899e-002
 2.9287122e-002
 2.9353287e-002
 2.9388763e-002
 2.9391987e-002
 2.9363567e-002
 2.9305998e-002
 2.9223122e-002
 2.9119581e-002
 2.9000482e-002
 2.8870955e-002
 2.8736021e-002
 2.8600518e-002
 2.8468752e-002
 2.8344508e-002
 2.8231069e-002
 2.8131142e-002
 2.8047111e-002
 2.7981097e-002
 2.7935084e-002
 2.7910765e-002
 2.7909445e-002
 2.7931726e-002
 2.7977211e-002
 2.8044255e-002
 2.8129969e-002
 2.8230364e-002
 2.8340640e-002
 2.8455559e-002
 2.8569642e-002
 2.8677624e-002
 2.8774688e-002
 2.8856814e-002
 2.8921317e-002
 2.8967068e-002
 2.8994523e-002
 2.9005593e-002
 2.9003197e-002
 2.8990882e-002
 2.8972458e-002
 2.8951719e-002
 2.8932169e-002
 2.8916759e-002
 2.8907575e-002
 2.8905675e-002
 2.8910998e-002
 2.8922552e-002
 2.8938659e-002
 2.8957216e-002
 2.8975958e-002
 2.8992645e-002
 2.9005263e-002
 2.9012218e-002
 2.9012578e-002
 2.9006204e-002
 2.8993754e-002
 2.8976612e-002
 2.8956678e-002
 2.8936181e-002
 2.8917449e-002
 2.8902762e-002
 2.8894169e-002
 2.8893257e-002
 2.8900953e-002
 2.8917374e-002
 2.8941782e-002
 2.8972708e-002
 2.9008159e-002
 2.9045796e-002
 2.9083207e-002
 2.9118082e-002
 2.9148430e-002
 2.9172922e-002
 2.9191144e-002
 2.9203823e-002
 2.9212849e-002
 2.9221149e-002
 2.9232400e-002
 2.9250702e-002
 2.9280307e-002
 2.9325318e-002
 2.9389292e-002
 2.9474899e-002
 2.9583484e-002
 2.9714700e-002
 2.9866502e-002
 3.0035375e-002
 3.0216768e-002
 3.0405337e-002
 3.0595584e-002
 3.0782042e-002
 3.0959442e-002
 3.1123288e-002
 3.1270012e-002
 3.1397130e-002
 3.1503364e-002
 3.1588465e-002
 3.1652972e-002
 3.1697877e-002
 3.1724513e-002
 3.1734411e-002
 3.1729314e-002
 3.1711310e-002
 3.1682901e-002
 3.1647149e-002
 3.1607635e-002
 3.1568404e-002
 3.1533863e-002
 3.1508565e-002
 3.1497035e-002
 3.1503502e-002
 3.1531524e-002
 3.1583518e-002
 3.1660292e-002
 3.1760652e-002
 3.1881362e-002
 3.2017484e-002
 3.2162707e-002
 3.2310076e-002
 3.2452345e-002
 3.2582540e-002
 3.2694384e-002
 3.2783076e-002
 3.2845810e-002
 3.2882176e-002
 3.2894179e-002
 3.2885987e-002
 3.2863349e-002
 3.2832950e-002
 3.2801848e-002
 3.2776996e-002
 3.2764670e-002
 3.2769978e-002
 3.2796342e-002
 3.2845110e-002
 3.2915570e-002
 3.3005219e-002
 3.3110153e-002
 3.3225723e-002
 3.3346917e-002
 3.3468649e-002
 3.3586223e-002
 3.3695567e-002
 3.3793543e-002
 3.3878025e-002
 3.3948131e-002
 3.4003921e-002
 3.4046136e-002
 3.4076009e-002
 3.4095012e-002
 3.4104712e-002
 3.4106746e-002
 3.4102760e-002
 3.4094416e-002
 3.4083385e-002
 3.4071334e-002
 3.4059938e-002
 3.4050882e-002
 3.4045812e-002
 3.4046315e-002
 3.4053825e-002
 3.4069475e-002
 3.4093950e-002
 3.4127269e-002
 3.4168705e-002
 3.4216776e-002
 3.4269348e-002
 3.4323778e-002
 3.4377165e-002
 3.4426503e-002
 3.4468763e-002
 3.4501120e-002
 3.4521032e-002
 3.4526356e-002
 3.4515422e-002
 3.4487102e-002
 3.4440648e-002
 3.4375664e-002
 3.4291945e-002
 3.4189463e-002
 3.4068402e-002
 3.3929419e-002
 3.3773452e-002
 3.3602331e-002
 3.3418491e-002
 3.3225179e-002
 3.3026438e-002
 3.2826640e-002
 3.2630436e-002
 3.2442443e-002
 3.2267101e-002
 3.2108076e-002
 3.1967986e-002
 3.1848118e-002
 3.1747986e-002
 3.1665467e-002
 3.1597089e-002
 3.1538326e-002
 3.1484067e-002
 3.1428996e-002
 3.1367987e-002
 3.1296380e-002
 3.1210355e-002
 3.1107318e-002
 3.0986030e-002
 3.0846549e-002
 3.0690173e-002
 3.0518925e-002
 3.0335318e-002
 3.0142261e-002
 2.9942608e-002
 2.9739222e-002
 2.9534811e-002
 2.9332047e-002
 2.9133270e-002
 2.8940627e-002
 2.8756235e-002
 2.8581934e-002
 2.8419444e-002
 2.8270433e-002
 2.8136162e-002
 2.8017458e-002
 2.7914388e-002
 2.7826140e-002
 2.7750747e-002
 2.7685199e-002
 2.7625661e-002
 2.7567646e-002
 2.7506374e-002
 2.7437145e-002
 2.7355630e-002
 2.7258348e-002
 2.7143240e-002
 2.7009934e-002
 2.6860148e-002
 2.6697472e-002
 2.6527211e-002
 2.6355669e-002
 2.6189707e-002
 2.6036317e-002
 2.5901780e-002
 2.5791131e-002
 2.5707508e-002
 2.5651339e-002
 2.5620317e-002
 2.5609322e-002
 2.5610957e-002
 2.5616253e-002
 2.5615443e-002
 2.5598722e-002
 2.5557071e-002
 2.5483105e-002
 2.5372092e-002
 2.5222600e-002
 2.5036888e-002
 2.4820903e-002
 2.4583375e-002
 2.4335090e-002
 2.4087867e-002
 2.3853911e-002
 2.3644639e-002
 2.3470031e-002
 2.3337897e-002
 2.3253044e-002
 2.3216896e-002
 2.3227880e-002
 2.3281870e-002
 2.3372980e-002
 2.3494311e-002
 2.3638414e-002
 2.3797901e-002
 2.3965700e-002
 2.4135182e-002
 2.4300583e-002
 2.4456933e-002
 2.4599910e-002
 2.4725938e-002
 2.4831869e-002
 2.4914907e-002
 2.4972491e-002
 2.5002465e-002
 2.5003156e-002
 2.4973575e-002
 2.4913592e-002
 2.4823971e-002
 2.4706397e-002
 2.4563195e-002
 2.4397176e-002
 2.4211617e-002
 2.4009945e-002
 2.3795899e-002
 2.3573531e-002
 2.3347547e-002
 2.3123108e-002
 2.2906009e-002
 2.2702770e-002
 2.2520194e-002
 2.2365313e-002
 2.2245174e-002
 2.2166181e-002
 2.2133635e-002
 2.2150936e-002
 2.2218747e-002
 2.2334358e-002
 2.2491764e-002
 2.2681538e-002
 2.2891834e-002
 2.3109190e-002
 2.3319284e-002
 2.3508187e-002
 2.3663184e-002
 2.3773724e-002
 2.3832658e-002
 2.3836786e-002
 2.3787087e-002
 2.3688398e-002
 2.3548517e-002
 2.3377178e-002
 2.3185221e-002
 2.2983447e-002
 2.2781901e-002
 2.2589263e-002
 2.2411853e-002
 2.2253394e-002
 2.2114720e-002
 2.1994282e-002
 2.1888487e-002
 2.1792516e-002
 2.1701058e-002
 2.1608824e-002
 2.1511247e-002
 2.1405175e-002
 2.1289285e-002
 2.1164518e-002
 2.1034190e-002
 2.0903625e-002
 2.0779734e-002
 2.0670358e-002
 2.0583699e-002
 2.0527460e-002
 2.0508204e-002
 2.0530509e-002
 2.0596206e-002
 2.0703949e-002
 2.0849044e-002
 2.1023968e-002
 2.1219000e-002
 2.1423085e-002
 2.1624461e-002
 2.1811705e-002
 2.1974321e-002
 2.2103345e-002
 2.2192212e-002
 2.2236908e-002
 2.2236228e-002
 2.2191303e-002
 2.2105025e-002
 2.1981556e-002
 2.1825708e-002
 2.1642663e-002
 2.1437719e-002
 2.1216357e-002
 2.0984082e-002
 2.0746220e-002
 2.0508369e-002
 2.0275941e-002
 2.0054318e-002
 1.9848911e-002
 1.9664673e-002
 1.9506041e-002
 1.9376440e-002
 1.9277921e-002
 1.9210555e-002
 1.9172296e-002
 1.9159026e-002
 1.9164804e-002
 1.9182408e-002
 1.9203886e-002
 1.9221189e-002
 1.9226776e-002
 1.9214295e-002
 1.9179258e-002
 1.9119564e-002
 1.9035896e-002
 1.8931620e-002
 1.8812276e-002
 1.8685022e-002
 1.8558029e-002
 1.8439634e-002
 1.8337797e-002
 1.8259538e-002
 1.8210182e-002
 1.8192941e-002
 1.8208835e-002
 1.8256590e-002
 1.8333046e-002
 1.8433692e-002
 1.8553076e-002
 1.8685399e-002
 1.8824782e-002
 1.8965416e-002
 1.9101935e-002
 1.9229414e-002
 1.9343484e-002
 1.9440204e-002
 1.9516159e-002
 1.9568278e-002
 1.9593772e-002
 1.9590264e-002
 1.9555882e-002
 1.9489562e-002
 1.9391306e-002
 1.9262360e-002
 1.9105596e-002
 1.8925076e-002
 1.8725974e-002
 1.8514160e-002
 1.8296024e-002
 1.8077806e-002
 1.7865377e-002
 1.7664019e-002
 1.7477769e-002
 1.7309330e-002
 1.7160196e-002
 1.7030500e-002
 1.6919551e-002
 1.6826183e-002
 1.6749140e-002
 1.6687011e-002
 1.6638214e-002
 1.6600925e-002
 1.6573092e-002
-1.2300000e+034
-1.2300000e+034
-1.2300000e+034
-1.2300000e+034
-1.2300000e+034
-1.2300000e+034
-1.2300000e+034
-1.2300000e+034
-1.2300000e+034
-1.2300000e+034
-1.2300000e+034
-1.2300000e+034
-1.2300000e+034
-1.2300000e+034
-1.2300000e+034
-1.2300000e+034
-1.2300000e+034
-1.2300000e+034
-1.2300000e+034
-1.2300000e+034
-1.2300000e+034
-1.2300000e+034
