s07_ASD Record=4302: Galena S26-40                 BECKb AREF
 7.3742017e-002
 7.4283697e-002
 7.4876554e-002
 7.5450115e-002
 7.5937524e-002
 7.6297738e-002
 7.6524787e-002
 7.6641135e-002
 7.6683499e-002
 7.6687783e-002
 7.6678589e-002
 7.6666653e-002
 7.6651253e-002
 7.6624714e-002
 7.6578729e-002
 7.6511897e-002
 7.6433204e-002
 7.6357976e-002
 7.6300323e-002
 7.6266140e-002
 7.6249830e-002
 7.6236717e-002
 7.6210104e-002
 7.6158509e-002
 7.6079257e-002
 7.5978495e-002
 7.5868264e-002
 7.5760886e-002
 7.5664617e-002
 7.5583540e-002
 7.5518772e-002
 7.5468682e-002
 7.5428806e-002
 7.5390972e-002
 7.5341761e-002
 7.5264946e-002
 7.5147219e-002
 7.4982487e-002
 7.4774534e-002
 7.4536420e-002
 7.4286260e-002
 7.4042037e-002
 7.3817641e-002
 7.3620960e-002
 7.3453970e-002
 7.3313832e-002
 7.3194526e-002
 7.3088691e-002
 7.2989449e-002
 7.2891712e-002
 7.2792381e-002
 7.2689712e-002
 7.2582379e-002
 7.2469339e-002
 7.2350256e-002
 7.2226189e-002
 7.2099805e-002
 7.1974643e-002
 7.1853586e-002
 7.1738034e-002
 7.1622364e-002
 7.1498170e-002
 7.1362279e-002
 7.1212359e-002
 7.1052067e-002
 7.0896842e-002
 7.0759095e-002
 7.0640221e-002
 7.0532449e-002
 7.0421733e-002
 7.0294671e-002
 7.0145570e-002
 6.9977932e-002
 6.9800705e-002
 6.9623537e-002
 6.9453865e-002
 6.9296852e-002
 6.9156915e-002
 6.9038786e-002
 6.8946280e-002
 6.8879150e-002
 6.8830192e-002
 6.8785064e-002
 6.8726465e-002
 6.8641022e-002
 6.8525203e-002
 6.8386294e-002
 6.8237670e-002
 6.8091713e-002
 6.7955367e-002
 6.7830525e-002
 6.7717381e-002
 6.7616329e-002
 6.7526542e-002
 6.7443512e-002
 6.7359544e-002
 6.7268148e-002
 6.7168884e-002
 6.7066677e-002
 6.6965401e-002
 6.6862635e-002
 6.6750906e-002
 6.6623434e-002
 6.6479214e-002
 6.6326007e-002
 6.6180930e-002
 6.6066638e-002
 6.6001229e-002
 6.5984309e-002
 6.5990314e-002
 6.5979689e-002
 6.5922014e-002
 6.5812372e-002
 6.5669015e-002
 6.5518059e-002
 6.5378435e-002
 6.5254577e-002
 6.5137409e-002
 6.5013528e-002
 6.4879090e-002
 6.4749181e-002
 6.4652659e-002
 6.4614192e-002
 6.4637616e-002
 6.4703889e-002
 6.4781770e-002
 6.4839095e-002
 6.4847656e-002
 6.4786322e-002
 6.4648055e-002
 6.4447373e-002
 6.4219341e-002
 6.4007498e-002
 6.3847333e-002
 6.3754968e-002
 6.3724674e-002
 6.3734010e-002
 6.3753918e-002
 6.3761361e-002
 6.3748583e-002
 6.3721418e-002
 6.3686259e-002
 6.3638166e-002
 6.3565366e-002
 6.3466758e-002
 6.3359439e-002
 6.3261718e-002
 6.3169777e-002
 6.3058704e-002
 6.2909529e-002
 6.2732458e-002
 6.2563337e-002
 6.2440149e-002
 6.2379997e-002
 6.2369615e-002
 6.2373217e-002
 6.2354039e-002
 6.2295400e-002
 6.2204301e-002
 6.2096652e-002
 6.1983362e-002
 6.1873689e-002
 6.1785378e-002
 6.1736081e-002
 6.1717354e-002
 6.1690867e-002
 6.1628312e-002
 6.1550524e-002
 6.1507165e-002
 6.1515402e-002
 6.1536197e-002
 6.1518103e-002
 6.1450843e-002
 6.1364129e-002
 6.1280228e-002
 6.1183486e-002
 6.1043661e-002
 6.0860123e-002
 6.0669575e-002
 6.0510859e-002
 6.0394328e-002
 6.0311023e-002
 6.0261942e-002
 6.0263146e-002
 6.0318269e-002
 6.0398269e-002
 6.0460608e-002
 6.0481727e-002
 6.0459293e-002
 6.0395949e-002
 6.0306355e-002
 6.0237013e-002
 6.0247064e-002
 6.0349833e-002
 6.0482189e-002
 6.0548741e-002
 6.0503390e-002
 6.0382828e-002
 6.0256764e-002
 6.0155865e-002
 6.0058959e-002
 5.9935477e-002
 5.9776668e-002
 5.9593264e-002
 5.9412606e-002
 5.9282828e-002
 5.9252616e-002
 5.9324902e-002
 5.9434928e-002
 5.9495486e-002
 5.9478763e-002
 5.9442550e-002
 5.9455782e-002
 5.9508644e-002
 5.9526198e-002
 5.9468523e-002
 5.9385721e-002
 5.9360638e-002
 5.9409775e-002
 5.9456296e-002
 5.9407301e-002
 5.9249286e-002
 5.9059098e-002
 5.8936577e-002
 5.8941551e-002
 5.9069548e-002
 5.9249979e-002
 5.9382122e-002
 5.9418492e-002
 5.9410624e-002
 5.9433572e-002
 5.9476320e-002
 5.9455045e-002
 5.9328925e-002
 5.9157085e-002
 5.9041042e-002
 5.9041392e-002
 5.9143003e-002
 5.9270501e-002
 5.9341628e-002
 5.9337523e-002
 5.9326038e-002
 5.9390612e-002
 5.9531257e-002
 5.9655856e-002
 5.9674010e-002
 5.9589103e-002
 5.9495233e-002
 5.9483565e-002
 5.9549626e-002
 5.9605252e-002
 5.9575744e-002
 5.9476621e-002
 5.9409391e-002
 5.9467290e-002
 5.9607711e-002
 5.9667073e-002
 5.9549604e-002
 5.9328176e-002
 5.9117094e-002
 5.8960717e-002
 5.8881883e-002
 5.8919650e-002
 5.9080224e-002
 5.9311509e-002
 5.9539657e-002
 5.9712436e-002
 5.9813537e-002
 5.9853297e-002
 5.9857588e-002
 5.9854425e-002
 5.9847794e-002
 5.9823137e-002
 5.9795532e-002
 5.9797149e-002
 5.9825271e-002
 5.9892830e-002
 6.0049079e-002
 6.0241971e-002
 6.0325652e-002
 6.0271014e-002
 6.0181968e-002
 6.0107667e-002
 6.0021810e-002
 5.9944075e-002
 5.9917539e-002
 5.9934482e-002
 5.9972901e-002
 6.0060889e-002
 6.0249388e-002
 6.0523886e-002
 6.0767855e-002
 6.0852040e-002
 6.0770109e-002
 6.0634542e-002
 6.0536720e-002
 6.0505237e-002
 6.0596976e-002
 6.0860347e-002
 6.1162114e-002
 6.1247859e-002
 6.1069049e-002
 6.0872260e-002
 6.0879596e-002
 6.1045852e-002
 6.1190162e-002
 6.1219133e-002
 6.1165724e-002
 6.1108224e-002
 6.1105076e-002
 6.1169337e-002
 6.1269011e-002
 6.1358422e-002
 6.1421886e-002
 6.1476924e-002
 6.1528791e-002
 6.1540954e-002
 6.1463621e-002
 6.1288245e-002
 6.1094135e-002
 6.1028630e-002
 6.1185174e-002
 6.1485816e-002
 6.1729491e-002
 6.1765898e-002
 6.1609041e-002
 6.1403736e-002
 6.1300255e-002
 6.1355658e-002
 6.1528068e-002
 6.1725937e-002
 6.1852086e-002
 6.1835267e-002
 6.1664604e-002
 6.1409235e-002
 6.1188515e-002
 6.1104454e-002
 6.1190594e-002
 6.1408684e-002
 6.1671436e-002
 6.1868019e-002
 6.1905388e-002
 6.1772116e-002
 6.1574325e-002
 6.1479133e-002
 6.1584074e-002
 6.1829466e-002
 6.2051788e-002
 6.2127300e-002
 6.2066481e-002
 6.1981089e-002
 6.1969351e-002
 6.2038198e-002
 6.2137362e-002
 6.2238835e-002
 6.2274989e-002
 6.2112067e-002
 6.1726414e-002
 6.1324444e-002
 6.1132684e-002
 6.1145067e-002
 6.1150264e-002
 6.0967654e-002
 6.0692281e-002
 6.0664076e-002
 6.1044801e-002
 6.1553366e-002
 6.1812196e-002
 6.1765131e-002
 6.1600603e-002
 6.1466347e-002
 6.1375018e-002
 6.1283719e-002
 6.1206494e-002
 6.1221689e-002
 6.1330672e-002
 6.1400536e-002
 6.1355114e-002
 6.1308932e-002
 6.1380763e-002
 6.1500039e-002
 6.1521705e-002
 6.1424226e-002
 6.1311528e-002
 6.1287276e-002
 6.1353289e-002
 6.1409224e-002
 6.1365120e-002
 6.1250065e-002
 6.1198790e-002
 6.1320469e-002
 6.1536651e-002
 6.1603248e-002
 6.1400488e-002
 6.1109416e-002
 6.0985487e-002
 6.1052423e-002
 6.1178874e-002
 6.1240524e-002
 6.1183073e-002
 6.1053194e-002
 6.0950823e-002
 6.0923126e-002
 6.0930382e-002
 6.0927447e-002
 6.0920943e-002
 6.0961962e-002
 6.1094508e-002
 6.1293829e-002
 6.1466414e-002
 6.1520573e-002
 6.1434172e-002
 6.1255015e-002
 6.1051950e-002
 6.0886215e-002
 6.0806368e-002
 6.0838334e-002
 6.0956754e-002
 6.1088745e-002
 6.1160132e-002
 6.1137196e-002
 6.1030008e-002
 6.0876496e-002
 6.0745161e-002
 6.0719542e-002
 6.0847744e-002
 6.1095450e-002
 6.1334461e-002
 6.1387282e-002
 6.1213922e-002
 6.0882077e-002
 6.0591355e-002
 6.0484424e-002
 6.0532007e-002
 6.0635801e-002
 6.0697336e-002
 6.0634430e-002
 6.0472183e-002
 6.0278896e-002
 6.0122985e-002
 6.0063902e-002
 6.0101666e-002
 6.0212307e-002
 6.0371812e-002
 6.0555089e-002
 6.0730431e-002
 6.0863383e-002
 6.0919523e-002
 6.0872022e-002
 6.0744882e-002
 6.0555391e-002
 6.0408767e-002
 6.0322654e-002
 6.0306609e-002
 6.0336512e-002
 6.0386796e-002
 6.0431886e-002
 6.0447127e-002
 6.0428545e-002
 6.0392730e-002
 6.0357120e-002
 6.0339179e-002
 6.0355518e-002
 6.0403936e-002
 6.0463656e-002
 6.0513120e-002
 6.0530763e-002
 6.0495980e-002
 6.0408745e-002
 6.0289327e-002
 6.0158767e-002
 6.0038187e-002
 5.9948653e-002
 5.9905630e-002
 5.9902817e-002
 5.9928633e-002
 5.9971482e-002
 6.0019795e-002
 6.0061973e-002
 6.0088251e-002
 6.0095899e-002
 6.0083851e-002
 6.0051069e-002
 5.9996467e-002
 5.9919026e-002
 5.9817672e-002
 5.9693955e-002
 5.9559423e-002
 5.9427943e-002
 5.9313431e-002
 5.9229758e-002
 5.9190843e-002
 5.9210565e-002
 5.9302822e-002
 5.9475414e-002
 5.9713136e-002
 5.9995420e-002
 6.0301591e-002
 6.0611114e-002
 6.0903315e-002
 6.1157621e-002
 6.1353449e-002
 6.1476279e-002
 6.1534517e-002
 6.1541829e-002
 6.1511934e-002
 6.1458524e-002
 6.1395295e-002
 6.1335947e-002
 6.1294172e-002
 6.1280102e-002
 6.1290693e-002
 6.1319850e-002
 6.1361495e-002
 6.1409563e-002
 6.1457943e-002
 6.1500575e-002
 6.1531365e-002
 6.1544236e-002
 6.1533101e-002
 6.1491873e-002
 6.1414484e-002
 6.1297387e-002
 6.1146360e-002
 6.0969204e-002
 6.0773816e-002
 6.0567982e-002
 6.0359627e-002
 6.0156535e-002
 5.9966560e-002
 5.9797574e-002
 5.9657387e-002
 5.9553888e-002
 5.9494894e-002
 5.9485409e-002
 5.9520263e-002
 5.9592012e-002
 5.9693236e-002
 5.9816472e-002
 5.9954312e-002
 6.0099278e-002
 6.0243975e-002
 6.0380928e-002
 6.0502712e-002
 6.0601909e-002
 6.0672965e-002
 6.0717117e-002
 6.0737029e-002
 6.0735390e-002
 6.0714886e-002
 6.0678203e-002
 6.0628023e-002
 6.0567033e-002
 6.0497925e-002
 6.0423370e-002
 6.0345341e-002
 6.0263284e-002
 6.0176086e-002
 6.0082670e-002
 5.9981912e-002
 5.9872754e-002
 5.9754055e-002
 5.9624758e-002
 5.9483729e-002
 5.9329908e-002
 5.9163589e-002
 5.8990058e-002
 5.8815535e-002
 5.8646355e-002
 5.8488753e-002
 5.8349047e-002
 5.8233492e-002
 5.8148365e-002
 5.8099963e-002
 5.8094561e-002
 5.8136057e-002
 5.8220413e-002
 5.8341853e-002
 5.8494661e-002
 5.8673065e-002
 5.8871340e-002
 5.9083715e-002
 5.9304487e-002
 5.9527852e-002
 5.9746776e-002
 5.9949797e-002
 6.0124468e-002
 6.0258444e-002
 6.0339279e-002
 6.0354613e-002
 6.0292032e-002
 6.0139127e-002
 5.9890546e-002
 5.9563890e-002
 5.9181675e-002
 5.8766220e-002
 5.8340039e-002
 5.7925459e-002
 5.7544999e-002
 5.7221018e-002
 5.6971498e-002
 5.6800101e-002
 5.6707468e-002
 5.6694299e-002
 5.6761276e-002
 5.6909066e-002
 5.7138380e-002
 5.7449840e-002
 5.7835165e-002
 5.8256764e-002
 5.8671359e-002
 5.8999740e-002
 5.9245590e-002
 5.9351221e-002
 5.9291009e-002
 5.9070900e-002
 5.8724619e-002
 5.8304928e-002
 5.7873681e-002
 5.7493843e-002
 5.7218384e-002
 5.7072680e-002
 5.7043564e-002
 5.7090096e-002
 5.7160653e-002
 5.7205085e-002
 5.7186306e-002
 5.7092346e-002
 5.6940164e-002
 5.6768343e-002
 5.6625206e-002
 5.6557890e-002
 5.6600992e-002
 5.6765843e-002
 5.7036601e-002
 5.7376307e-002
 5.7737630e-002
 5.8072764e-002
 5.8341980e-002
 5.8520276e-002
 5.8599446e-002
 5.8584865e-002
 5.8489881e-002
 5.8331344e-002
 5.8127370e-002
 5.7896558e-002
 5.7657689e-002
 5.7429403e-002
 5.7229258e-002
 5.7071682e-002
 5.6964893e-002
 5.7072863e-002
 5.6982387e-002
 5.6896888e-002
 5.6810763e-002
 5.6718212e-002
 5.6614287e-002
 5.6495681e-002
 5.6361243e-002
 5.6212500e-002
 5.6053627e-002
 5.5891272e-002
 5.5733796e-002
 5.5590171e-002
 5.5468690e-002
 5.5375706e-002
 5.5314854e-002
 5.5286769e-002
 5.5289231e-002
 5.5317856e-002
 5.5367015e-002
 5.5430945e-002
 5.5504512e-002
 5.5583686e-002
 5.5665500e-002
 5.5747718e-002
 5.5828229e-002
 5.5904225e-002
 5.5971589e-002
 5.6024447e-002
 5.6055628e-002
 5.6057870e-002
 5.6025505e-002
 5.5956196e-002
 5.5852301e-002
 5.5721335e-002
 5.5575453e-002
 5.5430107e-002
 5.5301700e-002
 5.5205226e-002
 5.5151973e-002
 5.5148020e-002
 5.5193812e-002
 5.5284593e-002
 5.5411693e-002
 5.5564087e-002
 5.5730157e-002
 5.5898953e-002
 5.6061234e-002
 5.6209989e-002
 5.6340422e-002
 5.6449883e-002
 5.6537423e-002
 5.6603473e-002
 5.6649458e-002
 5.6677464e-002
 5.6689952e-002
 5.6689497e-002
 5.6678552e-002
 5.6659218e-002
 5.6633081e-002
 5.6601062e-002
 5.6563374e-002
 5.6519557e-002
 5.6468580e-002
 5.6409094e-002
 5.6339711e-002
 5.6259319e-002
 5.6167506e-002
 5.6064807e-002
 5.5953026e-002
 5.5835325e-002
 5.5716146e-002
 5.5601049e-002
 5.5496193e-002
 5.5407833e-002
 5.5341598e-002
 5.5301800e-002
 5.5290937e-002
 5.5309311e-002
 5.5354979e-002
 5.5423971e-002
 5.5510815e-002
 5.5609085e-002
 5.5712130e-002
 5.5813551e-002
 5.5907600e-002
 5.5989388e-002
 5.6054823e-002
 5.6100585e-002
 5.6124087e-002
 5.6123469e-002
 5.6097817e-002
 5.6047458e-002
 5.5974290e-002
 5.5882059e-002
 5.5776510e-002
 5.5665132e-002
 5.5556729e-002
 5.5460531e-002
 5.5385068e-002
 5.5337075e-002
 5.5320352e-002
 5.5335108e-002
 5.5377744e-002
 5.5441335e-002
 5.5516575e-002
 5.5593237e-002
 5.5661626e-002
 5.5713873e-002
 5.5744786e-002
 5.5751976e-002
 5.5735502e-002
 5.5697087e-002
 5.5639237e-002
 5.5564530e-002
 5.5475354e-002
 5.5374049e-002
 5.5263329e-002
 5.5146974e-002
 5.5030107e-002
 5.4919332e-002
 5.4822173e-002
 5.4746080e-002
 5.4697257e-002
 5.4679286e-002
 5.4692205e-002
 5.4731995e-002
 5.4790869e-002
 5.4858204e-002
 5.4922167e-002
 5.4971568e-002
 5.4997720e-002
 5.4995894e-002
 5.4965939e-002
 5.4912001e-002
 5.4841373e-002
 5.4762691e-002
 5.4683920e-002
 5.4610725e-002
 5.4545511e-002
 5.4487411e-002
 5.4433238e-002
 5.4378923e-002
 5.4321200e-002
 5.4258894e-002
 5.4193497e-002
 5.4129023e-002
 5.4071099e-002
 5.4025739e-002
 5.3998090e-002
 5.3991478e-002
 5.4007005e-002
 5.4043606e-002
 5.4098468e-002
 5.4167591e-002
 5.4246332e-002
 5.4329734e-002
 5.4412805e-002
 5.4490633e-002
 5.4558657e-002
 5.4613031e-002
 5.4651052e-002
 5.4671664e-002
 5.4675747e-002
 5.4666124e-002
 5.4647166e-002
 5.4624029e-002
 5.4601677e-002
 5.4583918e-002
 5.4572672e-002
 5.4567672e-002
 5.4566648e-002
 5.4565974e-002
 5.4561589e-002
 5.4549996e-002
 5.4529108e-002
 5.4498818e-002
 5.4461110e-002
 5.4419797e-002
 5.4379921e-002
 5.4346900e-002
 5.4325651e-002
 5.4319728e-002
 5.4330677e-002
 5.4357667e-002
 5.4397468e-002
 5.4444738e-002
 5.4492645e-002
 5.4533742e-002
 5.4560881e-002
 5.4568216e-002
 5.4551970e-002
 5.4510962e-002
 5.4446712e-002
 5.4363228e-002
 5.4266360e-002
 5.4162934e-002
 5.4059926e-002
 5.3963579e-002
 5.3878952e-002
 5.3809673e-002
 5.3757984e-002
 5.3725049e-002
 5.3711176e-002
 5.3716052e-002
 5.3738728e-002
 5.3777549e-002
 5.3829990e-002
 5.3892687e-002
 5.3961616e-002
 5.4032587e-002
 5.4101925e-002
 5.4167077e-002
 5.4227047e-002
 5.4282442e-002
 5.4334968e-002
 5.4386612e-002
 5.4438598e-002
 5.4490488e-002
 5.4539725e-002
 5.4581687e-002
 5.4610424e-002
 5.4619730e-002
 5.4604467e-002
 5.4561675e-002
 5.4491311e-002
 5.4396387e-002
 5.4282669e-002
 5.4157943e-002
 5.4030992e-002
 5.3910770e-002
 5.3805433e-002
 5.3721782e-002
 5.3664718e-002
 5.3636882e-002
 5.3638455e-002
 5.3667061e-002
 5.3717922e-002
 5.3784270e-002
 5.3858131e-002
 5.3931300e-002
 5.3996474e-002
 5.4048326e-002
 5.4084152e-002
 5.4104075e-002
 5.4110639e-002
 5.4107934e-002
 5.4100476e-002
 5.4092135e-002
 5.4085411e-002
 5.4081213e-002
 5.4079134e-002
 5.4078091e-002
 5.4077089e-002
 5.4075774e-002
 5.4074679e-002
 5.4075044e-002
 5.4078341e-002
 5.4085728e-002
 5.4097611e-002
 5.4113552e-002
 5.4132469e-002
 5.4153167e-002
 5.4174896e-002
 5.4197781e-002
 5.4222949e-002
 5.4252245e-002
 5.4287661e-002
 5.4330524e-002
 5.4380760e-002
 5.4436423e-002
 5.4493543e-002
 5.4546483e-002
 5.4588649e-002
 5.4613471e-002
 5.4615483e-002
 5.4591246e-002
 5.4539956e-002
 5.4463696e-002
 5.4367144e-002
 5.4256879e-002
 5.4140497e-002
 5.4025464e-002
 5.3918291e-002
 5.3823806e-002
 5.3744867e-002
 5.3682528e-002
 5.3636339e-002
 5.3604934e-002
 5.3586531e-002
 5.3579289e-002
 5.3581506e-002
 5.3591579e-002
 5.3607907e-002
 5.3628702e-002
 5.3651940e-002
 5.3675361e-002
 5.3696617e-002
 5.3713497e-002
 5.3724121e-002
 5.3727131e-002
 5.3721789e-002
 5.3707980e-002
 5.3686198e-002
 5.3657491e-002
 5.3623404e-002
 5.3585984e-002
 5.3547736e-002
 5.3511553e-002
 5.3480592e-002
 5.3457987e-002
 5.3446542e-002
 5.3448286e-002
 5.3464051e-002
 5.3493153e-002
 5.3533193e-002
 5.3580150e-002
 5.3628698e-002
 5.3672805e-002
 5.3706508e-002
 5.3724751e-002
 5.3724177e-002
 5.3703636e-002
 5.3664334e-002
 5.3609569e-002
 5.3544048e-002
 5.3472925e-002
 5.3400841e-002
 5.3331010e-002
 5.3264800e-002
 5.3201668e-002
 5.3139552e-002
 5.3075649e-002
 5.3007182e-002
 5.2932203e-002
 5.2850071e-002
 5.2761596e-002
 5.2669011e-002
 5.2575704e-002
 5.2485850e-002
 5.2404225e-002
 5.2335870e-002
 5.2285936e-002
 5.2259315e-002
 5.2260142e-002
 5.2291177e-002
 5.2353121e-002
 5.2444026e-002
 5.2559033e-002
 5.2690659e-002
 5.2829463e-002
 5.2965377e-002
 5.3089019e-002
 5.3193115e-002
 5.3273488e-002
 5.3329378e-002
 5.3363226e-002
 5.3379785e-002
 5.3384949e-002
 5.3384479e-002
 5.3382944e-002
 5.3383060e-002
 5.3385500e-002
 5.3389184e-002
 5.3391915e-002
 5.3391147e-002
 5.3384796e-002
 5.3371847e-002
 5.3352699e-002
 5.3329185e-002
 5.3304259e-002
 5.3281453e-002
 5.3264156e-002
 5.3254925e-002
 5.3254861e-002
 5.3263258e-002
 5.3277556e-002
 5.3293601e-002
 5.3306270e-002
 5.3310275e-002
 5.3301081e-002
 5.3275764e-002
 5.3233594e-002
 5.3176317e-002
 5.3107932e-002
 5.3034123e-002
 5.2961364e-002
 5.2895859e-002
 5.2842658e-002
 5.2804969e-002
 5.2783873e-002
 5.2778486e-002
 5.2786365e-002
 5.2804153e-002
 5.2828223e-002
 5.2855171e-002
 5.2882168e-002
 5.2907076e-002
 5.2928451e-002
 5.2945524e-002
 5.2958164e-002
 5.2966904e-002
 5.2972991e-002
 5.2978408e-002
 5.2985795e-002
 5.2998230e-002
 5.3018879e-002
 5.3050585e-002
 5.3095419e-002
 5.3154334e-002
 5.3226989e-002
 5.3311650e-002
 5.3405359e-002
 5.3504057e-002
 5.3602837e-002
 5.3696200e-002
 5.3778235e-002
 5.3842939e-002
 5.3884599e-002
 5.3898249e-002
 5.3880263e-002
 5.3828921e-002
 5.3744916e-002
 5.3631503e-002
 5.3494468e-002
 5.3341489e-002
 5.3181414e-002
 5.3023204e-002
 5.2874919e-002
 5.2743055e-002
 5.2632008e-002
 5.2544151e-002
 5.2480049e-002
 5.2438926e-002
 5.2419197e-002
 5.2418817e-002
 5.2435514e-002
 5.2466791e-002
 5.2509885e-002
 5.2561622e-002
 5.2618399e-002
 5.2676260e-002
 5.2731030e-002
 5.2778605e-002
 5.2815165e-002
 5.2837424e-002
 5.2842841e-002
 5.2829746e-002
 5.2797500e-002
 5.2746665e-002
 5.2679174e-002
 5.2598398e-002
 5.2509192e-002
 5.2417580e-002
 5.2330356e-002
 5.2254308e-002
 5.2195311e-002
 5.2157484e-002
 5.2142434e-002
 5.2148927e-002
 5.2172951e-002
 5.2208282e-002
 5.2247383e-002
 5.2282508e-002
 5.2306868e-002
 5.2315537e-002
 5.2306134e-002
 5.2279066e-002
 5.2237462e-002
 5.2186687e-002
 5.2133702e-002
 5.2086111e-002
 5.2051183e-002
 5.2034810e-002
 5.2040529e-002
 5.2068807e-002
 5.2116688e-002
 5.2177947e-002
 5.2243859e-002
 5.2304607e-002
 5.2350961e-002
 5.2376192e-002
 5.2377582e-002
 5.2357294e-002
 5.2322268e-002
 5.2283101e-002
 5.2252103e-002
 5.2240949e-002
 5.2258469e-002
 5.2309036e-002
 5.2391928e-002
 5.2501738e-002
 5.2629720e-002
 5.2765466e-002
 5.2898847e-002
 5.3021330e-002
 5.3126883e-002
 5.3212103e-002
 5.3275749e-002
 5.3318057e-002
 5.3339906e-002
 5.3342219e-002
 5.3325653e-002
 5.3290617e-002
 5.3237524e-002
 5.3167287e-002
 5.3081781e-002
 5.2984178e-002
 5.2879252e-002
 5.2773219e-002
 5.2673504e-002
 5.2588087e-002
 5.2524626e-002
 5.2489549e-002
 5.2487027e-002
 5.2518051e-002
 5.2579779e-002
 5.2665442e-002
 5.2764937e-002
 5.2866295e-002
 5.2957892e-002
 5.3030297e-002
 5.3077705e-002
 5.3098492e-002
 5.3095035e-002
 5.3073455e-002
 5.3042725e-002
 5.3012870e-002
 5.2992690e-002
 5.2987289e-002
 5.2996393e-002
 5.3013973e-002
 5.3029381e-002
 5.3029899e-002
 5.3004082e-002
 5.2944928e-002
 5.2851412e-002
 5.2728429e-002
 5.2585673e-002
 5.2435771e-002
 5.2292265e-002
 5.2168138e-002
 5.2074339e-002
 5.2018691e-002
 5.2005332e-002
 5.2034579e-002
 5.2103262e-002
 5.2205414e-002
 5.2333292e-002
 5.2478362e-002
 5.2632466e-002
 5.2788522e-002
 5.2941076e-002
 5.3086452e-002
 5.3222239e-002
 5.3346775e-002
 5.3458344e-002
 5.3554691e-002
 5.3632688e-002
 5.3688113e-002
 5.3716026e-002
 5.3711358e-002
 5.3669862e-002
 5.3589202e-002
 5.3470083e-002
 5.3317022e-002
 5.3138297e-002
 5.2945454e-002
 5.2751772e-002
 5.2570600e-002
 5.2413318e-002
 5.2287579e-002
 5.2196689e-002
 5.2139815e-002
 5.2113000e-002
 5.2110419e-002
 5.2125715e-002
 5.2153088e-002
 5.2188005e-002
 5.2227430e-002
 5.2269761e-002
 5.2314460e-002
 5.2361459e-002
 5.2410532e-002
 5.2460734e-002
 5.2510131e-002
 5.2555844e-002
 5.2594405e-002
 5.2622389e-002
 5.2637197e-002
 5.2637715e-002
 5.2624840e-002
 5.2601628e-002
 5.2573025e-002
 5.2545186e-002
 5.2524488e-002
 5.2516367e-002
 5.2524239e-002
 5.2548695e-002
 5.2587193e-002
 5.2634306e-002
 5.2682582e-002
 5.2723803e-002
 5.2750502e-002
 5.2757431e-002
 5.2742660e-002
 5.2708097e-002
 5.2659325e-002
 5.2604739e-002
 5.2554078e-002
 5.2516732e-002
 5.2500021e-002
 5.2507862e-002
 5.2540027e-002
 5.2592214e-002
 5.2656844e-002
 5.2724473e-002
 5.2785594e-002
 5.2832328e-002
 5.2859895e-002
 5.2867331e-002
 5.2857537e-002
 5.2836463e-002
 5.2811746e-002
 5.2790932e-002
 5.2779771e-002
 5.2780811e-002
 5.2792672e-002
 5.2810058e-002
 5.2824639e-002
 5.2826479e-002
 5.2805927e-002
 5.2755430e-002
 5.2671108e-002
 5.2553639e-002
 5.2408479e-002
 5.2245267e-002
 5.2076526e-002
 5.1916126e-002
 5.1777478e-002
 5.1671889e-002
 5.1607449e-002
 5.1588222e-002
 5.1614139e-002
 5.1681224e-002
 5.1782254e-002
 5.1907487e-002
 5.2045677e-002
 5.2184857e-002
 5.2313283e-002
 5.2420355e-002
 5.2497361e-002
 5.2538358e-002
 5.2540679e-002
 5.2505326e-002
 5.2436937e-002
 5.2343145e-002
 5.2233506e-002
 5.2118428e-002
 5.2007914e-002
 5.1910479e-002
 5.1832408e-002
 5.1777322e-002
 5.1745951e-002
 5.1736120e-002
 5.1743168e-002
 5.1760674e-002
 5.1781397e-002
 5.1798321e-002
 5.1805560e-002
 5.1799059e-002
 5.1776916e-002
 5.1739343e-002
 5.1688347e-002
 5.1627263e-002
 5.1560149e-002
 5.1491331e-002
 5.1424984e-002
 5.1364809e-002
 5.1314030e-002
 5.1275298e-002
 5.1250741e-002
 5.1241983e-002
 5.1250149e-002
 5.1275942e-002
 5.1319681e-002
 5.1381256e-002
 5.1460173e-002
 5.1555615e-002
 5.1666409e-002
 5.1791072e-002
 5.1927883e-002
 5.2074801e-002
 5.2229594e-002
 5.2389789e-002
 5.2552737e-002
 5.2715719e-002
 5.2875873e-002
 5.3030383e-002
 5.3176396e-002
 5.3311132e-002
 5.3431984e-002
 5.3536452e-002
 5.3622354e-002
 5.3687833e-002
 5.3731490e-002
 5.3752523e-002
 5.3750783e-002
 5.3726826e-002
 5.3681903e-002
 5.3617876e-002
 5.3537004e-002
 5.3441778e-002
 5.3334631e-002
 5.3217653e-002
 5.3092495e-002
 5.2960161e-002
 5.2821156e-002
 5.2675620e-002
 5.2523647e-002
 5.2365877e-002
 5.2203894e-002
 5.2040908e-002
 5.1882122e-002
 5.1734857e-002
 5.1608566e-002
 5.1514167e-002
 5.1463261e-002
 5.1466815e-002
 5.1533785e-002
 5.1669646e-002
 5.1875267e-002
 5.2146055e-002
 5.2471776e-002
 5.2837227e-002
 5.3223092e-002
 5.3607881e-002
 5.3969532e-002
 5.4287452e-002
 5.4544285e-002
 5.4726910e-002
 5.4827329e-002
 5.4842804e-002
 5.4775540e-002
 5.4632112e-002
 5.4422811e-002
 5.4160908e-002
 5.3861879e-002
 5.3543009e-002
 5.3222518e-002
 5.2919146e-002
 5.2651208e-002
 5.2435592e-002
 5.2286915e-002
 5.2216295e-002
 5.2230600e-002
 5.2331746e-002
 5.2516546e-002
 5.2776817e-002
 5.3100120e-002
 5.3470466e-002
 5.3869389e-002
 5.4277159e-002
 5.4673452e-002
 5.5038333e-002
 5.5353213e-002
 5.5601273e-002
 5.5768587e-002
 5.5844802e-002
 5.5824287e-002
 5.5707041e-002
 5.5499475e-002
 5.5214603e-002
 5.4871928e-002
 5.4496501e-002
 5.4116860e-002
 5.3762697e-002
 5.3461321e-002
 5.3234737e-002
 5.3096633e-002
 5.3050224e-002
 5.3088043e-002
 5.3193688e-002
 5.3344395e-002
 5.3514063e-002
 5.3676412e-002
 5.3807534e-002
 5.3888116e-002
 5.3904247e-002
 5.3848054e-002
 5.3718597e-002
 5.3521980e-002
 5.3270664e-002
 5.2981928e-002
 5.2675985e-002
 5.2373342e-002
 5.2092571e-002
 5.1848084e-002
 5.1648963e-002
 5.1498938e-002
 5.1345848e-002
 5.1296230e-002
 5.1283646e-002
 5.1299952e-002
 5.1337630e-002
 5.1390428e-002
 5.1453743e-002
 5.1524602e-002
 5.1601242e-002
 5.1682513e-002
 5.1767595e-002
 5.1855683e-002
 5.1945854e-002
 5.2036926e-002
 5.2127197e-002
 5.2214324e-002
 5.2295275e-002
 5.2366335e-002
 5.2423347e-002
 5.2461829e-002
 5.2477229e-002
 5.2465152e-002
 5.2421730e-002
 5.2344244e-002
 5.2231938e-002
 5.2086804e-002
 5.1913805e-002
 5.1720716e-002
 5.1517215e-002
 5.1314212e-002
 5.1123098e-002
 5.0955117e-002
 5.0820909e-002
 5.0729528e-002
 5.0687548e-002
 5.0698113e-002
 5.0760616e-002
 5.0871048e-002
 5.1022872e-002
 5.1208090e-002
 5.1417913e-002
 5.1643424e-002
 5.1875744e-002
 5.2106380e-002
 5.2327633e-002
 5.2532643e-002
 5.2715726e-002
 5.2872092e-002
 5.2997660e-002
 5.3088862e-002
 5.3142369e-002
 5.3155247e-002
 5.3125270e-002
 5.3051632e-002
 5.2935854e-002
 5.2782666e-002
 5.2600246e-002
 5.2399993e-002
 5.2195646e-002
 5.2002225e-002
 5.1835354e-002
 5.1710285e-002
 5.1641017e-002
 5.1638681e-002
 5.1709644e-002
 5.1853836e-002
 5.2063994e-002
 5.2326486e-002
 5.2622814e-002
 5.2931808e-002
 5.3230986e-002
 5.3498000e-002
 5.3712055e-002
 5.3855609e-002
 5.3916816e-002
 5.3891417e-002
 5.3783655e-002
 5.3605370e-002
 5.3374097e-002
 5.3110611e-002
 5.2837253e-002
 5.2576441e-002
 5.2349273e-002
 5.2174028e-002
 5.2063983e-002
 5.2025773e-002
 5.2058600e-002
 5.2154977e-002
 5.2302491e-002
 5.2485749e-002
 5.2688092e-002
 5.2892547e-002
 5.3082943e-002
 5.3244811e-002
 5.3366732e-002
 5.3441454e-002
 5.3466234e-002
 5.3442486e-002
 5.3374656e-002
 5.3269032e-002
 5.3132758e-002
 5.2973345e-002
 5.2798275e-002
 5.2614916e-002
 5.2430347e-002
 5.2251164e-002
 5.2083574e-002
 5.1933281e-002
 5.1805742e-002
 5.1706187e-002
 5.1639628e-002
 5.1610798e-002
 5.1623683e-002
 5.1680844e-002
 5.1782429e-002
 5.1925376e-002
 5.2102998e-002
 5.2305348e-002
 5.2520178e-002
 5.2733719e-002
 5.2931745e-002
 5.3100042e-002
 5.3225309e-002
 5.3296257e-002
 5.3304873e-002
 5.3247653e-002
 5.3126071e-002
 5.2946132e-002
 5.2717090e-002
 5.2450273e-002
 5.2157823e-002
 5.1852196e-002
 5.1545549e-002
 5.1249083e-002
 5.0972693e-002
 5.0724167e-002
 5.0509196e-002
 5.0331485e-002
 5.0193209e-002
 5.0095718e-002
 5.0039839e-002
 5.0026007e-002
 5.0054099e-002
 5.0122928e-002
 5.0229553e-002
 5.0368652e-002
 5.0532334e-002
 5.0710265e-002
 5.0890464e-002
 5.1059876e-002
 5.1205084e-002
 5.1312998e-002
 5.1371571e-002
 5.1371194e-002
 5.1306225e-002
 5.1176466e-002
 5.0987676e-002
 5.0751094e-002
 5.0481863e-002
 5.0197572e-002
 4.9916852e-002
 4.9658287e-002
 4.9439639e-002
 4.9276490e-002
 4.9180742e-002
 4.9159426e-002
 4.9214076e-002
 4.9341306e-002
 4.9534045e-002
 4.9783126e-002
 5.0078195e-002
 5.0408654e-002
 5.0763749e-002
 5.1132880e-002
 5.1505920e-002
 5.1873025e-002
 5.2225035e-002
 5.2553117e-002
 5.2848794e-002
 5.3103946e-002
 5.3310547e-002
 5.3461131e-002
 5.3549185e-002
 5.3570300e-002
 5.3523526e-002
 5.3412579e-002
 5.3246323e-002
 5.3038318e-002
 5.2805573e-002
 5.2567039e-002
 5.2342542e-002
 5.2151643e-002
 5.2012291e-002
 5.1939141e-002
 5.1941134e-002
 5.2019566e-002
 5.2167188e-002
 5.2369140e-002
 5.2604821e-002
 5.2850399e-002
 5.3080522e-002
 5.3270146e-002
 5.3395927e-002
 5.3438865e-002
 5.3386942e-002
 5.3237777e-002
 5.2999578e-002
 5.2690133e-002
 5.2334197e-002
 5.1960960e-002
 5.1601131e-002
 5.1285282e-002
 5.1042072e-002
 5.0895017e-002
 5.0859511e-002
 5.0939798e-002
 5.1127724e-002
 5.1403992e-002
 5.1741183e-002
 5.2106764e-002
 5.2466355e-002
 5.2785676e-002
 5.3032603e-002
 5.3180657e-002
 5.3212378e-002
 5.3122662e-002
 5.2920144e-002
 5.2625712e-002
 5.2269600e-002
 5.1887218e-002
 5.1516373e-002
 5.1194731e-002
 5.0957721e-002
 5.0834846e-002
 5.0846130e-002
 5.0998587e-002
 5.1284816e-002
 5.1684536e-002
 5.2167587e-002
 5.2698407e-002
 5.3238846e-002
 5.3750742e-002
 5.4197706e-002
 5.4548763e-002
 5.4781362e-002
 5.4884341e-002
 5.4859515e-002
 5.4720134e-002
 5.4488074e-002
 5.4190192e-002
 5.3855583e-002
 5.3513929e-002
 5.3193308e-002
 5.2918538e-002
 5.2708719e-002
 5.2575365e-002
 5.2521288e-002
 5.2541647e-002
 5.2625876e-002
 5.2760031e-002
 5.2928623e-002
 5.3115707e-002
 5.3306062e-002
 5.3486053e-002
 5.3644869e-002
 5.3775389e-002
 5.3874809e-002
 5.3944100e-002
 5.3986978e-002
 5.4008897e-002
 5.4016072e-002
 5.4014921e-002
 5.4011662e-002
 5.4011904e-002
 5.4020192e-002
 5.4039638e-002
 5.4071754e-002
 5.4116618e-002
 5.4173220e-002
 5.4239932e-002
 5.4314829e-002
 5.4395776e-002
 5.4480631e-002
 5.4567162e-002
 5.4652974e-002
 5.4735567e-002
 5.4812264e-002
 5.4880239e-002
 5.4936510e-002
 5.4978099e-002
 5.5002008e-002
 5.5005364e-002
 5.4985657e-002
 5.4941058e-002
 5.4870956e-002
 5.4776311e-002
 5.4659862e-002
 5.4525904e-002
 5.4380018e-002
 5.4228377e-002
 5.4077435e-002
 5.3933699e-002
 5.3803124e-002
 5.3690717e-002
 5.3599909e-002
 5.3531837e-002
 5.3485189e-002
 5.3456467e-002
 5.3440500e-002
 5.3431164e-002
 5.3421922e-002
 5.3406261e-002
 5.3378150e-002
 5.3332638e-002
 5.3266659e-002
 5.3179625e-002
 5.3073693e-002
 5.2953608e-002
 5.2825890e-002
 5.2698165e-002
 5.2578505e-002
 5.2475043e-002
 5.2395280e-002
 5.2345525e-002
 5.2330069e-002
 5.2350372e-002
 5.2404836e-002
 5.2489031e-002
 5.2596517e-002
 5.2719630e-002
 5.2850042e-002
 5.2979354e-002
 5.3099252e-002
 5.3201847e-002
 5.3279847e-002
 5.3326968e-002
 5.3337932e-002
 5.3308379e-002
 5.3234659e-002
 5.3113524e-002
 5.2942172e-002
 5.2718204e-002
 5.2440349e-002
 5.2109394e-002
 5.1729947e-002
 5.1311240e-002
 5.0867829e-002
 5.0419439e-002
 4.9989019e-002
 4.9601618e-002
 4.9283296e-002
 4.9059287e-002
 4.8952632e-002
 4.8981585e-002
 4.9156152e-002
 4.9475338e-002
 4.9926035e-002
 5.0483756e-002
 5.1116187e-002
 5.1786281e-002
 5.2454423e-002
 5.3081561e-002
 5.3630851e-002
 5.4070245e-002
 5.4376811e-002
 5.4539304e-002
 5.4559574e-002
 5.4451291e-002
 5.4236878e-002
 5.3943850e-002
 5.3602308e-002
 5.3242519e-002
 5.2893400e-002
 5.2580826e-002
 5.2324805e-002
 5.2137781e-002
 5.2023873e-002
 5.1979441e-002
 5.1995281e-002
 5.2058838e-002
 5.2155942e-002
 5.2272100e-002
 5.2393340e-002
 5.2507024e-002
 5.2603055e-002
 5.2674662e-002
 5.2718714e-002
 5.2735478e-002
 5.2727658e-002
 5.2699432e-002
 5.2655693e-002
 5.2601539e-002
 5.2541960e-002
 5.2481625e-002
 5.2424524e-002
 5.2373774e-002
 5.2331556e-002
 5.2299138e-002
 5.2277166e-002
 5.2265875e-002
 5.2265294e-002
 5.2275278e-002
 5.2295450e-002
 5.2324973e-002
 5.2362286e-002
 5.2404843e-002
 5.2448966e-002
 5.2490018e-002
 5.2522626e-002
 5.2540984e-002
 5.2539181e-002
 5.2511480e-002
 5.2452784e-002
 5.2359421e-002
 5.2229997e-002
 5.2066199e-002
 5.1873315e-002
 5.1659640e-002
 5.1435754e-002
 5.1213756e-002
 5.1006142e-002
 5.0825331e-002
 5.0682854e-002
 5.0588366e-002
 5.0548147e-002
 5.0564058e-002
 5.0633021e-002
 5.0747499e-002
 5.0896723e-002
 5.1067863e-002
 5.1247358e-002
 5.1421639e-002
 5.1577851e-002
 5.1705189e-002
 5.1796045e-002
 5.1847238e-002
 5.1860418e-002
 5.1841691e-002
 5.1800381e-002
 5.1747758e-002
 5.1695913e-002
 5.1656920e-002
 5.1642064e-002
 5.1660649e-002
 5.1718757e-002
 5.1818077e-002
 5.1955335e-002
 5.2122910e-002
 5.2309953e-002
 5.2503571e-002
 5.2690182e-002
 5.2856289e-002
 5.2989315e-002
 5.3079158e-002
 5.3119622e-002
 5.3109854e-002
 5.3054973e-002
 5.2965440e-002
 5.2855633e-002
 5.2742355e-002
 5.2643288e-002
 5.2576039e-002
 5.2556958e-002
 5.2599426e-002
 5.2712012e-002
 5.2896544e-002
 5.3147577e-002
 5.3453021e-002
 5.3795982e-002
 5.4156411e-002
 5.4513250e-002
 5.4845404e-002
 5.5132747e-002
 5.5358183e-002
 5.5509243e-002
 5.5579744e-002
 5.5570673e-002
 5.5489335e-002
 5.5347785e-002
 5.5160843e-002
 5.4944605e-002
 5.4715350e-002
 5.4488853e-002
 5.4279067e-002
 5.4097127e-002
 5.3950448e-002
 5.3842030e-002
 5.3771075e-002
 5.3733978e-002
 5.3725392e-002
 5.3739183e-002
 5.3769056e-002
 5.3808931e-002
 5.3853486e-002
 5.3898621e-002
 5.3941902e-002
 5.3982783e-002
 5.4022413e-002
 5.4063130e-002
 5.4108057e-002
 5.4160610e-002
 5.4224137e-002
 5.4301597e-002
 5.4395009e-002
 5.4504853e-002
 5.4629382e-002
 5.4764580e-002
 5.4904297e-002
 5.5040717e-002
 5.5165205e-002
 5.5268750e-002
 5.5342395e-002
 5.5377964e-002
 5.5368818e-002
 5.5310905e-002
 5.5203758e-002
 5.5050809e-002
 5.4858975e-002
 5.4637935e-002
 5.4398775e-002
 5.4153234e-002
 5.3913254e-002
 5.3689975e-002
 5.3493135e-002
 5.3329978e-002
 5.3204533e-002
 5.3117014e-002
 5.3064339e-002
 5.3040985e-002
 5.3039927e-002
 5.3053506e-002
 5.3073939e-002
 5.3093847e-002
 5.3106826e-002
 5.3108104e-002
 5.3095169e-002
 5.3067993e-002
 5.3028766e-002
 5.2981365e-002
 5.2930612e-002
 5.2881759e-002
 5.2840170e-002
 5.2810911e-002
 5.2798420e-002
 5.2806079e-002
 5.2835815e-002
 5.2887954e-002
 5.2961387e-002
 5.3053863e-002
 5.3162523e-002
 5.3284198e-002
 5.3415511e-002
 5.3553179e-002
 5.3694002e-002
 5.3834856e-002
 5.3972945e-002
 5.4105744e-002
 5.4230891e-002
 5.4346316e-002
 5.4450035e-002
 5.4540180e-002
 5.4614950e-002
 5.4672834e-002
 5.4712713e-002
 5.4734070e-002
 5.4737255e-002
 5.4723527e-002
 5.4695033e-002
 5.4654572e-002
 5.4605372e-002
 5.4550823e-002
 5.4494400e-002
 5.4439478e-002
 5.4389361e-002
 5.4347273e-002
 5.4317012e-002
 5.4304861e-002
 5.4301847e-002
 5.4309949e-002
 5.4327697e-002
 5.4353639e-002
 5.4386318e-002
 5.4424256e-002
 5.4466009e-002
 5.4510105e-002
 5.4555096e-002
 5.4599583e-002
 5.4642729e-002
 5.4684032e-002
 5.4722998e-002
 5.4759119e-002
 5.4791875e-002
 5.4820776e-002
 5.4845311e-002
 5.4864980e-002
 5.4879270e-002
 5.4887682e-002
 5.4889720e-002
 5.4884855e-002
 5.4872606e-002
 5.4852538e-002
 5.4824941e-002
 5.4790486e-002
 5.4749843e-002
 5.4703709e-002
 5.4652747e-002
 5.4597642e-002
 5.4539058e-002
 5.4477695e-002
 5.4414213e-002
 5.4349300e-002
 5.4283611e-002
 5.4217853e-002
 5.4152694e-002
 5.4088801e-002
 5.4026864e-002
 5.3967539e-002
 5.3911529e-002
 5.3859469e-002
 5.3811550e-002
 5.3767793e-002
 5.3728204e-002
 5.3692788e-002
 5.3661544e-002
 5.3634465e-002
 5.3611573e-002
 5.3592861e-002
 5.3578332e-002
 5.3567991e-002
 5.3561840e-002
 5.3559881e-002
 5.3562127e-002
 5.3568564e-002
 5.3579215e-002
 5.3594068e-002
 5.3613130e-002
 5.3636406e-002
 5.3663902e-002
 5.3695615e-002
 5.3731550e-002
 5.3771690e-002
 5.3815842e-002
 5.3863715e-002
 5.3915020e-002
 5.3969465e-002
 5.4026768e-002
 5.4086655e-002
 5.4148804e-002
 5.4212946e-002
 5.4278791e-002
 5.4346066e-002
 5.4414451e-002
 5.4483678e-002
 5.4553449e-002
 5.4623503e-002
 5.4693509e-002
 5.4763202e-002
 5.4832291e-002
 5.4900490e-002
 5.4967519e-002
 5.5033069e-002
 5.5096857e-002
 5.5158604e-002
 5.5218030e-002
 5.5274818e-002
 5.5328701e-002
 5.5379409e-002
 5.5426966e-002
 5.5471465e-002
 5.5513047e-002
 5.5551846e-002
 5.5587977e-002
 5.5621576e-002
 5.5652760e-002
 5.5681657e-002
 5.5708397e-002
 5.5733114e-002
 5.5755921e-002
 5.5776943e-002
 5.5796314e-002
 5.5814169e-002
 5.5830620e-002
 5.5845801e-002
 5.5859827e-002
 5.5872835e-002
 5.5884954e-002
 5.5896308e-002
 5.5907015e-002
 5.5917211e-002
 5.5927020e-002
 5.5936567e-002
 5.5945981e-002
 5.5955388e-002
 5.5964909e-002
 5.5974677e-002
 5.5984814e-002
 5.5995435e-002
 5.6006562e-002
 5.6018136e-002
 5.6030132e-002
