s07_ASD Record=15714: 5-Hydroxymethyluracil 85K    ASDHRa AREF
-1.2300000e+034
 6.8623871e-001
 6.8934232e-001
 6.9620752e-001
 7.0359772e-001
 7.0477939e-001
 7.0044190e-001
 7.0255077e-001
 7.0339340e-001
 7.0491403e-001
 7.0903617e-001
 7.1133572e-001
 7.1779740e-001
 7.2328722e-001
 7.2029984e-001
 7.2092283e-001
 7.2171974e-001
 7.2186017e-001
 7.2364134e-001
 7.2580284e-001
 7.2878152e-001
 7.3188436e-001
 7.3307729e-001
 7.3396862e-001
 7.3512322e-001
 7.3664004e-001
 7.3824185e-001
 7.3991662e-001
 7.4274194e-001
 7.4706537e-001
 7.4881482e-001
 7.4906027e-001
 7.5006205e-001
 7.5324464e-001
 7.5466710e-001
 7.5532085e-001
 7.5623745e-001
 7.5658786e-001
 7.5731659e-001
 7.5877869e-001
 7.6057547e-001
 7.6152349e-001
 7.6265830e-001
 7.6436764e-001
 7.6622587e-001
 7.6780009e-001
 7.6961637e-001
 7.7132767e-001
 7.7154869e-001
 7.7151412e-001
 7.7231324e-001
 7.7438760e-001
 7.7637613e-001
 7.7770752e-001
 7.7893716e-001
 7.8082258e-001
 7.8193653e-001
 7.8199369e-001
 7.8225654e-001
 7.8444725e-001
 7.8544080e-001
 7.8618419e-001
 7.8728807e-001
 7.8788519e-001
 7.8910708e-001
 7.9020256e-001
 7.9044795e-001
 7.9132271e-001
 7.9222965e-001
 7.9301107e-001
 7.9391032e-001
 7.9490638e-001
 7.9569024e-001
 7.9607022e-001
 7.9643160e-001
 7.9749304e-001
 7.9863030e-001
 7.9917878e-001
 7.9990339e-001
 8.0068684e-001
 8.0134106e-001
 8.0177969e-001
 8.0256587e-001
 8.0349702e-001
 8.0428195e-001
 8.0480206e-001
 8.0540842e-001
 8.0613035e-001
 8.0682415e-001
 8.0732238e-001
 8.0783600e-001
 8.0839908e-001
 8.0897558e-001
 8.0968803e-001
 8.1024104e-001
 8.1058824e-001
 8.1103760e-001
 8.1141996e-001
 8.1195158e-001
 8.1265163e-001
 8.1299573e-001
 8.1328654e-001
 8.1366569e-001
 8.1408781e-001
 8.1435943e-001
 8.1457055e-001
 8.1486440e-001
 8.1534404e-001
 8.1587976e-001
 8.1628621e-001
 8.1642443e-001
 8.1645536e-001
 8.1662035e-001
 8.1690240e-001
 8.1707460e-001
 8.1717926e-001
 8.1742185e-001
 8.1778622e-001
 8.1792819e-001
 8.1803113e-001
 8.1817633e-001
 8.1837839e-001
 8.1851107e-001
 8.1860542e-001
 8.1874192e-001
 8.1898868e-001
 8.1918347e-001
 8.1927925e-001
 8.1928474e-001
 8.1930876e-001
 8.1944817e-001
 8.1965226e-001
 8.1977898e-001
 8.1977648e-001
 8.1978673e-001
 8.1987482e-001
 8.2003313e-001
 8.2030767e-001
 8.2040381e-001
 8.2033545e-001
 8.2059664e-001
 8.2070577e-001
 8.2068753e-001
 8.2076067e-001
 8.2089353e-001
 8.2096404e-001
 8.2098454e-001
 8.2108676e-001
 8.2112628e-001
 8.2126367e-001
 8.2148832e-001
 8.2146275e-001
 8.2153493e-001
 8.2170224e-001
 8.2177371e-001
 8.2178164e-001
 8.2178116e-001
 8.2186139e-001
 8.2205433e-001
 8.2218581e-001
 8.2227361e-001
 8.2237870e-001
 8.2249397e-001
 8.2263273e-001
 8.2280207e-001
 8.2294464e-001
 8.2292318e-001
 8.2294244e-001
 8.2312858e-001
 8.2331449e-001
 8.2336259e-001
 8.2341492e-001
 8.2361591e-001
 8.2369441e-001
 8.2374877e-001
 8.2384467e-001
 8.2397586e-001
 8.2404453e-001
 8.2409680e-001
 8.2420832e-001
 8.2439452e-001
 8.2456154e-001
 8.2464808e-001
 8.2465273e-001
 8.2468462e-001
 8.2477963e-001
 8.2490951e-001
 8.2498366e-001
 8.2503337e-001
 8.2511640e-001
 8.2526183e-001
 8.2538664e-001
 8.2552391e-001
 8.2566673e-001
 8.2579434e-001
 8.2594281e-001
 8.2610559e-001
 8.2623261e-001
 8.2627130e-001
 8.2637429e-001
 8.2657129e-001
 8.2675380e-001
 8.2672870e-001
 8.2670653e-001
 8.2678342e-001
 8.2684904e-001
 8.2684571e-001
 8.2683468e-001
 8.2686597e-001
 8.2686073e-001
 8.2687378e-001
 8.2692635e-001
 8.2706875e-001
 8.2742059e-001
 8.2777429e-001
 8.2803774e-001
 8.2831877e-001
 8.2837933e-001
 8.2833964e-001
 8.2838809e-001
 8.2842463e-001
 8.2845002e-001
 8.2847387e-001
 8.2854038e-001
 8.2874715e-001
 8.2921523e-001
 8.2990634e-001
 8.3049285e-001
 8.3095223e-001
 8.3126760e-001
 8.3144891e-001
 8.3147144e-001
 8.3128488e-001
 8.3095944e-001
 8.3071393e-001
 8.3058137e-001
 8.3059210e-001
 8.3069980e-001
 8.3078092e-001
 8.3087349e-001
 8.3102983e-001
 8.3128309e-001
 8.3155668e-001
 8.3187872e-001
 8.3221310e-001
 8.3242720e-001
 8.3260894e-001
 8.3274668e-001
 8.3283347e-001
 8.3295161e-001
 8.3295864e-001
 8.3287138e-001
 8.3288950e-001
 8.3294958e-001
 8.3306152e-001
 8.3323187e-001
 8.3341742e-001
 8.3347833e-001
 8.3344793e-001
 8.3349657e-001
 8.3363432e-001
 8.3377266e-001
 8.3383065e-001
 8.3385158e-001
 8.3395004e-001
 8.3409345e-001
 8.3418792e-001
 8.3423710e-001
 8.3430028e-001
 8.3437562e-001
 8.3443689e-001
 8.3462083e-001
 8.3474940e-001
 8.3473557e-001
 8.3479202e-001
 8.3479267e-001
 8.3483905e-001
 8.3504504e-001
 8.3514786e-001
 8.3521032e-001
 8.3525735e-001
 8.3526164e-001
 8.3531833e-001
 8.3541054e-001
 8.3545995e-001
 8.3541358e-001
 8.3545905e-001
 8.3555174e-001
 8.3553737e-001
 8.3565784e-001
 8.3583266e-001
 8.3593047e-001
 8.3589250e-001
 8.3587337e-001
 8.3589774e-001
 8.3595228e-001
 8.3606720e-001
 8.3617675e-001
 8.3624059e-001
 8.3629632e-001
 8.3641952e-001
 8.3647645e-001
 8.3640420e-001
 8.3639908e-001
 8.3645141e-001
 8.3659112e-001
 8.3679116e-001
 8.3688039e-001
 8.3691043e-001
 8.3694285e-001
 8.3700651e-001
 8.3711618e-001
 8.3718789e-001
 8.3720219e-001
 8.3731538e-001
 8.3733624e-001
 8.3731359e-001
 8.3742374e-001
 8.3749908e-001
 8.3749950e-001
 8.3749586e-001
 8.3764899e-001
 8.3775026e-001
 8.3779490e-001
 8.3781219e-001
 8.3776045e-001
 8.3779180e-001
 8.3788848e-001
 8.3789843e-001
 8.3792263e-001
 8.3796948e-001
 8.3803338e-001
 8.3807802e-001
 8.3807731e-001
 8.3804947e-001
 8.3806992e-001
 8.3819741e-001
 8.3828074e-001
 8.3824956e-001
 8.3818138e-001
 8.3814991e-001
 8.3806598e-001
 8.3790213e-001
 8.3786500e-001
 8.3799380e-001
 8.3821630e-001
 8.3838725e-001
 8.3850700e-001
 8.3867759e-001
 8.3883989e-001
 8.3881211e-001
 8.3886743e-001
 8.3890629e-001
 8.3885109e-001
 8.3885258e-001
 8.3891392e-001
 8.3901012e-001
 8.3907658e-001
 8.3907527e-001
 8.3905190e-001
 8.3902639e-001
 8.3896571e-001
 8.3887237e-001
 8.3876187e-001
 8.3868539e-001
 8.3870852e-001
 8.3877462e-001
 8.3885616e-001
 8.3893454e-001
 8.3897150e-001
 8.3896679e-001
 8.3893806e-001
 8.3893126e-001
 8.3898574e-001
 8.3900893e-001
 8.3891708e-001
 8.3880371e-001
 8.3881015e-001
 8.3892000e-001
 8.3900756e-001
 8.3902311e-001
 8.3891952e-001
 8.3878189e-001
 8.3877194e-001
 8.3872944e-001
 8.3864391e-001
 8.3856243e-001
 8.3855581e-001
 8.3851171e-001
 8.3841068e-001
 8.3830357e-001
 8.3824533e-001
 8.3817035e-001
 8.3807117e-001
 8.3796215e-001
 8.3772129e-001
 8.3753681e-001
 8.3749312e-001
 8.3739376e-001
 8.3731341e-001
 8.3718872e-001
 8.3697098e-001
 8.3676559e-001
 8.3653384e-001
 8.3627903e-001
 8.3604664e-001
 8.3585584e-001
 8.3571190e-001
 8.3556157e-001
 8.3530843e-001
 8.3501828e-001
 8.3472252e-001
 8.3446878e-001
 8.3427632e-001
 8.3400112e-001
 8.3366835e-001
 8.3341140e-001
 8.3320481e-001
 8.3294225e-001
 8.3259833e-001
 8.3230186e-001
 8.3212912e-001
 8.3193028e-001
 8.3155906e-001
 8.3109361e-001
 8.3070683e-001
 8.3039886e-001
 8.3010042e-001
 8.2982785e-001
 8.2954079e-001
 8.2921547e-001
 8.2886094e-001
 8.2855028e-001
 8.2831484e-001
 8.2818383e-001
 8.2812893e-001
 8.2798690e-001
 8.2783103e-001
 8.2778394e-001
 8.2784176e-001
 8.2786500e-001
 8.2789415e-001
 8.2798511e-001
 8.2800615e-001
 8.2808715e-001
 8.2822460e-001
 8.2833314e-001
 8.2847661e-001
 8.2864439e-001
 8.2879215e-001
 8.2887483e-001
 8.2899189e-001
 8.2912499e-001
 8.2923043e-001
 8.2929885e-001
 8.2940108e-001
 8.2958710e-001
 8.2983994e-001
 8.3005780e-001
 8.3032274e-001
 8.3060640e-001
 8.3079553e-001
 8.3087629e-001
 8.3097094e-001
 8.3112913e-001
 8.3129030e-001
 8.3147365e-001
 8.3169407e-001
 8.3197105e-001
 8.3229244e-001
 8.3260053e-001
 8.3295882e-001
 8.3338958e-001
 8.3374077e-001
 8.3400851e-001
 8.3427483e-001
 8.3463901e-001
 8.3501506e-001
 8.3528256e-001
 8.3553040e-001
 8.3590174e-001
 8.3614492e-001
 8.3636451e-001
 8.3666098e-001
 8.3703804e-001
 8.3733064e-001
 8.3759087e-001
 8.3783114e-001
 8.3798993e-001
 8.3816236e-001
 8.3832371e-001
 8.3841640e-001
 8.3840889e-001
 8.3833349e-001
 8.3816689e-001
 8.3787990e-001
 8.3750612e-001
 8.3713937e-001
 8.3689839e-001
 8.3692372e-001
 8.3731467e-001
 8.3800703e-001
 8.3898616e-001
 8.4021872e-001
 8.4143752e-001
 8.4251106e-001
 8.4337002e-001
 8.4407592e-001
 8.4478152e-001
 8.4534061e-001
 8.4572619e-001
 8.4613729e-001
 8.4659147e-001
 8.4700739e-001
 8.4735340e-001
 8.4771603e-001
 8.4802026e-001
 8.4833348e-001
 8.4871864e-001
 8.4914023e-001
 8.4954023e-001
 8.4986567e-001
 8.5016543e-001
 8.5059035e-001
 8.5097504e-001
 8.5130233e-001
 8.5163462e-001
 8.5200316e-001
 8.5231644e-001
 8.5260952e-001
 8.5291308e-001
 8.5311162e-001
 8.5336429e-001
 8.5367423e-001
 8.5393095e-001
 8.5412097e-001
 8.5435784e-001
 8.5462260e-001
 8.5479057e-001
 8.5488820e-001
 8.5502416e-001
 8.5523945e-001
 8.5541439e-001
 8.5538435e-001
 8.5540199e-001
 8.5555303e-001
 8.5562813e-001
 8.5541099e-001
 8.5506874e-001
 8.5467654e-001
 8.5420501e-001
 8.5381597e-001
 8.5344994e-001
 8.5312563e-001
 8.5302317e-001
 8.5330492e-001
 8.5381269e-001
 8.5448688e-001
 8.5533977e-001
 8.5600311e-001
 8.5651213e-001
 8.5694194e-001
 8.5731512e-001
 8.5755706e-001
 8.5764527e-001
 8.5767478e-001
 8.5773939e-001
 8.5760236e-001
 8.5751861e-001
 8.5741866e-001
 8.5701692e-001
 8.5681146e-001
 8.5657525e-001
 8.5627460e-001
 8.5607773e-001
 8.5578704e-001
 8.5553795e-001
 8.5539526e-001
 8.5530710e-001
 8.5526311e-001
 8.5528582e-001
 8.5541701e-001
 8.5568261e-001
 8.5603416e-001
 8.5646039e-001
 8.5692644e-001
 8.5745054e-001
 8.5817188e-001
 8.5892165e-001
 8.5951519e-001
 8.5998994e-001
 8.6067563e-001
 8.6112905e-001
 8.6134756e-001
 8.6166489e-001
 8.6212552e-001
 8.6263818e-001
 8.6302972e-001
 8.6335105e-001
 8.6396986e-001
 8.6439478e-001
 8.6471474e-001
 8.6520898e-001
 8.6576843e-001
 8.6627859e-001
 8.6666089e-001
 8.6699104e-001
 8.6746836e-001
 8.6794257e-001
 8.6840606e-001
 8.6883396e-001
 8.6908096e-001
 8.6906987e-001
 8.6911869e-001
 8.6935824e-001
 8.6953890e-001
 8.6969334e-001
 8.6961263e-001
 8.6948836e-001
 8.6967963e-001
 8.6969310e-001
 8.6969513e-001
 8.6965841e-001
 8.6956960e-001
 8.6974376e-001
 8.6980772e-001
 8.6967731e-001
 8.6947960e-001
 8.6929667e-001
 8.6913651e-001
 8.6888748e-001
 8.6859459e-001
 8.6855483e-001
 8.6848241e-001
 8.6816907e-001
 8.6781311e-001
 8.6784160e-001
 8.6748606e-001
 8.6670452e-001
 8.6569524e-001
 8.6491358e-001
 8.6451799e-001
 8.6379731e-001
 8.6270124e-001
 8.6159927e-001
 8.6033058e-001
 8.5891610e-001
 8.5759258e-001
 8.5657775e-001
 8.5528427e-001
 8.5430133e-001
 8.5146058e-001
 8.4987581e-001
 8.4829628e-001
 8.4674740e-001
 8.4525156e-001
 8.4382993e-001
 8.4250331e-001
 8.4129310e-001
 8.4022242e-001
 8.3931500e-001
 8.3859509e-001
 8.3808601e-001
 8.3780915e-001
 8.3778316e-001
 8.3802211e-001
 8.3853459e-001
 8.3932132e-001
 8.4037405e-001
 8.4167331e-001
 8.4318775e-001
 8.4487516e-001
 8.4668404e-001
 8.4855872e-001
 8.5044289e-001
 8.5228449e-001
 8.5403979e-001
 8.5567451e-001
 8.5716689e-001
 8.5850662e-001
 8.5969502e-001
 8.6074317e-001
 8.6166763e-001
 8.6248785e-001
 8.6322236e-001
 8.6388755e-001
 8.6449724e-001
 8.6506289e-001
 8.6559385e-001
 8.6609703e-001
 8.6657590e-001
 8.6702973e-001
 8.6745328e-001
 8.6783749e-001
 8.6817205e-001
 8.6844772e-001
 8.6865968e-001
 8.6880875e-001
 8.6890143e-001
 8.6894780e-001
 8.6895823e-001
 8.6894041e-001
 8.6889774e-001
 8.6882937e-001
 8.6873192e-001
 8.6860204e-001
 8.6843860e-001
 8.6824495e-001
 8.6802882e-001
 8.6780232e-001
 8.6758006e-001
 8.6737716e-001
 8.6720753e-001
 8.6708254e-001
 8.6701024e-001
 8.6699522e-001
 8.6703843e-001
 8.6713642e-001
 8.6728150e-001
 8.6746180e-001
 8.6766213e-001
 8.6786574e-001
 8.6805606e-001
 8.6821824e-001
 8.6834002e-001
 8.6841208e-001
 8.6842799e-001
 8.6838448e-001
 8.6828130e-001
 8.6812180e-001
 8.6791331e-001
 8.6766708e-001
 8.6739755e-001
 8.6712050e-001
 8.6685050e-001
 8.6659813e-001
 8.6636811e-001
 8.6615771e-001
 8.6595744e-001
 8.6575174e-001
 8.6552036e-001
 8.6523968e-001
 8.6488420e-001
 8.6442727e-001
 8.6384249e-001
 8.6310309e-001
 8.6218321e-001
 8.6105752e-001
 8.5970384e-001
 8.5810620e-001
 8.5625905e-001
 8.5417432e-001
 8.5188401e-001
 8.4944415e-001
 8.4693277e-001
 8.4444410e-001
 8.4208262e-001
 8.3995152e-001
 8.3814490e-001
 8.3673888e-001
 8.3578575e-001
 8.3531255e-001
 8.3532071e-001
 8.3578974e-001
 8.3668125e-001
 8.3794433e-001
 8.3951950e-001
 8.4134197e-001
 8.4334481e-001
 8.4545964e-001
 8.4762025e-001
 8.4976381e-001
 8.5183430e-001
 8.5378587e-001
 8.5558271e-001
 8.5720110e-001
 8.5862696e-001
 8.5985494e-001
 8.6088723e-001
 8.6173135e-001
 8.6240029e-001
 8.6291093e-001
 8.6328328e-001
 8.6353922e-001
 8.6370099e-001
 8.6378998e-001
 8.6382550e-001
 8.6382401e-001
 8.6379892e-001
 8.6376011e-001
 8.6371446e-001
 8.6366576e-001
 8.6361551e-001
 8.6356312e-001
 8.6350608e-001
 8.6344063e-001
 8.6336148e-001
 8.6326212e-001
 8.6313516e-001
 8.6297238e-001
 8.6276537e-001
 8.6250627e-001
 8.6218798e-001
 8.6180502e-001
 8.6135340e-001
 8.6083078e-001
 8.6023593e-001
 8.5956907e-001
 8.5883152e-001
 8.5802644e-001
 8.5715938e-001
 8.5623825e-001
 8.5527390e-001
 8.5427856e-001
 8.5326499e-001
 8.5224408e-001
 8.5122281e-001
 8.5020381e-001
 8.4918511e-001
 8.4816062e-001
 8.4712362e-001
 8.4606826e-001
 8.4499335e-001
 8.4390390e-001
 8.4281141e-001
 8.4173357e-001
 8.4069073e-001
 8.3970219e-001
 8.3878225e-001
 8.3793622e-001
 8.3715951e-001
 8.3643693e-001
 8.3574522e-001
 8.3505547e-001
 8.3433646e-001
 8.3355820e-001
 8.3269441e-001
 8.3172435e-001
 8.3063316e-001
 8.2941085e-001
 8.2805133e-001
 8.2655120e-001
 8.2490849e-001
 8.2312477e-001
 8.2120413e-001
 8.1915647e-001
 8.1699705e-001
 8.1474560e-001
 8.1242692e-001
 8.1006724e-001
 8.0769402e-001
 8.0533415e-001
 8.0301237e-001
 8.0075294e-001
 7.9857749e-001
 7.9650670e-001
 7.9455823e-001
 7.9274487e-001
 7.9107517e-001
 7.8955150e-001
 7.8817338e-001
 7.8694034e-001
 7.8585649e-001
 7.8493690e-001
 7.8421134e-001
 7.8372598e-001
 7.8354144e-001
 7.8372586e-001
 7.8434449e-001
 7.8544766e-001
 7.8705895e-001
 7.8916615e-001
 7.9171872e-001
 7.9462868e-001
 7.9777884e-001
 8.0103678e-001
 8.0426657e-001
 8.0734617e-001
 8.1017619e-001
 8.1268746e-001
 8.1484336e-001
 8.1663358e-001
 8.1806922e-001
 8.1917214e-001
 8.1996793e-001
 8.2048029e-001
 8.2072818e-001
 8.2072717e-001
 8.2049239e-001
 8.2004273e-001
 8.1940407e-001
 8.1861138e-001
 8.1770790e-001
 8.1674230e-001
 8.1576532e-001
 8.1482470e-001
 8.1396210e-001
 8.1321007e-001
 8.1259024e-001
 8.1211364e-001
 8.1177938e-001
 8.1157571e-001
 8.1147963e-001
 8.1145895e-001
 8.1147587e-001
 8.1149316e-001
 8.1148219e-001
 8.1143105e-001
 8.1135130e-001
 8.1128031e-001
 8.1127822e-001
 8.1142002e-001
 8.1178254e-001
 8.1243014e-001
 8.1340075e-001
 8.1469572e-001
 8.1627673e-001
 8.1806785e-001
 8.1996727e-001
 8.2186055e-001
 8.2363838e-001
 8.2521212e-001
 8.2652360e-001
 8.2755119e-001
 8.2830799e-001
 8.2883531e-001
 8.2919335e-001
 8.2944936e-001
 8.2966733e-001
 8.2989937e-001
 8.3018076e-001
 8.3052862e-001
 8.3094317e-001
 8.3141214e-001
 8.3191520e-001
 8.3242875e-001
 8.3292967e-001
 8.3339763e-001
 8.3381671e-001
 8.3417606e-001
 8.3447009e-001
 8.3469796e-001
 8.3486235e-001
 8.3496815e-001
 8.3502114e-001
 8.3502620e-001
 8.3498669e-001
 8.3490366e-001
 8.3477616e-001
 8.3460122e-001
 8.3437467e-001
 8.3409214e-001
 8.3375007e-001
 8.3334643e-001
 8.3288121e-001
 8.3235681e-001
 8.3177733e-001
 8.3114874e-001
 8.3047813e-001
 8.2977289e-001
 8.2904088e-001
 8.2828957e-001
 8.2752609e-001
 8.2675695e-001
 8.2598710e-001
 8.2522076e-001
 8.2446110e-001
 8.2371020e-001
 8.2297093e-001
 8.2224655e-001
 8.2154238e-001
 8.2086515e-001
 8.2022226e-001
 8.1962097e-001
 8.1906605e-001
 8.1855905e-001
 8.1809741e-001
 8.1767452e-001
 8.1728041e-001
 8.1690264e-001
 8.1652743e-001
 8.1614107e-001
 8.1573063e-001
 8.1528574e-001
 8.1479907e-001
 8.1426704e-001
 8.1368941e-001
 8.1306762e-001
 8.1240332e-001
 8.1169575e-001
 8.1093854e-001
 8.1011784e-001
 8.0920923e-001
 8.0817753e-001
 8.0697763e-001
 8.0555892e-001
 8.0387372e-001
 8.0188686e-001
 7.9958928e-001
 7.9700845e-001
 7.9421419e-001
 7.9132104e-001
 7.8847742e-001
 7.8585148e-001
 7.8360784e-001
 7.8188270e-001
 7.8076398e-001
 7.8027660e-001
 7.8038055e-001
 7.8097862e-001
 7.8193480e-001
 7.8309697e-001
 7.8432155e-001
 7.8549159e-001
 7.8652894e-001
 7.8739744e-001
 7.8809690e-001
 7.8865284e-001
 7.8910333e-001
 7.8948611e-001
 7.8982949e-001
 7.9014635e-001
 7.9043275e-001
 7.9066980e-001
 7.9082745e-001
 7.9086941e-001
 7.9075825e-001
 7.9046082e-001
 7.8995192e-001
 7.8921789e-001
 7.8825825e-001
 7.8708667e-001
 7.8573030e-001
 7.8422767e-001
 7.8262782e-001
 7.8098637e-001
 7.7936327e-001
 7.7781856e-001
 7.7640706e-001
 7.7517444e-001
 7.7415186e-001
 7.7335143e-001
 7.7276552e-001
 7.7236623e-001
 7.7211010e-001
 7.7194387e-001
 7.7181262e-001
 7.7166849e-001
 7.7147776e-001
 7.7122551e-001
 7.7091658e-001
 7.7057147e-001
 7.7022010e-001
 7.6989186e-001
 7.6960671e-001
 7.6936752e-001
 7.6915616e-001
 7.6893461e-001
 7.6864982e-001
 7.6824224e-001
 7.6765573e-001
 7.6684648e-001
 7.6579082e-001
 7.6448721e-001
 7.6295638e-001
 7.6123601e-001
 7.5937247e-001
 7.5741297e-001
 7.5539750e-001
 7.5335228e-001
 7.5129092e-001
 7.4921489e-001
 7.4712229e-001
 7.4501503e-001
 7.4290538e-001
 7.4082196e-001
 7.3880780e-001
 7.3691744e-001
 7.3520768e-001
 7.3372734e-001
 7.3250854e-001
 7.3155725e-001
 7.3084956e-001
 7.3033011e-001
 7.2991478e-001
 7.2949743e-001
 7.2895771e-001
 7.2817081e-001
 7.2701651e-001
 7.2538716e-001
 7.2319537e-001
 7.2038054e-001
 7.1691257e-001
 7.1279931e-001
 7.0808566e-001
 7.0285702e-001
 6.9723499e-001
 6.9136739e-001
 6.8542230e-001
 6.7956781e-001
 6.7396098e-001
 6.6872936e-001
 6.6395491e-001
 6.5966886e-001
 6.5584439e-001
 6.5240407e-001
 6.4922917e-001
 6.4617366e-001
 6.4308345e-001
 6.3980764e-001
 6.3620967e-001
 6.3216901e-001
 6.2757516e-001
 6.2232238e-001
 6.1630082e-001
 6.0939085e-001
 6.0147572e-001
 5.9245396e-001
 5.8227706e-001
 5.7098681e-001
 5.5875033e-001
 5.4590148e-001
 5.3294080e-001
 5.2053142e-001
 5.0944704e-001
 5.0049281e-001
 4.9441835e-001
 4.9181014e-001
 4.9301225e-001
 4.9806863e-001
 5.0671697e-001
 5.1841885e-001
 5.3244191e-001
 5.4794812e-001
 5.6409973e-001
 5.8015430e-001
 5.9551400e-001
 6.0977083e-001
 6.2269276e-001
 6.3420433e-001
 6.4434999e-001
 6.5324122e-001
 6.6102105e-001
 6.6783601e-001
 6.7381155e-001
 6.7905152e-001
 6.8363404e-001
 6.8761945e-001
 6.9105756e-001
 6.9398975e-001
 6.9645429e-001
 6.9848460e-001
 7.0010906e-001
 7.0135099e-001
 7.0222825e-001
 7.0275784e-001
 7.0296031e-001
 7.0286715e-001
 7.0252621e-001
 7.0200515e-001
 7.0138997e-001
 7.0077956e-001
 7.0027566e-001
 6.9997054e-001
 6.9993579e-001
 7.0021290e-001
 7.0080942e-001
 7.0169991e-001
 7.0283294e-001
 7.0414007e-001
 7.0554727e-001
 7.0698553e-001
 7.0839685e-001
 7.0973885e-001
 7.1098322e-001
 7.1211332e-001
 7.1311909e-001
 7.1399134e-001
 7.1471840e-001
 7.1528298e-001
 7.1566284e-001
 7.1583289e-001
 7.1576852e-001
 7.1544993e-001
 7.1486616e-001
 7.1401709e-001
 7.1291322e-001
 7.1157414e-001
 7.1002370e-001
 7.0828611e-001
 7.0638132e-001
 7.0432138e-001
 7.0211083e-001
 6.9974804e-001
 6.9722742e-001
 6.9454652e-001
 6.9170880e-001
 6.8873066e-001
 6.8564397e-001
 6.8249536e-001
 6.7934686e-001
 6.7626745e-001
 6.7332774e-001
 6.7058891e-001
 6.6809231e-001
 6.6585416e-001
 6.6385901e-001
 6.6206330e-001
 6.6040152e-001
 6.5879840e-001
 6.5718663e-001
 6.5552175e-001
 6.5379822e-001
 6.5205711e-001
 6.5038663e-001
 6.4891589e-001
 6.4779913e-001
 6.4719486e-001
 6.4724380e-001
 6.4804572e-001
 6.4964211e-001
 6.5200520e-001
 6.5503711e-001
 6.5857571e-001
 6.6241306e-001
 6.6631424e-001
 6.7004377e-001
 6.7339134e-001
 6.7619044e-001
 6.7833644e-001
 6.7979205e-001
 6.8058735e-001
 6.8081135e-001
 6.8059576e-001
 6.8009621e-001
 6.7947167e-001
 6.7886597e-001
 6.7839319e-001
 6.7812932e-001
 6.7810977e-001
 6.7833233e-001
 6.7876458e-001
 6.7935443e-001
 6.8003976e-001
 6.8075877e-001
 6.8145663e-001
 6.8208927e-001
 6.8262470e-001
 6.8304139e-001
 6.8332601e-001
 6.8347073e-001
 6.8347138e-001
 6.8332678e-001
 6.8303859e-001
 6.8261200e-001
 6.8205589e-001
 6.8138224e-001
 6.8060488e-001
 6.7973787e-001
 6.7879307e-001
 6.7777824e-001
 6.7669547e-001
 6.7553890e-001
 6.7429298e-001
 6.7293054e-001
 6.7141008e-001
 6.6967595e-001
 6.6765869e-001
 6.6527730e-001
 6.6244686e-001
 6.5908390e-001
 6.5511948e-001
 6.5050983e-001
 6.4524621e-001
 6.3936901e-001
 6.3296854e-001
 6.2618923e-001
 6.1921972e-001
 6.1227500e-001
 6.0558105e-001
 5.9934551e-001
 5.9374285e-001
 5.8889693e-001
 5.8487362e-001
 5.8168781e-001
 5.7931101e-001
 5.7769024e-001
 5.7676315e-001
 5.7647198e-001
 5.7677168e-001
 5.7762921e-001
 5.7901764e-001
 5.8090496e-001
 5.8324432e-001
 5.8596522e-001
 5.8897257e-001
 5.9215254e-001
 5.9538066e-001
 5.9853721e-001
 6.0151672e-001
 6.0423851e-001
 6.0665172e-001
 6.0873246e-001
 6.1048192e-001
 6.1191767e-001
 6.1306757e-001
 6.1396366e-001
 6.1463642e-001
 6.1511278e-001
 6.1541384e-001
 6.1555558e-001
 6.1554939e-001
 6.1540377e-001
 6.1512572e-001
 6.1472255e-001
 6.1420274e-001
 6.1357605e-001
 6.1285418e-001
 6.1204994e-001
 6.1117709e-001
 6.1025095e-001
 6.0928780e-001
 6.0830510e-001
 6.0732085e-001
 6.0635155e-001
 6.0541141e-001
 6.0450971e-001
 6.0365045e-001
 6.0283166e-001
 6.0204536e-001
 6.0127938e-001
 6.0051751e-001
 5.9974188e-001
 5.9893411e-001
 5.9807700e-001
 5.9715700e-001
 5.9616524e-001
 5.9509939e-001
 5.9396434e-001
 5.9277081e-001
 5.9153569e-001
 5.9027904e-001
 5.8902210e-001
 5.8778584e-001
 5.8658820e-001
 5.8544362e-001
 5.8436203e-001
 5.8334816e-001
 5.8240283e-001
 5.8152223e-001
 5.8069915e-001
 5.7992297e-001
 5.7918000e-001
 5.7845473e-001
 5.7773072e-001
 5.7699239e-001
 5.7622588e-001
 5.7541913e-001
 5.7456249e-001
 5.7364708e-001
 5.7266533e-001
 5.7161075e-001
 5.7047886e-001
 5.6926924e-001
 5.6798661e-001
 5.6664085e-001
 5.6524712e-001
 5.6382215e-001
 5.6238163e-001
 5.6093532e-001
 5.5948240e-001
 5.5800974e-001
 5.5649060e-001
 5.5488825e-001
 5.5316269e-001
 5.5127919e-001
 5.4922140e-001
 5.4700065e-001
 5.4466575e-001
 5.4230523e-001
 5.4004151e-001
 5.3802085e-001
 5.3639269e-001
 5.3528893e-001
 5.3480124e-001
 5.3496420e-001
 5.3574651e-001
 5.3705269e-001
 5.3873330e-001
 5.4060405e-001
 5.4246849e-001
 5.4413855e-001
 5.4545289e-001
 5.4628861e-001
 5.4656488e-001
 5.4624295e-001
 5.4532123e-001
 5.4382992e-001
 5.4182541e-001
 5.3938824e-001
 5.3661913e-001
 5.3363854e-001
 5.3058225e-001
 5.2759343e-001
 5.2481562e-001
 5.2237725e-001
 5.2038074e-001
 5.1888937e-001
 5.1791865e-001
 5.1743472e-001
 5.1735693e-001
 5.1756811e-001
 5.1792771e-001
 5.1828784e-001
 5.1850855e-001
 5.1847142e-001
 5.1809019e-001
 5.1731718e-001
 5.1614594e-001
 5.1461130e-001
 5.1278585e-001
 5.1077300e-001
 5.0870079e-001
 5.0670993e-001
 5.0494361e-001
 5.0353396e-001
 5.0258863e-001
 5.0218087e-001
 5.0234145e-001
 5.0305730e-001
 5.0427556e-001
 5.0591481e-001
 5.0787759e-001
 5.1006776e-001
 5.1240206e-001
 5.1481992e-001
 5.1728761e-001
 5.1979309e-001
 5.2234077e-001
 5.2493894e-001
 5.2758998e-001
 5.3028291e-001
 5.3298670e-001
 5.3565007e-001
 5.3820598e-001
 5.4057485e-001
 5.4267442e-001
 5.4442525e-001
 5.4575878e-001
 5.4662365e-001
 5.4699010e-001
 5.4755813e-001
 5.4686791e-001
 5.4571283e-001
 5.4418021e-001
 5.4238665e-001
 5.4047114e-001
 5.3858799e-001
 5.3689528e-001
 5.3554046e-001
 5.3464687e-001
 5.3429824e-001
 5.3452969e-001
 5.3532195e-001
 5.3660512e-001
 5.3826785e-001
 5.4017353e-001
 5.4217994e-001
 5.4415536e-001
 5.4599351e-001
 5.4761845e-001
 5.4898685e-001
 5.5008572e-001
 5.5092788e-001
 5.5154771e-001
 5.5199498e-001
 5.5232632e-001
 5.5259579e-001
 5.5284506e-001
 5.5309945e-001
 5.5336845e-001
 5.5365306e-001
 5.5395317e-001
 5.5427217e-001
 5.5461645e-001
 5.5499101e-001
 5.5539495e-001
 5.5582118e-001
 5.5625856e-001
 5.5669701e-001
 5.5713069e-001
 5.5755746e-001
 5.5797642e-001
 5.5838430e-001
 5.5877364e-001
 5.5913413e-001
 5.5945456e-001
 5.5972528e-001
 5.5993950e-001
 5.6009334e-001
 5.6018609e-001
 5.6021923e-001
 5.6019640e-001
 5.6012166e-001
 5.5999833e-001
 5.5982774e-001
 5.5960906e-001
 5.5934042e-001
 5.5902016e-001
 5.5864769e-001
 5.5822259e-001
 5.5774337e-001
 5.5720556e-001
 5.5660182e-001
 5.5592352e-001
 5.5516511e-001
 5.5433089e-001
 5.5344123e-001
 5.5253553e-001
 5.5167162e-001
 5.5091852e-001
 5.5034643e-001
 5.5001545e-001
 5.4996544e-001
 5.5020976e-001
 5.5073339e-001
 5.5149508e-001
 5.5243373e-001
 5.5347729e-001
 5.5455089e-001
 5.5558467e-001
 5.5651826e-001
 5.5730516e-001
 5.5791658e-001
 5.5834389e-001
 5.5860031e-001
 5.5871785e-001
 5.5874085e-001
 5.5871671e-001
 5.5868614e-001
 5.5867684e-001
 5.5870092e-001
 5.5875725e-001
 5.5883616e-001
 5.5892575e-001
 5.5901605e-001
 5.5910075e-001
 5.5917704e-001
 5.5924398e-001
 5.5930066e-001
 5.5934542e-001
 5.5937481e-001
 5.5938220e-001
 5.5935711e-001
 5.5928469e-001
 5.5914706e-001
 5.5892515e-001
 5.5860037e-001
 5.5815524e-001
 5.5757242e-001
 5.5683327e-001
 5.5591589e-001
 5.5479616e-001
 5.5344814e-001
 5.5184937e-001
 5.4998618e-001
 5.4785931e-001
 5.4549062e-001
 5.4292417e-001
 5.4022276e-001
 5.3746432e-001
 5.3473157e-001
 5.3210735e-001
 5.2966803e-001
 5.2747756e-001
 5.2558547e-001
 5.2402002e-001
 5.2278596e-001
 5.2186191e-001
 5.2120209e-001
 5.2074373e-001
 5.2041620e-001
 5.2015203e-001
 5.1989537e-001
 5.1960695e-001
 5.1926661e-001
 5.1887387e-001
 5.1844841e-001
 5.1803070e-001
 5.1768005e-001
 5.1747006e-001
 5.1747882e-001
 5.1777673e-001
 5.1841354e-001
 5.1940864e-001
 5.2074552e-001
 5.2237213e-001
 5.2420729e-001
 5.2614981e-001
 5.2809370e-001
 5.2994204e-001
 5.3162032e-001
 5.3308392e-001
 5.3431559e-001
 5.3531814e-001
 5.3610063e-001
 5.3666818e-001
 5.3701764e-001
 5.3713995e-001
 5.3702915e-001
 5.3669310e-001
 5.3616172e-001
 5.3549099e-001
 5.3476155e-001
 5.3407192e-001
 5.3352737e-001
 5.3322816e-001
 5.3325659e-001
 5.3366697e-001
 5.3447872e-001
 5.3567421e-001
 5.3719896e-001
 5.3896844e-001
 5.4087603e-001
 5.4280728e-001
 5.4465604e-001
 5.4633731e-001
 5.4779708e-001
 5.4901105e-001
 5.4997706e-001
 5.5070347e-001
 5.5119658e-001
 5.5145365e-001
 5.5145854e-001
 5.5118096e-001
 5.5057740e-001
 5.4959446e-001
 5.4817587e-001
 5.4627496e-001
 5.4386920e-001
 5.4097319e-001
 5.3765088e-001
 5.3401881e-001
 5.3024155e-001
 5.2652401e-001
 5.2308929e-001
 5.2015609e-001
 5.1790845e-001
 5.1646936e-001
 5.1588398e-001
 5.1611137e-001
 5.1702881e-001
 5.1844597e-001
 5.2012593e-001
 5.2181613e-001
 5.2328038e-001
 5.2432770e-001
 5.2483636e-001
 5.2476037e-001
 5.2412283e-001
 5.2299881e-001
 5.2148914e-001
 5.1969373e-001
 5.1768953e-001
 5.1551169e-001
 5.1314712e-001
 5.1053953e-001
 5.0759625e-001
 5.0420547e-001
 5.0025028e-001
 4.9562514e-001
 4.9023697e-001
 4.8400778e-001
 4.7687557e-001
 4.6878076e-001
 4.5967028e-001
 4.4951567e-001
 4.3832174e-001
 4.2616200e-001
 4.1322058e-001
 3.9980084e-001
 3.8634884e-001
 3.7343913e-001
 3.6175385e-001
 3.5200614e-001
 3.4487352e-001
 3.4091344e-001
 3.4047109e-001
 3.4362873e-001
 3.5017556e-001
 3.5962933e-001
 3.7128830e-001
 3.8431540e-001
 3.9781761e-001
 4.1095287e-001
 4.2299122e-001
 4.3335170e-001
 4.4163707e-001
 4.4761616e-001
 4.5119914e-001
 4.5241663e-001
 4.5138481e-001
 4.4828629e-001
 4.4335419e-001
 4.3686393e-001
 4.2912692e-001
 4.2049375e-001
 4.1133735e-001
 4.0204859e-001
 3.9303091e-001
 3.8467172e-001
 3.7733307e-001
 3.7133938e-001
 3.6694995e-001
 3.6435029e-001
 3.6363608e-001
 3.6480427e-001
 3.6775008e-001
 3.7227741e-001
 3.7811020e-001
 3.8492286e-001
 3.9236549e-001
 4.0008542e-001
 4.0776289e-001
 4.1512182e-001
 4.2194283e-001
 4.2805767e-001
 4.3335503e-001
 4.3776861e-001
 4.4126865e-001
 4.4386289e-001
 4.4558543e-001
 4.4648817e-001
 4.4663379e-001
 4.4608533e-001
 4.4490224e-001
 4.4313678e-001
 4.4083342e-001
 4.3802661e-001
 4.3474093e-001
 4.3098396e-001
 4.2674470e-001
 4.2199677e-001
 4.1669533e-001
 4.1078737e-001
 4.0422735e-001
 3.9698067e-001
 3.8903841e-001
 3.8041940e-001
 3.7117919e-001
 3.6139533e-001
 3.5116947e-001
 3.4063259e-001
 3.2992893e-001
 3.1922218e-001
 3.0870116e-001
 2.9855999e-001
 2.8899935e-001
 2.8022373e-001
 2.7241674e-001
 2.6573679e-001
 2.6029763e-001
 2.5615528e-001
 2.5328392e-001
 2.5157061e-001
 2.5081605e-001
 2.5074744e-001
 2.5105244e-001
 2.5142282e-001
 2.5160623e-001
 2.5145411e-001
 2.5095707e-001
 2.5026089e-001
 2.4965677e-001
 2.4954864e-001
 2.5039962e-001
 2.5266612e-001
 2.5673220e-001
 2.6284704e-001
 2.7109158e-001
 2.8136283e-001
 2.9337519e-001
 3.0670807e-001
 3.2084391e-001
 3.3522734e-001
 3.4930268e-001
 3.6257830e-001
 3.7464866e-001
 3.8520783e-001
 3.9407641e-001
 4.0118849e-001
 4.0657559e-001
 4.1035607e-001
 4.1270405e-001
 4.1382957e-001
 4.1396108e-001
 4.1333610e-001
 4.1219184e-001
 4.1075879e-001
 4.0924767e-001
 4.0783572e-001
 4.0665400e-001
 4.0577671e-001
 4.0522328e-001
 4.0496847e-001
 4.0495813e-001
 4.0512720e-001
 4.0541267e-001
 4.0575957e-001
 4.0612131e-001
 4.0645659e-001
 4.0672618e-001
 4.0689287e-001
 4.0692240e-001
 4.0678596e-001
 4.0646294e-001
 4.0594465e-001
 4.0523943e-001
 4.0437883e-001
 4.0341827e-001
 4.0243357e-001
 4.0151086e-001
 4.0073138e-001
 4.0015933e-001
 3.9983284e-001
 3.9975813e-001
 3.9990869e-001
 4.0022597e-001
 4.0062395e-001
 4.0099704e-001
 4.0123227e-001
 4.0122569e-001
 4.0090227e-001
 4.0023538e-001
 3.9926359e-001
 3.9809716e-001
 3.9691338e-001
 3.9593890e-001
 3.9541733e-001
 3.9557320e-001
 3.9657477e-001
 3.9850366e-001
 4.0134126e-001
 4.0497160e-001
 4.0919751e-001
 4.1377881e-001
 4.1846845e-001
 4.2304465e-001
 4.2734388e-001
 4.3126842e-001
 4.3478665e-001
 4.3791720e-001
 4.4071463e-001
 4.4324556e-001
 4.4556785e-001
 4.4772056e-001
 4.4971529e-001
 4.5153677e-001
 4.5315412e-001
 4.5452997e-001
 4.5562994e-001
 4.5643070e-001
 4.5692173e-001
 4.5710778e-001
 4.5701155e-001
 4.5667663e-001
 4.5616671e-001
 4.5556036e-001
 4.5493916e-001
 4.5437443e-001
 4.5391569e-001
 4.5358264e-001
 4.5336449e-001
 4.5322347e-001
 4.5310250e-001
 4.5293364e-001
 4.5264694e-001
 4.5217824e-001
 4.5147574e-001
 4.5050612e-001
 4.4926012e-001
 4.4775304e-001
 4.4602340e-001
 4.4412979e-001
 4.4214216e-001
 4.4013816e-001
 4.3819872e-001
 4.3640789e-001
 4.3484864e-001
 4.3360204e-001
 4.3274441e-001
 4.3233949e-001
 4.3243322e-001
 4.3304613e-001
 4.3416816e-001
 4.3575519e-001
 4.3772945e-001
 4.3998164e-001
 4.4238374e-001
 4.4480246e-001
 4.4711468e-001
 4.4922450e-001
 4.5106837e-001
 4.5261326e-001
 4.5385402e-001
 4.5480549e-001
 4.5549667e-001
 4.5596772e-001
 4.5626432e-001
 4.5643353e-001
 4.5651972e-001
 4.5656180e-001
 4.5659170e-001
 4.5663336e-001
 4.5670217e-001
 4.5680362e-001
 4.5693132e-001
 4.5706642e-001
 4.5717886e-001
 4.5723221e-001
 4.5718968e-001
 4.5701954e-001
 4.5669669e-001
 4.5620093e-001
 4.5551249e-001
 4.5460963e-001
 4.5346975e-001
 4.5207122e-001
 4.5039687e-001
 4.4843659e-001
 4.4618359e-001
 4.4363421e-001
 4.4078648e-001
 4.3764508e-001
 4.3422085e-001
 4.3053567e-001
 4.2662579e-001
 4.2253381e-001
 4.1830438e-001
 4.1397598e-001
 4.0956020e-001
 4.0503013e-001
 4.0030843e-001
 3.9527380e-001
 3.8977343e-001
 3.8366127e-001
 3.7684855e-001
 3.6933914e-001
 3.6126414e-001
 3.5289705e-001
 3.4462562e-001
 3.3691886e-001
 3.3027819e-001
 3.2516527e-001
 3.2195076e-001
 3.2086381e-001
 3.2196191e-001
 3.2512236e-001
 3.3006543e-001
 3.3639243e-001
 3.4365144e-001
 3.5139433e-001
 3.5921842e-001
 3.6680573e-001
 3.7392277e-001
 3.8041392e-001
 3.8617668e-001
 3.9115065e-001
 3.9529690e-001
 3.9858970e-001
 4.0102577e-001
 4.0262887e-001
 4.0345734e-001
 4.0360788e-001
 4.0320730e-001
 4.0240061e-001
 4.0133846e-001
 4.0016443e-001
 3.9900643e-001
 3.9796954e-001
 3.9712554e-001
 3.9650574e-001
 3.9609626e-001
 3.9583915e-001
 3.9564300e-001
 3.9539912e-001
 3.9500052e-001
 3.9436007e-001
 3.9342609e-001
 3.9219630e-001
 3.9072606e-001
 3.8913244e-001
 3.8759014e-001
 3.8631228e-001
 3.8552445e-001
 3.8543242e-001
 3.8619098e-001
 3.8788477e-001
 3.9052191e-001
 3.9403665e-001
 3.9830622e-001
 4.0316850e-001
 4.0843925e-001
 4.1394302e-001
 4.1953066e-001
 4.2508760e-001
 4.3054089e-001
 4.3584245e-001
 4.4094816e-001
 4.4581196e-001
 4.5037615e-001
 4.5457718e-001
 4.5834896e-001
 4.6163699e-001
 4.6440202e-001
 4.6662545e-001
 4.6831781e-001
 4.6951634e-001
 4.7027871e-001
 4.7067329e-001
 4.7076631e-001
 4.7061324e-001
 4.7025579e-001
 4.6972108e-001
 4.6902236e-001
 4.6816155e-001
 4.6713313e-001
 4.6593460e-001
 4.6458000e-001
 4.6310601e-001
 4.6156809e-001
 4.6002457e-001
 4.5851293e-001
 4.5703989e-001
 4.5558664e-001
 4.5413086e-001
 4.5266494e-001
 4.5120394e-001
 4.4977540e-001
 4.4839680e-001
 4.4705990e-001
 4.4572860e-001
 4.4434839e-001
 4.4286713e-001
 4.4125244e-001
 4.3950397e-001
 4.3765160e-001
 4.3575007e-001
 4.3387148e-001
 4.3209487e-001
 4.3049979e-001
 4.2915711e-001
 4.2811242e-001
 4.2737371e-001
 4.2690518e-001
 4.2663282e-001
 4.2646292e-001
 4.2630339e-001
 4.2607960e-001
 4.2573860e-001
 4.2524341e-001
 4.2456356e-001
 4.2366642e-001
 4.2251524e-001
 4.2107537e-001
 4.1932282e-001
 4.1725859e-001
 4.1491982e-001
 4.1238829e-001
 4.0978450e-001
 4.0725645e-001
 4.0496165e-001
 4.0304264e-001
 4.0161392e-001
 4.0075696e-001
 4.0052140e-001
 4.0093362e-001
 4.0200013e-001
 4.0370560e-001
 4.0600479e-001
 4.0881515e-001
 4.1201338e-001
 4.1545174e-001
 4.1897926e-001
 4.2246497e-001
 4.2581919e-001
 4.2899150e-001
 4.3195555e-001
 4.3469784e-001
 4.3720618e-001
 4.3947080e-001
 4.4148421e-001
 4.4324061e-001
 4.4472352e-001
 4.4589522e-001
 4.4669661e-001
 4.4705153e-001
 4.4687441e-001
 4.4607222e-001
 4.4453859e-001
 4.4214684e-001
 4.3875346e-001
 4.3420717e-001
 4.2837134e-001
 4.2115706e-001
 4.1254431e-001
 4.0261364e-001
 3.9157751e-001
 3.7977412e-001
 3.6765856e-001
 3.5577267e-001
 3.4467015e-001
 3.3486682e-001
 3.2678416e-001
 3.2072246e-001
 3.1683579e-001
 3.1514454e-001
 3.1555021e-001
 3.1785578e-001
 3.2179421e-001
 3.2704881e-001
 3.3327848e-001
 3.4012264e-001
 3.4720069e-001
 3.5410219e-001
 3.6041209e-001
 3.6575052e-001
 3.6983564e-001
 3.7255210e-001
 3.7397254e-001
 3.7434062e-001
 3.7402135e-001
 3.7343326e-001
 3.7298623e-001
 3.7302700e-001
 3.7380034e-001
 3.7542740e-001
 3.7790620e-001
 3.8114235e-001
 3.8499799e-001
 3.8934094e-001
 3.9408231e-001
 3.9916748e-001
 4.0452737e-001
 4.1002956e-001
 4.1544941e-001
 4.2050853e-001
 4.2495149e-001
 4.2862782e-001
 4.3151256e-001
-1.2300000e+034
