s07_ASD Record=20633: Conifer-Meadow-Mix YNP-CM-1 AVIRISb RTGC
-1.2300000e+034
-1.2300000e+034
-1.2300000e+034
-1.2300000e+034
-1.2300000e+034
-1.2300000e+034
-1.2300000e+034
-1.2300000e+034
-1.2300000e+034
-1.2300000e+034
-1.2300000e+034
-1.2300000e+034
-1.2300000e+034
-1.2300000e+034
-1.2300000e+034
-1.2300000e+034
-1.2300000e+034
-1.2300000e+034
-1.2300000e+034
-1.2300000e+034
-1.2300000e+034
-1.2300000e+034
-1.2300000e+034
-1.2300000e+034
-1.2300000e+034
-1.2300000e+034
-1.2300000e+034
-1.2300000e+034
-1.2300000e+034
-1.2300000e+034
-1.2300000e+034
-1.2300000e+034
-1.2300000e+034
-1.2300000e+034
-1.2300000e+034
-1.2300000e+034
-1.2300000e+034
-1.2300000e+034
-1.2300000e+034
-1.2300000e+034
-1.2300000e+034
-1.2300000e+034
-1.2300000e+034
-1.2300000e+034
-1.2300000e+034
-1.2300000e+034
-1.2300000e+034
-1.2300000e+034
-1.2300000e+034
-1.2300000e+034
-1.2300000e+034
-1.2300000e+034
-1.2300000e+034
-1.2300000e+034
-1.2300000e+034
-1.2300000e+034
-1.2300000e+034
-1.2300000e+034
-1.2300000e+034
 5.3650327e-003
 5.2843513e-003
 5.2043153e-003
 5.1255636e-003
 5.0487448e-003
 4.9744970e-003
 4.9034660e-003
 4.8362971e-003
 4.7736294e-003
 4.7161100e-003
 4.6643792e-003
 4.6191840e-003
 4.5819413e-003
 4.5541627e-003
 4.5373533e-003
 4.5330226e-003
 4.5426767e-003
 4.5678243e-003
 4.6099727e-003
 4.6706325e-003
 4.7513070e-003
 4.8526092e-003
 4.9709082e-003
 5.1016412e-003
 5.2402369e-003
 5.3821257e-003
 5.5227331e-003
 5.6575015e-003
 5.7818554e-003
 5.8912244e-003
 5.9810448e-003
 6.0482263e-003
 6.0956064e-003
 6.1275032e-003
 6.1482368e-003
 6.1621261e-003
 6.1734901e-003
 6.1866469e-003
 6.2059150e-003
 6.2356149e-003
 6.2800650e-003
 6.3425777e-003
 6.4216345e-003
 6.6189640e-003
 6.7320284e-003
 6.8512256e-003
 6.9739507e-003
 7.0975996e-003
 7.2195684e-003
 7.3372545e-003
 7.4487287e-003
 7.5540990e-003
 7.6541491e-003
 7.7496800e-003
 7.8414762e-003
 7.9303337e-003
 8.0170464e-003
 8.1024030e-003
 8.1871981e-003
 8.2722213e-003
 8.3581004e-003
 8.4447796e-003
 8.5320426e-003
 8.6196736e-003
 8.7074498e-003
 8.7951515e-003
 8.8825598e-003
 8.9694606e-003
 9.0556312e-003
 9.1408491e-003
 9.2251422e-003
 9.3084592e-003
 9.3910070e-003
 9.4729839e-003
 9.5545864e-003
 9.6360203e-003
 9.7174840e-003
 9.7991768e-003
 9.8812971e-003
 9.9640517e-003
 1.0047752e-002
 1.0133206e-002
 1.0221324e-002
 1.0313024e-002
 1.0409224e-002
 1.0510847e-002
 1.0618806e-002
 1.0734015e-002
 1.0857395e-002
 1.0989869e-002
 1.1132434e-002
 1.1285565e-002
 1.1449802e-002
 1.1625672e-002
 1.1813734e-002
 1.2014513e-002
 1.2228537e-002
 1.2456369e-002
 1.2698518e-002
 1.2955555e-002
 1.3228089e-002
 1.3824089e-002
 1.4149854e-002
 1.4495695e-002
 1.4862804e-002
 1.5252325e-002
 1.5665403e-002
 1.6103227e-002
 1.6566992e-002
 1.7057393e-002
 1.7570509e-002
 1.8101830e-002
 1.8646935e-002
 1.9201403e-002
 1.9760724e-002
 2.0320475e-002
 2.0876208e-002
 2.1423502e-002
 2.1957843e-002
 2.2475580e-002
 2.2976134e-002
 2.3459595e-002
 2.3926182e-002
 2.4375996e-002
 2.4809223e-002
 2.5226040e-002
 2.5626559e-002
 2.6010975e-002
 2.6379410e-002
 2.6732115e-002
 2.7069651e-002
 2.7392600e-002
 2.7701598e-002
 2.7997270e-002
 2.8280247e-002
 2.8551115e-002
 2.8810512e-002
 2.9059073e-002
 2.9297385e-002
 2.9525785e-002
 2.9741976e-002
 2.9943399e-002
 3.0127475e-002
 3.0291652e-002
 3.0433334e-002
 3.0549970e-002
 3.0638980e-002
 3.0697800e-002
 3.0723859e-002
 3.0715268e-002
 3.0672954e-002
 3.0598598e-002
 3.0493872e-002
 3.0360471e-002
 3.0200055e-002
 3.0014308e-002
 2.9804915e-002
 2.9573550e-002
 2.9321894e-002
 2.9052377e-002
 2.8768742e-002
 2.8475445e-002
 2.8176941e-002
 2.7877674e-002
 2.7582128e-002
 2.7294748e-002
 2.7019987e-002
 2.6762301e-002
 2.6526146e-002
 2.6314810e-002
 2.6126904e-002
 2.5959870e-002
 2.5811149e-002
 2.5678186e-002
 2.5449276e-002
 2.5348226e-002
 2.5252696e-002
 2.5160130e-002
 2.5068590e-002
 2.4979196e-002
 2.4893679e-002
 2.4813784e-002
 2.4741244e-002
 2.4677796e-002
 2.4625177e-002
 2.4585126e-002
 2.4559377e-002
 2.4549674e-002
 2.4556639e-002
 2.4576522e-002
 2.4604496e-002
 2.4635738e-002
 2.4665419e-002
 2.4688719e-002
 2.4700809e-002
 2.4696862e-002
 2.4672059e-002
 2.4621567e-002
 2.4542078e-002
 2.4436865e-002
 2.4310768e-002
 2.4168642e-002
 2.4015332e-002
 2.3855690e-002
 2.3694551e-002
 2.3536764e-002
 2.3387183e-002
 2.3250652e-002
 2.3131184e-002
 2.3028737e-002
 2.2942474e-002
 2.2871552e-002
 2.2815138e-002
 2.2772383e-002
 2.2742460e-002
 2.2724519e-002
 2.2717729e-002
 2.2721246e-002
 2.2733867e-002
 2.2752920e-002
 2.2775380e-002
 2.2798197e-002
 2.2818353e-002
 2.2832800e-002
 2.2838516e-002
 2.2832451e-002
 2.2811586e-002
 2.2772875e-002
 2.2714138e-002
 2.2636570e-002
 2.2542218e-002
 2.2433130e-002
 2.2311339e-002
 2.2178911e-002
 2.2037884e-002
 2.1890301e-002
 2.1738213e-002
 2.1583658e-002
 2.1428436e-002
 2.1273337e-002
 2.1118894e-002
 2.0965656e-002
 2.0814160e-002
 2.0664940e-002
 2.0518541e-002
 2.0375492e-002
 2.0236343e-002
 2.0101631e-002
 1.9971872e-002
 1.9846698e-002
 1.9725749e-002
 1.9495027e-002
 1.9384500e-002
 1.9276712e-002
 1.9171283e-002
 1.9067839e-002
 1.8966012e-002
-1.2300000e+034
 1.8808758e-002
 1.8716445e-002
 1.8629380e-002
 1.8549101e-002
 1.8477164e-002
 1.8415110e-002
 1.8364493e-002
 1.8310759e-002
-1.2300000e+034
 1.8296733e-002
 1.8308301e-002
 1.8344883e-002
 1.8522810e-002
 1.8679012e-002
 1.8889941e-002
 1.9163007e-002
 1.9505670e-002
 1.9925311e-002
 2.0429412e-002
 2.1025436e-002
 2.1717526e-002
 2.2509566e-002
 2.3405626e-002
 2.4409572e-002
 2.5525425e-002
 2.6757240e-002
 2.8108835e-002
 2.9584352e-002
 3.1187581e-002
 3.2920018e-002
 3.4772839e-002
 3.6734764e-002
 3.8794160e-002
 4.0939759e-002
 4.3160163e-002
 4.7779951e-002
 5.0156403e-002
 5.2562091e-002
 5.4988921e-002
 5.7442166e-002
 5.9929945e-002
 6.2460985e-002
 6.5043420e-002
 6.7685813e-002
 7.0396759e-002
 7.3184356e-002
 7.6057367e-002
 7.9023860e-002
 8.2089722e-002
 8.5250027e-002
 8.8496529e-002
 9.1821767e-002
 9.5217489e-002
 9.8676041e-002
 1.0218979e-001
 1.0575046e-001
 1.0935064e-001
 1.1298203e-001
 1.2030295e-001
 1.2396967e-001
 1.2762518e-001
 1.3125810e-001
 1.3485642e-001
 1.3840872e-001
 1.4190343e-001
 1.4532913e-001
 1.4867386e-001
 1.5192744e-001
 1.5508480e-001
 1.5814145e-001
 1.6109359e-001
 1.6393714e-001
 1.6666825e-001
 1.6928251e-001
 1.7177607e-001
 1.7414500e-001
 1.7638496e-001
 1.7849377e-001
 1.8047601e-001
 1.8233758e-001
 1.8408489e-001
 1.8572386e-001
 1.8870184e-001
 1.9005311e-001
 1.9132085e-001
 1.9251110e-001
 1.9362952e-001
 1.9467947e-001
 1.9566362e-001
 1.9658476e-001
 1.9744574e-001
 1.9824916e-001
 1.9899788e-001
 1.9969463e-001
 2.0034221e-001
-1.2300000e+034
 2.0150127e-001
 2.0201822e-001
 2.0249695e-001
 2.0294015e-001
 2.0335063e-001
 2.0373118e-001
 2.0408453e-001
 2.0441349e-001
 2.0472077e-001
 2.0528091e-001
 2.0553802e-001
 2.0578183e-001
 2.0601380e-001
 2.0623530e-001
 2.0644780e-001
 2.0665267e-001
 2.0685132e-001
 2.0704517e-001
 2.0723562e-001
 2.0742425e-001
 2.0761216e-001
 2.0780055e-001
 2.0799074e-001
 2.0818393e-001
 2.0838135e-001
 2.0858428e-001
 2.0879395e-001
 2.0901164e-001
 2.0923856e-001
 2.0947523e-001
 2.0972066e-001
 2.0997314e-001
 2.1023096e-001
 2.1075577e-001
 2.1101932e-001
 2.1128137e-001
 2.1154021e-001
 2.1179411e-001
 2.1204175e-001
 2.1228188e-001
 2.1251361e-001
 2.1273606e-001
 2.1294832e-001
 2.1314956e-001
 2.1333893e-001
 2.1351549e-001
 2.1367840e-001
 2.1382679e-001
 2.1396054e-001
 2.1408342e-001
 2.1419989e-001
 2.1431448e-001
 2.1443167e-001
 2.1455599e-001
 2.1469186e-001
 2.1484384e-001
 2.1501642e-001
 2.1544002e-001
 2.1569130e-001
 2.1596357e-001
 2.1625246e-001
 2.1655369e-001
 2.1686290e-001
 2.1717578e-001
 2.1748801e-001
 2.1779522e-001
 2.1809313e-001
 2.1837837e-001
 2.1865146e-001
 2.1891396e-001
 2.1916735e-001
 2.1941324e-001
 2.1965306e-001
 2.1988834e-001
 2.2012067e-001
 2.2035147e-001
 2.2058235e-001
 2.2081457e-001
 2.2104865e-001
 2.2128485e-001
 2.2152343e-001
 2.2200888e-001
 2.2225630e-001
 2.2250721e-001
 2.2276187e-001
 2.2302060e-001
 2.2328347e-001
 2.2354999e-001
 2.2381949e-001
 2.2409122e-001
 2.2436458e-001
 2.2463883e-001
 2.2491333e-001
 2.2518738e-001
 2.2546028e-001
 2.2573139e-001
 2.2600004e-001
 2.2626579e-001
 2.2652817e-001
 2.2678681e-001
 2.2704127e-001
 2.2729111e-001
 2.2753592e-001
 2.2777529e-001
 2.2800875e-001
 2.2845675e-001
 2.2867267e-001
 2.2888546e-001
 2.2909693e-001
 2.2930892e-001
 2.2952321e-001
 2.2974160e-001
 2.2996594e-001
 2.3019797e-001
 2.3043953e-001
 2.3069127e-001
 2.3094925e-001
 2.3120840e-001
 2.3146361e-001
 2.3170978e-001
 2.3194186e-001
 2.3215471e-001
 2.3234327e-001
 2.3250242e-001
 2.3262712e-001
 2.3271424e-001
 2.3276818e-001
 2.3279542e-001
 2.3280241e-001
 2.3278156e-001
 2.3276667e-001
 2.3275740e-001
 2.3276028e-001
 2.3278171e-001
 2.3282668e-001
 2.3289429e-001
 2.3298222e-001
 2.3308809e-001
 2.3320955e-001
 2.3334427e-001
 2.3348990e-001
 2.3364405e-001
 2.3380442e-001
 2.3396865e-001
 2.3413420e-001
 2.3429796e-001
 2.3445660e-001
 2.3460686e-001
 2.3474543e-001
 2.3486900e-001
 2.3497427e-001
 2.3505798e-001
 2.3511678e-001
 2.3514725e-001
 2.3511675e-001
 2.3505707e-001
 2.3496942e-001
 2.3485498e-001
 2.3471493e-001
 2.3455048e-001
 2.3436277e-001
 2.3415302e-001
-1.2300000e+034
 2.3367245e-001
 2.3340404e-001
 2.3311840e-001
 2.3281665e-001
 2.3250006e-001
 2.3216973e-001
 2.3182695e-001
 2.3147279e-001
 2.3110853e-001
-1.2300000e+034
 2.3035392e-001
 2.2996593e-001
 2.2957252e-001
 2.2917490e-001
 2.2837175e-001
 2.2796862e-001
 2.2756602e-001
 2.2716515e-001
-1.2300000e+034
 2.2637333e-001
 2.2598477e-001
 2.2560269e-001
 2.2522826e-001
 2.2486272e-001
 2.2450723e-001
 2.2416297e-001
 2.2383113e-001
 2.2351289e-001
 2.2320949e-001
 2.2292244e-001
 2.2265312e-001
 2.2240327e-001
 2.2217464e-001
 2.2196901e-001
 2.2178809e-001
 2.2163370e-001
 2.2150756e-001
 2.2141144e-001
 2.2134708e-001
 2.2131278e-001
 2.2133550e-001
 2.2137921e-001
 2.2143967e-001
 2.2151272e-001
 2.2159411e-001
 2.2167967e-001
 2.2176518e-001
 2.2184642e-001
 2.2192042e-001
 2.2198898e-001
 2.2205518e-001
 2.2212204e-001
 2.2219260e-001
 2.2226992e-001
 2.2235703e-001
 2.2245696e-001
 2.2257279e-001
 2.2270751e-001
 2.2286351e-001
 2.2304040e-001
 2.2323702e-001
 2.2345236e-001
 2.2368528e-001
 2.2419952e-001
 2.2447868e-001
 2.2477101e-001
 2.2507551e-001
 2.2539110e-001
 2.2571711e-001
 2.2605284e-001
 2.2639763e-001
 2.2675085e-001
 2.2711188e-001
 2.2747999e-001
 2.2785458e-001
 2.2826995e-001
 2.2866845e-001
 2.2907227e-001
 2.2948037e-001
 2.2989185e-001
 2.3030591e-001
 2.3072240e-001
 2.3114215e-001
 2.3156621e-001
 2.3199548e-001
 2.3242946e-001
 2.3286618e-001
 2.3330314e-001
 2.3373818e-001
 2.3417063e-001
 2.3460129e-001
 2.3503134e-001
 2.3546188e-001
 2.3589312e-001
 2.3632473e-001
 2.3675635e-001
 2.3718768e-001
 2.3761892e-001
 2.3805049e-001
 2.3848300e-001
 2.3891729e-001
 2.3935398e-001
 2.3979379e-001
 2.4023704e-001
 2.4068379e-001
 2.4113385e-001
 2.4158648e-001
 2.4204065e-001
 2.4249485e-001
 2.4294728e-001
 2.4339609e-001
 2.4383914e-001
 2.4427466e-001
 2.4470094e-001
 2.4511664e-001
 2.4552101e-001
 2.4591370e-001
 2.4629489e-001
 2.4666527e-001
 2.4702579e-001
 2.4737778e-001
 2.4772251e-001
 2.4806121e-001
 2.4839509e-001
 2.4872488e-001
 2.4905120e-001
 2.4937414e-001
 2.4969342e-001
 2.5000864e-001
 2.5031891e-001
 2.5062343e-001
 2.5092107e-001
 2.5121075e-001
 2.5149155e-001
 2.5176239e-001
 2.5202248e-001
 2.5227100e-001
 2.5250727e-001
 2.5273076e-001
 2.5294101e-001
 2.5313771e-001
 2.5332072e-001
 2.5349006e-001
 2.5364605e-001
 2.5378922e-001
 2.5392038e-001
 2.5404060e-001
 2.5415114e-001
 2.5425342e-001
 2.5434870e-001
 2.5443822e-001
 2.5452286e-001
 2.5460303e-001
 2.5467846e-001
 2.5474834e-001
 2.5481102e-001
 2.5486431e-001
 2.5490546e-001
 2.5493157e-001
 2.5493959e-001
 2.5492683e-001
 2.5489119e-001
 2.5483131e-001
 2.5474706e-001
 2.5463933e-001
 2.5451022e-001
 2.5436267e-001
 2.5420049e-001
 2.5402769e-001
 2.5384817e-001
 2.5366521e-001
 2.5348097e-001
 2.5329608e-001
 2.5310946e-001
 2.5291798e-001
 2.5271687e-001
 2.5249964e-001
 2.5225890e-001
 2.5198671e-001
 2.5167516e-001
 2.5131717e-001
 2.5090683e-001
 2.5043994e-001
 2.4991445e-001
 2.4933013e-001
 2.4868892e-001
 2.4799407e-001
 2.4725023e-001
 2.4646285e-001
 2.4563734e-001
 2.4477936e-001
 2.4389434e-001
 2.4298714e-001
 2.4206282e-001
 2.4112569e-001
 2.4017952e-001
 2.3922649e-001
 2.3826616e-001
 2.3729676e-001
 2.3631589e-001
 2.3532359e-001
 2.3432344e-001
 2.3332158e-001
 2.3232494e-001
 2.3133758e-001
 2.3035990e-001
 2.2938892e-001
 2.2841953e-001
 2.2744755e-001
 2.2647096e-001
 2.2549197e-001
 2.2451645e-001
 2.2355162e-001
 2.2260377e-001
 2.2167565e-001
 2.2076589e-001
 2.1987088e-001
 2.1898584e-001
 2.1810769e-001
 2.1723625e-001
 2.1637473e-001
 2.1552928e-001
 2.1470618e-001
 2.1390997e-001
 2.1314183e-001
 2.1239977e-001
 2.1168058e-001
 2.1098092e-001
 2.1029943e-001
 2.0963740e-001
 2.0899831e-001
 2.0838714e-001
 2.0780779e-001
 2.0726234e-001
 2.0675057e-001
 2.0627105e-001
 2.0582254e-001
 2.0540424e-001
 2.0501596e-001
 2.0465736e-001
 2.0432732e-001
 2.0402382e-001
 2.0374392e-001
 2.0348378e-001
 2.0323919e-001
 2.0300555e-001
 2.0277843e-001
 2.0255366e-001
 2.0232756e-001
 2.0209734e-001
 2.0186101e-001
 2.0161766e-001
 2.0136733e-001
 2.0111084e-001
 2.0084982e-001
 2.0058630e-001
 2.0032275e-001
 2.0006180e-001
 1.9980612e-001
 1.9955853e-001
 1.9932164e-001
 1.9909817e-001
 1.9889067e-001
 1.9870153e-001
 1.9853307e-001
 1.9838728e-001
 1.9826584e-001
 1.9817002e-001
 1.9810048e-001
 1.9805725e-001
 1.9803971e-001
 1.9804659e-001
 1.9807605e-001
 1.9812585e-001
 1.9819355e-001
 1.9827674e-001
 1.9837330e-001
 1.9848156e-001
 1.9860056e-001
 1.9873010e-001
 1.9887082e-001
 1.9902416e-001
 1.9919212e-001
 1.9937725e-001
 1.9958217e-001
 1.9980943e-001
 2.0006126e-001
 2.0033926e-001
 2.0064420e-001
 2.0097607e-001
 2.0133385e-001
 2.0171568e-001
 2.0211905e-001
 2.0254092e-001
 2.0297804e-001
 2.0342697e-001
 2.0388450e-001
 2.0434751e-001
 2.0481318e-001
 2.0527929e-001
 2.0574372e-001
 2.0620495e-001
 2.0666160e-001
 2.0711254e-001
 2.0755702e-001
 2.0799424e-001
 2.0842378e-001
 2.0884523e-001
 2.0925835e-001
 2.0966318e-001
 2.1005972e-001
 2.1044822e-001
 2.1082887e-001
 2.1120185e-001
 2.1156743e-001
 2.1192563e-001
 2.1227662e-001
 2.1262069e-001
 2.1295880e-001
 2.1329334e-001
 2.1362823e-001
 2.1396795e-001
 2.1431379e-001
 2.1465787e-001
 2.1498126e-001
 2.1525061e-001
 2.1546836e-001
 2.1563807e-001
 2.1577105e-001
 2.1588095e-001
 2.1598037e-001
 2.1607971e-001
 2.1618690e-001
 2.1630706e-001
 2.1644242e-001
 2.1660511e-001
 2.1674998e-001
 2.1689649e-001
 2.1704885e-001
 2.1721420e-001
 2.1739797e-001
 2.1759126e-001
 2.1776076e-001
 2.1789151e-001
 2.1798745e-001
 2.1806595e-001
 2.1814573e-001
 2.1823522e-001
 2.1831825e-001
 2.1836498e-001
 2.1836650e-001
 2.1833293e-001
 2.1827526e-001
 2.1820141e-001
 2.1811801e-001
 2.1803130e-001
 2.1794719e-001
 2.1787049e-001
 2.1780422e-001
 2.1774864e-001
 2.1770081e-001
 2.1765479e-001
 2.1760242e-001
 2.1753427e-001
 2.1744037e-001
 2.1731065e-001
 2.1713546e-001
 2.1690626e-001
 2.1661648e-001
 2.1626256e-001
 2.1584469e-001
 2.1536627e-001
 2.1483319e-001
 2.1425243e-001
 2.1363185e-001
 2.1297911e-001
 2.1230184e-001
 2.1160693e-001
 2.1089958e-001
 2.1018316e-001
 2.0945822e-001
 2.0872322e-001
 2.0797504e-001
 2.0720941e-001
 2.0642197e-001
 2.0560801e-001
 2.0476322e-001
 2.0388380e-001
 2.0296663e-001
 2.0201030e-001
 2.0101511e-001
 1.9998254e-001
 1.9891556e-001
 1.9781725e-001
 1.9669127e-001
 1.9554135e-001
 1.9437070e-001
 1.9318283e-001
 1.9198012e-001
 1.9076459e-001
 1.8953726e-001
 1.8829781e-001
 1.8704596e-001
 1.8578058e-001
 1.8450081e-001
 1.8320581e-001
 1.8189429e-001
 1.8056567e-001
 1.7921893e-001
 1.7785378e-001
 1.7647003e-001
 1.7506614e-001
 1.7363936e-001
 1.7219009e-001
 1.7073639e-001
 1.6931239e-001
 1.6790612e-001
 1.6642059e-001
 1.6480085e-001
 1.6317321e-001
 1.6165866e-001
 1.6019045e-001
 1.5866575e-001
 1.5707774e-001
 1.5548311e-001
 1.5393779e-001
 1.5242705e-001
 1.5083715e-001
 1.4910731e-001
 1.4738283e-001
 1.4579257e-001
 1.4425474e-001
 1.4265895e-001
 1.4100389e-001
 1.3935108e-001
 1.3775903e-001
 1.3621217e-001
 1.3458601e-001
 1.3281614e-001
 1.3106787e-001
 1.2947232e-001
 1.2793005e-001
 1.2632868e-001
 1.2467556e-001
 1.2303379e-001
 1.2146123e-001
 1.1994253e-001
 1.1834771e-001
 1.1661360e-001
 1.1491547e-001
 1.1337926e-001
 1.1189568e-001
 1.1035667e-001
 1.0877591e-001
 1.0721502e-001
 1.0572896e-001
 1.0430209e-001
 1.0280536e-001
 1.0118096e-001
 9.9607237e-002
 9.8197117e-002
 9.6835874e-002
 9.5426284e-002
 9.3987793e-002
 9.2577159e-002
 9.1243207e-002
 8.9972012e-002
 8.8642739e-002
 8.7204061e-002
 8.5826829e-002
 8.4606610e-002
 8.3431825e-002
 8.2220256e-002
 8.0994643e-002
 7.9803571e-002
 7.8687966e-002
 7.7635691e-002
 7.6541461e-002
 7.5365007e-002
 7.4257746e-002
 7.3291272e-002
 7.2366334e-002
 7.1421452e-002
 7.0479505e-002
 6.9577754e-002
 6.8746448e-002
 6.7975327e-002
 6.7184940e-002
 6.6350088e-002
 6.5583967e-002
 6.4932249e-002
 6.4322181e-002
 6.3716464e-002
 6.3134782e-002
 6.2594526e-002
 6.2096730e-002
 6.1639495e-002
 6.1221886e-002
 6.0842469e-002
 6.0498506e-002
 6.0185123e-002
 5.9896290e-002
 5.9625238e-002
 5.9364807e-002
 5.9107903e-002
 5.8847379e-002
 5.8576528e-002
 5.8289696e-002
 5.7983298e-002
 5.7657152e-002
 5.7314366e-002
 5.6960724e-002
 5.6603383e-002
 5.6249876e-002
 5.5907983e-002
 5.5585437e-002
 5.5289496e-002
 5.5026576e-002
 5.4800849e-002
 5.4613411e-002
 5.4462258e-002
 5.4342877e-002
 5.4249588e-002
 5.4176196e-002
 5.4116458e-002
 5.4064162e-002
 5.4013386e-002
 5.3959150e-002
 5.3898372e-002
 5.3830806e-002
 5.3759232e-002
 5.3688459e-002
 5.3624373e-002
 5.3573202e-002
 5.3541269e-002
 5.3534824e-002
 5.3559776e-002
 5.3621035e-002
 5.3721406e-002
 5.3860627e-002
 5.4035489e-002
 5.4240614e-002
 5.4469492e-002
 5.4715242e-002
 5.4970991e-002
 5.5229798e-002
 5.5485170e-002
 5.5731356e-002
 5.5964470e-002
 5.6183346e-002
 5.6389339e-002
 5.6585740e-002
 5.6776639e-002
 5.6966420e-002
 5.7159599e-002
 5.7360571e-002
 5.7573676e-002
 5.7802740e-002
 5.8050696e-002
 5.8319159e-002
 5.8608368e-002
 5.8917813e-002
 5.9246466e-002
 5.9593163e-002
 5.9956826e-002
 6.0336251e-002
 6.0730197e-002
 6.1137479e-002
 6.1556567e-002
 6.1985880e-002
 6.2423486e-002
 6.2867284e-002
 6.3315265e-002
 6.3765198e-002
 6.4215064e-002
 6.4662695e-002
 6.5106086e-002
 6.5543763e-002
 6.5974779e-002
 6.6399477e-002
 6.6819064e-002
 6.7235418e-002
 6.7650832e-002
 6.8067521e-002
 6.8487912e-002
 6.8914242e-002
 6.9348566e-002
 6.9792658e-002
 7.0247255e-002
 7.0711702e-002
 7.1184337e-002
 7.1662538e-002
 7.2143599e-002
 7.2624519e-002
 7.3102288e-002
 7.3574111e-002
 7.4037150e-002
 7.4489325e-002
 7.4929409e-002
 7.5357504e-002
 7.5775109e-002
 7.6184325e-002
 7.6587804e-002
 7.6988153e-002
 7.7387974e-002
 7.7790014e-002
 7.8196652e-002
 7.8610048e-002
 7.9031371e-002
 7.9460777e-002
 7.9897612e-002
 8.0340400e-002
 8.0787599e-002
 8.1237450e-002
 8.1688166e-002
 8.2138136e-002
 8.2585655e-002
 8.3029248e-002
 8.3467945e-002
 8.3901010e-002
 8.4328324e-002
 8.4749892e-002
 8.5165828e-002
 8.5576430e-002
 8.5981794e-002
 8.6382225e-002
 8.6777903e-002
 8.7169029e-002
 8.7556027e-002
 8.7939255e-002
 8.8319354e-002
 8.8696852e-002
 8.9072295e-002
 8.9446388e-002
 8.9819655e-002
 9.0192780e-002
 9.0566270e-002
 9.0940520e-002
 9.1315836e-002
 9.1692120e-002
 9.2069060e-002
 9.2446335e-002
 9.2823379e-002
 9.3199797e-002
 9.3575060e-002
 9.3948647e-002
 9.4320185e-002
 9.4689257e-002
 9.5055774e-002
 9.5419697e-002
 9.5781125e-002
 9.6140422e-002
 9.6497826e-002
 9.6853741e-002
 9.7208433e-002
 9.7562186e-002
 9.7915389e-002
 9.8268151e-002
 9.8620668e-002
 9.8972864e-002
 9.9324577e-002
 9.9675693e-002
 1.0002591e-001
 1.0037497e-001
 1.0072269e-001
 1.0106879e-001
 1.0141321e-001
 1.0175592e-001
 1.0209718e-001
 1.0243772e-001
 1.0277834e-001
 1.0312019e-001
 1.0346436e-001
 1.0381194e-001
 1.0416416e-001
 1.0452198e-001
 1.0488635e-001
 1.0525759e-001
 1.0563519e-001
 1.0601788e-001
 1.0640345e-001
 1.0678943e-001
 1.0717306e-001
 1.0755152e-001
 1.0792212e-001
 1.0828211e-001
 1.0862920e-001
 1.0896157e-001
 1.0927846e-001
 1.0958024e-001
 1.0986811e-001
 1.1014378e-001
 1.1040928e-001
 1.1066656e-001
 1.1091770e-001
 1.1116467e-001
 1.1140928e-001
 1.1165319e-001
 1.1189751e-001
 1.1214300e-001
 1.1238997e-001
 1.1263853e-001
 1.1288879e-001
 1.1314071e-001
 1.1339435e-001
 1.1364964e-001
 1.1390640e-001
 1.1416427e-001
 1.1442240e-001
 1.1467965e-001
 1.1493446e-001
 1.1518510e-001
 1.1542986e-001
 1.1566691e-001
 1.1589444e-001
 1.1611079e-001
 1.1631441e-001
 1.1650428e-001
 1.1667990e-001
 1.1684142e-001
 1.1698955e-001
 1.1712524e-001
 1.1724956e-001
 1.1736365e-001
 1.1746860e-001
 1.1756551e-001
 1.1765537e-001
 1.1773903e-001
 1.1781710e-001
 1.1788995e-001
 1.1795778e-001
 1.1802066e-001
 1.1807865e-001
 1.1813176e-001
 1.1818004e-001
 1.1822353e-001
 1.1826234e-001
 1.1829663e-001
 1.1832672e-001
 1.1835303e-001
 1.1837610e-001
 1.1839649e-001
 1.1841481e-001
 1.1843165e-001
 1.1844757e-001
 1.1846301e-001
 1.1847807e-001
 1.1849229e-001
 1.1850441e-001
 1.1851238e-001
 1.1851355e-001
 1.1850491e-001
 1.1848335e-001
 1.1844569e-001
 1.1838889e-001
 1.1831013e-001
 1.1820731e-001
 1.1807954e-001
 1.1792751e-001
 1.1775338e-001
 1.1756068e-001
 1.1735347e-001
 1.1713615e-001
 1.1691315e-001
 1.1668885e-001
 1.1646739e-001
 1.1625215e-001
 1.1604546e-001
 1.1584804e-001
 1.1565923e-001
 1.1547726e-001
 1.1529968e-001
 1.1512387e-001
 1.1494705e-001
 1.1476655e-001
 1.1457988e-001
 1.1438496e-001
 1.1418048e-001
 1.1396597e-001
 1.1374193e-001
 1.1350951e-001
 1.1327015e-001
 1.1302555e-001
 1.1277737e-001
 1.1252731e-001
 1.1227705e-001
 1.1202805e-001
 1.1178163e-001
 1.1153888e-001
 1.1130052e-001
 1.1106722e-001
 1.1083945e-001
 1.1061769e-001
 1.1040241e-001
 1.1019399e-001
 1.0999285e-001
 1.0979920e-001
 1.0961318e-001
 1.0943475e-001
 1.0926360e-001
 1.0909942e-001
 1.0894170e-001
 1.0878997e-001
 1.0864373e-001
 1.0850237e-001
 1.0836522e-001
 1.0823128e-001
 1.0809921e-001
 1.0796719e-001
 1.0783293e-001
 1.0769389e-001
 1.0754726e-001
 1.0739023e-001
 1.0722004e-001
 1.0703400e-001
 1.0682994e-001
 1.0660654e-001
 1.0636354e-001
 1.0610238e-001
 1.0582557e-001
 1.0553675e-001
 1.0524005e-001
 1.0493976e-001
 1.0464031e-001
 1.0434583e-001
 1.0406003e-001
 1.0378573e-001
 1.0352435e-001
 1.0327597e-001
 1.0303918e-001
 1.0281170e-001
 1.0259067e-001
 1.0237290e-001
 1.0215533e-001
 1.0193495e-001
 1.0170939e-001
 1.0147716e-001
 1.0123801e-001
 1.0099319e-001
 1.0074523e-001
 1.0049756e-001
 1.0025427e-001
 1.0001957e-001
 9.9797703e-002
 9.9592701e-002
 9.9407867e-002
 9.9245541e-002
 9.9106550e-002
 9.8990038e-002
 9.8893717e-002
 9.8814219e-002
 9.8747604e-002
 9.8689646e-002
 9.8636143e-002
 9.8583177e-002
 9.8527394e-002
 9.8466530e-002
 9.8399654e-002
 9.8327421e-002
 9.8251805e-002
 9.8175719e-002
 9.8102674e-002
 9.8036341e-002
 9.7980350e-002
 9.7937919e-002
 9.7911388e-002
 9.7901680e-002
 9.7907864e-002
 9.7927071e-002
 9.7954661e-002
 9.7984761e-002
 9.8010749e-002
 9.8025717e-002
 9.8022841e-002
 9.7995751e-002
 9.7982615e-002
 9.7894944e-002
 9.7768657e-002
 9.7604290e-002
 9.7404659e-002
 9.7173624e-002
 9.6915558e-002
 9.6634947e-002
 9.6336171e-002
 9.6023664e-002
 9.5701456e-002
 9.5373057e-002
 9.5040999e-002
 9.4706632e-002
 9.4370432e-002
 9.4031699e-002
 9.3689084e-002
 9.3346700e-002
 9.3017198e-002
 9.2697956e-002
 9.2352524e-002
 9.1969982e-002
 9.1604114e-002
 9.1273591e-002
 9.0942830e-002
 9.0593264e-002
 9.0233169e-002
 8.9876473e-002
 8.9535065e-002
 8.9200489e-002
 8.8837795e-002
 8.8443123e-002
 8.8066138e-002
 8.7721422e-002
 8.7376542e-002
 8.7013662e-002
 8.6640447e-002
 8.6271815e-002
 8.5918531e-002
 8.5568547e-002
 8.5189097e-002
 8.4781632e-002
 8.4392995e-002
 8.4034383e-002
 8.3675176e-002
 8.3298616e-002
 8.2912281e-002
 8.2531728e-002
 8.2165927e-002
 8.1799850e-002
 8.1403732e-002
 8.0983877e-002
 8.0583274e-002
 8.0210105e-002
 7.9836220e-002
 7.9445958e-002
 7.9046823e-002
 7.8654461e-002
 7.8275256e-002
 7.7892043e-002
 7.7479564e-002
 7.7047907e-002
 7.6634906e-002
 7.6246560e-002
 7.5857677e-002
 7.5453654e-002
 7.5041845e-002
 7.4637301e-002
 7.4244216e-002
 7.3844075e-002
 7.3415205e-002
 7.2970815e-002
 7.2545350e-002
 7.2142892e-002
 7.1740687e-002
 7.1325831e-002
 7.0902571e-002
 7.0477650e-002
 7.0052370e-002
 6.9625348e-002
 6.9196835e-002
 6.8766743e-002
 6.8334699e-002
 6.7901909e-002
 6.7472473e-002
 6.7049794e-002
 6.6627935e-002
 6.6191785e-002
 6.5734714e-002
 6.5272026e-002
 6.4823858e-002
 6.4390667e-002
 6.3957483e-002
 6.3515633e-002
 6.3070454e-002
 6.2630363e-002
 6.2192488e-002
 6.1741780e-002
 6.1270140e-002
 6.0791783e-002
 6.0327541e-002
 5.9879143e-002
 5.9431702e-002
 5.8975659e-002
 5.8515765e-002
 5.8060721e-002
 5.7608273e-002
 5.7143450e-002
 5.6657273e-002
 5.6163177e-002
 5.5682659e-002
 5.5218700e-002
 5.4756675e-002
 5.4286297e-002
 5.3811699e-002
 5.3341616e-002
 5.2874181e-002
 5.2394792e-002
 5.1893856e-002
 5.1384099e-002
 5.0887212e-002
 5.0407365e-002
 4.9930550e-002
 4.9445610e-002
 4.8956018e-002
 4.8470594e-002
 4.7988117e-002
 4.7494188e-002
 4.6978384e-002
 4.6452548e-002
 4.5938943e-002
 4.5443062e-002
 4.4951245e-002
 4.4451572e-002
 4.3946814e-002
 4.3445900e-002
 4.2948142e-002
 4.2439312e-002
 4.1908372e-002
 4.1366473e-002
 4.0836722e-002
 4.0326077e-002
 3.9821666e-002
 3.9309513e-002
 3.8787160e-002
 3.8259517e-002
 3.7730910e-002
 3.7203301e-002
 3.6677655e-002
 3.6156178e-002
 3.5642672e-002
 3.5142262e-002
 3.4661427e-002
 3.4207135e-002
 3.3786867e-002
 3.3408090e-002
 3.3077724e-002
 3.2801870e-002
 3.2584697e-002
 3.2427777e-002
 3.2329760e-002
 3.2286055e-002
 3.2289561e-002
 3.2331429e-002
 3.2401901e-002
 3.2490898e-002
 3.2588631e-002
 3.2686140e-002
 3.2776028e-002
 3.2853279e-002
 3.2915663e-002
 3.2963801e-002
 3.3000641e-002
 3.3030722e-002
 3.3059496e-002
 3.3092722e-002
 3.3136107e-002
 3.3194885e-002
 3.3273365e-002
 3.3374555e-002
 3.3499777e-002
 3.3648767e-002
 3.3819843e-002
 3.4010377e-002
 3.4217261e-002
 3.4437075e-002
 3.4666475e-002
 3.4902196e-002
 3.5141282e-002
 3.5381358e-002
 3.5620626e-002
 3.5857957e-002
 3.6092717e-002
 3.6323819e-002
 3.6549333e-002
 3.6767393e-002
 3.6979154e-002
 3.7189782e-002
 3.7403546e-002
 3.7617642e-002
 3.7823889e-002
 3.8018186e-002
 3.8203638e-002
 3.8384952e-002
 3.8562749e-002
 3.8734440e-002
 3.8899310e-002
 3.9060440e-002
 3.9221082e-002
 3.9379336e-002
 3.9529417e-002
 3.9668210e-002
 3.9797783e-002
 3.9921496e-002
 4.0039934e-002
 4.0151421e-002
 4.0255304e-002
 4.0353235e-002
 4.0447041e-002
 4.0535666e-002
 4.0615842e-002
 4.0685736e-002
 4.0746275e-002
 4.0799245e-002
 4.0845320e-002
 4.0884059e-002
 4.0914945e-002
 4.0937863e-002
 4.0953171e-002
 4.0961646e-002
 4.0964507e-002
 4.0963396e-002
 4.0960345e-002
 4.0957682e-002
 4.0957872e-002
 4.0963441e-002
 4.0976848e-002
 4.1000344e-002
 4.1035794e-002
 4.1084528e-002
 4.1147176e-002
 4.1223694e-002
 4.1313361e-002
 4.1415088e-002
 4.1527517e-002
 4.1649096e-002
 4.1778311e-002
 4.1913670e-002
 4.2053651e-002
 4.2196929e-002
 4.2342305e-002
 4.2488620e-002
 4.2634927e-002
 4.2780325e-002
 4.2924002e-002
 4.3065075e-002
 4.3202784e-002
 4.3336403e-002
 4.3465149e-002
 4.3588411e-002
 4.3705642e-002
 4.3816324e-002
 4.3920092e-002
 4.4016603e-002
 4.4105574e-002
 4.4186708e-002
 4.4259809e-002
 4.4324793e-002
 4.4381700e-002
 4.4430878e-002
 4.4472992e-002
 4.4508975e-002
 4.4540089e-002
 4.4567786e-002
 4.4593651e-002
 4.4619277e-002
 4.4646259e-002
 4.4676069e-002
 4.4709940e-002
 4.4748805e-002
 4.4793203e-002
 4.4843230e-002
 4.4898663e-002
 4.4959009e-002
 4.5023590e-002
 4.5091704e-002
 4.5162644e-002
 4.5235828e-002
 4.5310806e-002
 4.5387462e-002
 4.5466032e-002
 4.5547046e-002
 4.5631405e-002
 4.5720238e-002
 4.5814738e-002
 4.5916192e-002
 4.6025801e-002
 4.6144601e-002
 4.6273183e-002
 4.6411715e-002
 4.6559732e-002
 4.6716034e-002
 4.6878953e-002
 4.7046393e-002
 4.7215916e-002
 4.7385089e-002
 4.7551546e-002
 4.7713000e-002
 4.7867674e-002
 4.8014320e-002
 4.8152417e-002
 4.8282076e-002
 4.8404124e-002
 4.8519861e-002
 4.8630785e-002
 4.8738606e-002
 4.8845053e-002
 4.8951685e-002
 4.9059968e-002
 4.9171068e-002
 4.9285844e-002
 4.9404737e-002
 4.9527965e-002
 4.9655534e-002
 4.9787194e-002
 4.9922712e-002
 5.0061766e-002
 5.0203841e-002
 5.0348371e-002
 5.0494574e-002
 5.0641302e-002
 5.0787233e-002
 5.0930787e-002
 5.1070247e-002
 5.1203713e-002
 5.1329400e-002
 5.1445667e-002
 5.1551122e-002
 5.1645041e-002
 5.1727511e-002
 5.1799595e-002
 5.1863421e-002
 5.1922008e-002
 5.1979061e-002
 5.2038636e-002
 5.2104935e-002
 5.2182041e-002
 5.2273516e-002
 5.2382164e-002
 5.2509636e-002
 5.2656058e-002
 5.2820187e-002
 5.2999511e-002
 5.3190451e-002
 5.3388972e-002
 5.3590763e-002
 5.3791579e-002
 5.3987321e-002
 5.4174595e-002
 5.4350805e-002
 5.4514185e-002
 5.4664146e-002
 5.4800957e-002
 5.4925423e-002
 5.5038862e-002
 5.5142783e-002
 5.5238809e-002
 5.5328544e-002
 5.5413667e-002
 5.5495862e-002
 5.5576749e-002
 5.5658009e-002
 5.5741325e-002
 5.5828314e-002
 5.5920623e-002
 5.6019824e-002
 5.6127243e-002
 5.6243934e-002
 5.6370370e-002
 5.6506280e-002
 5.6650344e-002
 5.6800388e-002
 5.6953404e-002
 5.7105690e-002
 5.7253312e-002
 5.7392277e-002
 5.7518728e-002
 5.7629537e-002
 5.7722598e-002
 5.7797313e-002
 5.7854801e-002
 5.7898112e-002
 5.7931818e-002
 5.7961598e-002
 5.7993807e-002
 5.8034956e-002
 5.8091212e-002
 5.8167841e-002
 5.8268555e-002
 5.8394894e-002
 5.8545683e-002
 5.8717288e-002
 5.8903810e-002
 5.9097558e-002
 5.9290018e-002
 5.9472371e-002
 5.9636001e-002
 5.9773430e-002
 5.9878916e-002
 5.9949107e-002
 5.9983641e-002
 5.9985049e-002
 5.9958365e-002
 5.9910469e-002
 5.9849292e-002
 5.9783123e-002
 5.9720006e-002
 5.9666973e-002
 5.9629373e-002
 5.9610233e-002
 5.9609804e-002
 5.9625506e-002
 5.9652429e-002
 5.9683938e-002
 5.9712410e-002
 5.9729874e-002
 5.9728507e-002
 5.9701607e-002
 5.9643727e-002
 5.9551660e-002
 5.9424445e-002
 5.9263550e-002
 5.9072614e-002
 5.8856655e-002
 5.8621619e-002
 5.8373753e-002
 5.8119413e-002
 5.7864297e-002
 5.7613228e-002
 5.7369992e-002
 5.7136793e-002
 5.6914426e-002
 5.6702666e-002
 5.6500241e-002
 5.6305394e-002
 5.6116041e-002
 5.5930119e-002
 5.5745415e-002
 5.5559769e-002
 5.5371225e-002
 5.5177815e-002
 5.4977663e-002
 5.4769136e-002
 5.4550536e-002
 5.4320242e-002
 5.4076955e-002
 5.3819474e-002
 5.3547114e-002
 5.3259853e-002
 5.2958827e-002
 5.2646015e-002
 5.2324448e-002
 5.1998291e-002
 5.1672090e-002
 5.1350739e-002
 5.1039398e-002
 5.0742764e-002
 5.0465029e-002
 5.0209388e-002
 4.9977995e-002
 4.9771395e-002
 4.9588796e-002
 4.9428381e-002
 4.9287364e-002
 4.9162481e-002
 4.9050301e-002
 4.8947256e-002
 4.8849836e-002
 4.8754778e-002
 4.8658967e-002
 4.8559587e-002
 4.8454054e-002
 4.8340078e-002
 4.8215475e-002
 4.8078191e-002
 4.7926441e-002
 4.7758587e-002
 4.7573380e-002
 4.7370311e-002
 4.7149520e-002
 4.6911992e-002
 4.6659488e-002
 4.6394635e-002
 4.6120372e-002
 4.5839902e-002
 4.5556780e-002
 4.5274355e-002
 4.4995911e-002
 4.4724777e-002
 4.4463880e-002
 4.4215932e-002
 4.3983608e-002
 4.3769207e-002
 4.3574922e-002
 4.3402739e-002
 4.3254495e-002
 4.3131456e-002
 4.3034144e-002
 4.2962063e-002
 4.2913269e-002
 4.2884234e-002
 4.2870045e-002
 4.2864595e-002
 4.2861007e-002
 4.2852066e-002
 4.2830672e-002
 4.2790338e-002
 4.2725790e-002
 4.2633619e-002
 4.2512719e-002
 4.2364370e-002
 4.2192362e-002
 4.2002283e-002
 4.1801058e-002
 4.1596226e-002
 4.1395575e-002
 4.1206282e-002
 4.1034512e-002
 4.0884987e-002
 4.0760327e-002
 4.0661041e-002
 4.0585697e-002
 4.0531185e-002
 4.0493295e-002
 4.0467221e-002
 4.0447887e-002
 4.0430311e-002
 4.0409859e-002
 4.0382475e-002
 4.0344778e-002
 4.0294204e-002
 4.0228918e-002
 4.0147658e-002
 4.0049572e-002
 3.9934210e-002
 3.9801363e-002
 3.9651245e-002
 3.9484620e-002
 3.9303150e-002
 3.9109368e-002
 3.8906757e-002
 3.8699899e-002
 3.8493950e-002
 3.8294498e-002
 3.8107403e-002
 3.7938129e-002
 3.7791464e-002
 3.7671104e-002
 3.7578955e-002
 3.7514895e-002
 3.7476655e-002
 3.7460022e-002
 3.7459221e-002
 3.7467513e-002
 3.7477691e-002
 3.7482612e-002
 3.7475713e-002
 3.7451506e-002
 3.7406061e-002
 3.7337288e-002
 3.7245099e-002
 3.7131201e-002
 3.6998600e-002
 3.6851179e-002
 3.6693383e-002
 3.6529608e-002
 3.6363967e-002
 3.6200110e-002
 3.6040708e-002
 3.5887416e-002
 3.5740968e-002
 3.5601042e-002
 3.5466634e-002
 3.5336245e-002
 3.5208244e-002
 3.5080921e-002
 3.4952767e-002
 3.4822762e-002
 3.4690354e-002
 3.4555655e-002
 3.4419544e-002
 3.4283400e-002
 3.4149069e-002
 3.4018606e-002
 3.3894189e-002
 3.3777654e-002
 3.3670321e-002
 3.3572722e-002
 3.3484150e-002
 3.3402566e-002
 3.3324607e-002
 3.3245679e-002
 3.3160351e-002
 3.3062782e-002
 3.2947075e-002
 3.2807864e-002
 3.2640859e-002
 3.2443553e-002
 3.2216046e-002
 3.1960674e-002
 3.1682782e-002
 3.1389859e-002
 3.1091081e-002
 3.0796839e-002
 3.0517574e-002
 3.0263349e-002
 3.0042974e-002
 2.9863453e-002
 2.9729037e-002
 2.9641071e-002
 2.9598054e-002
 2.9595906e-002
 2.9628720e-002
 2.9689355e-002
 2.9770074e-002
 2.9862970e-002
 2.9960195e-002
 3.0054335e-002
 3.0138439e-002
 3.0206209e-002
 3.0251881e-002
 3.0270267e-002
 3.0256592e-002
 3.0206487e-002
 3.0116066e-002
 2.9982129e-002
 2.9802686e-002
 2.9577225e-002
 2.9307310e-002
 2.8996432e-002
 2.8650489e-002
 2.8276907e-002
 2.7884359e-002
 2.7482525e-002
 2.7081035e-002
 2.6689287e-002
 2.6316298e-002
 2.5969742e-002
 2.5656039e-002
 2.5380069e-002
 2.5145477e-002
 2.4954505e-002
 2.4808520e-002
 2.4708321e-002
 2.4654044e-002
 2.4645269e-002
 2.4680810e-002
 2.4758436e-002
 2.4874777e-002
 2.5024915e-002
 2.5202842e-002
 2.5401523e-002
 2.5613299e-002
 2.5830058e-002
 2.6043942e-002
 2.6247608e-002
 2.6434539e-002
 2.6599770e-002
 2.6740085e-002
 2.6853915e-002
 2.6941577e-002
 2.7004844e-002
 2.7046703e-002
 2.7071020e-002
 2.7082209e-002
 2.7084639e-002
 2.7082073e-002
 2.7077274e-002
-1.2300000e+034
-1.2300000e+034
-1.2300000e+034
-1.2300000e+034
-1.2300000e+034
-1.2300000e+034
-1.2300000e+034
-1.2300000e+034
-1.2300000e+034
-1.2300000e+034
-1.2300000e+034
-1.2300000e+034
-1.2300000e+034
-1.2300000e+034
-1.2300000e+034
-1.2300000e+034
-1.2300000e+034
-1.2300000e+034
-1.2300000e+034
-1.2300000e+034
-1.2300000e+034
-1.2300000e+034
