s07_ASD Record=12019: Vermiculite VTx-1.fls         BECKb AREF
 3.5881391e-001
 3.6149436e-001
 3.6424711e-001
 3.6705390e-001
 3.6988276e-001
 3.7270176e-001
 3.7548986e-001
 3.7823755e-001
 3.8094357e-001
 3.8360870e-001
 3.8623267e-001
 3.8881242e-001
 3.9134333e-001
 3.9382058e-001
 3.9624310e-001
 3.9861786e-001
 4.0096048e-001
 4.0329266e-001
 4.0563732e-001
 4.0801442e-001
 4.1043609e-001
 4.1290277e-001
 4.1540182e-001
 4.1790900e-001
 4.2039278e-001
 4.2281863e-001
 4.2515728e-001
 4.2739338e-001
 4.2952651e-001
 4.3156433e-001
 4.3351752e-001
 4.3539777e-001
 4.3721601e-001
 4.3898213e-001
 4.4070652e-001
 4.4239831e-001
 4.4406140e-001
 4.4569337e-001
 4.4728741e-001
 4.4883376e-001
 4.5032108e-001
 4.5173645e-001
 4.5306695e-001
 4.5430261e-001
 4.5543957e-001
 4.5648208e-001
 4.5744169e-001
 4.5833457e-001
 4.5917723e-001
 4.5998278e-001
 4.6075800e-001
 4.6150324e-001
 4.6221554e-001
 4.6289313e-001
 4.6353891e-001
 4.6416160e-001
 4.6477523e-001
 4.6539500e-001
 4.6603215e-001
 4.6669409e-001
 4.6737218e-001
 4.6804780e-001
 4.6871421e-001
 4.6936852e-001
 4.7001988e-001
 4.7069639e-001
 4.7141939e-001
 4.7218850e-001
 4.7298366e-001
 4.7376907e-001
 4.7451004e-001
 4.7519448e-001
 4.7584215e-001
 4.7649693e-001
 4.7720802e-001
 4.7800922e-001
 4.7890574e-001
 4.7987503e-001
 4.8088059e-001
 4.8188975e-001
 4.8288560e-001
 4.8386711e-001
 4.8484120e-001
 4.8581281e-001
 4.8678184e-001
 4.8774701e-001
 4.8871294e-001
 4.8969394e-001
 4.9070954e-001
 4.9177366e-001
 4.9288228e-001
 4.9400952e-001
 4.9511617e-001
 4.9616855e-001
 4.9715576e-001
 4.9809423e-001
 4.9901709e-001
 4.9995369e-001
 5.0091541e-001
 5.0189632e-001
 5.0288397e-001
 5.0386703e-001
 5.0483686e-001
 5.0578570e-001
 5.0670576e-001
 5.0759113e-001
 5.0843883e-001
 5.0924796e-001
 5.1001686e-001
 5.1074177e-001
 5.1141667e-001
 5.1203692e-001
 5.1260579e-001
 5.1314026e-001
 5.1367044e-001
 5.1423037e-001
 5.1484716e-001
 5.1553541e-001
 5.1629859e-001
 5.1713306e-001
 5.1802868e-001
 5.1896739e-001
 5.1992238e-001
 5.2086216e-001
 5.2175969e-001
 5.2260309e-001
 5.2340394e-001
 5.2419245e-001
 5.2500343e-001
 5.2586329e-001
 5.2678961e-001
 5.2779716e-001
 5.2889526e-001
 5.3007746e-001
 5.3131717e-001
 5.3257769e-001
 5.3382546e-001
 5.3503889e-001
 5.3621465e-001
 5.3737628e-001
 5.3857195e-001
 5.3984565e-001
 5.4119730e-001
 5.4257298e-001
 5.4390681e-001
 5.4517567e-001
 5.4640800e-001
 5.4764444e-001
 5.4889625e-001
 5.5014026e-001
 5.5134046e-001
 5.5247539e-001
 5.5355543e-001
 5.5461627e-001
 5.5568594e-001
 5.5675799e-001
 5.5780488e-001
 5.5882007e-001
 5.5983573e-001
 5.6089604e-001
 5.6201708e-001
 5.6317329e-001
 5.6431401e-001
 5.6539112e-001
 5.6638527e-001
 5.6731570e-001
 5.6822687e-001
 5.6915683e-001
 5.7011169e-001
 5.7106906e-001
 5.7200450e-001
 5.7291174e-001
 5.7379657e-001
 5.7465613e-001
 5.7547534e-001
 5.7624471e-001
 5.7697284e-001
 5.7767081e-001
 5.7832581e-001
 5.7890642e-001
 5.7940745e-001
 5.7988179e-001
 5.8040965e-001
 5.8103156e-001
 5.8172047e-001
 5.8241761e-001
 5.8308202e-001
 5.8370644e-001
 5.8430141e-001
 5.8487815e-001
 5.8544356e-001
 5.8599782e-001
 5.8653402e-001
 5.8705324e-001
 5.8758593e-001
 5.8816999e-001
 5.8878106e-001
 5.8931506e-001
 5.8969581e-001
 5.8998817e-001
 5.9034431e-001
 5.9082752e-001
 5.9133857e-001
 5.9173274e-001
 5.9197628e-001
 5.9215683e-001
 5.9235275e-001
 5.9254527e-001
 5.9269506e-001
 5.9285617e-001
 5.9313369e-001
 5.9353620e-001
 5.9394348e-001
 5.9423321e-001
 5.9439743e-001
 5.9453499e-001
 5.9476966e-001
 5.9517640e-001
 5.9574455e-001
 5.9638005e-001
 5.9695178e-001
 5.9735805e-001
 5.9757024e-001
 5.9763294e-001
 5.9763587e-001
 5.9769267e-001
 5.9792799e-001
 5.9843457e-001
 5.9918886e-001
 6.0001075e-001
 6.0066122e-001
 6.0102493e-001
 6.0120416e-001
 6.0141683e-001
 6.0178244e-001
 6.0221672e-001
 6.0256058e-001
 6.0278708e-001
 6.0303098e-001
 6.0344517e-001
 6.0408843e-001
 6.0492194e-001
 6.0583282e-001
 6.0666603e-001
 6.0730767e-001
 6.0776663e-001
 6.0815102e-001
 6.0857391e-001
 6.0910475e-001
 6.0976559e-001
 6.1051500e-001
 6.1126679e-001
 6.1197221e-001
 6.1264133e-001
 6.1326075e-001
 6.1376870e-001
 6.1415893e-001
 6.1453575e-001
 6.1503279e-001
 6.1569166e-001
 6.1639744e-001
 6.1695945e-001
 6.1731297e-001
 6.1760265e-001
 6.1802745e-001
 6.1865938e-001
 6.1942339e-001
 6.2016910e-001
 6.2075168e-001
 6.2114656e-001
 6.2150645e-001
 6.2199134e-001
 6.2257546e-001
 6.2317121e-001
 6.2382060e-001
 6.2457514e-001
 6.2532711e-001
 6.2595284e-001
 6.2652963e-001
 6.2724251e-001
 6.2812263e-001
 6.2900370e-001
 6.2972403e-001
 6.3029033e-001
 6.3082975e-001
 6.3145465e-001
 6.3219541e-001
 6.3301659e-001
 6.3386297e-001
 6.3468856e-001
 6.3546205e-001
 6.3617700e-001
 6.3688117e-001
 6.3767111e-001
 6.3857228e-001
 6.3940865e-001
 6.3991803e-001
 6.4006120e-001
 6.4009309e-001
 6.4028138e-001
 6.4069551e-001
 6.4129835e-001
 6.4206916e-001
 6.4296490e-001
 6.4388549e-001
 6.4475673e-001
 6.4558876e-001
 6.4640605e-001
 6.4714712e-001
 6.4766097e-001
 6.4782304e-001
 6.4768499e-001
 6.4750725e-001
 6.4761025e-001
 6.4813936e-001
 6.4892715e-001
 6.4964378e-001
 6.5010893e-001
 6.5040213e-001
 6.5070719e-001
 6.5109324e-001
 6.5151256e-001
 6.5194005e-001
 6.5242004e-001
 6.5300810e-001
 6.5371805e-001
 6.5451193e-001
 6.5531069e-001
 6.5600950e-001
 6.5650892e-001
 6.5676403e-001
 6.5681714e-001
 6.5677494e-001
 6.5674734e-001
 6.5680039e-001
 6.5694594e-001
 6.5714997e-001
 6.5734470e-001
 6.5745687e-001
 6.5745437e-001
 6.5737784e-001
 6.5732181e-001
 6.5738094e-001
 6.5760911e-001
 6.5801007e-001
 6.5854353e-001
 6.5913242e-001
 6.5968204e-001
 6.6010928e-001
 6.6036880e-001
 6.6047400e-001
 6.6051710e-001
 6.6065830e-001
 6.6100717e-001
 6.6144168e-001
 6.6171575e-001
 6.6170889e-001
 6.6161329e-001
 6.6184103e-001
 6.6251814e-001
 6.6322470e-001
 6.6347790e-001
 6.6327256e-001
 6.6296518e-001
 6.6285604e-001
 6.6298383e-001
 6.6319162e-001
 6.6335166e-001
 6.6349518e-001
 6.6368115e-001
 6.6385221e-001
 6.6391844e-001
 6.6389519e-001
 6.6388005e-001
 6.6391253e-001
 6.6385812e-001
 6.6350204e-001
 6.6288835e-001
 6.6243291e-001
 6.6248101e-001
 6.6292733e-001
 6.6346294e-001
 6.6395462e-001
 6.6441065e-001
 6.6479731e-001
 6.6506475e-001
 6.6526461e-001
 6.6554540e-001
 6.6602027e-001
 6.6660410e-001
 6.6701710e-001
 6.6705114e-001
 6.6680682e-001
 6.6660726e-001
 6.6672057e-001
 6.6710496e-001
 6.6745180e-001
 6.6756058e-001
 6.6748917e-001
 6.6749483e-001
 6.6760069e-001
 6.6744155e-001
 6.6699576e-001
 6.6684526e-001
 6.6748494e-001
 6.6874713e-001
 6.6989738e-001
 6.7022371e-001
 6.6969514e-001
 6.6897953e-001
 6.6879088e-001
 6.6932029e-001
 6.7023152e-001
 6.7107654e-001
 6.7159605e-001
 6.7174405e-001
 6.7158508e-001
 6.7128742e-001
 6.7109996e-001
 6.7121756e-001
 6.7161477e-001
 6.7204916e-001
 6.7225611e-001
 6.7214322e-001
 6.7179501e-001
 6.7136192e-001
 6.7102534e-001
 6.7100847e-001
 6.7154878e-001
 6.7246783e-001
 6.7368060e-001
 6.7451042e-001
 6.7455256e-001
 6.7404515e-001
 6.7348409e-001
 6.7336619e-001
 6.7409068e-001
 6.7541784e-001
 6.7685032e-001
 6.7789012e-001
 6.7812598e-001
 6.7771959e-001
 6.7706436e-001
 6.7655450e-001
 6.7651963e-001
 6.7686236e-001
 6.7731237e-001
 6.7759871e-001
 6.7749560e-001
 6.7707574e-001
 6.7644495e-001
 6.7600584e-001
 6.7586017e-001
 6.7604572e-001
 6.7644876e-001
 6.7694956e-001
 6.7742795e-001
 6.7776752e-001
 6.7792737e-001
 6.7794150e-001
 6.7784739e-001
 6.7768246e-001
 6.7748338e-001
 6.7727166e-001
 6.7705387e-001
 6.7683607e-001
 6.7662400e-001
 6.7642403e-001
 6.7624784e-001
 6.7611307e-001
 6.7603725e-001
 6.7603821e-001
 6.7613363e-001
 6.7633152e-001
 6.7660320e-001
 6.7691100e-001
 6.7721701e-001
 6.7748356e-001
 6.7767292e-001
 6.7775559e-001
 6.7773408e-001
 6.7761856e-001
 6.7741913e-001
 6.7714584e-001
 6.7680913e-001
 6.7641890e-001
 6.7599094e-001
 6.7556274e-001
 6.7517650e-001
 6.7487478e-001
 6.7469990e-001
 6.7469436e-001
 6.7490059e-001
 6.7536086e-001
 6.7609775e-001
 6.7705745e-001
 6.7816889e-001
 6.7936039e-001
 6.8056095e-001
 6.8169886e-001
 6.8270290e-001
 6.8350184e-001
 6.8404299e-001
 6.8434411e-001
 6.8443918e-001
 6.8436229e-001
 6.8414742e-001
 6.8382853e-001
 6.8343979e-001
 6.8301523e-001
 6.8258268e-001
 6.8214762e-001
 6.8171030e-001
 6.8127090e-001
 6.8082952e-001
 6.8038666e-001
 6.7994225e-001
 6.7949677e-001
 6.7905027e-001
 6.7860311e-001
 6.7815530e-001
 6.7770725e-001
 6.7726117e-001
 6.7682618e-001
 6.7641348e-001
 6.7603374e-001
 6.7569804e-001
 6.7541736e-001
 6.7520249e-001
 6.7506444e-001
 6.7501426e-001
 6.7506260e-001
 6.7522061e-001
 6.7549914e-001
 6.7590123e-001
 6.7640173e-001
 6.7696893e-001
 6.7757142e-001
 6.7817754e-001
 6.7875588e-001
 6.7927468e-001
 6.7970258e-001
 6.8000799e-001
 6.8015939e-001
 6.8012512e-001
 6.7988640e-001
 6.7946821e-001
 6.7890567e-001
 6.7823344e-001
 6.7748660e-001
 6.7669994e-001
 6.7590839e-001
 6.7514688e-001
 6.7445022e-001
 6.7385334e-001
 6.7338085e-001
 6.7302120e-001
 6.7275500e-001
 6.7256320e-001
 6.7242628e-001
 6.7232525e-001
 6.7224061e-001
 6.7215329e-001
 6.7204380e-001
 6.7189318e-001
 6.7168802e-001
 6.7143691e-001
 6.7115265e-001
 6.7084813e-001
 6.7053628e-001
 6.7022991e-001
 6.6994190e-001
 6.6968507e-001
 6.6947246e-001
 6.6931677e-001
 6.6922534e-001
 6.6918588e-001
 6.6918224e-001
 6.6919810e-001
 6.6921735e-001
 6.6922385e-001
 6.6920120e-001
 6.6913331e-001
 6.6900384e-001
 6.6878420e-001
 6.6840303e-001
 6.6778070e-001
 6.6683728e-001
 6.6549313e-001
 6.6366810e-001
 6.6128290e-001
 6.5825719e-001
 6.5457410e-001
 6.5042055e-001
 6.4602762e-001
 6.4162421e-001
 6.3744140e-001
 6.3370830e-001
 6.3065577e-001
 6.2851334e-001
 6.2742430e-001
 6.2725037e-001
 6.2779546e-001
 6.2886351e-001
 6.3025862e-001
 6.3178450e-001
 6.3324553e-001
 6.3444543e-001
 6.3524383e-001
 6.3567859e-001
 6.3582391e-001
 6.3574290e-001
 6.3553703e-001
 6.3528407e-001
 6.3503796e-001
 6.3482767e-001
 6.3465834e-001
 6.3452023e-001
 6.3439715e-001
 6.3427156e-001
 6.3412952e-001
 6.3396686e-001
 6.3379258e-001
 6.3362557e-001
 6.3348818e-001
 6.3340276e-001
 6.3338768e-001
 6.3345414e-001
 6.3360530e-001
 6.3383776e-001
 6.3414502e-001
 6.3451791e-001
 6.3494325e-001
 6.3540107e-001
 6.3586384e-001
 6.3629824e-001
 6.3666922e-001
 6.3694578e-001
 6.3710874e-001
 6.3715875e-001
 6.3711852e-001
 6.3702834e-001
 6.3693672e-001
 6.3689113e-001
 6.3692778e-001
 6.3706452e-001
 6.3729835e-001
 6.3760930e-001
 6.3796788e-001
 6.3834280e-001
 6.3870746e-001
 6.3893813e-001
 6.3921130e-001
 6.3947785e-001
 6.3973486e-001
 6.3998133e-001
 6.4021766e-001
 6.4044541e-001
 6.4066744e-001
 6.4088702e-001
 6.4110863e-001
 6.4133704e-001
 6.4157736e-001
 6.4183462e-001
 6.4211231e-001
 6.4241189e-001
 6.4273173e-001
 6.4306664e-001
 6.4340806e-001
 6.4374483e-001
 6.4406431e-001
 6.4435458e-001
 6.4460552e-001
 6.4481026e-001
 6.4496589e-001
 6.4507324e-001
 6.4513725e-001
 6.4516640e-001
 6.4517188e-001
 6.4516580e-001
 6.4515972e-001
 6.4516252e-001
 6.4517945e-001
 6.4521170e-001
 6.4525688e-001
 6.4530975e-001
 6.4536345e-001
 6.4541066e-001
 6.4544499e-001
 6.4546192e-001
 6.4545935e-001
 6.4543790e-001
 6.4540070e-001
 6.4535284e-001
 6.4530039e-001
 6.4524996e-001
 6.4520776e-001
 6.4517897e-001
 6.4516729e-001
 6.4517468e-001
 6.4520115e-001
 6.4524472e-001
 6.4530176e-001
 6.4536685e-001
 6.4543384e-001
 6.4549589e-001
 6.4554667e-001
 6.4558101e-001
 6.4559525e-001
 6.4558780e-001
 6.4555913e-001
 6.4551121e-001
 6.4544678e-001
 6.4536870e-001
 6.4527917e-001
 6.4517933e-001
 6.4506906e-001
 6.4494759e-001
 6.4481384e-001
 6.4466691e-001
 6.4450687e-001
 6.4433491e-001
 6.4415276e-001
 6.4396286e-001
 6.4376777e-001
 6.4356959e-001
 6.4336991e-001
 6.4316964e-001
 6.4296925e-001
 6.4276880e-001
 6.4256811e-001
 6.4236653e-001
 6.4216286e-001
 6.4195520e-001
 6.4174050e-001
 6.4151502e-001
 6.4127457e-001
 6.4101499e-001
 6.4073306e-001
 6.4042699e-001
 6.4009666e-001
 6.3974380e-001
 6.3937151e-001
 6.3898349e-001
 6.3858372e-001
 6.3817531e-001
 6.3776106e-001
 6.3734281e-001
 6.3692224e-001
 6.3650131e-001
 6.3608241e-001
 6.3566887e-001
 6.3526452e-001
 6.3487369e-001
 6.3450056e-001
 6.3414848e-001
 6.3381964e-001
 6.3351488e-001
 6.3323337e-001
 6.3297290e-001
 6.3272971e-001
 6.3249910e-001
 6.3227499e-001
 6.3205069e-001
 6.3181907e-001
 6.3157248e-001
 6.3130355e-001
 6.3100576e-001
 6.3067353e-001
 6.3030314e-001
 6.2989265e-001
 6.2944192e-001
 6.2895262e-001
 6.2842691e-001
 6.2786752e-001
 6.2727600e-001
 6.2665266e-001
 6.2599558e-001
 6.2530029e-001
 6.2456053e-001
 6.2376815e-001
 6.2291479e-001
 6.2199265e-001
 6.2099528e-001
 6.1991870e-001
 6.1876082e-001
 6.1752182e-001
 6.1620283e-001
 6.1480474e-001
 6.1332768e-001
 6.1177033e-001
 6.1012924e-001
 6.0840088e-001
 6.0658139e-001
 6.0466975e-001
 6.0266876e-001
 6.0058594e-001
 5.9843594e-001
 5.9623843e-001
 5.9401935e-001
 5.9180796e-001
 5.8963406e-001
 5.8752710e-001
 5.8551198e-001
 5.8360887e-001
 5.8183187e-001
 5.8018821e-001
 5.7868081e-001
 5.7730800e-001
 5.7606673e-001
 5.7495278e-001
 5.7396162e-001
 5.7308942e-001
 5.7233173e-001
 5.7168365e-001
 5.7113904e-001
 5.7068998e-001
 5.7032728e-001
 5.7004088e-001
 5.6982017e-001
 5.6965500e-001
 5.6953603e-001
 5.6945503e-001
 5.6940514e-001
 5.6938040e-001
 5.6937593e-001
 5.6938761e-001
 5.6941211e-001
 5.6944668e-001
 5.6948918e-001
 5.6953788e-001
 5.6959093e-001
 5.6964594e-001
 5.6969976e-001
 5.6974798e-001
 5.6978530e-001
 5.6980598e-001
 5.6980425e-001
 5.6977576e-001
 5.6971788e-001
 5.6963027e-001
 5.6951493e-001
 5.6937575e-001
 5.6921780e-001
 5.6904638e-001
 5.6886661e-001
 5.6868273e-001
 5.6849813e-001
 5.6831580e-001
 5.6813812e-001
 5.6796741e-001
 5.6780607e-001
 5.6765616e-001
 5.6751949e-001
 5.6739718e-001
 5.6728983e-001
 5.6719744e-001
 5.6711990e-001
 5.6705725e-001
 5.6700987e-001
 5.6697869e-001
 5.6696445e-001
 5.6696719e-001
 5.6698567e-001
 5.6701678e-001
 5.6705540e-001
 5.6709510e-001
 5.6712872e-001
 5.6715006e-001
 5.6715471e-001
 5.6714118e-001
 5.6711107e-001
 5.6706876e-001
 5.6702065e-001
 5.6697363e-001
 5.6693387e-001
 5.6690586e-001
 5.6689131e-001
 5.6688929e-001
 5.6689626e-001
 5.6690675e-001
 5.6691408e-001
 5.6691146e-001
 5.6689280e-001
 5.6685346e-001
 5.6679070e-001
 5.6670433e-001
 5.6659627e-001
 5.6647056e-001
 5.6633270e-001
 5.6618840e-001
 5.6604278e-001
 5.6589943e-001
 5.6575924e-001
 5.6562066e-001
 5.6547958e-001
 5.6533045e-001
 5.6516755e-001
 5.6498605e-001
 5.6478322e-001
 5.6455916e-001
 5.6431615e-001
 5.6405848e-001
 5.6379062e-001
 5.6351650e-001
 5.6323808e-001
 5.6295544e-001
 5.6266648e-001
 5.6236780e-001
 5.6205583e-001
 5.6172740e-001
 5.6138068e-001
 5.6101537e-001
 5.6063217e-001
 5.6023258e-001
 5.5981779e-001
 5.5938852e-001
 5.5894446e-001
 5.5848444e-001
 5.5800694e-001
 5.5751121e-001
 5.5699790e-001
 5.5647027e-001
 5.5593479e-001
 5.5540133e-001
 5.5488300e-001
 5.5439466e-001
 5.5395186e-001
 5.5356842e-001
 5.5325484e-001
 5.5301577e-001
 5.5284894e-001
 5.5274421e-001
 5.5268419e-001
 5.5264509e-001
 5.5259943e-001
 5.5251873e-001
 5.5237699e-001
 5.5215347e-001
 5.5183554e-001
 5.5141938e-001
 5.5091017e-001
 5.5032110e-001
 5.4967058e-001
 5.4897940e-001
 5.4826838e-001
 5.4755485e-001
 5.4685181e-001
 5.4616654e-001
 5.4550028e-001
 5.4484963e-001
 5.4420733e-001
 5.4356426e-001
 5.4291075e-001
 5.4223794e-001
 5.4153943e-001
 5.4081118e-001
 5.4005259e-001
 5.3926569e-001
 5.3845423e-001
 5.3762311e-001
 5.3677660e-001
 5.3591776e-001
 5.3504717e-001
 5.3416234e-001
 5.3325826e-001
 5.3232789e-001
 5.3136283e-001
 5.3035533e-001
 5.2929854e-001
 5.2818823e-001
 5.2702254e-001
 5.2580172e-001
 5.2452844e-001
 5.2320635e-001
 5.2184033e-001
 5.2043599e-001
 5.1899898e-001
 5.1753622e-001
 5.1605457e-001
 5.1456177e-001
 5.1306558e-001
 5.1157236e-001
 5.1008791e-001
 5.0861526e-001
 5.0715607e-001
 5.0571030e-001
 5.0427663e-001
 5.0285435e-001
 5.0144351e-001
 5.0004536e-001
 4.9866286e-001
 4.9729925e-001
 4.9595806e-001
 4.9464196e-001
 4.9335176e-001
 4.9208745e-001
 4.9084759e-001
 4.8963124e-001
 4.8843828e-001
 4.8726961e-001
 4.8612818e-001
 4.8501730e-001
 4.8394054e-001
 4.8290014e-001
 4.8189551e-001
 4.8092338e-001
 4.7997671e-001
 4.7904593e-001
 4.7811922e-001
 4.7718340e-001
 4.7622550e-001
 4.7523248e-001
 4.7419247e-001
 4.7309434e-001
 4.7192711e-001
 4.7067991e-001
 4.6934119e-001
 4.6789727e-001
 4.6633267e-001
 4.6462789e-001
 4.6275979e-001
 4.6070036e-001
 4.5841527e-001
 4.5586562e-001
 4.5300633e-001
 4.4979012e-001
 4.4617036e-001
 4.4210461e-001
 4.3756476e-001
 4.3254119e-001
 4.2705438e-001
 4.2116001e-001
 4.1495016e-001
 4.0855688e-001
 4.0213960e-001
 3.9587820e-001
 3.8995388e-001
 3.8452867e-001
 3.7973151e-001
 3.7564141e-001
 3.7227762e-001
 3.6960128e-001
 3.6751810e-001
 3.6589259e-001
 3.6456355e-001
 3.6336204e-001
 3.6213014e-001
 3.6073464e-001
 3.5907832e-001
 3.5710433e-001
 3.5479492e-001
 3.5216773e-001
 3.4926543e-001
 3.4614789e-001
 3.4288207e-001
 3.3953285e-001
 3.3616057e-001
 3.3281487e-001
 3.2953683e-001
 3.2635835e-001
 3.2330224e-001
 3.2038623e-001
 3.1762108e-001
 3.1501392e-001
 3.1256759e-001
 3.1028068e-001
 3.0815011e-001
 3.0617097e-001
 3.0433717e-001
 3.0264372e-001
 3.0108562e-001
 2.9965952e-001
 2.9836282e-001
 2.9719275e-001
 2.9614711e-001
 2.9522243e-001
 2.9441494e-001
 2.9371986e-001
 2.9313165e-001
 2.9264471e-001
 2.9225317e-001
 2.9195166e-001
 2.9173511e-001
 2.9159859e-001
 2.9153740e-001
 2.9154652e-001
 2.9162049e-001
 2.9175317e-001
 2.9193762e-001
 2.9216623e-001
 2.9243085e-001
 2.9272336e-001
 2.9303598e-001
 2.9336184e-001
 2.9369524e-001
 2.9403195e-001
 2.9436940e-001
 2.9470602e-001
 2.9504123e-001
 2.9537457e-001
 2.9570496e-001
 2.9603040e-001
 2.9634726e-001
 2.9665062e-001
 2.9693449e-001
 2.9719260e-001
 2.9741979e-001
 2.9761267e-001
 2.9777113e-001
 2.9789859e-001
 2.9800221e-001
 2.9809237e-001
 2.9818141e-001
 2.9828238e-001
 2.9840732e-001
 2.9856563e-001
 2.9876307e-001
 2.9900110e-001
 2.9927677e-001
 2.9958364e-001
 2.9991266e-001
 3.0025423e-001
 3.0059934e-001
 3.0094165e-001
 3.0127832e-001
 3.0161065e-001
 3.0194378e-001
 3.0228573e-001
 3.0264580e-001
 3.0303296e-001
 3.0345353e-001
 3.0391026e-001
 3.0440110e-001
 3.0491981e-001
 3.0545726e-001
 3.0600303e-001
 3.0654833e-001
 3.0708754e-001
 3.0761981e-001
 3.0814925e-001
 3.0868337e-001
 3.0923098e-001
 3.0979976e-001
 3.1039318e-001
 3.1100979e-001
 3.1164238e-001
 3.1227970e-001
 3.1290910e-001
 3.1351909e-001
 3.1410262e-001
 3.1465831e-001
 3.1519148e-001
 3.1571311e-001
 3.1623763e-001
 3.1678039e-001
 3.1735462e-001
 3.1796885e-001
 3.1862593e-001
 3.1932211e-001
 3.2004854e-001
 3.2079268e-001
 3.2154092e-001
 3.2228139e-001
 3.2300523e-001
 3.2370788e-001
 3.2438934e-001
 3.2505262e-001
 3.2570288e-001
 3.2634494e-001
 3.2698199e-001
 3.2761517e-001
 3.2824320e-001
 3.2886374e-001
 3.2947412e-001
 3.3007225e-001
 3.3065787e-001
 3.3123258e-001
 3.3180073e-001
 3.3236858e-001
 3.3294350e-001
 3.3353278e-001
 3.3414158e-001
 3.3477217e-001
 3.3542287e-001
 3.3608818e-001
 3.3676034e-001
 3.3743054e-001
 3.3809158e-001
 3.3873874e-001
 3.3937091e-001
 3.3999076e-001
 3.4060350e-001
 3.4121579e-001
 3.4183398e-001
 3.4246147e-001
 3.4309760e-001
 3.4373632e-001
 3.4436661e-001
 3.4497437e-001
 3.4554464e-001
 3.4606534e-001
 3.4652981e-001
 3.4693924e-001
 3.4730306e-001
 3.4763700e-001
 3.4796068e-001
 3.4829411e-001
 3.4865466e-001
 3.4905514e-001
 3.4950206e-001
 3.4999472e-001
 3.5052505e-001
 3.5107857e-001
 3.5163668e-001
 3.5217905e-001
 3.5268667e-001
 3.5314453e-001
 3.5354277e-001
 3.5387799e-001
 3.5415256e-001
 3.5437408e-001
 3.5455412e-001
 3.5470605e-001
 3.5484356e-001
 3.5497901e-001
 3.5512242e-001
 3.5528055e-001
 3.5545644e-001
 3.5564965e-001
 3.5585639e-001
 3.5607019e-001
 3.5628310e-001
 3.5648671e-001
 3.5667357e-001
 3.5683817e-001
 3.5697761e-001
 3.5709199e-001
 3.5718387e-001
 3.5725784e-001
 3.5731953e-001
 3.5737452e-001
 3.5742769e-001
 3.5748237e-001
 3.5754019e-001
 3.5760078e-001
 3.5766220e-001
 3.5772118e-001
 3.5777369e-001
 3.5781538e-001
 3.5784215e-001
 3.5785046e-001
 3.5783774e-001
 3.5780254e-001
 3.5774493e-001
 3.5766631e-001
 3.5756955e-001
 3.5745886e-001
 3.5733944e-001
 3.5721719e-001
 3.5709810e-001
 3.5698786e-001
 3.5689116e-001
 3.5681155e-001
 3.5675102e-001
 3.5671017e-001
 3.5668820e-001
 3.5668352e-001
 3.5669392e-001
 3.5671720e-001
 3.5675126e-001
 3.5679442e-001
 3.5684508e-001
 3.5690156e-001
 3.5696152e-001
 3.5702142e-001
 3.5707608e-001
 3.5711840e-001
 3.5713974e-001
 3.5713029e-001
 3.5708034e-001
 3.5698155e-001
 3.5682851e-001
 3.5662004e-001
 3.5636023e-001
 3.5605848e-001
 3.5572919e-001
 3.5539040e-001
 3.5506150e-001
 3.5476124e-001
 3.5450530e-001
 3.5430419e-001
 3.5416242e-001
 3.5407773e-001
 3.5404211e-001
 3.5404277e-001
 3.5406423e-001
 3.5409001e-001
 3.5410470e-001
 3.5409525e-001
 3.5405225e-001
 3.5397044e-001
 3.5384896e-001
 3.5369137e-001
 3.5350507e-001
 3.5330072e-001
 3.5309112e-001
 3.5289007e-001
 3.5271072e-001
 3.5256445e-001
 3.5245958e-001
 3.5240036e-001
 3.5238662e-001
 3.5241371e-001
 3.5247248e-001
 3.5254976e-001
 3.5262978e-001
 3.5269567e-001
 3.5273153e-001
 3.5272428e-001
 3.5266566e-001
 3.5255280e-001
 3.5238862e-001
 3.5218078e-001
 3.5194013e-001
 3.5167876e-001
 3.5140771e-001
 3.5113537e-001
 3.5086641e-001
 3.5060152e-001
 3.5033840e-001
 3.5007289e-001
 3.4980041e-001
 3.4951752e-001
 3.4922269e-001
 3.4891737e-001
 3.4860578e-001
 3.4829512e-001
 3.4799466e-001
 3.4771460e-001
 3.4746522e-001
 3.4725523e-001
 3.4709075e-001
 3.4697461e-001
 3.4690574e-001
 3.4687966e-001
 3.4688887e-001
 3.4692383e-001
 3.4697410e-001
 3.4702942e-001
 3.4708056e-001
 3.4712014e-001
 3.4714285e-001
 3.4714571e-001
 3.4712762e-001
 3.4708920e-001
 3.4703216e-001
 3.4695885e-001
 3.4687182e-001
 3.4677356e-001
 3.4666628e-001
 3.4655172e-001
 3.4643137e-001
 3.4630647e-001
 3.4617811e-001
 3.4604743e-001
 3.4591573e-001
 3.4578454e-001
 3.4565571e-001
 3.4553137e-001
 3.4541383e-001
 3.4530559e-001
 3.4520918e-001
 3.4512696e-001
 3.4506115e-001
 3.4501353e-001
 3.4498537e-001
 3.4497720e-001
 3.4498850e-001
 3.4501740e-001
 3.4506041e-001
 3.4511185e-001
 3.4516388e-001
 3.4520638e-001
 3.4522721e-001
 3.4521320e-001
 3.4515134e-001
 3.4503028e-001
 3.4484243e-001
 3.4458578e-001
 3.4426525e-001
 3.4389380e-001
 3.4349206e-001
 3.4308714e-001
 3.4271035e-001
 3.4239373e-001
 3.4216645e-001
 3.4205106e-001
 3.4206009e-001
 3.4219420e-001
 3.4244147e-001
 3.4277853e-001
 3.4317288e-001
 3.4358710e-001
 3.4398267e-001
 3.4432480e-001
 3.4458584e-001
 3.4474805e-001
 3.4480497e-001
 3.4476081e-001
 3.4462920e-001
 3.4443039e-001
 3.4418830e-001
 3.4392729e-001
 3.4366965e-001
 3.4343344e-001
 3.4323141e-001
 3.4307095e-001
 3.4295464e-001
 3.4288120e-001
 3.4284708e-001
 3.4284762e-001
 3.4287840e-001
 3.4293595e-001
 3.4301823e-001
 3.4312475e-001
 3.4325615e-001
 3.4341356e-001
 3.4359804e-001
 3.4380943e-001
 3.4404591e-001
 3.4430340e-001
 3.4457555e-001
 3.4485441e-001
 3.4513104e-001
 3.4539637e-001
 3.4564233e-001
 3.4586218e-001
 3.4605154e-001
 3.4620821e-001
 3.4633255e-001
 3.4642765e-001
 3.4649944e-001
 3.4655607e-001
 3.4660736e-001
 3.4666371e-001
 3.4673491e-001
 3.4682891e-001
 3.4695065e-001
 3.4710172e-001
 3.4728017e-001
 3.4746552e-001
 3.4769204e-001
 3.4792528e-001
 3.4815609e-001
 3.4837615e-001
 3.4857878e-001
 3.4875944e-001
 3.4891552e-001
 3.4904587e-001
 3.4915012e-001
 3.4922820e-001
 3.4928027e-001
 3.4930652e-001
 3.4930748e-001
 3.4928387e-001
 3.4923676e-001
 3.4916762e-001
 3.4907830e-001
 3.4897092e-001
 3.4884781e-001
 3.4871140e-001
 3.4856415e-001
 3.4840843e-001
 3.4824660e-001
 3.4808084e-001
 3.4791315e-001
 3.4774518e-001
 3.4757844e-001
 3.4741423e-001
 3.4725371e-001
 3.4709808e-001
 3.4694830e-001
 3.4680513e-001
 3.4666881e-001
 3.4653887e-001
 3.4641373e-001
 3.4629062e-001
 3.4616566e-001
 3.4603426e-001
 3.4589130e-001
 3.4573150e-001
 3.4554937e-001
 3.4533957e-001
 3.4509677e-001
 3.4481579e-001
 3.4449172e-001
 3.4411976e-001
 3.4369543e-001
 3.4321445e-001
 3.4267241e-001
 3.4206524e-001
 3.4138876e-001
 3.4063917e-001
 3.3981314e-001
 3.3890784e-001
 3.3792180e-001
 3.3685425e-001
 3.3570576e-001
 3.3447769e-001
 3.3317137e-001
 3.3178896e-001
 3.3033210e-001
 3.2880291e-001
 3.2720351e-001
 3.2553536e-001
 3.2380044e-001
 3.2200071e-001
 3.2013729e-001
 3.1821221e-001
 3.1622654e-001
 3.1418189e-001
 3.1207982e-001
 3.0992058e-001
 3.0770463e-001
 3.0542985e-001
 3.0309293e-001
 3.0068833e-001
 2.9820767e-001
 2.9564220e-001
 2.9298115e-001
 2.9021427e-001
 2.8733155e-001
 2.8432247e-001
 2.8117937e-001
 2.7789548e-001
 2.7446830e-001
 2.7089900e-001
 2.6719061e-001
 2.6334977e-001
 2.5938472e-001
 2.5530291e-001
 2.5111446e-001
 2.4682839e-001
 2.4245678e-001
 2.3801447e-001
 2.3351845e-001
 2.2899179e-001
 2.2445911e-001
 2.1994932e-001
 2.1549292e-001
 2.1111949e-001
 2.0686051e-001
 2.0274442e-001
 1.9879888e-001
 1.9504765e-001
 1.9150797e-001
 1.8819299e-001
 1.8510906e-001
 1.8225986e-001
 1.7964661e-001
 1.7726839e-001
 1.7512473e-001
 1.7321321e-001
 1.7153071e-001
 1.7007151e-001
 1.6882615e-001
 1.6778196e-001
 1.6692300e-001
 1.6623053e-001
 1.6568477e-001
 1.6526507e-001
 1.6495109e-001
 1.6472337e-001
 1.6456445e-001
 1.6446039e-001
 1.6440187e-001
 1.6438484e-001
 1.6440988e-001
 1.6448101e-001
 1.6460434e-001
 1.6478685e-001
 1.6503553e-001
 1.6535644e-001
 1.6575377e-001
 1.6622813e-001
 1.6677573e-001
 1.6738753e-001
 1.6804986e-001
 1.6874586e-001
 1.6945647e-001
 1.7016181e-001
 1.7084248e-001
 1.7148010e-001
 1.7205970e-001
 1.7257117e-001
 1.7301141e-001
 1.7338520e-001
 1.7370406e-001
 1.7398483e-001
 1.7424724e-001
 1.7451234e-001
 1.7480126e-001
 1.7513351e-001
 1.7552550e-001
 1.7598799e-001
 1.7652422e-001
 1.7712931e-001
 1.7779063e-001
 1.7849028e-001
 1.7920691e-001
 1.7991768e-001
 1.8059997e-001
 1.8123227e-001
 1.8179612e-001
 1.8227844e-001
 1.8267299e-001
 1.8298151e-001
 1.8321264e-001
 1.8338026e-001
 1.8350138e-001
 1.8359436e-001
 1.8367778e-001
 1.8376933e-001
 1.8388453e-001
 1.8403539e-001
 1.8422887e-001
 1.8446660e-001
 1.8474524e-001
 1.8505776e-001
 1.8539514e-001
 1.8574722e-001
 1.8610393e-001
 1.8645571e-001
 1.8679476e-001
 1.8711619e-001
 1.8741879e-001
 1.8770580e-001
 1.8798418e-001
 1.8826373e-001
 1.8855603e-001
 1.8887331e-001
 1.8922770e-001
 1.8963081e-001
 1.9009222e-001
 1.9061883e-001
 1.9121334e-001
 1.9187403e-001
 1.9259536e-001
 1.9336858e-001
 1.9418347e-001
 1.9502860e-001
 1.9589281e-001
 1.9676434e-001
 1.9763243e-001
 1.9848716e-001
 1.9931905e-001
 2.0012040e-001
 2.0088439e-001
 2.0160511e-001
 2.0227671e-001
 2.0289409e-001
 2.0345251e-001
 2.0394751e-001
 2.0437633e-001
 2.0473832e-001
 2.0503554e-001
 2.0527358e-001
 2.0546091e-001
 2.0560811e-001
 2.0572707e-001
 2.0583028e-001
 2.0593023e-001
 2.0603892e-001
 2.0616724e-001
 2.0632419e-001
 2.0651603e-001
 2.0674628e-001
 2.0701584e-001
 2.0732352e-001
 2.0766713e-001
 2.0804390e-001
 2.0845096e-001
 2.0888512e-001
 2.0934366e-001
 2.0982412e-001
 2.1032408e-001
 2.1084191e-001
 2.1137629e-001
 2.1192586e-001
 2.1248977e-001
 2.1306707e-001
 2.1365686e-001
 2.1425746e-001
 2.1486700e-001
 2.1548238e-001
 2.1609859e-001
 2.1670929e-001
 2.1730658e-001
 2.1788104e-001
 2.1842301e-001
 2.1892256e-001
 2.1936974e-001
 2.1975589e-001
 2.2007433e-001
 2.2032186e-001
 2.2049984e-001
 2.2061498e-001
 2.2067863e-001
 2.2070552e-001
 2.2071254e-001
 2.2071739e-001
 2.2073774e-001
 2.2079030e-001
 2.2088955e-001
 2.2104631e-001
 2.2126621e-001
 2.2154935e-001
 2.2189084e-001
 2.2228178e-001
 2.2271132e-001
 2.2316764e-001
 2.2363842e-001
 2.2411230e-001
 2.2457933e-001
 2.2503230e-001
 2.2546709e-001
 2.2588387e-001
 2.2628628e-001
 2.2668022e-001
 2.2707346e-001
 2.2747438e-001
 2.2789098e-001
 2.2833076e-001
 2.2879928e-001
 2.2929859e-001
 2.2982669e-001
 2.3037668e-001
 2.3093745e-001
 2.3149429e-001
 2.3203102e-001
 2.3253064e-001
 2.3297611e-001
 2.3335209e-001
 2.3364632e-001
 2.3385145e-001
 2.3396738e-001
 2.3400170e-001
 2.3396899e-001
 2.3388904e-001
 2.3378466e-001
 2.3368001e-001
 2.3359935e-001
 2.3356570e-001
 2.3359932e-001
 2.3371574e-001
 2.3392412e-001
 2.3422661e-001
 2.3461877e-001
 2.3509163e-001
 2.3563333e-001
 2.3623089e-001
 2.3687063e-001
 2.3753977e-001
 2.3822697e-001
 2.3892272e-001
 2.3962124e-001
 2.4032032e-001
 2.4102046e-001
 2.4172500e-001
 2.4243854e-001
 2.4316642e-001
 2.4391341e-001
 2.4468406e-001
 2.4548118e-001
 2.4630414e-001
 2.4714899e-001
 2.4800743e-001
 2.4886663e-001
 2.4971153e-001
 2.5052533e-001
 2.5128996e-001
 2.5198826e-001
 2.5260413e-001
 2.5312439e-001
 2.5354043e-001
 2.5385043e-001
 2.5405985e-001
 2.5418037e-001
 2.5422880e-001
 2.5422463e-001
 2.5418872e-001
 2.5414196e-001
 2.5410447e-001
 2.5409409e-001
 2.5412503e-001
 2.5420654e-001
 2.5434223e-001
 2.5453079e-001
 2.5476721e-001
 2.5504428e-001
 2.5535366e-001
 2.5568679e-001
 2.5603533e-001
 2.5639126e-001
 2.5674781e-001
 2.5709957e-001
 2.5744271e-001
 2.5777456e-001
 2.5809374e-001
 2.5839946e-001
 2.5869107e-001
 2.5896838e-001
 2.5923154e-001
 2.5948110e-001
 2.5971889e-001
 2.5994802e-001
 2.6017311e-001
 2.6040018e-001
 2.6063621e-001
 2.6088893e-001
 2.6116604e-001
 2.6147524e-001
 2.6182356e-001
 2.6221633e-001
 2.6265651e-001
 2.6314387e-001
 2.6367393e-001
 2.6423928e-001
 2.6482981e-001
 2.6543415e-001
 2.6603973e-001
 2.6663440e-001
 2.6720628e-001
 2.6774403e-001
 2.6823825e-001
 2.6868162e-001
 2.6906878e-001
 2.6939687e-001
 2.6966447e-001
 2.6987106e-001
 2.7001661e-001
 2.7010170e-001
 2.7012753e-001
 2.7009666e-001
 2.7001393e-001
 2.6988709e-001
 2.6972747e-001
 2.6954916e-001
 2.6936865e-001
 2.6920357e-001
 2.6907218e-001
 2.6899204e-001
 2.6897910e-001
 2.6904556e-001
 2.6919746e-001
 2.6943249e-001
 2.6973888e-001
 2.7009666e-001
 2.7047974e-001
 2.7085802e-001
 2.7120021e-001
 2.7147505e-001
 2.7165323e-001
 2.7170980e-001
 2.7162719e-001
 2.7139777e-001
 2.7102524e-001
 2.7052301e-001
 2.6991192e-001
 2.6921737e-001
 2.6846617e-001
 2.6768449e-001
 2.6689476e-001
 2.6611203e-001
 2.6533774e-001
 2.6455542e-001
 2.6372936e-001
 2.6280546e-001
 2.6171649e-001
 2.6038831e-001
 2.5874346e-001
 2.5670651e-001
 2.5421259e-001
 2.5121501e-001
 2.4770011e-001
 2.4369749e-001
 2.3928869e-001
 2.3459664e-001
 2.2977658e-001
 2.2500645e-001
 2.2046885e-001
 2.1634550e-001
 2.1281013e-001
 2.1000889e-001
 2.0804782e-001
 2.0697686e-001
 2.0678464e-001
 2.0740293e-001
 2.0872307e-001
 2.1061066e-001
 2.1292078e-001
 2.1550633e-001
 2.1822242e-001
 2.2093724e-001
 2.2353834e-001
 2.2593769e-001
 2.2807829e-001
 2.2992878e-001
 2.3147751e-001
 2.3272350e-001
 2.3367263e-001
 2.3433274e-001
 2.3471200e-001
 2.3481920e-001
 2.3466288e-001
 2.3425153e-001
 2.3359351e-001
 2.3269702e-001
 2.3156989e-001
 2.3022071e-001
 2.2865728e-001
 2.2688714e-001
 2.2491905e-001
 2.2276036e-001
 2.2041804e-001
 2.1790035e-001
 2.1521358e-001
 2.1236350e-001
 2.0935768e-001
 2.0620164e-001
 2.0290177e-001
 1.9946441e-001
 1.9590062e-001
 1.9222338e-001
 1.8845300e-001
 1.8462238e-001
 1.8077284e-001
 1.7695567e-001
 1.7323220e-001
 1.6966528e-001
 1.6632015e-001
 1.6326022e-001
 1.6054632e-001
 1.5822674e-001
 1.5633301e-001
 1.5487474e-001
 1.5383431e-001
 1.5317133e-001
 1.5282862e-001
 1.5273833e-001
 1.5282817e-001
 1.5302505e-001
 1.5325843e-001
 1.5346421e-001
 1.5358913e-001
 1.5359460e-001
 1.5345846e-001
 1.5317324e-001
 1.5274251e-001
 1.5217629e-001
 1.5148772e-001
 1.5069194e-001
 1.4980455e-001
 1.4884241e-001
 1.4782381e-001
 1.4677013e-001
 1.4570449e-001
 1.4465232e-001
 1.4364146e-001
 1.4269993e-001
 1.4185606e-001
 1.4113827e-001
 1.4057258e-001
 1.4018150e-001
 1.3998130e-001
 1.3998000e-001
 1.4017616e-001
 1.4056006e-001
 1.4111555e-001
 1.4182296e-001
 1.4266098e-001
 1.4360709e-001
 1.4463952e-001
 1.4573723e-001
 1.4687964e-001
 1.4804867e-001
 1.4922783e-001
 1.5040268e-001
 1.5155916e-001
 1.5268482e-001
 1.5376769e-001
 1.5479535e-001
 1.5575676e-001
 1.5664187e-001
 1.5744182e-001
 1.5815078e-001
 1.5876526e-001
 1.5928431e-001
 1.5970837e-001
 1.6003937e-001
 1.6027972e-001
 1.6043195e-001
 1.6049905e-001
 1.6048433e-001
 1.6039184e-001
 1.6022655e-001
 1.5999448e-001
 1.5970273e-001
 1.5935880e-001
 1.5897055e-001
 1.5854572e-001
 1.5809213e-001
 1.5761659e-001
 1.5712470e-001
 1.5662044e-001
 1.5610492e-001
 1.5557633e-001
 1.5503065e-001
 1.5446137e-001
 1.5386085e-001
 1.5322073e-001
 1.5253296e-001
 1.5178926e-001
 1.5098159e-001
 1.5010294e-001
 1.4918272e-001
 1.4838910e-001
 1.4728327e-001
 1.4613771e-001
 1.4497124e-001
 1.4380293e-001
 1.4265157e-001
 1.4153682e-001
 1.4047742e-001
 1.3949247e-001
 1.3860102e-001
 1.3782021e-001
 1.3715085e-001
 1.3658406e-001
 1.3611104e-001
 1.3572294e-001
 1.3541111e-001
 1.3516670e-001
 1.3498087e-001
 1.3484487e-001
 1.3474995e-001
 1.3468726e-001
 1.3464803e-001
 1.3462344e-001
 1.3460477e-001
 1.3458376e-001
 1.3455759e-001
 1.3452624e-001
 1.3448977e-001
 1.3444823e-001
 1.3440171e-001
 1.3435018e-001
 1.3429374e-001
 1.3423243e-001
 1.3416629e-001
 1.3409536e-001
 1.3401967e-001
 1.3393933e-001
 1.3385431e-001
 1.3376474e-001
 1.3367061e-001
 1.3357195e-001
 1.3346885e-001
 1.3336134e-001
 1.3324921e-001
 1.3313212e-001
 1.3300982e-001
 1.3288200e-001
 1.3274835e-001
 1.3260853e-001
 1.3246234e-001
 1.3230936e-001
 1.3214938e-001
 1.3198203e-001
 1.3180700e-001
 1.3162406e-001
 1.3143289e-001
 1.3123316e-001
 1.3102449e-001
 1.3080674e-001
 1.3057953e-001
 1.3034254e-001
 1.3009545e-001
 1.2983803e-001
 1.2956993e-001
 1.2929094e-001
 1.2900136e-001
 1.2870207e-001
 1.2839372e-001
 1.2807702e-001
 1.2775268e-001
 1.2742135e-001
 1.2708388e-001
 1.2674095e-001
 1.2639326e-001
 1.2604144e-001
 1.2568639e-001
 1.2532875e-001
 1.2496919e-001
 1.2460840e-001
 1.2424724e-001
 1.2388635e-001
 1.2352646e-001
 1.2316829e-001
 1.2281244e-001
 1.2245982e-001
 1.2211108e-001
 1.2176691e-001
 1.2142797e-001
 1.2109514e-001
 1.2076902e-001
 1.2045030e-001
 1.2013892e-001
 1.1983478e-001
 1.1953752e-001
 1.1924686e-001
 1.1896257e-001
 1.1868429e-001
 1.1841190e-001
 1.1814505e-001
 1.1788347e-001
 1.1762685e-001
 1.1737504e-001
 1.1712771e-001
 1.1688456e-001
 1.1664533e-001
 1.1640981e-001
 1.1617770e-001
 1.1594873e-001
 1.1572258e-001
 1.1549908e-001
 1.1527792e-001
 1.1505883e-001
 1.1484153e-001
 1.1462571e-001
 1.1441122e-001
 1.1419772e-001
 1.1398494e-001
 1.1377259e-001
 1.1356047e-001
 1.1334827e-001
 1.1313578e-001
 1.1292304e-001
 1.1271039e-001
 1.1249804e-001
