s07_ASD Record=5409: Hornblende_Fe HS115.3B        BECKc AREF
 7.9839930e-002
 8.0228008e-002
 8.0636978e-002
 8.1055544e-002
 8.1474587e-002
 8.1891477e-002
 8.2309842e-002
 8.2735278e-002
 8.3170854e-002
 8.3614640e-002
 8.4060207e-002
 8.4498331e-002
 8.4918760e-002
 8.5311145e-002
 8.5666716e-002
 8.5980318e-002
 8.6251542e-002
 8.6484067e-002
 8.6683966e-002
 8.6857513e-002
 8.7008543e-002
 8.7136507e-002
 8.7236881e-002
 8.7303907e-002
 8.7334342e-002
 8.7331034e-002
 8.7305620e-002
 8.7276608e-002
 8.7263070e-002
 8.7279685e-002
 8.7335378e-002
 8.7433755e-002
 8.7574556e-002
 8.7754637e-002
 8.7965138e-002
 8.8190429e-002
 8.8412717e-002
 8.8616647e-002
 8.8793226e-002
 8.8941738e-002
 8.9068696e-002
 8.9184061e-002
 8.9296632e-002
 8.9410201e-002
 8.9521945e-002
 8.9623824e-002
 8.9706086e-002
 8.9761488e-002
 8.9788280e-002
 8.9791276e-002
 8.9780778e-002
 8.9770079e-002
 8.9772001e-002
 8.9795701e-002
 8.9845307e-002
 8.9921251e-002
 9.0022773e-002
 9.0149008e-002
 9.0299428e-002
 9.0474404e-002
 9.0667494e-002
 9.0870455e-002
 9.1084115e-002
 9.1315009e-002
 9.1580808e-002
 9.1895811e-002
 9.2255645e-002
 9.2643186e-002
 9.3038023e-002
 9.3424290e-002
 9.3800180e-002
 9.4178692e-002
 9.4577037e-002
 9.5004216e-002
 9.5455796e-002
 9.5918737e-002
 9.6381903e-002
 9.6843898e-002
 9.7312056e-002
 9.7794808e-002
 9.8294646e-002
 9.8806471e-002
 9.9320605e-002
 9.9824332e-002
 1.0029925e-001
 1.0071701e-001
 1.0104022e-001
 1.0123239e-001
 1.0127285e-001
 1.0116874e-001
 1.0095647e-001
 1.0069224e-001
 1.0043661e-001
 1.0024032e-001
 1.0013644e-001
 1.0013927e-001
 1.0024711e-001
 1.0044836e-001
 1.0072785e-001
 1.0107061e-001
 1.0146048e-001
 1.0187750e-001
 1.0229903e-001
 1.0270540e-001
 1.0308619e-001
 1.0344249e-001
 1.0378086e-001
 1.0410689e-001
 1.0442521e-001
 1.0474271e-001
 1.0506762e-001
 1.0540456e-001
 1.0575298e-001
 1.0611086e-001
 1.0647752e-001
 1.0685189e-001
 1.0723073e-001
 1.0761199e-001
 1.0800040e-001
 1.0840977e-001
 1.0885879e-001
 1.0936148e-001
 1.0991565e-001
 1.1049764e-001
 1.1107085e-001
 1.1160499e-001
 1.1209141e-001
 1.1254099e-001
 1.1296808e-001
 1.1337679e-001
 1.1376133e-001
 1.1411601e-001
 1.1444213e-001
 1.1474645e-001
 1.1503587e-001
 1.1531434e-001
 1.1558112e-001
 1.1582756e-001
 1.1603192e-001
 1.1615617e-001
 1.1615279e-001
 1.1598741e-001
 1.1567017e-001
 1.1527127e-001
 1.1490047e-001
 1.1465975e-001
 1.1460278e-001
 1.1472668e-001
 1.1499202e-001
 1.1534959e-001
 1.1575595e-001
 1.1617364e-001
 1.1656483e-001
 1.1689252e-001
 1.1713527e-001
 1.1730357e-001
 1.1743654e-001
 1.1757468e-001
 1.1773072e-001
 1.1788790e-001
 1.1802766e-001
 1.1815646e-001
 1.1830301e-001
 1.1849295e-001
 1.1872831e-001
 1.1898200e-001
 1.1920246e-001
 1.1933214e-001
 1.1934195e-001
 1.1925419e-001
 1.1912477e-001
 1.1900368e-001
 1.1891778e-001
 1.1887894e-001
 1.1888565e-001
 1.1891514e-001
 1.1893255e-001
 1.1891421e-001
 1.1885305e-001
 1.1874449e-001
 1.1858395e-001
 1.1838165e-001
 1.1816761e-001
 1.1797684e-001
 1.1783600e-001
 1.1776195e-001
 1.1775973e-001
 1.1781400e-001
 1.1788677e-001
 1.1792915e-001
 1.1790010e-001
 1.1778391e-001
 1.1760148e-001
 1.1740591e-001
 1.1725379e-001
 1.1716437e-001
 1.1710139e-001
 1.1700293e-001
 1.1683983e-001
 1.1664294e-001
 1.1646637e-001
 1.1633185e-001
 1.1622317e-001
 1.1612551e-001
 1.1604375e-001
 1.1597511e-001
 1.1588301e-001
 1.1571909e-001
 1.1547747e-001
 1.1521686e-001
 1.1501451e-001
 1.1489791e-001
 1.1482941e-001
 1.1475147e-001
 1.1463267e-001
 1.1447214e-001
 1.1427654e-001
 1.1404581e-001
 1.1378058e-001
 1.1349501e-001
 1.1321681e-001
 1.1298162e-001
 1.1282779e-001
 1.1277100e-001
 1.1275910e-001
 1.1267967e-001
 1.1246524e-001
 1.1218624e-001
 1.1198785e-001
 1.1192781e-001
 1.1191633e-001
 1.1182567e-001
 1.1163302e-001
 1.1143098e-001
 1.1129459e-001
 1.1117394e-001
 1.1096144e-001
 1.1063968e-001
 1.1030301e-001
 1.1004736e-001
 1.0989825e-001
 1.0984311e-001
 1.0987551e-001
 1.0997508e-001
 1.1005972e-001
 1.1000702e-001
 1.0976841e-001
 1.0944431e-001
 1.0919194e-001
 1.0905299e-001
 1.0892981e-001
 1.0872884e-001
 1.0846624e-001
 1.0822269e-001
 1.0802718e-001
 1.0781970e-001
 1.0753934e-001
 1.0720926e-001
 1.0691982e-001
 1.0675260e-001
 1.0672595e-001
 1.0678014e-001
 1.0681381e-001
 1.0677724e-001
 1.0670665e-001
 1.0662160e-001
 1.0647464e-001
 1.0626493e-001
 1.0607996e-001
 1.0596170e-001
 1.0583889e-001
 1.0563717e-001
 1.0538659e-001
 1.0518966e-001
 1.0512011e-001
 1.0515646e-001
 1.0517393e-001
 1.0502388e-001
 1.0469001e-001
 1.0434613e-001
 1.0419308e-001
 1.0424601e-001
 1.0432809e-001
 1.0430551e-001
 1.0421601e-001
 1.0412201e-001
 1.0400257e-001
 1.0384449e-001
 1.0370773e-001
 1.0363534e-001
 1.0359826e-001
 1.0357333e-001
 1.0358127e-001
 1.0360419e-001
 1.0355148e-001
 1.0335545e-001
 1.0304447e-001
 1.0270299e-001
 1.0241867e-001
 1.0226904e-001
 1.0226496e-001
 1.0228294e-001
 1.0216960e-001
 1.0196042e-001
 1.0185805e-001
 1.0193944e-001
 1.0204657e-001
 1.0202499e-001
 1.0190419e-001
 1.0178612e-001
 1.0170596e-001
 1.0166142e-001
 1.0166523e-001
 1.0170677e-001
 1.0172562e-001
 1.0166662e-001
 1.0152804e-001
 1.0134002e-001
 1.0114041e-001
 1.0098650e-001
 1.0095446e-001
 1.0107513e-001
 1.0126520e-001
 1.0136899e-001
 1.0128710e-001
 1.0105696e-001
 1.0081383e-001
 1.0067268e-001
 1.0064233e-001
 1.0065054e-001
 1.0064374e-001
 1.0065486e-001
 1.0077051e-001
 1.0102811e-001
 1.0134602e-001
 1.0156530e-001
 1.0157049e-001
 1.0137570e-001
 1.0110015e-001
 1.0087150e-001
 1.0075247e-001
 1.0073684e-001
 1.0078415e-001
 1.0084808e-001
 1.0088895e-001
 1.0088102e-001
 1.0081950e-001
 1.0072732e-001
 1.0066359e-001
 1.0071880e-001
 1.0096707e-001
 1.0138123e-001
 1.0178684e-001
 1.0196128e-001
 1.0190181e-001
 1.0186539e-001
 1.0211343e-001
 1.0255916e-001
 1.0273775e-001
 1.0243253e-001
 1.0205483e-001
 1.0205824e-001
 1.0233536e-001
 1.0253911e-001
 1.0262361e-001
 1.0277622e-001
 1.0308072e-001
 1.0342580e-001
 1.0363990e-001
 1.0367440e-001
 1.0365685e-001
 1.0372916e-001
 1.0389134e-001
 1.0405345e-001
 1.0416264e-001
 1.0423867e-001
 1.0434503e-001
 1.0455476e-001
 1.0489887e-001
 1.0529855e-001
 1.0559044e-001
 1.0570350e-001
 1.0577112e-001
 1.0598993e-001
 1.0640221e-001
 1.0683500e-001
 1.0704814e-001
 1.0700739e-001
 1.0696391e-001
 1.0715082e-001
 1.0751326e-001
 1.0785113e-001
 1.0809641e-001
 1.0835753e-001
 1.0875761e-001
 1.0922693e-001
 1.0952475e-001
 1.0953298e-001
 1.0937480e-001
 1.0938639e-001
 1.0974240e-001
 1.1023906e-001
 1.1066908e-001
 1.1101270e-001
 1.1130477e-001
 1.1156435e-001
 1.1179417e-001
 1.1199804e-001
 1.1219826e-001
 1.1243506e-001
 1.1274375e-001
 1.1312892e-001
 1.1356461e-001
 1.1401462e-001
 1.1444333e-001
 1.1481775e-001
 1.1511233e-001
 1.1532015e-001
 1.1545454e-001
 1.1555109e-001
 1.1568695e-001
 1.1597366e-001
 1.1647931e-001
 1.1711409e-001
 1.1766024e-001
 1.1794181e-001
 1.1794738e-001
 1.1785024e-001
 1.1792216e-001
 1.1823868e-001
 1.1877155e-001
 1.1926441e-001
 1.1954914e-001
 1.1965994e-001
 1.1971209e-001
 1.1982121e-001
 1.2008266e-001
 1.2045969e-001
 1.2086221e-001
 1.2120005e-001
 1.2139982e-001
 1.2149959e-001
 1.2158241e-001
 1.2173149e-001
 1.2201335e-001
 1.2238473e-001
 1.2275776e-001
 1.2304446e-001
 1.2317208e-001
 1.2316942e-001
 1.2309513e-001
 1.2305074e-001
 1.2309632e-001
 1.2325125e-001
 1.2348606e-001
 1.2376926e-001
 1.2406927e-001
 1.2435502e-001
 1.2460575e-001
 1.2481081e-001
 1.2496007e-001
 1.2504335e-001
 1.2505142e-001
 1.2499556e-001
 1.2490726e-001
 1.2481897e-001
 1.2476303e-001
 1.2477045e-001
 1.2484103e-001
 1.2494404e-001
 1.2504748e-001
 1.2511933e-001
 1.2512757e-001
 1.2505111e-001
 1.2491115e-001
 1.2473913e-001
 1.2456651e-001
 1.2442476e-001
 1.2434531e-001
 1.2435027e-001
 1.2442569e-001
 1.2454897e-001
 1.2469748e-001
 1.2484862e-001
 1.2497976e-001
 1.2506831e-001
 1.2509680e-001
 1.2506738e-001
 1.2498689e-001
 1.2486214e-001
 1.2469996e-001
 1.2450719e-001
 1.2429062e-001
 1.2405715e-001
 1.2381461e-001
 1.2357513e-001
 1.2335167e-001
 1.2315732e-001
 1.2300505e-001
 1.2290794e-001
 1.2287895e-001
 1.2293114e-001
 1.2307072e-001
 1.2327854e-001
 1.2352946e-001
 1.2379844e-001
 1.2406036e-001
 1.2429015e-001
 1.2446270e-001
 1.2455294e-001
 1.2454244e-001
 1.2443742e-001
 1.2424975e-001
 1.2399133e-001
 1.2367398e-001
 1.2330964e-001
 1.2291013e-001
 1.2248739e-001
 1.2205324e-001
 1.2161963e-001
 1.2119833e-001
 1.2080132e-001
 1.2043889e-001
 1.2011591e-001
 1.1983588e-001
 1.1960245e-001
 1.1941911e-001
 1.1928949e-001
 1.1921711e-001
 1.1920556e-001
 1.1925839e-001
 1.1937919e-001
 1.1957150e-001
 1.1983893e-001
 1.2018123e-001
 1.2058484e-001
 1.2103307e-001
 1.2150942e-001
 1.2199716e-001
 1.2247980e-001
 1.2294060e-001
 1.2336307e-001
 1.2373052e-001
 1.2402636e-001
 1.2423401e-001
 1.2434205e-001
 1.2435748e-001
 1.2429129e-001
 1.2415449e-001
 1.2395808e-001
 1.2371305e-001
 1.2343046e-001
 1.2312125e-001
 1.2279648e-001
 1.2246712e-001
 1.2214357e-001
 1.2183402e-001
 1.2154616e-001
 1.2128776e-001
 1.2106649e-001
 1.2089014e-001
 1.2076637e-001
 1.2070294e-001
 1.2070756e-001
 1.2078796e-001
 1.2094651e-001
 1.2116728e-001
 1.2143049e-001
 1.2171629e-001
 1.2200491e-001
 1.2227647e-001
 1.2251119e-001
 1.2268928e-001
 1.2279087e-001
 1.2279620e-001
 1.2269547e-001
 1.2251281e-001
 1.2227955e-001
 1.2202688e-001
 1.2178617e-001
 1.2158861e-001
 1.2146553e-001
 1.2144820e-001
 1.2156786e-001
 1.2184110e-001
 1.2223554e-001
 1.2270849e-001
 1.2321749e-001
 1.2371980e-001
 1.2417293e-001
 1.2453418e-001
 1.2476104e-001
 1.2482708e-001
 1.2475926e-001
 1.2459558e-001
 1.2437394e-001
 1.2413236e-001
 1.2390879e-001
 1.2374120e-001
 1.2366751e-001
 1.2371181e-001
 1.2385288e-001
 1.2406035e-001
 1.2430374e-001
 1.2455266e-001
 1.2477667e-001
 1.2494539e-001
 1.2502839e-001
 1.2500912e-001
 1.2491587e-001
 1.2478592e-001
 1.2466975e-001
 1.2459370e-001
 1.2459812e-001
 1.2470700e-001
 1.2492362e-001
 1.2523271e-001
 1.2560645e-001
 1.2601113e-001
 1.2641199e-001
 1.2677889e-001
 1.2709492e-001
 1.2736185e-001
 1.2759493e-001
 1.2781465e-001
 1.2804070e-001
 1.2828597e-001
 1.2855045e-001
 1.2881908e-001
 1.2906557e-001
 1.2925890e-001
 1.2936984e-001
 1.2937899e-001
 1.2928477e-001
 1.2910636e-001
 1.2887895e-001
 1.2864514e-001
 1.2844592e-001
 1.2831160e-001
 1.2825394e-001
 1.2826368e-001
 1.2831518e-001
 1.2837495e-001
 1.2841164e-001
 1.2840602e-001
 1.2835895e-001
 1.2829372e-001
 1.2825142e-001
 1.2828118e-001
 1.2842791e-001
 1.2871949e-001
 1.2964997e-001
 1.2999350e-001
 1.3035594e-001
 1.3072020e-001
 1.3106926e-001
 1.3138817e-001
 1.3166590e-001
 1.3189651e-001
 1.3207942e-001
 1.3221945e-001
 1.3232537e-001
 1.3240834e-001
 1.3247997e-001
 1.3255048e-001
 1.3262764e-001
 1.3271648e-001
 1.3281958e-001
 1.3293768e-001
 1.3307029e-001
 1.3321632e-001
 1.3337469e-001
 1.3354458e-001
 1.3372585e-001
 1.3391905e-001
 1.3412561e-001
 1.3434786e-001
 1.3458873e-001
 1.3485157e-001
 1.3513924e-001
 1.3545327e-001
 1.3579290e-001
 1.3615419e-001
 1.3653003e-001
 1.3691010e-001
 1.3728186e-001
 1.3763233e-001
 1.3794957e-001
 1.3822527e-001
 1.3845618e-001
 1.3864547e-001
 1.3880283e-001
 1.3894342e-001
 1.3908607e-001
 1.3925086e-001
 1.3945630e-001
 1.3971698e-001
 1.4004155e-001
 1.4043157e-001
 1.4088170e-001
 1.4138003e-001
 1.4191006e-001
 1.4245245e-001
 1.4298744e-001
 1.4349736e-001
 1.4396808e-001
 1.4439073e-001
 1.4476211e-001
 1.4508465e-001
 1.4536576e-001
 1.4561637e-001
 1.4584957e-001
 1.4607881e-001
 1.4631662e-001
 1.4657362e-001
 1.4685787e-001
 1.4717475e-001
 1.4752719e-001
 1.4791572e-001
 1.4833890e-001
 1.4879286e-001
 1.4927129e-001
 1.4976545e-001
 1.5026397e-001
 1.5075424e-001
 1.5122363e-001
 1.5166192e-001
 1.5206389e-001
 1.5243097e-001
 1.5277241e-001
 1.5310432e-001
 1.5344726e-001
 1.5382272e-001
 1.5424855e-001
 1.5473565e-001
 1.5528528e-001
 1.5588894e-001
 1.5653034e-001
 1.5718831e-001
 1.5784100e-001
 1.5846986e-001
 1.5906174e-001
 1.5961055e-001
 1.6011624e-001
 1.6058339e-001
 1.6101922e-001
 1.6143103e-001
 1.6182511e-001
 1.6220571e-001
 1.6257523e-001
 1.6293502e-001
 1.6328588e-001
 1.6362928e-001
 1.6396746e-001
 1.6430363e-001
 1.6464177e-001
 1.6498569e-001
 1.6533867e-001
 1.6570260e-001
 1.6607779e-001
 1.6646326e-001
 1.6685672e-001
 1.6725567e-001
 1.6765776e-001
 1.6806138e-001
 1.6846605e-001
 1.6887192e-001
 1.6927949e-001
 1.6968904e-001
 1.7009991e-001
 1.7051059e-001
 1.7091861e-001
 1.7132115e-001
 1.7171595e-001
 1.7210150e-001
 1.7247792e-001
 1.7284650e-001
 1.7320947e-001
 1.7356944e-001
 1.7392841e-001
 1.7428774e-001
 1.7464776e-001
 1.7500834e-001
 1.7536956e-001
 1.7573217e-001
 1.7609832e-001
 1.7647146e-001
 1.7685589e-001
 1.7725626e-001
 1.7767614e-001
 1.7811735e-001
 1.7857933e-001
 1.7905873e-001
 1.7955017e-001
 1.8004663e-001
 1.8054081e-001
 1.8102649e-001
 1.8149903e-001
 1.8195647e-001
 1.8239908e-001
 1.8282902e-001
 1.8324962e-001
 1.8366380e-001
 1.8407366e-001
 1.8447958e-001
 1.8488064e-001
 1.8527541e-001
 1.8566282e-001
 1.8604383e-001
 1.8642184e-001
 1.8680297e-001
 1.8719546e-001
 1.8760785e-001
 1.8804759e-001
 1.8851891e-001
 1.8902199e-001
 1.8955281e-001
 1.9010372e-001
 1.9066493e-001
 1.9122663e-001
 1.9178011e-001
 1.9231942e-001
 1.9284141e-001
 1.9334556e-001
 1.9383365e-001
 1.9430852e-001
 1.9477391e-001
 1.9523364e-001
 1.9569170e-001
 1.9615230e-001
 1.9661945e-001
 1.9709708e-001
 1.9758821e-001
 1.9809447e-001
 1.9861588e-001
 1.9915016e-001
 1.9969338e-001
 2.0024015e-001
 2.0078453e-001
 2.0132120e-001
 2.0184578e-001
 2.0235553e-001
 2.0284966e-001
 2.0332880e-001
 2.0379542e-001
 2.0425314e-001
 2.0470697e-001
 2.0516346e-001
 2.0563011e-001
 2.0611544e-001
 2.0662773e-001
 2.0717391e-001
 2.0775841e-001
 2.0838133e-001
 2.0903832e-001
 2.0972018e-001
 2.1041410e-001
 2.1110587e-001
 2.1178155e-001
 2.1243028e-001
 2.1304531e-001
 2.1362481e-001
 2.1417163e-001
 2.1469168e-001
 2.1519248e-001
 2.1568172e-001
 2.1616574e-001
 2.1664953e-001
 2.1713646e-001
 2.1762896e-001
 2.1812938e-001
 2.1864010e-001
 2.1916407e-001
 2.1970421e-001
 2.2026303e-001
 2.2084233e-001
 2.2144225e-001
 2.2206178e-001
 2.2269842e-001
 2.2334887e-001
 2.2400999e-001
 2.2467893e-001
 2.2535418e-001
 2.2603528e-001
 2.2672299e-001
 2.2741896e-001
 2.2812462e-001
 2.2884105e-001
 2.2956778e-001
 2.3030259e-001
 2.3104183e-001
 2.3178026e-001
 2.3251195e-001
 2.3323160e-001
 2.3393473e-001
 2.3461919e-001
 2.3528498e-001
 2.3593460e-001
 2.3657283e-001
 2.3720564e-001
 2.3783988e-001
 2.3848195e-001
 2.3913734e-001
 2.3981024e-001
 2.4050280e-001
 2.4121575e-001
 2.4194792e-001
 2.4269684e-001
 2.4345919e-001
 2.4423048e-001
 2.4500582e-001
 2.4577942e-001
 2.4654491e-001
 2.4729578e-001
 2.4802533e-001
 2.4872743e-001
 2.4939774e-001
 2.5003389e-001
 2.5063691e-001
 2.5121102e-001
 2.5176379e-001
 2.5230551e-001
 2.5284743e-001
 2.5340098e-001
 2.5397560e-001
 2.5457770e-001
 2.5521040e-001
 2.5587273e-001
 2.5656092e-001
 2.5726888e-001
 2.5798956e-001
 2.5871646e-001
 2.5944415e-001
 2.6016939e-001
 2.6089111e-001
 2.6161048e-001
 2.6233077e-001
 2.6305610e-001
 2.6379138e-001
 2.6454088e-001
 2.6530740e-001
 2.6609203e-001
 2.6689309e-001
 2.6770625e-001
 2.6852530e-001
 2.6934245e-001
 2.7015013e-001
 2.7094182e-001
 2.7171361e-001
 2.7246526e-001
 2.7319968e-001
 2.7392340e-001
 2.7464464e-001
 2.7537227e-001
 2.7611455e-001
 2.7687743e-001
 2.7766439e-001
 2.7847597e-001
 2.7931014e-001
 2.8016329e-001
 2.8103027e-001
 2.8190556e-001
 2.8278312e-001
 2.8365666e-001
 2.8452042e-001
 2.8536883e-001
 2.8619736e-001
 2.8700355e-001
 2.8778675e-001
 2.8854948e-001
 2.8929636e-001
 2.9003379e-001
 2.9076907e-001
 2.9150853e-001
 2.9225707e-001
 2.9301691e-001
 2.9378799e-001
 2.9456881e-001
 2.9535684e-001
 2.9615051e-001
 2.9694921e-001
 2.9775396e-001
 2.9856730e-001
 2.9939181e-001
 3.0022961e-001
 3.0108088e-001
 3.0194330e-001
 3.0281231e-001
 3.0368084e-001
 3.0454054e-001
 3.0538300e-001
 3.0620009e-001
 3.0698568e-001
 3.0773538e-001
 3.0844751e-001
 3.0912313e-001
 3.0976579e-001
 3.1038168e-001
 3.1097910e-001
 3.1156781e-001
 3.1215885e-001
 3.1276268e-001
 3.1338885e-001
 3.1404406e-001
 3.1473109e-001
 3.1544816e-001
 3.1618771e-001
 3.1693676e-001
 3.1767672e-001
 3.1838456e-001
 3.1903425e-001
 3.1959763e-001
 3.2004678e-001
 3.2035506e-001
 3.2049897e-001
 3.2045940e-001
 3.2022256e-001
 3.1978121e-001
 3.1913522e-001
 3.1829259e-001
 3.1726959e-001
 3.1609157e-001
 3.1479266e-001
 3.1341407e-001
 3.1200328e-001
 3.1060961e-001
 3.0928144e-001
 3.0806094e-001
 3.0697942e-001
 3.0605450e-001
 3.0528715e-001
 3.0466267e-001
 3.0415282e-001
 3.0372038e-001
 3.0332634e-001
 3.0293676e-001
 3.0253050e-001
 3.0210486e-001
 3.0167893e-001
 3.0129406e-001
 3.0101028e-001
 3.0089992e-001
 3.0103901e-001
 3.0149755e-001
 3.0233046e-001
 3.0357069e-001
 3.0522606e-001
 3.0727777e-001
 3.0968520e-001
 3.1238970e-001
 3.1532213e-001
 3.1841108e-001
 3.2158652e-001
 3.2478741e-001
 3.2796189e-001
 3.3106935e-001
 3.3408120e-001
 3.3697668e-001
 3.3974394e-001
 3.4237581e-001
 3.4486920e-001
 3.4722507e-001
 3.4944588e-001
 3.5153762e-001
 3.5350791e-001
 3.5536644e-001
 3.5712519e-001
 3.5879618e-001
 3.6039108e-001
 3.6192083e-001
 3.6339349e-001
 3.6481535e-001
 3.6618978e-001
 3.6751828e-001
 3.6880162e-001
 3.7003949e-001
 3.7123218e-001
 3.7238002e-001
 3.7348375e-001
 3.7454501e-001
 3.7556523e-001
 3.7654659e-001
 3.7749133e-001
 3.7840214e-001
 3.7928295e-001
 3.8013813e-001
 3.8097337e-001
 3.8179487e-001
 3.8260919e-001
 3.8342294e-001
 3.8424158e-001
 3.8506916e-001
 3.8590813e-001
 3.8675830e-001
 3.8761789e-001
 3.8848284e-001
 3.8934779e-001
 3.9020696e-001
 3.9105439e-001
 3.9188534e-001
 3.9269629e-001
 3.9348578e-001
 3.9425492e-001
 3.9500654e-001
 3.9574555e-001
 3.9647782e-001
 3.9720964e-001
 3.9794719e-001
 3.9869526e-001
 3.9945772e-001
 4.0023655e-001
 4.0103242e-001
 4.0184513e-001
 4.0267360e-001
 4.0351617e-001
 4.0437111e-001
 4.0523568e-001
 4.0610668e-001
 4.0697941e-001
 4.0784806e-001
 4.0870643e-001
 4.0954790e-001
 4.1036746e-001
 4.1116199e-001
 4.1193163e-001
 4.1268021e-001
 4.1341427e-001
 4.1414279e-001
 4.1487485e-001
 4.1561824e-001
 4.1637817e-001
 4.1715556e-001
 4.1794780e-001
 4.1874853e-001
 4.1954935e-001
 4.2034185e-001
 4.2111877e-001
 4.2187631e-001
 4.2261404e-001
 4.2333543e-001
 4.2404687e-001
 4.2475572e-001
 4.2546862e-001
 4.2618996e-001
 4.2692032e-001
 4.2765707e-001
 4.2839459e-001
 4.2912644e-001
 4.2984754e-001
 4.3055537e-001
 4.3125173e-001
 4.3194214e-001
 4.3263483e-001
 4.3333933e-001
 4.3406376e-001
 4.3481395e-001
 4.3559203e-001
 4.3639654e-001
 4.3722385e-001
 4.3806863e-001
 4.3892586e-001
 4.3979120e-001
 4.4066143e-001
 4.4153449e-001
 4.4240832e-001
 4.4328028e-001
 4.4414702e-001
 4.4500360e-001
 4.4584474e-001
 4.4666466e-001
 4.4745862e-001
 4.4822395e-001
 4.4895971e-001
 4.4966751e-001
 4.5035067e-001
 4.5101410e-001
 4.5166427e-001
 4.5230862e-001
 4.5295548e-001
 4.5361307e-001
 4.5428887e-001
 4.5498931e-001
 4.5571834e-001
 4.5647761e-001
 4.5726544e-001
 4.5807675e-001
 4.5890382e-001
 4.5973673e-001
 4.6056509e-001
 4.6137881e-001
 4.6216920e-001
 4.6293002e-001
 4.6365744e-001
 4.6435037e-001
 4.6501103e-001
 4.6564385e-001
 4.6625566e-001
 4.6685460e-001
 4.6744958e-001
 4.6804982e-001
 4.6866369e-001
 4.6929881e-001
 4.6996108e-001
 4.7065443e-001
 4.7138098e-001
 4.7214034e-001
 4.7293070e-001
 4.7374821e-001
 4.7458768e-001
 4.7544324e-001
 4.7630772e-001
 4.7717378e-001
 4.7803351e-001
 4.7887921e-001
 4.7970417e-001
 4.8050255e-001
 4.8127022e-001
 4.8200539e-001
 4.8270816e-001
 4.8338139e-001
 4.8403004e-001
 4.8466128e-001
 4.8528400e-001
 4.8590761e-001
 4.8654145e-001
 4.8719341e-001
 4.8786914e-001
 4.8857176e-001
 4.8930070e-001
 4.9005261e-001
 4.9082109e-001
 4.9159750e-001
 4.9237251e-001
 4.9313658e-001
 4.9388212e-001
 4.9460387e-001
 4.9529979e-001
 4.9597141e-001
 4.9662295e-001
 4.9726039e-001
 4.9789089e-001
 4.9852073e-001
 4.9915510e-001
 4.9979678e-001
 5.0044614e-001
 5.0110167e-001
 5.0175983e-001
 5.0241637e-001
 5.0306684e-001
 5.0370747e-001
 5.0433570e-001
 5.0495028e-001
 5.0555152e-001
 5.0614053e-001
 5.0671911e-001
 5.0728935e-001
 5.0785285e-001
 5.0841105e-001
 5.0896460e-001
 5.0951397e-001
 5.1005971e-001
 5.1060271e-001
 5.1114482e-001
 5.1168871e-001
 5.1223820e-001
 5.1279783e-001
 5.1337212e-001
 5.1396477e-001
 5.1457804e-001
 5.1521146e-001
 5.1586205e-001
 5.1652372e-001
 5.1718801e-001
 5.1784575e-001
 5.1848793e-001
 5.1910806e-001
 5.1970315e-001
 5.2027524e-001
 5.2083182e-001
 5.2138454e-001
 5.2194846e-001
 5.2253920e-001
 5.2317041e-001
 5.2385175e-001
 5.2458638e-001
 5.2537072e-001
 5.2619445e-001
 5.2704233e-001
 5.2789706e-001
 5.2874184e-001
 5.2956372e-001
 5.3035629e-001
 5.3111994e-001
 5.3186256e-001
 5.3259689e-001
 5.3333777e-001
 5.3409940e-001
 5.3489071e-001
 5.3571397e-001
 5.3656262e-001
 5.3742170e-001
 5.3827024e-001
 5.3908354e-001
 5.3983819e-001
 5.4051542e-001
 5.4110503e-001
 5.4160744e-001
 5.4203314e-001
 5.4240090e-001
 5.4273427e-001
 5.4305834e-001
 5.4339588e-001
 5.4376483e-001
 5.4417670e-001
 5.4463530e-001
 5.4513651e-001
 5.4566962e-001
 5.4621857e-001
 5.4676461e-001
 5.4728961e-001
 5.4777783e-001
 5.4821885e-001
 5.4860777e-001
 5.4894602e-001
 5.4924077e-001
 5.4950392e-001
 5.4975086e-001
 5.4999942e-001
 5.5026835e-001
 5.5057609e-001
 5.5093932e-001
 5.5137205e-001
 5.5188370e-001
 5.5247831e-001
 5.5315363e-001
 5.5390060e-001
 5.5470389e-001
 5.5554265e-001
 5.5639178e-001
 5.5722511e-001
 5.5801743e-001
 5.5874759e-001
 5.5940115e-001
 5.5997169e-001
 5.6046194e-001
 5.6088263e-001
 5.6125140e-001
 5.6159019e-001
 5.6192231e-001
 5.6227005e-001
 5.6265175e-001
 5.6308037e-001
 5.6356281e-001
 5.6409913e-001
 5.6468421e-001
 5.6530797e-001
 5.6595743e-001
 5.6661808e-001
 5.6727493e-001
 5.6791407e-001
 5.6852311e-001
 5.6909192e-001
 5.6961334e-001
 5.7008326e-001
 5.7050139e-001
 5.7087165e-001
 5.7120228e-001
 5.7150596e-001
 5.7179934e-001
 5.7210177e-001
 5.7243389e-001
 5.7281500e-001
 5.7326084e-001
 5.7378083e-001
 5.7437623e-001
 5.7503885e-001
 5.7575089e-001
 5.7648689e-001
 5.7721573e-001
 5.7790518e-001
 5.7852608e-001
 5.7905656e-001
 5.7948625e-001
 5.7981801e-001
 5.8006895e-001
 5.8026856e-001
 5.8045530e-001
 5.8067179e-001
 5.8095866e-001
 5.8134896e-001
 5.8186328e-001
 5.8250618e-001
 5.8326530e-001
 5.8411300e-001
 5.8500922e-001
 5.8590746e-001
 5.8676028e-001
 5.8752578e-001
 5.8817321e-001
 5.8868581e-001
 5.8906299e-001
 5.8931911e-001
 5.8948088e-001
 5.8958280e-001
 5.8966196e-001
 5.8975279e-001
 5.8988267e-001
 5.9006870e-001
 5.9031653e-001
 5.9062040e-001
 5.9096575e-001
 5.9133196e-001
 5.9169668e-001
 5.9203988e-001
 5.9234697e-001
 5.9261119e-001
 5.9283507e-001
 5.9302926e-001
 5.9321100e-001
 5.9340143e-001
 5.9362209e-001
 5.9389174e-001
 5.9422362e-001
 5.9462363e-001
 5.9508932e-001
 5.9561038e-001
 5.9617013e-001
 5.9674764e-001
 5.9732133e-001
 5.9787142e-001
 5.9838301e-001
 5.9884834e-001
 5.9926695e-001
 5.9964538e-001
 5.9999460e-001
 6.0032862e-001
 6.0066175e-001
 6.0100675e-001
 6.0137349e-001
 6.0176796e-001
 6.0219181e-001
 6.0264182e-001
 6.0310996e-001
 6.0358375e-001
 6.0404807e-001
 6.0448605e-001
 6.0488206e-001
 6.0522324e-001
 6.0550147e-001
 6.0571462e-001
 6.0586601e-001
 6.0600924e-001
 6.0604876e-001
 6.0606140e-001
 6.0606211e-001
 6.0606396e-001
 6.0607648e-001
 6.0610497e-001
 6.0615033e-001
 6.0621089e-001
 6.0628301e-001
 6.0636270e-001
 6.0644591e-001
 6.0652882e-001
 6.0660881e-001
 6.0668451e-001
 6.0675639e-001
 6.0682690e-001
 6.0690022e-001
 6.0698181e-001
 6.0707802e-001
 6.0719544e-001
 6.0734063e-001
 6.0751975e-001
 6.0773766e-001
 6.0799730e-001
 6.0829866e-001
 6.0863876e-001
 6.0901165e-001
 6.0940951e-001
 6.0982311e-001
 6.1024266e-001
 6.1065841e-001
 6.1106056e-001
 6.1144000e-001
 6.1178851e-001
 6.1209875e-001
 6.1236495e-001
 6.1258227e-001
 6.1274683e-001
 6.1285532e-001
 6.1290467e-001
 6.1289227e-001
 6.1281621e-001
 6.1267620e-001
 6.1247444e-001
 6.1221659e-001
 6.1191189e-001
 6.1157322e-001
 6.1121595e-001
 6.1085677e-001
 6.1051309e-001
 6.1020195e-001
 6.0993934e-001
 6.0973847e-001
 6.0960823e-001
 6.0955143e-001
 6.0956424e-001
 6.0963696e-001
 6.0975528e-001
 6.0990244e-001
 6.1006045e-001
 6.1021131e-001
 6.1033809e-001
 6.1042643e-001
 6.1046612e-001
 6.1045289e-001
 6.1038876e-001
 6.1028153e-001
 6.1014324e-001
 6.0998851e-001
 6.0983300e-001
 6.0969251e-001
 6.0958165e-001
 6.0951281e-001
 6.0949421e-001
 6.0952872e-001
 6.0961318e-001
 6.0973889e-001
 6.0989314e-001
 6.1006099e-001
 6.1022621e-001
 6.1037254e-001
 6.1048460e-001
 6.1054885e-001
 6.1055493e-001
 6.1049682e-001
 6.1037332e-001
 6.1018759e-001
 6.0994595e-001
 6.0965681e-001
 6.0932922e-001
 6.0897273e-001
 6.0859656e-001
 6.0820943e-001
 6.0781932e-001
 6.0743260e-001
 6.0705441e-001
 6.0668856e-001
 6.0633779e-001
 6.0600448e-001
 6.0569048e-001
 6.0539758e-001
 6.0512727e-001
 6.0488057e-001
 6.0465783e-001
 6.0445833e-001
 6.0428023e-001
 6.0412085e-001
 6.0397661e-001
 6.0384369e-001
 6.0371780e-001
 6.0359496e-001
 6.0347134e-001
 6.0334361e-001
 6.0320950e-001
 6.0306805e-001
 6.0291964e-001
 6.0276604e-001
 6.0260993e-001
 6.0245460e-001
 6.0230356e-001
 6.0216016e-001
 6.0202754e-001
 6.0190761e-001
 6.0180122e-001
 6.0170680e-001
 6.0162061e-001
 6.0153711e-001
 6.0144883e-001
 6.0134786e-001
 6.0122561e-001
 6.0107398e-001
 6.0088563e-001
 6.0065532e-001
 6.0038096e-001
 6.0006511e-001
 5.9971529e-001
 5.9934348e-001
 5.9896505e-001
 5.9859723e-001
 5.9825814e-001
 5.9796566e-001
 5.9773648e-001
 5.9758455e-001
 5.9751922e-001
 5.9754348e-001
 5.9765357e-001
 5.9783930e-001
 5.9808600e-001
 5.9837615e-001
 5.9869093e-001
 5.9901142e-001
 5.9931904e-001
 5.9959686e-001
 5.9983009e-001
 6.0000741e-001
 6.0012114e-001
 6.0016680e-001
 6.0014242e-001
 6.0004741e-001
 5.9988213e-001
 5.9964734e-001
 5.9934467e-001
 5.9897703e-001
 5.9854960e-001
 5.9807068e-001
 5.9755158e-001
 5.9700704e-001
 5.9645373e-001
 5.9590966e-001
 5.9539336e-001
 5.9492296e-001
 5.9451520e-001
 5.9418380e-001
 5.9393710e-001
 5.9377670e-001
 5.9369642e-001
 5.9368312e-001
 5.9371841e-001
 5.9378105e-001
 5.9384829e-001
 5.9389758e-001
 5.9390765e-001
 5.9386027e-001
 5.9374255e-001
 5.9354895e-001
 5.9328145e-001
 5.9294963e-001
 5.9256810e-001
 5.9215462e-001
 5.9172839e-001
 5.9130877e-001
 5.9091389e-001
 5.9055948e-001
 5.9025669e-001
 5.9001076e-001
 5.8982050e-001
 5.8967865e-001
 5.8957350e-001
 5.8949089e-001
 5.8941537e-001
 5.8933145e-001
 5.8922428e-001
 5.8908099e-001
 5.8889186e-001
 5.8865166e-001
 5.8835983e-001
 5.8802009e-001
 5.8763945e-001
 5.8722705e-001
 5.8679265e-001
 5.8634633e-001
 5.8589834e-001
 5.8545828e-001
 5.8503509e-001
 5.8463693e-001
 5.8427072e-001
 5.8394241e-001
 5.8365726e-001
 5.8342034e-001
 5.8323598e-001
 5.8310825e-001
 5.8304036e-001
 5.8303350e-001
 5.8308601e-001
 5.8319187e-001
 5.8334053e-001
 5.8351731e-001
 5.8370441e-001
 5.8388239e-001
 5.8403093e-001
 5.8413005e-001
 5.8416116e-001
 5.8410889e-001
 5.8396292e-001
 5.8372033e-001
 5.8338583e-001
 5.8297122e-001
 5.8249372e-001
 5.8197355e-001
 5.8143216e-001
 5.8089101e-001
 5.8037043e-001
 5.7988715e-001
 5.7945257e-001
 5.7907087e-001
 5.7873774e-001
 5.7844156e-001
 5.7816541e-001
 5.7788897e-001
 5.7759047e-001
 5.7724839e-001
 5.7684231e-001
 5.7635504e-001
 5.7577473e-001
 5.7509702e-001
 5.7432532e-001
 5.7347006e-001
 5.7254779e-001
 5.7157761e-001
 5.7057989e-001
 5.6957597e-001
 5.6858557e-001
 5.6762630e-001
 5.6671160e-001
 5.6585026e-001
 5.6504452e-001
 5.6429142e-001
 5.6358451e-001
 5.6291449e-001
 5.6227106e-001
 5.6164408e-001
 5.6102353e-001
 5.6040096e-001
 5.5976993e-001
 5.5912751e-001
 5.5847377e-001
 5.5781186e-001
 5.5714762e-001
 5.5648786e-001
 5.5583978e-001
 5.5521113e-001
 5.5460840e-001
 5.5403632e-001
 5.5349725e-001
 5.5298924e-001
 5.5250615e-001
 5.5203784e-001
 5.5157161e-001
 5.5109286e-001
 5.5058616e-001
 5.5003661e-001
 5.4942983e-001
 5.4875380e-001
 5.4800063e-001
 5.4716694e-001
 5.4625523e-001
 5.4527283e-001
 5.4423141e-001
 5.4314435e-001
 5.4202592e-001
 5.4089129e-001
 5.3975475e-001
 5.3862923e-001
 5.3752679e-001
 5.3645623e-001
 5.3542358e-001
 5.3443313e-001
 5.3348666e-001
 5.3258520e-001
 5.3172880e-001
 5.3091842e-001
 5.3015459e-001
 5.2943873e-001
 5.2877438e-001
 5.2816635e-001
 5.2762204e-001
 5.2715093e-001
 5.2676374e-001
 5.2647209e-001
 5.2628791e-001
 5.2622259e-001
 5.2628618e-001
 5.2648562e-001
 5.2682239e-001
 5.2729124e-001
 5.2787918e-001
 5.2856576e-001
 5.2932584e-001
 5.3013116e-001
 5.3095162e-001
 5.3175771e-001
 5.3252095e-001
 5.3321618e-001
 5.3382289e-001
 5.3432792e-001
 5.3472602e-001
 5.3501832e-001
 5.3521174e-001
 5.3531599e-001
 5.3534228e-001
 5.3530240e-001
 5.3520805e-001
 5.3507060e-001
 5.3490067e-001
 5.3470773e-001
 5.3450012e-001
 5.3428531e-001
 5.3406978e-001
 5.3385961e-001
 5.3366077e-001
 5.3347862e-001
 5.3331834e-001
 5.3318411e-001
 5.3307879e-001
 5.3300309e-001
 5.3295577e-001
 5.3293341e-001
 5.3293133e-001
 5.3294390e-001
 5.3296512e-001
 5.3298885e-001
 5.3300905e-001
 5.3302008e-001
 5.3301680e-001
 5.3299487e-001
 5.3295070e-001
 5.3288162e-001
 5.3278548e-001
 5.3266031e-001
 5.3250456e-001
 5.3231674e-001
 5.3209561e-001
 5.3184050e-001
 5.3155142e-001
 5.3122950e-001
 5.3087705e-001
 5.3049749e-001
 5.3009498e-001
 5.2967405e-001
 5.2923977e-001
 5.2879691e-001
 5.2835006e-001
 5.2790362e-001
 5.2746105e-001
 5.2702487e-001
 5.2659672e-001
 5.2617711e-001
 5.2576572e-001
 5.2536190e-001
 5.2496499e-001
 5.2457404e-001
 5.2418792e-001
 5.2380604e-001
 5.2342755e-001
 5.2305156e-001
 5.2267778e-001
 5.2230567e-001
 5.2193493e-001
 5.2156508e-001
 5.2119601e-001
 5.2082723e-001
 5.2045822e-001
 5.2008802e-001
 5.1971501e-001
 5.1933652e-001
 5.1894939e-001
 5.1854903e-001
 5.1813030e-001
 5.1768810e-001
 5.1721668e-001
 5.1671064e-001
 5.1616478e-001
 5.1557505e-001
 5.1493841e-001
 5.1425374e-001
 5.1352227e-001
 5.1274681e-001
 5.1193136e-001
 5.1108122e-001
 5.1020133e-001
 5.0929576e-001
 5.0836599e-001
 5.0740898e-001
 5.0641227e-001
 5.0535166e-001
 5.0419080e-001
 5.0288081e-001
 5.0136405e-001
 4.9957907e-001
 4.9746156e-001
 4.9494874e-001
 4.9198607e-001
 4.8853099e-001
 4.8456442e-001
 4.8009738e-001
 4.7517854e-001
 4.6988454e-001
 4.6431467e-001
 4.5858589e-001
 4.5281747e-001
 4.4712970e-001
 4.4164366e-001
 4.3646812e-001
 4.3169940e-001
 4.2741388e-001
 4.2366996e-001
 4.2050391e-001
 4.1793862e-001
 4.1599002e-001
 4.1466746e-001
 4.1397691e-001
 4.1391903e-001
 4.1448280e-001
 4.1563976e-001
 4.1733602e-001
 4.1949129e-001
 4.2200068e-001
 4.2474192e-001
 4.2758012e-001
 4.3037802e-001
 4.3299913e-001
 4.3531176e-001
 4.3720108e-001
 4.3857697e-001
 4.3938223e-001
 4.3959844e-001
 4.3924072e-001
 4.3834901e-001
 4.3697891e-001
 4.3519244e-001
 4.3305296e-001
 4.3062320e-001
 4.2795834e-001
 4.2510286e-001
 4.2208898e-001
 4.1893107e-001
 4.1562900e-001
 4.1217452e-001
 4.0855089e-001
 4.0473929e-001
 4.0072012e-001
 3.9647964e-001
 3.9200795e-001
 3.8730624e-001
 3.8239455e-001
 3.7730658e-001
 3.7209126e-001
 3.6681265e-001
 3.6153767e-001
 3.5633725e-001
 3.5128060e-001
 3.4643623e-001
 3.4185955e-001
 3.3759022e-001
 3.3364931e-001
 3.3003086e-001
 3.2670748e-001
 3.2363823e-001
 3.2077032e-001
 3.1804705e-001
 3.1541336e-001
 3.1281611e-001
 3.1021145e-001
 3.0756971e-001
 3.0488306e-001
 3.0216399e-001
 2.9944491e-001
 2.9677495e-001
 2.9421011e-001
 2.9181042e-001
 2.8963810e-001
 2.8775126e-001
 2.8620252e-001
 2.8503415e-001
 2.8427520e-001
 2.8393859e-001
 2.8402364e-001
 2.8451937e-001
 2.8540865e-001
 2.8667155e-001
 2.8828564e-001
 2.9022828e-001
 2.9247484e-001
 2.9499871e-001
 2.9776788e-001
 3.0074826e-001
 3.0390236e-001
 3.0718791e-001
 3.1056330e-001
 3.1398651e-001
 3.1741345e-001
 3.2080436e-001
 3.2412332e-001
 3.2733852e-001
 3.3042932e-001
 3.3338410e-001
 3.3620074e-001
 3.3888152e-001
 3.4143460e-001
 3.4386986e-001
 3.4619576e-001
 3.4842178e-001
 3.5055527e-001
 3.5259873e-001
 3.5455158e-001
 3.5640752e-001
 3.5815609e-001
 3.5978195e-001
 3.6126906e-001
 3.6260009e-001
 3.6375630e-001
 3.6471954e-001
 3.6547124e-001
 3.6599171e-001
 3.6626130e-001
 3.6625978e-001
 3.6596689e-001
 3.6536208e-001
 3.6442494e-001
 3.6313537e-001
 3.6147603e-001
 3.5943288e-001
 3.5699910e-001
 3.5418198e-001
 3.5100302e-001
 3.4750149e-001
 3.4373575e-001
 3.3977473e-001
 3.3569607e-001
 3.3157986e-001
 3.2750946e-001
 3.2356411e-001
 3.1982118e-001
 3.1635848e-001
 3.1334752e-001
 3.1133708e-001
 3.0912080e-001
 3.0730259e-001
 3.0586237e-001
 3.0478057e-001
 3.0403772e-001
 3.0361456e-001
 3.0349138e-001
 3.0364871e-001
 3.0406708e-001
 3.0472764e-001
 3.0561525e-001
 3.0671766e-001
 3.0802247e-001
 3.0951756e-001
 3.1118989e-001
 3.1302732e-001
 3.1501746e-001
 3.1714839e-001
 3.1940675e-001
 3.2178053e-001
 3.2425740e-001
 3.2682544e-001
 3.2947117e-001
 3.3218268e-001
 3.3494806e-001
 3.3775541e-001
 3.4059364e-001
 3.4344953e-001
 3.4631199e-001
 3.4916916e-001
 3.5200995e-001
 3.5482115e-001
 3.5759154e-001
 3.6030945e-001
 3.6296362e-001
 3.6554092e-001
 3.6803025e-001
 3.7041971e-001
 3.7269759e-001
 3.7485251e-001
 3.7687159e-001
 3.7874475e-001
 3.8047200e-001
 3.8205907e-001
 3.8351080e-001
 3.8483304e-001
 3.8603148e-001
 3.8711172e-001
 3.8807884e-001
 3.8893864e-001
 3.8969663e-001
 3.9035836e-001
 3.9092949e-001
 3.9141524e-001
 3.9182135e-001
 3.9215320e-001
 3.9241663e-001
 3.9261675e-001
 3.9275938e-001
 3.9284989e-001
 3.9289394e-001
 3.9289695e-001
 3.9286453e-001
 3.9280191e-001
 3.9271230e-001
 3.9259782e-001
 3.9246070e-001
 3.9230296e-001
 3.9212686e-001
 3.9193434e-001
 3.9172772e-001
 3.9150903e-001
 3.9128044e-001
 3.9104402e-001
 3.9080206e-001
 3.9055651e-001
 3.9030960e-001
 3.9006341e-001
 3.8982013e-001
 3.8958189e-001
 3.8935080e-001
 3.8912898e-001
 3.8891852e-001
 3.8872167e-001
 3.8854051e-001
 3.8837710e-001
 3.8823366e-001
 3.8811234e-001
 3.8801518e-001
 3.8794416e-001
 3.8789937e-001
 3.8788000e-001
 3.8788527e-001
 3.8791439e-001
 3.8796657e-001
 3.8804096e-001
 3.8813680e-001
 3.8825333e-001
 3.8838965e-001
 3.8854510e-001
 3.8871878e-001
 3.8890991e-001
 3.8911769e-001
 3.8934138e-001
 3.8958013e-001
 3.8983312e-001
 3.9009959e-001
 3.9037880e-001
 3.9066982e-001
 3.9097202e-001
 3.9128438e-001
 3.9160627e-001
 3.9193693e-001
 3.9227539e-001
 3.9262098e-001
 3.9297280e-001
 3.9333031e-001
 3.9369234e-001
 3.9405838e-001
 3.9442748e-001
 3.9479885e-001
 3.9517143e-001
 3.9554432e-001
