s07_ASD Record=11027: Talc GDS23 74-250um fr        BECKa AREF
 2.7053723e-001
 2.7274320e-001
 2.7490646e-001
 2.7711692e-001
 2.7945113e-001
 2.8195089e-001
 2.8461978e-001
 2.8743336e-001
 2.9035363e-001
 2.9333964e-001
 2.9635534e-001
 2.9937112e-001
 3.0236444e-001
 3.0531877e-001
 3.0822468e-001
 3.1108198e-001
 3.1389767e-001
 3.1668213e-001
 3.1944418e-001
 3.2218906e-001
 3.2491803e-001
 3.2762936e-001
 3.3032060e-001
 3.3298919e-001
 3.3563364e-001
 3.3825383e-001
 3.4085366e-001
 3.4344181e-001
 3.4602803e-001
 3.4861928e-001
 3.5121724e-001
 3.5382050e-001
 3.5642621e-001
 3.5903156e-001
 3.6163312e-001
 3.6422604e-001
 3.6680421e-001
 3.6936069e-001
 3.7189099e-001
 3.7439498e-001
 3.7687770e-001
 3.7934721e-001
 3.8181263e-001
 3.8428369e-001
 3.8677022e-001
 3.8928223e-001
 3.9182681e-001
 3.9440483e-001
 3.9700705e-001
 3.9961389e-001
 4.0219826e-001
 4.0473127e-001
 4.0718919e-001
 4.0955850e-001
 4.1183901e-001
 4.1404256e-001
 4.1619277e-001
 4.1831967e-001
 4.2044979e-001
 4.2260802e-001
 4.2480460e-001
 4.2701891e-001
 4.2923468e-001
 4.3143600e-001
 4.3359944e-001
 4.3571550e-001
 4.3779156e-001
 4.3983755e-001
 4.4186136e-001
 4.4387019e-001
 4.4587329e-001
 4.4788197e-001
 4.4990450e-001
 4.5194048e-001
 4.5397875e-001
 4.5600319e-001
 4.5800057e-001
 4.5996535e-001
 4.6189576e-001
 4.6378651e-001
 4.6562684e-001
 4.6740684e-001
 4.6912846e-001
 4.7080961e-001
 4.7247657e-001
 4.7414815e-001
 4.7582239e-001
 4.7747704e-001
 4.7908235e-001
 4.8061994e-001
 4.8209444e-001
 4.8353162e-001
 4.8496127e-001
 4.8639646e-001
 4.8782122e-001
 4.8919681e-001
 4.9048552e-001
 4.9167883e-001
 4.9280819e-001
 4.9392638e-001
 4.9507570e-001
 4.9626517e-001
 4.9746972e-001
 4.9864635e-001
 4.9975395e-001
 5.0076872e-001
 5.0168395e-001
 5.0249887e-001
 5.0321001e-001
 5.0381339e-001
 5.0431484e-001
 5.0473827e-001
 5.0512594e-001
 5.0553012e-001
 5.0600189e-001
 5.0657976e-001
 5.0728101e-001
 5.0809550e-001
 5.0898415e-001
 5.0988555e-001
 5.1073527e-001
 5.1149726e-001
 5.1218820e-001
 5.1286972e-001
 5.1360351e-001
 5.1440334e-001
 5.1522928e-001
 5.1602560e-001
 5.1676261e-001
 5.1744610e-001
 5.1809925e-001
 5.1874441e-001
 5.1939756e-001
 5.2006799e-001
 5.2075577e-001
 5.2145243e-001
 5.2214766e-001
 5.2283412e-001
 5.2349985e-001
 5.2411687e-001
 5.2464736e-001
 5.2507198e-001
 5.2541828e-001
 5.2575982e-001
 5.2618015e-001
 5.2672398e-001
 5.2737254e-001
 5.2806622e-001
 5.2875936e-001
 5.2946007e-001
 5.3021443e-001
 5.3104794e-001
 5.3192294e-001
 5.3275996e-001
 5.3350240e-001
 5.3415817e-001
 5.3477526e-001
 5.3538674e-001
 5.3598738e-001
 5.3655666e-001
 5.3708380e-001
 5.3756303e-001
 5.3797996e-001
 5.3832251e-001
 5.3860986e-001
 5.3889859e-001
 5.3925008e-001
 5.3968972e-001
 5.4020005e-001
 5.4074526e-001
 5.4129159e-001
 5.4181516e-001
 5.4231071e-001
 5.4279715e-001
 5.4330075e-001
 5.4382515e-001
 5.4434431e-001
 5.4482239e-001
 5.4523301e-001
 5.4556483e-001
 5.4583073e-001
 5.4608399e-001
 5.4641277e-001
 5.4689026e-001
 5.4751086e-001
 5.4817665e-001
 5.4876357e-001
 5.4921240e-001
 5.4955566e-001
 5.4986197e-001
 5.5015963e-001
 5.5041069e-001
 5.5055535e-001
 5.5058831e-001
 5.5059665e-001
 5.5070168e-001
 5.5093974e-001
 5.5121917e-001
 5.5142522e-001
 5.5154395e-001
 5.5164075e-001
 5.5175245e-001
 5.5187088e-001
 5.5200464e-001
 5.5216897e-001
 5.5232137e-001
 5.5238968e-001
 5.5237353e-001
 5.5235207e-001
 5.5238527e-001
 5.5246311e-001
 5.5255860e-001
 5.5268502e-001
 5.5288726e-001
 5.5319834e-001
 5.5360168e-001
 5.5401170e-001
 5.5429941e-001
 5.5437219e-001
 5.5423653e-001
 5.5397809e-001
 5.5372077e-001
 5.5363500e-001
 5.5390000e-001
 5.5453324e-001
 5.5528694e-001
 5.5585003e-001
 5.5615938e-001
 5.5641288e-001
 5.5679530e-001
 5.5729759e-001
 5.5779278e-001
 5.5818623e-001
 5.5847025e-001
 5.5869120e-001
 5.5889136e-001
 5.5906492e-001
 5.5916560e-001
 5.5917078e-001
 5.5912662e-001
 5.5909866e-001
 5.5908108e-001
 5.5899382e-001
 5.5878091e-001
 5.5848843e-001
 5.5820566e-001
 5.5791777e-001
 5.5748659e-001
 5.5687094e-001
 5.5631113e-001
 5.5612236e-001
 5.5633968e-001
 5.5671227e-001
 5.5699438e-001
 5.5712587e-001
 5.5713665e-001
 5.5702072e-001
 5.5679250e-001
 5.5652785e-001
 5.5628043e-001
 5.5608577e-001
 5.5600882e-001
 5.5605310e-001
 5.5614948e-001
 5.5629194e-001
 5.5649239e-001
 5.5664825e-001
 5.5663925e-001
 5.5647355e-001
 5.5628914e-001
 5.5628806e-001
 5.5656451e-001
 5.5696082e-001
 5.5725843e-001
 5.5743051e-001
 5.5755424e-001
 5.5765492e-001
 5.5775815e-001
 5.5793780e-001
 5.5824655e-001
 5.5866176e-001
 5.5908138e-001
 5.5937773e-001
 5.5951327e-001
 5.5957413e-001
 5.5964601e-001
 5.5971205e-001
 5.5969501e-001
 5.5956680e-001
 5.5940127e-001
 5.5933094e-001
 5.5944997e-001
 5.5974537e-001
 5.6011212e-001
 5.6044042e-001
 5.6069398e-001
 5.6088656e-001
 5.6099755e-001
 5.6099230e-001
 5.6093866e-001
 5.6099141e-001
 5.6120527e-001
 5.6145680e-001
 5.6160247e-001
 5.6164324e-001
 5.6169224e-001
 5.6180239e-001
 5.6186098e-001
 5.6171733e-001
 5.6142169e-001
 5.6121063e-001
 5.6121534e-001
 5.6134027e-001
 5.6147397e-001
 5.6163985e-001
 5.6187654e-001
 5.6212199e-001
 5.6228715e-001
 5.6233782e-001
 5.6227422e-001
 5.6208718e-001
 5.6181037e-001
 5.6160080e-001
 5.6166804e-001
 5.6207788e-001
 5.6263882e-001
 5.6301439e-001
 5.6300205e-001
 5.6272733e-001
 5.6253755e-001
 5.6268364e-001
 5.6309861e-001
 5.6347609e-001
 5.6354958e-001
 5.6329864e-001
 5.6292081e-001
 5.6265765e-001
 5.6265670e-001
 5.6293911e-001
 5.6341851e-001
 5.6392854e-001
 5.6428385e-001
 5.6437933e-001
 5.6425244e-001
 5.6403416e-001
 5.6381989e-001
 5.6358850e-001
 5.6327152e-001
 5.6292152e-001
 5.6279570e-001
 5.6319809e-001
 5.6414503e-001
 5.6518388e-001
 5.6571740e-001
 5.6570292e-001
 5.6548405e-001
 5.6528270e-001
 5.6516993e-001
 5.6517935e-001
 5.6527644e-001
 5.6533027e-001
 5.6526583e-001
 5.6519163e-001
 5.6527823e-001
 5.6553358e-001
 5.6570888e-001
 5.6548101e-001
 5.6487972e-001
 5.6439567e-001
 5.6439739e-001
 5.6466377e-001
 5.6475997e-001
 5.6457931e-001
 5.6429452e-001
 5.6403047e-001
 5.6373304e-001
 5.6325263e-001
 5.6252652e-001
 5.6174415e-001
 5.6136179e-001
 5.6180739e-001
 5.6293350e-001
 5.6396025e-001
 5.6433940e-001
 5.6434035e-001
 5.6438667e-001
 5.6435871e-001
 5.6402618e-001
 5.6362057e-001
 5.6348985e-001
 5.6358749e-001
 5.6366229e-001
 5.6364417e-001
 5.6359321e-001
 5.6352282e-001
 5.6348222e-001
 5.6360781e-001
 5.6392163e-001
 5.6423360e-001
 5.6421071e-001
 5.6385684e-001
 5.6366658e-001
 5.6387681e-001
 5.6416368e-001
 5.6416583e-001
 5.6384432e-001
 5.6343871e-001
 5.6321484e-001
 5.6322628e-001
 5.6330401e-001
 5.6326127e-001
 5.6307083e-001
 5.6286347e-001
 5.6277812e-001
 5.6282377e-001
 5.6288028e-001
 5.6282371e-001
 5.6264544e-001
 5.6245148e-001
 5.6236231e-001
 5.6242990e-001
 5.6263089e-001
 5.6289762e-001
 5.6312031e-001
 5.6317079e-001
 5.6297606e-001
 5.6258774e-001
 5.6219876e-001
 5.6207603e-001
 5.6228572e-001
 5.6269461e-001
 5.6299865e-001
 5.6296867e-001
 5.6262320e-001
 5.6208020e-001
 5.6145763e-001
 5.6087029e-001
 5.6040949e-001
 5.6015700e-001
 5.6019473e-001
 5.6057143e-001
 5.6111503e-001
 5.6156492e-001
 5.6166017e-001
 5.6119311e-001
 5.6030983e-001
 5.5930018e-001
 5.5845398e-001
 5.5801684e-001
 5.5793816e-001
 5.5807096e-001
 5.5818111e-001
 5.5811214e-001
 5.5782771e-001
 5.5742109e-001
 5.5699104e-001
 5.5663657e-001
 5.5645293e-001
 5.5645400e-001
 5.5657262e-001
 5.5673856e-001
 5.5688113e-001
 5.5693203e-001
 5.5686849e-001
 5.5671257e-001
 5.5648845e-001
 5.5622017e-001
 5.5593151e-001
 5.5563688e-001
 5.5534256e-001
 5.5505371e-001
 5.5477607e-001
 5.5451506e-001
 5.5427510e-001
 5.5405688e-001
 5.5385953e-001
 5.5368268e-001
-1.2300000e+034
-1.2300000e+034
 5.5326974e-001
 5.5316949e-001
 5.5308712e-001
 5.5302191e-001
 5.5297351e-001
-1.2300000e+034
-1.2300000e+034
 5.5292344e-001
 5.5293667e-001
 5.5296397e-001
 5.5300486e-001
 5.5305868e-001
 5.5312496e-001
-1.2300000e+034
-1.2300000e+034
 5.5339336e-001
 5.5350417e-001
 5.5362475e-001
 5.5375463e-001
 5.5389327e-001
 5.5404007e-001
-1.2300000e+034
-1.2300000e+034
 5.5452424e-001
 5.5469847e-001
 5.5487818e-001
 5.5506295e-001
 5.5525208e-001
 5.5544513e-001
 5.5564159e-001
 5.5584097e-001
 5.5604237e-001
 5.5624467e-001
 5.5644625e-001
 5.5664587e-001
 5.5684197e-001
 5.5703300e-001
 5.5721766e-001
 5.5739433e-001
 5.5756176e-001
 5.5771834e-001
 5.5786264e-001
 5.5799323e-001
 5.5810857e-001
 5.5820662e-001
 5.5828512e-001
 5.5834198e-001
 5.5837518e-001
 5.5838233e-001
 5.5836147e-001
 5.5831045e-001
 5.5822700e-001
 5.5810910e-001
 5.5795455e-001
 5.5776119e-001
 5.5753011e-001
 5.5727369e-001
 5.5700696e-001
 5.5674493e-001
 5.5650264e-001
 5.5629504e-001
 5.5613708e-001
 5.5604374e-001
 5.5603021e-001
 5.5611122e-001
 5.5630195e-001
 5.5661058e-001
 5.5702209e-001
 5.5751610e-001
 5.5807227e-001
 5.5867028e-001
 5.5928993e-001
 5.5991066e-001
 5.6051248e-001
 5.6107479e-001
 5.6157750e-001
 5.6200558e-001
 5.6236297e-001
 5.6265777e-001
 5.6289798e-001
 5.6309164e-001
 5.6324667e-001
 5.6337112e-001
 5.6347305e-001
 5.6356043e-001
 5.6364137e-001
 5.6372243e-001
 5.6380564e-001
 5.6389213e-001
 5.6398290e-001
 5.6407893e-001
 5.6418139e-001
 5.6429124e-001
 5.6440955e-001
 5.6453735e-001
 5.6467575e-001
 5.6482732e-001
 5.6500041e-001
 5.6520468e-001
 5.6544936e-001
 5.6574398e-001
 5.6609809e-001
 5.6652117e-001
 5.6702268e-001
 5.6761199e-001
 5.6827009e-001
 5.6888258e-001
 5.6931514e-001
 5.6943363e-001
 5.6910366e-001
 5.6819111e-001
 5.6656182e-001
 5.6408125e-001
 5.6071097e-001
 5.5672532e-001
 5.5246460e-001
 5.4826766e-001
 5.4447478e-001
 5.4142487e-001
 5.3945816e-001
 5.3891373e-001
 5.3999114e-001
 5.4243255e-001
 5.4588830e-001
 5.5000693e-001
 5.5443901e-001
 5.5883300e-001
 5.6283957e-001
 5.6610727e-001
 5.6839663e-001
 5.6982207e-001
 5.7057053e-001
 5.7077616e-001
 5.7074761e-001
 5.7065195e-001
 5.7062078e-001
 5.7071877e-001
 5.7094574e-001
 5.7126045e-001
 5.7160330e-001
 5.7191026e-001
 5.7212448e-001
 5.7221127e-001
 5.7216716e-001
 5.7201165e-001
 5.7177359e-001
 5.7148403e-001
 5.7117438e-001
 5.7087618e-001
 5.7062107e-001
 5.7044089e-001
 5.7036656e-001
 5.7042456e-001
 5.7062894e-001
 5.7097214e-001
 5.7142156e-001
 5.7192522e-001
 5.7242233e-001
 5.7285422e-001
 5.7317579e-001
 5.7336509e-001
 5.7342666e-001
 5.7338607e-001
 5.7328027e-001
 5.7314837e-001
 5.7302475e-001
 5.7293391e-001
 5.7288951e-001
 5.7289565e-001
 5.7295120e-001
 5.7305294e-001
 5.7319808e-001
 5.7369828e-001
 5.7391268e-001
 5.7415694e-001
 5.7442421e-001
 5.7470506e-001
 5.7498807e-001
 5.7526004e-001
 5.7550722e-001
 5.7571650e-001
 5.7587701e-001
 5.7598251e-001
 5.7603258e-001
 5.7603377e-001
 5.7599884e-001
 5.7594484e-001
 5.7589000e-001
 5.7585114e-001
 5.7584155e-001
 5.7586938e-001
 5.7593727e-001
 5.7604349e-001
 5.7618260e-001
 5.7634741e-001
 5.7653022e-001
 5.7672405e-001
 5.7692373e-001
 5.7712597e-001
 5.7733035e-001
 5.7753897e-001
 5.7775599e-001
 5.7798672e-001
 5.7823652e-001
 5.7851005e-001
 5.7881039e-001
 5.7913882e-001
 5.7949466e-001
 5.7987487e-001
 5.8027458e-001
 5.8068675e-001
 5.8110255e-001
 5.8151162e-001
 5.8190227e-001
 5.8226222e-001
 5.8257991e-001
 5.8284527e-001
 5.8305198e-001
 5.8319831e-001
 5.8328867e-001
 5.8333331e-001
 5.8334798e-001
 5.8335149e-001
 5.8336347e-001
 5.8340138e-001
 5.8347791e-001
 5.8359957e-001
 5.8376628e-001
 5.8397228e-001
 5.8420825e-001
 5.8446366e-001
 5.8472914e-001
 5.8499825e-001
 5.8526820e-001
 5.8553964e-001
 5.8581591e-001
 5.8610147e-001
 5.8640057e-001
 5.8671612e-001
 5.8704877e-001
 5.8739686e-001
 5.8775651e-001
 5.8812207e-001
 5.8848685e-001
 5.8884358e-001
 5.8918530e-001
 5.8950573e-001
 5.8979970e-001
 5.9006393e-001
 5.9029698e-001
 5.9050012e-001
 5.9067732e-001
 5.9083545e-001
 5.9098423e-001
 5.9113538e-001
 5.9130186e-001
 5.9149599e-001
 5.9172803e-001
 5.9200418e-001
 5.9232557e-001
 5.9268773e-001
 5.9308124e-001
 5.9349322e-001
 5.9390968e-001
 5.9431785e-001
 5.9470850e-001
 5.9507716e-001
 5.9542435e-001
 5.9575456e-001
 5.9607464e-001
 5.9639174e-001
 5.9671205e-001
 5.9703928e-001
 5.9737468e-001
 5.9771782e-001
 5.9806699e-001
 5.9842074e-001
 5.9877777e-001
 5.9913760e-001
 5.9949982e-001
 5.9986377e-001
 6.0022813e-001
 6.0059035e-001
 6.0094738e-001
 6.0129595e-001
 6.0163325e-001
 6.0195804e-001
 6.0227054e-001
 6.0257292e-001
 6.0286880e-001
 6.0316259e-001
 6.0345900e-001
 6.0376227e-001
 6.0407567e-001
 6.0440141e-001
 6.0474038e-001
 6.0509211e-001
 6.0545492e-001
 6.0582572e-001
 6.0620070e-001
 6.0657483e-001
 6.0694283e-001
 6.0729933e-001
 6.0763949e-001
 6.0795993e-001
 6.0825890e-001
 6.0853666e-001
 6.0879564e-001
 6.0903978e-001
 6.0927433e-001
 6.0950494e-001
 6.0973728e-001
 6.0997653e-001
 6.1022675e-001
 6.1049104e-001
 6.1077094e-001
 6.1106670e-001
 6.1137688e-001
 6.1169839e-001
 6.1202681e-001
 6.1235619e-001
 6.1268014e-001
 6.1299276e-001
 6.1328924e-001
 6.1356735e-001
 6.1382765e-001
 6.1407393e-001
 6.1431247e-001
 6.1455137e-001
 6.1479878e-001
 6.1506176e-001
 6.1534494e-001
 6.1564976e-001
 6.1597425e-001
 6.1631364e-001
 6.1666077e-001
 6.1700755e-001
 6.1734587e-001
 6.1766881e-001
 6.1797118e-001
 6.1825073e-001
 6.1850828e-001
 6.1874807e-001
 6.1897749e-001
 6.1920673e-001
 6.1944789e-001
 6.1971319e-001
 6.2001365e-001
 6.2035710e-001
 6.2074667e-001
 6.2118024e-001
 6.2164992e-001
 6.2214369e-001
 6.2264657e-001
 6.2314302e-001
 6.2361920e-001
 6.2406403e-001
 6.2447077e-001
 6.2483621e-001
 6.2516046e-001
 6.2544578e-001
 6.2569529e-001
 6.2591243e-001
 6.2610018e-001
 6.2626141e-001
 6.2639886e-001
 6.2651527e-001
 6.2661368e-001
 6.2669718e-001
 6.2676865e-001
 6.2683094e-001
 6.2688655e-001
 6.2693846e-001
 6.2699014e-001
 6.2704647e-001
 6.2711358e-001
 6.2719864e-001
 6.2730891e-001
 6.2745041e-001
 6.2762654e-001
 6.2783724e-001
 6.2807834e-001
 6.2834245e-001
 6.2862009e-001
 6.2890112e-001
 6.2917662e-001
 6.2943989e-001
 6.2968647e-001
 6.2991399e-001
 6.3012105e-001
 6.3030618e-001
 6.3046741e-001
 6.3060230e-001
 6.3070893e-001
 6.3078701e-001
 6.3083935e-001
 6.3087249e-001
 6.3089681e-001
 6.3092542e-001
 6.3097233e-001
 6.3105035e-001
 6.3116896e-001
 6.3133276e-001
 6.3154107e-001
 6.3178825e-001
 6.3206482e-001
 6.3235962e-001
 6.3266152e-001
 6.3296133e-001
 6.3325280e-001
 6.3353306e-001
 6.3380241e-001
 6.3406301e-001
 6.3431758e-001
 6.3456804e-001
 6.3481438e-001
 6.3505447e-001
 6.3528389e-001
 6.3549703e-001
 6.3568854e-001
 6.3585418e-001
 6.3599211e-001
 6.3610280e-001
 6.3618881e-001
 6.3625371e-001
 6.3630021e-001
 6.3632870e-001
 6.3633591e-001
 6.3631439e-001
 6.3625240e-001
 6.3613528e-001
 6.3594711e-001
 6.3567311e-001
 6.3530171e-001
 6.3482612e-001
 6.3424534e-001
 6.3356364e-001
 6.3278967e-001
 6.3193560e-001
 6.3101536e-001
 6.3004571e-001
 6.2904686e-001
 6.2804443e-001
 6.2707251e-001
 6.2617403e-001
 6.2540096e-001
 6.2480998e-001
 6.2445641e-001
 6.2438577e-001
 6.2462503e-001
 6.2517595e-001
 6.2601125e-001
 6.2707627e-001
 6.2829423e-001
 6.2957627e-001
 6.3083178e-001
 6.3197929e-001
 6.3295531e-001
 6.3371837e-001
 6.3425148e-001
 6.3455927e-001
 6.3466465e-001
 6.3460356e-001
 6.3442010e-001
 6.3416219e-001
 6.3387769e-001
 6.3361198e-001
 6.3340515e-001
 6.3329029e-001
 6.3329142e-001
 6.3342196e-001
 6.3368362e-001
 6.3406622e-001
 6.3454825e-001
 6.3509899e-001
 6.3568169e-001
 6.3625693e-001
 6.3678789e-001
 6.3724345e-001
 6.3760233e-001
 6.3785446e-001
 6.3800126e-001
 6.3805401e-001
 6.3803101e-001
 6.3795394e-001
 6.3784450e-001
 6.3772178e-001
 6.3760102e-001
 6.3749373e-001
 6.3740844e-001
 6.3735217e-001
 6.3733160e-001
 6.3735324e-001
 6.3742316e-001
 6.3754565e-001
 6.3772172e-001
 6.3794798e-001
 6.3821602e-001
 6.3851315e-001
 6.3882339e-001
 6.3913006e-001
 6.3941741e-001
 6.3967288e-001
 6.3988835e-001
 6.4006072e-001
 6.4019120e-001
 6.4028460e-001
 6.4034766e-001
 6.4038771e-001
 6.4041132e-001
 6.4042372e-001
 6.4042825e-001
 6.4042711e-001
 6.4042163e-001
 6.4041340e-001
 6.4040428e-001
 6.4039689e-001
 6.4039391e-001
 6.4039725e-001
 6.4040720e-001
 6.4042109e-001
 6.4043337e-001
 6.4043534e-001
 6.4041644e-001
 6.4036566e-001
 6.4027339e-001
 6.4013344e-001
 6.3994443e-001
 6.3971031e-001
 6.3944000e-001
 6.3914657e-001
 6.3884431e-001
 6.3854676e-001
 6.3826364e-001
 6.3799852e-001
 6.3774735e-001
 6.3749784e-001
 6.3723034e-001
 6.3691884e-001
 6.3653278e-001
 6.3603783e-001
 6.3539505e-001
 6.3455802e-001
 6.3346636e-001
 6.3203621e-001
 6.3014972e-001
 6.2764221e-001
 6.2429428e-001
 6.1982876e-001
 6.1391568e-001
 6.0619617e-001
 5.9631103e-001
 5.8395463e-001
 5.6893128e-001
 5.5120963e-001
 5.3099155e-001
 5.0873536e-001
 4.8518589e-001
 4.6134877e-001
 4.3842420e-001
 4.1773042e-001
 4.0057135e-001
 3.8809371e-001
 3.8116601e-001
 3.8025811e-001
 3.8538378e-001
 3.9608818e-001
 4.1150838e-001
 4.3046993e-001
 4.5164251e-001
 4.7367775e-001
 4.9535403e-001
 5.1568884e-001
 5.3397936e-001
 5.4983234e-001
 5.6311876e-001
 5.7392573e-001
 5.8249044e-001
 5.8912545e-001
 5.9417099e-001
 5.9794927e-001
 6.0074401e-001
 6.0279143e-001
 6.0427886e-001
 6.0535294e-001
 6.0612732e-001
 6.0669130e-001
 6.0711646e-001
 6.0746032e-001
 6.0776901e-001
 6.0807788e-001
 6.0841167e-001
 6.0878527e-001
 6.0920435e-001
 6.0966694e-001
 6.1016560e-001
 6.1068940e-001
 6.1122614e-001
 6.1176389e-001
 6.1229229e-001
 6.1280388e-001
 6.1329430e-001
 6.1376333e-001
 6.1421454e-001
 6.1465579e-001
 6.1509866e-001
 6.1555755e-001
 6.1604828e-001
 6.1658609e-001
 6.1718380e-001
 6.1785001e-001
 6.1858726e-001
 6.1939168e-001
 6.2025338e-001
 6.2115699e-001
 6.2208414e-001
 6.2301522e-001
 6.2393159e-001
 6.2481791e-001
 6.2566251e-001
 6.2645864e-001
 6.2720317e-001
 6.2789571e-001
 6.2853754e-001
 6.2912929e-001
 6.2967104e-001
 6.3016158e-001
 6.3059932e-001
 6.3098395e-001
 6.3131726e-001
 6.3160515e-001
 6.3185728e-001
 6.3208681e-001
 6.3230896e-001
 6.3253862e-001
 6.3278812e-001
 6.3306594e-001
 6.3337535e-001
 6.3371521e-001
 6.3408089e-001
 6.3446593e-001
 6.3486463e-001
 6.3527268e-001
 6.3568890e-001
 6.3611478e-001
 6.3655400e-001
 6.3701153e-001
 6.3749194e-001
 6.3799822e-001
 6.3853079e-001
 6.3908654e-001
 6.3965940e-001
 6.4023978e-001
 6.4081627e-001
 6.4137632e-001
 6.4190733e-001
 6.4239889e-001
 6.4284295e-001
 6.4323574e-001
 6.4357746e-001
 6.4387256e-001
 6.4412898e-001
 6.4435697e-001
 6.4456725e-001
 6.4476997e-001
 6.4497280e-001
 6.4518082e-001
 6.4539558e-001
 6.4561588e-001
 6.4583838e-001
 6.4605880e-001
 6.4627278e-001
 6.4647657e-001
 6.4666760e-001
 6.4684469e-001
 6.4700776e-001
 6.4715803e-001
 6.4729774e-001
 6.4743006e-001
 6.4755917e-001
 6.4768970e-001
 6.4782667e-001
 6.4797437e-001
 6.4813560e-001
 6.4831108e-001
 6.4849830e-001
 6.4869171e-001
 6.4888257e-001
 6.4905965e-001
 6.4921051e-001
 6.4932287e-001
 6.4938599e-001
 6.4939213e-001
 6.4933640e-001
 6.4921719e-001
 6.4903539e-001
 6.4879394e-001
 6.4849800e-001
 6.4815503e-001
 6.4777499e-001
 6.4737016e-001
 6.4695531e-001
 6.4654732e-001
 6.4616483e-001
 6.4582747e-001
 6.4555472e-001
 6.4536464e-001
 6.4527148e-001
 6.4528549e-001
 6.4541185e-001
 6.4565110e-001
 6.4599866e-001
 6.4644611e-001
 6.4698130e-001
 6.4758891e-001
 6.4825147e-001
 6.4894968e-001
 6.4966452e-001
 6.5037733e-001
 6.5107125e-001
 6.5173233e-001
 6.5234929e-001
 6.5291470e-001
 6.5342456e-001
 6.5387821e-001
 6.5427822e-001
 6.5462899e-001
 6.5493631e-001
 6.5520614e-001
 6.5544444e-001
 6.5565646e-001
 6.5584642e-001
 6.5601784e-001
 6.5617353e-001
 6.5631568e-001
 6.5644664e-001
 6.5656894e-001
 6.5668583e-001
 6.5680122e-001
 6.5691978e-001
 6.5704596e-001
 6.5718389e-001
 6.5733641e-001
 6.5750444e-001
 6.5768695e-001
 6.5788102e-001
 6.5808219e-001
 6.5828532e-001
 6.5848500e-001
 6.5867585e-001
 6.5885341e-001
 6.5901381e-001
 6.5915447e-001
 6.5927386e-001
 6.5937173e-001
 6.5944910e-001
 6.5950799e-001
 6.5955150e-001
 6.5958357e-001
 6.5960872e-001
 6.5963191e-001
 6.5965819e-001
 6.5969265e-001
 6.5973991e-001
 6.5980428e-001
 6.5988904e-001
 6.5999687e-001
 6.6012907e-001
 6.6028601e-001
 6.6046655e-001
 6.6066819e-001
 6.6088748e-001
 6.6111958e-001
 6.6135901e-001
 6.6159987e-001
 6.6183609e-001
 6.6206211e-001
 6.6227317e-001
 6.6246545e-001
 6.6263652e-001
 6.6278511e-001
 6.6291159e-001
 6.6301751e-001
 6.6310555e-001
 6.6317952e-001
 6.6324383e-001
 6.6330332e-001
 6.6336286e-001
 6.6342670e-001
 6.6349828e-001
 6.6357952e-001
 6.6367102e-001
 6.6377151e-001
 6.6387832e-001
 6.6398758e-001
 6.6409487e-001
 6.6419590e-001
 6.6428703e-001
 6.6436571e-001
 6.6443121e-001
 6.6448432e-001
 6.6452754e-001
 6.6456455e-001
 6.6460001e-001
 6.6463882e-001
 6.6468567e-001
 6.6474473e-001
 6.6481912e-001
 6.6491055e-001
 6.6501939e-001
 6.6514421e-001
 6.6528207e-001
 6.6542852e-001
 6.6557807e-001
 6.6572458e-001
 6.6586220e-001
 6.6598594e-001
 6.6609269e-001
 6.6618204e-001
 6.6625625e-001
 6.6632086e-001
 6.6638356e-001
 6.6645390e-001
 6.6654134e-001
 6.6665405e-001
 6.6679716e-001
 6.6697162e-001
 6.6717368e-001
 6.6739523e-001
 6.6762489e-001
 6.6784960e-001
 6.6805619e-001
 6.6823310e-001
 6.6837138e-001
 6.6846544e-001
 6.6851330e-001
 6.6851699e-001
 6.6848171e-001
 6.6841507e-001
 6.6832584e-001
 6.6822249e-001
 6.6811222e-001
 6.6799998e-001
 6.6788852e-001
 6.6777867e-001
 6.6767025e-001
 6.6756332e-001
 6.6745931e-001
 6.6736203e-001
 6.6727823e-001
 6.6721725e-001
 6.6719037e-001
 6.6720986e-001
 6.6728765e-001
 6.6743422e-001
 6.6765779e-001
 6.6796345e-001
 6.6835332e-001
 6.6882586e-001
 6.6937608e-001
 6.6999590e-001
 6.7067420e-001
 6.7139691e-001
 6.7214811e-001
 6.7290926e-001
 6.7366076e-001
 6.7438161e-001
 6.7505091e-001
 6.7564881e-001
 6.7615736e-001
 6.7656195e-001
 6.7685205e-001
 6.7702216e-001
 6.7707175e-001
 6.7700541e-001
 6.7683214e-001
 6.7656457e-001
 6.7621791e-001
 6.7580897e-001
 6.7535537e-001
 6.7487466e-001
 6.7438394e-001
 6.7389911e-001
 6.7343450e-001
 6.7300212e-001
 6.7261165e-001
 6.7226917e-001
 6.7197728e-001
 6.7173475e-001
 6.7153686e-001
 6.7137593e-001
 6.7124271e-001
 6.7112774e-001
 6.7102313e-001
 6.7092437e-001
 6.7083186e-001
 6.7075127e-001
 6.7069411e-001
 6.7067605e-001
 6.7071563e-001
 6.7083120e-001
 6.7103797e-001
 6.7134470e-001
 6.7175156e-001
 6.7224807e-001
 6.7281324e-001
 6.7341691e-001
 6.7402238e-001
 6.7459083e-001
 6.7508543e-001
 6.7547643e-001
 6.7574513e-001
 6.7588615e-001
 6.7590863e-001
 6.7583460e-001
 6.7569661e-001
 6.7553282e-001
 6.7538208e-001
 6.7527884e-001
 6.7524868e-001
 6.7530537e-001
 6.7544949e-001
 6.7566901e-001
 6.7594159e-001
 6.7623818e-001
 6.7652696e-001
 6.7677796e-001
 6.7696613e-001
 6.7707419e-001
 6.7709404e-001
 6.7702633e-001
 6.7687935e-001
 6.7666680e-001
 6.7640519e-001
 6.7611122e-001
 6.7579943e-001
 6.7548072e-001
 6.7516148e-001
 6.7484403e-001
 6.7452735e-001
 6.7420918e-001
 6.7388743e-001
 6.7356235e-001
 6.7323816e-001
 6.7292380e-001
 6.7263323e-001
 6.7238480e-001
 6.7219907e-001
 6.7209685e-001
 6.7209524e-001
 6.7220491e-001
 6.7242706e-001
 6.7275137e-001
 6.7315590e-001
 6.7361009e-001
 6.7407715e-001
 6.7451829e-001
 6.7489612e-001
 6.7517799e-001
 6.7533839e-001
 6.7535973e-001
 6.7523301e-001
 6.7495906e-001
 6.7454880e-001
 6.7402214e-001
 6.7340589e-001
 6.7273110e-001
 6.7202955e-001
 6.7133051e-001
 6.7065781e-001
 6.7002815e-001
 6.6945088e-001
 6.6886473e-001
 6.6840380e-001
 6.6799194e-001
 6.6762078e-001
 6.6728109e-001
 6.6696215e-001
 6.6665173e-001
 6.6633648e-001
 6.6600227e-001
 6.6563463e-001
 6.6521925e-001
 6.6474295e-001
 6.6419441e-001
 6.6356647e-001
 6.6285843e-001
 6.6207761e-001
 6.6123950e-001
 6.6036797e-001
 6.5949231e-001
 6.5864569e-001
 6.5786296e-001
 6.5717834e-001
 6.5662408e-001
 6.5622663e-001
 6.5600330e-001
 6.5595806e-001
 6.5608031e-001
 6.5634608e-001
 6.5672207e-001
 6.5716887e-001
 6.5764487e-001
 6.5810829e-001
 6.5851969e-001
 6.5884489e-001
 6.5905815e-001
 6.5914571e-001
 6.5910673e-001
 6.5895200e-001
 6.5870100e-001
 6.5837830e-001
 6.5801102e-001
 6.5762633e-001
 6.5725046e-001
 6.5690637e-001
 6.5661156e-001
 6.5637618e-001
 6.5620232e-001
 6.5608448e-001
 6.5601200e-001
 6.5597075e-001
 6.5594518e-001
 6.5591943e-001
 6.5587801e-001
 6.5580702e-001
 6.5569490e-001
 6.5553349e-001
 6.5531820e-001
 6.5504789e-001
 6.5472388e-001
 6.5434879e-001
 6.5392613e-001
 6.5345955e-001
 6.5295273e-001
 6.5240920e-001
 6.5183187e-001
 6.5122342e-001
 6.5058577e-001
 6.4992034e-001
 6.4922816e-001
 6.4850986e-001
 6.4776605e-001
 6.4699692e-001
 6.4620119e-001
 6.4537621e-001
 6.4451528e-001
 6.4360762e-001
 6.4263731e-001
 6.4158350e-001
 6.4042246e-001
 6.3912815e-001
 6.3767397e-001
 6.3603425e-001
 6.3418508e-001
 6.3210863e-001
 6.2979478e-001
 6.2724578e-001
 6.2447721e-001
 6.2151521e-001
 6.1839575e-001
 6.1515999e-001
 6.1185020e-001
 6.0851097e-001
 6.0518450e-001
 6.0191166e-001
 5.9872961e-001
 5.9566903e-001
 5.9275615e-001
 5.9001040e-001
 5.8744854e-001
 5.8508462e-001
 5.8293068e-001
 5.8099914e-001
 5.7930017e-001
 5.7784319e-001
 5.7663441e-001
 5.7567585e-001
 5.7496566e-001
 5.7449776e-001
 5.7426345e-001
 5.7425219e-001
 5.7445246e-001
 5.7485199e-001
 5.7543802e-001
 5.7619590e-001
 5.7710844e-001
 5.7815540e-001
 5.7931238e-001
 5.8055168e-001
 5.8184332e-001
 5.8315539e-001
 5.8445621e-001
 5.8571386e-001
 5.8689851e-001
 5.8798450e-001
 5.8895224e-001
 5.8979166e-001
 5.9050184e-001
 5.9109116e-001
 5.9157443e-001
 5.9197032e-001
 5.9229940e-001
 5.9258246e-001
 5.9283948e-001
 5.9308827e-001
 5.9334278e-001
 5.9361196e-001
 5.9389901e-001
 5.9420204e-001
 5.9451556e-001
 5.9483159e-001
 5.9514123e-001
 5.9543556e-001
 5.9570634e-001
 5.9594709e-001
 5.9615421e-001
 5.9632820e-001
 5.9647405e-001
 5.9660053e-001
 5.9671962e-001
 5.9684491e-001
 5.9699064e-001
 5.9717101e-001
 5.9739876e-001
 5.9768403e-001
 5.9803206e-001
 5.9844184e-001
 5.9890544e-001
 5.9940845e-001
 5.9993184e-001
 6.0045379e-001
 6.0095131e-001
 6.0140157e-001
 6.0178328e-001
 6.0207844e-001
 6.0227484e-001
 6.0236812e-001
 6.0236233e-001
 6.0226941e-001
 6.0210705e-001
 6.0189623e-001
 6.0165948e-001
 6.0141951e-001
 6.0119766e-001
 6.0101259e-001
 6.0087794e-001
 6.0080093e-001
 6.0078132e-001
 6.0081249e-001
 6.0088277e-001
 6.0097778e-001
 6.0108161e-001
 6.0117823e-001
 6.0125190e-001
 6.0128832e-001
 6.0127544e-001
 6.0120428e-001
 6.0106915e-001
 6.0086757e-001
 6.0059929e-001
 6.0026532e-001
 5.9986752e-001
 5.9940815e-001
 5.9888959e-001
 5.9831488e-001
 5.9768778e-001
 5.9701318e-001
 5.9629726e-001
 5.9554696e-001
 5.9477055e-001
 5.9397620e-001
 5.9317291e-001
 5.9236962e-001
 5.9157670e-001
 5.9080553e-001
 5.9007001e-001
 5.8938825e-001
 5.8878142e-001
 5.8827460e-001
 5.8789521e-001
 5.8767247e-001
 5.8763558e-001
 5.8781332e-001
 5.8823138e-001
 5.8891010e-001
 5.8986044e-001
 5.9107995e-001
 5.9255254e-001
 5.9424913e-001
 5.9613180e-001
 5.9815538e-001
 6.0027367e-001
 6.0243970e-001
 6.0460597e-001
 6.0672915e-001
 6.0876995e-001
 6.1069369e-001
 6.1247355e-001
 6.1408848e-001
 6.1552066e-001
 6.1675608e-001
 6.1778194e-001
 6.1858654e-001
 6.1915988e-001
 6.1949581e-001
 6.1959410e-001
 6.1946213e-001
 6.1911631e-001
 6.1858088e-001
 6.1788601e-001
 6.1706531e-001
 6.1615378e-001
 6.1518663e-001
 6.1419839e-001
 6.1322057e-001
 6.1228013e-001
 6.1139864e-001
 6.1059058e-001
 6.0986423e-001
 6.0922414e-001
 6.0867143e-001
 6.0820556e-001
 6.0782421e-001
 6.0752094e-001
 6.0728186e-001
 6.0708046e-001
 6.0687351e-001
 6.0659868e-001
 6.0617679e-001
 6.0551649e-001
 6.0451895e-001
 6.0308295e-001
 6.0111141e-001
 5.9851724e-001
 5.9523696e-001
 5.9124488e-001
 5.8657074e-001
 5.8130002e-001
 5.7557017e-001
 5.6956154e-001
 5.6347346e-001
 5.5751491e-001
 5.5189866e-001
 5.4682219e-001
 5.4245883e-001
 5.3893870e-001
 5.3633624e-001
 5.3465921e-001
 5.3385806e-001
 5.3384113e-001
 5.3449053e-001
 5.3567696e-001
 5.3726739e-001
 5.3913349e-001
 5.4115778e-001
 5.4323977e-001
 5.4530543e-001
 5.4730809e-001
 5.4922658e-001
 5.5105674e-001
 5.5280709e-001
 5.5449110e-001
 5.5612266e-001
 5.5771577e-001
 5.5928093e-001
 5.6082171e-001
 5.6233454e-001
 5.6380659e-001
 5.6521720e-001
 5.6653881e-001
 5.6774122e-001
 5.6879276e-001
 5.6966096e-001
 5.7031602e-001
 5.7073182e-001
 5.7088876e-001
 5.7077676e-001
 5.7039547e-001
 5.6975412e-001
 5.6886828e-001
 5.6775784e-001
 5.6644410e-001
 5.6495023e-001
 5.6329840e-001
 5.6151032e-001
 5.5960840e-001
 5.5761278e-001
 5.5554253e-001
 5.5341721e-001
 5.5125421e-001
 5.4907125e-001
 5.4688507e-001
 5.4471457e-001
 5.4257745e-001
 5.4049319e-001
 5.3848523e-001
 5.3657895e-001
 5.3480363e-001
 5.3319317e-001
 5.3178287e-001
 5.3060943e-001
 5.2971077e-001
 5.2912277e-001
 5.2887821e-001
 5.2900273e-001
 5.2951008e-001
 5.3039777e-001
 5.3164572e-001
 5.3321683e-001
 5.3506303e-001
 5.3712916e-001
 5.3935546e-001
 5.4168278e-001
 5.4405296e-001
 5.4641175e-001
 5.4870909e-001
 5.5090481e-001
 5.5296737e-001
 5.5487210e-001
 5.5660158e-001
 5.5814189e-001
 5.5947983e-001
 5.6060421e-001
 5.6150454e-001
 5.6217068e-001
 5.6259501e-001
 5.6277221e-001
 5.6269950e-001
 5.6237650e-001
 5.6180477e-001
 5.6098688e-001
 5.5992675e-001
 5.5862957e-001
 5.5710351e-001
 5.5536503e-001
 5.5344069e-001
 5.5137312e-001
 5.4922146e-001
 5.4706192e-001
 5.4498065e-001
 5.4307032e-001
 5.4142743e-001
 5.4014522e-001
 5.3930980e-001
 5.3899187e-001
 5.3923470e-001
 5.4004586e-001
 5.4139215e-001
 5.4320449e-001
 5.4538715e-001
 5.4782915e-001
 5.5041039e-001
 5.5301225e-001
 5.5552107e-001
 5.5783433e-001
 5.5987245e-001
 5.6158483e-001
 5.6295186e-001
 5.6398410e-001
 5.6471324e-001
 5.6518376e-001
 5.6544590e-001
 5.6555212e-001
 5.6555313e-001
 5.6549567e-001
 5.6541932e-001
 5.6535351e-001
 5.6531715e-001
 5.6531900e-001
 5.6536055e-001
 5.6543899e-001
 5.6554896e-001
 5.6568319e-001
 5.6583190e-001
 5.6598037e-001
 5.6610572e-001
 5.6617439e-001
 5.6614059e-001
 5.6594765e-001
 5.6553090e-001
 5.6482124e-001
 5.6374782e-001
 5.6224132e-001
 5.6023741e-001
 5.5768555e-001
 5.5455399e-001
 5.5083799e-001
 5.4656589e-001
 5.4179102e-001
 5.3658658e-001
 5.3104168e-001
 5.2524775e-001
 5.1929998e-001
 5.1329315e-001
 5.0732720e-001
 5.0149864e-001
 4.9590552e-001
 4.9065110e-001
 4.8583600e-001
 4.8156208e-001
 4.7793421e-001
 4.7505271e-001
 4.7301364e-001
 4.7190121e-001
 4.7177169e-001
 4.7263765e-001
 4.7445238e-001
 4.7710153e-001
 4.8041210e-001
 4.8416767e-001
 4.8812294e-001
 4.9202418e-001
 4.9561813e-001
 4.9866167e-001
 5.0094318e-001
 5.0229889e-001
 5.0263077e-001
 5.0191408e-001
 5.0019032e-001
 4.9754882e-001
 4.9410999e-001
 4.9000612e-001
 4.8537219e-001
 4.8034263e-001
 4.7503701e-001
 4.6955469e-001
 4.6397185e-001
 4.5833075e-001
 4.5264778e-001
 4.4691795e-001
 4.4112813e-001
 4.3525505e-001
 4.2927217e-001
 4.2315447e-001
 4.1686839e-001
 4.1037339e-001
 4.0362448e-001
 3.9656204e-001
 3.8911870e-001
 3.8121855e-001
 3.7278786e-001
 3.6374688e-001
 3.5401940e-001
 3.4354851e-001
 3.3229551e-001
 3.2026318e-001
 3.0752006e-001
 2.9418910e-001
 2.8044972e-001
 2.6653329e-001
 2.5268599e-001
 2.3916766e-001
 2.2623350e-001
 2.1413358e-001
 2.0307627e-001
 1.9321649e-001
 1.8464209e-001
 1.7735201e-001
 1.7127252e-001
 1.6627966e-001
 1.6221239e-001
 1.5889582e-001
 1.5615021e-001
 1.5380099e-001
 1.5168209e-001
 1.4964586e-001
 1.4757092e-001
 1.4536199e-001
 1.4294852e-001
 1.4028010e-001
 1.3731603e-001
 1.3402219e-001
 1.3037308e-001
 1.2635200e-001
 1.2196435e-001
 1.1724959e-001
 1.1229828e-001
 1.0725032e-001
 1.0229319e-001
 9.7653002e-002
 9.3572930e-002
 9.0305187e-002
 8.8102698e-002
 8.7203011e-002
 8.7815851e-002
 9.0103507e-002
 9.4160974e-002
 1.0001212e-001
 1.0761701e-001
 1.1688172e-001
 1.2768847e-001
 1.3990609e-001
 1.5338713e-001
 1.6798672e-001
 1.8354848e-001
 1.9990602e-001
 2.1686222e-001
 2.3421068e-001
 2.5172663e-001
 2.6915896e-001
 2.8626108e-001
 3.0278340e-001
 3.1846789e-001
 3.3308026e-001
 3.4641036e-001
 3.5828045e-001
 3.6857939e-001
 3.7725592e-001
 3.8431722e-001
 3.8980737e-001
 3.9380088e-001
 3.9638370e-001
 3.9764634e-001
 3.9768654e-001
 3.9660841e-001
 3.9452907e-001
 3.9158118e-001
 3.8791516e-001
 3.8369697e-001
 3.7910813e-001
 3.7433454e-001
 3.6956391e-001
 3.6498332e-001
 3.6076188e-001
 3.5703757e-001
 3.5389763e-001
 3.5135356e-001
 3.4933648e-001
 3.4770820e-001
 3.4627971e-001
 3.4483504e-001
 3.4314737e-001
 3.4099391e-001
 3.3816674e-001
 3.3448899e-001
 3.2983661e-001
 3.2414886e-001
 3.1743750e-001
 3.0978793e-001
 3.0133435e-001
 2.9224601e-001
 2.8270569e-001
 2.7290696e-001
 2.6303491e-001
 2.5327063e-001
 2.4379762e-001
 2.3509133e-001
 2.2877970e-001
 2.2119805e-001
 2.1434689e-001
 2.0824771e-001
 2.0292389e-001
 1.9839787e-001
 1.9469520e-001
 1.9183810e-001
 1.8984993e-001
 1.8875411e-001
 1.8856864e-001
 1.8926072e-001
 1.9076952e-001
 1.9303416e-001
 1.9599442e-001
 1.9958802e-001
 2.0375459e-001
 2.0843326e-001
 2.1356437e-001
 2.1908447e-001
 2.2493386e-001
 2.3105164e-001
 2.3737833e-001
 2.4385004e-001
 2.5040892e-001
 2.5701076e-001
 2.6361945e-001
 2.7020040e-001
 2.7671444e-001
 2.8312704e-001
 2.8940213e-001
 2.9550502e-001
 3.0139679e-001
 3.0704272e-001
 3.1240684e-001
 3.1745422e-001
 3.2214633e-001
 3.2644832e-001
 3.3032414e-001
 3.3373773e-001
 3.3665359e-001
 3.3903426e-001
 3.4084913e-001
 3.4210891e-001
 3.4284627e-001
 3.4309375e-001
 3.4288445e-001
 3.4225121e-001
 3.4122652e-001
 3.3984378e-001
 3.3813560e-001
 3.3613488e-001
 3.3387437e-001
 3.3138642e-001
 3.2870492e-001
 3.2586223e-001
 3.2289118e-001
 3.1982392e-001
 3.1669465e-001
 3.1353560e-001
 3.1037951e-001
 3.0725864e-001
 3.0420715e-001
 3.0125725e-001
 2.9843938e-001
 2.9576311e-001
 2.9322946e-001
 2.9083759e-001
 2.8858715e-001
 2.8647798e-001
 2.8450924e-001
 2.8268167e-001
 2.8099447e-001
 2.7944741e-001
 2.7803987e-001
 2.7677226e-001
 2.7564394e-001
 2.7465463e-001
 2.7380395e-001
 2.7309197e-001
 2.7251816e-001
 2.7208236e-001
 2.7178422e-001
 2.7162343e-001
 2.7159986e-001
 2.7171314e-001
 2.7196300e-001
 2.7234936e-001
 2.7287164e-001
 2.7352968e-001
 2.7432266e-001
 2.7524462e-001
 2.7628663e-001
 2.7744019e-001
 2.7869669e-001
 2.8004748e-001
 2.8148428e-001
 2.8299773e-001
 2.8457963e-001
 2.8622124e-001
 2.8791440e-001
 2.8964967e-001
 2.9141876e-001
 2.9321304e-001
 2.9502437e-001
 2.9684320e-001
 2.9866135e-001
 3.0047017e-001
 3.0226144e-001
 3.0402568e-001
 3.0575469e-001
 3.0743986e-001
 3.0907249e-001
 3.1064439e-001
 3.1214610e-001
 3.1356940e-001
 3.1490567e-001
 3.1614652e-001
 3.1728280e-001
 3.1830612e-001
 3.1920895e-001
 3.1999281e-001
 3.2066280e-001
 3.2122469e-001
