s07_ASD Record=10537: Sodium_Bicarbonate GDS55      BECKa AREF
 8.4619933e-001
 8.4703898e-001
 8.4790444e-001
 8.4879798e-001
 8.4973055e-001
 8.5071838e-001
 8.5177410e-001
 8.5289603e-001
 8.5406315e-001
 8.5523796e-001
 8.5637724e-001
 8.5744286e-001
 8.5840893e-001
 8.5926670e-001
 8.6003011e-001
 8.6073351e-001
 8.6141813e-001
 8.6211461e-001
 8.6283231e-001
 8.6355799e-001
 8.6426300e-001
 8.6491817e-001
 8.6551011e-001
 8.6604965e-001
 8.6657053e-001
 8.6712140e-001
 8.6774862e-001
 8.6847264e-001
 8.6927634e-001
 8.7011725e-001
 8.7094700e-001
 8.7172890e-001
 8.7244201e-001
 8.7307829e-001
 8.7364453e-001
 8.7416154e-001
 8.7465447e-001
 8.7514442e-001
 8.7564319e-001
 8.7614948e-001
 8.7664998e-001
 8.7712610e-001
 8.7756354e-001
 8.7795967e-001
 8.7832445e-001
 8.7867463e-001
 8.7902391e-001
 8.7937564e-001
 8.7971985e-001
 8.8003701e-001
 8.8030642e-001
 8.8051456e-001
 8.8066125e-001
 8.8076043e-001
 8.8083714e-001
 8.8092434e-001
 8.8105816e-001
 8.8126498e-001
 8.8155371e-001
 8.8191676e-001
 8.8229960e-001
 8.8265014e-001
 8.8295400e-001
 8.8320023e-001
 8.8338685e-001
 8.8352716e-001
 8.8362354e-001
 8.8367182e-001
 8.8367611e-001
 8.8366270e-001
 8.8368016e-001
 8.8378030e-001
 8.8399279e-001
 8.8431084e-001
 8.8469267e-001
 8.8507640e-001
 8.8540065e-001
 8.8562363e-001
 8.8573200e-001
 8.8574016e-001
 8.8568348e-001
 8.8560820e-001
 8.8556093e-001
 8.8557738e-001
 8.8567281e-001
 8.8583755e-001
 8.8604122e-001
 8.8624513e-001
 8.8641673e-001
 8.8653946e-001
 8.8661289e-001
 8.8664675e-001
 8.8665473e-001
 8.8665384e-001
 8.8666672e-001
 8.8672417e-001
 8.8686055e-001
 8.8710105e-001
 8.8744587e-001
 8.8786387e-001
 8.8830024e-001
 8.8869810e-001
 8.8902211e-001
 8.8927132e-001
 8.8947767e-001
 8.8968599e-001
 8.8992667e-001
 8.9020205e-001
 8.9049441e-001
 8.9078361e-001
 8.9105868e-001
 8.9131689e-001
 8.9155805e-001
 8.9178282e-001
 8.9199358e-001
 8.9219224e-001
 8.9237547e-001
 8.9253771e-001
 8.9268327e-001
 8.9283383e-001
 8.9301860e-001
 8.9325243e-001
 8.9352375e-001
 8.9380395e-001
 8.9406973e-001
 8.9431745e-001
 8.9456129e-001
 8.9481956e-001
 8.9510125e-001
 8.9540428e-001
 8.9572263e-001
 8.9605266e-001
 8.9639091e-001
 8.9673233e-001
 8.9707744e-001
 8.9744079e-001
 8.9784336e-001
 8.9829379e-001
 8.9877671e-001
 8.9925611e-001
 8.9968437e-001
 9.0001410e-001
 9.0021938e-001
 9.0031940e-001
 9.0037984e-001
 9.0047824e-001
 9.0065879e-001
 9.0091521e-001
 9.0121442e-001
 9.0153372e-001
 9.0187287e-001
 9.0223670e-001
 9.0261495e-001
 9.0298873e-001
 9.0335721e-001
 9.0374959e-001
 9.0419686e-001
 9.0468180e-001
 9.0511924e-001
 9.0540296e-001
 9.0548933e-001
 9.0543902e-001
 9.0537179e-001
 9.0537822e-001
 9.0547508e-001
 9.0563118e-001
 9.0581506e-001
 9.0601349e-001
 9.0622348e-001
 9.0644747e-001
 9.0669894e-001
 9.0699816e-001
 9.0734607e-001
 9.0769780e-001
 9.0797210e-001
 9.0810215e-001
 9.0808994e-001
 9.0801162e-001
 9.0796530e-001
 9.0800571e-001
 9.0812534e-001
 9.0829200e-001
 9.0849632e-001
 9.0875864e-001
 9.0908992e-001
 9.0945405e-001
 9.0977192e-001
 9.0996468e-001
 9.0999711e-001
 9.0989625e-001
 9.0973842e-001
 9.0960449e-001
 9.0952402e-001
 9.0946656e-001
 9.0940320e-001
 9.0936381e-001
 9.0940291e-001
 9.0951908e-001
 9.0964437e-001
 9.0972006e-001
 9.0975368e-001
 9.0979242e-001
 9.0985584e-001
 9.0990186e-001
 9.0985596e-001
 9.0967739e-001
 9.0939444e-001
 9.0904415e-001
 9.0856332e-001
 9.0780973e-001
 9.0677464e-001
 9.0572947e-001
 9.0503985e-001
 9.0483004e-001
 9.0491873e-001
 9.0506327e-001
 9.0516907e-001
 9.0527266e-001
 9.0542853e-001
 9.0564954e-001
 9.0590620e-001
 9.0615010e-001
 9.0635604e-001
 9.0655696e-001
 9.0682721e-001
 9.0721786e-001
 9.0769768e-001
 9.0814888e-001
 9.0841895e-001
 9.0840101e-001
 9.0810126e-001
 9.0766108e-001
 9.0730083e-001
 9.0717751e-001
 9.0724128e-001
 9.0727359e-001
 9.0714365e-001
 9.0697581e-001
 9.0694940e-001
 9.0701258e-001
 9.0697581e-001
 9.0682799e-001
 9.0674907e-001
 9.0682715e-001
 9.0694726e-001
 9.0696675e-001
 9.0687096e-001
 9.0674227e-001
 9.0666288e-001
 9.0666461e-001
 9.0672237e-001
 9.0677160e-001
 9.0675706e-001
 9.0669340e-001
 9.0666461e-001
 9.0673351e-001
 9.0689337e-001
 9.0712506e-001
 9.0738410e-001
 9.0754354e-001
 9.0753412e-001
 9.0747058e-001
 9.0747082e-001
 9.0753490e-001
 9.0767944e-001
 9.0790069e-001
 9.0801364e-001
 9.0782666e-001
 9.0743816e-001
 9.0715569e-001
 9.0716112e-001
 9.0739411e-001
 9.0772051e-001
 9.0805829e-001
 9.0833497e-001
 9.0849036e-001
 9.0858078e-001
 9.0871876e-001
 9.0884233e-001
 9.0877199e-001
 9.0854627e-001
 9.0846437e-001
 9.0873277e-001
 9.0923280e-001
 9.0971076e-001
 9.1006058e-001
 9.1033053e-001
 9.1053391e-001
 9.1060495e-001
 9.1056794e-001
 9.1057992e-001
 9.1073251e-001
 9.1094100e-001
 9.1107965e-001
 9.1109508e-001
 9.1094846e-001
 9.1059530e-001
 9.1010660e-001
 9.0971613e-001
 9.0966314e-001
 9.0999383e-001
 9.1052097e-001
 9.1097754e-001
 9.1122335e-001
 9.1128612e-001
 9.1122335e-001
 9.1103882e-001
 9.1076696e-001
 9.1055942e-001
 9.1060895e-001
 9.1094494e-001
 9.1131794e-001
 9.1140902e-001
 9.1119665e-001
 9.1095263e-001
 9.1081220e-001
 9.1058296e-001
 9.1005701e-001
 9.0929860e-001
 9.0861595e-001
 9.0832508e-001
 9.0856397e-001
 9.0924680e-001
 9.1013879e-001
 9.1098273e-001
 9.1158098e-001
 9.1181797e-001
 9.1166604e-001
 9.1118795e-001
 9.1051632e-001
 9.0981555e-001
 9.0924776e-001
 9.0893465e-001
 9.0890425e-001
 9.0906185e-001
 9.0924746e-001
 9.0936184e-001
 9.0944809e-001
 9.0963906e-001
 9.1000861e-001
 9.1046995e-001
 9.1082555e-001
 9.1092086e-001
 9.1075957e-001
 9.1049802e-001
 9.1036671e-001
 9.1059363e-001
 9.1132945e-001
 9.1255516e-001
 9.1403246e-001
 9.1538602e-001
 9.1628999e-001
 9.1661119e-001
 9.1644543e-001
 9.1602546e-001
 9.1556054e-001
 9.1520578e-001
 9.1508269e-001
 9.1522962e-001
 9.1548973e-001
 9.1558415e-001
 9.1548324e-001
 9.1551936e-001
 9.1583949e-001
 9.1605073e-001
 9.1578376e-001
 9.1525644e-001
 9.1492838e-001
 9.1496873e-001
 9.1533029e-001
 9.1594356e-001
 9.1652435e-001
 9.1658151e-001
 9.1607946e-001
 9.1572487e-001
 9.1605526e-001
 9.1666526e-001
 9.1683048e-001
 9.1644454e-001
 9.1600138e-001
 9.1598105e-001
 9.1637546e-001
 9.1673905e-001
 9.1677719e-001
 9.1669625e-001
 9.1675925e-001
 9.1683829e-001
 9.1670644e-001
 9.1643983e-001
 9.1625053e-001
 9.1618645e-001
 9.1620833e-001
 9.1634113e-001
 9.1655242e-001
 9.1665280e-001
 9.1651434e-001
 9.1626650e-001
 9.1609222e-001
 9.1605335e-001
 9.1606349e-001
 9.1603416e-001
 9.1599876e-001
 9.1598624e-001
 9.1595733e-001
 9.1588163e-001
 9.1580808e-001
 9.1585195e-001
 9.1609395e-001
 9.1643542e-001
 9.1660559e-001
 9.1637641e-001
 9.1580433e-001
 9.1521883e-001
 9.1495264e-001
 9.1508216e-001
 9.1542345e-001
 9.1573280e-001
 9.1585141e-001
 9.1572124e-001
 9.1536057e-001
 9.1489971e-001
 9.1456896e-001
 9.1456455e-001
 9.1487670e-001
 9.1530842e-001
 9.1564709e-001
 9.1575974e-001
 9.1559696e-001
 9.1515946e-001
 9.1463387e-001
 9.1403538e-001
 9.1369802e-001
 9.1380769e-001
 9.1424590e-001
 9.1477162e-001
 9.1514379e-001
 9.1516125e-001
 9.1488695e-001
 9.1449016e-001
 9.1414034e-001
 9.1398346e-001
 9.1400725e-001
 9.1413641e-001
 9.1429496e-001
 9.1441220e-001
 9.1445076e-001
 9.1438621e-001
 9.1419506e-001
 9.1386300e-001
 9.1344374e-001
 9.1295165e-001
 9.1261959e-001
 9.1245317e-001
 9.1246223e-001
 9.1258836e-001
 9.1277039e-001
 9.1294706e-001
 9.1305941e-001
 9.1309762e-001
 9.1310048e-001
 9.1310900e-001
 9.1316414e-001
 9.1330457e-001
 9.1351336e-001
 9.1371888e-001
 9.1384703e-001
 9.1382408e-001
 9.1357970e-001
 9.1312116e-001
 9.1253299e-001
 9.1190219e-001
 9.1131645e-001
 9.1086292e-001
 9.1060704e-001
 9.1052955e-001
 9.1059023e-001
 9.1074914e-001
 9.1096616e-001
 9.1120136e-001
 9.1141963e-001
 9.1160548e-001
 9.1174752e-001
 9.1183484e-001
 9.1185629e-001
 9.1180098e-001
 9.1165757e-001
 9.1142607e-001
 9.1114777e-001
 9.1087371e-001
 9.1065514e-001
 9.1054320e-001
 9.1058916e-001
 9.1084415e-001
 9.1135943e-001
 9.1216147e-001
 9.1318440e-001
 9.1434038e-001
 9.1554147e-001
 9.1670012e-001
 9.1772825e-001
 9.1853821e-001
 9.1904229e-001
 9.1917986e-001
 9.1899264e-001
 9.1854572e-001
 9.1790468e-001
 9.1713482e-001
 9.1630125e-001
 9.1546971e-001
 9.1470504e-001
 9.1406006e-001
 9.1353905e-001
 9.1313559e-001
 9.1284341e-001
 9.1265571e-001
 9.1256642e-001
 9.1256881e-001
 9.1265655e-001
 9.1282326e-001
 9.1306239e-001
 9.1336745e-001
 9.1373193e-001
 9.1414809e-001
 9.1460180e-001
 9.1507810e-001
 9.1556168e-001
 9.1603756e-001
 9.1649050e-001
 9.1690528e-001
 9.1726702e-001
 9.1756040e-001
 9.1777027e-001
 9.1788155e-001
 9.1787899e-001
 9.1775429e-001
 9.1752255e-001
 9.1720444e-001
 9.1682053e-001
 9.1639143e-001
 9.1593766e-001
 9.1547978e-001
 9.1503841e-001
 9.1463423e-001
 9.1428763e-001
 9.1401923e-001
 9.1384268e-001
 9.1374731e-001
 9.1371685e-001
 9.1373509e-001
 9.1378576e-001
 9.1385305e-001
 9.1392040e-001
 9.1397208e-001
 9.1399145e-001
 9.1396284e-001
 9.1387576e-001
 9.1374159e-001
 9.1357589e-001
 9.1339421e-001
 9.1321242e-001
 9.1304612e-001
 9.1291082e-001
 9.1282248e-001
 9.1279656e-001
 9.1284889e-001
 9.1298819e-001
 9.1320032e-001
 9.1346610e-001
 9.1376638e-001
 9.1408199e-001
 9.1439378e-001
 9.1468233e-001
 9.1492897e-001
 9.1511410e-001
 9.1521883e-001
 9.1523111e-001
 9.1516387e-001
 9.1503507e-001
 9.1486281e-001
 9.1466528e-001
 9.1446024e-001
 9.1426581e-001
 9.1410011e-001
 9.1398108e-001
 9.1391993e-001
 9.1390467e-001
 9.1391855e-001
 9.1394496e-001
 9.1396719e-001
 9.1396856e-001
 9.1393238e-001
 9.1384172e-001
 9.1368663e-001
 9.1347802e-001
 9.1323131e-001
 9.1296196e-001
 9.1268516e-001
 9.1241664e-001
 9.1217160e-001
 9.1196555e-001
 9.1180819e-001
 9.1169041e-001
 9.1159976e-001
 9.1152340e-001
 9.1144860e-001
 9.1136277e-001
 9.1125315e-001
 9.1110694e-001
 9.1091996e-001
 9.1071498e-001
 9.1052043e-001
 9.1038263e-001
 9.1030979e-001
 9.1033417e-001
 9.1047096e-001
 9.1071278e-001
 9.1103178e-001
 9.1138619e-001
 9.1172725e-001
 9.1200513e-001
 9.1217613e-001
 9.1221446e-001
 9.1211963e-001
 9.1190946e-001
 9.1160929e-001
 9.1124648e-001
 9.1084886e-001
 9.1044515e-001
 9.1006500e-001
 9.0973890e-001
 9.0949684e-001
 9.0936512e-001
 9.0935946e-001
 9.0947700e-001
 9.0969336e-001
 9.0996754e-001
 9.1025090e-001
 9.1049588e-001
 9.1066504e-001
 9.1073877e-001
 9.1071725e-001
 9.1061676e-001
 9.1046226e-001
 9.1027987e-001
 9.1009158e-001
 9.0991110e-001
 9.0974265e-001
 9.0958291e-001
 9.0942430e-001
 9.0925914e-001
 9.0908289e-001
 9.0894449e-001
 9.0880311e-001
 9.0867442e-001
 9.0856105e-001
 9.0846461e-001
 9.0838552e-001
 9.0832293e-001
 9.0827459e-001
 9.0823722e-001
 9.0820724e-001
 9.0818125e-001
 9.0815711e-001
 9.0813392e-001
 9.0811253e-001
 9.0809453e-001
 9.0808159e-001
 9.0807462e-001
 9.0807277e-001
 9.0807366e-001
 9.0807319e-001
 9.0806675e-001
 9.0804964e-001
 9.0801823e-001
 9.0797079e-001
 9.0790784e-001
 9.0783250e-001
 9.0775067e-001
 9.0767032e-001
 9.0760070e-001
 9.0754974e-001
 9.0752244e-001
 9.0751880e-001
 9.0753311e-001
 9.0755385e-001
 9.0756524e-001
 9.0754902e-001
 9.0748799e-001
 9.0736842e-001
 9.0718293e-001
 9.0693194e-001
 9.0662360e-001
 9.0627253e-001
 9.0589744e-001
 9.0551835e-001
 9.0515417e-001
 9.0482044e-001
 9.0452892e-001
 9.0428716e-001
 9.0409887e-001
 9.0396500e-001
 9.0388370e-001
 9.0385127e-001
 9.0386140e-001
 9.0390551e-001
 9.0397233e-001
 9.0404826e-001
 9.0411818e-001
 9.0416676e-001
 9.0417999e-001
 9.0414715e-001
 9.0406233e-001
 9.0392530e-001
 9.0374202e-001
 9.0352410e-001
 9.0328753e-001
 9.0305066e-001
 9.0283197e-001
 9.0264773e-001
 9.0250981e-001
 9.0242457e-001
 9.0239209e-001
 9.0240628e-001
 9.0245610e-001
 9.0252692e-001
 9.0260243e-001
 9.0266639e-001
 9.0270448e-001
 9.0270561e-001
 9.0266281e-001
 9.0257388e-001
 9.0244144e-001
 9.0227246e-001
 9.0207738e-001
 9.0186906e-001
 9.0166104e-001
 9.0146595e-001
 9.0129375e-001
 9.0115052e-001
 9.0103745e-001
 9.0095085e-001
 9.0088272e-001
 9.0082192e-001
 9.0075612e-001
 9.0067321e-001
 9.0056330e-001
 9.0041983e-001
 9.0024030e-001
 9.0002632e-001
 8.9978331e-001
 8.9951962e-001
 8.9924598e-001
 8.9897382e-001
 8.9871508e-001
 8.9848036e-001
 8.9827842e-001
 8.9811516e-001
 8.9799285e-001
 8.9791006e-001
 8.9786124e-001
 8.9783758e-001
 8.9782786e-001
 8.9781970e-001
 8.9780104e-001
 8.9776158e-001
 8.9769328e-001
 8.9759135e-001
 8.9745390e-001
 8.9728183e-001
 8.9707804e-001
 8.9684689e-001
 8.9659411e-001
 8.9632595e-001
 8.9604920e-001
 8.9577085e-001
 8.9549732e-001
 8.9523417e-001
 8.9498472e-001
 8.9474958e-001
 8.9452624e-001
 8.9430887e-001
 8.9408928e-001
 8.9385825e-001
 8.9360714e-001
 8.9332950e-001
 8.9302272e-001
 8.9268869e-001
 8.9233381e-001
 8.9196813e-001
 8.9160395e-001
 8.9125437e-001
 8.9093077e-001
 8.9064217e-001
 8.9039344e-001
 8.9018536e-001
 8.9001471e-001
 8.8987517e-001
 8.8975823e-001
 8.8965452e-001
 8.8955516e-001
 8.8945210e-001
 8.8933909e-001
 8.8921142e-001
 8.8906580e-001
 8.8890058e-001
 8.8871521e-001
 8.8851047e-001
 8.8828850e-001
 8.8805300e-001
 8.8780904e-001
 8.8756251e-001
 8.8731939e-001
 8.8708454e-001
 8.8686073e-001
 8.8664746e-001
 8.8644081e-001
 8.8623357e-001
 8.8601649e-001
 8.8577986e-001
 8.8551551e-001
 8.8521898e-001
 8.8489038e-001
 8.8453555e-001
 8.8416541e-001
 8.8379443e-001
 8.8343871e-001
 8.8311291e-001
 8.8282788e-001
 8.8258857e-001
 8.8239264e-001
 8.8223130e-001
 8.8209027e-001
 8.8195258e-001
 8.8180178e-001
 8.8162452e-001
 8.8141292e-001
 8.8116533e-001
 8.8088620e-001
 8.8058394e-001
 8.8026887e-001
 8.7995034e-001
 8.7963444e-001
 8.7932229e-001
 8.7901026e-001
 8.7869054e-001
 8.7835336e-001
 8.7798947e-001
 8.7759268e-001
 8.7716252e-001
 8.7670434e-001
 8.7622982e-001
 8.7575483e-001
 8.7529665e-001
 8.7487113e-001
 8.7448955e-001
 8.7415671e-001
 8.7387049e-001
 8.7362230e-001
 8.7339938e-001
 8.7318707e-001
 8.7297183e-001
 8.7274313e-001
 8.7249464e-001
 8.7222481e-001
 8.7193602e-001
 8.7163317e-001
 8.7132227e-001
 8.7100905e-001
 8.7069762e-001
 8.7038976e-001
 8.7008488e-001
 8.6978030e-001
 8.6947173e-001
 8.6915416e-001
 8.6882275e-001
 8.6847365e-001
 8.6810464e-001
 8.6771542e-001
 8.6730814e-001
 8.6688685e-001
 8.6645752e-001
 8.6602718e-001
 8.6560315e-001
 8.6519247e-001
 8.6480063e-001
 8.6443067e-001
 8.6408293e-001
 8.6375439e-001
 8.6343938e-001
 8.6312997e-001
 8.6281741e-001
 8.6249381e-001
 8.6215353e-001
 8.6179453e-001
 8.6141872e-001
 8.6103165e-001
 8.6064130e-001
 8.6025643e-001
 8.5988396e-001
 8.5952806e-001
 8.5918874e-001
 8.5886216e-001
 8.5854179e-001
 8.5821986e-001
 8.5788971e-001
 8.5754663e-001
 8.5718924e-001
 8.5681885e-001
 8.5643870e-001
 8.5605252e-001
 8.5566300e-001
 8.5527110e-001
 8.5487533e-001
 8.5447228e-001
 8.5405731e-001
 8.5362625e-001
 8.5317594e-001
 8.5270560e-001
 8.5221708e-001
 8.5171467e-001
 8.5120457e-001
 8.5069352e-001
 8.5018808e-001
 8.4969288e-001
 8.4921074e-001
 8.4874183e-001
 8.4828407e-001
 8.4783399e-001
 8.4738755e-001
 8.4694123e-001
 8.4649289e-001
 8.4604210e-001
 8.4559023e-001
 8.4513980e-001
 8.4469396e-001
 8.4425533e-001
 8.4382504e-001
 8.4340227e-001
 8.4298337e-001
 8.4256262e-001
 8.4213233e-001
 8.4168363e-001
 8.4120780e-001
 8.4069741e-001
 8.4014690e-001
 8.3955431e-001
 8.3892083e-001
 8.3825135e-001
 8.3755392e-001
 8.3683819e-001
 8.3611500e-001
 8.3539438e-001
 8.3468467e-001
 8.3399129e-001
 8.3331645e-001
 8.3265954e-001
 8.3201748e-001
 8.3138633e-001
 8.3076257e-001
 8.3014399e-001
 8.2953089e-001
 8.2892579e-001
 8.2833320e-001
 8.2775855e-001
 8.2720625e-001
 8.2667911e-001
 8.2617676e-001
 8.2569510e-001
 8.2522672e-001
 8.2476169e-001
 8.2428890e-001
 8.2379800e-001
 8.2328081e-001
 8.2273299e-001
 8.2215458e-001
 8.2155037e-001
 8.2092887e-001
 8.2030064e-001
 8.1967694e-001
 8.1906736e-001
 8.1847858e-001
 8.1791323e-001
 8.1736946e-001
 8.1684160e-001
 8.1632119e-001
 8.1579834e-001
 8.1526345e-001
 8.1470788e-001
 8.1412554e-001
 8.1351280e-001
 8.1286824e-001
 8.1219256e-001
 8.1148744e-001
 8.1075531e-001
 8.0999929e-001
 8.0922270e-001
 8.0843049e-001
 8.0762929e-001
 8.0682814e-001
 8.0603850e-001
 8.0527294e-001
 8.0454427e-001
 8.0386287e-001
 8.0323499e-001
 8.0266130e-001
 8.0213583e-001
 8.0164760e-001
 8.0118197e-001
 8.0072379e-001
 8.0026048e-001
 7.9978412e-001
 7.9929346e-001
 7.9879302e-001
 7.9829246e-001
 7.9780334e-001
 7.9733610e-001
 7.9689741e-001
 7.9648745e-001
 7.9609936e-001
 7.9571986e-001
 7.9533124e-001
 7.9491478e-001
 7.9445404e-001
 7.9393780e-001
 7.9336232e-001
 7.9273081e-001
 7.9205263e-001
 7.9134023e-001
 7.9060560e-001
 7.8985822e-001
 7.8910285e-001
 7.8834057e-001
 7.8756982e-001
 7.8678900e-001
 7.8599948e-001
 7.8520590e-001
 7.8441733e-001
 7.8364480e-001
 7.8289855e-001
 7.8218555e-001
 7.8150737e-001
 7.8085929e-001
 7.8023189e-001
 7.7961326e-001
 7.7899241e-001
 7.7836257e-001
 7.7772236e-001
 7.7707738e-001
 7.7643776e-001
 7.7581662e-001
 7.7522635e-001
 7.7467525e-001
 7.7416557e-001
 7.7369183e-001
 7.7324122e-001
 7.7279496e-001
 7.7233106e-001
 7.7182740e-001
 7.7126437e-001
 7.7062792e-001
 7.6991057e-001
 7.6911169e-001
 7.6823717e-001
 7.6729739e-001
 7.6630652e-001
 7.6528060e-001
 7.6423615e-001
 7.6319015e-001
 7.6215935e-001
 7.6115882e-001
 7.6020223e-001
 7.5929916e-001
 7.5845480e-001
 7.5766808e-001
 7.5693148e-001
 7.5623244e-001
 7.5555485e-001
 7.5488281e-001
 7.5420326e-001
 7.5350857e-001
 7.5279808e-001
 7.5207633e-001
 7.5135154e-001
 7.5063187e-001
 7.4992168e-001
 7.4921972e-001
 7.4851775e-001
 7.4780208e-001
 7.4705595e-001
 7.4626273e-001
 7.4540943e-001
 7.4448925e-001
 7.4350160e-001
 7.4245298e-001
 7.4135435e-001
 7.4021989e-001
 7.3906440e-001
 7.3790151e-001
 7.3674315e-001
 7.3559833e-001
 7.3447382e-001
 7.3337394e-001
 7.3230052e-001
 7.3125404e-001
 7.3023260e-001
 7.2923309e-001
 7.2825110e-001
 7.2728091e-001
 7.2631699e-001
 7.2535390e-001
 7.2438759e-001
 7.2341597e-001
 7.2243881e-001
 7.2145832e-001
 7.2047877e-001
 7.1950495e-001
 7.1854228e-001
 7.1759474e-001
 7.1666443e-001
 7.1575093e-001
 7.1485060e-001
 7.1395779e-001
 7.1306461e-001
 7.1216303e-001
 7.1124548e-001
 7.1030593e-001
 7.0934087e-001
 7.0834923e-001
 7.0733255e-001
 7.0629460e-001
 7.0524019e-001
 7.0417547e-001
 7.0310646e-001
 7.0203930e-001
 7.0097995e-001
 6.9993353e-001
 6.9890529e-001
 6.9789952e-001
 6.9692028e-001
 6.9597107e-001
 6.9505405e-001
 6.9417077e-001
 6.9332141e-001
 6.9250441e-001
 6.9171733e-001
 6.9095606e-001
 6.9021589e-001
 6.8949145e-001
 6.8877679e-001
 6.8806612e-001
 6.8735343e-001
 6.8663275e-001
 6.8589824e-001
 6.8514365e-001
 6.8436337e-001
 6.8355227e-001
 6.8270665e-001
 6.8182522e-001
 6.8090886e-001
 6.7996192e-001
 6.7899090e-001
 6.7800438e-001
 6.7701131e-001
 6.7601967e-001
 6.7503572e-001
 6.7406309e-001
 6.7310238e-001
 6.7215228e-001
 6.7120910e-001
 6.7026842e-001
 6.6932482e-001
 6.6837156e-001
 6.6740102e-001
 6.6640353e-001
 6.6536796e-001
 6.6428137e-001
 6.6312909e-001
 6.6189766e-001
 6.6057545e-001
 6.5915662e-001
 6.5764350e-001
 6.5604711e-001
 6.5438843e-001
 6.5269470e-001
 6.5099692e-001
 6.4932472e-001
 6.4770103e-001
 6.4614087e-001
 6.4465010e-001
 6.4322740e-001
 6.4186621e-001
 6.4055634e-001
 6.3928694e-001
 6.3804728e-001
 6.3682699e-001
 6.3561785e-001
 6.3441265e-001
 6.3320589e-001
 6.3199335e-001
 6.3077128e-001
 6.2953722e-001
 6.2828863e-001
 6.2702441e-001
 6.2574387e-001
 6.2444711e-001
 6.2313527e-001
 6.2180990e-001
 6.2047338e-001
 6.1912864e-001
 6.1777812e-001
 6.1642522e-001
 6.1507225e-001
 6.1372179e-001
 6.1237556e-001
 6.1103410e-001
 6.0969716e-001
 6.0836339e-001
 6.0703015e-001
 6.0569459e-001
 6.0435337e-001
 6.0300374e-001
 6.0164446e-001
 6.0027510e-001
 5.9889793e-001
 5.9751654e-001
 5.9613633e-001
 5.9476423e-001
 5.9340727e-001
 5.9207344e-001
 5.9076977e-001
 5.8950263e-001
 5.8827645e-001
 5.8709240e-001
 5.8594865e-001
 5.8483827e-001
 5.8375031e-001
 5.8266956e-001
 5.8157742e-001
 5.8045441e-001
 5.7928222e-001
 5.7804549e-001
 5.7673508e-001
 5.7534862e-001
 5.7389212e-001
 5.7237870e-001
 5.7082677e-001
 5.6925821e-001
 5.6769413e-001
 5.6615281e-001
 5.6464666e-001
 5.6318027e-001
 5.6175107e-001
 5.6034911e-001
 5.5895996e-001
 5.5756712e-001
 5.5615395e-001
 5.5470729e-001
 5.5321801e-001
 5.5168265e-001
 5.5010337e-001
 5.4848593e-001
 5.4684019e-001
 5.4517663e-001
 5.4350632e-001
 5.4183924e-001
 5.4018265e-001
 5.3854203e-001
 5.3692043e-001
 5.3531820e-001
 5.3373444e-001
 5.3216642e-001
 5.3061080e-001
 5.2906400e-001
 5.2752155e-001
 5.2597994e-001
 5.2443528e-001
 5.2288491e-001
 5.2132660e-001
 5.1975882e-001
 5.1818126e-001
 5.1659405e-001
 5.1499867e-001
 5.1339734e-001
 5.1179248e-001
 5.1018780e-001
 5.0858653e-001
 5.0699264e-001
 5.0540960e-001
 5.0383979e-001
 5.0228506e-001
 5.0074577e-001
 4.9922016e-001
 4.9770570e-001
 4.9619746e-001
 4.9469012e-001
 4.9317771e-001
 4.9165383e-001
 4.9011341e-001
 4.8855191e-001
 4.8696685e-001
 4.8535752e-001
 4.8372447e-001
 4.8207062e-001
 4.8039943e-001
 4.7871587e-001
 4.7702548e-001
 4.7533321e-001
 4.7364441e-001
 4.7196269e-001
 4.7029120e-001
 4.6863160e-001
 4.6698341e-001
 4.6534535e-001
 4.6371388e-001
 4.6208465e-001
 4.6045220e-001
 4.5880997e-001
 4.5715201e-001
 4.5547318e-001
 4.5376939e-001
 4.5203942e-001
 4.5028397e-001
 4.4850692e-001
 4.4671455e-001
 4.4491443e-001
 4.4311616e-001
 4.4132903e-001
 4.3956280e-001
 4.3782625e-001
 4.3612635e-001
 4.3446937e-001
 4.3285906e-001
 4.3129769e-001
 4.2978543e-001
 4.2831963e-001
 4.2689615e-001
 4.2550820e-001
 4.2414778e-001
 4.2280585e-001
 4.2147264e-001
 4.2013979e-001
 4.1880068e-001
 4.1745088e-001
 4.1608980e-001
 4.1471961e-001
 4.1334581e-001
 4.1197598e-001
 4.1061801e-001
 4.0927976e-001
 4.0796649e-001
 4.0668064e-001
 4.0542069e-001
 4.0418053e-001
 4.0295076e-001
 4.0171874e-001
 4.0047088e-001
 3.9919403e-001
 3.9787665e-001
 3.9651144e-001
 3.9509505e-001
 3.9362973e-001
 3.9212251e-001
 3.9058408e-001
 3.8902864e-001
 3.8747188e-001
 3.8592914e-001
 3.8441539e-001
 3.8294297e-001
 3.8152212e-001
 3.8016030e-001
 3.7886158e-001
 3.7762821e-001
 3.7645939e-001
 3.7535277e-001
 3.7430415e-001
 3.7330738e-001
 3.7235552e-001
 3.7144023e-001
 3.7055290e-001
 3.6968485e-001
 3.6882755e-001
 3.6797377e-001
 3.6711732e-001
 3.6625391e-001
 3.6538121e-001
 3.6449814e-001
 3.6360559e-001
 3.6270511e-001
 3.6179930e-001
 3.6089084e-001
 3.5998201e-001
 3.5907489e-001
 3.5817096e-001
 3.5727048e-001
 3.5637343e-001
 3.5547855e-001
 3.5458419e-001
 3.5368794e-001
 3.5278645e-001
 3.5187620e-001
 3.5095280e-001
 3.5001189e-001
 3.4904897e-001
 3.4805948e-001
 3.4703982e-001
 3.4598681e-001
 3.4489882e-001
 3.4377551e-001
 3.4261760e-001
 3.4142771e-001
 3.4020904e-001
 3.3896613e-001
 3.3770418e-001
 3.3642814e-001
 3.3514336e-001
 3.3385500e-001
 3.3256736e-001
 3.3128470e-001
 3.3001000e-001
 3.2874599e-001
 3.2749441e-001
 3.2625568e-001
 3.2502973e-001
 3.2381481e-001
 3.2260874e-001
 3.2140842e-001
 3.2020998e-001
 3.1900993e-001
 3.1780481e-001
 3.1659248e-001
 3.1537235e-001
 3.1414503e-001
 3.1291342e-001
 3.1168118e-001
 3.1045318e-001
 3.0923429e-001
 3.0802861e-001
 3.0683959e-001
 3.0566877e-001
 3.0451635e-001
 3.0338082e-001
 3.0225822e-001
 3.0114314e-001
 3.0002844e-001
 2.9890570e-001
 2.9776666e-001
 2.9660326e-001
 2.9540956e-001
 2.9418218e-001
 2.9292026e-001
 2.9162651e-001
 2.9032731e-001
 2.8897643e-001
 2.8761345e-001
 2.8624651e-001
 2.8488356e-001
 2.8353047e-001
 2.8219157e-001
 2.8086939e-001
 2.7956474e-001
 2.7827820e-001
 2.7700955e-001
 2.7575877e-001
 2.7452585e-001
 2.7331012e-001
 2.7211118e-001
 2.7092847e-001
 2.6976067e-001
 2.6860678e-001
 2.6746517e-001
 2.6633438e-001
 2.6521298e-001
 2.6409918e-001
 2.6299205e-001
 2.6189062e-001
 2.6079521e-001
 2.5970754e-001
 2.5863022e-001
 2.5756776e-001
 2.5652510e-001
 2.5550801e-001
 2.5452253e-001
 2.5357407e-001
 2.5266781e-001
 2.5180686e-001
 2.5099212e-001
 2.5022087e-001
 2.4948637e-001
 2.4877855e-001
 2.4808478e-001
 2.4739067e-001
 2.4668153e-001
 2.4594246e-001
 2.4515983e-001
 2.4432234e-001
 2.4342214e-001
 2.4245699e-001
 2.4142992e-001
 2.4034953e-001
 2.3922819e-001
 2.3808017e-001
 2.3692136e-001
 2.3576714e-001
 2.3463285e-001
 2.3353232e-001
 2.3247655e-001
 2.3147374e-001
 2.3052794e-001
 2.2964020e-001
 2.2880913e-001
 2.2803156e-001
 2.2730395e-001
 2.2662216e-001
 2.2598214e-001
 2.2537975e-001
 2.2481059e-001
 2.2427028e-001
 2.2375442e-001
 2.2325820e-001
 2.2277701e-001
 2.2230601e-001
 2.2184050e-001
 2.2137594e-001
 2.2090800e-001
 2.2043331e-001
 2.1994954e-001
 2.1945621e-001
 2.1895477e-001
 2.1844816e-001
 2.1794081e-001
 2.1743765e-001
 2.1694416e-001
 2.1646580e-001
 2.1600761e-001
 2.1557420e-001
 2.1516901e-001
 2.1479411e-001
 2.1445005e-001
 2.1413578e-001
 2.1384937e-001
 2.1358821e-001
 2.1334930e-001
 2.1312962e-001
 2.1292599e-001
 2.1273519e-001
 2.1255399e-001
 2.1237893e-001
 2.1220651e-001
 2.1203306e-001
 2.1185485e-001
 2.1166813e-001
 2.1146911e-001
 2.1125424e-001
 2.1102019e-001
 2.1076444e-001
 2.1048565e-001
 2.1018407e-001
 2.0986183e-001
 2.0952253e-001
 2.0917113e-001
 2.0881325e-001
 2.0845471e-001
 2.0810144e-001
 2.0775881e-001
 2.0743145e-001
 2.0712247e-001
 2.0683281e-001
 2.0656134e-001
 2.0630482e-001
 2.0605847e-001
 2.0581673e-001
 2.0557351e-001
 2.0532282e-001
 2.0505899e-001
 2.0477708e-001
 2.0447354e-001
 2.0414658e-001
 2.0379648e-001
 2.0342533e-001
 2.0303650e-001
 2.0263425e-001
 2.0222302e-001
 2.0180747e-001
 2.0139197e-001
 2.0098002e-001
 2.0057435e-001
 2.0017591e-001
 1.9978416e-001
 1.9939710e-001
 1.9901147e-001
 1.9862351e-001
 1.9822918e-001
 1.9782433e-001
 1.9740540e-001
 1.9696940e-001
 1.9651495e-001
 1.9604248e-001
 1.9555438e-001
 1.9505510e-001
 1.9455031e-001
 1.9404657e-001
 1.9355085e-001
 1.9306983e-001
 1.9260982e-001
 1.9217560e-001
 1.9176999e-001
 1.9139284e-001
 1.9104059e-001
 1.9070698e-001
 1.9038336e-001
 1.9005996e-001
 1.8972650e-001
 1.8937279e-001
 1.8898973e-001
 1.8857040e-001
 1.8811138e-001
 1.8761447e-001
 1.8708667e-001
 1.8654014e-001
 1.8599068e-001
 1.8545605e-001
 1.8495512e-001
 1.8450627e-001
 1.8412651e-001
 1.8382943e-001
 1.8362282e-001
 1.8350683e-001
 1.8347296e-001
 1.8350504e-001
 1.8358116e-001
 1.8367605e-001
 1.8376298e-001
 1.8381539e-001
 1.8380833e-001
 1.8372078e-001
 1.8353820e-001
 1.8325490e-001
 1.8287492e-001
 1.8241119e-001
 1.8188322e-001
 1.8131414e-001
 1.8072902e-001
 1.8015304e-001
 1.7960973e-001
 1.7911959e-001
 1.7869721e-001
 1.7834978e-001
 1.7807592e-001
 1.7786658e-001
 1.7770715e-001
 1.7757960e-001
 1.7746449e-001
 1.7734212e-001
 1.7719401e-001
 1.7700423e-001
 1.7676117e-001
 1.7645942e-001
 1.7610005e-001
 1.7569017e-001
 1.7524120e-001
 1.7476754e-001
 1.7428440e-001
 1.7380720e-001
 1.7335096e-001
 1.7292853e-001
 1.7254977e-001
 1.7222060e-001
 1.7194214e-001
 1.7171139e-001
 1.7152229e-001
 1.7136705e-001
 1.7123695e-001
 1.7112312e-001
 1.7101721e-001
 1.7091197e-001
 1.7080198e-001
 1.7068450e-001
 1.7055959e-001
 1.7042987e-001
 1.7029998e-001
 1.7017555e-001
 1.7006281e-001
 1.6996787e-001
 1.6989653e-001
 1.6985333e-001
 1.6984104e-001
 1.6985984e-001
 1.6990714e-001
 1.6997780e-001
 1.7006482e-001
 1.7016007e-001
 1.7025501e-001
 1.7034107e-001
 1.7041023e-001
 1.7045572e-001
 1.7047285e-001
 1.7045973e-001
 1.7041764e-001
 1.7035064e-001
 1.7026491e-001
 1.7016785e-001
 1.7006738e-001
 1.6997156e-001
 1.6988799e-001
 1.6982338e-001
 1.6978285e-001
 1.6976942e-001
 1.6978371e-001
 1.6982423e-001
 1.6988787e-001
 1.6997063e-001
 1.7006810e-001
 1.7017564e-001
 1.7028889e-001
 1.7040384e-001
 1.7051724e-001
 1.7062670e-001
 1.7073101e-001
 1.7082989e-001
 1.7092372e-001
 1.7101337e-001
 1.7109984e-001
 1.7118411e-001
 1.7126688e-001
 1.7134833e-001
 1.7142762e-001
 1.7150259e-001
 1.7156963e-001
 1.7162384e-001
 1.7165931e-001
 1.7166959e-001
 1.7164804e-001
 1.7158821e-001
 1.7148440e-001
 1.7133236e-001
 1.7113057e-001
 1.7088087e-001
 1.7058899e-001
 1.7026410e-001
 1.6991813e-001
 1.6956435e-001
 1.6921663e-001
 1.6888908e-001
 1.6859476e-001
 1.6834502e-001
 1.6814850e-001
 1.6800962e-001
 1.6792852e-001
 1.6790131e-001
 1.6792120e-001
 1.6797963e-001
 1.6806723e-001
 1.6817427e-001
 1.6829114e-001
 1.6840859e-001
 1.6851786e-001
 1.6861108e-001
 1.6868128e-001
 1.6872221e-001
 1.6872832e-001
 1.6869438e-001
 1.6861543e-001
 1.6848692e-001
 1.6830494e-001
 1.6806696e-001
 1.6777298e-001
 1.6742598e-001
 1.6703242e-001
 1.6660221e-001
 1.6614734e-001
 1.6568120e-001
 1.6521767e-001
 1.6477080e-001
 1.6435327e-001
 1.6397561e-001
 1.6364492e-001
 1.6336302e-001
 1.6312622e-001
 1.6292596e-001
 1.6274986e-001
 1.6258334e-001
 1.6241102e-001
 1.6221744e-001
 1.6198815e-001
 1.6171102e-001
 1.6137804e-001
 1.6098633e-001
 1.6053888e-001
 1.6004436e-001
 1.5951502e-001
 1.5896547e-001
 1.5841170e-001
 1.5786934e-001
 1.5735324e-001
 1.5687598e-001
 1.5644687e-001
 1.5606989e-001
 1.5574364e-001
 1.5546198e-001
 1.5521494e-001
 1.5499036e-001
 1.5477532e-001
 1.5455663e-001
 1.5432185e-001
 1.5406041e-001
 1.5376449e-001
 1.5343031e-001
 1.5305839e-001
 1.5265350e-001
 1.5222305e-001
 1.5177616e-001
 1.5132311e-001
 1.5087388e-001
 1.5043804e-001
 1.5002418e-001
 1.4963853e-001
 1.4928460e-001
 1.4896269e-001
 1.4867054e-001
 1.4840353e-001
 1.4815582e-001
 1.4792125e-001
 1.4769322e-001
 1.4746542e-001
 1.4723223e-001
 1.4698876e-001
 1.4673142e-001
 1.4645818e-001
 1.4616811e-001
 1.4586127e-001
 1.4553820e-001
 1.4519991e-001
 1.4484726e-001
 1.4448094e-001
 1.4410166e-001
 1.4370929e-001
 1.4330301e-001
 1.4288148e-001
 1.4244241e-001
 1.4198306e-001
 1.4150028e-001
 1.4099117e-001
 1.4045265e-001
 1.3988207e-001
 1.3927823e-001
 1.3864122e-001
 1.3797340e-001
 1.3728015e-001
 1.3656871e-001
 1.3584818e-001
 1.3512842e-001
 1.3442029e-001
 1.3373397e-001
 1.3307904e-001
 1.3246401e-001
 1.3189436e-001
 1.3137229e-001
 1.3089646e-001
 1.3046183e-001
 1.3006081e-001
 1.2968461e-001
 1.2932356e-001
 1.2896799e-001
 1.2860887e-001
 1.2823887e-001
 1.2785290e-001
 1.2744926e-001
 1.2703030e-001
 1.2660147e-001
 1.2617074e-001
 1.2574781e-001
 1.2534276e-001
 1.2496571e-001
 1.2462606e-001
 1.2433179e-001
 1.2408799e-001
 1.2389613e-001
 1.2375377e-001
 1.2365468e-001
 1.2358999e-001
 1.2354925e-001
 1.2352125e-001
 1.2349471e-001
 1.2345880e-001
 1.2340382e-001
 1.2332193e-001
 1.2320785e-001
 1.2305924e-001
 1.2287623e-001
 1.2266082e-001
 1.2241635e-001
 1.2214651e-001
 1.2185520e-001
 1.2154659e-001
 1.2122455e-001
 1.2089296e-001
 1.2055541e-001
 1.2021561e-001
 1.1987683e-001
 1.1954227e-001
 1.1921526e-001
 1.1889887e-001
 1.1859615e-001
 1.1831032e-001
 1.1804432e-001
 1.1780097e-001
 1.1758308e-001
 1.1739313e-001
 1.1723348e-001
 1.1710631e-001
 1.1701381e-001
 1.1695787e-001
 1.1693995e-001
 1.1696047e-001
 1.1701750e-001
 1.1710549e-001
 1.1721374e-001
 1.1732602e-001
 1.1742105e-001
 1.1747384e-001
 1.1745723e-001
 1.1734337e-001
 1.1710503e-001
 1.1671788e-001
 1.1616322e-001
 1.1543189e-001
 1.1452840e-001
 1.1347125e-001
 1.1229197e-001
 1.1103260e-001
 1.0974005e-001
 1.0846399e-001
 1.0725375e-001
 1.0615690e-001
 1.0521418e-001
 1.0445638e-001
 1.0390109e-001
 1.0355020e-001
 1.0339205e-001
 1.0340503e-001
 1.0356131e-001
 1.0383031e-001
 1.0418075e-001
 1.0458184e-001
 1.0500515e-001
 1.0542598e-001
 1.0582440e-001
 1.0618639e-001
 1.0650294e-001
 1.0676856e-001
 1.0698026e-001
 1.0713619e-001
 1.0723505e-001
 1.0727639e-001
 1.0726096e-001
 1.0719144e-001
 1.0707325e-001
 1.0691470e-001
 1.0672676e-001
 1.0652247e-001
 1.0631591e-001
 1.0612156e-001
 1.0595381e-001
 1.0582577e-001
 1.0574822e-001
 1.0572789e-001
 1.0576604e-001
 1.0585786e-001
 1.0599311e-001
 1.0615745e-001
 1.0633422e-001
 1.0650582e-001
 1.0665461e-001
 1.0676450e-001
 1.0682234e-001
 1.0682017e-001
 1.0675695e-001
 1.0663941e-001
 1.0648116e-001
 1.0630108e-001
 1.0612097e-001
 1.0596389e-001
 1.0585285e-001
 1.0580898e-001
 1.0584954e-001
 1.0598511e-001
 1.0621726e-001
 1.0653760e-001
 1.0692883e-001
 1.0736680e-001
 1.0782371e-001
 1.0827012e-001
 1.0867634e-001
 1.0901480e-001
 1.0926198e-001
 1.0940107e-001
 1.0942475e-001
 1.0933595e-001
 1.0914687e-001
 1.0887690e-001
 1.0854951e-001
 1.0819007e-001
 1.0782458e-001
 1.0747774e-001
 1.0717156e-001
 1.0692358e-001
 1.0674468e-001
 1.0663861e-001
 1.0660280e-001
 1.0663017e-001
 1.0671108e-001
 1.0683478e-001
 1.0699014e-001
 1.0716646e-001
 1.0735384e-001
 1.0754354e-001
 1.0772859e-001
 1.0790396e-001
 1.0806619e-001
 1.0821336e-001
 1.0834440e-001
 1.0845872e-001
 1.0855585e-001
 1.0863545e-001
 1.0869717e-001
 1.0874065e-001
 1.0876526e-001
 1.0876773e-001
 1.0875029e-001
 1.0871267e-001
 1.0865477e-001
 1.0857651e-001
 1.0847776e-001
 1.0835849e-001
 1.0821860e-001
 1.0805798e-001
 1.0787655e-001
 1.0767429e-001
 1.0745263e-001
 1.0721353e-001
 1.0695898e-001
 1.0669094e-001
 1.0641154e-001
 1.0612272e-001
 1.0582650e-001
 1.0552482e-001
 1.0521983e-001
 1.0491347e-001
 1.0460775e-001
 1.0430459e-001
 1.0400617e-001
 1.0371429e-001
 1.0342962e-001
 1.0315217e-001
 1.0288192e-001
 1.0261901e-001
 1.0236339e-001
 1.0211509e-001
 1.0187405e-001
 1.0164045e-001
 1.0141421e-001
 1.0119537e-001
 1.0098389e-001
 1.0077989e-001
 1.0058335e-001
 1.0039429e-001
 1.0021272e-001
 1.0003862e-001
 9.9872105e-002
 9.9713080e-002
 9.9560939e-002
 9.9414721e-002
 9.9273615e-002
 9.9136651e-002
 9.9002942e-002
 9.8871522e-002
 9.8741554e-002
 9.8612085e-002
 9.8482229e-002
 9.8351069e-002
 9.8217644e-002
 9.8081119e-002
 9.7940557e-002
 9.7795032e-002
 9.7643629e-002
 9.7485460e-002
 9.7319625e-002
 9.7145185e-002
 9.6961200e-002
 9.6766837e-002
 9.6561156e-002
 9.6343361e-002
 9.6113659e-002
 9.5873013e-002
 9.5622174e-002
 9.5361970e-002
 9.5093243e-002
 9.4816729e-002
 9.4533399e-002
 9.4244011e-002
 9.3949370e-002
 9.3650267e-002
 9.3347646e-002
 9.3042269e-002
 9.2734963e-002
 9.2426479e-002
 9.2117779e-002
 9.1809630e-002
 9.1502853e-002
 9.1198266e-002
 9.0896629e-002
 9.0598918e-002
 9.0305872e-002
 9.0018332e-002
 8.9737050e-002
 8.9462988e-002
 8.9196891e-002
 8.8939518e-002
 8.8690758e-002
 8.8450350e-002
 8.8217832e-002
 8.7992810e-002
 8.7774865e-002
 8.7563567e-002
 8.7358601e-002
 8.7159537e-002
 8.6965941e-002
 8.6777404e-002
 8.6593598e-002
 8.6414084e-002
 8.6238444e-002
 8.6066261e-002
 8.5897207e-002
 8.5730851e-002
 8.5566774e-002
 8.5404545e-002
 8.5243851e-002
 8.5084237e-002
 8.4925316e-002
 8.4766693e-002
 8.4607899e-002
 8.4448650e-002
 8.4288478e-002
 8.4127001e-002
 8.3963774e-002
 8.3798483e-002
 8.3630659e-002
 8.3459981e-002
 8.3286352e-002
 8.3109990e-002
 8.2930960e-002
