s07_ASD Record=6521: Labradorite HS17.3B           BECKc AREF
 2.1229027e-001
 2.1231543e-001
 2.1234830e-001
 2.1241060e-001
 2.1252103e-001
 2.1269532e-001
 2.1294460e-001
 2.1327248e-001
 2.1367317e-001
 2.1413179e-001
 2.1462780e-001
 2.1513812e-001
 2.1563904e-001
 2.1610630e-001
 2.1651651e-001
 2.1685120e-001
 2.1710178e-001
 2.1727176e-001
 2.1737590e-001
 2.1743581e-001
 2.1747227e-001
 2.1749710e-001
 2.1750924e-001
 2.1749765e-001
 2.1744820e-001
 2.1735157e-001
 2.1721105e-001
 2.1704663e-001
 2.1689096e-001
 2.1678020e-001
 2.1674426e-001
 2.1679918e-001
 2.1694680e-001
 2.1717776e-001
 2.1746877e-001
 2.1778750e-001
 2.1810582e-001
 2.1840508e-001
 2.1867380e-001
 2.1890219e-001
 2.1907923e-001
 2.1919620e-001
 2.1925467e-001
 2.1927215e-001
 2.1927951e-001
 2.1931037e-001
 2.1938883e-001
 2.1952270e-001
 2.1970466e-001
 2.1991846e-001
 2.2014488e-001
 2.2036497e-001
 2.2056164e-001
 2.2072157e-001
 2.2083725e-001
 2.2090703e-001
 2.2093430e-001
 2.2092506e-001
 2.2088337e-001
 2.2080663e-001
 2.2069547e-001
 2.2056875e-001
 2.2044310e-001
 2.2033930e-001
 2.2029920e-001
 2.2035567e-001
 2.2050157e-001
 2.2069846e-001
 2.2089097e-001
 2.2102053e-001
 2.2105147e-001
 2.2099000e-001
 2.2087772e-001
 2.2076686e-001
 2.2069412e-001
 2.2066559e-001
 2.2065914e-001
 2.2064166e-001
 2.2058986e-001
 2.2050272e-001
 2.2039938e-001
 2.2030625e-001
 2.2024328e-001
 2.2021970e-001
 2.2024071e-001
 2.2031622e-001
 2.2045965e-001
 2.2067329e-001
 2.2092970e-001
 2.2116631e-001
 2.2130316e-001
 2.2127871e-001
 2.2108407e-001
 2.2077407e-001
 2.2044633e-001
 2.2019745e-001
 2.2007604e-001
 2.2006130e-001
 2.2008860e-001
 2.2010347e-001
 2.2009660e-001
 2.2009529e-001
 2.2013032e-001
 2.2021382e-001
 2.2034132e-001
 2.2050624e-001
 2.2070237e-001
 2.2090906e-001
 2.2108218e-001
 2.2117156e-001
 2.2115466e-001
 2.2105674e-001
 2.2093840e-001
 2.2085603e-001
 2.2081982e-001
 2.2077875e-001
 2.2064869e-001
 2.2037107e-001
 2.1996196e-001
 2.1951221e-001
 2.1913612e-001
 2.1890759e-001
 2.1883284e-001
 2.1887425e-001
 2.1899714e-001
 2.1919614e-001
 2.1948066e-001
 2.1983458e-001
 2.2018851e-001
 2.2043484e-001
 2.2047871e-001
 2.2028488e-001
 2.1988569e-001
 2.1935801e-001
 2.1880089e-001
 2.1832491e-001
 2.1803521e-001
 2.1799669e-001
 2.1820097e-001
 2.1856348e-001
 2.1896182e-001
 2.1929979e-001
 2.1955881e-001
 2.1979159e-001
 2.2005136e-001
 2.2031476e-001
 2.2047845e-001
 2.2044094e-001
 2.2018774e-001
 2.1979040e-001
 2.1932910e-001
 2.1883771e-001
 2.1833368e-001
 2.1787354e-001
 2.1754026e-001
 2.1737468e-001
 2.1735075e-001
 2.1742673e-001
 2.1759039e-001
 2.1782802e-001
 2.1806547e-001
 2.1818385e-001
 2.1811976e-001
 2.1793726e-001
 2.1777914e-001
 2.1775176e-001
 2.1786799e-001
 2.1807556e-001
 2.1829969e-001
 2.1846914e-001
 2.1855386e-001
 2.1859513e-001
 2.1866494e-001
 2.1877183e-001
 2.1882746e-001
 2.1873733e-001
 2.1853060e-001
 2.1837986e-001
 2.1846592e-001
 2.1880895e-001
 2.1923673e-001
 2.1952941e-001
 2.1959960e-001
 2.1952954e-001
 2.1944091e-001
 2.1936296e-001
 2.1925560e-001
 2.1913601e-001
 2.1912608e-001
 2.1935786e-001
 2.1985197e-001
 2.2048536e-001
 2.2104748e-001
 2.2132334e-001
 2.2117557e-001
 2.2062865e-001
 2.1991731e-001
 2.1941014e-001
 2.1939425e-001
 2.1988487e-001
 2.2064705e-001
 2.2139846e-001
 2.2198191e-001
 2.2238494e-001
 2.2266395e-001
 2.2287230e-001
 2.2303417e-001
 2.2316483e-001
 2.2330672e-001
 2.2351825e-001
 2.2379979e-001
 2.2405820e-001
 2.2419654e-001
 2.2422668e-001
 2.2423840e-001
 2.2426590e-001
 2.2424956e-001
 2.2414653e-001
 2.2403869e-001
 2.2409682e-001
 2.2443180e-001
 2.2499087e-001
 2.2561492e-001
 2.2619499e-001
 2.2674966e-001
 2.2732443e-001
 2.2782572e-001
 2.2803129e-001
 2.2785263e-001
 2.2755200e-001
 2.2757147e-001
 2.2810741e-001
 2.2891226e-001
 2.2953893e-001
 2.2975819e-001
 2.2971314e-001
 2.2967069e-001
 2.2971663e-001
 2.2979221e-001
 2.2992739e-001
 2.3023961e-001
 2.3070903e-001
 2.3112118e-001
 2.3128523e-001
 2.3123154e-001
 2.3113355e-001
 2.3105064e-001
 2.3086195e-001
 2.3055562e-001
 2.3044240e-001
 2.3080936e-001
 2.3148358e-001
 2.3202690e-001
 2.3227523e-001
 2.3246147e-001
 2.3277265e-001
 2.3303783e-001
 2.3305139e-001
 2.3301916e-001
 2.3338969e-001
 2.3424093e-001
 2.3506676e-001
 2.3530386e-001
 2.3496509e-001
 2.3458955e-001
 2.3461519e-001
 2.3501776e-001
 2.3555072e-001
 2.3602964e-001
 2.3633279e-001
 2.3642898e-001
 2.3649666e-001
 2.3677747e-001
 2.3721690e-001
 2.3747744e-001
 2.3739903e-001
 2.3719129e-001
 2.3710912e-001
 2.3720399e-001
 2.3745956e-001
 2.3793970e-001
 2.3866922e-001
 2.3947735e-001
 2.4011965e-001
 2.4052954e-001
 2.4082920e-001
 2.4110678e-001
 2.4126710e-001
 2.4122030e-001
 2.4117208e-001
 2.4141428e-001
 2.4176794e-001
 2.4168175e-001
 2.4107754e-001
 2.4065028e-001
 2.4108241e-001
 2.4227229e-001
 2.4348794e-001
 2.4410054e-001
 2.4410343e-001
 2.4396418e-001
 2.4404769e-001
 2.4434373e-001
 2.4472240e-001
 2.4515432e-001
 2.4559411e-001
 2.4590699e-001
 2.4604401e-001
 2.4612869e-001
 2.4628514e-001
 2.4651247e-001
 2.4677382e-001
 2.4707554e-001
 2.4742374e-001
 2.4784452e-001
 2.4846517e-001
 2.4935471e-001
 2.5024092e-001
 2.5059819e-001
 2.5020641e-001
 2.4956733e-001
 2.4944000e-001
 2.5005186e-001
 2.5101972e-001
 2.5188369e-001
 2.5250092e-001
 2.5301483e-001
 2.5357896e-001
 2.5414848e-001
 2.5452200e-001
 2.5455010e-001
 2.5428504e-001
 2.5393483e-001
 2.5368807e-001
 2.5358960e-001
 2.5357702e-001
 2.5362319e-001
 2.5383043e-001
 2.5436965e-001
 2.5530612e-001
 2.5648242e-001
 2.5759119e-001
 2.5838265e-001
 2.5881380e-001
 2.5902238e-001
 2.5919035e-001
 2.5943938e-001
 2.5982374e-001
 2.6037407e-001
 2.6111424e-001
 2.6200345e-001
 2.6283541e-001
 2.6324663e-001
 2.6307556e-001
 2.6277786e-001
 2.6288030e-001
 2.6342174e-001
 2.6407966e-001
 2.6457193e-001
 2.6489729e-001
 2.6528487e-001
 2.6593634e-001
 2.6682523e-001
 2.6775846e-001
 2.6851660e-001
 2.6890001e-001
 2.6883847e-001
 2.6864484e-001
 2.6894361e-001
 2.6998487e-001
 2.7122894e-001
 2.7195874e-001
 2.7205488e-001
 2.7197486e-001
 2.7222914e-001
 2.7292296e-001
 2.7369910e-001
 2.7417278e-001
 2.7435708e-001
 2.7460468e-001
 2.7521908e-001
 2.7609017e-001
 2.7676076e-001
 2.7703154e-001
 2.7725935e-001
 2.7774751e-001
 2.7823675e-001
 2.7839819e-001
 2.7843130e-001
 2.7879867e-001
 2.7963075e-001
 2.8057620e-001
 2.8116211e-001
 2.8134051e-001
 2.8158122e-001
 2.8221011e-001
 2.8293586e-001
 2.8340343e-001
 2.8362876e-001
 2.8401506e-001
 2.8473386e-001
 2.8537270e-001
 2.8569236e-001
 2.8596401e-001
 2.8648692e-001
 2.8724223e-001
 2.8793660e-001
 2.8828242e-001
 2.8830060e-001
 2.8832456e-001
 2.8867149e-001
 2.8931868e-001
 2.8991845e-001
 2.9016066e-001
 2.9015699e-001
 2.9042190e-001
 2.9139543e-001
 2.9291940e-001
 2.9426649e-001
 2.9475632e-001
 2.9436487e-001
 2.9372814e-001
 2.9354495e-001
 2.9398701e-001
 2.9471841e-001
 2.9534858e-001
 2.9569763e-001
 2.9582605e-001
 2.9592282e-001
 2.9609334e-001
 2.9639867e-001
 2.9677621e-001
 2.9719535e-001
 2.9763621e-001
 2.9808319e-001
 2.9852059e-001
 2.9893363e-001
 2.9931390e-001
 2.9965547e-001
 2.9995248e-001
 3.0020168e-001
 3.0041867e-001
 3.0062628e-001
 3.0084753e-001
 3.0110097e-001
 3.0137619e-001
 3.0165109e-001
 3.0190349e-001
 3.0211452e-001
 3.0228683e-001
 3.0245441e-001
 3.0258265e-001
 3.0270901e-001
 3.0285025e-001
 3.0302784e-001
 3.0326372e-001
 3.0357951e-001
 3.0399552e-001
 3.0449548e-001
 3.0502677e-001
 3.0553547e-001
 3.0596736e-001
 3.0627084e-001
 3.0644500e-001
 3.0653945e-001
 3.0660576e-001
 3.0669564e-001
 3.0685893e-001
 3.0710396e-001
 3.0739847e-001
 3.0770850e-001
 3.0800018e-001
 3.0823949e-001
 3.0840167e-001
 3.0849695e-001
 3.0854422e-001
 3.0856237e-001
 3.0857024e-001
 3.0858672e-001
 3.0862737e-001
 3.0869502e-001
 3.0878952e-001
 3.0891070e-001
 3.0905828e-001
 3.0923215e-001
 3.0943206e-001
 3.0965731e-001
 3.0990496e-001
 3.1017178e-001
 3.1045425e-001
 3.1074899e-001
 3.1105265e-001
-1.2300000e+034
-1.2300000e+034
 3.1198341e-001
 3.1228894e-001
 3.1258655e-001
 3.1287271e-001
 3.1314418e-001
 3.1339750e-001
 3.1362930e-001
 3.1383625e-001
 3.1401572e-001
 3.1416824e-001
 3.1429502e-001
 3.1439719e-001
 3.1447595e-001
 3.1453252e-001
 3.1456807e-001
 3.1458393e-001
 3.1458029e-001
 3.1455496e-001
 3.1450483e-001
 3.1442693e-001
 3.1431818e-001
 3.1417561e-001
 3.1399614e-001
 3.1377673e-001
 3.1351441e-001
 3.1320617e-001
 3.1284890e-001
 3.1243968e-001
 3.1197956e-001
 3.1148493e-001
 3.1097543e-001
 3.1047085e-001
 3.0999091e-001
 3.0955535e-001
 3.0918387e-001
 3.0889621e-001
 3.0871210e-001
 3.0865127e-001
 3.0873343e-001
 3.0897838e-001
 3.0939537e-001
 3.0995691e-001
 3.1062698e-001
 3.1136981e-001
 3.1214941e-001
 3.1293005e-001
 3.1367570e-001
 3.1435063e-001
 3.1491882e-001
 3.1534445e-001
 3.1559172e-001
 3.1563845e-001
 3.1551123e-001
 3.1524721e-001
 3.1488353e-001
 3.1445742e-001
 3.1400600e-001
 3.1356651e-001
 3.1317610e-001
 3.1287190e-001
 3.1269112e-001
 3.1265819e-001
 3.1275329e-001
 3.1294701e-001
 3.1320995e-001
 3.1351280e-001
 3.1382611e-001
 3.1412053e-001
 3.1436664e-001
 3.1453508e-001
 3.1459650e-001
 3.1453222e-001
 3.1436035e-001
 3.1410688e-001
 3.1379780e-001
 3.1345898e-001
 3.1311652e-001
 3.1279632e-001
 3.1252432e-001
 3.1232646e-001
 3.1222886e-001
 3.1224722e-001
 3.1236354e-001
 3.1255248e-001
 3.1278878e-001
 3.1304711e-001
 3.1330219e-001
 3.1352881e-001
 3.1370160e-001
 3.1379530e-001
 3.1379306e-001
 3.1370616e-001
 3.1355181e-001
 3.1334710e-001
 3.1310916e-001
 3.1285512e-001
 3.1260219e-001
 3.1236744e-001
 3.1216213e-001
 3.1197813e-001
 3.1180322e-001
 3.1162527e-001
 3.1143203e-001
 3.1121138e-001
 3.1095117e-001
 3.1063917e-001
 3.1027359e-001
 3.0988663e-001
 3.0951723e-001
 3.0920449e-001
 3.0898729e-001
 3.0890477e-001
 3.0899590e-001
 3.0929965e-001
 3.0982569e-001
 3.1048867e-001
 3.1118438e-001
 3.1174535e-001
 3.1214100e-001
 3.1224591e-001
 3.1199899e-001
 3.1141296e-001
 3.1056669e-001
 3.0958426e-001
 3.0861124e-001
 3.0779600e-001
 3.0726403e-001
 3.0707723e-001
 3.0720836e-001
 3.0756608e-001
 3.0803382e-001
 3.0849510e-001
 3.0885291e-001
 3.0904812e-001
 3.0906492e-001
 3.0892000e-001
 3.0864584e-001
 3.0827931e-001
 3.0785480e-001
 3.0740064e-001
 3.0693781e-001
 3.0648151e-001
 3.0604368e-001
 3.0563489e-001
 3.0526513e-001
 3.0494386e-001
 3.0468008e-001
 3.0448204e-001
 3.0435690e-001
 3.0430868e-001
 3.0433539e-001
 3.0442563e-001
 3.0455795e-001
 3.0470285e-001
 3.0482757e-001
 3.0490214e-001
 3.0490607e-001
 3.0453745e-001
 3.0446127e-001
 3.0436072e-001
 3.0423659e-001
 3.0408949e-001
 3.0391902e-001
 3.0372339e-001
 3.0349967e-001
 3.0324471e-001
 3.0295679e-001
 3.0263731e-001
 3.0229250e-001
 3.0193374e-001
 3.0157679e-001
 3.0123910e-001
 3.0093631e-001
 3.0067968e-001
 3.0047360e-001
 3.0031508e-001
 3.0019426e-001
 3.0009654e-001
 3.0000508e-001
 2.9990339e-001
 2.9977775e-001
 2.9961824e-001
 2.9941997e-001
 2.9918391e-001
 2.9891655e-001
 2.9862931e-001
 2.9833654e-001
 2.9805294e-001
 2.9779139e-001
 2.9756132e-001
 2.9736778e-001
 2.9721138e-001
 2.9708850e-001
 2.9699215e-001
 2.9691273e-001
 2.9683903e-001
 2.9675901e-001
 2.9666016e-001
 2.9653010e-001
 2.9635739e-001
 2.9613233e-001
 2.9584867e-001
 2.9550499e-001
 2.9510674e-001
 2.9466689e-001
 2.9420570e-001
 2.9374921e-001
 2.9332566e-001
 2.9296169e-001
 2.9267773e-001
 2.9248449e-001
 2.9238117e-001
 2.9235569e-001
 2.9238716e-001
 2.9244968e-001
 2.9251707e-001
 2.9256666e-001
 2.9258245e-001
 2.9255605e-001
 2.9248619e-001
 2.9237685e-001
 2.9223505e-001
 2.9206833e-001
 2.9188323e-001
 2.9168442e-001
 2.9147452e-001
 2.9125503e-001
 2.9102677e-001
 2.9079089e-001
 2.9054922e-001
 2.9030398e-001
 2.9005772e-001
 2.8981227e-001
 2.8956813e-001
 2.8932425e-001
 2.8907773e-001
 2.8882462e-001
 2.8856090e-001
 2.8828365e-001
 2.8799224e-001
 2.8768897e-001
 2.8737915e-001
 2.8707030e-001
 2.8677088e-001
 2.8648883e-001
 2.8623027e-001
 2.8599852e-001
 2.8579447e-001
 2.8561667e-001
 2.8546262e-001
 2.8532949e-001
 2.8521457e-001
 2.8511518e-001
 2.8502795e-001
 2.8494814e-001
 2.8486893e-001
 2.8478161e-001
 2.8467670e-001
 2.8454542e-001
 2.8438205e-001
 2.8418541e-001
 2.8395993e-001
 2.8371540e-001
 2.8346536e-001
 2.8322473e-001
 2.8300720e-001
 2.8282258e-001
 2.8267539e-001
 2.8256425e-001
 2.8248283e-001
 2.8242105e-001
 2.8236720e-001
 2.8230974e-001
 2.8223887e-001
 2.8214750e-001
 2.8203180e-001
 2.8189114e-001
 2.8172773e-001
 2.8154626e-001
 2.8135294e-001
 2.8115487e-001
 2.8095895e-001
 2.8077081e-001
 2.8059384e-001
 2.8042835e-001
 2.8027126e-001
 2.8011626e-001
 2.7995464e-001
 2.7977669e-001
 2.7957338e-001
 2.7933806e-001
 2.7906790e-001
 2.7876472e-001
 2.7843490e-001
 2.7808863e-001
 2.7773839e-001
 2.7739710e-001
 2.7707583e-001
 2.7678251e-001
 2.7652037e-001
 2.7628797e-001
 2.7607986e-001
 2.7588782e-001
 2.7570310e-001
 2.7551815e-001
 2.7532840e-001
 2.7513316e-001
 2.7493545e-001
 2.7474117e-001
 2.7455753e-001
 2.7439117e-001
 2.7424687e-001
 2.7412617e-001
 2.7402738e-001
 2.7394587e-001
 2.7387494e-001
 2.7380714e-001
 2.7373517e-001
 2.7365282e-001
 2.7355531e-001
 2.7343932e-001
 2.7330291e-001
 2.7314505e-001
 2.7296549e-001
 2.7276459e-001
 2.7254346e-001
 2.7230442e-001
 2.7205107e-001
 2.7178866e-001
 2.7152410e-001
 2.7126506e-001
 2.7101943e-001
 2.7079383e-001
 2.7059242e-001
 2.7041608e-001
 2.7026212e-001
 2.7012494e-001
 2.6999736e-001
 2.6987284e-001
 2.6974732e-001
 2.6962081e-001
 2.6949793e-001
 2.6938725e-001
 2.6929942e-001
 2.6924464e-001
 2.6923001e-001
 2.6925734e-001
 2.6932207e-001
 2.6941362e-001
 2.6951683e-001
 2.6961443e-001
 2.6968998e-001
 2.6973045e-001
 2.6972818e-001
 2.6968178e-001
 2.6959586e-001
 2.6947954e-001
 2.6934448e-001
 2.6920229e-001
 2.6906243e-001
 2.6893046e-001
 2.6880762e-001
 2.6869103e-001
 2.6857498e-001
 2.6845267e-001
 2.6831794e-001
 2.6816657e-001
 2.6799721e-001
 2.6781106e-001
 2.6761138e-001
 2.6740265e-001
 2.6718929e-001
 2.6697552e-001
 2.6676470e-001
 2.6655975e-001
 2.6636332e-001
 2.6617807e-001
 2.6600686e-001
 2.6585224e-001
 2.6571622e-001
 2.6559973e-001
 2.6550213e-001
 2.6542133e-001
 2.6535410e-001
 2.6529673e-001
 2.6524597e-001
 2.6519987e-001
 2.6515824e-001
 2.6512277e-001
 2.6509658e-001
 2.6508313e-001
 2.6508498e-001
 2.6510227e-001
 2.6513171e-001
 2.6516581e-001
 2.6519334e-001
 2.6520038e-001
 2.6517230e-001
 2.6509631e-001
 2.6496372e-001
 2.6477236e-001
 2.6452726e-001
 2.6424086e-001
 2.6393160e-001
 2.6362154e-001
 2.6333362e-001
 2.6308864e-001
 2.6290283e-001
 2.6278594e-001
 2.6274055e-001
 2.6276210e-001
 2.6283997e-001
 2.6295891e-001
 2.6310107e-001
 2.6324794e-001
 2.6338217e-001
 2.6348925e-001
 2.6355857e-001
 2.6358405e-001
 2.6356423e-001
 2.6350173e-001
 2.6340246e-001
 2.6327410e-001
 2.6312488e-001
 2.6296213e-001
 2.6279148e-001
 2.6261610e-001
 2.6243684e-001
 2.6225278e-001
 2.6206198e-001
 2.6186270e-001
 2.6165423e-001
 2.6143759e-001
 2.6121578e-001
 2.6099330e-001
 2.6077583e-001
 2.6056913e-001
 2.6037782e-001
 2.6020506e-001
 2.6005152e-001
 2.5991571e-001
 2.5979438e-001
 2.5968325e-001
 2.5957823e-001
 2.5947636e-001
 2.5937662e-001
 2.5928017e-001
 2.5918993e-001
 2.5910991e-001
 2.5904402e-001
 2.5899491e-001
 2.5896320e-001
 2.5894687e-001
 2.5894174e-001
 2.5894189e-001
 2.5894096e-001
 2.5893322e-001
 2.5891459e-001
 2.5888345e-001
 2.5884071e-001
 2.5878951e-001
 2.5873449e-001
 2.5868076e-001
 2.5863284e-001
 2.5859398e-001
 2.5856563e-001
 2.5854763e-001
 2.5853869e-001
 2.5853717e-001
 2.5854176e-001
 2.5855207e-001
 2.5856856e-001
 2.5859195e-001
 2.5862241e-001
 2.5865841e-001
 2.5869605e-001
 2.5872862e-001
 2.5874734e-001
 2.5874239e-001
 2.5870463e-001
 2.5862730e-001
 2.5850737e-001
 2.5834626e-001
 2.5814962e-001
 2.5792649e-001
 2.5768754e-001
 2.5744361e-001
 2.5720400e-001
 2.5697529e-001
 2.5676122e-001
 2.5656262e-001
 2.5637886e-001
 2.5620869e-001
 2.5605178e-001
 2.5590956e-001
 2.5578555e-001
 2.5568470e-001
 2.5561249e-001
 2.5557300e-001
 2.5556764e-001
 2.5559372e-001
 2.5564435e-001
 2.5570905e-001
 2.5577554e-001
 2.5583160e-001
 2.5586760e-001
 2.5587803e-001
 2.5586247e-001
 2.5582534e-001
 2.5577462e-001
 2.5572026e-001
 2.5567171e-001
 2.5563636e-001
 2.5561821e-001
 2.5561720e-001
 2.5562990e-001
 2.5565031e-001
 2.5567150e-001
 2.5568721e-001
 2.5569308e-001
 2.5568765e-001
 2.5567240e-001
 2.5565127e-001
 2.5562981e-001
 2.5561386e-001
 2.5560850e-001
 2.5561705e-001
 2.5564075e-001
 2.5567877e-001
 2.5572842e-001
 2.5578555e-001
 2.5584486e-001
 2.5589991e-001
 2.5594315e-001
 2.5596610e-001
 2.5595966e-001
 2.5591502e-001
 2.5582507e-001
 2.5568596e-001
 2.5549865e-001
 2.5526991e-001
 2.5501215e-001
 2.5474253e-001
 2.5448060e-001
 2.5424543e-001
 2.5405291e-001
 2.5391304e-001
 2.5382870e-001
 2.5379533e-001
 2.5380191e-001
 2.5383306e-001
 2.5387129e-001
 2.5389972e-001
 2.5390407e-001
 2.5387433e-001
 2.5380555e-001
 2.5369793e-001
 2.5355643e-001
 2.5338954e-001
 2.5320807e-001
 2.5302356e-001
 2.5284678e-001
 2.5268608e-001
 2.5254673e-001
 2.5242987e-001
 2.5233290e-001
 2.5224990e-001
 2.5217280e-001
 2.5209302e-001
 2.5200322e-001
 2.5189859e-001
 2.5177819e-001
 2.5164500e-001
 2.5150606e-001
 2.5137112e-001
 2.5125146e-001
 2.5115833e-001
 2.5110114e-001
 2.5108632e-001
 2.5111616e-001
 2.5118840e-001
 2.5129613e-001
 2.5142843e-001
 2.5157115e-001
 2.5170857e-001
 2.5182509e-001
 2.5190714e-001
 2.5194508e-001
 2.5193471e-001
 2.5187802e-001
 2.5178310e-001
 2.5166288e-001
 2.5153309e-001
 2.5140980e-001
 2.5130671e-001
 2.5123322e-001
 2.5119331e-001
 2.5118592e-001
 2.5120607e-001
 2.5124705e-001
 2.5130257e-001
 2.5136837e-001
 2.5144333e-001
 2.5152904e-001
 2.5162891e-001
 2.5174654e-001
 2.5188392e-001
 2.5204042e-001
 2.5221184e-001
 2.5239092e-001
 2.5256795e-001
 2.5273198e-001
 2.5287223e-001
 2.5297928e-001
 2.5304583e-001
 2.5306723e-001
 2.5304160e-001
 2.5296962e-001
 2.5285438e-001
 2.5270084e-001
 2.5251570e-001
 2.5230700e-001
 2.5208381e-001
 2.5185567e-001
 2.5163200e-001
 2.5142112e-001
 2.5122887e-001
 2.5105783e-001
 2.5090635e-001
 2.5076854e-001
 2.5063503e-001
 2.5049481e-001
 2.5033796e-001
 2.5015837e-001
 2.4995628e-001
 2.4973975e-001
 2.4952418e-001
 2.4933030e-001
 2.4918054e-001
 2.4909474e-001
 2.4908605e-001
 2.4915798e-001
 2.4930350e-001
 2.4950624e-001
 2.4974349e-001
 2.4999054e-001
 2.5022528e-001
 2.5043184e-001
 2.5060317e-001
 2.5074136e-001
 2.5085625e-001
 2.5096232e-001
 2.5107479e-001
 2.5120553e-001
 2.5135973e-001
 2.5153399e-001
 2.5171641e-001
 2.5188825e-001
 2.5202754e-001
 2.5211334e-001
 2.5212997e-001
 2.5207043e-001
 2.5193831e-001
 2.5174797e-001
 2.5152254e-001
 2.5129095e-001
 2.5108340e-001
 2.5092757e-001
 2.5084445e-001
 2.5084579e-001
 2.5093296e-001
 2.5109702e-001
 2.5131994e-001
 2.5157699e-001
 2.5184020e-001
 2.5208193e-001
 2.5227898e-001
 2.5241563e-001
 2.5248450e-001
 2.5248641e-001
 2.5242901e-001
 2.5232476e-001
 2.5218964e-001
 2.5204101e-001
 2.5189492e-001
 2.5176337e-001
 2.5165227e-001
 2.5156063e-001
 2.5148174e-001
 2.5140563e-001
 2.5132272e-001
 2.5122741e-001
 2.5112030e-001
 2.5100783e-001
 2.5090030e-001
 2.5080878e-001
 2.5074205e-001
 2.5070453e-001
 2.5069550e-001
 2.5070900e-001
 2.5073534e-001
 2.5076333e-001
 2.5078282e-001
 2.5078702e-001
 2.5077412e-001
 2.5074750e-001
 2.5071499e-001
 2.5068703e-001
 2.5067461e-001
 2.5068676e-001
 2.5072899e-001
 2.5080249e-001
 2.5090432e-001
 2.5102830e-001
 2.5116596e-001
 2.5130802e-001
 2.5144514e-001
 2.5156915e-001
 2.5167385e-001
 2.5175583e-001
 2.5181523e-001
 2.5185546e-001
 2.5188291e-001
 2.5190604e-001
 2.5193363e-001
 2.5197333e-001
 2.5202945e-001
 2.5210172e-001
 2.5218436e-001
 2.5226673e-001
 2.5233510e-001
 2.5237483e-001
 2.5237304e-001
 2.5232103e-001
 2.5221559e-001
 2.5205979e-001
 2.5186285e-001
 2.5163937e-001
 2.5140738e-001
 2.5118625e-001
 2.5099406e-001
 2.5084552e-001
 2.5075030e-001
 2.5071222e-001
 2.5072935e-001
 2.5079492e-001
 2.5089845e-001
 2.5102735e-001
 2.5116831e-001
 2.5130859e-001
 2.5143692e-001
 2.5154427e-001
 2.5162402e-001
 2.5167233e-001
 2.5168800e-001
 2.5167230e-001
 2.5162876e-001
 2.5156268e-001
 2.5148073e-001
 2.5139025e-001
 2.5129876e-001
 2.5121313e-001
 2.5113934e-001
 2.5108173e-001
 2.5104293e-001
 2.5102353e-001
 2.5102201e-001
 2.5103500e-001
 2.5105736e-001
 2.5108242e-001
 2.5110289e-001
 2.5111130e-001
 2.5110099e-001
 2.5106725e-001
 2.5100818e-001
 2.5092563e-001
 2.5082546e-001
 2.5071749e-001
 2.5061461e-001
 2.5053141e-001
 2.5048205e-001
 2.5047827e-001
 2.5052735e-001
 2.5063056e-001
 2.5078267e-001
 2.5097230e-001
 2.5118339e-001
 2.5139740e-001
 2.5159600e-001
 2.5176382e-001
 2.5189045e-001
 2.5197190e-001
 2.5201070e-001
 2.5201517e-001
 2.5199762e-001
 2.5197208e-001
 2.5195196e-001
 2.5194797e-001
 2.5196660e-001
 2.5200963e-001
 2.5207424e-001
 2.5215393e-001
 2.5224003e-001
 2.5232297e-001
 2.5239393e-001
 2.5244591e-001
 2.5247434e-001
 2.5247762e-001
 2.5245699e-001
 2.5241622e-001
 2.5236103e-001
 2.5229856e-001
 2.5223655e-001
 2.5218254e-001
 2.5214338e-001
 2.5212446e-001
 2.5212941e-001
 2.5215980e-001
 2.5221494e-001
 2.5229216e-001
 2.5238672e-001
 2.5249228e-001
 2.5260141e-001
 2.5270656e-001
 2.5280079e-001
 2.5287887e-001
 2.5293788e-001
 2.5297770e-001
 2.5300065e-001
 2.5301111e-001
 2.5301424e-001
 2.5301489e-001
 2.5301626e-001
 2.5301889e-001
 2.5302026e-001
 2.5301531e-001
 2.5299725e-001
 2.5295910e-001
 2.5289524e-001
 2.5280300e-001
 2.5268364e-001
 2.5254297e-001
 2.5239137e-001
 2.5224322e-001
 2.5211546e-001
 2.5202563e-001
 2.5198969e-001
 2.5201958e-001
 2.5212124e-001
 2.5229311e-001
 2.5252599e-001
 2.5280359e-001
 2.5310427e-001
 2.5340357e-001
 2.5367698e-001
 2.5390294e-001
 2.5406510e-001
 2.5415409e-001
 2.5416836e-001
 2.5411373e-001
 2.5400224e-001
 2.5385052e-001
 2.5367734e-001
 2.5350159e-001
 2.5334024e-001
 2.5320700e-001
 2.5311142e-001
 2.5305864e-001
 2.5304973e-001
 2.5308228e-001
 2.5315112e-001
 2.5324911e-001
 2.5336793e-001
 2.5349852e-001
 2.5363165e-001
 2.5375816e-001
 2.5386938e-001
 2.5395739e-001
 2.5401524e-001
 2.5403744e-001
 2.5402001e-001
 2.5396091e-001
 2.5386009e-001
 2.5371942e-001
 2.5354293e-001
 2.5333670e-001
 2.5310865e-001
 2.5286877e-001
 2.5262877e-001
 2.5240219e-001
 2.5220376e-001
 2.5204888e-001
 2.5195280e-001
 2.5192925e-001
 2.5198942e-001
 2.5214028e-001
 2.5238371e-001
 2.5271565e-001
 2.5312594e-001
 2.5359896e-001
 2.5411433e-001
 2.5464892e-001
 2.5517815e-001
 2.5567788e-001
 2.5612625e-001
 2.5650451e-001
 2.5679809e-001
 2.5699681e-001
 2.5709504e-001
 2.5709170e-001
 2.5699002e-001
 2.5679743e-001
 2.5652540e-001
 2.5618911e-001
 2.5580689e-001
 2.5539970e-001
 2.5498956e-001
 2.5459853e-001
 2.5424677e-001
 2.5395095e-001
 2.5372306e-001
 2.5356925e-001
 2.5348952e-001
 2.5347823e-001
 2.5352505e-001
 2.5361627e-001
 2.5373662e-001
 2.5387073e-001
 2.5400460e-001
 2.5412679e-001
 2.5422871e-001
 2.5430518e-001
 2.5435439e-001
 2.5437742e-001
 2.5437808e-001
 2.5436237e-001
 2.5433809e-001
 2.5431430e-001
 2.5430092e-001
 2.5430769e-001
 2.5434387e-001
 2.5441733e-001
 2.5453398e-001
 2.5469720e-001
 2.5490746e-001
 2.5516242e-001
 2.5545657e-001
 2.5578117e-001
 2.5612426e-001
 2.5647110e-001
 2.5680563e-001
 2.5711125e-001
 2.5737274e-001
 2.5757793e-001
 2.5771907e-001
 2.5779361e-001
 2.5780413e-001
 2.5781024e-001
 2.5770190e-001
 2.5755906e-001
 2.5739482e-001
 2.5722104e-001
 2.5704712e-001
 2.5687927e-001
 2.5672078e-001
 2.5657272e-001
 2.5643507e-001
 2.5630718e-001
 2.5618845e-001
 2.5607815e-001
 2.5597590e-001
 2.5588158e-001
 2.5579563e-001
 2.5571883e-001
 2.5565255e-001
 2.5559840e-001
 2.5555819e-001
 2.5553384e-001
 2.5552720e-001
 2.5553992e-001
 2.5557327e-001
 2.5562781e-001
 2.5570300e-001
 2.5579733e-001
 2.5590813e-001
 2.5603217e-001
 2.5616562e-001
 2.5630456e-001
 2.5644505e-001
 2.5658324e-001
 2.5671563e-001
 2.5683928e-001
 2.5695190e-001
 2.5705206e-001
 2.5713909e-001
 2.5721276e-001
 2.5727323e-001
 2.5732079e-001
 2.5735581e-001
 2.5737876e-001
 2.5739014e-001
 2.5739062e-001
 2.5738102e-001
 2.5736240e-001
 2.5733599e-001
 2.5730309e-001
 2.5726521e-001
 2.5722376e-001
 2.5718021e-001
 2.5713605e-001
 2.5709271e-001
 2.5705162e-001
 2.5701401e-001
 2.5698116e-001
 2.5695422e-001
 2.5693429e-001
 2.5692245e-001
 2.5691974e-001
 2.5692701e-001
 2.5694495e-001
 2.5697368e-001
 2.5701246e-001
 2.5705934e-001
 2.5711107e-001
 2.5716332e-001
 2.5721076e-001
 2.5724763e-001
 2.5726801e-001
 2.5726607e-001
 2.5723666e-001
 2.5717598e-001
 2.5708231e-001
 2.5695711e-001
 2.5680503e-001
 2.5663376e-001
 2.5645319e-001
 2.5627452e-001
 2.5610945e-001
 2.5596955e-001
 2.5586548e-001
 2.5580579e-001
 2.5579563e-001
 2.5583550e-001
 2.5592074e-001
 2.5604200e-001
 2.5618652e-001
 2.5633946e-001
 2.5648522e-001
 2.5660816e-001
 2.5669366e-001
 2.5672939e-001
 2.5670683e-001
 2.5662273e-001
 2.5647959e-001
 2.5628507e-001
 2.5605074e-001
 2.5579044e-001
 2.5551903e-001
 2.5525159e-001
 2.5500247e-001
 2.5478461e-001
 2.5460851e-001
 2.5448108e-001
 2.5440547e-001
 2.5438142e-001
 2.5440615e-001
 2.5447527e-001
 2.5458369e-001
 2.5472593e-001
 2.5489640e-001
 2.5508925e-001
 2.5529829e-001
 2.5551695e-001
 2.5573817e-001
 2.5595447e-001
 2.5615805e-001
 2.5634098e-001
 2.5649539e-001
 2.5661355e-001
 2.5668871e-001
 2.5671569e-001
 2.5669217e-001
 2.5661954e-001
 2.5650346e-001
 2.5635329e-001
 2.5618121e-001
 2.5600109e-001
 2.5582734e-001
 2.5567436e-001
 2.5555557e-001
 2.5548193e-001
 2.5546071e-001
 2.5549397e-001
 2.5557798e-001
 2.5570384e-001
 2.5585878e-001
 2.5602779e-001
 2.5619492e-001
 2.5634420e-001
 2.5646073e-001
 2.5653207e-001
 2.5654989e-001
 2.5651139e-001
 2.5641996e-001
 2.5628456e-001
 2.5611821e-001
 2.5593644e-001
 2.5575581e-001
 2.5559279e-001
 2.5546294e-001
 2.5537932e-001
 2.5535101e-001
 2.5538152e-001
 2.5546828e-001
 2.5560319e-001
 2.5577414e-001
 2.5596654e-001
 2.5616482e-001
 2.5635335e-001
 2.5651753e-001
 2.5664505e-001
 2.5672761e-001
 2.5676215e-001
 2.5675160e-001
 2.5670418e-001
 2.5663206e-001
 2.5654972e-001
 2.5647268e-001
 2.5641629e-001
 2.5639495e-001
 2.5642040e-001
 2.5650012e-001
 2.5663567e-001
 2.5682226e-001
 2.5704911e-001
 2.5730124e-001
 2.5756112e-001
 2.5781009e-001
 2.5802961e-001
 2.5820237e-001
 2.5831398e-001
 2.5835505e-001
 2.5832272e-001
 2.5822157e-001
 2.5806281e-001
 2.5786263e-001
 2.5764000e-001
 2.5741529e-001
 2.5720903e-001
 2.5704056e-001
 2.5692704e-001
 2.5688156e-001
 2.5691170e-001
 2.5701913e-001
 2.5720003e-001
 2.5744650e-001
 2.5774834e-001
 2.5809416e-001
 2.5847232e-001
 2.5887120e-001
 2.5928012e-001
 2.5968966e-001
 2.6009190e-001
 2.6048106e-001
 2.6085305e-001
 2.6120511e-001
 2.6153496e-001
 2.6184109e-001
 2.6212198e-001
 2.6237610e-001
 2.6260230e-001
 2.6279956e-001
 2.6296702e-001
 2.6310426e-001
 2.6321110e-001
 2.6328760e-001
 2.6333389e-001
 2.6335025e-001
 2.6333722e-001
 2.6329565e-001
 2.6322731e-001
 2.6313531e-001
 2.6302472e-001
 2.6290265e-001
 2.6277810e-001
 2.6266155e-001
 2.6256418e-001
 2.6249748e-001
 2.6247275e-001
 2.6250026e-001
 2.6258829e-001
 2.6274171e-001
 2.6296064e-001
 2.6324022e-001
 2.6357090e-001
 2.6393962e-001
 2.6433140e-001
 2.6473030e-001
 2.6512054e-001
 2.6548666e-001
 2.6581538e-001
 2.6609632e-001
 2.6632309e-001
 2.6649392e-001
 2.6661110e-001
 2.6667991e-001
 2.6670751e-001
 2.6670185e-001
 2.6667118e-001
 2.6662368e-001
 2.6656708e-001
 2.6650849e-001
 2.6645404e-001
 2.6640880e-001
 2.6637691e-001
 2.6636177e-001
 2.6636642e-001
 2.6639357e-001
 2.6644576e-001
 2.6652515e-001
 2.6663327e-001
 2.6677057e-001
 2.6693588e-001
 2.6712653e-001
 2.6733831e-001
 2.6756582e-001
 2.6780310e-001
 2.6804399e-001
 2.6828203e-001
 2.6851118e-001
 2.6872575e-001
 2.6892102e-001
 2.6909313e-001
 2.6923954e-001
 2.6935884e-001
 2.6945034e-001
 2.6951391e-001
 2.6954958e-001
 2.6955765e-001
 2.6953849e-001
 2.6949286e-001
 2.6942199e-001
 2.6932776e-001
 2.6921278e-001
 2.6908031e-001
 2.6893419e-001
 2.6877850e-001
 2.6861742e-001
 2.6845542e-001
 2.6829693e-001
 2.6814681e-001
 2.6801038e-001
 2.6789361e-001
 2.6780310e-001
 2.6774621e-001
 2.6773077e-001
 2.6776478e-001
 2.6785624e-001
 2.6801264e-001
 2.6824009e-001
 2.6854196e-001
 2.6891658e-001
 2.6935616e-001
 2.6984584e-001
 2.7036393e-001
 2.7088445e-001
 2.7137852e-001
 2.7181625e-001
 2.7216804e-001
 2.7240700e-001
 2.7251148e-001
 2.7246875e-001
 2.7227825e-001
 2.7195272e-001
 2.7151728e-001
 2.7100578e-001
 2.7045733e-001
 2.6991332e-001
 2.6941547e-001
 2.6900283e-001
 2.6870915e-001
 2.6855952e-001
 2.6856655e-001
 2.6872954e-001
 2.6903555e-001
 2.6946267e-001
 2.6998383e-001
 2.7056909e-001
 2.7118838e-001
 2.7181262e-001
 2.7241579e-001
 2.7297625e-001
 2.7347952e-001
 2.7391842e-001
 2.7429208e-001
 2.7460492e-001
 2.7486423e-001
 2.7507848e-001
 2.7525669e-001
 2.7540737e-001
 2.7553800e-001
 2.7565387e-001
 2.7575776e-001
 2.7584940e-001
 2.7592579e-001
 2.7598193e-001
 2.7601171e-001
 2.7600849e-001
 2.7596575e-001
 2.7587768e-001
 2.7574030e-001
 2.7555230e-001
 2.7531624e-001
 2.7503890e-001
 2.7473104e-001
 2.7440611e-001
 2.7407917e-001
 2.7376625e-001
 2.7348301e-001
 2.7324435e-001
 2.7306333e-001
 2.7294949e-001
 2.7290782e-001
 2.7293846e-001
 2.7303684e-001
 2.7319518e-001
 2.7340367e-001
 2.7365142e-001
 2.7392736e-001
 2.7422065e-001
 2.7452064e-001
 2.7481771e-001
 2.7510342e-001
 2.7537039e-001
 2.7561256e-001
 2.7582473e-001
 2.7600211e-001
 2.7614030e-001
 2.7623531e-001
 2.7628380e-001
 2.7628380e-001
 2.7623570e-001
 2.7614281e-001
 2.7601200e-001
 2.7585316e-001
 2.7567840e-001
 2.7550110e-001
 2.7533534e-001
 2.7519470e-001
 2.7509153e-001
 2.7503538e-001
 2.7503109e-001
 2.7507707e-001
 2.7516478e-001
 2.7527913e-001
 2.7540052e-001
 2.7550647e-001
 2.7557343e-001
 2.7557829e-001
 2.7550006e-001
 2.7532253e-001
 2.7503738e-001
 2.7464703e-001
 2.7416608e-001
 2.7361965e-001
 2.7304068e-001
 2.7246732e-001
 2.7193910e-001
 2.7149543e-001
 2.7117261e-001
 2.7100071e-001
 2.7099854e-001
 2.7117002e-001
 2.7150255e-001
 2.7196863e-001
 2.7252993e-001
 2.7314112e-001
 2.7375457e-001
 2.7432251e-001
 2.7480042e-001
 2.7515024e-001
 2.7534604e-001
 2.7537763e-001
 2.7525234e-001
 2.7499342e-001
 2.7463570e-001
 2.7422121e-001
 2.7379483e-001
 2.7340156e-001
 2.7308422e-001
 2.7287942e-001
 2.7281377e-001
 2.7290031e-001
 2.7313697e-001
 2.7350804e-001
 2.7398786e-001
 2.7454451e-001
 2.7514353e-001
 2.7575004e-001
 2.7632987e-001
 2.7685246e-001
 2.7729252e-001
 2.7763212e-001
 2.7786118e-001
 2.7797726e-001
 2.7798316e-001
 2.7788508e-001
 2.7769080e-001
 2.7740902e-001
 2.7704957e-001
 2.7662370e-001
 2.7614504e-001
 2.7563095e-001
 2.7510226e-001
 2.7458328e-001
 2.7410057e-001
 2.7368262e-001
 2.7335778e-001
 2.7315366e-001
 2.7309525e-001
 2.7320153e-001
 2.7348185e-001
 2.7393207e-001
 2.7453363e-001
 2.7525467e-001
 2.7605379e-001
 2.7688324e-001
 2.7769342e-001
 2.7843478e-001
 2.7906021e-001
 2.7952966e-001
 2.7981389e-001
 2.7989855e-001
 2.7978599e-001
 2.7949336e-001
 2.7904910e-001
 2.7848801e-001
 2.7784804e-001
 2.7716783e-001
 2.7648568e-001
 2.7583706e-001
 2.7525327e-001
 2.7476045e-001
 2.7437803e-001
 2.7411988e-001
 2.7399600e-001
 2.7401343e-001
 2.7417800e-001
 2.7449423e-001
 2.7496445e-001
 2.7558726e-001
 2.7635500e-001
 2.7725074e-001
 2.7824849e-001
 2.7931374e-001
 2.8040472e-001
 2.8147683e-001
 2.8248394e-001
 2.8337988e-001
 2.8412271e-001
 2.8467748e-001
 2.8502157e-001
 2.8514874e-001
 2.8507152e-001
 2.8481886e-001
 2.8443211e-001
 2.8395978e-001
 2.8345343e-001
 2.8296500e-001
 2.8254294e-001
 2.8222856e-001
 2.8205094e-001
 2.8202274e-001
 2.8213808e-001
 2.8237462e-001
 2.8269768e-001
 2.8306550e-001
 2.8343311e-001
 2.8375524e-001
 2.8398976e-001
 2.8410101e-001
 2.8406468e-001
 2.8387162e-001
 2.8352967e-001
 2.8306183e-001
 2.8250259e-001
 2.8189293e-001
 2.8127661e-001
 2.8069800e-001
 2.8019834e-001
 2.7981266e-001
 2.7956569e-001
 2.7946752e-001
 2.7951247e-001
 2.7968052e-001
 2.7994108e-001
 2.8025734e-001
 2.8058991e-001
 2.8089893e-001
 2.8114712e-001
 2.8130242e-001
 2.8134170e-001
 2.8125405e-001
 2.8104192e-001
 2.8071997e-001
 2.8031215e-001
 2.7984777e-001
 2.7935863e-001
 2.7887747e-001
 2.7843547e-001
 2.7806100e-001
 2.7777728e-001
 2.7760014e-001
 2.7753723e-001
 2.7758914e-001
 2.7775136e-001
 2.7801636e-001
 2.7837530e-001
 2.7881843e-001
 2.7933571e-001
 2.7991655e-001
 2.8054890e-001
 2.8121972e-001
 2.8191450e-001
 2.8261679e-001
 2.8330955e-001
 2.8397506e-001
 2.8459552e-001
 2.8515288e-001
 2.8562996e-001
 2.8601003e-001
 2.8627679e-001
 2.8641406e-001
 2.8640333e-001
 2.8626639e-001
 2.8603131e-001
 2.8571865e-001
 2.8534889e-001
 2.8494254e-001
 2.8452033e-001
 2.8410268e-001
 2.8371015e-001
 2.8336334e-001
 2.8308094e-001
 2.8286600e-001
 2.8271273e-001
 2.8261518e-001
 2.8256750e-001
 2.8256381e-001
 2.8259814e-001
 2.8266472e-001
 2.8275770e-001
 2.8287104e-001
 2.8299895e-001
 2.8313556e-001
 2.8327495e-001
 2.8341126e-001
 2.8353900e-001
 2.8365654e-001
 2.8376421e-001
 2.8386247e-001
 2.8395158e-001
 2.8403208e-001
 2.8410420e-001
 2.8416848e-001
 2.8422526e-001
 2.8427488e-001
 2.8431779e-001
 2.8435436e-001
 2.8438494e-001
 2.8440997e-001
 2.8442985e-001
 2.8444496e-001
 2.8445563e-001
 2.8446230e-001
 2.8446537e-001
 2.8446504e-001
 2.8446144e-001
 2.8445479e-001
 2.8444514e-001
 2.8443277e-001
 2.8441772e-001
 2.8440019e-001
 2.8438035e-001
 2.8435835e-001
 2.8433430e-001
 2.8430840e-001
 2.8428078e-001
 2.8425163e-001
 2.8422105e-001
 2.8418922e-001
 2.8415629e-001
 2.8412244e-001
 2.8408775e-001
 2.8405246e-001
 2.8401664e-001
 2.8398055e-001
 2.8394425e-001
 2.8390810e-001
 2.8387251e-001
 2.8383788e-001
 2.8380454e-001
 2.8377298e-001
 2.8374347e-001
 2.8371647e-001
 2.8369236e-001
 2.8367150e-001
 2.8365436e-001
 2.8364128e-001
 2.8363264e-001
 2.8362879e-001
 2.8363025e-001
 2.8363734e-001
 2.8365040e-001
 2.8366989e-001
 2.8369620e-001
 2.8372967e-001
 2.8377071e-001
 2.8381976e-001
 2.8387713e-001
 2.8394330e-001
 2.8401864e-001
 2.8410342e-001
 2.8419814e-001
 2.8430247e-001
 2.8441596e-001
 2.8453815e-001
 2.8466856e-001
 2.8480670e-001
 2.8495207e-001
 2.8510422e-001
 2.8526264e-001
 2.8542686e-001
 2.8559652e-001
 2.8577092e-001
 2.8594971e-001
 2.8613234e-001
 2.8631845e-001
 2.8650746e-001
 2.8669891e-001
 2.8689227e-001
 2.8708717e-001
 2.8728309e-001
 2.8747946e-001
 2.8767595e-001
 2.8787193e-001
 2.8806707e-001
 2.8826076e-001
 2.8845257e-001
 2.8864202e-001
 2.8882867e-001
 2.8901196e-001
 2.8919142e-001
 2.8936669e-001
 2.8953749e-001
 2.8970373e-001
 2.8986526e-001
