s07_ASD Record=8459: Olivine GDS70.e Fo89 <30um   ASDNGb AREF
-1.2300000e+034
 2.7103963e-001
 2.7122277e-001
 2.7126783e-001
 2.7125844e-001
 2.7250320e-001
 2.7308670e-001
 2.7331319e-001
 2.7387261e-001
 2.7529061e-001
 2.7647793e-001
 2.7730995e-001
 2.7806205e-001
 2.7822983e-001
 2.7913925e-001
 2.8096342e-001
 2.8245771e-001
 2.8436214e-001
 2.8628367e-001
 2.8787789e-001
 2.8956032e-001
 2.9104754e-001
 2.9253995e-001
 2.9438815e-001
 2.9617059e-001
 2.9804099e-001
 3.0002996e-001
 3.0195665e-001
 3.0374935e-001
 3.0541170e-001
 3.0702206e-001
 3.0877426e-001
 3.1048176e-001
 3.1214088e-001
 3.1384307e-001
 3.1563339e-001
 3.1729388e-001
 3.1880283e-001
 3.2043707e-001
 3.2194996e-001
 3.2341644e-001
 3.2495210e-001
 3.2652998e-001
 3.2824382e-001
 3.2998919e-001
 3.3156890e-001
 3.3305606e-001
 3.3450335e-001
 3.3596882e-001
 3.3752081e-001
 3.3907360e-001
 3.4060633e-001
 3.4217682e-001
 3.4409010e-001
 3.4583560e-001
 3.4742790e-001
 3.4921238e-001
 3.5102582e-001
 3.5278869e-001
 3.5450566e-001
 3.5632646e-001
 3.5783878e-001
 3.5921791e-001
 3.6070868e-001
 3.6204782e-001
 3.6335349e-001
 3.6464208e-001
 3.6584204e-001
 3.6698374e-001
 3.6811239e-001
 3.6923856e-001
 3.7029019e-001
 3.7133688e-001
 3.7237093e-001
 3.7336433e-001
 3.7432811e-001
 3.7529284e-001
 3.7625670e-001
 3.7718654e-001
 3.7809500e-001
 3.7900022e-001
 3.7992129e-001
 3.8089186e-001
 3.8174298e-001
 3.8254809e-001
 3.8346741e-001
 3.8438141e-001
 3.8523754e-001
 3.8604397e-001
 3.8687649e-001
 3.8760340e-001
 3.8825947e-001
 3.8887498e-001
 3.8931093e-001
 3.8969201e-001
 3.9004236e-001
 3.9032403e-001
 3.9059025e-001
 3.9085698e-001
 3.9115304e-001
 3.9154020e-001
 3.9201558e-001
 3.9258948e-001
 3.9326778e-001
 3.9403546e-001
 3.9489236e-001
 3.9585570e-001
 3.9695293e-001
 3.9811605e-001
 3.9930326e-001
 4.0049157e-001
 4.0168843e-001
 4.0287891e-001
 4.0405324e-001
 4.0520635e-001
 4.0632147e-001
 4.0740502e-001
 4.0845779e-001
 4.0947092e-001
 4.1045076e-001
 4.1145408e-001
 4.1255167e-001
 4.1381767e-001
 4.1524494e-001
 4.1682589e-001
 4.1854393e-001
 4.2031333e-001
 4.2208216e-001
 4.2380813e-001
 4.2545673e-001
 4.2701307e-001
 4.2847070e-001
 4.2982465e-001
 4.3104279e-001
 4.3221563e-001
 4.3338811e-001
 4.3455470e-001
 4.3578681e-001
 4.3707988e-001
 4.3842804e-001
 4.3986970e-001
 4.4132289e-001
 4.4276330e-001
 4.4420722e-001
 4.4571266e-001
 4.4736499e-001
 4.4926742e-001
 4.5154640e-001
 4.5407003e-001
 4.5673680e-001
 4.5946014e-001
 4.6218061e-001
 4.6485102e-001
 4.6743643e-001
 4.6990880e-001
 4.7227180e-001
 4.7453728e-001
 4.7672245e-001
 4.7885725e-001
 4.8087636e-001
 4.8281187e-001
 4.8471972e-001
 4.8654217e-001
 4.8833421e-001
 4.9012080e-001
 4.9188378e-001
 4.9365404e-001
 4.9540952e-001
 4.9712914e-001
 4.9882907e-001
 5.0050092e-001
 5.0214887e-001
 5.0378364e-001
 5.0540978e-001
 5.0701070e-001
 5.0859088e-001
 5.1019430e-001
 5.1180714e-001
 5.1342833e-001
 5.1505834e-001
 5.1668406e-001
 5.1830351e-001
 5.1993930e-001
 5.2162880e-001
 5.2335894e-001
 5.2512038e-001
 5.2690780e-001
 5.2873504e-001
 5.3054255e-001
 5.3231996e-001
 5.3406250e-001
 5.3566557e-001
 5.3707969e-001
 5.3833395e-001
 5.3954643e-001
 5.4076022e-001
 5.4194468e-001
 5.4306209e-001
 5.4413569e-001
 5.4514581e-001
 5.4608917e-001
 5.4698133e-001
 5.4790545e-001
 5.4887187e-001
 5.4986876e-001
 5.5086738e-001
 5.5189478e-001
 5.5298507e-001
 5.5415738e-001
 5.5537271e-001
 5.5638552e-001
 5.5709159e-001
 5.5755866e-001
 5.5780673e-001
 5.5772001e-001
 5.5733824e-001
 5.5721527e-001
 5.5740613e-001
 5.5781770e-001
 5.5825883e-001
 5.5869585e-001
 5.5920208e-001
 5.5980349e-001
 5.6043255e-001
 5.6088811e-001
 5.6101388e-001
 5.6075174e-001
 5.6032413e-001
 5.5986804e-001
 5.5942506e-001
 5.5895156e-001
 5.5847365e-001
 5.5819118e-001
 5.5820978e-001
 5.5835855e-001
 5.5855119e-001
 5.5878043e-001
 5.5906534e-001
 5.5930817e-001
 5.5939335e-001
 5.5926758e-001
 5.5896842e-001
 5.5850875e-001
 5.5797052e-001
 5.5743867e-001
 5.5691385e-001
 5.5652696e-001
 5.5624324e-001
 5.5591238e-001
 5.5556482e-001
 5.5521029e-001
 5.5485797e-001
 5.5452013e-001
 5.5416620e-001
 5.5376071e-001
 5.5328172e-001
 5.5278403e-001
 5.5223191e-001
 5.5162710e-001
 5.5101192e-001
 5.5036724e-001
 5.4968083e-001
 5.4895049e-001
 5.4820073e-001
 5.4741913e-001
 5.4660839e-001
 5.4577869e-001
 5.4493326e-001
 5.4407382e-001
 5.4320174e-001
 5.4231846e-001
 5.4147011e-001
 5.4063171e-001
 5.3978145e-001
 5.3898525e-001
 5.3823799e-001
 5.3751177e-001
 5.3677082e-001
 5.3610969e-001
 5.3550565e-001
 5.3491718e-001
 5.3431016e-001
 5.3368735e-001
 5.3308606e-001
 5.3255904e-001
 5.3213209e-001
 5.3181934e-001
 5.3163975e-001
 5.3161913e-001
 5.3172886e-001
 5.3186756e-001
 5.3193069e-001
 5.3184313e-001
 5.3166860e-001
 5.3147388e-001
 5.3131729e-001
 5.3115451e-001
 5.3099859e-001
 5.3086627e-001
 5.3077966e-001
 5.3071344e-001
 5.3065288e-001
 5.3060651e-001
 5.3063971e-001
 5.3067654e-001
 5.3071761e-001
 5.3079706e-001
 5.3083932e-001
 5.3085166e-001
 5.3082371e-001
 5.3069621e-001
 5.3054661e-001
 5.3039092e-001
 5.3023487e-001
 5.3010595e-001
 5.3006977e-001
 5.3011692e-001
 5.3018713e-001
 5.3033465e-001
 5.3053778e-001
 5.3078938e-001
 5.3112751e-001
 5.3153431e-001
 5.3199112e-001
 5.3248549e-001
 5.3304714e-001
 5.3357309e-001
 5.3403687e-001
 5.3447169e-001
 5.3468686e-001
 5.3466666e-001
 5.3441465e-001
 5.3389227e-001
 5.3317535e-001
 5.3232986e-001
 5.3143066e-001
 5.3058350e-001
 5.2980578e-001
 5.2909344e-001
 5.2842659e-001
 5.2776057e-001
 5.2712202e-001
 5.2655852e-001
 5.2614349e-001
 5.2577698e-001
 5.2542162e-001
 5.2507424e-001
 5.2476889e-001
 5.2450794e-001
 5.2425259e-001
 5.2392745e-001
 5.2360821e-001
 5.2330232e-001
 5.2300155e-001
 5.2269638e-001
 5.2239037e-001
 5.2206570e-001
 5.2170849e-001
 5.2136433e-001
 5.2103657e-001
 5.2072060e-001
 5.2040517e-001
 5.2005166e-001
 5.1970464e-001
 5.1938027e-001
 5.1898432e-001
 5.1858753e-001
 5.1819468e-001
 5.1778066e-001
 5.1731610e-001
 5.1681066e-001
 5.1629251e-001
 5.1579940e-001
 5.1526731e-001
 5.1470768e-001
 5.1414478e-001
 5.1359659e-001
 5.1305377e-001
 5.1250088e-001
 5.1192594e-001
 5.1135409e-001
 5.1074517e-001
 5.1009369e-001
 5.0942791e-001
 5.0872570e-001
 5.0799793e-001
 5.0726521e-001
 5.0656211e-001
 5.0580430e-001
 5.0500953e-001
 5.0421441e-001
 5.0337058e-001
 5.0250667e-001
 5.0163096e-001
 5.0073451e-001
 4.9984670e-001
 4.9891746e-001
 4.9792403e-001
 4.9690434e-001
 4.9592054e-001
 4.9496114e-001
 4.9398887e-001
 4.9296451e-001
 4.9193314e-001
 4.9089566e-001
 4.8983049e-001
 4.8875594e-001
 4.8770040e-001
 4.8664969e-001
 4.8553935e-001
 4.8444384e-001
 4.8335272e-001
 4.8224920e-001
 4.8115668e-001
 4.8004106e-001
 4.7889778e-001
 4.7773927e-001
 4.7657794e-001
 4.7541502e-001
 4.7427085e-001
 4.7317499e-001
 4.7206661e-001
 4.7095177e-001
 4.6983290e-001
 4.6868780e-001
 4.6754083e-001
 4.6638954e-001
 4.6523201e-001
 4.6409658e-001
 4.6296519e-001
 4.6182108e-001
 4.6065384e-001
 4.5950750e-001
 4.5839065e-001
 4.5729572e-001
 4.5620263e-001
 4.5511907e-001
 4.5402101e-001
 4.5290411e-001
 4.5182225e-001
 4.5075804e-001
 4.4969723e-001
 4.4862789e-001
 4.4754860e-001
 4.4649249e-001
 4.4546187e-001
 4.4443807e-001
 4.4342527e-001
 4.4238707e-001
 4.4132853e-001
 4.4031307e-001
 4.3931526e-001
 4.3832183e-001
 4.3732837e-001
 4.3634945e-001
 4.3539819e-001
 4.3446669e-001
 4.3354118e-001
 4.3261653e-001
 4.3171611e-001
 4.3082026e-001
 4.2988473e-001
 4.2898685e-001
 4.2811340e-001
 4.2725372e-001
 4.2641962e-001
 4.2557454e-001
 4.2471516e-001
 4.2385542e-001
 4.2302582e-001
 4.2221677e-001
 4.2140746e-001
 4.2058778e-001
 4.1981018e-001
 4.1906649e-001
 4.1832355e-001
 4.1754389e-001
 4.1677186e-001
 4.1601199e-001
 4.1526744e-001
 4.1454437e-001
 4.1387287e-001
 4.1320795e-001
 4.1252235e-001
 4.1185090e-001
 4.1118002e-001
 4.1050479e-001
 4.0983254e-001
 4.0920824e-001
 4.0858772e-001
 4.0795109e-001
 4.0730047e-001
 4.0667763e-001
 4.0604997e-001
 4.0541968e-001
 4.0481770e-001
 4.0423068e-001
 4.0367451e-001
 4.0313265e-001
 4.0254891e-001
 4.0198091e-001
 4.0144593e-001
 4.0092885e-001
 4.0036932e-001
 3.9983785e-001
 3.9933050e-001
 3.9881769e-001
 3.9825922e-001
 3.9772141e-001
 3.9720988e-001
 3.9670053e-001
 3.9618650e-001
 3.9570338e-001
 3.9524028e-001
 3.9475864e-001
 3.9428410e-001
 3.9380425e-001
 3.9331409e-001
 3.9281934e-001
 3.9233437e-001
 3.9184734e-001
 3.9135402e-001
 3.9086795e-001
 3.9036331e-001
 3.8986200e-001
 3.8938388e-001
 3.8891968e-001
 3.8845336e-001
 3.8797635e-001
 3.8748610e-001
 3.8698512e-001
 3.8647392e-001
 3.8596728e-001
 3.8548538e-001
 3.8504466e-001
 3.8456631e-001
 3.8405812e-001
 3.8357806e-001
 3.8309708e-001
 3.8259634e-001
 3.8207367e-001
 3.8154015e-001
 3.8098145e-001
 3.8042593e-001
 3.7987748e-001
 3.7930760e-001
 3.7874129e-001
 3.7818998e-001
 3.7764958e-001
 3.7709650e-001
 3.7650666e-001
 3.7588936e-001
 3.7526590e-001
 3.7465766e-001
 3.7406522e-001
 3.7344337e-001
 3.7276703e-001
 3.7209868e-001
 3.7144566e-001
 3.7080783e-001
 3.7016854e-001
 3.6947474e-001
 3.6879119e-001
 3.6812299e-001
 3.6744407e-001
 3.6672530e-001
 3.6597848e-001
 3.6521876e-001
 3.6446336e-001
 3.6374310e-001
 3.6300719e-001
 3.6224627e-001
 3.6148494e-001
 3.6073846e-001
 3.5996464e-001
 3.5916021e-001
 3.5835534e-001
 3.5755241e-001
 3.5675088e-001
 3.5594726e-001
 3.5514075e-001
 3.5435313e-001
 3.5359064e-001
 3.5281032e-001
 3.5193509e-001
 3.5106799e-001
 3.5023320e-001
 3.4939271e-001
 3.4846082e-001
 3.4756407e-001
 3.4670123e-001
 3.4584796e-001
 3.4498522e-001
 3.4415340e-001
 3.4330153e-001
 3.4240109e-001
 3.4148499e-001
 3.4059972e-001
 3.3972934e-001
 3.3885211e-001
 3.3796442e-001
 3.3705106e-001
 3.3614421e-001
 3.3525273e-001
 3.3432853e-001
 3.3338755e-001
 3.3247167e-001
 3.3158505e-001
 3.3065814e-001
 3.2977083e-001
 3.2886097e-001
 3.2790434e-001
 3.2700217e-001
 3.2609102e-001
 3.2518843e-001
 3.2429788e-001
 3.2336792e-001
 3.2249403e-001
 3.2162088e-001
 3.2072124e-001
 3.1987953e-001
 3.1900021e-001
 3.1812313e-001
 3.1727269e-001
 3.1639412e-001
 3.1554767e-001
 3.1469369e-001
 3.1383136e-001
 3.1304741e-001
 3.1223831e-001
 3.1141540e-001
 3.1060565e-001
 3.0981839e-001
 3.0898786e-001
 3.0817538e-001
 3.0741641e-001
 3.0667043e-001
 3.0592704e-001
 3.0515802e-001
 3.0437210e-001
 3.0362129e-001
 3.0290511e-001
 3.0221373e-001
 3.0154210e-001
 3.0088550e-001
 3.0015481e-001
 2.9943651e-001
 2.9877472e-001
 2.9814515e-001
 2.9754403e-001
 2.9690632e-001
 2.9624689e-001
 2.9560125e-001
 2.9496032e-001
 2.9432490e-001
 2.9369578e-001
 2.9307401e-001
 2.9246077e-001
 2.9185691e-001
 2.9126346e-001
 2.9068089e-001
 2.9010975e-001
 2.8955030e-001
 2.8900245e-001
 2.8846610e-001
 2.8794116e-001
 2.8742746e-001
 2.8692517e-001
 2.8643453e-001
 2.8595608e-001
 2.8549036e-001
 2.8503782e-001
 2.8459877e-001
 2.8417316e-001
 2.8376076e-001
 2.8336117e-001
 2.8297362e-001
 2.8259751e-001
 2.8223205e-001
 2.8187662e-001
 2.8153089e-001
 2.8119451e-001
 2.8086761e-001
 2.8055048e-001
 2.8024375e-001
 2.7994823e-001
 2.7966473e-001
 2.7939403e-001
 2.7913663e-001
 2.7889287e-001
 2.7866292e-001
 2.7844661e-001
 2.7824387e-001
 2.7805462e-001
 2.7787882e-001
 2.7771646e-001
 2.7756757e-001
 2.7743208e-001
 2.7730998e-001
 2.7720100e-001
 2.7710509e-001
 2.7702206e-001
 2.7695197e-001
 2.7689496e-001
 2.7685121e-001
 2.7682114e-001
 2.7680510e-001
 2.7680337e-001
 2.7681619e-001
 2.7684358e-001
 2.7688545e-001
 2.7694148e-001
 2.7701125e-001
 2.7709413e-001
 2.7718964e-001
 2.7729720e-001
 2.7741632e-001
 2.7754673e-001
 2.7768812e-001
 2.7784041e-001
 2.7800348e-001
 2.7817744e-001
 2.7836236e-001
 2.7855843e-001
 2.7876589e-001
 2.7898508e-001
 2.7921626e-001
 2.7945986e-001
 2.7971610e-001
 2.7998525e-001
 2.8026727e-001
 2.8056201e-001
 2.8086922e-001
 2.8118837e-001
 2.8151903e-001
 2.8186059e-001
 2.8221244e-001
 2.8257415e-001
 2.8294522e-001
 2.8332517e-001
 2.8371367e-001
 2.8411028e-001
 2.8451470e-001
 2.8492653e-001
 2.8534517e-001
 2.8577009e-001
 2.8620034e-001
 2.8663513e-001
 2.8707322e-001
 2.8751358e-001
 2.8795537e-001
 2.8839794e-001
 2.8884125e-001
 2.8928551e-001
 2.8973132e-001
 2.9017973e-001
 2.9063153e-001
 2.9108775e-001
 2.9154888e-001
 2.9201519e-001
 2.9248661e-001
 2.9296264e-001
 2.9344273e-001
 2.9392603e-001
 2.9441184e-001
 2.9489964e-001
 2.9538906e-001
 2.9587990e-001
 2.9637232e-001
 2.9686627e-001
 2.9736185e-001
 2.9785869e-001
 2.9835621e-001
 2.9885355e-001
 2.9934949e-001
 2.9984289e-001
 3.0033246e-001
 3.0081719e-001
 3.0129650e-001
 3.0176997e-001
 3.0223775e-001
 3.0270001e-001
 3.0315721e-001
 3.0361003e-001
 3.0405894e-001
 3.0450469e-001
 3.0494776e-001
 3.0538866e-001
 3.0582783e-001
 3.0626541e-001
 3.0670139e-001
 3.0713570e-001
 3.0756795e-001
 3.0799788e-001
 3.0842522e-001
 3.0884966e-001
 3.0927125e-001
 3.0968991e-001
 3.1010580e-001
 3.1051898e-001
 3.1092936e-001
 3.1133687e-001
 3.1174126e-001
 3.1214222e-001
 3.1253925e-001
 3.1293187e-001
 3.1331965e-001
 3.1370214e-001
 3.1407917e-001
 3.1445068e-001
 3.1481677e-001
 3.1517789e-001
 3.1553429e-001
 3.1588644e-001
 3.1623444e-001
 3.1657830e-001
 3.1691784e-001
 3.1725270e-001
 3.1758252e-001
 3.1790712e-001
 3.1822640e-001
 3.1854063e-001
 3.1885010e-001
 3.1915531e-001
 3.1945682e-001
 3.1975511e-001
 3.2005063e-001
 3.2034373e-001
 3.2063451e-001
 3.2092312e-001
 3.2120937e-001
 3.2149321e-001
 3.2177448e-001
 3.2205307e-001
 3.2232922e-001
 3.2260311e-001
 3.2287523e-001
 3.2314610e-001
 3.2341626e-001
 3.2368618e-001
 3.2395610e-001
 3.2422611e-001
 3.2449621e-001
 3.2476619e-001
 3.2503599e-001
 3.2530540e-001
 3.2557437e-001
 3.2584289e-001
 3.2611090e-001
 3.2637838e-001
 3.2664520e-001
 3.2691097e-001
 3.2717535e-001
 3.2743776e-001
 3.2769772e-001
 3.2795483e-001
 3.2820883e-001
 3.2845983e-001
 3.2870814e-001
 3.2895446e-001
 3.2919949e-001
 3.2944414e-001
 3.2968929e-001
 3.2993576e-001
 3.3018413e-001
 3.3043504e-001
 3.3068889e-001
 3.3094603e-001
 3.3120668e-001
 3.3147100e-001
 3.3173907e-001
 3.3201078e-001
 3.3228603e-001
 3.3256444e-001
 3.3284548e-001
 3.3312866e-001
 3.3341324e-001
 3.3369866e-001
 3.3398423e-001
 3.3426937e-001
 3.3455369e-001
 3.3483678e-001
 3.3511847e-001
 3.3539852e-001
 3.3567700e-001
 3.3595404e-001
 3.3623001e-001
 3.3650544e-001
 3.3678108e-001
 3.3705777e-001
 3.3733654e-001
 3.3761835e-001
 3.3790407e-001
 3.3819452e-001
 3.3849010e-001
 3.3879101e-001
 3.3909705e-001
 3.3940765e-001
 3.3972204e-001
 3.4003913e-001
 3.4035784e-001
 3.4067708e-001
 3.4099585e-001
 3.4131369e-001
 3.4163031e-001
 3.4194610e-001
 3.4226164e-001
 3.4257793e-001
 3.4289619e-001
 3.4321746e-001
 3.4354275e-001
 3.4387270e-001
 3.4420764e-001
 3.4454781e-001
 3.4489313e-001
 3.4524342e-001
 3.4559864e-001
 3.4595838e-001
 3.4632251e-001
 3.4669051e-001
 3.4706184e-001
 3.4743595e-001
 3.4781203e-001
 3.4818944e-001
 3.4856758e-001
 3.4894595e-001
 3.4932449e-001
 3.4970328e-001
 3.5008273e-001
 3.5046342e-001
 3.5084596e-001
 3.5123122e-001
 3.5161984e-001
 3.5201257e-001
 3.5240996e-001
 3.5281244e-001
 3.5322043e-001
 3.5363400e-001
 3.5405329e-001
 3.5447806e-001
 3.5490793e-001
 3.5534248e-001
 3.5578111e-001
 3.5622320e-001
 3.5666844e-001
 3.5711646e-001
 3.5756728e-001
 3.5802102e-001
 3.5847804e-001
 3.5893899e-001
 3.5940439e-001
 3.5987499e-001
 3.6035132e-001
 3.6083394e-001
 3.6132348e-001
 3.6182031e-001
 3.6232498e-001
 3.6283767e-001
 3.6335841e-001
 3.6388713e-001
 3.6442322e-001
 3.6496609e-001
 3.6551487e-001
 3.6606857e-001
 3.6662662e-001
 3.6718830e-001
 3.6775327e-001
 3.6832145e-001
 3.6889258e-001
 3.6946672e-001
 3.7004352e-001
 3.7062261e-001
 3.7120372e-001
 3.7178639e-001
 3.7237063e-001
 3.7295645e-001
 3.7354422e-001
 3.7413472e-001
 3.7472868e-001
 3.7532702e-001
 3.7593052e-001
 3.7653962e-001
 3.7715483e-001
 3.7777609e-001
 3.7840351e-001
 3.7903693e-001
 3.7967616e-001
 3.8032132e-001
 3.8097239e-001
 3.8162929e-001
 3.8229227e-001
 3.8296115e-001
 3.8363606e-001
 3.8431686e-001
 3.8500351e-001
 3.8569629e-001
 3.8639531e-001
 3.8710108e-001
 3.8781396e-001
 3.8853425e-001
 3.8926238e-001
 3.8999826e-001
 3.9074188e-001
 3.9149281e-001
 3.9225036e-001
 3.9301407e-001
 3.9378297e-001
 3.9455637e-001
 3.9533320e-001
 3.9611217e-001
 3.9689207e-001
 3.9767119e-001
 3.9844808e-001
 3.9922112e-001
 3.9998907e-001
 4.0075129e-001
 4.0150759e-001
 4.0225834e-001
 4.0300480e-001
 4.0374842e-001
 4.0449151e-001
 4.0523630e-001
 4.0598530e-001
 4.0674126e-001
 4.0750647e-001
 4.0828308e-001
 4.0907249e-001
 4.0987512e-001
 4.1069064e-001
 4.1151729e-001
 4.1235280e-001
 4.1319400e-001
 4.1403762e-001
 4.1488090e-001
 4.1572157e-001
 4.1655862e-001
 4.1739184e-001
 4.1822189e-001
 4.1905037e-001
 4.1987884e-001
 4.2070892e-001
 4.2154217e-001
 4.2237946e-001
 4.2322159e-001
 4.2406860e-001
 4.2492032e-001
 4.2577669e-001
 4.2663720e-001
 4.2750177e-001
 4.2837015e-001
 4.2924210e-001
 4.3011791e-001
 4.3099728e-001
 4.3188050e-001
 4.3276751e-001
 4.3365824e-001
 4.3455312e-001
 4.3545231e-001
 4.3635663e-001
 4.3726668e-001
 4.3818313e-001
 4.3910694e-001
 4.4003835e-001
 4.4097772e-001
 4.4192475e-001
 4.4287869e-001
 4.4383883e-001
 4.4480395e-001
 4.4577271e-001
 4.4674426e-001
 4.4771746e-001
 4.4869187e-001
 4.4966722e-001
 4.5064348e-001
 4.5162144e-001
 4.5260164e-001
 4.5358530e-001
 4.5457330e-001
 4.5556635e-001
 4.5656526e-001
 4.5757005e-001
 4.5858082e-001
 4.5959696e-001
 4.6061760e-001
 4.6164206e-001
 4.6266913e-001
 4.6369824e-001
 4.6472865e-001
 4.6575990e-001
 4.6679229e-001
 4.6782604e-001
 4.6886164e-001
 4.6990013e-001
 4.7094205e-001
 4.7198829e-001
 4.7303921e-001
 4.7409484e-001
 4.7515526e-001
 4.7621968e-001
 4.7728756e-001
 4.7835770e-001
 4.7942892e-001
 4.8050046e-001
 4.8157114e-001
 4.8264065e-001
 4.8370862e-001
 4.8477486e-001
 4.8583984e-001
 4.8690370e-001
 4.8796716e-001
 4.8903054e-001
 4.9009416e-001
 4.9115860e-001
 4.9222395e-001
 4.9329007e-001
 4.9435699e-001
 4.9542403e-001
 4.9649090e-001
 4.9755692e-001
 4.9862152e-001
 4.9968472e-001
 5.0074649e-001
 5.0180745e-001
 5.0286829e-001
 5.0392979e-001
 5.0499296e-001
 5.0605834e-001
 5.0712669e-001
 5.0819826e-001
 5.0927293e-001
 5.1035106e-001
 5.1143217e-001
 5.1251644e-001
 5.1360357e-001
 5.1469308e-001
 5.1578504e-001
 5.1687872e-001
 5.1797384e-001
 5.1906973e-001
 5.2016562e-001
 5.2126116e-001
 5.2235550e-001
 5.2344817e-001
 5.2453905e-001
 5.2562779e-001
 5.2671480e-001
 5.2780032e-001
 5.2888495e-001
 5.2996981e-001
 5.3105563e-001
 5.3214341e-001
 5.3323388e-001
 5.3432703e-001
 5.3542298e-001
 5.3652078e-001
 5.3761977e-001
 5.3871846e-001
 5.3981560e-001
 5.4091042e-001
 5.4200220e-001
 5.4309130e-001
 5.4417831e-001
 5.4526412e-001
 5.4635060e-001
 5.4743880e-001
 5.4852974e-001
 5.4962415e-001
 5.5072159e-001
 5.5182153e-001
 5.5292261e-001
 5.5402315e-001
 5.5512172e-001
 5.5621678e-001
 5.5730736e-001
 5.5839282e-001
 5.5947268e-001
 5.6054753e-001
 5.6161743e-001
 5.6268340e-001
 5.6374586e-001
 5.6480533e-001
 5.6586236e-001
 5.6691700e-001
 5.6796950e-001
 5.6901956e-001
 5.7006681e-001
 5.7111126e-001
 5.7215238e-001
 5.7319021e-001
 5.7422471e-001
 5.7525593e-001
 5.7628453e-001
 5.7731092e-001
 5.7833570e-001
 5.7935971e-001
 5.8038348e-001
 5.8140773e-001
 5.8243251e-001
 5.8345771e-001
 5.8448333e-001
 5.8550841e-001
 5.8653259e-001
 5.8755499e-001
 5.8857483e-001
 5.8959180e-001
 5.9060556e-001
 5.9161639e-001
 5.9262437e-001
 5.9362948e-001
 5.9463215e-001
 5.9563196e-001
 5.9662867e-001
 5.9762156e-001
 5.9860969e-001
 5.9959275e-001
 6.0057008e-001
 6.0154164e-001
 6.0250771e-001
 6.0346884e-001
 6.0442591e-001
 6.0537970e-001
 6.0633099e-001
 6.0728061e-001
 6.0822868e-001
 6.0917544e-001
 6.1012042e-001
 6.1106294e-001
 6.1200231e-001
 6.1293733e-001
 6.1386722e-001
 6.1479098e-001
 6.1570787e-001
 6.1661762e-001
 6.1751992e-001
 6.1841500e-001
 6.1930311e-001
 6.2018448e-001
 6.2105983e-001
 6.2192953e-001
 6.2279397e-001
 6.2365371e-001
 6.2450874e-001
 6.2535924e-001
 6.2620491e-001
 6.2704515e-001
 6.2787974e-001
 6.2870771e-001
 6.2952888e-001
 6.3034290e-001
 6.3114953e-001
 6.3194937e-001
 6.3274270e-001
 6.3353050e-001
 6.3431340e-001
 6.3509238e-001
 6.3586831e-001
 6.3664204e-001
 6.3741440e-001
 6.3818616e-001
 6.3895780e-001
 6.3972992e-001
 6.4050251e-001
 6.4127535e-001
 6.4204770e-001
 6.4281839e-001
 6.4358622e-001
 6.4434958e-001
 6.4510709e-001
 6.4585769e-001
 6.4660054e-001
 6.4733547e-001
 6.4806235e-001
 6.4878124e-001
 6.4949268e-001
 6.5019685e-001
 6.5089428e-001
 6.5158516e-001
 6.5226990e-001
 6.5294886e-001
 6.5362251e-001
 6.5429145e-001
 6.5495622e-001
 6.5561736e-001
 6.5627557e-001
 6.5693122e-001
 6.5758502e-001
 6.5823716e-001
 6.5888798e-001
 6.5953779e-001
 6.6018659e-001
 6.6083419e-001
 6.6148043e-001
 6.6212445e-001
 6.6276538e-001
 6.6340190e-001
 6.6403252e-001
 6.6465604e-001
 6.6527104e-001
 6.6587687e-001
 6.6647291e-001
 6.6705900e-001
 6.6763544e-001
 6.6820246e-001
 6.6876060e-001
 6.6931027e-001
 6.6985184e-001
 6.7038614e-001
 6.7091370e-001
 6.7143565e-001
 6.7195290e-001
 6.7246670e-001
 6.7297804e-001
 6.7348766e-001
 6.7399603e-001
 6.7450291e-001
 6.7500764e-001
 6.7550921e-001
 6.7600632e-001
 6.7649740e-001
 6.7698151e-001
 6.7745757e-001
 6.7792553e-001
 6.7838550e-001
 6.7883849e-001
 6.7928582e-001
 6.7972893e-001
 6.8016928e-001
 6.8060809e-001
 6.8104583e-001
 6.8148267e-001
 6.8191808e-001
 6.8235129e-001
 6.8278092e-001
 6.8320584e-001
 6.8362504e-001
 6.8403798e-001
 6.8444490e-001
 6.8484670e-001
 6.8524492e-001
 6.8564194e-001
 6.8604040e-001
 6.8644279e-001
 6.8685174e-001
 6.8726879e-001
 6.8769509e-001
 6.8813038e-001
 6.8857342e-001
 6.8902206e-001
 6.8947309e-001
 6.8992299e-001
 6.9036818e-001
 6.9080520e-001
 6.9123167e-001
 6.9164598e-001
 6.9204754e-001
 6.9243646e-001
 6.9281334e-001
 6.9317913e-001
 6.9353449e-001
 6.9388014e-001
 6.9421637e-001
 6.9454336e-001
 6.9486123e-001
 6.9517022e-001
 6.9547045e-001
 6.9576234e-001
 6.9604605e-001
 6.9632196e-001
 6.9659024e-001
 6.9685090e-001
 6.9710416e-001
 6.9735003e-001
 6.9758886e-001
 6.9782102e-001
 6.9804680e-001
 6.9826669e-001
 6.9848096e-001
 6.9868982e-001
 6.9889331e-001
 6.9909161e-001
 6.9928509e-001
 6.9947451e-001
 6.9966114e-001
 6.9984639e-001
 7.0003211e-001
 7.0021987e-001
 7.0041084e-001
 7.0060557e-001
 7.0080388e-001
 7.0100451e-001
 7.0120567e-001
 7.0140511e-001
 7.0160031e-001
 7.0178890e-001
 7.0196885e-001
 7.0213878e-001
 7.0229799e-001
 7.0244664e-001
 7.0258594e-001
 7.0271778e-001
 7.0284480e-001
 7.0297021e-001
 7.0309722e-001
 7.0322895e-001
 7.0336813e-001
 7.0351672e-001
 7.0367575e-001
 7.0384532e-001
 7.0402473e-001
 7.0421213e-001
 7.0440519e-001
 7.0460087e-001
 7.0479560e-001
 7.0498586e-001
 7.0516813e-001
 7.0533925e-001
 7.0549697e-001
 7.0564008e-001
 7.0576864e-001
 7.0588398e-001
 7.0598882e-001
 7.0608681e-001
 7.0618206e-001
 7.0627886e-001
 7.0638096e-001
 7.0649117e-001
 7.0661104e-001
 7.0674092e-001
 7.0687973e-001
 7.0702565e-001
 7.0717609e-001
 7.0732880e-001
 7.0748186e-001
 7.0763427e-001
 7.0778573e-001
 7.0793658e-001
 7.0808750e-001
 7.0823890e-001
 7.0839083e-001
 7.0854264e-001
 7.0869291e-001
 7.0883995e-001
 7.0898205e-001
 7.0911789e-001
 7.0924693e-001
 7.0936984e-001
 7.0948839e-001
 7.0960563e-001
 7.0972562e-001
 7.0985293e-001
 7.0999229e-001
 7.1013808e-001
 7.1031189e-001
 7.1050692e-001
 7.1072239e-001
 7.1095544e-001
 7.1120149e-001
 7.1145493e-001
 7.1170950e-001
 7.1195948e-001
 7.1219987e-001
 7.1242708e-001
 7.1263880e-001
 7.1283424e-001
 7.1301377e-001
 7.1317852e-001
 7.1333033e-001
 7.1347123e-001
 7.1360296e-001
 7.1372700e-001
 7.1384418e-001
 7.1395493e-001
 7.1405941e-001
 7.1415764e-001
 7.1424967e-001
 7.1433604e-001
 7.1441716e-001
 7.1449381e-001
 7.1456671e-001
 7.1463639e-001
 7.1470344e-001
 7.1476817e-001
 7.1483088e-001
 7.1489167e-001
 7.1495038e-001
 7.1500641e-001
 7.1505880e-001
 7.1510619e-001
 7.1514755e-001
 7.1518201e-001
 7.1520972e-001
 7.1523178e-001
 7.1525013e-001
 7.1526730e-001
 7.1528560e-001
 7.1530706e-001
 7.1533275e-001
 7.1536297e-001
 7.1539730e-001
 7.1543485e-001
 7.1547437e-001
 7.1551454e-001
 7.1555388e-001
 7.1559101e-001
 7.1562469e-001
 7.1565402e-001
 7.1567893e-001
 7.1570015e-001
 7.1571952e-001
 7.1573991e-001
 7.1576500e-001
 7.1579868e-001
 7.1584457e-001
 7.1590549e-001
 7.1598274e-001
 7.1607566e-001
 7.1618140e-001
 7.1629477e-001
 7.1640885e-001
 7.1651530e-001
 7.1660572e-001
 7.1667254e-001
 7.1671009e-001
 7.1671546e-001
 7.1668881e-001
 7.1663332e-001
 7.1655458e-001
 7.1645987e-001
 7.1635705e-001
 7.1625376e-001
 7.1615636e-001
 7.1606952e-001
 7.1599561e-001
 7.1593463e-001
 7.1588457e-001
 7.1584153e-001
 7.1580064e-001
 7.1575683e-001
 7.1570551e-001
 7.1564341e-001
 7.1556920e-001
 7.1548337e-001
 7.1538806e-001
 7.1528649e-001
 7.1518254e-001
 7.1507937e-001
 7.1497929e-001
 7.1488333e-001
 7.1479100e-001
 7.1470064e-001
 7.1460956e-001
 7.1451491e-001
 7.1441370e-001
 7.1430349e-001
 7.1418285e-001
 7.1405125e-001
 7.1390933e-001
 7.1375883e-001
 7.1360266e-001
 7.1344429e-001
 7.1328795e-001
 7.1313798e-001
 7.1299869e-001
 7.1287370e-001
 7.1276587e-001
 7.1267653e-001
 7.1260524e-001
 7.1254963e-001
 7.1250558e-001
 7.1246749e-001
 7.1242934e-001
 7.1238512e-001
 7.1233010e-001
 7.1226120e-001
 7.1217752e-001
 7.1208042e-001
 7.1197295e-001
 7.1185976e-001
 7.1174622e-001
 7.1163785e-001
 7.1153998e-001
 7.1145689e-001
 7.1139193e-001
 7.1134692e-001
 7.1132207e-001
 7.1131605e-001
 7.1132618e-001
 7.1134889e-001
 7.1137995e-001
 7.1141559e-001
 7.1145254e-001
 7.1148872e-001
 7.1152312e-001
 7.1155560e-001
 7.1158671e-001
 7.1161705e-001
 7.1164680e-001
 7.1167594e-001
 7.1170384e-001
 7.1172959e-001
 7.1175230e-001
 7.1177149e-001
 7.1178693e-001
 7.1179909e-001
 7.1180874e-001
 7.1181691e-001
 7.1182460e-001
 7.1183258e-001
 7.1184105e-001
 7.1184969e-001
 7.1185791e-001
 7.1186507e-001
 7.1187061e-001
 7.1187484e-001
 7.1187854e-001
 7.1188307e-001
 7.1189010e-001
 7.1190107e-001
 7.1191651e-001
 7.1193606e-001
 7.1195829e-001
 7.1198118e-001
 7.1200246e-001
 7.1202022e-001
 7.1203357e-001
 7.1204257e-001
 7.1204841e-001
 7.1205270e-001
 7.1205711e-001
 7.1206295e-001
 7.1207082e-001
 7.1208048e-001
 7.1209133e-001
 7.1210253e-001
 7.1211356e-001
 7.1212465e-001
 7.1213669e-001
 7.1215141e-001
 7.1217102e-001
 7.1219778e-001
 7.1223372e-001
 7.1228021e-001
 7.1233791e-001
 7.1240652e-001
 7.1248513e-001
 7.1257252e-001
 7.1266729e-001
 7.1276820e-001
 7.1287447e-001
 7.1298569e-001
 7.1310169e-001
 7.1322227e-001
 7.1334720e-001
 7.1347564e-001
 7.1360648e-001
 7.1373844e-001
 7.1387011e-001
 7.1400034e-001
 7.1412855e-001
 7.1425480e-001
 7.1437937e-001
 7.1450341e-001
 7.1462798e-001
 7.1475428e-001
 7.1488351e-001
 7.1501666e-001
 7.1515429e-001
 7.1529657e-001
 7.1544325e-001
 7.1559340e-001
 7.1574545e-001
 7.1589726e-001
 7.1604669e-001
 7.1619141e-001
 7.1632951e-001
 7.1645987e-001
 7.1658188e-001
 7.1669573e-001
 7.1680212e-001
 7.1690208e-001
 7.1699685e-001
 7.1708810e-001
 7.1717775e-001
 7.1726805e-001
 7.1736151e-001
 7.1746051e-001
 7.1756691e-001
 7.1768177e-001
 7.1780539e-001
 7.1793729e-001
 7.1807647e-001
 7.1822178e-001
 7.1837193e-001
 7.1852535e-001
 7.1868020e-001
 7.1883380e-001
 7.1898311e-001
 7.1912456e-001
 7.1925479e-001
 7.1937120e-001
 7.1947223e-001
 7.1955794e-001
 7.1962982e-001
 7.1969068e-001
 7.1974427e-001
 7.1979505e-001
 7.1984744e-001
 7.1990561e-001
 7.1997291e-001
 7.2005147e-001
 7.2014195e-001
 7.2024369e-001
 7.2035456e-001
 7.2047144e-001
 7.2059077e-001
 7.2070867e-001
 7.2082180e-001
 7.2092783e-001
 7.2102559e-001
 7.2111529e-001
 7.2119874e-001
 7.2127867e-001
 7.2135860e-001
 7.2144198e-001
 7.2153151e-001
 7.2162879e-001
 7.2173381e-001
 7.2184497e-001
 7.2195953e-001
 7.2207391e-001
 7.2218466e-001
 7.2228909e-001
 7.2238582e-001
 7.2247541e-001
 7.2256023e-001
 7.2264397e-001
 7.2273093e-001
 7.2282523e-001
 7.2293001e-001
 7.2304648e-001
 7.2317410e-001
 7.2331047e-001
 7.2345179e-001
 7.2359365e-001
 7.2373188e-001
 7.2386283e-001
 7.2398412e-001
 7.2409445e-001
 7.2419393e-001
 7.2428316e-001
 7.2436351e-001
 7.2443628e-001
 7.2450250e-001
 7.2456324e-001
 7.2461915e-001
 7.2467113e-001
 7.2472042e-001
 7.2476894e-001
 7.2481936e-001
 7.2487468e-001
 7.2493774e-001
 7.2501045e-001
 7.2509313e-001
 7.2518396e-001
 7.2527933e-001
 7.2537369e-001
 7.2546107e-001
 7.2553575e-001
 7.2559327e-001
 7.2563142e-001
 7.2564995e-001
 7.2565091e-001
 7.2563767e-001
 7.2561425e-001
 7.2558457e-001
 7.2555196e-001
 7.2551870e-001
 7.2548604e-001
 7.2545427e-001
 7.2542322e-001
 7.2539222e-001
 7.2536069e-001
 7.2532797e-001
 7.2529382e-001
 7.2525787e-001
 7.2522026e-001
 7.2518098e-001
 7.2513998e-001
 7.2509730e-001
 7.2505289e-001
 7.2500682e-001
 7.2495931e-001
 7.2491109e-001
 7.2486299e-001
 7.2481620e-001
 7.2477174e-001
 7.2473001e-001
 7.2469068e-001
 7.2465259e-001
 7.2461373e-001
 7.2457206e-001
 7.2452605e-001
 7.2447497e-001
 7.2441947e-001
 7.2436142e-001
 7.2430331e-001
 7.2424805e-001
 7.2419786e-001
 7.2415429e-001
 7.2411782e-001
 7.2408801e-001
 7.2406375e-001
 7.2404361e-001
 7.2402591e-001
 7.2400892e-001
 7.2399086e-001
 7.2396976e-001
 7.2394371e-001
 7.2391093e-001
 7.2386980e-001
 7.2381979e-001
 7.2376132e-001
 7.2369587e-001
 7.2362608e-001
 7.2355491e-001
 7.2348529e-001
 7.2341907e-001
 7.2335696e-001
 7.2329843e-001
 7.2324193e-001
 7.2318560e-001
 7.2312784e-001
 7.2306806e-001
 7.2300661e-001
 7.2294486e-001
 7.2288495e-001
 7.2282928e-001
 7.2278011e-001
 7.2273910e-001
 7.2270727e-001
 7.2268492e-001
 7.2267139e-001
 7.2266579e-001
 7.2266668e-001
 7.2267252e-001
 7.2268206e-001
 7.2269422e-001
 7.2270834e-001
 7.2272432e-001
 7.2274232e-001
 7.2276288e-001
 7.2278661e-001
 7.2281426e-001
 7.2284615e-001
 7.2288245e-001
 7.2292268e-001
 7.2296584e-001
 7.2301030e-001
 7.2305363e-001
 7.2309315e-001
 7.2312587e-001
 7.2314876e-001
 7.2315913e-001
 7.2315484e-001
 7.2313416e-001
 7.2309589e-001
 7.2303963e-001
 7.2296596e-001
 7.2287661e-001
 7.2277474e-001
 7.2266519e-001
 7.2255397e-001
 7.2244793e-001
 7.2235405e-001
 7.2227854e-001
 7.2222614e-001
 7.2219986e-001
 7.2220093e-001
 7.2222883e-001
 7.2228169e-001
 7.2235674e-001
 7.2245020e-001
 7.2255760e-001
 7.2267359e-001
 7.2279233e-001
 7.2290760e-001
 7.2301412e-001
 7.2310776e-001
 7.2318673e-001
 7.2325188e-001
 7.2330642e-001
 7.2335541e-001
 7.2340471e-001
 7.2345954e-001
 7.2352391e-001
 7.2359937e-001
 7.2368515e-001
 7.2377795e-001
 7.2387296e-001
 7.2396445e-001
 7.2404665e-001
 7.2411495e-001
 7.2416663e-001
 7.2420132e-001
 7.2422093e-001
 7.2422940e-001
 7.2423208e-001
 7.2423476e-001
 7.2424287e-001
 7.2426087e-001
 7.2429186e-001
 7.2433746e-001
 7.2439754e-001
 7.2447056e-001
 7.2455400e-001
 7.2464460e-001
 7.2473878e-001
 7.2483325e-001
 7.2492522e-001
 7.2501266e-001
 7.2509426e-001
 7.2516942e-001
 7.2523820e-001
 7.2530121e-001
 7.2536004e-001
 7.2541696e-001
 7.2547519e-001
 7.2553849e-001
 7.2561014e-001
 7.2569239e-001
 7.2578549e-001
 7.2588724e-001
 7.2599304e-001
 7.2609657e-001
 7.2619063e-001
 7.2626847e-001
 7.2632462e-001
 7.2635555e-001
 7.2636020e-001
 7.2633982e-001
 7.2629809e-001
 7.2624063e-001
 7.2617471e-001
 7.2610849e-001
 7.2605056e-001
 7.2600859e-001
 7.2598910e-001
 7.2599638e-001
 7.2603220e-001
 7.2609597e-001
 7.2618532e-001
 7.2629666e-001
 7.2642601e-001
 7.2656983e-001
 7.2672552e-001
 7.2689116e-001
 7.2706497e-001
 7.2724521e-001
 7.2742885e-001
 7.2761154e-001
 7.2778785e-001
 7.2795182e-001
 7.2809792e-001
 7.2822249e-001
 7.2832465e-001
 7.2840637e-001
 7.2847241e-001
 7.2852927e-001
 7.2858417e-001
 7.2864354e-001
 7.2871208e-001
 7.2879237e-001
 7.2888434e-001
 7.2898585e-001
 7.2909325e-001
 7.2920245e-001
 7.2930932e-001
 7.2941071e-001
 7.2950464e-001
 7.2959036e-001
 7.2966814e-001
 7.2973919e-001
 7.2980487e-001
 7.2986692e-001
 7.2992712e-001
 7.2998738e-001
 7.3004961e-001
 7.3011583e-001
 7.3018777e-001
 7.3026639e-001
 7.3035145e-001
 7.3044103e-001
 7.3053145e-001
 7.3061782e-001
 7.3069423e-001
 7.3075545e-001
 7.3079705e-001
 7.3081666e-001
 7.3081362e-001
 7.3078889e-001
 7.3074478e-001
 7.3068470e-001
 7.3061293e-001
 7.3053449e-001
 7.3045534e-001
 7.3038226e-001
 7.3032200e-001
 7.3028088e-001
 7.3026395e-001
 7.3027438e-001
 7.3031300e-001
 7.3037827e-001
 7.3046607e-001
 7.3057026e-001
 7.3068285e-001
 7.3079479e-001
 7.3089677e-001
 7.3098093e-001
 7.3104167e-001
 7.3107713e-001
 7.3108977e-001
 7.3108590e-001
 7.3107427e-001
 7.3106396e-001
 7.3106217e-001
 7.3107225e-001
 7.3109275e-001
 7.3111778e-001
 7.3113877e-001
 7.3114675e-001
 7.3113513e-001
 7.3110175e-001
 7.3104972e-001
 7.3098719e-001
 7.3092580e-001
 7.3087829e-001
 7.3085588e-001
 7.3086619e-001
 7.3091155e-001
 7.3098826e-001
 7.3108751e-001
 7.3119593e-001
 7.3129827e-001
 7.3137951e-001
 7.3142713e-001
 7.3143327e-001
 7.3139572e-001
 7.3131788e-001
 7.3120832e-001
 7.3107845e-001
 7.3094082e-001
 7.3080665e-001
 7.3068428e-001
 7.3057806e-001
 7.3048866e-001
 7.3041332e-001
 7.3034787e-001
 7.3028773e-001
 7.3022938e-001
 7.3017120e-001
 7.3011315e-001
 7.3005658e-001
 7.3000318e-001
 7.2995430e-001
 7.2991085e-001
 7.2987336e-001
 7.2984260e-001
 7.2981989e-001
 7.2980666e-001
 7.2980398e-001
 7.2981101e-001
 7.2982413e-001
 7.2983664e-001
 7.2983962e-001
 7.2982359e-001
 7.2978115e-001
 7.2970891e-001
 7.2960907e-001
 7.2948891e-001
 7.2935987e-001
 7.2923476e-001
 7.2912538e-001
 7.2904015e-001
 7.2898251e-001
 7.2895074e-001
 7.2893834e-001
 7.2893542e-001
 7.2893065e-001
 7.2891331e-001
 7.2887570e-001
 7.2881448e-001
 7.2873145e-001
 7.2863275e-001
 7.2852671e-001
 7.2842163e-001
 7.2832268e-001
 7.2823060e-001
 7.2814149e-001
 7.2804868e-001
 7.2794557e-001
 7.2782832e-001
 7.2769809e-001
 7.2756058e-001
 7.2742474e-001
 7.2729957e-001
 7.2719127e-001
 7.2710121e-001
 7.2702527e-001
 7.2695512e-001
 7.2688007e-001
 7.2678959e-001
 7.2667521e-001
 7.2653180e-001
 7.2635728e-001
 7.2615230e-001
 7.2591901e-001
 7.2566062e-001
 7.2538191e-001
 7.2508967e-001
 7.2479397e-001
 7.2450888e-001
 7.2425145e-001
 7.2403944e-001
 7.2388822e-001
 7.2380793e-001
 7.2380114e-001
 7.2386360e-001
 7.2398645e-001
 7.2415948e-001
 7.2437429e-001
 7.2462529e-001
 7.2490877e-001
 7.2521949e-001
 7.2554666e-001
 7.2587186e-001
 7.2616929e-001
 7.2640920e-001
 7.2656471e-001
 7.2661847e-001
 7.2656745e-001
 7.2642469e-001
 7.2621596e-001
 7.2597378e-001
 7.2573054e-001
 7.2551203e-001
 7.2533417e-001
 7.2520298e-001
 7.2511667e-001
 7.2506851e-001
 7.2504985e-001
-1.2300000e+034
