s07_ASD Record=15334: Dibenzothiophene SA-D32202   ASDHRa AREF
-1.2300000e+034
 2.5236046e-001
 2.7243641e-001
 2.9649284e-001
 3.2136458e-001
 3.4636340e-001
 3.7201712e-001
 3.9857489e-001
 4.2438591e-001
 4.4940862e-001
 4.7451526e-001
 4.9857077e-001
 5.2034062e-001
 5.4039168e-001
 5.5995691e-001
 5.7599527e-001
 5.9107184e-001
 6.0663682e-001
 6.2105584e-001
 6.3454729e-001
 6.4707208e-001
 6.5878439e-001
 6.6992259e-001
 6.8048328e-001
 6.9084555e-001
 7.0112002e-001
 7.1024358e-001
 7.1847963e-001
 7.2653753e-001
 7.3489809e-001
 7.4224293e-001
 7.4909204e-001
 7.5596732e-001
 7.6280415e-001
 7.6901060e-001
 7.7527905e-001
 7.8200322e-001
 7.8822064e-001
 7.9460567e-001
 8.0150163e-001
 8.0868196e-001
 8.1506103e-001
 8.2087636e-001
 8.2639730e-001
 8.3160824e-001
 8.3592027e-001
 8.3993566e-001
 8.4399003e-001
 8.4768099e-001
 8.5083610e-001
 8.5357791e-001
 8.5632700e-001
 8.5940129e-001
 8.6205202e-001
 8.6421275e-001
 8.6627936e-001
 8.6852062e-001
 8.7086409e-001
 8.7316841e-001
 8.7539536e-001
 8.7781674e-001
 8.8032925e-001
 8.8263655e-001
 8.8457584e-001
 8.8696319e-001
 8.8950527e-001
 8.9172053e-001
 8.9391768e-001
 8.9604861e-001
 8.9804965e-001
 8.9993382e-001
 9.0195888e-001
 9.0390921e-001
 9.0554452e-001
 9.0688658e-001
 9.0848303e-001
 9.1015112e-001
 9.1162395e-001
 9.1301811e-001
 9.1435850e-001
 9.1574931e-001
 9.1723192e-001
 9.1860056e-001
 9.1996056e-001
 9.2142367e-001
 9.2303723e-001
 9.2465878e-001
 9.2620075e-001
 9.2773277e-001
 9.2949098e-001
 9.3123299e-001
 9.3295383e-001
 9.3474966e-001
 9.3657190e-001
 9.3825710e-001
 9.3976969e-001
 9.4123709e-001
 9.4265443e-001
 9.4399500e-001
 9.4521356e-001
 9.4629663e-001
 9.4728529e-001
 9.4819617e-001
 9.4906026e-001
 9.4993639e-001
 9.5070809e-001
 9.5139974e-001
 9.5214665e-001
 9.5282048e-001
 9.5341545e-001
 9.5395774e-001
 9.5448560e-001
 9.5495850e-001
 9.5543009e-001
 9.5590943e-001
 9.5623285e-001
 9.5663780e-001
 9.5715201e-001
 9.5757645e-001
 9.5794576e-001
 9.5835412e-001
 9.5884174e-001
 9.5928454e-001
 9.5970708e-001
 9.6016783e-001
 9.6068847e-001
 9.6113127e-001
 9.6158171e-001
 9.6207374e-001
 9.6256953e-001
 9.6304709e-001
 9.6349531e-001
 9.6391839e-001
 9.6433276e-001
 9.6470821e-001
 9.6505970e-001
 9.6542197e-001
 9.6580374e-001
 9.6615356e-001
 9.6646684e-001
 9.6676469e-001
 9.6696508e-001
 9.6717936e-001
 9.6744323e-001
 9.6759409e-001
 9.6780944e-001
 9.6803772e-001
 9.6815783e-001
 9.6832669e-001
 9.6851891e-001
 9.6870333e-001
 9.6885729e-001
 9.6897644e-001
 9.6911716e-001
 9.6930927e-001
 9.6947157e-001
 9.6960104e-001
 9.6971500e-001
 9.6984762e-001
 9.6999216e-001
 9.7008282e-001
 9.7013533e-001
 9.7028232e-001
 9.7046685e-001
 9.7057694e-001
 9.7057575e-001
 9.7068077e-001
 9.7074020e-001
 9.7076929e-001
 9.7088790e-001
 9.7093105e-001
 9.7093683e-001
 9.7094613e-001
 9.7096872e-001
 9.7106516e-001
 9.7110957e-001
 9.7100472e-001
 9.7102290e-001
 9.7104770e-001
 9.7103232e-001
 9.7103465e-001
 9.7105980e-001
 9.7110397e-001
 9.7116637e-001
 9.7126609e-001
 9.7138005e-001
 9.7149092e-001
 9.7158045e-001
 9.7163057e-001
 9.7165471e-001
 9.7168618e-001
 9.7175354e-001
 9.7179818e-001
 9.7182107e-001
 9.7183305e-001
 9.7182477e-001
 9.7183067e-001
 9.7186744e-001
 9.7192538e-001
 9.7197270e-001
 9.7199541e-001
 9.7200191e-001
 9.7202611e-001
 9.7205776e-001
 9.7209668e-001
 9.7214091e-001
 9.7216815e-001
 9.7213387e-001
 9.7205997e-001
 9.7203952e-001
 9.7205245e-001
 9.7210401e-001
 9.7218299e-001
 9.7225171e-001
 9.7230244e-001
 9.7233820e-001
 9.7237825e-001
 9.7243881e-001
 9.7251046e-001
 9.7257143e-001
 9.7261488e-001
 9.7268939e-001
 9.7273850e-001
 9.7270745e-001
 9.7271109e-001
 9.7275406e-001
 9.7282857e-001
 9.7290683e-001
 9.7295868e-001
 9.7295791e-001
 9.7294170e-001
 9.7300690e-001
 9.7301859e-001
 9.7301185e-001
 9.7306043e-001
 9.7301608e-001
 9.7302413e-001
 9.7351640e-001
 9.7507268e-001
 9.7695565e-001
 9.7762311e-001
 9.7607666e-001
 9.7431016e-001
 9.7328728e-001
 9.7309929e-001
 9.7293073e-001
 9.7278261e-001
 9.7261101e-001
 9.7244722e-001
 9.7227263e-001
 9.7201967e-001
 9.7171992e-001
 9.7142631e-001
 9.7107899e-001
 9.7078466e-001
 9.7059101e-001
 9.7046191e-001
 9.7046572e-001
 9.7069681e-001
 9.7116882e-001
 9.7166646e-001
 9.7210318e-001
 9.7241789e-001
 9.7260958e-001
 9.7275764e-001
 9.7291142e-001
 9.7303486e-001
 9.7301704e-001
 9.7301602e-001
 9.7302920e-001
 9.7302365e-001
 9.7306848e-001
 9.7313082e-001
 9.7318333e-001
 9.7321552e-001
 9.7323990e-001
 9.7325623e-001
 9.7327024e-001
 9.7329688e-001
 9.7331262e-001
 9.7330374e-001
 9.7329330e-001
 9.7334176e-001
 9.7336090e-001
 9.7332776e-001
 9.7332299e-001
 9.7333109e-001
 9.7332561e-001
 9.7330278e-001
 9.7331434e-001
 9.7332352e-001
 9.7331327e-001
 9.7328222e-001
 9.7321826e-001
 9.7320437e-001
 9.7325325e-001
 9.7322953e-001
 9.7316891e-001
 9.7312480e-001
 9.7314358e-001
 9.7316068e-001
 9.7320789e-001
 9.7328246e-001
 9.7331893e-001
 9.7327358e-001
 9.7323841e-001
 9.7328925e-001
 9.7333890e-001
 9.7329879e-001
 9.7320539e-001
 9.7315729e-001
 9.7312409e-001
 9.7314459e-001
 9.7319472e-001
 9.7318822e-001
 9.7316581e-001
 9.7315633e-001
 9.7316289e-001
 9.7313088e-001
 9.7309375e-001
 9.7307891e-001
 9.7309190e-001
 9.7309107e-001
 9.7311658e-001
 9.7315502e-001
 9.7310525e-001
 9.7299623e-001
 9.7288036e-001
 9.7281730e-001
 9.7279459e-001
 9.7278607e-001
 9.7277671e-001
 9.7278255e-001
 9.7282386e-001
 9.7283542e-001
 9.7277272e-001
 9.7267723e-001
 9.7259378e-001
 9.7254896e-001
 9.7253883e-001
 9.7251880e-001
 9.7247970e-001
 9.7242123e-001
 9.7234756e-001
 9.7222006e-001
 9.7205281e-001
 9.7184652e-001
 9.7157180e-001
 9.7127068e-001
 9.7088790e-001
 9.7034550e-001
 9.6971244e-001
 9.6899503e-001
 9.6817005e-001
 9.6714926e-001
 9.6583694e-001
 9.6433020e-001
 9.6276301e-001
 9.6115059e-001
 9.5947826e-001
 9.5785236e-001
 9.5648921e-001
 9.5566267e-001
 9.5559007e-001
 9.5644140e-001
 9.5825702e-001
 9.6066719e-001
 9.6322727e-001
 9.6551532e-001
 9.6737480e-001
 9.6876854e-001
 9.6977520e-001
 9.7052294e-001
 9.7103584e-001
 9.7138804e-001
 9.7165871e-001
 9.7191149e-001
 9.7211164e-001
 9.7225875e-001
 9.7236073e-001
 9.7244680e-001
 9.7255701e-001
 9.7268015e-001
 9.7276187e-001
 9.7276092e-001
 9.7271574e-001
 9.7267061e-001
 9.7264874e-001
 9.7263312e-001
 9.7265351e-001
 9.7272211e-001
 9.7280514e-001
 9.7289103e-001
 9.7294188e-001
 9.7291553e-001
 9.7281921e-001
 9.7270185e-001
 9.7263104e-001
 9.7265512e-001
 9.7270161e-001
 9.7272134e-001
 9.7270590e-001
 9.7270250e-001
 9.7266227e-001
 9.7257042e-001
 9.7246230e-001
 9.7242498e-001
 9.7242928e-001
 9.7244054e-001
 9.7243208e-001
 9.7241908e-001
 9.7238225e-001
 9.7233641e-001
 9.7232044e-001
 9.7227979e-001
 9.7222024e-001
 9.7214490e-001
 9.7203773e-001
 9.7194457e-001
 9.7187185e-001
 9.7179925e-001
 9.7171187e-001
 9.7160912e-001
 9.7150075e-001
 9.7140318e-001
 9.7132099e-001
 9.7127229e-001
 9.7126043e-001
 9.7126424e-001
 9.7128642e-001
 9.7132474e-001
 9.7136265e-001
 9.7135705e-001
 9.7130418e-001
 9.7120833e-001
 9.7111470e-001
 9.7110373e-001
 9.7107679e-001
 9.7100556e-001
 9.7095245e-001
 9.7088009e-001
 9.7082007e-001
 9.7075945e-001
 9.7063369e-001
 9.7052956e-001
 9.7044295e-001
 9.7035098e-001
 9.7026360e-001
 9.7019356e-001
 9.7015584e-001
 9.7014952e-001
 9.7013903e-001
 9.7014308e-001
 9.7019082e-001
 9.7029638e-001
 9.7040391e-001
 9.7048956e-001
 9.7055525e-001
 9.7062999e-001
 9.7069710e-001
 9.7074646e-001
 9.7077543e-001
 9.7078091e-001
 9.7072119e-001
 9.7059965e-001
 9.7047091e-001
 9.7040468e-001
 9.7035605e-001
 9.7029990e-001
 9.7024357e-001
 9.7020519e-001
 9.7018182e-001
 9.7018462e-001
 9.7022796e-001
 9.7025830e-001
 9.7025037e-001
 9.7022033e-001
 9.7022241e-001
 9.7021013e-001
 9.7017437e-001
 9.7011107e-001
 9.7001982e-001
 9.6993262e-001
 9.6986330e-001
 9.6980250e-001
 9.6972317e-001
 9.6962249e-001
 9.6946818e-001
 9.6923721e-001
 9.6899641e-001
 9.6874410e-001
 9.6845621e-001
 9.6811998e-001
 9.6780145e-001
 9.6744549e-001
 9.6703744e-001
 9.6661651e-001
 9.6608216e-001
 9.6543872e-001
 9.6469730e-001
 9.6383250e-001
 9.6280164e-001
 9.6152669e-001
 9.5995432e-001
 9.5811158e-001
 9.5595652e-001
 9.5342296e-001
 9.5044082e-001
 9.4698370e-001
 9.4298261e-001
 9.3841314e-001
 9.3326890e-001
 9.2748445e-001
 9.2105383e-001
 9.1409284e-001
 9.0679044e-001
 8.9926857e-001
 8.9184707e-001
 8.8491732e-001
 8.7888682e-001
 8.7407225e-001
 8.7095869e-001
 8.6991805e-001
 8.7110835e-001
 8.7451530e-001
 8.7991607e-001
 8.8695383e-001
 8.9513916e-001
 9.0372396e-001
 9.1217983e-001
 9.2014605e-001
 9.2739284e-001
 9.3369609e-001
 9.3910319e-001
 9.4377571e-001
 9.4780737e-001
 9.5122921e-001
 9.5418078e-001
 9.5676506e-001
 9.5893574e-001
 9.6077961e-001
 9.6239442e-001
 9.6382141e-001
 9.6498668e-001
 9.6598798e-001
 9.6688724e-001
 9.6773034e-001
 9.6854043e-001
 9.6930319e-001
 9.6999526e-001
 9.7058201e-001
 9.7104681e-001
 9.7146618e-001
 9.7189194e-001
 9.7232103e-001
 9.7268808e-001
 9.7302783e-001
 9.7333437e-001
 9.7360373e-001
 9.7389436e-001
 9.7421646e-001
 9.7453791e-001
 9.7482032e-001
 9.7509074e-001
 9.7534627e-001
 9.7557169e-001
 9.7579557e-001
 9.7609788e-001
 9.7633302e-001
 9.7657168e-001
 9.7690344e-001
 9.7716463e-001
 9.7744626e-001
 9.7765708e-001
 9.7776437e-001
 9.7802889e-001
 9.7831190e-001
 9.7852916e-001
 9.7865176e-001
 9.7875112e-001
 9.7890228e-001
 9.7908366e-001
 9.7924531e-001
 9.7938633e-001
 9.7944438e-001
 9.7952235e-001
 9.7970241e-001
 9.7984624e-001
 9.7992092e-001
 9.7998583e-001
 9.8010492e-001
 9.8021519e-001
 9.8023850e-001
 9.8022848e-001
 9.8026836e-001
 9.8035681e-001
 9.8043925e-001
 9.8055023e-001
 9.8066515e-001
 9.8067755e-001
 9.8067409e-001
 9.8066598e-001
 9.8063356e-001
 9.8054957e-001
 9.8046428e-001
 9.8036420e-001
 9.8025882e-001
 9.8016512e-001
 9.8005086e-001
 9.7996891e-001
 9.7981346e-001
 9.7953433e-001
 9.7944480e-001
 9.7923976e-001
 9.7901684e-001
 9.7892684e-001
 9.7864205e-001
 9.7835869e-001
 9.7808701e-001
 9.7773963e-001
 9.7732544e-001
 9.7706461e-001
 9.7664535e-001
 9.7606510e-001
 9.7581041e-001
 9.7523713e-001
 9.7484630e-001
 9.7468966e-001
 9.7420859e-001
 9.7389531e-001
 9.7371179e-001
 9.7360510e-001
 9.7354615e-001
 9.7352457e-001
 9.7337091e-001
 9.7323096e-001
 9.7328979e-001
 9.7326058e-001
 9.7307813e-001
 9.7296673e-001
 9.7300935e-001
 9.7286141e-001
 9.7277701e-001
 9.7286671e-001
 9.7309291e-001
 9.7321647e-001
 9.7318912e-001
 9.7322679e-001
 9.7346014e-001
 9.7374094e-001
 9.7389930e-001
 9.7345012e-001
 9.7336733e-001
 9.7322655e-001
 9.7302675e-001
 9.7277069e-001
 9.7246569e-001
 9.7212261e-001
 9.7175527e-001
 9.7137886e-001
 9.7100836e-001
 9.7065699e-001
 9.7033525e-001
 9.7005123e-001
 9.6981138e-001
 9.6962130e-001
 9.6948647e-001
 9.6941245e-001
 9.6940434e-001
 9.6946657e-001
 9.6960217e-001
 9.6981287e-001
 9.7009814e-001
 9.7045559e-001
 9.7087973e-001
 9.7136194e-001
 9.7189045e-001
 9.7245044e-001
 9.7302532e-001
 9.7359765e-001
 9.7415072e-001
 9.7467047e-001
 9.7514576e-001
 9.7556961e-001
 9.7593862e-001
 9.7625196e-001
 9.7651076e-001
 9.7671616e-001
 9.7686934e-001
 9.7697091e-001
 9.7702152e-001
 9.7702229e-001
 9.7697556e-001
 9.7688538e-001
 9.7675771e-001
 9.7660112e-001
 9.7642660e-001
 9.7624767e-001
 9.7608018e-001
 9.7594076e-001
 9.7584558e-001
 9.7580862e-001
 9.7584009e-001
 9.7594583e-001
 9.7612685e-001
 9.7638017e-001
 9.7669905e-001
 9.7707379e-001
 9.7749215e-001
 9.7794050e-001
 9.7840357e-001
 9.7886568e-001
 9.7931063e-001
 9.7972250e-001
 9.8008662e-001
 9.8039049e-001
 9.8062444e-001
 9.8078239e-001
 9.8086202e-001
 9.8086447e-001
 9.8079413e-001
 9.8065764e-001
 9.8046333e-001
 9.8021984e-001
 9.7993517e-001
 9.7961557e-001
 9.7926491e-001
 9.7888446e-001
 9.7847372e-001
 9.7803009e-001
 9.7755021e-001
 9.7702980e-001
 9.7646409e-001
 9.7584844e-001
 9.7517806e-001
 9.7444874e-001
 9.7365654e-001
 9.7279704e-001
 9.7186536e-001
 9.7085565e-001
 9.6976048e-001
 9.6857232e-001
 9.6728295e-001
 9.6588480e-001
 9.6437132e-001
 9.6273613e-001
 9.6097440e-001
 9.5908087e-001
 9.5705098e-001
 9.5488036e-001
 9.5256335e-001
 9.5009518e-001
 9.4746912e-001
 9.4467819e-001
 9.4171363e-001
 9.3856227e-001
 9.3520796e-001
 9.3162674e-001
 9.2778838e-001
 9.2365557e-001
 9.1918260e-001
 9.1432130e-001
 9.0901935e-001
 9.0322679e-001
 8.9689767e-001
 8.8998890e-001
 8.8246584e-001
 8.7430084e-001
 8.6546987e-001
 8.5595924e-001
 8.4575707e-001
 8.3486128e-001
 8.2327682e-001
 8.1101155e-001
 7.9808730e-001
 7.8453028e-001
 7.7038485e-001
 7.5571501e-001
 7.4060458e-001
 7.2517675e-001
 7.0958531e-001
 6.9403136e-001
 6.7875856e-001
 6.6404563e-001
 6.5021187e-001
 6.3759196e-001
 6.2653124e-001
 6.1735886e-001
 6.1036247e-001
 6.0577184e-001
 6.0373586e-001
 6.0431015e-001
 6.0745364e-001
 6.1303288e-001
 6.2083071e-001
 6.3056332e-001
 6.4190477e-001
 6.5450037e-001
 6.6799754e-001
 6.8205374e-001
 6.9635439e-001
 7.1062773e-001
 7.2463781e-001
 7.3820013e-001
 7.5116909e-001
 7.6344073e-001
 7.7495301e-001
 7.8567111e-001
 7.9559326e-001
 8.0473596e-001
 8.1313330e-001
 8.2083428e-001
 8.2789171e-001
 8.3436549e-001
 8.4031391e-001
 8.4579408e-001
 8.5086250e-001
 8.5557008e-001
 8.5996413e-001
 8.6408943e-001
 8.6798447e-001
 8.7168550e-001
 8.7522274e-001
 8.7862176e-001
 8.8190383e-001
 8.8508338e-001
 8.8817054e-001
 8.9116937e-001
 8.9407909e-001
 8.9689618e-001
 8.9961302e-001
 9.0222126e-001
 9.0471107e-001
 9.0707320e-001
 9.0930080e-001
 9.1138905e-001
 9.1333759e-001
 9.1514981e-001
 9.1683358e-001
 9.1840142e-001
 9.1986877e-001
 9.2125332e-001
 9.2257422e-001
 9.2384958e-001
 9.2509615e-001
 9.2632681e-001
 9.2755002e-001
 9.2876893e-001
 9.2998040e-001
 9.3117589e-001
 9.3234211e-001
 9.3346238e-001
 9.3451941e-001
 9.3549609e-001
 9.3637842e-001
 9.3715638e-001
 9.3782532e-001
 9.3838662e-001
 9.3884730e-001
 9.3921959e-001
 9.3951970e-001
 9.3976665e-001
 9.3998116e-001
 9.4018376e-001
 9.4039446e-001
 9.4063115e-001
 9.4090921e-001
 9.4124097e-001
 9.4163525e-001
 9.4209737e-001
 9.4262946e-001
 9.4323063e-001
 9.4389766e-001
 9.4462520e-001
 9.4540608e-001
 9.4623226e-001
 9.4709396e-001
 9.4798124e-001
 9.4888347e-001
 9.4979042e-001
 9.5069271e-001
 9.5158201e-001
 9.5245147e-001
 9.5329535e-001
 9.5410913e-001
 9.5489001e-001
 9.5563608e-001
 9.5634687e-001
 9.5702302e-001
 9.5766568e-001
 9.5827663e-001
 9.5885730e-001
 9.5940888e-001
 9.5993227e-001
 9.6042836e-001
 9.6089816e-001
 9.6134317e-001
 9.6176517e-001
 9.6216655e-001
 9.6254927e-001
 9.6291542e-001
 9.6326673e-001
 9.6360445e-001
 9.6393013e-001
 9.6424502e-001
 9.6455073e-001
 9.6484846e-001
 9.6513879e-001
 9.6542150e-001
 9.6569443e-001
 9.6595412e-001
 9.6619552e-001
 9.6641272e-001
 9.6659958e-001
 9.6675032e-001
 9.6685976e-001
 9.6692359e-001
 9.6693826e-001
 9.6690094e-001
 9.6680963e-001
 9.6666330e-001
 9.6646219e-001
 9.6620792e-001
 9.6590358e-001
 9.6555358e-001
 9.6516311e-001
 9.6473724e-001
 9.6428031e-001
 9.6379507e-001
 9.6328199e-001
 9.6273869e-001
 9.6215910e-001
 9.6153432e-001
 9.6085203e-001
 9.6009815e-001
 9.5925778e-001
 9.5831662e-001
 9.5726353e-001
 9.5609111e-001
 9.5479798e-001
 9.5338893e-001
 9.5187402e-001
 9.5026875e-001
 9.4859201e-001
 9.4686401e-001
 9.4510591e-001
 9.4333738e-001
 9.4157690e-001
 9.3984145e-001
 9.3814552e-001
 9.3650335e-001
 9.3492663e-001
 9.3342572e-001
 9.3200749e-001
 9.3067354e-001
 9.2941999e-001
 9.2823505e-001
 9.2710060e-001
 9.2599261e-001
 9.2488337e-001
 9.2374510e-001
 9.2255193e-001
 9.2128384e-001
 9.1992849e-001
 9.1848224e-001
 9.1695178e-001
 9.1535348e-001
 9.1371143e-001
 9.1205722e-001
 9.1042572e-001
 9.0885311e-001
 9.0737355e-001
 9.0601486e-001
 9.0479696e-001
 9.0372741e-001
 9.0279990e-001
 9.0199238e-001
 9.0126622e-001
 9.0056825e-001
 8.9983308e-001
 8.9898968e-001
 8.9796770e-001
 8.9670509e-001
 8.9515656e-001
 8.9329785e-001
 8.9113009e-001
 8.8867939e-001
 8.8599288e-001
 8.8313597e-001
 8.8018572e-001
 8.7722397e-001
 8.7433535e-001
 8.7159997e-001
 8.6909240e-001
 8.6687768e-001
 8.6500734e-001
 8.6351866e-001
 8.6243069e-001
 8.6174428e-001
 8.6144084e-001
 8.6148340e-001
 8.6181891e-001
 8.6238176e-001
 8.6309725e-001
 8.6388624e-001
 8.6466968e-001
 8.6537176e-001
 8.6592370e-001
 8.6626554e-001
 8.6634898e-001
 8.6613971e-001
 8.6561978e-001
 8.6478949e-001
 8.6366892e-001
 8.6229777e-001
 8.6073238e-001
 8.5904235e-001
 8.5730380e-001
 8.5559136e-001
 8.5397232e-001
 8.5249919e-001
 8.5120767e-001
 8.5011506e-001
 8.4922171e-001
 8.4851521e-001
 8.4797442e-001
 8.4757465e-001
 8.4729195e-001
 8.4710681e-001
 8.4700739e-001
 8.4699106e-001
 8.4706467e-001
 8.4724283e-001
 8.4754431e-001
 8.4798664e-001
 8.4858048e-001
 8.4932303e-001
 8.5019332e-001
 8.5114992e-001
 8.5213071e-001
 8.5305691e-001
 8.5384041e-001
 8.5439175e-001
 8.5463119e-001
 8.5449743e-001
 8.5395521e-001
 8.5299891e-001
 8.5165375e-001
 8.4997129e-001
 8.4802479e-001
 8.4590060e-001
 8.4368896e-001
 8.4147799e-001
 8.3934504e-001
 8.3735496e-001
 8.3555728e-001
 8.3398581e-001
 8.3266151e-001
 8.3159256e-001
 8.3077741e-001
 8.3020604e-001
 8.2986122e-001
 8.2972050e-001
 8.2975769e-001
 8.2994515e-001
 8.3025575e-001
 8.3066583e-001
 8.3115667e-001
 8.3171588e-001
 8.3233804e-001
 8.3302289e-001
 8.3377445e-001
 8.3459747e-001
 8.3549571e-001
 8.3647001e-001
 8.3751678e-001
 8.3862901e-001
 8.3979571e-001
 8.4100318e-001
 8.4223586e-001
 8.4347552e-001
 8.4470218e-001
 8.4589320e-001
 8.4702414e-001
 8.4807110e-001
 8.4901178e-001
 8.4983003e-001
 8.5051829e-001
 8.5108107e-001
 8.5153675e-001
 8.5191667e-001
 8.5226309e-001
 8.5262424e-001
 8.5304815e-001
 8.5357606e-001
 8.5423607e-001
 8.5503882e-001
 8.5597616e-001
 8.5702103e-001
 8.5813200e-001
 8.5925728e-001
 8.6034131e-001
 8.6133152e-001
 8.6218262e-001
 8.6286187e-001
 8.6335111e-001
 8.6364847e-001
 8.6376846e-001
 8.6374044e-001
 8.6360705e-001
 8.6342120e-001
 8.6324269e-001
 8.6313319e-001
 8.6315137e-001
 8.6334598e-001
 8.6374998e-001
 8.6437446e-001
 8.6520535e-001
 8.6620188e-001
 8.6729914e-001
 8.6841452e-001
 8.6945522e-001
 8.7032992e-001
 8.7095803e-001
 8.7127948e-001
 8.7126112e-001
 8.7089926e-001
 8.7021911e-001
 8.6927038e-001
 8.6812067e-001
 8.6684626e-001
 8.6552471e-001
 8.6422604e-001
 8.6300802e-001
 8.6191243e-001
 8.6096406e-001
 8.6017376e-001
 8.5954154e-001
 8.5906267e-001
 8.5873371e-001
 8.5855716e-001
 8.5854548e-001
 8.5872227e-001
 8.5912073e-001
 8.5977954e-001
 8.6073714e-001
 8.6202466e-001
 8.6365950e-001
 8.6564082e-001
 8.6794591e-001
 8.7053281e-001
 8.7334138e-001
 8.7630016e-001
 8.7933427e-001
 8.8237017e-001
 8.8534516e-001
 8.8820928e-001
 8.9092946e-001
 8.9349020e-001
 8.9588934e-001
 8.9813626e-001
 9.0024430e-001
 9.0222675e-001
 9.0409279e-001
 9.0584344e-001
 9.0747184e-001
 9.0896529e-001
 9.1030681e-001
 9.1148019e-001
 9.1247249e-001
 9.1327763e-001
 9.1389853e-001
 9.1434735e-001
 9.1464567e-001
 9.1482300e-001
 9.1491485e-001
 9.1495979e-001
 9.1499627e-001
 9.1505903e-001
 9.1517580e-001
 9.1536421e-001
 9.1563052e-001
 9.1596884e-001
 9.1636282e-001
 9.1678840e-001
 9.1721761e-001
 9.1762328e-001
 9.1798228e-001
 9.1827887e-001
 9.1850591e-001
 9.1866446e-001
 9.1876227e-001
 9.1881144e-001
 9.1882533e-001
 9.1881585e-001
 9.1879183e-001
 9.1875744e-001
 9.1871226e-001
 9.1865236e-001
 9.1857147e-001
 9.1846311e-001
 9.1832221e-001
 9.1814679e-001
 9.1793865e-001
 9.1770363e-001
 9.1745138e-001
 9.1719407e-001
 9.1694564e-001
 9.1672057e-001
 9.1653246e-001
 9.1639322e-001
 9.1631186e-001
 9.1629344e-001
 9.1633832e-001
 9.1644204e-001
 9.1659516e-001
 9.1678435e-001
 9.1699296e-001
 9.1720212e-001
 9.1739202e-001
 9.1754264e-001
 9.1763455e-001
 9.1764981e-001
 9.1757232e-001
 9.1738838e-001
 9.1708648e-001
 9.1665691e-001
 9.1609114e-001
 9.1538119e-001
 9.1451859e-001
 9.1349477e-001
 9.1230112e-001
 9.1092932e-001
 9.0937352e-001
 9.0763056e-001
 9.0570205e-001
 9.0359485e-001
 9.0132004e-001
 8.9889288e-001
 8.9633065e-001
 8.9364827e-001
 8.9085740e-001
 8.8796067e-001
 8.8495064e-001
 8.8180739e-001
 8.7849629e-001
 8.7497193e-001
 8.7117779e-001
 8.6705470e-001
 8.6254698e-001
 8.5761011e-001
 8.5222429e-001
 8.4639806e-001
 8.4017819e-001
 8.3364815e-001
 8.2691991e-001
 8.2012904e-001
 8.1341320e-001
 8.0690187e-001
 8.0069900e-001
 7.9486948e-001
 7.8943866e-001
 7.8438610e-001
 7.7965462e-001
 7.7515537e-001
 7.7077401e-001
 7.6637989e-001
 7.6182723e-001
 7.5695318e-001
 7.5157958e-001
 7.4550766e-001
 7.3852605e-001
 7.3042089e-001
 7.2099257e-001
 7.1009225e-001
 6.9764638e-001
 6.8369937e-001
 6.6843611e-001
 6.5218657e-001
 6.3542974e-001
 6.1874557e-001
 6.0277683e-001
 5.8815515e-001
 5.7542557e-001
 5.6499499e-001
 5.5707574e-001
 5.5167782e-001
 5.4861611e-001
 5.4754943e-001
 5.4803938e-001
 5.4961151e-001
 5.5181384e-001
 5.5425787e-001
 5.5664277e-001
 5.5875570e-001
 5.6045991e-001
 5.6167179e-001
 5.6233418e-001
 5.6239361e-001
 5.6178051e-001
 5.6039792e-001
 5.5811417e-001
 5.5476469e-001
 5.5015612e-001
 5.4408133e-001
 5.3633767e-001
 5.2674699e-001
 5.1518875e-001
 5.0161564e-001
 4.8608291e-001
 4.6875751e-001
 4.4991273e-001
 4.2993426e-001
 4.0928388e-001
 3.8848865e-001
 3.6810109e-001
 3.4865633e-001
 3.3065134e-001
 3.1450576e-001
 3.0053189e-001
 2.8893241e-001
 2.7978238e-001
 2.7304572e-001
 2.6858485e-001
 2.6618257e-001
 2.6557067e-001
 2.6645404e-001
 2.6853657e-001
 2.7154180e-001
 2.7523223e-001
 2.7941966e-001
 2.8397676e-001
 2.8883731e-001
 2.9399544e-001
 2.9950055e-001
 3.0544066e-001
 3.1193161e-001
 3.1909391e-001
 3.2703644e-001
 3.3584386e-001
 3.4555951e-001
 3.5618094e-001
 3.6766273e-001
 3.7990925e-001
 3.9279062e-001
 4.0613958e-001
 4.1976371e-001
 4.3345955e-001
 4.4701144e-001
 4.6021500e-001
 4.7287652e-001
 4.8482791e-001
 4.9593869e-001
 5.0611144e-001
 5.1529461e-001
 5.2347285e-001
 5.3066778e-001
 5.3693467e-001
 5.4234993e-001
 5.4700905e-001
 5.5101317e-001
 5.5446357e-001
 5.5745494e-001
 5.6006885e-001
 5.6237340e-001
 5.6442612e-001
 5.6627667e-001
 5.6797510e-001
 5.6957644e-001
 5.7114440e-001
 5.7275224e-001
 5.7447630e-001
 5.7638931e-001
 5.7854724e-001
 5.8097804e-001
 5.8367324e-001
 5.8658135e-001
 5.8961284e-001
 5.9264827e-001
 5.9555662e-001
 5.9821802e-001
 6.0054296e-001
 6.0249233e-001
 6.0408592e-001
 6.0540318e-001
 6.0657382e-001
 6.0775810e-001
 6.0912430e-001
 6.1082214e-001
 6.1296022e-001
 6.1559093e-001
 6.1870104e-001
 6.2221366e-001
 6.2599993e-001
 6.2989163e-001
 6.3370407e-001
 6.3725221e-001
 6.4036930e-001
 6.4292127e-001
 6.4481360e-001
 6.4599776e-001
 6.4646989e-001
 6.4626843e-001
 6.4546734e-001
 6.4416736e-001
 6.4248466e-001
 6.4054006e-001
 6.3844806e-001
 6.3630670e-001
 6.3419348e-001
 6.3216174e-001
 6.3024396e-001
 6.2845618e-001
 6.2680399e-001
 6.2529099e-001
 6.2392390e-001
 6.2271553e-001
 6.2168652e-001
 6.2086189e-001
 6.2026805e-001
 6.1992842e-001
 6.1986029e-001
 6.2007493e-001
 6.2057883e-001
 6.2137651e-001
 6.2247264e-001
 6.2387335e-001
 6.2558371e-001
 6.2760502e-001
 6.2992865e-001
 6.3253194e-001
 6.3537669e-001
 6.3840652e-001
 6.4155257e-001
 6.4473629e-001
 6.4787680e-001
 6.5089911e-001
 6.5373743e-001
 6.5634251e-001
 6.5868181e-001
 6.6074115e-001
 6.6252446e-001
 6.6404963e-001
 6.6534609e-001
 6.6645175e-001
 6.6740823e-001
 6.6825891e-001
 6.6904587e-001
 6.6980880e-001
 6.7058468e-001
 6.7140681e-001
 6.7215723e-001
 6.7312866e-001
 6.7422938e-001
 6.7546761e-001
 6.7683423e-001
 6.7830038e-001
 6.7981452e-001
 6.8130398e-001
 6.8268055e-001
 6.8384773e-001
 6.8471372e-001
 6.8520403e-001
 6.8527472e-001
 6.8492168e-001
 6.8418491e-001
 6.8314755e-001
 6.8192714e-001
 6.8066412e-001
 6.7950374e-001
 6.7857933e-001
 6.7799580e-001
 6.7781800e-001
 6.7806584e-001
 6.7871642e-001
 6.7971158e-001
 6.8096954e-001
 6.8239713e-001
 6.8389928e-001
 6.8538797e-001
 6.8678826e-001
 6.8804598e-001
 6.8913609e-001
 6.9006675e-001
 6.9087976e-001
 6.9164109e-001
 6.9242752e-001
 6.9331127e-001
 6.9434667e-001
 6.9556165e-001
 6.9695556e-001
 6.9849861e-001
 7.0013666e-001
 7.0179582e-001
 7.0338917e-001
 7.0482540e-001
 7.0601612e-001
 7.0688635e-001
 7.0738298e-001
 7.0748270e-001
 7.0719707e-001
 7.0657188e-001
 7.0568150e-001
 7.0461798e-001
 7.0347768e-001
 7.0234710e-001
 7.0129341e-001
 7.0035684e-001
 6.9954920e-001
 6.9885480e-001
 6.9823569e-001
 6.9764066e-001
 6.9701564e-001
 6.9631618e-001
 6.9551724e-001
 6.9461960e-001
 6.9365269e-001
 6.9267297e-001
 6.9175655e-001
 6.9098985e-001
 6.9045520e-001
 6.9021803e-001
 6.9031483e-001
 6.9074798e-001
 6.9148713e-001
 6.9247723e-001
 6.9365013e-001
 6.9493771e-001
 6.9628274e-001
 6.9764489e-001
 6.9900393e-001
 7.0035672e-001
 7.0171249e-001
 7.0308650e-001
 7.0449233e-001
 7.0593739e-001
 7.0741892e-001
 7.0892400e-001
 7.1043253e-001
 7.1191978e-001
 7.1336114e-001
 7.1473610e-001
 7.1602917e-001
 7.1723157e-001
 7.1833968e-001
 7.1935362e-001
 7.2027564e-001
 7.2110832e-001
 7.2185510e-001
 7.2252011e-001
 7.2311032e-001
 7.2363603e-001
 7.2411042e-001
 7.2454768e-001
 7.2495914e-001
 7.2534937e-001
 7.2571343e-001
 7.2603512e-001
 7.2628909e-001
 7.2644436e-001
 7.2647005e-001
 7.2634286e-001
 7.2605395e-001
 7.2561526e-001
 7.2506285e-001
 7.2445476e-001
 7.2386438e-001
 7.2336936e-001
 7.2304022e-001
 7.2292960e-001
 7.2306699e-001
 7.2345740e-001
 7.2408408e-001
 7.2491354e-001
 7.2590178e-001
 7.2699958e-001
 7.2815788e-001
 7.2933102e-001
 7.3047954e-001
 7.3157191e-001
 7.3258436e-001
 7.3350120e-001
 7.3431385e-001
 7.3502082e-001
 7.3562765e-001
 7.3614579e-001
 7.3659164e-001
 7.3698473e-001
 7.3734558e-001
 7.3769522e-001
 7.3805398e-001
 7.3844194e-001
 7.3887795e-001
 7.3937833e-001
 7.3995489e-001
 7.4061316e-001
 7.4135184e-001
 7.4216390e-001
 7.4303752e-001
 7.4395883e-001
 7.4491239e-001
 7.4588144e-001
 7.4684811e-001
 7.4779153e-001
 7.4868828e-001
 7.4951178e-001
 7.5023293e-001
 7.5082123e-001
 7.5124532e-001
 7.5147551e-001
 7.5148582e-001
 7.5125790e-001
 7.5078356e-001
 7.5006735e-001
 7.4912769e-001
 7.4799544e-001
 7.4671263e-001
 7.4532759e-001
 7.4389035e-001
 7.4244714e-001
 7.4103492e-001
 7.3968011e-001
 7.3839718e-001
 7.3719186e-001
 7.3606384e-001
 7.3500979e-001
 7.3402762e-001
 7.3311746e-001
 7.3228472e-001
 7.3154068e-001
 7.3090231e-001
 7.3039144e-001
 7.3003066e-001
 7.2983938e-001
 7.2982854e-001
 7.2999674e-001
 7.3032844e-001
 7.3079401e-001
 7.3135167e-001
 7.3195189e-001
 7.3254263e-001
 7.3307437e-001
 7.3350394e-001
 7.3379648e-001
 7.3392433e-001
 7.3386544e-001
 7.3360211e-001
 7.3311996e-001
 7.3240858e-001
 7.3146194e-001
 7.3027778e-001
 7.2885799e-001
 7.2720498e-001
 7.2532231e-001
 7.2321087e-001
 7.2087014e-001
 7.1830326e-001
 7.1551788e-001
 7.1253210e-001
 7.0937544e-001
 7.0609051e-001
 7.0272523e-001
 6.9933110e-001
 6.9596201e-001
 6.9266754e-001
 6.8949395e-001
 6.8648672e-001
 6.8368542e-001
 6.8112677e-001
 6.7884165e-001
 6.7685616e-001
 6.7518598e-001
 6.7383766e-001
 6.7280900e-001
 6.7208910e-001
 6.7166197e-001
 6.7150915e-001
 6.7160994e-001
 6.7194211e-001
 6.7247933e-001
 6.7318970e-001
 6.7403352e-001
 6.7496264e-001
 6.7592078e-001
 6.7684668e-001
 6.7767793e-001
 6.7835480e-001
 6.7882723e-001
 6.7905897e-001
 6.7903161e-001
 6.7874652e-001
 6.7822337e-001
 6.7749619e-001
 6.7660838e-001
 6.7560601e-001
 6.7453289e-001
 6.7342800e-001
 6.7232192e-001
 6.7123663e-001
 6.7018664e-001
 6.6917795e-001
 6.6820997e-001
 6.6727686e-001
 6.6636562e-001
 6.6545719e-001
 6.6452485e-001
 6.6353542e-001
 6.6244847e-001
 6.6121912e-001
 6.5980232e-001
 6.5815693e-001
 6.5625429e-001
 6.5408891e-001
 6.5168482e-001
 6.4910305e-001
 6.4644128e-001
 6.4383006e-001
 6.4141697e-001
 6.3935220e-001
 6.3777131e-001
 6.3677520e-001
 6.3641888e-001
 6.3670403e-001
 6.3757813e-001
 6.3894099e-001
 6.4065629e-001
 6.4256400e-001
 6.4449829e-001
 6.4630133e-001
 6.4783531e-001
 6.4899385e-001
 6.4970559e-001
 6.4993304e-001
 6.4966917e-001
 6.4892977e-001
 6.4774764e-001
 6.4616603e-001
 6.4423430e-001
 6.4200330e-001
 6.3952309e-001
 6.3683534e-001
 6.3397157e-001
 6.3095355e-001
 6.2778920e-001
 6.2447584e-001
 6.2100482e-001
 6.1735898e-001
 6.1351883e-001
 6.0946417e-001
 6.0518247e-001
 6.0066718e-001
 5.9592402e-001
 5.9097743e-001
 5.8586621e-001
 5.8064801e-001
 5.7540441e-001
 5.7023209e-001
 5.6524426e-001
 5.6056780e-001
 5.5632788e-001
 5.5264133e-001
 5.4960126e-001
 5.4726589e-001
 5.4564351e-001
 5.4468870e-001
 5.4430401e-001
 5.4434711e-001
 5.4464686e-001
 5.4502153e-001
 5.4529780e-001
 5.4532534e-001
 5.4498607e-001
 5.4419613e-001
 5.4290062e-001
 5.4106480e-001
 5.3866512e-001
 5.3567725e-001
 5.3207022e-001
 5.2780527e-001
 5.2283108e-001
 5.1708788e-001
 5.1051736e-001
 5.0306159e-001
 4.9467623e-001
 4.8533615e-001
 4.7505423e-001
 4.6387613e-001
 4.5189029e-001
 4.3923509e-001
 4.2607090e-001
 4.1257003e-001
 3.9890534e-001
 3.8521090e-001
 3.7158266e-001
 3.5806909e-001
 3.4469163e-001
 3.3143955e-001
 3.1829786e-001
 3.0527502e-001
 2.9240084e-001
 2.7974889e-001
 2.6745209e-001
 2.5568381e-001
 2.4465665e-001
 2.3461032e-001
 2.2576915e-001
 2.1832445e-001
 2.1240570e-001
 2.0806903e-001
 2.0528328e-001
 2.0394173e-001
 2.0387760e-001
 2.0488632e-001
 2.0675597e-001
 2.0929305e-001
 2.1234877e-001
 2.1583210e-001
 2.1971454e-001
 2.2401869e-001
 2.2880660e-001
 2.3415388e-001
 2.4011932e-001
 2.4672800e-001
 2.5394884e-001
 2.6167795e-001
 2.6974833e-001
 2.7793515e-001
 2.8597000e-001
 2.9358038e-001
 3.0051240e-001
 3.0656135e-001
 3.1158400e-001
 3.1551328e-001
 3.1834686e-001
 3.2013223e-001
 3.2095477e-001
 3.2092118e-001
 3.2015249e-001
 3.1878161e-001
 3.1695464e-001
 3.1483316e-001
 3.1259692e-001
 3.1043777e-001
 3.0855280e-001
 3.0713224e-001
 3.0633923e-001
 3.0629295e-001
 3.0705178e-001
 3.0860370e-001
 3.1086752e-001
 3.1370586e-001
 3.1694493e-001
 3.2040668e-001
 3.2393634e-001
 3.2742417e-001
 3.3082610e-001
 3.3416367e-001
 3.3751017e-001
 3.4097105e-001
 3.4464952e-001
 3.4861070e-001
 3.5285988e-001
 3.5732466e-001
 3.6185914e-001
 3.6625886e-001
 3.7030113e-001
 3.7378302e-001
 3.7655905e-001
 3.7857565e-001
 3.7988022e-001
 3.8061428e-001
 3.8099277e-001
 3.8127008e-001
 3.8170546e-001
 3.8253129e-001
 3.8393185e-001
 3.8603362e-001
 3.8890505e-001
 3.9256907e-001
 3.9701471e-001
 4.0220267e-001
 4.0807536e-001
 4.1455236e-001
 4.2151934e-001
 4.2883277e-001
 4.3631372e-001
 4.4375816e-001
 4.5094475e-001
 4.5766583e-001
 4.6374333e-001
 4.6904472e-001
 4.7350475e-001
 4.7712535e-001
 4.7996938e-001
 4.8215377e-001
 4.8382756e-001
 4.8515269e-001
 4.8628211e-001
 4.8734426e-001
 4.8842901e-001
 4.8958007e-001
 4.9079582e-001
 4.9203461e-001
 4.9322543e-001
 4.9428535e-001
 4.9513581e-001
 4.9571794e-001
 4.9600476e-001
 4.9600533e-001
 4.9576303e-001
 4.9534813e-001
 4.9484521e-001
 4.9433890e-001
 4.9389943e-001
 4.9356872e-001
 4.9335024e-001
 4.9320298e-001
 4.9303952e-001
 4.9273083e-001
 4.9211594e-001
 4.9101758e-001
 4.8925802e-001
 4.8667482e-001
 4.8313606e-001
 4.7854501e-001
 4.7284552e-001
 4.6603006e-001
 4.5813346e-001
 4.4923899e-001
 4.3949065e-001
 4.2908612e-001
 4.1829032e-001
 4.0743178e-001
 3.9690647e-001
 3.8714501e-001
 3.7859282e-001
 3.7167752e-001
 3.6675349e-001
 3.6406729e-001
 3.6372221e-001
 3.6565232e-001
 3.6962181e-001
 3.7524179e-001
 3.8199994e-001
 3.8931918e-001
 3.9661303e-001
 4.0333998e-001
 4.0906772e-001
 4.1350710e-001
 4.1653076e-001
 4.1817713e-001
 4.1862059e-001
 4.1812915e-001
 4.1701230e-001
 4.1556957e-001
 4.1405073e-001
 4.1263458e-001
 4.1142190e-001
 4.1044620e-001
 4.0969375e-001
 4.0912458e-001
 4.0869415e-001
 4.0836704e-001
 4.0812108e-001
 4.0794468e-001
 4.0782860e-001
 4.0775770e-001
 4.0770575e-001
 4.0763429e-001
 4.0749529e-001
 4.0723559e-001
 4.0680152e-001
 4.0614322e-001
 4.0521652e-001
 4.0398416e-001
 4.0241590e-001
 4.0049154e-001
 3.9820340e-001
 3.9556590e-001
 3.9263028e-001
 3.8949454e-001
 3.8631484e-001
 3.8330832e-001
 3.8073534e-001
 3.7887460e-001
 3.7798655e-001
 3.7827036e-001
 3.7983128e-001
 3.8265920e-001
 3.8662118e-001
 3.9147943e-001
 3.9692098e-001
 4.0259463e-001
 4.0816453e-001
 4.1334608e-001
 4.1792917e-001
 4.2179477e-001
 4.2490229e-001
 4.2727131e-001
 4.2895421e-001
 4.3001541e-001
 4.3051067e-001
 4.3047720e-001
 4.2993188e-001
 4.2887354e-001
 4.2729121e-001
 4.2517036e-001
 4.2250085e-001
 4.1928583e-001
 4.1554216e-001
 4.1130406e-001
 4.0662020e-001
 4.0155649e-001
 3.9618880e-001
 3.9060786e-001
 3.8492587e-001
 3.7926817e-001
 3.7377235e-001
 3.6858243e-001
 3.6382774e-001
 3.5961491e-001
 3.5601392e-001
 3.5305330e-001
 3.5071209e-001
 3.4892547e-001
 3.4759218e-001
 3.4658182e-001
 3.4574765e-001
 3.4493881e-001
 3.4401274e-001
 3.4285054e-001
 3.4137356e-001
 3.3955514e-001
 3.3742896e-001
 3.3508688e-001
 3.3267015e-001
 3.3034784e-001
 3.2829806e-001
 3.2669091e-001
 3.2567123e-001
 3.2535034e-001
 3.2579783e-001
 3.2703477e-001
 3.2903033e-001
 3.3170307e-001
 3.3492398e-001
 3.3853132e-001
 3.4234279e-001
 3.4616730e-001
 3.4982419e-001
 3.5315174e-001
 3.5601223e-001
 3.5829988e-001
 3.5993651e-001
 3.6086643e-001
 3.6105204e-001
 3.6046311e-001
 3.5906601e-001
 3.5681403e-001
 3.5363749e-001
 3.4944263e-001
 3.4412253e-001
 3.3756489e-001
 3.2966986e-001
 3.2037294e-001
 3.0964792e-001
 2.9752788e-001
 2.8411320e-001
 2.6959604e-001
 2.5424790e-001
 2.3842743e-001
 2.2258243e-001
 2.0720725e-001
 1.9282599e-001
 1.7996575e-001
 1.6909401e-001
 1.6058744e-001
 1.5469663e-001
 1.5150574e-001
 1.5093024e-001
 1.5272391e-001
 1.5650307e-001
 1.6178915e-001
 1.6805498e-001
 1.7476408e-001
 1.8141900e-001
 1.8758710e-001
 1.9291691e-001
 1.9715931e-001
 2.0016567e-001
 2.0188724e-001
 2.0236525e-001
 2.0172086e-001
 2.0013890e-001
 1.9785655e-001
 1.9514757e-001
 1.9230720e-001
 1.8963419e-001
 1.8740100e-001
 1.8582849e-001
 1.8505880e-001
 1.8513574e-001
 1.8599324e-001
 1.8745843e-001
 1.8926568e-001
 1.9108960e-001
 1.9258586e-001
 1.9343610e-001
 1.9339105e-001
 1.9229822e-001
 1.9012050e-001
 1.8694033e-001
 1.8295538e-001
 1.7846072e-001
 1.7382349e-001
 1.6943698e-001
 1.6568172e-001
 1.6289213e-001
 1.6132694e-001
 1.6116120e-001
 1.6248164e-001
 1.6528824e-001
 1.6950090e-001
 1.7497212e-001
 1.8149848e-001
 1.8884784e-001
 1.9677356e-001
 2.0502025e-001
 2.1334362e-001
 2.2151324e-001
 2.2931750e-001
 2.3658784e-001
 2.4320346e-001
 2.4909535e-001
 2.5426072e-001
 2.5875720e-001
 2.6269847e-001
 2.6623213e-001
 2.6951778e-001
 2.7269536e-001
 2.7586234e-001
 2.7906719e-001
 2.8230113e-001
 2.8549308e-001
 2.8852239e-001
 2.9124424e-001
 2.9353642e-001
 2.9533774e-001
 2.9666349e-001
 2.9758462e-001
-1.2300000e+034
