s07_ASD Record=12210: Zircon WS522                  BECKa AREF
 2.1416281e-001
 2.1524878e-001
 2.1635748e-001
 2.1745566e-001
 2.1851701e-001
 2.1952942e-001
 2.2049516e-001
 2.2142453e-001
 2.2232871e-001
 2.2321419e-001
 2.2408152e-001
 2.2492713e-001
 2.2574678e-001
 2.2653896e-001
 2.2730906e-001
 2.2807123e-001
 2.2884412e-001
 2.2964349e-001
 2.3047575e-001
 2.3133565e-001
 2.3220856e-001
 2.3307690e-001
 2.3392791e-001
 2.3475760e-001
 2.3557076e-001
 2.3637740e-001
 2.3718722e-001
 2.3800193e-001
 2.3881201e-001
 2.3960175e-001
 2.4035791e-001
 2.4107639e-001
 2.4176194e-001
 2.4242535e-001
 2.4308160e-001
 2.4374276e-001
 2.4441291e-001
 2.4509013e-001
 2.4577284e-001
 2.4646455e-001
 2.4717396e-001
 2.4790974e-001
 2.4867418e-001
 2.4946031e-001
 2.5025320e-001
 2.5103503e-001
 2.5178957e-001
 2.5250608e-001
 2.5318131e-001
 2.5382099e-001
 2.5443897e-001
 2.5505358e-001
 2.5568166e-001
 2.5633323e-001
 2.5701052e-001
 2.5771210e-001
 2.5843868e-001
 2.5919515e-001
 2.5998861e-001
 2.6082924e-001
 2.6171035e-001
 2.6260152e-001
 2.6348415e-001
 2.6433930e-001
 2.6513907e-001
 2.6587215e-001
 2.6655176e-001
 2.6720425e-001
 2.6786333e-001
 2.6856479e-001
 2.6933518e-001
 2.7018148e-001
 2.7109265e-001
 2.7204853e-001
 2.7302822e-001
 2.7401376e-001
 2.7498868e-001
 2.7593714e-001
 2.7684602e-001
 2.7771145e-001
 2.7854452e-001
 2.7937186e-001
 2.8022999e-001
 2.8115466e-001
 2.8217089e-001
 2.8328604e-001
 2.8448787e-001
 2.8574833e-001
 2.8702980e-001
 2.8829390e-001
 2.8950885e-001
 2.9065546e-001
 2.9172876e-001
 2.9273614e-001
 2.9369274e-001
 2.9461575e-001
 2.9552114e-001
 2.9642218e-001
 2.9733071e-001
 2.9825768e-001
 2.9921135e-001
 3.0019277e-001
 3.0119410e-001
 3.0220097e-001
 3.0319625e-001
 3.0416402e-001
 3.0509007e-001
 3.0596402e-001
 3.0678529e-001
 3.0756807e-001
 3.0833629e-001
 3.0910769e-001
 3.0988067e-001
 3.1063539e-001
 3.1135005e-001
 3.1201857e-001
 3.1265613e-001
 3.1328917e-001
 3.1393906e-001
 3.1461474e-001
 3.1531659e-001
 3.1604087e-001
 3.1677499e-001
 3.1749225e-001
 3.1816018e-001
 3.1875965e-001
 3.1929430e-001
 3.1978080e-001
 3.2023534e-001
 3.2067490e-001
 3.2113001e-001
 3.2164818e-001
 3.2227671e-001
 3.2303798e-001
 3.2391775e-001
 3.2487500e-001
 3.2586166e-001
 3.2683995e-001
 3.2779172e-001
 3.2872060e-001
 3.2964513e-001
 3.3058232e-001
 3.3153346e-001
 3.3248582e-001
 3.3343101e-001
 3.3437744e-001
 3.3534172e-001
 3.3633083e-001
 3.3733800e-001
 3.3835143e-001
 3.3935586e-001
 3.4032595e-001
 3.4122881e-001
 3.4204125e-001
 3.4276393e-001
 3.4342116e-001
 3.4404948e-001
 3.4468260e-001
 3.4533653e-001
 3.4600744e-001
 3.4668940e-001
 3.4739387e-001
 3.4814399e-001
 3.4894988e-001
 3.4980157e-001
 3.5069102e-001
 3.5163277e-001
 3.5265031e-001
 3.5374051e-001
 3.5486346e-001
 3.5597524e-001
 3.5706693e-001
 3.5816276e-001
 3.5928848e-001
 3.6045265e-001
 3.6165145e-001
 3.6287144e-001
 3.6408675e-001
 3.6527249e-001
 3.6642432e-001
 3.6755583e-001
 3.6867675e-001
 3.6978424e-001
 3.7087074e-001
 3.7192693e-001
 3.7294766e-001
 3.7396070e-001
 3.7505278e-001
 3.7633938e-001
 3.7789035e-001
 3.7968308e-001
 3.8162524e-001
 3.8361663e-001
 3.8558877e-001
 3.8750637e-001
 3.8935670e-001
 3.9115307e-001
 3.9293492e-001
 3.9474338e-001
 3.9659318e-001
 3.9847821e-001
 4.0040129e-001
 4.0238178e-001
 4.0443611e-001
 4.0656027e-001
 4.0872204e-001
 4.1085804e-001
 4.1289857e-001
 4.1483441e-001
 4.1675547e-001
 4.1878968e-001
 4.2099744e-001
 4.2334637e-001
 4.2577723e-001
 4.2825955e-001
 4.3078947e-001
 4.3336356e-001
 4.3596014e-001
 4.3852869e-001
 4.4100979e-001
 4.4339848e-001
 4.4577309e-001
 4.4822192e-001
 4.5074162e-001
 4.5324439e-001
 4.5564908e-001
 4.5792666e-001
 4.6007347e-001
 4.6209773e-001
 4.6404320e-001
 4.6598220e-001
 4.6795875e-001
 4.6994507e-001
 4.7187102e-001
 4.7370198e-001
 4.7546551e-001
 4.7718433e-001
 4.7882631e-001
 4.8038858e-001
 4.8200604e-001
 4.8389030e-001
 4.8614323e-001
 4.8867077e-001
 4.9127403e-001
 4.9378648e-001
 4.9613917e-001
 4.9834660e-001
 5.0047439e-001
 5.0261551e-001
 5.0483453e-001
 5.0707060e-001
 5.0912976e-001
 5.1084793e-001
 5.1226562e-001
 5.1361084e-001
 5.1506823e-001
 5.1658607e-001
 5.1795822e-001
 5.1908648e-001
 5.2008754e-001
 5.2109772e-001
 5.2209091e-001
 5.2299601e-001
 5.2387673e-001
 5.2486706e-001
 5.2602023e-001
 5.2731836e-001
 5.2872753e-001
 5.3014195e-001
 5.3141147e-001
 5.3255546e-001
 5.3379500e-001
 5.3528965e-001
 5.3700697e-001
 5.3883982e-001
 5.4066759e-001
 5.4232877e-001
 5.4369456e-001
 5.4479402e-001
 5.4578984e-001
 5.4682243e-001
 5.4792237e-001
 5.4904431e-001
 5.5013192e-001
 5.5115414e-001
 5.5211246e-001
 5.5301362e-001
 5.5383444e-001
 5.5454695e-001
 5.5517834e-001
 5.5577707e-001
 5.5630422e-001
 5.5665326e-001
 5.5681723e-001
 5.5693334e-001
 5.5710447e-001
 5.5724615e-001
 5.5714041e-001
 5.5657023e-001
 5.5531061e-001
 5.5294454e-001
 5.4892612e-001
 5.4341680e-001
 5.3821099e-001
 5.3601497e-001
 5.3817952e-001
 5.4351902e-001
 5.4952759e-001
 5.5432504e-001
 5.5751687e-001
 5.5978447e-001
 5.6196195e-001
 5.6448495e-001
 5.6744766e-001
 5.7077014e-001
 5.7418424e-001
 5.7731909e-001
 5.7996070e-001
 5.8214331e-001
 5.8398533e-001
 5.8549207e-001
 5.8663195e-001
 5.8754361e-001
 5.8850682e-001
 5.8969831e-001
 5.9102935e-001
 5.9221834e-001
 5.9301788e-001
 5.9338844e-001
 5.9348023e-001
 5.9349537e-001
 5.9358478e-001
 5.9384340e-001
 5.9435964e-001
 5.9522516e-001
 5.9641832e-001
 5.9757596e-001
 5.9791040e-001
 5.9662527e-001
 5.9376436e-001
 5.9071779e-001
 5.8957148e-001
 5.9157574e-001
 5.9610397e-001
 6.0115087e-001
 6.0490936e-001
 6.0692304e-001
 6.0789460e-001
 6.0869777e-001
 6.0967934e-001
 6.1067337e-001
 6.1143655e-001
 6.1198717e-001
 6.1257565e-001
 6.1332744e-001
 6.1410999e-001
 6.1473131e-001
 6.1518234e-001
 6.1569589e-001
 6.1644578e-001
 6.1731392e-001
 6.1809224e-001
 6.1875647e-001
 6.1942059e-001
 6.2017053e-001
 6.2103403e-001
 6.2198776e-001
 6.2289000e-001
 6.2350637e-001
 6.2375510e-001
 6.2386119e-001
 6.2414110e-001
 6.2470877e-001
 6.2544048e-001
 6.2614769e-001
 6.2678552e-001
 6.2748039e-001
 6.2828720e-001
 6.2902099e-001
 6.2945414e-001
 6.2957644e-001
 6.2957996e-001
 6.2967032e-001
 6.2991226e-001
 6.3023484e-001
 6.3060653e-001
 6.3113266e-001
 6.3189280e-001
 6.3276553e-001
 6.3350433e-001
 6.3395929e-001
 6.3423777e-001
 6.3463396e-001
 6.3531154e-001
 6.3609821e-001
 6.3665873e-001
 6.3683361e-001
 6.3669282e-001
 6.3641495e-001
 6.3622880e-001
 6.3625371e-001
 6.3643003e-001
 6.3667178e-001
 6.3694549e-001
 6.3723648e-001
 6.3753062e-001
 6.3781273e-001
 6.3807213e-001
 6.3831472e-001
 6.3856226e-001
 6.3883334e-001
 6.3912350e-001
 6.3940591e-001
 6.3965553e-001
 6.3987333e-001
 6.4008379e-001
 6.4029580e-001
 6.4045095e-001
 6.4043611e-001
 6.4020115e-001
 6.3991857e-001
 6.3996726e-001
 6.4063758e-001
 6.4175260e-001
 6.4273852e-001
 6.4309210e-001
 6.4269692e-001
 6.4186764e-001
 6.4115381e-001
 6.4094657e-001
 6.4106065e-001
 6.4135212e-001
 6.4165092e-001
 6.4192444e-001
 6.4219546e-001
 6.4248681e-001
 6.4281291e-001
 6.4313173e-001
 6.4337873e-001
 6.4348930e-001
 6.4341402e-001
 6.4320594e-001
 6.4295864e-001
 6.4276642e-001
 6.4270592e-001
 6.4273959e-001
 6.4278352e-001
 6.4275342e-001
 6.4258003e-001
 6.4229012e-001
 6.4189321e-001
 6.4157838e-001
 6.4135581e-001
 6.4124930e-001
 6.4124161e-001
 6.4131397e-001
 6.4144748e-001
 6.4162290e-001
 6.4181393e-001
 6.4198655e-001
 6.4210695e-001
 6.4214087e-001
 6.4205617e-001
 6.4186299e-001
 6.4161277e-001
 6.4135891e-001
 6.4115459e-001
 6.4105111e-001
 6.4104897e-001
 6.4109963e-001
 6.4115202e-001
 6.4115548e-001
 6.4105934e-001
 6.4082903e-001
 6.4049381e-001
 6.4009863e-001
 6.3968796e-001
 6.3930672e-001
 6.3899964e-001
 6.3880068e-001
 6.3870329e-001
 6.3869083e-001
 6.3874680e-001
 6.3885468e-001
 6.3899785e-001
 6.3915974e-001
 6.3932544e-001
 6.3948518e-001
 6.3963062e-001
 6.3975340e-001
 6.3984519e-001
 6.3989764e-001
 6.3990247e-001
 6.3985127e-001
 6.3973951e-001
 6.3957727e-001
 6.3937801e-001
 6.3915497e-001
 6.3892156e-001
 6.3869137e-001
 6.3847762e-001
 6.3829380e-001
 6.3815105e-001
 6.3805181e-001
 6.3799667e-001
 6.3798606e-001
 6.3802069e-001
 6.3810092e-001
 6.3822734e-001
 6.3840044e-001
 6.3861859e-001
 6.3887191e-001
 6.3914877e-001
 6.3943732e-001
 6.3972616e-001
 6.4000326e-001
 6.4025724e-001
 6.4047605e-001
 6.4064831e-001
 6.4076221e-001
 6.4080602e-001
 6.4076805e-001
 6.4064163e-001
 6.4043796e-001
 6.4017218e-001
 6.3985980e-001
 6.3951582e-001
 6.3915592e-001
 6.3879508e-001
 6.3844872e-001
 6.3813204e-001
 6.3786036e-001
 6.3764900e-001
 6.3751322e-001
 6.3746369e-001
 6.3749534e-001
 6.3759881e-001
 6.3776553e-001
 6.3798624e-001
 6.3825226e-001
 6.3855439e-001
 6.3888377e-001
 6.3923144e-001
 6.3958842e-001
 6.3994586e-001
 6.4029479e-001
 6.4062762e-001
 6.4093649e-001
 6.4121366e-001
 6.4145136e-001
 6.4164215e-001
 6.4177793e-001
 6.4185125e-001
 6.4185435e-001
 6.4177948e-001
 6.4162469e-001
 6.4140838e-001
 6.4115268e-001
 6.4088035e-001
 6.4061385e-001
 6.4037579e-001
 6.4018846e-001
 6.4007461e-001
 6.4005667e-001
 6.4015716e-001
 6.4038950e-001
 6.4073640e-001
 6.4117384e-001
 6.4167792e-001
 6.4222455e-001
 6.4278978e-001
 6.4334971e-001
 6.4388037e-001
 6.4435774e-001
 6.4475799e-001
 6.4506716e-001
 6.4530671e-001
 6.4550495e-001
 6.4569038e-001
 6.4589155e-001
 6.4613676e-001
 6.4645463e-001
 6.4687359e-001
 6.4742208e-001
 6.4811283e-001
 6.4890623e-001
 6.4975137e-001
 6.5059787e-001
 6.5139472e-001
 6.5209162e-001
 6.5263772e-001
 6.5298247e-001
 6.5309513e-001
 6.5301073e-001
 6.5277797e-001
 6.5244555e-001
 6.5206200e-001
 6.5167594e-001
 6.5133613e-001
 6.5109122e-001
 6.5097630e-001
 6.5098286e-001
 6.5109360e-001
 6.5129107e-001
 6.5155780e-001
 6.5187645e-001
 6.5222967e-001
 6.5259981e-001
 6.5297258e-001
 6.5334165e-001
 6.5370315e-001
 6.5402663e-001
 6.5435582e-001
 6.5466619e-001
 6.5495312e-001
 6.5521502e-001
 6.5545136e-001
 6.5566224e-001
 6.5584821e-001
 6.5600997e-001
 6.5614837e-001
 6.5626466e-001
 6.5636063e-001
 6.5643847e-001
 6.5650028e-001
 6.5654850e-001
 6.5658563e-001
 6.5661466e-001
 6.5663904e-001
 6.5666288e-001
 6.5669030e-001
 6.5672618e-001
 6.5677673e-001
 6.5685052e-001
 6.5695864e-001
 6.5711427e-001
 6.5733069e-001
 6.5761864e-001
 6.5798187e-001
 6.5841269e-001
 6.5889049e-001
 6.5938449e-001
 6.5985918e-001
 6.6027981e-001
 6.6061807e-001
 6.6085666e-001
 6.6099066e-001
 6.6102517e-001
 6.6097182e-001
 6.6084492e-001
 6.6065979e-001
 6.6021609e-001
 6.6006631e-001
 6.5990490e-001
 6.5974569e-001
 6.5960282e-001
 6.5949011e-001
 6.5942061e-001
 6.5940607e-001
 6.5945590e-001
 6.5957642e-001
 6.5976930e-001
 6.6003102e-001
 6.6035223e-001
 6.6071814e-001
 6.6110992e-001
 6.6150707e-001
 6.6188872e-001
 6.6223627e-001
 6.6253448e-001
 6.6277295e-001
 6.6294658e-001
 6.6305494e-001
 6.6310209e-001
 6.6309464e-001
 6.6304100e-001
 6.6294944e-001
 6.6282749e-001
 6.6268015e-001
 6.6250867e-001
 6.6231054e-001
 6.6207981e-001
 6.6180873e-001
 6.6148931e-001
 6.6111571e-001
 6.6068494e-001
 6.6019809e-001
 6.5966040e-001
 6.5908003e-001
 6.5846711e-001
 6.5783203e-001
 6.5718335e-001
 6.5652722e-001
 6.5586632e-001
 6.5520000e-001
 6.5452570e-001
 6.5383989e-001
 6.5314025e-001
 6.5242732e-001
 6.5170556e-001
 6.5098488e-001
 6.5027970e-001
 6.4960891e-001
 6.4899391e-001
 6.4845669e-001
 6.4801806e-001
 6.4769512e-001
 6.4750016e-001
 6.4743918e-001
 6.4751148e-001
 6.4770961e-001
 6.4802003e-001
 6.4842391e-001
 6.4889890e-001
 6.4942056e-001
 6.4996445e-001
 6.5050775e-001
 6.5103137e-001
 6.5152067e-001
 6.5196645e-001
 6.5236461e-001
 6.5271503e-001
 6.5302068e-001
 6.5328485e-001
 6.5351009e-001
 6.5369582e-001
 6.5383798e-001
 6.5392876e-001
 6.5395761e-001
 6.5391326e-001
 6.5378582e-001
 6.5356964e-001
 6.5326488e-001
 6.5287948e-001
 6.5242791e-001
 6.5193051e-001
 6.5140975e-001
 6.5088683e-001
 6.5037787e-001
 6.4989084e-001
 6.4942390e-001
 6.4896590e-001
 6.4849776e-001
 6.4799637e-001
 6.4743769e-001
 6.4680034e-001
 6.4606804e-001
 6.4523035e-001
 6.4428258e-001
 6.4322460e-001
 6.4205831e-001
 6.4078712e-001
 6.3941401e-001
 6.3794273e-001
 6.3637871e-001
 6.3473076e-001
 6.3301492e-001
 6.3125557e-001
 6.2948871e-001
 6.2776154e-001
 6.2613118e-001
 6.2466270e-001
 6.2342381e-001
 6.2248051e-001
 6.2189096e-001
 6.2170041e-001
 6.2193727e-001
 6.2261021e-001
 6.2370729e-001
 6.2519592e-001
 6.2702578e-001
 6.2913060e-001
 6.3143295e-001
 6.3384986e-001
 6.3629609e-001
 6.3869232e-001
 6.4096797e-001
 6.4306700e-001
 6.4495170e-001
 6.4660263e-001
 6.4801973e-001
 6.4921874e-001
 6.5022773e-001
 6.5108275e-001
 6.5182239e-001
 6.5248489e-001
 6.5310490e-001
 6.5371251e-001
 6.5433377e-001
 6.5499043e-001
 6.5570074e-001
 6.5648013e-001
 6.5733969e-001
 6.5828663e-001
 6.5932250e-001
 6.6044319e-001
 6.6163999e-001
 6.6290003e-001
 6.6420859e-001
 6.6555053e-001
 6.6691160e-001
 6.6827989e-001
 6.6964447e-001
 6.7099625e-001
 6.7232597e-001
 6.7362463e-001
 6.7488378e-001
 6.7609578e-001
 6.7725629e-001
 6.7836422e-001
 6.7942363e-001
 6.8044347e-001
 6.8143624e-001
 6.8241668e-001
 6.8339896e-001
 6.8439460e-001
 6.8541098e-001
 6.8644971e-001
 6.8750697e-001
 6.8857473e-001
 6.8964142e-001
 6.9069493e-001
 6.9172353e-001
 6.9271785e-001
 6.9367224e-001
 6.9458413e-001
 6.9545484e-001
 6.9628793e-001
 6.9708854e-001
 6.9786239e-001
 6.9861448e-001
 6.9934875e-001
 7.0006752e-001
 7.0077163e-001
 7.0146072e-001
 7.0213300e-001
 7.0278591e-001
 7.0341587e-001
 7.0401835e-001
 7.0458829e-001
 7.0512015e-001
 7.0560825e-001
 7.0604795e-001
 7.0643580e-001
 7.0677078e-001
 7.0705444e-001
 7.0729113e-001
 7.0748776e-001
 7.0765281e-001
 7.0779532e-001
 7.0792347e-001
 7.0804340e-001
 7.0815831e-001
 7.0826828e-001
 7.0837051e-001
 7.0846069e-001
 7.0853442e-001
 7.0858926e-001
 7.0862573e-001
 7.0864862e-001
 7.0866638e-001
 7.0868993e-001
 7.0873082e-001
 7.0879900e-001
 7.0890051e-001
 7.0903659e-001
 7.0920336e-001
 7.0939302e-001
 7.0959550e-001
 7.0980048e-001
 7.0999944e-001
 7.1018648e-001
 7.1035868e-001
 7.1051550e-001
 7.1065742e-001
 7.1078491e-001
 7.1089733e-001
 7.1099240e-001
 7.1106654e-001
 7.1111554e-001
 7.1113569e-001
 7.1112496e-001
 7.1108401e-001
 7.1101689e-001
 7.1093112e-001
 7.1083719e-001
 7.1074778e-001
 7.1067661e-001
 7.1063679e-001
 7.1063924e-001
 7.1069145e-001
 7.1079600e-001
 7.1095002e-001
 7.1114528e-001
 7.1136862e-001
 7.1160370e-001
 7.1183246e-001
 7.1203792e-001
 7.1220601e-001
 7.1232730e-001
 7.1239823e-001
 7.1242106e-001
 7.1240288e-001
 7.1235448e-001
 7.1228796e-001
 7.1221495e-001
 7.1214503e-001
 7.1208471e-001
 7.1203703e-001
 7.1200204e-001
 7.1197772e-001
 7.1196115e-001
 7.1194953e-001
 7.1194136e-001
 7.1193641e-001
 7.1193570e-001
 7.1194082e-001
 7.1195281e-001
 7.1197134e-001
 7.1199369e-001
 7.1201491e-001
 7.1202809e-001
 7.1202558e-001
 7.1200031e-001
 7.1194750e-001
 7.1186566e-001
 7.1175712e-001
 7.1162838e-001
 7.1148866e-001
 7.1134907e-001
 7.1122086e-001
 7.1111345e-001
 7.1103364e-001
 7.1098441e-001
 7.1096480e-001
 7.1097016e-001
 7.1099299e-001
 7.1102405e-001
 7.1105373e-001
 7.1107322e-001
 7.1107543e-001
 7.1105582e-001
 7.1101248e-001
 7.1094602e-001
 7.1085900e-001
 7.1075511e-001
 7.1063846e-001
 7.1051264e-001
 7.1037990e-001
 7.1024114e-001
 7.1009547e-001
 7.0994061e-001
 7.0977360e-001
 7.0959133e-001
 7.0939124e-001
 7.0917225e-001
 7.0893508e-001
 7.0868230e-001
 7.0841825e-001
 7.0814788e-001
 7.0787662e-001
 7.0760840e-001
 7.0734560e-001
 7.0708799e-001
 7.0683300e-001
 7.0657629e-001
 7.0631301e-001
 7.0603907e-001
 7.0575285e-001
 7.0545602e-001
 7.0515382e-001
 7.0485491e-001
 7.0456952e-001
 7.0430875e-001
 7.0408231e-001
 7.0389771e-001
 7.0375967e-001
 7.0366985e-001
 7.0362765e-001
 7.0363086e-001
 7.0367599e-001
 7.0375836e-001
 7.0387203e-001
 7.0400918e-001
 7.0416021e-001
 7.0431352e-001
 7.0445663e-001
 7.0457774e-001
 7.0466763e-001
 7.0472163e-001
 7.0474130e-001
 7.0473522e-001
 7.0471865e-001
 7.0471197e-001
 7.0473856e-001
 7.0482183e-001
 7.0498204e-001
 7.0523375e-001
 7.0558417e-001
 7.0603204e-001
 7.0656854e-001
 7.0717806e-001
 7.0784140e-001
 7.0853722e-001
 7.0924515e-001
 7.0994747e-001
 7.1062976e-001
 7.1128184e-001
 7.1189648e-001
 7.1246946e-001
 7.1299863e-001
 7.1348321e-001
 7.1392417e-001
 7.1432418e-001
 7.1468812e-001
 7.1502346e-001
 7.1534008e-001
 7.1564943e-001
 7.1596402e-001
 7.1629560e-001
 7.1665388e-001
 7.1704513e-001
 7.1747112e-001
 7.1792924e-001
 7.1841228e-001
 7.1890986e-001
 7.1940923e-001
 7.1989715e-001
 7.2036165e-001
 7.2079241e-001
 7.2118229e-001
 7.2152668e-001
 7.2182375e-001
 7.2207350e-001
 7.2227746e-001
 7.2243792e-001
 7.2255826e-001
 7.2264284e-001
 7.2269744e-001
 7.2272962e-001
 7.2274870e-001
 7.2276497e-001
 7.2278911e-001
 7.2283077e-001
 7.2289717e-001
 7.2299212e-001
 7.2311538e-001
 7.2326249e-001
 7.2342581e-001
 7.2359556e-001
 7.2376120e-001
 7.2391355e-001
 7.2404581e-001
 7.2415459e-001
 7.2424036e-001
 7.2430664e-001
 7.2435945e-001
 7.2440547e-001
 7.2445077e-001
 7.2449923e-001
 7.2455162e-001
 7.2460544e-001
 7.2465545e-001
 7.2469449e-001
 7.2471523e-001
 7.2471201e-001
 7.2468215e-001
 7.2462696e-001
 7.2455215e-001
 7.2446692e-001
 7.2438288e-001
 7.2431153e-001
 7.2426248e-001
 7.2424132e-001
 7.2424847e-001
 7.2427899e-001
 7.2432351e-001
 7.2437006e-001
 7.2440672e-001
 7.2442359e-001
 7.2441483e-001
 7.2437960e-001
 7.2432172e-001
 7.2424871e-001
 7.2417003e-001
 7.2409528e-001
 7.2403252e-001
 7.2398722e-001
 7.2396183e-001
 7.2395563e-001
 7.2396553e-001
 7.2398657e-001
 7.2401279e-001
 7.2403765e-001
 7.2405440e-001
 7.2405666e-001
 7.2403800e-001
 7.2399247e-001
 7.2391468e-001
 7.2379953e-001
 7.2364295e-001
 7.2344154e-001
 7.2319281e-001
 7.2289515e-001
 7.2254711e-001
 7.2214729e-001
 7.2169363e-001
 7.2118300e-001
 7.2061145e-001
 7.1997422e-001
 7.1926737e-001
 7.1848923e-001
 7.1764129e-001
 7.1673059e-001
 7.1576989e-001
 7.1477705e-001
 7.1377468e-001
 7.1278667e-001
 7.1183664e-001
 7.1094507e-001
 7.1012688e-001
 7.0939142e-001
 7.0874196e-001
 7.0817685e-001
 7.0769083e-001
 7.0727611e-001
 7.0692331e-001
 7.0662135e-001
 7.0635730e-001
 7.0611560e-001
 7.0587713e-001
 7.0561957e-001
 7.0531714e-001
 7.0494217e-001
 7.0446658e-001
 7.0386308e-001
 7.0310766e-001
 7.0217943e-001
 7.0106244e-001
 6.9974482e-001
 6.9821805e-001
 6.9647783e-001
 6.9452435e-001
 6.9236279e-001
 6.9000894e-001
 6.8749112e-001
 6.8485719e-001
 6.8217808e-001
 6.7954862e-001
 6.7708802e-001
 6.7493135e-001
 6.7322087e-001
 6.7209131e-001
 6.7165411e-001
 6.7198497e-001
 6.7311293e-001
 6.7501569e-001
 6.7762089e-001
 6.8081474e-001
 6.8445152e-001
 6.8837059e-001
 6.9240850e-001
 6.9641328e-001
 7.0025539e-001
 7.0383149e-001
 7.0706767e-001
 7.0992106e-001
 7.1237475e-001
 7.1443683e-001
 7.1613318e-001
 7.1750396e-001
 7.1859616e-001
 7.1945673e-001
 7.2013026e-001
 7.2065634e-001
 7.2106874e-001
 7.2139704e-001
 7.2166699e-001
 7.2190154e-001
 7.2212154e-001
 7.2234654e-001
 7.2259527e-001
 7.2288519e-001
 7.2323138e-001
 7.2364485e-001
 7.2413069e-001
 7.2468752e-001
 7.2530818e-001
 7.2598189e-001
 7.2669607e-001
 7.2743881e-001
 7.2820014e-001
 7.2897232e-001
 7.2974956e-001
 7.3052752e-001
 7.3130131e-001
 7.3206472e-001
 7.3280907e-001
 7.3352313e-001
 7.3419446e-001
 7.3481047e-001
 7.3536158e-001
 7.3584253e-001
 7.3625469e-001
 7.3660654e-001
 7.3691207e-001
 7.3718911e-001
 7.3745704e-001
 7.3773396e-001
 7.3803550e-001
 7.3837304e-001
 7.3875296e-001
 7.3917580e-001
 7.3963624e-001
 7.4012434e-001
 7.4062634e-001
 7.4112654e-001
 7.4160945e-001
 7.4206090e-001
 7.4246985e-001
 7.4282885e-001
 7.4313498e-001
 7.4339026e-001
 7.4360085e-001
 7.4377620e-001
 7.4392790e-001
 7.4406886e-001
 7.4421179e-001
 7.4436867e-001
 7.4454975e-001
 7.4476308e-001
 7.4501365e-001
 7.4530345e-001
 7.4563020e-001
 7.4598819e-001
 7.4636757e-001
 7.4675548e-001
 7.4713707e-001
 7.4749672e-001
 7.4781990e-001
 7.4809527e-001
 7.4831575e-001
 7.4848014e-001
 7.4859321e-001
 7.4866509e-001
 7.4871004e-001
 7.4874425e-001
 7.4878341e-001
 7.4884009e-001
 7.4892211e-001
 7.4903125e-001
 7.4916315e-001
 7.4930817e-001
 7.4945337e-001
 7.4958438e-001
 7.4968827e-001
 7.4975514e-001
 7.4977994e-001
 7.4976265e-001
 7.4970883e-001
 7.4962819e-001
 7.4953353e-001
 7.4943924e-001
 7.4935973e-001
 7.4930787e-001
 7.4929410e-001
 7.4932569e-001
 7.4940562e-001
 7.4953282e-001
 7.4970180e-001
 7.4990314e-001
 7.5012380e-001
 7.5034809e-001
 7.5055927e-001
 7.5074077e-001
 7.5087792e-001
 7.5095963e-001
 7.5097948e-001
 7.5093657e-001
 7.5083548e-001
 7.5068581e-001
 7.5050133e-001
 7.5029850e-001
 7.5009459e-001
 7.4990678e-001
 7.4975014e-001
 7.4963659e-001
 7.4957389e-001
 7.4956489e-001
 7.4960679e-001
 7.4969101e-001
 7.4980348e-001
 7.4992532e-001
 7.5003439e-001
 7.5010711e-001
 7.5012106e-001
 7.5005734e-001
 7.4990284e-001
 7.4965227e-001
 7.4930876e-001
 7.4888378e-001
 7.4839616e-001
 7.4786985e-001
 7.4733132e-001
 7.4680704e-001
 7.4632049e-001
 7.4589050e-001
 7.4553037e-001
 7.4524790e-001
 7.4504656e-001
 7.4492651e-001
 7.4488580e-001
 7.4492168e-001
 7.4503136e-001
 7.4521220e-001
 7.4546152e-001
 7.4577624e-001
 7.4615198e-001
 7.4658215e-001
 7.4705732e-001
 7.4756432e-001
 7.4808639e-001
 7.4860388e-001
 7.4909604e-001
 7.4954307e-001
 7.4992895e-001
 7.5024420e-001
 7.5048792e-001
 7.5066859e-001
 7.5080317e-001
 7.5091463e-001
 7.5102919e-001
 7.5117248e-001
 7.5136667e-001
 7.5162774e-001
 7.5196403e-001
 7.5237590e-001
 7.5285542e-001
 7.5338751e-001
 7.5395221e-001
 7.5452602e-001
 7.5508475e-001
 7.5560528e-001
 7.5606704e-001
 7.5645351e-001
 7.5675237e-001
 7.5695592e-001
 7.5706130e-001
 7.5706989e-001
 7.5698775e-001
 7.5682509e-001
 7.5659621e-001
 7.5631875e-001
 7.5601304e-001
 7.5570065e-001
 7.5540268e-001
 7.5513822e-001
 7.5492191e-001
 7.5476313e-001
 7.5466448e-001
 7.5462204e-001
 7.5462568e-001
 7.5466114e-001
 7.5471187e-001
 7.5476182e-001
 7.5479794e-001
 7.5481248e-001
 7.5480425e-001
 7.5477910e-001
 7.5474930e-001
 7.5473160e-001
 7.5474501e-001
 7.5480765e-001
 7.5493377e-001
 7.5513160e-001
 7.5540131e-001
 7.5573486e-001
 7.5611663e-001
 7.5652546e-001
 7.5693744e-001
 7.5732934e-001
 7.5768209e-001
 7.5798339e-001
 7.5822967e-001
 7.5842673e-001
 7.5858879e-001
 7.5873625e-001
 7.5889277e-001
 7.5908107e-001
 7.5931954e-001
 7.5961900e-001
 7.5998056e-001
 7.6039493e-001
 7.6084346e-001
 7.6130038e-001
 7.6173657e-001
 7.6212329e-001
 7.6243645e-001
 7.6266038e-001
 7.6278967e-001
 7.6283026e-001
 7.6279831e-001
 7.6271778e-001
 7.6261693e-001
 7.6252359e-001
 7.6246130e-001
 7.6244533e-001
 7.6248050e-001
 7.6256043e-001
 7.6266867e-001
 7.6278132e-001
 7.6287109e-001
 7.6291239e-001
 7.6288581e-001
 7.6278245e-001
 7.6260650e-001
 7.6237565e-001
 7.6212019e-001
 7.6187897e-001
 7.6169515e-001
 7.6161021e-001
 7.6165855e-001
 7.6186252e-001
 7.6222968e-001
 7.6275134e-001
 7.6340276e-001
 7.6414669e-001
 7.6493680e-001
 7.6572418e-001
 7.6646209e-001
 7.6711154e-001
 7.6764536e-001
 7.6804990e-001
 7.6832384e-001
 7.6847601e-001
 7.6852232e-001
 7.6848257e-001
 7.6837772e-001
 7.6822764e-001
 7.6804960e-001
 7.6785773e-001
 7.6766235e-001
 7.6747006e-001
 7.6728368e-001
 7.6710314e-001
 7.6692683e-001
 7.6675254e-001
 7.6657927e-001
 7.6640797e-001
 7.6624227e-001
 7.6608872e-001
 7.6591361e-001
 7.6579928e-001
 7.6572776e-001
 7.6570910e-001
 7.6574999e-001
 7.6585144e-001
 7.6600748e-001
 7.6620597e-001
 7.6643050e-001
 7.6666218e-001
 7.6688182e-001
 7.6707053e-001
 7.6721114e-001
 7.6729000e-001
 7.6729858e-001
 7.6723486e-001
 7.6710367e-001
 7.6691610e-001
 7.6668787e-001
 7.6643777e-001
 7.6618570e-001
 7.6595187e-001
 7.6575518e-001
 7.6561189e-001
 7.6553345e-001
 7.6552445e-001
 7.6558220e-001
 7.6569712e-001
 7.6585466e-001
 7.6603746e-001
 7.6622683e-001
 7.6640415e-001
 7.6655215e-001
 7.6665670e-001
 7.6670867e-001
 7.6670599e-001
 7.6665413e-001
 7.6656538e-001
 7.6645738e-001
 7.6635051e-001
 7.6626652e-001
 7.6622707e-001
 7.6625222e-001
 7.6635826e-001
 7.6655531e-001
 7.6684493e-001
 7.6721960e-001
 7.6766312e-001
 7.6815307e-001
 7.6866341e-001
 7.6916647e-001
 7.6963460e-001
 7.7004153e-001
 7.7036446e-001
 7.7058655e-001
 7.7069873e-001
 7.7070075e-001
 7.7060032e-001
 7.7041095e-001
 7.7014959e-001
 7.6983494e-001
 7.6948589e-001
 7.6912081e-001
 7.6875651e-001
 7.6840693e-001
 7.6808208e-001
 7.6778805e-001
 7.6752681e-001
 7.6729769e-001
 7.6709819e-001
 7.6692522e-001
 7.6677513e-001
 7.6664442e-001
 7.6652956e-001
 7.6642734e-001
 7.6633483e-001
 7.6624948e-001
 7.6616895e-001
 7.6609123e-001
 7.6601446e-001
 7.6593673e-001
 7.6585639e-001
 7.6577151e-001
 7.6568043e-001
 7.6558149e-001
 7.6547295e-001
 7.6535338e-001
 7.6522124e-001
 7.6507515e-001
 7.6491362e-001
 7.6473540e-001
 7.6453924e-001
 7.6432419e-001
 7.6408994e-001
 7.6383716e-001
 7.6356781e-001
 7.6328528e-001
 7.6299441e-001
 7.6270092e-001
 7.6241124e-001
 7.6213181e-001
 7.6186907e-001
 7.6162893e-001
 7.6141608e-001
 7.6123333e-001
 7.6108074e-001
 7.6095557e-001
 7.6085228e-001
 7.6076347e-001
 7.6068056e-001
 7.6059455e-001
 7.6049644e-001
 7.6037788e-001
 7.6023197e-001
 7.6005441e-001
 7.5984412e-001
 7.5960386e-001
 7.5933963e-001
 7.5906003e-001
 7.5877506e-001
 7.5849533e-001
 7.5823170e-001
 7.5799441e-001
 7.5779253e-001
 7.5763345e-001
 7.5752163e-001
 7.5745893e-001
 7.5744462e-001
 7.5747579e-001
 7.5754869e-001
 7.5765890e-001
 7.5780171e-001
 7.5797254e-001
 7.5816685e-001
 7.5838029e-001
 7.5860894e-001
 7.5884920e-001
 7.5909764e-001
 7.5935131e-001
 7.5960720e-001
 7.5986236e-001
 7.6011407e-001
 7.6035935e-001
 7.6059526e-001
 7.6081890e-001
 7.6102710e-001
 7.6121670e-001
 7.6138437e-001
 7.6152670e-001
 7.6164031e-001
 7.6172179e-001
 7.6176822e-001
 7.6177710e-001
 7.6174748e-001
 7.6168072e-001
 7.6158136e-001
 7.6145738e-001
 7.6131999e-001
 7.6118273e-001
 7.6106048e-001
 7.6096857e-001
 7.6092219e-001
 7.6093525e-001
 7.6101911e-001
 7.6118058e-001
 7.6142067e-001
 7.6173371e-001
 7.6210797e-001
 7.6252735e-001
 7.6297331e-001
 7.6342595e-001
 7.6386553e-001
 7.6427311e-001
 7.6463223e-001
 7.6493067e-001
 7.6516134e-001
 7.6532358e-001
 7.6542211e-001
 7.6546556e-001
 7.6546520e-001
 7.6543319e-001
 7.6538193e-001
 7.6532310e-001
 7.6526648e-001
 7.6521903e-001
 7.6518351e-001
 7.6515818e-001
 7.6513731e-001
 7.6511216e-001
 7.6507211e-001
 7.6500601e-001
 7.6490265e-001
 7.6475221e-001
 7.6454729e-001
 7.6428491e-001
 7.6396799e-001
 7.6360601e-001
 7.6321429e-001
 7.6281255e-001
 7.6242298e-001
 7.6206893e-001
 7.6177341e-001
 7.6155812e-001
 7.6144087e-001
 7.6143366e-001
 7.6154041e-001
 7.6175588e-001
 7.6206690e-001
 7.6245439e-001
 7.6289535e-001
 7.6336551e-001
 7.6384038e-001
 7.6429617e-001
 7.6471162e-001
 7.6506978e-001
 7.6535875e-001
 7.6557314e-001
 7.6571292e-001
 7.6578230e-001
 7.6578766e-001
 7.6573682e-001
 7.6563787e-001
 7.6549876e-001
 7.6532722e-001
 7.6512980e-001
 7.6491243e-001
 7.6467943e-001
 7.6443422e-001
 7.6417941e-001
 7.6391697e-001
 7.6364881e-001
 7.6337618e-001
 7.6310027e-001
 7.6282102e-001
 7.6253682e-001
 7.6224411e-001
 7.6193684e-001
 7.6160669e-001
 7.6124412e-001
 7.6083839e-001
 7.6037848e-001
 7.5985366e-001
 7.5925457e-001
 7.5857401e-001
 7.5780851e-001
 7.5696069e-001
 7.5603867e-001
 7.5505590e-001
 7.5403035e-001
 7.5298196e-001
 7.5193137e-001
 7.5090027e-001
 7.4990839e-001
 7.4897355e-001
 7.4810958e-001
 7.4732560e-001
 7.4662441e-001
 7.4600369e-001
 7.4545771e-001
 7.4497795e-001
 7.4455494e-001
 7.4417919e-001
 7.4384135e-001
 7.4353325e-001
 7.4324822e-001
 7.4298239e-001
 7.4273431e-001
 7.4250489e-001
 7.4229699e-001
 7.4211442e-001
 7.4196154e-001
 7.4184310e-001
 7.4176395e-001
 7.4172932e-001
 7.4174511e-001
 7.4181795e-001
 7.4195528e-001
 7.4216545e-001
 7.4245709e-001
 7.4283940e-001
 7.4332160e-001
 7.4391186e-001
 7.4461746e-001
 7.4544245e-001
 7.4638510e-001
 7.4743748e-001
 7.4858338e-001
 7.4980021e-001
 7.5105906e-001
 7.5232899e-001
 7.5357795e-001
 7.5477308e-001
 7.5588477e-001
 7.5688803e-001
 7.5776511e-001
 7.5850981e-001
 7.5912774e-001
 7.5963527e-001
 7.6005650e-001
 7.6042056e-001
 7.6075870e-001
 7.6110184e-001
 7.6147932e-001
 7.6191592e-001
 7.6242870e-001
 7.6302463e-001
 7.6369947e-001
 7.6443815e-001
 7.6521868e-001
 7.6601416e-001
 7.6679623e-001
 7.6753557e-001
 7.6820540e-001
 7.6878285e-001
 7.6925159e-001
 7.6960510e-001
 7.6984692e-001
 7.6999009e-001
 7.7005446e-001
 7.7006412e-001
 7.7004468e-001
 7.7002221e-001
 7.7002084e-001
 7.7006143e-001
 7.7015841e-001
 7.7031797e-001
 7.7053714e-001
 7.7080435e-001
 7.7110213e-001
 7.7140939e-001
 7.7170306e-001
 7.7196038e-001
 7.7215993e-001
 7.7228355e-001
 7.7231872e-001
 7.7226055e-001
 7.7211249e-001
 7.7188581e-001
 7.7159721e-001
 7.7126682e-001
 7.7091622e-001
 7.7056700e-001
 7.7023929e-001
 7.6995009e-001
 7.6971114e-001
 7.6952654e-001
 7.6939249e-001
 7.6929784e-001
 7.6922590e-001
 7.6915693e-001
 7.6906985e-001
 7.6894361e-001
 7.6875907e-001
 7.6850116e-001
 7.6816148e-001
 7.6774079e-001
 7.6725000e-001
 7.6670945e-001
 7.6614594e-001
 7.6559031e-001
 7.6507533e-001
 7.6463318e-001
 7.6429355e-001
 7.6408112e-001
 7.6401126e-001
 7.6408696e-001
 7.6429784e-001
 7.6462096e-001
 7.6502448e-001
 7.6547116e-001
 7.6592124e-001
 7.6633501e-001
 7.6667488e-001
 7.6690787e-001
 7.6700938e-001
 7.6696581e-001
 7.6677573e-001
 7.6644897e-001
 7.6600343e-001
 7.6546174e-001
 7.6484919e-001
 7.6419109e-001
 7.6351184e-001
 7.6283348e-001
 7.6217330e-001
 7.6154250e-001
 7.6094598e-001
 7.6038218e-001
 7.5984520e-001
 7.5932634e-001
 7.5881624e-001
 7.5830501e-001
 7.5778407e-001
 7.5724804e-001
 7.5669563e-001
 7.5613189e-001
 7.5556922e-001
 7.5502598e-001
 7.5452518e-001
 7.5409245e-001
 7.5375491e-001
 7.5353891e-001
 7.5346911e-001
 7.5356567e-001
 7.5384146e-001
 7.5429970e-001
 7.5493211e-001
 7.5572103e-001
 7.5664151e-001
 7.5766355e-001
 7.5875586e-001
 7.5988650e-001
 7.6102448e-001
 7.6214015e-001
 7.6320827e-001
 7.6420838e-001
 7.6512468e-001
 7.6594704e-001
 7.6666868e-001
 7.6728469e-001
 7.6779163e-001
 7.6818687e-001
 7.6846862e-001
 7.6863664e-001
 7.6869380e-001
 7.6864642e-001
 7.6850516e-001
 7.6828438e-001
 7.6800114e-001
 7.6767427e-001
 7.6732308e-001
 7.6696688e-001
 7.6662427e-001
 7.6631147e-001
 7.6604128e-001
 7.6582175e-001
 7.6565593e-001
 7.6554179e-001
 7.6547396e-001
 7.6544505e-001
 7.6544654e-001
 7.6546997e-001
 7.6550716e-001
 7.6555139e-001
 7.6559800e-001
 7.6564533e-001
 7.6569492e-001
 7.6575136e-001
 7.6582128e-001
 7.6591265e-001
 7.6603383e-001
 7.6619327e-001
 7.6639801e-001
 7.6665306e-001
 7.6695973e-001
 7.6731396e-001
 7.6770622e-001
 7.6812178e-001
 7.6854229e-001
 7.6894683e-001
 7.6931393e-001
 7.6962233e-001
 7.6985204e-001
 7.6998693e-001
 7.7001649e-001
 7.6993805e-001
 7.6975775e-001
 7.6948965e-001
 7.6915336e-001
 7.6877242e-001
 7.6837152e-001
 7.6797557e-001
 7.6760870e-001
 7.6729226e-001
 7.6704329e-001
 7.6687324e-001
 7.6678675e-001
 7.6678282e-001
 7.6685613e-001
 7.6699871e-001
 7.6720130e-001
 7.6745415e-001
 7.6774698e-001
 7.6806939e-001
 7.6841056e-001
 7.6875859e-001
 7.6910126e-001
 7.6942551e-001
 7.6971775e-001
 7.6996416e-001
 7.7015114e-001
 7.7026546e-001
 7.7029532e-001
 7.7023202e-001
 7.7007192e-001
 7.6981807e-001
 7.6948118e-001
 7.6907849e-001
 7.6863265e-001
 7.6816893e-001
 7.6771390e-001
 7.6729429e-001
 7.6693499e-001
 7.6665735e-001
 7.6647675e-001
 7.6640069e-001
 7.6642752e-001
 7.6654744e-001
 7.6674479e-001
 7.6700032e-001
 7.6729321e-001
 7.6760215e-001
 7.6790667e-001
 7.6818848e-001
 7.6843250e-001
 7.6862824e-001
 7.6877040e-001
 7.6885825e-001
 7.6889449e-001
 7.6888388e-001
 7.6883209e-001
 7.6874530e-001
 7.6862955e-001
 7.6849073e-001
 7.6833457e-001
 7.6816612e-001
 7.6799005e-001
 7.6781052e-001
 7.6763135e-001
 7.6745623e-001
 7.6728839e-001
 7.6713121e-001
 7.6698720e-001
 7.6685786e-001
 7.6674289e-001
 7.6663935e-001
 7.6654166e-001
 7.6644170e-001
 7.6632959e-001
 7.6619428e-001
 7.6602447e-001
 7.6580936e-001
 7.6553959e-001
 7.6520896e-001
 7.6481706e-001
 7.6437032e-001
 7.6388353e-001
 7.6337862e-001
 7.6288360e-001
 7.6242912e-001
 7.6204741e-001
 7.6177049e-001
 7.6162738e-001
 7.6164150e-001
 7.6182592e-001
 7.6218015e-001
 7.6268816e-001
 7.6332039e-001
 7.6403826e-001
 7.6479787e-001
 7.6555359e-001
 7.6625991e-001
 7.6687497e-001
 7.6736295e-001
 7.6769751e-001
 7.6786548e-001
 7.6786780e-001
 7.6771885e-001
 7.6744354e-001
 7.6707304e-001
 7.6664174e-001
 7.6618493e-001
 7.6573735e-001
 7.6533276e-001
 7.6500410e-001
 7.6478684e-001
 7.6472706e-001
 7.6476341e-001
 7.6488948e-001
 7.6508367e-001
 7.6532471e-001
 7.6559108e-001
 7.6586103e-001
 7.6611328e-001
 7.6632631e-001
 7.6647854e-001
 7.6655072e-001
 7.6654184e-001
 7.6646173e-001
 7.6631993e-001
 7.6612604e-001
 7.6588988e-001
 7.6562101e-001
 7.6532900e-001
 7.6502365e-001
 7.6471466e-001
 7.6441163e-001
 7.6412421e-001
 7.6386195e-001
 7.6363474e-001
 7.6345128e-001
 7.6331162e-001
 7.6321149e-001
 7.6314646e-001
 7.6311237e-001
 7.6310468e-001
 7.6311886e-001
 7.6315075e-001
 7.6319593e-001
 7.6324993e-001
 7.6330835e-001
 7.6336700e-001
 7.6342124e-001
 7.6346689e-001
 7.6349944e-001
 7.6351452e-001
 7.6350778e-001
 7.6347482e-001
 7.6341176e-001
 7.6331872e-001
 7.6319772e-001
 7.6305121e-001
 7.6288140e-001
 7.6269048e-001
 7.6248062e-001
 7.6225424e-001
 7.6201344e-001
 7.6176053e-001
 7.6149768e-001
 7.6122713e-001
 7.6095122e-001
 7.6067215e-001
 7.6039207e-001
 7.6011330e-001
 7.5983810e-001
 7.5956863e-001
 7.5930727e-001
 7.5905603e-001
 7.5881732e-001
 7.5859332e-001
 7.5838619e-001
 7.5819570e-001
 7.5802118e-001
 7.5786155e-001
 7.5771588e-001
 7.5758344e-001
 7.5746298e-001
 7.5735372e-001
 7.5725472e-001
 7.5716501e-001
 7.5708365e-001
 7.5700980e-001
 7.5694239e-001
 7.5688052e-001
 7.5682324e-001
 7.5676966e-001
 7.5671881e-001
 7.5666982e-001
 7.5662160e-001
 7.5657332e-001
 7.5652403e-001
 7.5647277e-001
 7.5641865e-001
 7.5636065e-001
 7.5629789e-001
 7.5622940e-001
 7.5615436e-001
 7.5607246e-001
 7.5598395e-001
 7.5588888e-001
 7.5578725e-001
 7.5567931e-001
 7.5556505e-001
 7.5544459e-001
 7.5531816e-001
 7.5518572e-001
 7.5504738e-001
 7.5490338e-001
 7.5475359e-001
 7.5459832e-001
 7.5443757e-001
 7.5427145e-001
 7.5410020e-001
 7.5392377e-001
 7.5374228e-001
 7.5355589e-001
 7.5336468e-001
 7.5316870e-001
 7.5296813e-001
 7.5276303e-001
 7.5255352e-001
 7.5233978e-001
 7.5212175e-001
 7.5189966e-001
 7.5167352e-001
 7.5144351e-001
 7.5120974e-001
 7.5097209e-001
 7.5073063e-001
 7.5048548e-001
