s07_ASD Record=16627: o-Terphenyl SA-T2800         ASDHRa AREF
-1.2300000e+034
 7.0493698e-001
 7.0644456e-001
 7.0895529e-001
 7.1125174e-001
 7.1272957e-001
 7.1380609e-001
 7.1559823e-001
 7.1618229e-001
 7.1610397e-001
 7.1721309e-001
 7.1866590e-001
 7.1962124e-001
 7.2066498e-001
 7.2291434e-001
 7.2339249e-001
 7.2399485e-001
 7.2561014e-001
 7.2634363e-001
 7.2636819e-001
 7.2655118e-001
 7.2743791e-001
 7.2796559e-001
 7.2849923e-001
 7.2904700e-001
 7.2940320e-001
 7.2946084e-001
 7.2987759e-001
 7.3067099e-001
 7.3133361e-001
 7.3212135e-001
 7.3264742e-001
 7.3304021e-001
 7.3382747e-001
 7.3406076e-001
 7.3456913e-001
 7.3557025e-001
 7.3552310e-001
 7.3574710e-001
 7.3648107e-001
 7.3728073e-001
 7.3760968e-001
 7.3774338e-001
 7.3804140e-001
 7.3857999e-001
 7.3872697e-001
 7.3906159e-001
 7.3975533e-001
 7.4011570e-001
 7.4015808e-001
 7.4063289e-001
 7.4175096e-001
 7.4212652e-001
 7.4222952e-001
 7.4231339e-001
 7.4260759e-001
 7.4318486e-001
 7.4365634e-001
 7.4382490e-001
 7.4392730e-001
 7.4442029e-001
 7.4484569e-001
 7.4491906e-001
 7.4501663e-001
 7.4523097e-001
 7.4568242e-001
 7.4619955e-001
 7.4624109e-001
 7.4629569e-001
 7.4653029e-001
 7.4681669e-001
 7.4702126e-001
 7.4710208e-001
 7.4721169e-001
 7.4753296e-001
 7.4757361e-001
 7.4762082e-001
 7.4789721e-001
 7.4801439e-001
 7.4806154e-001
 7.4813259e-001
 7.4829996e-001
 7.4844640e-001
 7.4855572e-001
 7.4860889e-001
 7.4864602e-001
 7.4883050e-001
 7.4899286e-001
 7.4905252e-001
 7.4920547e-001
 7.4925214e-001
 7.4930114e-001
 7.4950713e-001
 7.4965018e-001
 7.4969524e-001
 7.4972707e-001
 7.4989510e-001
 7.5001365e-001
 7.5009483e-001
 7.5021952e-001
 7.5046641e-001
 7.5063723e-001
 7.5064760e-001
 7.5059861e-001
 7.5078034e-001
 7.5091112e-001
 7.5096035e-001
 7.5113326e-001
 7.5124329e-001
 7.5130296e-001
 7.5134802e-001
 7.5141829e-001
 7.5153840e-001
 7.5167406e-001
 7.5175881e-001
 7.5179261e-001
 7.5190187e-001
 7.5205201e-001
 7.5208569e-001
 7.5216150e-001
 7.5227571e-001
 7.5241673e-001
 7.5254858e-001
 7.5254840e-001
 7.5253528e-001
 7.5268984e-001
 7.5287539e-001
 7.5298518e-001
 7.5299960e-001
 7.5303990e-001
 7.5317079e-001
 7.5326961e-001
 7.5328177e-001
 7.5337601e-001
 7.5344795e-001
 7.5351769e-001
 7.5360662e-001
 7.5362235e-001
 7.5369972e-001
 7.5382572e-001
 7.5385034e-001
 7.5394535e-001
 7.5406486e-001
 7.5412148e-001
 7.5409442e-001
 7.5409883e-001
 7.5418133e-001
 7.5430322e-001
 7.5436330e-001
 7.5436342e-001
 7.5439215e-001
 7.5455314e-001
 7.5462759e-001
 7.5463527e-001
 7.5466067e-001
 7.5472975e-001
 7.5477123e-001
 7.5479674e-001
 7.5484776e-001
 7.5484109e-001
 7.5484395e-001
 7.5490582e-001
 7.5498587e-001
 7.5500935e-001
 7.5502431e-001
 7.5508577e-001
 7.5512034e-001
 7.5516528e-001
 7.5520766e-001
 7.5519812e-001
 7.5516772e-001
 7.5515431e-001
 7.5519514e-001
 7.5526124e-001
 7.5523341e-001
 7.5516069e-001
 7.5515229e-001
 7.5515890e-001
 7.5521010e-001
 7.5525010e-001
 7.5520468e-001
 7.5528741e-001
 7.5541747e-001
 7.5549793e-001
 7.5560224e-001
 7.5578117e-001
 7.5595516e-001
 7.5599152e-001
 7.5600374e-001
 7.5606042e-001
 7.5615990e-001
 7.5620908e-001
 7.5627810e-001
 7.5632495e-001
 7.5631881e-001
 7.5634003e-001
 7.5634778e-001
 7.5635344e-001
 7.5640094e-001
 7.5644428e-001
 7.5647199e-001
 7.5648761e-001
 7.5651962e-001
 7.5657713e-001
 7.5666255e-001
 7.5676262e-001
 7.5685436e-001
 7.5695747e-001
 7.5705463e-001
 7.5708866e-001
 7.5708008e-001
 7.5700790e-001
 7.5685096e-001
 7.5664026e-001
 7.5646591e-001
 7.5632793e-001
 7.5617141e-001
 7.5606799e-001
 7.5605822e-001
 7.5614822e-001
 7.5626767e-001
 7.5633949e-001
 7.5635016e-001
 7.5630498e-001
 7.5619769e-001
 7.5616109e-001
 7.5620222e-001
 7.5619245e-001
 7.5617850e-001
 7.5616843e-001
 7.5619620e-001
 7.5627494e-001
 7.5624883e-001
 7.5611329e-001
 7.5595647e-001
 7.5581551e-001
 7.5584584e-001
 7.5635993e-001
 7.5769424e-001
 7.5915927e-001
 7.5946146e-001
 7.5791746e-001
 7.5644863e-001
 7.5569183e-001
 7.5562537e-001
 7.5556737e-001
 7.5557101e-001
 7.5558823e-001
 7.5560945e-001
 7.5560057e-001
 7.5559074e-001
 7.5554520e-001
 7.5542098e-001
 7.5527900e-001
 7.5514269e-001
 7.5502872e-001
 7.5495493e-001
 7.5499171e-001
 7.5515634e-001
 7.5542104e-001
 7.5571144e-001
 7.5600404e-001
 7.5628531e-001
 7.5652385e-001
 7.5663823e-001
 7.5671923e-001
 7.5683177e-001
 7.5692493e-001
 7.5697833e-001
 7.5699759e-001
 7.5702113e-001
 7.5708884e-001
 7.5715733e-001
 7.5717944e-001
 7.5713843e-001
 7.5710487e-001
 7.5710690e-001
 7.5712925e-001
 7.5711870e-001
 7.5714123e-001
 7.5716817e-001
 7.5713348e-001
 7.5708371e-001
 7.5706345e-001
 7.5708103e-001
 7.5707287e-001
 7.5703073e-001
 7.5703061e-001
 7.5709891e-001
 7.5706989e-001
 7.5704932e-001
 7.5704288e-001
 7.5700718e-001
 7.5703055e-001
 7.5707573e-001
 7.5711870e-001
 7.5717080e-001
 7.5718623e-001
 7.5715333e-001
 7.5710249e-001
 7.5708848e-001
 7.5707591e-001
 7.5706416e-001
 7.5708228e-001
 7.5708997e-001
 7.5709653e-001
 7.5710166e-001
 7.5707912e-001
 7.5704312e-001
 7.5700355e-001
 7.5698191e-001
 7.5702059e-001
 7.5706744e-001
 7.5708228e-001
 7.5708020e-001
 7.5710332e-001
 7.5713474e-001
 7.5713116e-001
 7.5708526e-001
 7.5707066e-001
 7.5708681e-001
 7.5707638e-001
 7.5705349e-001
 7.5704253e-001
 7.5705588e-001
 7.5706792e-001
 7.5706410e-001
 7.5705343e-001
 7.5704330e-001
 7.5701022e-001
 7.5699520e-001
 7.5700504e-001
 7.5700706e-001
 7.5698107e-001
 7.5694770e-001
 7.5693631e-001
 7.5695240e-001
 7.5697154e-001
 7.5697196e-001
 7.5693280e-001
 7.5685459e-001
 7.5678307e-001
 7.5671160e-001
 7.5658613e-001
 7.5643599e-001
 7.5627220e-001
 7.5609738e-001
 7.5589907e-001
 7.5568837e-001
 7.5546098e-001
 7.5517070e-001
 7.5473654e-001
 7.5421858e-001
 7.5359946e-001
 7.5279605e-001
 7.5192618e-001
 7.5097287e-001
 7.4990451e-001
 7.4873751e-001
 7.4756521e-001
 7.4647200e-001
 7.4550420e-001
 7.4469960e-001
 7.4431729e-001
 7.4453622e-001
 7.4537760e-001
 7.4675703e-001
 7.4849534e-001
 7.5032198e-001
 7.5195146e-001
 7.5331241e-001
 7.5434226e-001
 7.5504696e-001
 7.5557655e-001
 7.5601739e-001
 7.5637287e-001
 7.5658917e-001
 7.5679809e-001
 7.5696188e-001
 7.5704396e-001
 7.5709605e-001
 7.5714737e-001
 7.5721025e-001
 7.5726712e-001
 7.5728846e-001
 7.5731713e-001
 7.5739104e-001
 7.5749099e-001
 7.5750124e-001
 7.5747997e-001
 7.5751394e-001
 7.5760174e-001
 7.5762445e-001
 7.5757653e-001
 7.5753021e-001
 7.5753605e-001
 7.5753558e-001
 7.5751621e-001
 7.5752079e-001
 7.5754184e-001
 7.5755864e-001
 7.5753736e-001
 7.5746816e-001
 7.5743288e-001
 7.5745535e-001
 7.5752211e-001
 7.5757688e-001
 7.5758004e-001
 7.5753850e-001
 7.5749660e-001
 7.5746012e-001
 7.5742435e-001
 7.5736201e-001
 7.5726283e-001
 7.5723171e-001
 7.5722939e-001
 7.5718701e-001
 7.5709873e-001
 7.5700897e-001
 7.5697970e-001
 7.5701553e-001
 7.5697309e-001
 7.5690848e-001
 7.5684738e-001
 7.5677902e-001
 7.5672626e-001
 7.5669050e-001
 7.5667685e-001
 7.5668424e-001
 7.5665516e-001
 7.5660574e-001
 7.5654930e-001
 7.5645113e-001
 7.5639755e-001
 7.5636464e-001
 7.5627828e-001
 7.5619280e-001
 7.5611407e-001
 7.5604188e-001
 7.5597250e-001
 7.5593090e-001
 7.5591260e-001
 7.5588799e-001
 7.5581610e-001
 7.5572735e-001
 7.5563556e-001
 7.5554818e-001
 7.5545996e-001
 7.5538373e-001
 7.5532353e-001
 7.5529110e-001
 7.5530338e-001
 7.5528103e-001
 7.5524759e-001
 7.5530976e-001
 7.5537843e-001
 7.5546676e-001
 7.5555968e-001
 7.5560266e-001
 7.5561839e-001
 7.5561553e-001
 7.5559056e-001
 7.5552607e-001
 7.5546682e-001
 7.5545287e-001
 7.5547934e-001
 7.5545919e-001
 7.5544554e-001
 7.5542325e-001
 7.5536460e-001
 7.5538039e-001
 7.5536370e-001
 7.5526935e-001
 7.5516731e-001
 7.5507683e-001
 7.5500923e-001
 7.5495911e-001
 7.5490916e-001
 7.5485522e-001
 7.5482571e-001
 7.5482857e-001
 7.5479817e-001
 7.5472379e-001
 7.5463313e-001
 7.5454009e-001
 7.5437373e-001
 7.5420004e-001
 7.5405127e-001
 7.5390595e-001
 7.5369382e-001
 7.5341016e-001
 7.5310040e-001
 7.5281304e-001
 7.5244921e-001
 7.5204033e-001
 7.5159335e-001
 7.5106370e-001
 7.5047272e-001
 7.4982899e-001
 7.4913216e-001
 7.4834919e-001
 7.4740362e-001
 7.4628532e-001
 7.4498022e-001
 7.4340540e-001
 7.4154794e-001
 7.3938990e-001
 7.3691988e-001
 7.3412162e-001
 7.3091251e-001
 7.2726542e-001
 7.2320640e-001
 7.1873319e-001
 7.1381283e-001
 7.0853490e-001
 7.0307773e-001
 6.9754869e-001
 6.9215477e-001
 6.8707001e-001
 6.8245047e-001
 6.7856687e-001
 6.7570937e-001
 6.7413342e-001
 6.7399597e-001
 6.7533869e-001
 6.7817509e-001
 6.8240750e-001
 6.8779129e-001
 6.9394636e-001
 7.0044827e-001
 7.0687723e-001
 7.1290112e-001
 7.1838081e-001
 7.2324306e-001
 7.2751492e-001
 7.3125553e-001
 7.3441595e-001
 7.3714799e-001
 7.3956114e-001
 7.4154031e-001
 7.4319249e-001
 7.4460369e-001
 7.4583709e-001
 7.4689072e-001
 7.4780077e-001
 7.4864131e-001
 7.4943358e-001
 7.5006527e-001
 7.5059491e-001
 7.5101721e-001
 7.5136054e-001
 7.5174916e-001
 7.5211978e-001
 7.5242543e-001
 7.5267655e-001
 7.5295687e-001
 7.5319260e-001
 7.5339884e-001
 7.5360274e-001
 7.5373518e-001
 7.5383419e-001
 7.5397116e-001
 7.5420135e-001
 7.5444490e-001
 7.5462395e-001
 7.5476128e-001
 7.5490707e-001
 7.5499988e-001
 7.5507700e-001
 7.5517797e-001
 7.5530291e-001
 7.5538939e-001
 7.5552076e-001
 7.5570631e-001
 7.5586474e-001
 7.5590074e-001
 7.5594252e-001
 7.5600481e-001
 7.5604314e-001
 7.5605774e-001
 7.5607783e-001
 7.5614667e-001
 7.5624889e-001
 7.5627398e-001
 7.5628114e-001
 7.5627035e-001
 7.5626057e-001
 7.5631040e-001
 7.5634664e-001
 7.5639188e-001
 7.5643837e-001
 7.5642478e-001
 7.5648052e-001
 7.5647032e-001
 7.5636739e-001
 7.5637388e-001
 7.5628811e-001
 7.5615275e-001
 7.5606072e-001
 7.5605512e-001
 7.5600958e-001
 7.5585306e-001
 7.5571138e-001
 7.5576293e-001
 7.5565743e-001
 7.5561792e-001
 7.5554395e-001
 7.5517857e-001
 7.5502580e-001
 7.5496382e-001
 7.5479943e-001
 7.5449866e-001
 7.5436884e-001
 7.5410914e-001
 7.5374478e-001
 7.5349259e-001
 7.5330651e-001
 7.5299394e-001
 7.5266838e-001
 7.5239140e-001
 7.5193298e-001
 7.5164402e-001
 7.5133538e-001
 7.5091684e-001
 7.5065929e-001
 7.5034225e-001
 7.5002927e-001
 7.4975842e-001
 7.4949318e-001
 7.4923581e-001
 7.4894309e-001
 7.4872041e-001
 7.4862134e-001
 7.4831665e-001
 7.4806881e-001
 7.4790001e-001
 7.4766302e-001
 7.4735183e-001
 7.4708116e-001
 7.4677622e-001
 7.4644393e-001
 7.4625164e-001
 7.4593723e-001
 7.4574268e-001
 7.4564517e-001
 7.4537569e-001
 7.4540508e-001
 7.4544436e-001
 7.4538434e-001
 7.4522126e-001
 7.4502772e-001
 7.4485135e-001
 7.4471176e-001
 7.4456394e-001
 7.4440455e-001
 7.4422914e-001
 7.4403334e-001
 7.4381453e-001
 7.4357295e-001
 7.4331212e-001
 7.4303830e-001
 7.4275929e-001
 7.4248356e-001
 7.4221915e-001
 7.4197423e-001
 7.4175674e-001
 7.4157500e-001
 7.4143791e-001
 7.4135417e-001
 7.4133193e-001
 7.4137741e-001
 7.4149430e-001
 7.4168247e-001
 7.4193776e-001
 7.4225205e-001
 7.4261367e-001
 7.4300915e-001
 7.4342412e-001
 7.4384499e-001
 7.4425942e-001
 7.4465692e-001
 7.4502850e-001
 7.4536663e-001
 7.4566573e-001
 7.4592197e-001
 7.4613416e-001
 7.4630356e-001
 7.4643373e-001
 7.4652958e-001
 7.4659646e-001
 7.4663925e-001
 7.4666202e-001
 7.4666840e-001
 7.4666184e-001
 7.4664652e-001
 7.4662745e-001
 7.4661022e-001
 7.4659985e-001
 7.4660045e-001
 7.4661434e-001
 7.4664229e-001
 7.4668407e-001
 7.4673903e-001
 7.4680674e-001
 7.4688703e-001
 7.4698007e-001
 7.4708623e-001
 7.4720538e-001
 7.4733704e-001
 7.4748027e-001
 7.4763340e-001
 7.4779475e-001
 7.4796212e-001
 7.4813271e-001
 7.4830300e-001
 7.4846804e-001
 7.4862158e-001
 7.4875683e-001
 7.4886751e-001
 7.4894923e-001
 7.4900043e-001
 7.4902231e-001
 7.4901813e-001
 7.4899155e-001
 7.4894506e-001
 7.4887890e-001
 7.4879038e-001
 7.4867445e-001
 7.4852401e-001
 7.4833125e-001
 7.4808818e-001
 7.4778730e-001
 7.4742186e-001
 7.4698621e-001
 7.4647570e-001
 7.4588716e-001
 7.4521917e-001
 7.4447209e-001
 7.4364859e-001
 7.4275345e-001
 7.4179226e-001
 7.4077147e-001
 7.3969609e-001
 7.3856992e-001
 7.3739433e-001
 7.3616779e-001
 7.3488653e-001
 7.3354393e-001
 7.3213136e-001
 7.3063815e-001
 7.2905064e-001
 7.2735357e-001
 7.2552854e-001
 7.2355556e-001
 7.2141302e-001
 7.1907771e-001
 7.1652710e-001
 7.1373785e-001
 7.1068782e-001
 7.0735550e-001
 7.0371914e-001
 6.9975978e-001
 6.9545788e-001
 6.9079602e-001
 6.8575722e-001
 6.8032146e-001
 6.7446858e-001
 6.6817641e-001
 6.6141915e-001
 6.5417439e-001
 6.4641839e-001
 6.3813412e-001
 6.2931061e-001
 6.1994076e-001
 6.1003065e-001
 5.9959316e-001
 5.8865875e-001
 5.7727617e-001
 5.6551129e-001
 5.5345994e-001
 5.4123795e-001
 5.2899194e-001
 5.1689410e-001
 5.0513619e-001
 4.9393600e-001
 4.8352107e-001
 4.7413060e-001
 4.6600050e-001
 4.5934895e-001
 4.5436886e-001
 4.5121098e-001
 4.4997224e-001
 4.5068938e-001
 4.5333359e-001
 4.5781082e-001
 4.6396670e-001
 4.7159976e-001
 4.8046923e-001
 4.9031749e-001
 5.0087804e-001
 5.1189196e-001
 5.2312297e-001
 5.3435630e-001
 5.4541457e-001
 5.5615050e-001
 5.6645143e-001
 5.7624096e-001
 5.8546656e-001
 5.9410512e-001
 6.0214972e-001
 6.0960895e-001
 6.1650479e-001
 6.2286329e-001
 6.2871820e-001
 6.3410372e-001
 6.3905621e-001
 6.4361477e-001
 6.4781773e-001
 6.5170419e-001
 6.5531462e-001
 6.5868670e-001
 6.6185743e-001
 6.6485912e-001
 6.6771954e-001
 6.7046213e-001
 6.7310381e-001
 6.7565757e-001
 6.7813116e-001
 6.8052846e-001
 6.8285090e-001
 6.8509614e-001
 6.8726075e-001
 6.8933892e-001
 6.9132465e-001
 6.9321334e-001
 6.9500107e-001
 6.9668752e-001
 6.9827485e-001
 6.9976807e-001
 7.0117491e-001
 7.0250392e-001
 7.0376343e-001
 7.0496118e-001
 7.0610243e-001
 7.0719039e-001
 7.0822555e-001
 7.0920616e-001
 7.1012902e-001
 7.1098959e-001
 7.1178371e-001
 7.1250778e-001
 7.1315998e-001
 7.1374112e-001
 7.1425438e-001
 7.1470582e-001
 7.1510333e-001
 7.1545637e-001
 7.1577549e-001
 7.1607101e-001
 7.1635264e-001
 7.1662861e-001
 7.1690500e-001
 7.1718585e-001
 7.1747309e-001
 7.1776766e-001
 7.1806991e-001
 7.1838039e-001
 7.1870029e-001
 7.1903139e-001
 7.1937579e-001
 7.1973592e-001
 7.2011381e-001
 7.2051096e-001
 7.2092819e-001
 7.2136557e-001
 7.2182262e-001
 7.2229820e-001
 7.2279143e-001
 7.2330117e-001
 7.2382641e-001
 7.2436619e-001
 7.2491890e-001
 7.2548229e-001
 7.2605276e-001
 7.2662550e-001
 7.2719491e-001
 7.2775477e-001
 7.2829908e-001
 7.2882277e-001
 7.2932220e-001
 7.2979599e-001
 7.3024464e-001
 7.3067063e-001
 7.3107767e-001
 7.3147011e-001
 7.3185182e-001
 7.3222601e-001
 7.3259449e-001
 7.3295808e-001
 7.3331672e-001
 7.3366970e-001
 7.3401594e-001
 7.3435414e-001
 7.3468280e-001
 7.3499978e-001
 7.3530287e-001
 7.3558909e-001
 7.3585498e-001
 7.3609674e-001
 7.3631006e-001
 7.3649096e-001
 7.3663586e-001
 7.3674208e-001
 7.3680830e-001
 7.3683482e-001
 7.3682320e-001
 7.3677641e-001
 7.3669839e-001
 7.3659390e-001
 7.3646778e-001
 7.3632503e-001
 7.3616964e-001
 7.3600453e-001
 7.3583061e-001
 7.3564619e-001
 7.3544705e-001
 7.3522574e-001
 7.3497248e-001
 7.3467493e-001
 7.3431939e-001
 7.3389137e-001
 7.3337656e-001
 7.3276204e-001
 7.3203683e-001
 7.3119289e-001
 7.3022556e-001
 7.2913325e-001
 7.2791827e-001
 7.2658592e-001
 7.2514528e-001
 7.2360897e-001
 7.2199303e-001
 7.2031838e-001
 7.1861058e-001
 7.1689939e-001
 7.1521926e-001
 7.1360600e-001
 7.1209550e-001
 7.1071965e-001
 7.0950264e-001
 7.0845884e-001
 7.0759052e-001
 7.0688832e-001
 7.0633245e-001
 7.0589507e-001
 7.0554399e-001
 7.0524508e-001
 7.0496541e-001
 7.0467430e-001
 7.0434433e-001
 7.0395201e-001
 7.0347780e-001
 7.0290703e-001
 7.0223033e-001
 7.0144463e-001
 7.0055389e-001
 6.9956917e-001
 6.9850719e-001
 6.9738996e-001
 6.9624168e-001
 6.9508755e-001
 6.9395167e-001
 6.9285470e-001
 6.9181371e-001
 6.9084018e-001
 6.8993980e-001
 6.8911147e-001
 6.8834639e-001
 6.8762839e-001
 6.8693388e-001
 6.8623286e-001
 6.8549067e-001
 6.8466997e-001
 6.8373418e-001
 6.8265063e-001
 6.8139488e-001
 6.7995429e-001
 6.7833072e-001
 6.7654353e-001
 6.7462975e-001
 6.7264152e-001
 6.7064464e-001
 6.6871136e-001
 6.6691548e-001
 6.6532499e-001
 6.6399521e-001
 6.6296464e-001
 6.6225064e-001
 6.6184849e-001
 6.6173166e-001
 6.6185433e-001
 6.6215557e-001
 6.6256505e-001
 6.6300881e-001
 6.6341561e-001
 6.6372204e-001
 6.6387635e-001
 6.6384047e-001
 6.6359019e-001
 6.6311401e-001
 6.6241068e-001
 6.6148716e-001
 6.6035593e-001
 6.5903395e-001
 6.5754151e-001
 6.5590137e-001
 6.5413970e-001
 6.5228599e-001
 6.5037239e-001
 6.4843524e-001
 6.4651281e-001
 6.4464563e-001
 6.4287406e-001
 6.4123553e-001
 6.3976401e-001
 6.3848633e-001
 6.3742203e-001
 6.3658190e-001
 6.3596749e-001
 6.3557208e-001
 6.3538110e-001
 6.3537359e-001
 6.3552326e-001
 6.3580006e-001
 6.3617122e-001
 6.3660228e-001
 6.3705796e-001
 6.3750297e-001
 6.3790309e-001
 6.3822579e-001
 6.3844168e-001
 6.3852566e-001
 6.3845813e-001
 6.3822645e-001
 6.3782609e-001
 6.3726151e-001
 6.3654655e-001
 6.3570482e-001
 6.3476771e-001
 6.3377374e-001
 6.3276541e-001
 6.3178569e-001
 6.3087583e-001
 6.3007164e-001
 6.2940156e-001
 6.2888479e-001
 6.2853014e-001
 6.2833625e-001
 6.2829167e-001
 6.2837648e-001
 6.2856334e-001
 6.2881994e-001
 6.2911075e-001
 6.2939918e-001
 6.2964976e-001
 6.2983006e-001
 6.2991273e-001
 6.2987673e-001
 6.2970865e-001
 6.2940353e-001
 6.2896478e-001
 6.2840432e-001
 6.2774169e-001
 6.2700331e-001
 6.2622094e-001
 6.2543046e-001
 6.2466967e-001
 6.2397701e-001
 6.2338895e-001
 6.2293833e-001
 6.2265301e-001
 6.2255412e-001
 6.2265581e-001
 6.2296468e-001
 6.2348020e-001
 6.2419480e-001
 6.2509537e-001
 6.2616318e-001
 6.2737542e-001
 6.2870657e-001
 6.3012928e-001
 6.3161588e-001
 6.3314050e-001
 6.3467896e-001
 6.3621062e-001
 6.3771731e-001
 6.3918322e-001
 6.4059472e-001
 6.4193845e-001
 6.4320236e-001
 6.4437437e-001
 6.4544368e-001
 6.4640188e-001
 6.4724326e-001
 6.4796674e-001
 6.4857596e-001
 6.4908046e-001
 6.4949572e-001
 6.4984244e-001
 6.5014642e-001
 6.5043682e-001
 6.5074438e-001
 6.5109944e-001
 6.5152878e-001
 6.5205312e-001
 6.5268469e-001
 6.5342438e-001
 6.5426123e-001
 6.5517151e-001
 6.5612048e-001
 6.5706563e-001
 6.5796065e-001
 6.5876126e-001
 6.5942991e-001
 6.5994078e-001
 6.6028237e-001
 6.6045779e-001
 6.6048360e-001
 6.6038632e-001
 6.6019875e-001
 6.5995574e-001
 6.5969080e-001
 6.5943348e-001
 6.5920848e-001
 6.5903479e-001
 6.5892625e-001
 6.5889239e-001
 6.5893924e-001
 6.5907025e-001
 6.5928686e-001
 6.5958947e-001
 6.5997785e-001
 6.6045123e-001
 6.6100848e-001
 6.6164756e-001
 6.6236496e-001
 6.6315424e-001
 6.6400534e-001
 6.6490412e-001
 6.6583186e-001
 6.6676652e-001
 6.6768408e-001
 6.6856033e-001
 6.6937441e-001
 6.7010969e-001
 6.7075694e-001
 6.7131412e-001
 6.7178673e-001
 6.7218679e-001
 6.7253083e-001
 6.7283815e-001
 6.7312926e-001
 6.7342412e-001
 6.7374170e-001
 6.7409879e-001
 6.7450929e-001
 6.7498314e-001
 6.7552519e-001
 6.7613477e-001
 6.7680508e-001
 6.7752409e-001
 6.7827630e-001
 6.7904443e-001
 6.7981279e-001
 6.8056911e-001
 6.8130624e-001
 6.8202335e-001
 6.8272430e-001
 6.8341714e-001
 6.8411124e-001
 6.8481511e-001
 6.8553489e-001
 6.8627262e-001
 6.8702638e-001
 6.8779039e-001
 6.8855613e-001
 6.8931413e-001
 6.9005442e-001
 6.9076854e-001
 6.9144940e-001
 6.9209200e-001
 6.9269353e-001
 6.9325268e-001
 6.9376969e-001
 6.9424564e-001
 6.9468182e-001
 6.9507998e-001
 6.9544125e-001
 6.9576645e-001
 6.9605595e-001
 6.9630915e-001
 6.9652438e-001
 6.9669902e-001
 6.9682926e-001
 6.9691074e-001
 6.9693863e-001
 6.9690835e-001
 6.9681585e-001
 6.9665831e-001
 6.9643426e-001
 6.9614398e-001
 6.9578928e-001
 6.9537365e-001
 6.9490200e-001
 6.9437963e-001
 6.9381237e-001
 6.9320548e-001
 6.9256276e-001
 6.9188696e-001
 6.9117844e-001
 6.9043565e-001
 6.8965483e-001
 6.8882948e-001
 6.8795079e-001
 6.8700689e-001
 6.8598408e-001
 6.8486691e-001
 6.8363905e-001
 6.8228567e-001
 6.8079340e-001
 6.7915297e-001
 6.7736000e-001
 6.7541480e-001
 6.7332411e-001
 6.7109889e-001
 6.6875482e-001
 6.6630960e-001
 6.6377980e-001
 6.6118002e-001
 6.5852004e-001
 6.5580249e-001
 6.5302545e-001
 6.5018070e-001
 6.4725882e-001
 6.4425081e-001
 6.4115000e-001
 6.3795698e-001
 6.3467771e-001
 6.3132620e-001
 6.2792158e-001
 6.2448376e-001
 6.2103218e-001
 6.1757839e-001
 6.1412591e-001
 6.1066675e-001
 6.0718083e-001
 6.0364068e-001
 6.0001081e-001
 5.9625435e-001
 5.9233350e-001
 5.8820885e-001
 5.8384180e-001
 5.7918787e-001
 5.7419860e-001
 5.6881911e-001
 5.6298739e-001
 5.5664265e-001
 5.4973042e-001
 5.4220808e-001
 5.3405952e-001
 5.2529436e-001
 5.1595861e-001
 5.0613165e-001
 4.9591762e-001
 4.8544589e-001
 4.7485158e-001
 4.6427482e-001
 4.5385000e-001
 4.4369873e-001
 4.3393907e-001
 4.2467868e-001
 4.1602665e-001
 4.0809062e-001
 4.0097150e-001
 3.9476231e-001
 3.8953093e-001
 3.8531479e-001
 3.8211074e-001
 3.7987328e-001
 3.7852260e-001
 3.7795454e-001
 3.7805429e-001
 3.7870798e-001
 3.7980795e-001
 3.8124982e-001
 3.8292325e-001
 3.8469964e-001
 3.8641885e-001
 3.8788444e-001
 3.8886434e-001
 3.8910303e-001
 3.8833988e-001
 3.8633165e-001
 3.8287365e-001
 3.7781909e-001
 3.7109080e-001
 3.6268267e-001
 3.5266358e-001
 3.4116247e-001
 3.2836592e-001
 3.1450391e-001
 2.9983330e-001
 2.8464016e-001
 2.6921818e-001
 2.5387430e-001
 2.3891602e-001
 2.2463755e-001
 2.1131995e-001
 1.9921294e-001
 1.8851827e-001
 1.7938809e-001
 1.7190668e-001
 1.6609512e-001
 1.6190910e-001
 1.5924537e-001
 1.5795618e-001
 1.5786090e-001
 1.5876304e-001
 1.6046473e-001
 1.6278192e-001
 1.6555437e-001
 1.6865660e-001
 1.7200132e-001
 1.7554259e-001
 1.7927623e-001
 1.8323237e-001
 1.8747151e-001
 1.9207093e-001
 1.9711356e-001
 2.0267692e-001
 2.0881712e-001
 2.1556032e-001
 2.2289877e-001
 2.3078281e-001
 2.3913032e-001
 2.4782698e-001
 2.5673923e-001
 2.6573029e-001
 2.7466595e-001
 2.8343543e-001
 2.9195344e-001
 3.0016920e-001
 3.0806974e-001
 3.1566903e-001
 3.2300666e-001
 3.3013031e-001
 3.3708632e-001
 3.4391156e-001
 3.5061988e-001
 3.5720509e-001
 3.6363611e-001
 3.6986402e-001
 3.7583166e-001
 3.8147843e-001
 3.8675180e-001
 3.9161706e-001
 3.9605799e-001
 4.0008295e-001
 4.0371877e-001
 4.0700662e-001
 4.0999481e-001
 4.1272765e-001
 4.1524065e-001
 4.1755328e-001
 4.1966933e-001
 4.2158088e-001
 4.2327404e-001
 4.2474046e-001
 4.2598581e-001
 4.2703798e-001
 4.2795044e-001
 4.2879871e-001
 4.2967343e-001
 4.3066773e-001
 4.3186373e-001
 4.3332040e-001
 4.3506238e-001
 4.3707648e-001
 4.3931034e-001
 4.4167852e-001
 4.4407326e-001
 4.4637513e-001
 4.4846743e-001
 4.5024902e-001
 4.5164260e-001
 4.5260274e-001
 4.5311660e-001
 4.5320284e-001
 4.5290625e-001
 4.5228991e-001
 4.5142621e-001
 4.5038825e-001
 4.4924214e-001
 4.4804084e-001
 4.4682220e-001
 4.4560772e-001
 4.4440582e-001
 4.4321582e-001
 4.4203264e-001
 4.4085273e-001
 4.3967712e-001
 4.3851462e-001
 4.3738219e-001
 4.3630406e-001
 4.3531162e-001
 4.3444228e-001
 4.3373904e-001
 4.3325132e-001
 4.3303394e-001
 4.3314582e-001
 4.3364584e-001
 4.3458721e-001
 4.3600926e-001
 4.3793035e-001
 4.4033992e-001
 4.4319487e-001
 4.4642055e-001
 4.4991246e-001
 4.5354748e-001
 4.5719185e-001
 4.6071473e-001
 4.6400073e-001
 4.6695647e-001
 4.6951896e-001
 4.7165442e-001
 4.7335687e-001
 4.7464263e-001
 4.7554159e-001
 4.7609058e-001
 4.7632629e-001
 4.7628137e-001
 4.7598332e-001
 4.7545576e-001
 4.7472206e-001
 4.7380909e-001
 4.7275177e-001
 4.7159415e-001
 4.7039014e-001
 4.6920034e-001
 4.6808681e-001
 4.6710801e-001
 4.6598741e-001
 4.6538442e-001
 4.6504128e-001
 4.6495548e-001
 4.6511114e-001
 4.6548539e-001
 4.6605456e-001
 4.6679839e-001
 4.6770242e-001
 4.6875727e-001
 4.6995845e-001
 4.7130370e-001
 4.7279102e-001
 4.7441658e-001
 4.7617096e-001
 4.7803682e-001
 4.7998798e-001
 4.8198795e-001
 4.8399392e-001
 4.8595938e-001
 4.8784035e-001
 4.8960090e-001
 4.9121481e-001
 4.9266791e-001
 4.9395493e-001
 4.9507672e-001
 4.9603650e-001
 4.9683595e-001
 4.9747521e-001
 4.9795428e-001
 4.9827829e-001
 4.9846303e-001
 4.9853829e-001
 4.9854711e-001
 4.9854013e-001
 4.9856701e-001
 4.9866784e-001
 4.9886632e-001
 4.9916661e-001
 4.9955341e-001
 4.9999470e-001
 5.0044686e-001
 5.0086039e-001
 5.0118655e-001
 5.0138277e-001
 5.0141674e-001
 5.0126845e-001
 5.0093144e-001
 5.0041264e-001
 4.9973133e-001
 4.9891707e-001
 4.9800634e-001
 4.9703857e-001
 4.9605173e-001
 4.9507818e-001
 4.9414366e-001
 4.9326599e-001
 4.9245661e-001
 4.9172133e-001
 4.9106109e-001
 4.9047342e-001
 4.8995358e-001
 4.8949730e-001
 4.8910451e-001
 4.8878315e-001
 4.8855332e-001
 4.8844805e-001
 4.8851177e-001
 4.8879483e-001
 4.8934573e-001
 4.9020234e-001
 4.9138412e-001
 4.9288762e-001
 4.9468359e-001
 4.9672011e-001
 4.9892554e-001
 5.0121564e-001
 5.0350189e-001
 5.0569731e-001
 5.0772583e-001
 5.0952584e-001
 5.1105565e-001
 5.1229560e-001
 5.1324689e-001
 5.1393020e-001
 5.1438046e-001
 5.1464128e-001
 5.1475805e-001
 5.1477140e-001
 5.1471293e-001
 5.1460314e-001
 5.1445329e-001
 5.1426858e-001
 5.1405275e-001
 5.1381093e-001
 5.1355016e-001
 5.1327872e-001
 5.1300359e-001
 5.1272982e-001
 5.1246047e-001
 5.1219839e-001
 5.1194823e-001
 5.1171809e-001
 5.1151967e-001
 5.1136690e-001
 5.1127386e-001
 5.1125216e-001
 5.1130873e-001
 5.1144427e-001
 5.1165211e-001
 5.1191849e-001
 5.1222277e-001
 5.1254052e-001
 5.1284599e-001
 5.1311666e-001
 5.1333702e-001
 5.1350123e-001
 5.1361310e-001
 5.1368463e-001
 5.1373249e-001
 5.1377511e-001
 5.1383054e-001
 5.1391613e-001
 5.1404911e-001
 5.1424694e-001
 5.1452696e-001
 5.1490378e-001
 5.1538634e-001
 5.1597577e-001
 5.1666379e-001
 5.1743454e-001
 5.1826614e-001
 5.1913375e-001
 5.2001131e-001
 5.2087229e-001
 5.2169037e-001
 5.2243972e-001
 5.2309656e-001
 5.2364117e-001
 5.2406007e-001
 5.2434790e-001
 5.2450937e-001
 5.2455914e-001
 5.2452177e-001
 5.2442902e-001
 5.2431726e-001
 5.2422327e-001
 5.2418011e-001
 5.2421457e-001
 5.2434504e-001
 5.2458143e-001
 5.2492571e-001
 5.2537268e-001
 5.2591068e-001
 5.2652210e-001
 5.2718425e-001
 5.2787149e-001
 5.2855653e-001
 5.2921295e-001
 5.2981699e-001
 5.3034866e-001
 5.3079289e-001
 5.3113979e-001
 5.3138387e-001
 5.3152305e-001
 5.3155655e-001
 5.3148359e-001
 5.3130251e-001
 5.3100991e-001
 5.3060162e-001
 5.3007376e-001
 5.2942526e-001
 5.2866131e-001
 5.2779627e-001
 5.2685541e-001
 5.2587479e-001
 5.2489769e-001
 5.2396983e-001
 5.2313304e-001
 5.2241939e-001
 5.2184814e-001
 5.2142286e-001
 5.2113199e-001
 5.2094978e-001
 5.2083921e-001
 5.2075630e-001
 5.2065414e-001
 5.2048802e-001
 5.2021933e-001
 5.1981950e-001
 5.1927316e-001
 5.1857978e-001
 5.1775390e-001
 5.1682270e-001
 5.1582110e-001
 5.1478589e-001
 5.1374996e-001
 5.1273704e-001
 5.1176095e-001
 5.1082504e-001
 5.0992548e-001
 5.0905377e-001
 5.0820166e-001
 5.0736302e-001
 5.0653648e-001
 5.0572717e-001
 5.0494444e-001
 5.0420022e-001
 5.0350398e-001
 5.0285840e-001
 5.0225395e-001
 5.0166887e-001
 5.0107265e-001
 5.0043219e-001
 4.9972138e-001
 4.9892998e-001
 4.9806839e-001
 4.9716932e-001
 4.9628404e-001
 4.9547580e-001
 4.9480852e-001
 4.9433705e-001
 4.9409837e-001
 4.9410492e-001
 4.9434391e-001
 4.9477905e-001
 4.9535641e-001
 4.9601114e-001
 4.9667403e-001
 4.9727890e-001
 4.9776772e-001
 4.9809572e-001
 4.9823454e-001
 4.9817434e-001
 4.9792260e-001
 4.9750093e-001
 4.9693912e-001
 4.9626863e-001
 4.9551713e-001
 4.9470320e-001
 4.9383470e-001
 4.9290839e-001
 4.9191275e-001
 4.9083045e-001
 4.8964351e-001
 4.8833975e-001
 4.8691583e-001
 4.8538154e-001
 4.8376256e-001
 4.8209730e-001
 4.8043448e-001
 4.7882971e-001
 4.7733739e-001
 4.7600687e-001
 4.7487780e-001
 4.7397873e-001
 4.7332528e-001
 4.7292265e-001
 4.7276753e-001
 4.7284883e-001
 4.7314799e-001
 4.7363684e-001
 4.7427642e-001
 4.7501689e-001
 4.7580001e-001
 4.7656378e-001
 4.7724989e-001
 4.7780880e-001
 4.7820365e-001
 4.7841257e-001
 4.7842741e-001
 4.7825155e-001
 4.7789606e-001
 4.7737560e-001
 4.7670397e-001
 4.7589156e-001
 4.7494218e-001
 4.7385308e-001
 4.7261706e-001
 4.7122368e-001
 4.6966326e-001
 4.6793130e-001
 4.6602881e-001
 4.6396491e-001
 4.6175903e-001
 4.5943761e-001
 4.5703435e-001
 4.5458579e-001
 4.5212963e-001
 4.4969696e-001
 4.4731054e-001
 4.4498473e-001
 4.4272146e-001
 4.4051221e-001
 4.3834105e-001
 4.3618357e-001
 4.3401223e-001
 4.3179935e-001
 4.2952400e-001
 4.2717332e-001
 4.2474771e-001
 4.2226449e-001
 4.1975337e-001
 4.1725424e-001
 4.1481230e-001
 4.1246656e-001
 4.1024482e-001
 4.0816042e-001
 4.0620759e-001
 4.0436473e-001
 4.0259632e-001
 4.0085757e-001
 3.9909458e-001
 3.9724809e-001
 3.9525691e-001
 3.9305770e-001
 3.9058882e-001
 3.8779494e-001
 3.8462555e-001
 3.8103807e-001
 3.7699595e-001
 3.7247127e-001
 3.6743724e-001
 3.6186954e-001
 3.5575020e-001
 3.4905997e-001
 3.4178168e-001
 3.3390597e-001
 3.2542083e-001
 3.1631634e-001
 3.0659348e-001
 2.9625458e-001
 2.8531760e-001
 2.7381870e-001
 2.6183170e-001
 2.4945803e-001
 2.3683724e-001
 2.2415285e-001
 2.1160430e-001
 1.9940130e-001
 1.8775631e-001
 1.7685299e-001
 1.6684853e-001
 1.5786393e-001
 1.4999108e-001
 1.4328060e-001
 1.3775140e-001
 1.3339642e-001
 1.3017882e-001
 1.2804177e-001
 1.2691225e-001
 1.2669966e-001
 1.2729719e-001
 1.2857810e-001
 1.3039401e-001
 1.3257413e-001
 1.3492885e-001
 1.3725519e-001
 1.3935338e-001
 1.4104266e-001
 1.4218099e-001
 1.4268737e-001
 1.4255512e-001
 1.4185946e-001
 1.4075343e-001
 1.3945343e-001
 1.3821557e-001
 1.3730790e-001
 1.3697794e-001
 1.3742645e-001
 1.3878508e-001
 1.4110512e-001
 1.4435725e-001
 1.4843810e-001
 1.5319294e-001
 1.5843669e-001
 1.6397236e-001
 1.6961828e-001
 1.7521629e-001
 1.8063982e-001
 1.8578663e-001
 1.9057944e-001
 1.9495307e-001
 1.9884591e-001
 2.0220606e-001
 2.0499386e-001
 2.0719133e-001
 2.0881799e-001
 2.0993666e-001
 2.1065554e-001
 2.1111991e-001
 2.1149704e-001
 2.1195450e-001
 2.1263863e-001
 2.1365787e-001
 2.1507268e-001
 2.1689223e-001
 2.1908252e-001
 2.2157772e-001
 2.2429813e-001
 2.2716573e-001
 2.3012352e-001
 2.3314343e-001
 2.3622592e-001
 2.3939855e-001
 2.4270277e-001
 2.4617736e-001
 2.4984950e-001
 2.5372130e-001
 2.5775963e-001
 2.6189947e-001
 2.6604360e-001
 2.7007332e-001
 2.7385855e-001
 2.7728125e-001
 2.8025109e-001
 2.8272036e-001
 2.8469938e-001
 2.8625682e-001
 2.8751329e-001
 2.8862980e-001
 2.8978726e-001
 2.9116568e-001
 2.9292145e-001
 2.9517055e-001
 2.9797485e-001
 3.0133387e-001
 3.0519089e-001
 3.0944088e-001
 3.1394094e-001
 3.1853205e-001
 3.2305104e-001
 3.2734025e-001
 3.3126521e-001
 3.3471957e-001
 3.3763385e-001
 3.3997643e-001
 3.4175724e-001
 3.4302005e-001
 3.4383380e-001
 3.4428415e-001
 3.4446239e-001
 3.4445730e-001
 3.4434900e-001
 3.4420472e-001
 3.4407738e-001
 3.4400585e-001
 3.4401768e-001
 3.4413263e-001
 3.4436581e-001
 3.4472919e-001
 3.4523103e-001
 3.4587243e-001
 3.4664509e-001
 3.4752840e-001
 3.4848788e-001
 3.4947741e-001
 3.5044074e-001
 3.5131654e-001
 3.5204303e-001
 3.5256535e-001
 3.5283968e-001
 3.5283628e-001
 3.5254028e-001
 3.5194981e-001
 3.5107407e-001
 3.4992993e-001
 3.4853992e-001
 3.4692997e-001
 3.4512970e-001
 3.4316903e-001
 3.4107748e-001
 3.3888322e-001
 3.3660737e-001
 3.3426243e-001
 3.3185241e-001
 3.2936883e-001
 3.2679302e-001
 3.2409948e-001
 3.2125404e-001
 3.1821796e-001
 3.1494868e-001
 3.1140563e-001
 3.0754998e-001
 3.0335236e-001
 2.9880181e-001
 2.9390395e-001
 2.8868392e-001
 2.8318799e-001
 2.7747172e-001
 2.7160066e-001
 2.6564521e-001
 2.5968486e-001
 2.5379854e-001
 2.4806717e-001
 2.4257505e-001
 2.3739845e-001
 2.3260742e-001
 2.2826745e-001
 2.2443227e-001
 2.2114870e-001
 2.1845950e-001
 2.1639942e-001
 2.1499804e-001
 2.1427667e-001
 2.1424523e-001
 2.1489686e-001
 2.1620549e-001
 2.1812241e-001
 2.2057848e-001
 2.2348587e-001
 2.2673862e-001
 2.3022130e-001
 2.3381214e-001
 2.3739184e-001
 2.4084781e-001
 2.4408571e-001
 2.4703066e-001
 2.4962635e-001
 2.5183794e-001
 2.5364611e-001
 2.5504130e-001
 2.5602111e-001
 2.5658339e-001
 2.5672454e-001
 2.5644046e-001
 2.5573206e-001
 2.5461349e-001
 2.5312346e-001
 2.5133294e-001
 2.4935019e-001
 2.4731986e-001
 2.4540919e-001
 2.4379176e-001
 2.4262734e-001
 2.4203898e-001
 2.4209885e-001
 2.4281923e-001
 2.4415122e-001
 2.4599349e-001
 2.4820670e-001
 2.5062984e-001
 2.5310305e-001
 2.5548339e-001
 2.5765616e-001
 2.5954568e-001
 2.6111457e-001
 2.6236153e-001
 2.6331374e-001
 2.6401979e-001
 2.6453841e-001
 2.6492685e-001
 2.6523033e-001
 2.6547182e-001
 2.6564628e-001
 2.6572058e-001
 2.6563880e-001
 2.6533273e-001
 2.6473531e-001
 2.6379484e-001
 2.6248682e-001
 2.6082262e-001
 2.5884837e-001
 2.5663975e-001
 2.5429416e-001
 2.5191581e-001
 2.4960639e-001
 2.4745750e-001
 2.4553952e-001
 2.4389763e-001
 2.4254747e-001
 2.4147594e-001
 2.4064343e-001
 2.3999296e-001
 2.3946084e-001
 2.3898636e-001
 2.3852104e-001
 2.3803432e-001
 2.3751426e-001
 2.3696500e-001
 2.3640053e-001
 2.3583442e-001
 2.3527081e-001
 2.3469731e-001
 2.3408425e-001
 2.3338880e-001
 2.3256484e-001
 2.3157541e-001
 2.3040223e-001
 2.2905305e-001
 2.2756487e-001
 2.2599879e-001
 2.2443436e-001
 2.2296079e-001
 2.2167079e-001
 2.2065242e-001
 2.1998474e-001
 2.1973135e-001
 2.1993087e-001
 2.2058815e-001
 2.2166444e-001
 2.2307377e-001
 2.2468482e-001
 2.2633016e-001
 2.2782615e-001
 2.2899261e-001
 2.2967273e-001
 2.2974554e-001
 2.2913204e-001
 2.2779295e-001
 2.2572671e-001
 2.2296485e-001
 2.1957064e-001
 2.1564005e-001
 2.1129151e-001
 2.0665897e-001
 2.0187753e-001
 1.9707644e-001
 1.9236566e-001
 1.8783952e-001
 1.8358468e-001
 1.7967886e-001
 1.7619565e-001
 1.7320172e-001
 1.7074248e-001
 1.6883522e-001
 1.6746375e-001
 1.6657497e-001
 1.6608582e-001
 1.6589107e-001
 1.6587278e-001
 1.6590862e-001
 1.6587915e-001
 1.6567408e-001
 1.6519871e-001
 1.6438013e-001
 1.6317247e-001
 1.6155648e-001
 1.5953633e-001
 1.5713155e-001
 1.5437144e-001
 1.5128425e-001
 1.4789301e-001
 1.4421558e-001
 1.4026050e-001
 1.3603379e-001
 1.3154861e-001
 1.2682444e-001
 1.2189291e-001
 1.1679494e-001
 1.1158367e-001
 1.0631540e-001
 1.0105059e-001
 9.5853485e-002
 9.0779260e-002
 8.5873552e-002
 8.1174508e-002
 7.6708220e-002
 7.2497420e-002
 6.8569802e-002
 6.4956568e-002
 6.1698619e-002
 5.8843251e-002
 5.6441102e-002
 5.4534059e-002
 5.3151619e-002
 5.2310653e-002
 5.2018810e-002
 5.2283727e-002
 5.3116258e-002
 5.4527652e-002
 5.6519944e-002
 5.9075560e-002
 6.2147234e-002
 6.5660931e-002
 6.9521174e-002
 7.3620714e-002
 7.7862695e-002
 8.2174659e-002
 8.6516857e-002
 9.0889908e-002
 9.5320687e-002
 9.9838100e-002
 1.0445601e-001
 1.0915285e-001
 1.1387152e-001
 1.1852660e-001
 1.2303104e-001
 1.2731294e-001
 1.3132720e-001
 1.3506733e-001
 1.3855755e-001
 1.4183508e-001
 1.4493166e-001
 1.4784850e-001
 1.5055124e-001
 1.5298234e-001
 1.5509184e-001
 1.5685651e-001
-1.2300000e+034
