s07_ASD Record=14629: Seawater_Open_Ocean SW2 lwch  BECKa AREF
 4.2060804e-002
 4.2176470e-002
 4.2292386e-002
 4.2408556e-002
 4.2524979e-002
 4.2641651e-002
 4.2758565e-002
 4.2875718e-002
 4.2993106e-002
 4.3110713e-002
 4.3228548e-002
 4.3346588e-002
 4.3464836e-002
 4.3583300e-002
 4.3701965e-002
 4.3820843e-002
 4.3939918e-002
 4.4059191e-002
 4.4178650e-002
 4.4298299e-002
 4.4418138e-002
 4.4538148e-002
 4.4658341e-002
 4.4778697e-002
 4.4899229e-002
 4.5019917e-002
 4.5140773e-002
 4.5261789e-002
 4.5382958e-002
 4.5504279e-002
 4.5625735e-002
 4.5747332e-002
 4.5869049e-002
 4.5990895e-002
 4.6112873e-002
 4.6234969e-002
 4.6357188e-002
 4.6479519e-002
 4.6601962e-002
 4.6724509e-002
 4.6847157e-002
 4.6969905e-002
 4.7092743e-002
 4.7215674e-002
 4.7338679e-002
 4.7461748e-002
 4.7584828e-002
 4.7707804e-002
 4.7830407e-002
 4.7952093e-002
 4.8071846e-002
 4.8187997e-002
 4.8298139e-002
 4.8399229e-002
 4.8487924e-002
 4.8560958e-002
 4.8615959e-002
 4.8652790e-002
 4.8672806e-002
 4.8676908e-002
 4.8668634e-002
 4.8653398e-002
 4.8632726e-002
 4.8606366e-002
 4.8572350e-002
 4.8528545e-002
 4.8474085e-002
 4.8409298e-002
 4.8335217e-002
 4.8253760e-002
 4.8167288e-002
 4.8077967e-002
 4.7987290e-002
 4.7895961e-002
 4.7803927e-002
 4.7710363e-002
 4.7613699e-002
 4.7511674e-002
 4.7401652e-002
 4.7281157e-002
 4.7148462e-002
 4.7003195e-002
 4.6846502e-002
 4.6680868e-002
 4.6509426e-002
 4.6335112e-002
 4.6159934e-002
 4.5984589e-002
 4.5808639e-002
 4.5631088e-002
 4.5451179e-002
 4.5269020e-002
 4.5085892e-002
 4.4903964e-002
 4.4725768e-002
 4.4553619e-002
 4.4389222e-002
 4.4233765e-002
 4.4088379e-002
 4.3954786e-002
 4.3835331e-002
 4.3732267e-002
 4.3646570e-002
 4.3576926e-002
 4.3519180e-002
 4.3467041e-002
 4.3414369e-002
 4.3357451e-002
 4.3296080e-002
 4.3232977e-002
 4.3171827e-002
 4.3115105e-002
 4.3062713e-002
 4.3011904e-002
 4.2958349e-002
 4.2897619e-002
 4.2826384e-002
 4.2742826e-002
 4.2646389e-002
 4.2537261e-002
 4.2416051e-002
 4.2283729e-002
 4.2141769e-002
 4.1992228e-002
 4.1837581e-002
 4.1680317e-002
 4.1522335e-002
 4.1364368e-002
 4.1205630e-002
 4.1043900e-002
 4.0875912e-002
 4.0697891e-002
 4.0506154e-002
 4.0297657e-002
 4.0070564e-002
 3.9824504e-002
 3.9560564e-002
 3.9280739e-002
 3.8987320e-002
 3.8682360e-002
 3.8367335e-002
 3.8043190e-002
 3.7710439e-002
 3.7369560e-002
 3.7021063e-002
 3.6665406e-002
 3.6302738e-002
 3.5932638e-002
 3.5554480e-002
 3.5167925e-002
 3.4773678e-002
 3.4373861e-002
 3.3972230e-002
 3.3573676e-002
 3.3183254e-002
 3.2804683e-002
 3.2439750e-002
 3.2088701e-002
 3.1751569e-002
 3.1429108e-002
 3.1123038e-002
 3.0835332e-002
 3.0567253e-002
 3.0318959e-002
 3.0089634e-002
 2.9878283e-002
 2.9684357e-002
 2.9507764e-002
 2.9348200e-002
 2.9204233e-002
 2.9073101e-002
 2.8951343e-002
 2.8835857e-002
 2.8724521e-002
 2.8616160e-002
 2.8510053e-002
 2.8405542e-002
 2.8302016e-002
 2.8199023e-002
 2.8096274e-002
 2.7993357e-002
 2.7889512e-002
 2.7783846e-002
 2.7675869e-002
 2.7566053e-002
 2.7455837e-002
 2.7347062e-002
 2.7241070e-002
 2.7138067e-002
 2.7036903e-002
 2.6935399e-002
 2.6831264e-002
 2.6723221e-002
 2.6611794e-002
 2.6499011e-002
 2.6387416e-002
 2.6279055e-002
 2.6174966e-002
 2.6074938e-002
 2.5977628e-002
 2.5881257e-002
 2.5784574e-002
 2.5687452e-002
 2.5590735e-002
 2.5495617e-002
 2.5403107e-002
 2.5313677e-002
 2.5227278e-002
 2.5143513e-002
 2.5061980e-002
 2.4982469e-002
 2.4904866e-002
 2.4828628e-002
 2.4752349e-002
 2.4674084e-002
 2.4592301e-002
 2.4506850e-002
 2.4418924e-002
 2.4329944e-002
 2.4240335e-002
 2.4149280e-002
 2.4055693e-002
 2.3959335e-002
 2.3861080e-002
 2.3762085e-002
 2.3662800e-002
 2.3562709e-002
 2.3460938e-002
 2.3357086e-002
 2.3251601e-002
 2.3145691e-002
 2.3040898e-002
 2.2938576e-002
 2.2839405e-002
 2.2743084e-002
 2.2648487e-002
 2.2554329e-002
 2.2459906e-002
 2.2365347e-002
 2.2271408e-002
 2.2179147e-002
 2.2089712e-002
 2.2004120e-002
 2.1922896e-002
 2.1845823e-002
 2.1772139e-002
 2.1701271e-002
 2.1633472e-002
 2.1569673e-002
 2.1510620e-002
 2.1456286e-002
 2.1406146e-002
 2.1359876e-002
 2.1317791e-002
 2.1280451e-002
 2.1247696e-002
 2.1218207e-002
 2.1190263e-002
 2.1163302e-002
 2.1138655e-002
 2.1118395e-002
 2.1103090e-002
 2.1090781e-002
 2.1078410e-002
 2.1064240e-002
 2.1048805e-002
 2.1033738e-002
 2.1020152e-002
 2.1008097e-002
 2.0997092e-002
 2.0986751e-002
 2.0976808e-002
 2.0966955e-002
 2.0957015e-002
 2.0947106e-002
 2.0937350e-002
 2.0927675e-002
 2.0918138e-002
 2.0909145e-002
 2.0901000e-002
 2.0893274e-002
 2.0884924e-002
 2.0875180e-002
 2.0864358e-002
 2.0853592e-002
 2.0843890e-002
 2.0835707e-002
 2.0829227e-002
 2.0824380e-002
 2.0820394e-002
 2.0815846e-002
 2.0809675e-002
 2.0802144e-002
 2.0794699e-002
 2.0788636e-002
 2.0783689e-002
 2.0778090e-002
 2.0770194e-002
 2.0759875e-002
 2.0748409e-002
 2.0737268e-002
 2.0726912e-002
 2.0716444e-002
 2.0704420e-002
 2.0690475e-002
 2.0676358e-002
 2.0664942e-002
 2.0657660e-002
 2.0653304e-002
 2.0649375e-002
 2.0644138e-002
 2.0637434e-002
 2.0630170e-002
 2.0623364e-002
 2.0617571e-002
 2.0612918e-002
 2.0609347e-002
 2.0606689e-002
 2.0604566e-002
 2.0602245e-002
 2.0598782e-002
 2.0593543e-002
 2.0586707e-002
 2.0579100e-002
 2.0571521e-002
 2.0564284e-002
 2.0557253e-002
 2.0550122e-002
 2.0542655e-002
 2.0534728e-002
 2.0526288e-002
 2.0517327e-002
 2.0507950e-002
 2.0498537e-002
 2.0489782e-002
 2.0482402e-002
 2.0476542e-002
 2.0471394e-002
 2.0465601e-002
 2.0458255e-002
 2.0449558e-002
 2.0440523e-002
 2.0431994e-002
 2.0423943e-002
 2.0415600e-002
 2.0406093e-002
 2.0394990e-002
 2.0382447e-002
 2.0369161e-002
 2.0356262e-002
 2.0344935e-002
 2.0335741e-002
 2.0328179e-002
 2.0320922e-002
 2.0312926e-002
 2.0304000e-002
 2.0294476e-002
 2.0284945e-002
 2.0276004e-002
 2.0267945e-002
 2.0260531e-002
 2.0253055e-002
 2.0244852e-002
 2.0236203e-002
 2.0228274e-002
 2.0221366e-002
 2.0213932e-002
 2.0204365e-002
 2.0192934e-002
 2.0181177e-002
 2.0170212e-002
 2.0160010e-002
 2.0149790e-002
 2.0138968e-002
 2.0127632e-002
 2.0115964e-002
 2.0103760e-002
 2.0091018e-002
 2.0078376e-002
 2.0066345e-002
 2.0054866e-002
 2.0044371e-002
 2.0036297e-002
 2.0031327e-002
 2.0028155e-002
 2.0025155e-002
 2.0022165e-002
 2.0019626e-002
 2.0017229e-002
 2.0014510e-002
 2.0011831e-002
 2.0009900e-002
 2.0008758e-002
 2.0007681e-002
 2.0005981e-002
 2.0003971e-002
 2.0002319e-002
 2.0000029e-002
 1.9993924e-002
 1.9980308e-002
 1.9962043e-002
 1.9949609e-002
 1.9948246e-002
 1.9952867e-002
 1.9956972e-002
 1.9958066e-002
 1.9957133e-002
 1.9955989e-002
 1.9955482e-002
 1.9955330e-002
 1.9954978e-002
 1.9954160e-002
 1.9952927e-002
 1.9951416e-002
 1.9949701e-002
 1.9947788e-002
 1.9945655e-002
 1.9943304e-002
 1.9940754e-002
 1.9938031e-002
 1.9935150e-002
 1.9932128e-002
 1.9928979e-002
 1.9925715e-002
 1.9922355e-002
 1.9918915e-002
 1.9915409e-002
 1.9911852e-002
 1.9908255e-002
 1.9905215e-002
 1.9901589e-002
 1.9897968e-002
 1.9894369e-002
 1.9890811e-002
 1.9887308e-002
 1.9883867e-002
 1.9880515e-002
 1.9877264e-002
 1.9874124e-002
 1.9871116e-002
 1.9868260e-002
 1.9865561e-002
 1.9863037e-002
 1.9860700e-002
 1.9858561e-002
 1.9856647e-002
 1.9854980e-002
 1.9853586e-002
 1.9852489e-002
 1.9851677e-002
 1.9851062e-002
 1.9850791e-002
 1.9850727e-002
 1.9850813e-002
 1.9850943e-002
 1.9851018e-002
 1.9850938e-002
 1.9850599e-002
 1.9849969e-002
 1.9849058e-002
 1.9847892e-002
 1.9846492e-002
 1.9844878e-002
 1.9843066e-002
 1.9841067e-002
 1.9838894e-002
 1.9836551e-002
 1.9834055e-002
 1.9831412e-002
 1.9828638e-002
 1.9825744e-002
 1.9822748e-002
 1.9819660e-002
 1.9816492e-002
 1.9813258e-002
 1.9809971e-002
 1.9806640e-002
 1.9803286e-002
 1.9799909e-002
 1.9796532e-002
 1.9793166e-002
 1.9789815e-002
 1.9786501e-002
 1.9783234e-002
 1.9780027e-002
 1.9776888e-002
 1.9773833e-002
 1.9770877e-002
 1.9768029e-002
 1.9765306e-002
 1.9762715e-002
 1.9760277e-002
 1.9758001e-002
 1.9755902e-002
 1.9753991e-002
 1.9752279e-002
 1.9750778e-002
 1.9749494e-002
 1.9748444e-002
 1.9747633e-002
 1.9747077e-002
 1.9746779e-002
 1.9746751e-002
 1.9746980e-002
 1.9747460e-002
 1.9748176e-002
 1.9749114e-002
 1.9750267e-002
 1.9751621e-002
 1.9753166e-002
 1.9754885e-002
 1.9756777e-002
 1.9758822e-002
 1.9761015e-002
 1.9763343e-002
 1.9765800e-002
 1.9768372e-002
 1.9771047e-002
 1.9773819e-002
 1.9776678e-002
 1.9779610e-002
 1.9782605e-002
 1.9785656e-002
 1.9788750e-002
 1.9791877e-002
 1.9795027e-002
 1.9798193e-002
 1.9801361e-002
 1.9804521e-002
 1.9807667e-002
 1.9810785e-002
 1.9813865e-002
 1.9816898e-002
 1.9819871e-002
 1.9822780e-002
 1.9825609e-002
 1.9828344e-002
 1.9830979e-002
 1.9833500e-002
 1.9835893e-002
 1.9838143e-002
 1.9840248e-002
 1.9842187e-002
 1.9843955e-002
 1.9845536e-002
 1.9846918e-002
 1.9848103e-002
 1.9849084e-002
 1.9849859e-002
 1.9850424e-002
 1.9850776e-002
 1.9850912e-002
 1.9850830e-002
 1.9850528e-002
 1.9850003e-002
 1.9849252e-002
 1.9848285e-002
 1.9847116e-002
 1.9845754e-002
 1.9844210e-002
 1.9842496e-002
 1.9840628e-002
 1.9838611e-002
 1.9836459e-002
 1.9834185e-002
 1.9831795e-002
 1.9829303e-002
 1.9826716e-002
 1.9824045e-002
 1.9821294e-002
 1.9818474e-002
 1.9815592e-002
 1.9812660e-002
 1.9809686e-002
 1.9806677e-002
 1.9803641e-002
 1.9800590e-002
 1.9797534e-002
 1.9794477e-002
 1.9791439e-002
 1.9788416e-002
 1.9785430e-002
 1.9782484e-002
 1.9779591e-002
 1.9776758e-002
 1.9773992e-002
 1.9771306e-002
 1.9768706e-002
 1.9766200e-002
 1.9763799e-002
 1.9761508e-002
 1.9759344e-002
 1.9757306e-002
 1.9755412e-002
 1.9753668e-002
 1.9752091e-002
 1.9750688e-002
 1.9749472e-002
 1.9748455e-002
 1.9747650e-002
 1.9747058e-002
 1.9746665e-002
 1.9746449e-002
 1.9746386e-002
 1.9746458e-002
 1.9746644e-002
 1.9746922e-002
 1.9747268e-002
 1.9747665e-002
 1.9748084e-002
 1.9748501e-002
 1.9748857e-002
 1.9749178e-002
 1.9749416e-002
 1.9749550e-002
 1.9749558e-002
 1.9749414e-002
 1.9749098e-002
 1.9748582e-002
 1.9747844e-002
 1.9746864e-002
 1.9745626e-002
 1.9744130e-002
 1.9742385e-002
 1.9740403e-002
 1.9738192e-002
 1.9735768e-002
 1.9733142e-002
 1.9730326e-002
 1.9727329e-002
 1.9724166e-002
 1.9720845e-002
 1.9717379e-002
 1.9713780e-002
 1.9710060e-002
 1.9706231e-002
 1.9702302e-002
 1.9698286e-002
 1.9694198e-002
 1.9690042e-002
 1.9685838e-002
 1.9681592e-002
 1.9677317e-002
 1.9673027e-002
 1.9668728e-002
 1.9664438e-002
 1.9660166e-002
 1.9655922e-002
 1.9651720e-002
 1.9647568e-002
 1.9643478e-002
 1.9639948e-002
 1.9636024e-002
 1.9632163e-002
 1.9628370e-002
 1.9624650e-002
 1.9621003e-002
 1.9617431e-002
 1.9613933e-002
 1.9610513e-002
 1.9607171e-002
 1.9603910e-002
 1.9600727e-002
 1.9597625e-002
 1.9594602e-002
 1.9591661e-002
 1.9588800e-002
 1.9586021e-002
 1.9583320e-002
 1.9580701e-002
 1.9578163e-002
 1.9575704e-002
 1.9573325e-002
 1.9571025e-002
 1.9568807e-002
 1.9566668e-002
 1.9564612e-002
 1.9562637e-002
 1.9560745e-002
 1.9558936e-002
 1.9557212e-002
 1.9555572e-002
 1.9554015e-002
 1.9552546e-002
 1.9551158e-002
 1.9549858e-002
 1.9548642e-002
 1.9547511e-002
 1.9546466e-002
 1.9545509e-002
 1.9544635e-002
 1.9543849e-002
 1.9543150e-002
 1.9542536e-002
 1.9542005e-002
 1.9541556e-002
 1.9541187e-002
 1.9540893e-002
 1.9540666e-002
 1.9540498e-002
 1.9540379e-002
 1.9540295e-002
 1.9540230e-002
 1.9540166e-002
 1.9540086e-002
 1.9539969e-002
 1.9539792e-002
 1.9539539e-002
 1.9539185e-002
 1.9538717e-002
 1.9538119e-002
 1.9537382e-002
 1.9536491e-002
 1.9535447e-002
 1.9534240e-002
 1.9532874e-002
 1.9531351e-002
 1.9529674e-002
 1.9527847e-002
 1.9525878e-002
 1.9523773e-002
 1.9521540e-002
 1.9519186e-002
 1.9516720e-002
 1.9514149e-002
 1.9511484e-002
 1.9508731e-002
 1.9505896e-002
 1.9502992e-002
 1.9500025e-002
 1.9497002e-002
 1.9493932e-002
 1.9490825e-002
 1.9487688e-002
 1.9484527e-002
 1.9481353e-002
 1.9478174e-002
 1.9474998e-002
 1.9471832e-002
 1.9468686e-002
 1.9465566e-002
 1.9462483e-002
 1.9459441e-002
 1.9456452e-002
 1.9453520e-002
 1.9450655e-002
 1.9447865e-002
 1.9445153e-002
 1.9442525e-002
 1.9439988e-002
 1.9437542e-002
 1.9435193e-002
 1.9432943e-002
 1.9430790e-002
 1.9428736e-002
 1.9426778e-002
 1.9424917e-002
 1.9423148e-002
 1.9421468e-002
 1.9419877e-002
 1.9418368e-002
 1.9416941e-002
 1.9415589e-002
 1.9414311e-002
 1.9413102e-002
 1.9411959e-002
 1.9410877e-002
 1.9409852e-002
 1.9408884e-002
 1.9407963e-002
 1.9407092e-002
 1.9406263e-002
 1.9405473e-002
 1.9404719e-002
 1.9403996e-002
 1.9403303e-002
 1.9402632e-002
 1.9401984e-002
 1.9401353e-002
 1.9400733e-002
 1.9400124e-002
 1.9399520e-002
 1.9398918e-002
 1.9398315e-002
 1.9397706e-002
 1.9397087e-002
 1.9396456e-002
 1.9395808e-002
 1.9395139e-002
 1.9394448e-002
 1.9393727e-002
 1.9392975e-002
 1.9392189e-002
 1.9391363e-002
 1.9390497e-002
 1.9389585e-002
 1.9388625e-002
 1.9387616e-002
 1.9386554e-002
 1.9385438e-002
 1.9384271e-002
 1.9383049e-002
 1.9381775e-002
 1.9380450e-002
 1.9379077e-002
 1.9377658e-002
 1.9376198e-002
 1.9374700e-002
 1.9373167e-002
 1.9371605e-002
 1.9370016e-002
 1.9368408e-002
 1.9366784e-002
 1.9365150e-002
 1.9363509e-002
 1.9361869e-002
 1.9360229e-002
 1.9358600e-002
 1.9356983e-002
 1.9355385e-002
 1.9353811e-002
 1.9352263e-002
 1.9350749e-002
 1.9349271e-002
 1.9347837e-002
 1.9346450e-002
 1.9345116e-002
 1.9343836e-002
 1.9342620e-002
 1.9341471e-002
 1.9340392e-002
 1.9339388e-002
 1.9338464e-002
 1.9337624e-002
 1.9336870e-002
 1.9336205e-002
 1.9335629e-002
 1.9335141e-002
 1.9334737e-002
 1.9334411e-002
 1.9334156e-002
 1.9333959e-002
 1.9333802e-002
 1.9333674e-002
 1.9333551e-002
 1.9333413e-002
 1.9333238e-002
 1.9333007e-002
 1.9332698e-002
 1.9332293e-002
 1.9331776e-002
 1.9331131e-002
 1.9330354e-002
 1.9329432e-002
 1.9328367e-002
 1.9327154e-002
 1.9325795e-002
 1.9324293e-002
 1.9322656e-002
 1.9320887e-002
 1.9318992e-002
 1.9316981e-002
 1.9314859e-002
 1.9312637e-002
 1.9310322e-002
 1.9307919e-002
 1.9305440e-002
 1.9302890e-002
 1.9300280e-002
 1.9297617e-002
 1.9294906e-002
 1.9292159e-002
 1.9289382e-002
 1.9286584e-002
 1.9283775e-002
 1.9280959e-002
 1.9278146e-002
 1.9275343e-002
 1.9272560e-002
 1.9269804e-002
 1.9267084e-002
 1.9264406e-002
 1.9261779e-002
 1.9259213e-002
 1.9256713e-002
 1.9254288e-002
 1.9251946e-002
 1.9249696e-002
 1.9247547e-002
 1.9245503e-002
 1.9243576e-002
 1.9241769e-002
 1.9240094e-002
 1.9238554e-002
 1.9237155e-002
 1.9235902e-002
 1.9234795e-002
 1.9233836e-002
 1.9233018e-002
 1.9232335e-002
 1.9231772e-002
 1.9231316e-002
 1.9230947e-002
 1.9230641e-002
 1.9230373e-002
 1.9230118e-002
 1.9229850e-002
 1.9229539e-002
 1.9229164e-002
 1.9228706e-002
 1.9228145e-002
 1.9227467e-002
 1.9226665e-002
 1.9225730e-002
 1.9224657e-002
 1.9223450e-002
 1.9222105e-002
 1.9220630e-002
 1.9219022e-002
 1.9217290e-002
 1.9215435e-002
 1.9213464e-002
 1.9211382e-002
 1.9209193e-002
 1.9206902e-002
 1.9204512e-002
 1.9202033e-002
 1.9199464e-002
 1.9196816e-002
 1.9194089e-002
 1.9191291e-002
 1.9188425e-002
 1.9185498e-002
 1.9182513e-002
 1.9179476e-002
 1.9176394e-002
 1.9173268e-002
 1.9170105e-002
 1.9166911e-002
 1.9163691e-002
 1.9160446e-002
 1.9157186e-002
 1.9153913e-002
 1.9150633e-002
 1.9147351e-002
 1.9144071e-002
 1.9140799e-002
 1.9137535e-002
 1.9134289e-002
 1.9131061e-002
 1.9127855e-002
 1.9124676e-002
 1.9121522e-002
 1.9118402e-002
 1.9115312e-002
 1.9112257e-002
 1.9109240e-002
 1.9106258e-002
 1.9103315e-002
 1.9100411e-002
 1.9097546e-002
 1.9094724e-002
 1.9091943e-002
 1.9089207e-002
 1.9086514e-002
 1.9083865e-002
 1.9081261e-002
 1.9078705e-002
 1.9076195e-002
 1.9073734e-002
 1.9071320e-002
 1.9068958e-002
 1.9066645e-002
 1.9064384e-002
 1.9062173e-002
 1.9060018e-002
 1.9057915e-002
 1.9055866e-002
 1.9053873e-002
 1.9051936e-002
 1.9050056e-002
 1.9048234e-002
 1.9046472e-002
 1.9044770e-002
 1.9043125e-002
 1.9041544e-002
 1.9040026e-002
 1.9038567e-002
 1.9037174e-002
 1.9035846e-002
 1.9034583e-002
 1.9033385e-002
 1.9032255e-002
 1.9031193e-002
 1.9030198e-002
 1.9029273e-002
 1.9028416e-002
 1.9027628e-002
 1.9026909e-002
 1.9026261e-002
 1.9025678e-002
 1.9025164e-002
 1.9024715e-002
 1.9024331e-002
 1.9024009e-002
 1.9023746e-002
 1.9023541e-002
 1.9023390e-002
 1.9023292e-002
 1.9023241e-002
 1.9023236e-002
 1.9023275e-002
 1.9023351e-002
 1.9023465e-002
 1.9023612e-002
 1.9023789e-002
 1.9023992e-002
 1.9024219e-002
 1.9024467e-002
 1.9024732e-002
 1.9025009e-002
 1.9025300e-002
 1.9025596e-002
 1.9025898e-002
 1.9026199e-002
 1.9026501e-002
 1.9026797e-002
 1.9027084e-002
 1.9027360e-002
 1.9027621e-002
 1.9027865e-002
 1.9028086e-002
 1.9028286e-002
 1.9028457e-002
 1.9028597e-002
 1.9028703e-002
 1.9028774e-002
 1.9028801e-002
 1.9028788e-002
 1.9028729e-002
 1.9028619e-002
 1.9028457e-002
 1.9028239e-002
 1.9027961e-002
 1.9027622e-002
 1.9027218e-002
 1.9026749e-002
 1.9026209e-002
 1.9025596e-002
 1.9024912e-002
 1.9024152e-002
 1.9023318e-002
 1.9022409e-002
 1.9021425e-002
 1.9020366e-002
 1.9019231e-002
 1.9018026e-002
 1.9016748e-002
 1.9015402e-002
 1.9013988e-002
 1.9012507e-002
 1.9010963e-002
 1.9009355e-002
 1.9007688e-002
 1.9005965e-002
 1.9004185e-002
 1.9002352e-002
 1.9000465e-002
 1.8998532e-002
 1.8996548e-002
 1.8994519e-002
 1.8992448e-002
 1.8990336e-002
 1.8988185e-002
 1.8985994e-002
 1.8983770e-002
 1.8981513e-002
 1.8979223e-002
 1.8976906e-002
 1.8974561e-002
 1.8972192e-002
 1.8969798e-002
 1.8967384e-002
 1.8964954e-002
 1.8962504e-002
 1.8960040e-002
 1.8957565e-002
 1.8955078e-002
 1.8952584e-002
 1.8950082e-002
 1.8947577e-002
 1.8945070e-002
 1.8942561e-002
 1.8940056e-002
 1.8937552e-002
 1.8935056e-002
 1.8932566e-002
 1.8930085e-002
 1.8927617e-002
 1.8925158e-002
 1.8922715e-002
 1.8920286e-002
 1.8917870e-002
 1.8915473e-002
 1.8913088e-002
 1.8910723e-002
 1.8908376e-002
 1.8906044e-002
 1.8903730e-002
 1.8901432e-002
 1.8899152e-002
 1.8896889e-002
 1.8894643e-002
 1.8892413e-002
 1.8890200e-002
 1.8888004e-002
 1.8885823e-002
 1.8883660e-002
 1.8881511e-002
 1.8879380e-002
 1.8877264e-002
 1.8875163e-002
 1.8873079e-002
 1.8871009e-002
 1.8868955e-002
 1.8866917e-002
 1.8864892e-002
 1.8862883e-002
 1.8860888e-002
 1.8858908e-002
 1.8856943e-002
 1.8854992e-002
 1.8853055e-002
 1.8851131e-002
 1.8849222e-002
 1.8847326e-002
 1.8845445e-002
 1.8843576e-002
 1.8841721e-002
 1.8839879e-002
 1.8838052e-002
 1.8836236e-002
 1.8834433e-002
 1.8832643e-002
 1.8830864e-002
 1.8829098e-002
 1.8827343e-002
 1.8825602e-002
 1.8823870e-002
 1.8822148e-002
 1.8820437e-002
 1.8818734e-002
 1.8817041e-002
 1.8815354e-002
 1.8813673e-002
 1.8811997e-002
 1.8810324e-002
 1.8808654e-002
 1.8806985e-002
 1.8805314e-002
 1.8803641e-002
 1.8801965e-002
 1.8800285e-002
 1.8798595e-002
 1.8796900e-002
 1.8795194e-002
 1.8793477e-002
 1.8791748e-002
 1.8790005e-002
 1.8788245e-002
 1.8786468e-002
 1.8784672e-002
 1.8782858e-002
 1.8781021e-002
 1.8779162e-002
 1.8777279e-002
 1.8775370e-002
 1.8773435e-002
 1.8771470e-002
 1.8769475e-002
 1.8767446e-002
 1.8765384e-002
 1.8763289e-002
 1.8761154e-002
 1.8758981e-002
 1.8756766e-002
 1.8754508e-002
 1.8752208e-002
 1.8749863e-002
 1.8747471e-002
 1.8745033e-002
 1.8742545e-002
 1.8740008e-002
 1.8737417e-002
 1.8734775e-002
 1.8732078e-002
 1.8729327e-002
 1.8726522e-002
 1.8723661e-002
 1.8720746e-002
 1.8717779e-002
 1.8714759e-002
 1.8711694e-002
 1.8708583e-002
 1.8705430e-002
 1.8702243e-002
 1.8699024e-002
 1.8695779e-002
 1.8692514e-002
 1.8689234e-002
 1.8685946e-002
 1.8682655e-002
 1.8679366e-002
 1.8676085e-002
 1.8672820e-002
 1.8669577e-002
 1.8666361e-002
 1.8663179e-002
 1.8660037e-002
 1.8656941e-002
 1.8653901e-002
 1.8650921e-002
 1.8648006e-002
 1.8645165e-002
 1.8642405e-002
 1.8639728e-002
 1.8637145e-002
 1.8634656e-002
 1.8632272e-002
 1.8629996e-002
 1.8627835e-002
 1.8625798e-002
 1.8623887e-002
 1.8622110e-002
 1.8620472e-002
 1.8618982e-002
 1.8617647e-002
 1.8616468e-002
 1.8615454e-002
 1.8614613e-002
 1.8613949e-002
 1.8613467e-002
 1.8613176e-002
 1.8613081e-002
 1.8613188e-002
 1.8613501e-002
 1.8614024e-002
 1.8614762e-002
 1.8615713e-002
 1.8616877e-002
 1.8618254e-002
 1.8619835e-002
 1.8621614e-002
 1.8623579e-002
 1.8625721e-002
 1.8628025e-002
 1.8630479e-002
 1.8633064e-002
 1.8635767e-002
 1.8638564e-002
 1.8641446e-002
 1.8644387e-002
 1.8647373e-002
 1.8650385e-002
 1.8653402e-002
 1.8656408e-002
 1.8659385e-002
 1.8662311e-002
 1.8665168e-002
 1.8667942e-002
 1.8670611e-002
 1.8673157e-002
 1.8675564e-002
 1.8677810e-002
 1.8679880e-002
 1.8681753e-002
 1.8683413e-002
 1.8684840e-002
 1.8686013e-002
 1.8686917e-002
 1.8687531e-002
 1.8687839e-002
 1.8687820e-002
 1.8687459e-002
 1.8686734e-002
 1.8685633e-002
 1.8684134e-002
 1.8682223e-002
 1.8679880e-002
 1.8677084e-002
 1.8673819e-002
 1.8670062e-002
 1.8665792e-002
 1.8660994e-002
 1.8655650e-002
 1.8649751e-002
 1.8643295e-002
 1.8636290e-002
 1.8628754e-002
 1.8620716e-002
 1.8612228e-002
 1.8603342e-002
 1.8594133e-002
 1.8584678e-002
 1.8575072e-002
 1.8565414e-002
 1.8555799e-002
 1.8546330e-002
 1.8537102e-002
 1.8528201e-002
 1.8519709e-002
 1.8511688e-002
 1.8504195e-002
 1.8497270e-002
 1.8490942e-002
 1.8485228e-002
 1.8480131e-002
 1.8475644e-002
 1.8471755e-002
 1.8468440e-002
 1.8465677e-002
 1.8463438e-002
 1.8461701e-002
 1.8460436e-002
 1.8459622e-002
 1.8459234e-002
 1.8459249e-002
 1.8459639e-002
 1.8460382e-002
 1.8461447e-002
 1.8462813e-002
 1.8464448e-002
 1.8466329e-002
 1.8468428e-002
 1.8470719e-002
 1.8473180e-002
 1.8475782e-002
 1.8478502e-002
 1.8481314e-002
 1.8484196e-002
 1.8487118e-002
 1.8490061e-002
 1.8492997e-002
 1.8495899e-002
 1.8498749e-002
 1.8501516e-002
 1.8504182e-002
 1.8506723e-002
 1.8509120e-002
 1.8511353e-002
 1.8513411e-002
 1.8515278e-002
 1.8516948e-002
 1.8518412e-002
 1.8519672e-002
 1.8520722e-002
 1.8521564e-002
 1.8522203e-002
 1.8522639e-002
 1.8522875e-002
 1.8522918e-002
 1.8522771e-002
 1.8522438e-002
 1.8521922e-002
 1.8521227e-002
 1.8520359e-002
 1.8519323e-002
 1.8518120e-002
 1.8516757e-002
 1.8515235e-002
 1.8513562e-002
 1.8511739e-002
 1.8509772e-002
 1.8507665e-002
 1.8505422e-002
 1.8503049e-002
 1.8500548e-002
 1.8497922e-002
 1.8495178e-002
 1.8492319e-002
 1.8489350e-002
 1.8486273e-002
 1.8483095e-002
 1.8479817e-002
 1.8476447e-002
 1.8472986e-002
 1.8469442e-002
 1.8465813e-002
 1.8462108e-002
 1.8458331e-002
 1.8454485e-002
 1.8450573e-002
 1.8446604e-002
 1.8442577e-002
 1.8438498e-002
 1.8434372e-002
 1.8430201e-002
 1.8425994e-002
 1.8421749e-002
 1.8417472e-002
 1.8413166e-002
 1.8408833e-002
 1.8404478e-002
 1.8400103e-002
 1.8395711e-002
 1.8391304e-002
 1.8386884e-002
 1.8382454e-002
 1.8378016e-002
 1.8373571e-002
 1.8369123e-002
 1.8364673e-002
 1.8360224e-002
 1.8355777e-002
 1.8351333e-002
 1.8346898e-002
 1.8342469e-002
 1.8338053e-002
 1.8333646e-002
 1.8329255e-002
 1.8324880e-002
 1.8320525e-002
 1.8316189e-002
 1.8311877e-002
 1.8307587e-002
 1.8303327e-002
 1.8299095e-002
 1.8294895e-002
 1.8290726e-002
 1.8286593e-002
 1.8282499e-002
 1.8278444e-002
 1.8274430e-002
 1.8270459e-002
 1.8266533e-002
 1.8262653e-002
 1.8258821e-002
 1.8255038e-002
 1.8251307e-002
 1.8247630e-002
 1.8244008e-002
 1.8240442e-002
 1.8236937e-002
 1.8233495e-002
 1.8230118e-002
 1.8226806e-002
 1.8223565e-002
 1.8220395e-002
 1.8217299e-002
 1.8214274e-002
 1.8211324e-002
 1.8208358e-002
 1.8205555e-002
 1.8202828e-002
 1.8200172e-002
 1.8197587e-002
 1.8195072e-002
 1.8192627e-002
 1.8190244e-002
 1.8187923e-002
 1.8185660e-002
 1.8183451e-002
 1.8181294e-002
 1.8179186e-002
 1.8177122e-002
 1.8175099e-002
 1.8173117e-002
 1.8171169e-002
 1.8169256e-002
 1.8167373e-002
 1.8165518e-002
 1.8163690e-002
 1.8161884e-002
 1.8160101e-002
 1.8158333e-002
 1.8156582e-002
 1.8154847e-002
 1.8153118e-002
 1.8151399e-002
 1.8149683e-002
 1.8147970e-002
 1.8146256e-002
 1.8144540e-002
 1.8142818e-002
 1.8141085e-002
 1.8139344e-002
 1.8137587e-002
 1.8135814e-002
 1.8134020e-002
 1.8132204e-002
 1.8130364e-002
 1.8128494e-002
 1.8126594e-002
 1.8124660e-002
 1.8122690e-002
 1.8120680e-002
 1.8118629e-002
 1.8116534e-002
 1.8114394e-002
 1.8112205e-002
 1.8109966e-002
 1.8107677e-002
 1.8105332e-002
 1.8102933e-002
 1.8100478e-002
 1.8097963e-002
 1.8095389e-002
 1.8092753e-002
 1.8090054e-002
 1.8087294e-002
 1.8084470e-002
 1.8081581e-002
 1.8078627e-002
 1.8075606e-002
 1.8072518e-002
 1.8069362e-002
 1.8066138e-002
 1.8062845e-002
 1.8059479e-002
 1.8056044e-002
 1.8052535e-002
 1.8048951e-002
 1.8045295e-002
 1.8041560e-002
 1.8037749e-002
 1.8033860e-002
 1.8029893e-002
 1.8025845e-002
 1.8021718e-002
 1.8017508e-002
 1.8013217e-002
 1.8008843e-002
 1.8004388e-002
 1.7999846e-002
 1.7995223e-002
 1.7990513e-002
 1.7985715e-002
 1.7980829e-002
 1.7975854e-002
 1.7970785e-002
 1.7965624e-002
 1.7960364e-002
 1.7955009e-002
 1.7949551e-002
 1.7943991e-002
 1.7938333e-002
 1.7932571e-002
 1.7926712e-002
 1.7920755e-002
 1.7914709e-002
 1.7908577e-002
 1.7902365e-002
 1.7896077e-002
 1.7889719e-002
 1.7883299e-002
 1.7876823e-002
 1.7870301e-002
 1.7863743e-002
 1.7857162e-002
 1.7850570e-002
 1.7843980e-002
 1.7837409e-002
 1.7830869e-002
 1.7824372e-002
 1.7817935e-002
 1.7811570e-002
 1.7805288e-002
 1.7799100e-002
 1.7793017e-002
 1.7787047e-002
 1.7781200e-002
 1.7775485e-002
 1.7769910e-002
 1.7764486e-002
 1.7759223e-002
 1.7754134e-002
 1.7749231e-002
 1.7744534e-002
 1.7740063e-002
 1.7735839e-002
 1.7731886e-002
 1.7728224e-002
 1.7724877e-002
 1.7721865e-002
 1.7719204e-002
 1.7716900e-002
 1.7714951e-002
 1.7713340e-002
 1.7712044e-002
 1.7711027e-002
 1.7710252e-002
 1.7709678e-002
 1.7709266e-002
 1.7708970e-002
 1.7708752e-002
 1.7708568e-002
 1.7708376e-002
 1.7708132e-002
 1.7707799e-002
 1.7707329e-002
 1.7706683e-002
 1.7705819e-002
 1.7704694e-002
 1.7703271e-002
 1.7701514e-002
 1.7699398e-002
 1.7696908e-002
 1.7694039e-002
 1.7690798e-002
 1.7687198e-002
 1.7683258e-002
 1.7679000e-002
 1.7674444e-002
 1.7669614e-002
 1.7664531e-002
 1.7659210e-002
 1.7653672e-002
 1.7647928e-002
 1.7641990e-002
 1.7635871e-002
 1.7629575e-002
 1.7623115e-002
 1.7616499e-002
 1.7609732e-002
 1.7602827e-002
 1.7595788e-002
 1.7588630e-002
 1.7581360e-002
 1.7573988e-002
 1.7566528e-002
 1.7558988e-002
 1.7551383e-002
 1.7543722e-002
 1.7536018e-002
 1.7528282e-002
 1.7520526e-002
 1.7512761e-002
 1.7505001e-002
 1.7497256e-002
 1.7489541e-002
 1.7481865e-002
 1.7474242e-002
 1.7466685e-002
 1.7459204e-002
 1.7451813e-002
 1.7444519e-002
 1.7437331e-002
 1.7430261e-002
 1.7423311e-002
 1.7416487e-002
 1.7409794e-002
 1.7403236e-002
 1.7396815e-002
 1.7390538e-002
 1.7384406e-002
 1.7378420e-002
 1.7372582e-002
 1.7366892e-002
 1.7361345e-002
 1.7355938e-002
 1.7350668e-002
 1.7345531e-002
 1.7340519e-002
 1.7335631e-002
 1.7330863e-002
 1.7326206e-002
 1.7321663e-002
 1.7317226e-002
 1.7312892e-002
 1.7308660e-002
 1.7304525e-002
 1.7300485e-002
 1.7296536e-002
 1.7292678e-002
 1.7288906e-002
 1.7285218e-002
 1.7281611e-002
 1.7278081e-002
 1.7274624e-002
 1.7271239e-002
 1.7267922e-002
 1.7264672e-002
 1.7261481e-002
 1.7258348e-002
 1.7255271e-002
 1.7252244e-002
 1.7249266e-002
 1.7246334e-002
 1.7243441e-002
 1.7240589e-002
 1.7237775e-002
 1.7234990e-002
 1.7232236e-002
 1.7229509e-002
 1.7226804e-002
 1.7224118e-002
 1.7221451e-002
 1.7218798e-002
 1.7216153e-002
 1.7213518e-002
 1.7210884e-002
 1.7208252e-002
 1.7205618e-002
 1.7202979e-002
 1.7200330e-002
 1.7197669e-002
 1.7194992e-002
 1.7192297e-002
 1.7189581e-002
 1.7186839e-002
 1.7184069e-002
 1.7181268e-002
 1.7178433e-002
 1.7175559e-002
 1.7172644e-002
 1.7169684e-002
 1.7166678e-002
 1.7163619e-002
 1.7160507e-002
 1.7157337e-002
 1.7154107e-002
 1.7150810e-002
 1.7147448e-002
 1.7144015e-002
 1.7140510e-002
 1.7136924e-002
 1.7133258e-002
 1.7129511e-002
 1.7125675e-002
 1.7121751e-002
 1.7117733e-002
 1.7113620e-002
 1.7109409e-002
 1.7105095e-002
 1.7100677e-002
 1.7096151e-002
 1.7091513e-002
 1.7086761e-002
 1.7081887e-002
 1.7076891e-002
 1.7071769e-002
 1.7066512e-002
 1.7061124e-002
 1.7055593e-002
 1.7049918e-002
 1.7044099e-002
 1.7038131e-002
 1.7032016e-002
 1.7025752e-002
 1.7019341e-002
 1.7012784e-002
 1.7006081e-002
 1.6999239e-002
 1.6992254e-002
 1.6985133e-002
 1.6977878e-002
 1.6970493e-002
 1.6962981e-002
 1.6955351e-002
 1.6947610e-002
 1.6939765e-002
 1.6931821e-002
 1.6923791e-002
 1.6915677e-002
 1.6907489e-002
 1.6899237e-002
 1.6890924e-002
 1.6882557e-002
 1.6874148e-002
 1.6865699e-002
 1.6857218e-002
 1.6848711e-002
 1.6840186e-002
 1.6831649e-002
 1.6823104e-002
 1.6814562e-002
 1.6806027e-002
 1.6797503e-002
 1.6789002e-002
 1.6780529e-002
 1.6772086e-002
 1.6763683e-002
 1.6755328e-002
 1.6747024e-002
 1.6738776e-002
 1.6730597e-002
 1.6722491e-002
 1.6714463e-002
 1.6706526e-002
 1.6698685e-002
 1.6690947e-002
 1.6683323e-002
 1.6675821e-002
 1.6668448e-002
 1.6661208e-002
 1.6654113e-002
 1.6647164e-002
 1.6640363e-002
 1.6633712e-002
 1.6627213e-002
 1.6620860e-002
 1.6614655e-002
 1.6608596e-002
 1.6602680e-002
 1.6596908e-002
 1.6591271e-002
 1.6585769e-002
 1.6580390e-002
 1.6575128e-002
 1.6569972e-002
 1.6564913e-002
 1.6559940e-002
 1.6555041e-002
 1.6550206e-002
 1.6545424e-002
 1.6540686e-002
 1.6535979e-002
 1.6531292e-002
 1.6526619e-002
 1.6521947e-002
 1.6517265e-002
 1.6512567e-002
 1.6507840e-002
 1.6503075e-002
 1.6498264e-002
 1.6493397e-002
 1.6488465e-002
 1.6483460e-002
 1.6478375e-002
 1.6473202e-002
 1.6467933e-002
 1.6462564e-002
 1.6457086e-002
 1.6451491e-002
 1.6445773e-002
 1.6439918e-002
 1.6433917e-002
 1.6427755e-002
 1.6421413e-002
 1.6414877e-002
 1.6408123e-002
 1.6401134e-002
 1.6393892e-002
 1.6386380e-002
 1.6378587e-002
 1.6370505e-002
 1.6362140e-002
 1.6353507e-002
 1.6344631e-002
 1.6335545e-002
 1.6326280e-002
 1.6316880e-002
 1.6307382e-002
 1.6297821e-002
 1.6288243e-002
 1.6278682e-002
 1.6269177e-002
 1.6259765e-002
 1.6250484e-002
 1.6241368e-002
 1.6232453e-002
 1.6223777e-002
 1.6215373e-002
 1.6207272e-002
 1.6199503e-002
 1.6192088e-002
 1.6185034e-002
 1.6178342e-002
 1.6171999e-002
 1.6165989e-002
 1.6160287e-002
 1.6154869e-002
 1.6149707e-002
 1.6144777e-002
 1.6140053e-002
 1.6135514e-002
 1.6131135e-002
 1.6126903e-002
 1.6122799e-002
 1.6118810e-002
 1.6114924e-002
 1.6111126e-002
 1.6107406e-002
 1.6103752e-002
 1.6100148e-002
 1.6096583e-002
 1.6093040e-002
 1.6089506e-002
 1.6085962e-002
 1.6082389e-002
 1.6078772e-002
 1.6075090e-002
 1.6071323e-002
 1.6067458e-002
 1.6063476e-002
 1.6059361e-002
 1.6055100e-002
 1.6050685e-002
 1.6046107e-002
 1.6041357e-002
 1.6036436e-002
 1.6031334e-002
 1.6026048e-002
 1.6020577e-002
 1.6014917e-002
 1.6009064e-002
 1.6003022e-002
 1.5996795e-002
 1.5990388e-002
 1.5983805e-002
 1.5977057e-002
 1.5970152e-002
 1.5963096e-002
 1.5955901e-002
 1.5948573e-002
 1.5941121e-002
 1.5933553e-002
 1.5925877e-002
 1.5918097e-002
 1.5910219e-002
 1.5902253e-002
 1.5894203e-002
 1.5886072e-002
 1.5877873e-002
 1.5869606e-002
 1.5861278e-002
 1.5852898e-002
 1.5844472e-002
 1.5836002e-002
 1.5827499e-002
 1.5818968e-002
 1.5810415e-002
 1.5801843e-002
 1.5793264e-002
 1.5784683e-002
 1.5776103e-002
 1.5767535e-002
 1.5758986e-002
 1.5750460e-002
 1.5741970e-002
 1.5733520e-002
 1.5725117e-002
 1.5716769e-002
 1.5708486e-002
 1.5700273e-002
 1.5692133e-002
 1.5684078e-002
 1.5676105e-002
 1.5668217e-002
 1.5660416e-002
 1.5652705e-002
 1.5645077e-002
 1.5637539e-002
 1.5630089e-002
 1.5622723e-002
 1.5615440e-002
 1.5608240e-002
 1.5601115e-002
 1.5594060e-002
 1.5587070e-002
 1.5580136e-002
 1.5573249e-002
 1.5566405e-002
 1.5559594e-002
 1.5552809e-002
 1.5546042e-002
 1.5539287e-002
 1.5532536e-002
 1.5525782e-002
 1.5519020e-002
 1.5512244e-002
 1.5505444e-002
 1.5498620e-002
 1.5491760e-002
 1.5484861e-002
 1.5477914e-002
 1.5470916e-002
 1.5463860e-002
 1.5456737e-002
 1.5449544e-002
 1.5442275e-002
 1.5434921e-002
 1.5427480e-002
 1.5419942e-002
 1.5412301e-002
 1.5404553e-002
 1.5396689e-002
 1.5388703e-002
 1.5380584e-002
 1.5372328e-002
 1.5363926e-002
 1.5355367e-002
 1.5346648e-002
 1.5337760e-002
 1.5328692e-002
 1.5319444e-002
 1.5310010e-002
 1.5300387e-002
 1.5290572e-002
 1.5280572e-002
 1.5270383e-002
 1.5260006e-002
 1.5249448e-002
 1.5238709e-002
 1.5227789e-002
 1.5216698e-002
 1.5205438e-002
 1.5194017e-002
 1.5182450e-002
 1.5170746e-002
 1.5158914e-002
 1.5146965e-002
 1.5134918e-002
 1.5122780e-002
 1.5110560e-002
 1.5098275e-002
 1.5085934e-002
 1.5073543e-002
 1.5061120e-002
 1.5048669e-002
 1.5036201e-002
 1.5023721e-002
 1.5011245e-002
 1.4998779e-002
 1.4986327e-002
 1.4973904e-002
 1.4961958e-002
 1.4952580e-002
 1.4940299e-002
 1.4928096e-002
 1.4915978e-002
 1.4903953e-002
 1.4892033e-002
 1.4880234e-002
 1.4868561e-002
 1.4857027e-002
 1.4845642e-002
 1.4834414e-002
 1.4823359e-002
 1.4812484e-002
 1.4801799e-002
 1.4791311e-002
 1.4781033e-002
 1.4770973e-002
 1.4761139e-002
 1.4751541e-002
 1.4742190e-002
 1.4733098e-002
 1.4724270e-002
 1.4715715e-002
 1.4707448e-002
 1.4699472e-002
 1.4691777e-002
 1.4684335e-002
 1.4677124e-002
 1.4670125e-002
 1.4663308e-002
 1.4656652e-002
 1.4650133e-002
 1.4643726e-002
 1.4637410e-002
 1.4631159e-002
 1.4624950e-002
 1.4618758e-002
 1.4612562e-002
 1.4606338e-002
 1.4600060e-002
 1.4593702e-002
 1.4587247e-002
 1.4580667e-002
 1.4573933e-002
 1.4567009e-002
 1.4559870e-002
 1.4552480e-002
 1.4544808e-002
 1.4536819e-002
 1.4528488e-002
 1.4519777e-002
 1.4510656e-002
 1.4501090e-002
 1.4491051e-002
 1.4480505e-002
 1.4469422e-002
 1.4457767e-002
 1.4445508e-002
 1.4432617e-002
 1.4419058e-002
 1.4404801e-002
 1.4389810e-002
 1.4374059e-002
 1.4357514e-002
 1.4340144e-002
 1.4321936e-002
 1.4302900e-002
 1.4283034e-002
 1.4262339e-002
 1.4240818e-002
 1.4218465e-002
 1.4195293e-002
 1.4171299e-002
 1.4146484e-002
 1.4120843e-002
 1.4094392e-002
 1.4067123e-002
 1.4039040e-002
 1.4010138e-002
 1.3980431e-002
 1.3949913e-002
 1.3918588e-002
 1.3886456e-002
 1.3853511e-002
 1.3819771e-002
 1.3785228e-002
 1.3749885e-002
 1.3713736e-002
 1.3676798e-002
 1.3639065e-002
 1.3600537e-002
 1.3561222e-002
 1.3521157e-002
 1.3480353e-002
 1.3438826e-002
 1.3396600e-002
 1.3353681e-002
 1.3310110e-002
 1.3265896e-002
 1.3221055e-002
 1.3175602e-002
 1.3129574e-002
 1.3082979e-002
 1.3035838e-002
 1.2988159e-002
 1.2939981e-002
 1.2891320e-002
 1.2842184e-002
 1.2792589e-002
 1.2742576e-002
 1.2692152e-002
 1.2641335e-002
 1.2590147e-002
 1.2538592e-002
 1.2486717e-002
 1.2434527e-002
 1.2382044e-002
 1.2329270e-002
 1.2276255e-002
 1.2223001e-002
 1.2169531e-002
 1.2115842e-002
 1.2061968e-002
 1.2007911e-002
