s07_ASD Record=24012: Grass_dry.5+.5green    AMX28  BECKa AREF
 1.9270234e-002
 1.9761037e-002
 2.0283870e-002
 2.0785503e-002
 2.1219186e-002
 2.1557707e-002
 2.1798164e-002
 2.1957468e-002
 2.2063596e-002
 2.2145910e-002
 2.2227485e-002
 2.2321820e-002
 2.2432918e-002
 2.2556391e-002
 2.2680998e-002
 2.2792496e-002
 2.2878490e-002
 2.2931080e-002
 2.2947069e-002
 2.2927437e-002
 2.2877540e-002
 2.2808142e-002
 2.2736054e-002
 2.2682745e-002
 2.2670653e-002
 2.2717217e-002
 2.2825837e-002
 2.2981092e-002
 2.3157394e-002
 2.3334904e-002
 2.3508383e-002
 2.3685805e-002
 2.3881657e-002
 2.4112962e-002
 2.4394894e-002
 2.4734206e-002
 2.5129545e-002
 2.5575228e-002
 2.6063422e-002
 2.6585028e-002
 2.7130542e-002
 2.7691344e-002
 2.8261725e-002
 2.8840838e-002
 2.9432595e-002
 3.0043626e-002
 3.0680113e-002
 3.1346157e-002
 3.2044239e-002
 3.2777328e-002
 3.3549871e-002
 3.4366570e-002
 3.5229802e-002
 3.6137208e-002
 3.7082180e-002
 3.8055722e-002
 3.9048530e-002
 4.0052813e-002
 4.1063745e-002
 4.2079758e-002
 4.3102972e-002
 4.4135012e-002
 4.5176629e-002
 4.6230689e-002
 4.7301769e-002
 4.8389845e-002
 4.9491186e-002
 5.0601274e-002
 5.1716525e-002
 5.2835029e-002
 5.3957846e-002
 5.5087980e-002
 5.6227475e-002
 5.7374664e-002
 5.8522411e-002
 5.9659369e-002
 6.0773522e-002
 6.1857730e-002
 6.2913753e-002
 6.3952461e-002
 6.4989373e-002
 6.6036396e-002
 6.7094818e-002
 6.8152867e-002
 6.9190599e-002
 7.0188858e-002
 7.1137741e-002
 7.2040245e-002
 7.2909191e-002
 7.3760688e-002
 7.4607506e-002
 7.5456992e-002
 7.6313868e-002
 7.7186301e-002
 7.8089640e-002
 7.9043940e-002
 8.0064565e-002
 8.1149526e-002
 8.2273692e-002
 8.3395101e-002
 8.4469527e-002
 8.5464083e-002
 8.6362585e-002
 8.7163106e-002
 8.7873600e-002
 8.8510305e-002
 8.9097865e-002
 8.9669451e-002
 9.0261973e-002
 9.0905190e-002
 9.1610625e-002
 9.2366993e-002
 9.3145974e-002
 9.3915567e-002
 9.4654031e-002
 9.5355049e-002
 9.6021950e-002
 9.6659184e-002
 9.7270533e-002
 9.7864784e-002
 9.8458812e-002
 9.9071920e-002
 9.9714547e-002
 1.0038042e-001
 1.0104804e-001
 1.0169109e-001
 1.0229228e-001
 1.0285052e-001
 1.0337657e-001
 1.0388354e-001
 1.0438327e-001
 1.0489004e-001
 1.0542095e-001
 1.0598747e-001
 1.0658439e-001
 1.0718803e-001
 1.0776772e-001
 1.0830429e-001
 1.0880286e-001
 1.0928917e-001
 1.0979291e-001
 1.1033322e-001
 1.1091802e-001
 1.1154862e-001
 1.1221769e-001
 1.1290561e-001
 1.1358907e-001
 1.1425664e-001
 1.1491163e-001
 1.1556114e-001
 1.1620975e-001
 1.1686671e-001
 1.1755153e-001
 1.1828532e-001
 1.1907464e-001
 1.1990470e-001
 1.2074941e-001
 1.2159414e-001
 1.2245476e-001
 1.2337301e-001
 1.2438471e-001
 1.2549046e-001
 1.2665974e-001
 1.2786150e-001
 1.2908649e-001
 1.3034257e-001
 1.3164018e-001
 1.3298637e-001
 1.3438472e-001
 1.3583374e-001
 1.3732356e-001
 1.3883987e-001
 1.4037104e-001
 1.4190774e-001
 1.4343086e-001
 1.4490598e-001
 1.4630030e-001
 1.4760987e-001
 1.4886719e-001
 1.5011503e-001
 1.5137069e-001
 1.5261479e-001
 1.5381196e-001
 1.5494017e-001
 1.5599957e-001
 1.5700284e-001
 1.5796220e-001
 1.5887748e-001
 1.5972494e-001
 1.6046757e-001
 1.6109270e-001
 1.6163364e-001
 1.6213997e-001
 1.6263729e-001
 1.6313618e-001
 1.6365653e-001
 1.6420513e-001
 1.6474506e-001
 1.6523480e-001
 1.6568677e-001
 1.6613983e-001
 1.6658822e-001
 1.6699190e-001
 1.6734479e-001
 1.6767114e-001
 1.6795960e-001
 1.6816552e-001
 1.6828974e-001
 1.6840512e-001
 1.6858280e-001
 1.6881689e-001
 1.6903879e-001
 1.6919136e-001
 1.6926505e-001
 1.6925883e-001
 1.6914476e-001
 1.6890936e-001
 1.6860439e-001
 1.6830023e-001
 1.6799837e-001
 1.6764565e-001
 1.6723426e-001
 1.6683468e-001
 1.6651639e-001
 1.6627367e-001
 1.6606027e-001
 1.6588686e-001
 1.6583286e-001
 1.6592140e-001
 1.6602807e-001
 1.6599458e-001
 1.6581109e-001
 1.6560557e-001
 1.6548333e-001
 1.6546890e-001
 1.6557465e-001
 1.6581161e-001
 1.6612343e-001
 1.6639382e-001
 1.6654408e-001
 1.6658585e-001
 1.6657794e-001
 1.6656539e-001
 1.6656066e-001
 1.6655599e-001
 1.6654697e-001
 1.6655719e-001
 1.6663975e-001
 1.6683580e-001
 1.6712289e-001
 1.6742554e-001
 1.6769241e-001
 1.6794208e-001
 1.6820402e-001
 1.6843538e-001
 1.6856706e-001
 1.6861644e-001
 1.6865291e-001
 1.6867936e-001
 1.6865344e-001
 1.6860203e-001
 1.6862231e-001
 1.6876753e-001
 1.6898397e-001
 1.6916062e-001
 1.6921605e-001
 1.6917047e-001
 1.6915867e-001
 1.6931510e-001
 1.6961102e-001
 1.6986327e-001
 1.6994895e-001
 1.6996150e-001
 1.7009154e-001
 1.7039479e-001
 1.7076293e-001
 1.7109798e-001
 1.7139789e-001
 1.7166300e-001
 1.7186555e-001
 1.7204008e-001
 1.7226762e-001
 1.7254630e-001
 1.7278479e-001
 1.7293698e-001
 1.7305543e-001
 1.7320123e-001
 1.7334497e-001
 1.7341034e-001
 1.7341241e-001
 1.7345572e-001
 1.7357329e-001
 1.7368487e-001
 1.7374747e-001
 1.7381141e-001
 1.7388596e-001
 1.7389986e-001
 1.7384799e-001
 1.7382394e-001
 1.7384934e-001
 1.7382959e-001
 1.7374516e-001
 1.7373382e-001
 1.7390844e-001
 1.7421231e-001
 1.7451030e-001
 1.7473519e-001
 1.7490408e-001
 1.7504300e-001
 1.7513224e-001
 1.7513171e-001
 1.7505507e-001
 1.7499596e-001
 1.7505927e-001
 1.7525481e-001
 1.7545699e-001
 1.7551538e-001
 1.7541434e-001
 1.7528719e-001
 1.7526387e-001
 1.7532200e-001
 1.7535754e-001
 1.7535689e-001
 1.7541577e-001
 1.7561650e-001
 1.7593925e-001
 1.7628375e-001
 1.7656112e-001
 1.7676431e-001
 1.7695999e-001
 1.7723000e-001
 1.7762382e-001
 1.7814375e-001
 1.7874452e-001
 1.7934218e-001
 1.7985612e-001
 1.8028362e-001
 1.8074472e-001
 1.8142872e-001
 1.8246569e-001
 1.8383826e-001
 1.8541916e-001
 1.8709333e-001
 1.8884633e-001
 1.9075121e-001
 1.9289275e-001
 1.9530936e-001
 1.9799770e-001
 2.0095104e-001
 2.0417906e-001
 2.0767310e-001
 2.1134181e-001
 2.1501626e-001
 2.1863925e-001
 2.2241002e-001
 2.2637823e-001
 2.3025182e-001
 2.3386201e-001
 2.3751938e-001
 2.4153900e-001
 2.4577726e-001
 2.5000528e-001
 2.5433144e-001
 2.5888780e-001
 2.6348546e-001
 2.6796696e-001
 2.7255452e-001
 2.7749094e-001
 2.8265560e-001
 2.8784329e-001
 2.9312155e-001
 2.9863217e-001
 3.0430928e-001
 3.1002700e-001
 3.1582260e-001
 3.2178712e-001
 3.2789817e-001
 3.3411232e-001
 3.4047532e-001
 3.4700775e-001
 3.5359508e-001
 3.6011320e-001
 3.6657268e-001
 3.7304324e-001
 3.7954068e-001
 3.8605934e-001
 3.9260837e-001
 3.9911097e-001
 4.0538359e-001
 4.1135189e-001
 4.1718602e-001
 4.2308941e-001
 4.2905125e-001
 4.3490258e-001
 4.4048548e-001
 4.4570956e-001
 4.5056510e-001
 4.5511743e-001
 4.5947924e-001
 4.6377861e-001
 4.6799973e-001
 4.7193843e-001
 4.7547814e-001
 4.7870627e-001
 4.8174578e-001
 4.8466000e-001
 4.8745823e-001
 4.9013165e-001
 4.9266553e-001
 4.9504185e-001
 4.9723536e-001
 4.9920413e-001
 5.0089413e-001
 5.0228202e-001
 5.0344527e-001
 5.0455403e-001
 5.0575721e-001
 5.0705415e-001
 5.0830108e-001
 5.0935966e-001
 5.1023811e-001
 5.1109165e-001
 5.1207328e-001
 5.1317567e-001
 5.1424527e-001
 5.1512808e-001
 5.1575869e-001
 5.1616895e-001
 5.1644516e-001
 5.1663065e-001
 5.1683342e-001
 5.1704514e-001
 5.1729006e-001
 5.1757318e-001
 5.1789153e-001
 5.1824236e-001
 5.1862299e-001
 5.1903301e-001
 5.1947278e-001
 5.1994276e-001
 5.2044082e-001
 5.2094764e-001
 5.2143723e-001
 5.2188373e-001
 5.2226317e-001
 5.2256662e-001
 5.2279109e-001
 5.2293384e-001
 5.2299726e-001
 5.2302152e-001
 5.2307385e-001
 5.2320266e-001
 5.2346492e-001
 5.2385587e-001
 5.2431333e-001
 5.2477288e-001
 5.2516979e-001
 5.2544188e-001
 5.2558357e-001
 5.2564514e-001
 5.2567923e-001
 5.2573848e-001
 5.2587408e-001
 5.2609807e-001
 5.2638471e-001
 5.2670616e-001
 5.2703512e-001
 5.2734441e-001
 5.2761835e-001
 5.2785212e-001
 5.2804136e-001
 5.2818191e-001
 5.2826941e-001
 5.2830350e-001
 5.2829880e-001
 5.2827370e-001
 5.2824664e-001
 5.2823597e-001
 5.2826005e-001
 5.2833307e-001
 5.2845359e-001
 5.2861643e-001
 5.2881640e-001
 5.2904809e-001
-1.2300000e+034
-1.2300000e+034
 5.2988160e-001
 5.3018802e-001
 5.3050011e-001
 5.3081250e-001
 5.3111994e-001
 5.3141725e-001
-1.2300000e+034
-1.2300000e+034
 5.3219575e-001
 5.3239989e-001
 5.3256768e-001
 5.3269386e-001
 5.3277314e-001
 5.3280026e-001
 5.3277004e-001
 5.3267723e-001
 5.3252000e-001
 5.3230989e-001
 5.3206128e-001
 5.3178847e-001
 5.3150618e-001
 5.3122866e-001
 5.3097045e-001
 5.3074592e-001
 5.3056610e-001
 5.3042877e-001
 5.3032899e-001
 5.3026158e-001
 5.3022158e-001
 5.3020370e-001
 5.3020316e-001
 5.3021473e-001
 5.3023326e-001
 5.3025383e-001
 5.3027123e-001
 5.3028053e-001
 5.3027833e-001
 5.3026795e-001
 5.3025395e-001
 5.3024113e-001
 5.3023416e-001
 5.3023785e-001
 5.3025669e-001
 5.3029561e-001
 5.3035909e-001
 5.3045201e-001
 5.3057891e-001
 5.3074455e-001
 5.3095102e-001
 5.3119022e-001
 5.3145212e-001
 5.3172660e-001
 5.3200364e-001
 5.3227311e-001
 5.3252488e-001
 5.3274888e-001
 5.3293502e-001
 5.3307319e-001
 5.3315330e-001
 5.3316897e-001
 5.3312659e-001
 5.3303522e-001
 5.3290433e-001
 5.3274286e-001
 5.3256029e-001
 5.3236562e-001
 5.3216827e-001
 5.3197736e-001
 5.3180218e-001
 5.3164959e-001
 5.3151935e-001
 5.3140926e-001
 5.3131706e-001
 5.3124082e-001
 5.3117841e-001
 5.3112769e-001
 5.3108644e-001
 5.3105271e-001
 5.3102434e-001
 5.3099954e-001
 5.3097826e-001
 5.3096038e-001
 5.3094608e-001
 5.3093535e-001
 5.3092831e-001
 5.3092504e-001
 5.3092551e-001
 5.3092986e-001
 5.3093821e-001
 5.3094888e-001
 5.3095526e-001
 5.3094929e-001
 5.3092301e-001
 5.3086865e-001
 5.3077805e-001
 5.3064352e-001
 5.3045702e-001
 5.3021061e-001
 5.2989948e-001
 5.2952933e-001
 5.2910787e-001
 5.2864301e-001
 5.2814257e-001
 5.2761441e-001
 5.2706629e-001
 5.2650589e-001
 5.2593845e-001
 5.2535933e-001
 5.2476227e-001
 5.2414089e-001
 5.2348870e-001
 5.2279943e-001
 5.2206671e-001
 5.2128428e-001
 5.2044982e-001
 5.1957625e-001
 5.1867849e-001
 5.1777226e-001
 5.1687247e-001
 5.1599497e-001
 5.1515478e-001
 5.1436752e-001
 5.1364636e-001
 5.1299858e-001
 5.1243001e-001
 5.1199037e-001
 5.1161212e-001
 5.1132601e-001
 5.1113456e-001
 5.1102781e-001
 5.1098675e-001
 5.1098561e-001
 5.1099539e-001
 5.1098698e-001
 5.1093692e-001
 5.1083660e-001
 5.1069802e-001
 5.1054794e-001
 5.1041859e-001
 5.1034093e-001
 5.1033700e-001
 5.1041180e-001
 5.1055086e-001
 5.1072490e-001
 5.1089823e-001
 5.1103622e-001
 5.1111317e-001
 5.1112044e-001
 5.1106876e-001
 5.1098448e-001
 5.1090103e-001
 5.1085234e-001
 5.1086581e-001
 5.1095760e-001
 5.1113099e-001
 5.1137877e-001
 5.1168782e-001
 5.1204264e-001
 5.1242793e-001
 5.1282912e-001
 5.1323336e-001
 5.1362884e-001
 5.1400483e-001
 5.1435184e-001
 5.1466209e-001
 5.1467192e-001
 5.1490396e-001
 5.1511443e-001
 5.1530790e-001
 5.1549143e-001
 5.1567417e-001
 5.1586652e-001
 5.1607972e-001
 5.1632428e-001
 5.1660877e-001
 5.1693851e-001
 5.1731408e-001
 5.1773119e-001
 5.1818085e-001
 5.1865119e-001
 5.1912969e-001
 5.1960486e-001
 5.2006811e-001
 5.2051401e-001
 5.2094072e-001
 5.2134949e-001
 5.2174318e-001
 5.2212584e-001
 5.2250153e-001
 5.2287382e-001
 5.2324581e-001
 5.2361959e-001
 5.2399665e-001
 5.2437776e-001
 5.2476311e-001
 5.2515250e-001
 5.2554488e-001
 5.2593863e-001
 5.2633071e-001
 5.2671731e-001
 5.2709389e-001
 5.2745557e-001
 5.2779806e-001
 5.2811795e-001
 5.2841347e-001
 5.2868462e-001
 5.2893299e-001
 5.2916104e-001
 5.2937210e-001
 5.2956945e-001
 5.2975589e-001
 5.2993381e-001
 5.3010499e-001
 5.3027093e-001
 5.3043276e-001
 5.3059137e-001
 5.3074759e-001
 5.3090191e-001
 5.3105432e-001
 5.3120446e-001
 5.3135145e-001
 5.3149384e-001
 5.3163016e-001
 5.3175861e-001
 5.3187740e-001
 5.3198481e-001
 5.3207898e-001
 5.3215814e-001
 5.3222060e-001
 5.3226519e-001
 5.3229153e-001
 5.3230059e-001
 5.3229547e-001
 5.3228098e-001
 5.3226405e-001
 5.3225285e-001
 5.3225589e-001
 5.3228068e-001
 5.3233242e-001
 5.3241307e-001
 5.3252065e-001
 5.3264934e-001
 5.3278983e-001
 5.3293073e-001
 5.3305972e-001
 5.3316528e-001
 5.3323835e-001
 5.3327328e-001
 5.3326851e-001
 5.3322673e-001
 5.3315425e-001
 5.3305984e-001
 5.3295332e-001
 5.3284407e-001
 5.3273904e-001
 5.3264219e-001
 5.3255326e-001
 5.3246850e-001
 5.3238124e-001
 5.3228354e-001
 5.3216797e-001
 5.3202957e-001
 5.3186744e-001
 5.3168488e-001
 5.3148937e-001
 5.3129089e-001
 5.3109992e-001
 5.3092504e-001
 5.3077126e-001
 5.3063828e-001
 5.3052127e-001
 5.3041160e-001
 5.3029871e-001
 5.3017271e-001
 5.3002548e-001
 5.2985257e-001
 5.2965271e-001
 5.2942753e-001
 5.2917987e-001
 5.2891272e-001
 5.2862757e-001
 5.2832407e-001
 5.2799922e-001
 5.2764839e-001
 5.2726495e-001
 5.2684158e-001
 5.2637064e-001
 5.2584398e-001
 5.2525407e-001
 5.2459323e-001
 5.2385420e-001
 5.2303028e-001
 5.2211505e-001
 5.2110350e-001
 5.1999134e-001
 5.1877612e-001
 5.1745737e-001
 5.1603627e-001
 5.1451683e-001
 5.1290506e-001
 5.1120979e-001
 5.0944281e-001
 5.0761735e-001
 5.0574946e-001
 5.0385660e-001
 5.0195581e-001
 5.0006485e-001
 4.9819878e-001
 4.9637115e-001
 4.9459255e-001
 4.9286976e-001
 4.9120760e-001
 4.8960754e-001
 4.8807007e-001
 4.8659468e-001
 4.8518020e-001
 4.8382643e-001
 4.8253322e-001
 4.8130152e-001
 4.8013300e-001
 4.7902921e-001
 4.7799239e-001
 4.7702384e-001
 4.7612450e-001
 4.7529405e-001
 4.7453040e-001
 4.7382993e-001
 4.7318688e-001
 4.7259405e-001
 4.7204307e-001
 4.7152486e-001
 4.7103095e-001
 4.7055411e-001
 4.7008884e-001
 4.6963227e-001
 4.6918368e-001
 4.6874478e-001
 4.6831879e-001
 4.6790963e-001
 4.6752170e-001
 4.6715870e-001
 4.6682385e-001
 4.6651921e-001
 4.6624583e-001
 4.6600387e-001
 4.6579245e-001
 4.6560982e-001
 4.6545327e-001
 4.6531922e-001
 4.6520320e-001
 4.6510017e-001
 4.6500477e-001
 4.6491188e-001
 4.6481690e-001
 4.6471655e-001
 4.6460912e-001
 4.6449453e-001
 4.6437451e-001
 4.6425220e-001
 4.6413153e-001
 4.6401668e-001
 4.6391121e-001
 4.6381766e-001
 4.6373704e-001
 4.6366912e-001
 4.6361256e-001
 4.6356571e-001
 4.6352744e-001
 4.6349788e-001
 4.6347907e-001
 4.6347499e-001
 4.6349144e-001
 4.6353525e-001
 4.6361321e-001
 4.6373087e-001
 4.6389136e-001
 4.6409458e-001
 4.6433678e-001
 4.6461064e-001
 4.6490631e-001
 4.6521237e-001
 4.6551773e-001
 4.6581277e-001
 4.6609089e-001
 4.6634918e-001
 4.6658823e-001
 4.6681184e-001
 4.6702570e-001
 4.6723634e-001
 4.6744984e-001
 4.6767092e-001
 4.6790260e-001
 4.6814597e-001
 4.6840069e-001
 4.6866557e-001
 4.6893889e-001
 4.6921912e-001
 4.6950495e-001
 4.6979547e-001
 4.7009021e-001
 4.7038865e-001
 4.7069046e-001
 4.7099504e-001
 4.7130165e-001
 4.7160962e-001
 4.7191826e-001
 4.7222701e-001
 4.7253582e-001
 4.7284472e-001
 4.7315413e-001
 4.7346419e-001
 4.7377473e-001
 4.7408494e-001
 4.7439307e-001
 4.7469652e-001
 4.7499189e-001
 4.7527534e-001
 4.7554314e-001
 4.7579190e-001
 4.7601905e-001
 4.7622293e-001
 4.7640288e-001
 4.7655904e-001
 4.7669205e-001
 4.7680292e-001
 4.7689271e-001
 4.7696245e-001
 4.7701311e-001
 4.7704560e-001
 4.7706088e-001
 4.7706005e-001
 4.7704431e-001
 4.7701502e-001
 4.7697365e-001
 4.7692177e-001
 4.7686100e-001
 4.7679299e-001
 4.7671929e-001
 4.7664121e-001
 4.7655967e-001
 4.7647497e-001
 4.7638652e-001
 4.7629273e-001
 4.7619098e-001
 4.7607785e-001
 4.7594929e-001
 4.7580126e-001
 4.7563019e-001
 4.7543341e-001
 4.7520941e-001
 4.7495776e-001
 4.7467914e-001
 4.7437480e-001
 4.7404626e-001
 4.7369498e-001
 4.7332203e-001
 4.7292814e-001
 4.7251368e-001
 4.7207862e-001
 4.7162288e-001
 4.7114593e-001
 4.7064704e-001
 4.7012511e-001
 4.6957836e-001
 4.6900496e-001
 4.6840256e-001
 4.6776918e-001
 4.6710330e-001
 4.6640390e-001
 4.6567100e-001
 4.6490496e-001
 4.6410668e-001
 4.6327689e-001
 4.6241546e-001
 4.6152198e-001
 4.6059477e-001
 4.5963207e-001
 4.5863208e-001
 4.5759314e-001
 4.5651489e-001
 4.5539808e-001
 4.5424423e-001
 4.5305622e-001
 4.5183685e-001
 4.5058930e-001
 4.4931641e-001
 4.4801992e-001
 4.4670153e-001
 4.4536194e-001
 4.4400206e-001
 4.4262311e-001
 4.4122618e-001
 4.3981376e-001
 4.3838817e-001
 4.3695253e-001
 4.3550998e-001
 4.3406242e-001
 4.3261147e-001
 4.3115661e-001
 4.2969647e-001
 4.2822850e-001
 4.2674902e-001
 4.2525521e-001
 4.2374539e-001
 4.2221943e-001
 4.2068070e-001
 4.1913483e-001
 4.1759080e-001
 4.1605976e-001
 4.1455320e-001
 4.1308275e-001
 4.1165730e-001
 4.1028288e-001
 4.0896109e-001
 4.0768853e-001
 4.0645820e-001
 4.0525934e-001
 4.0407994e-001
 4.0290779e-001
 4.0173149e-001
 4.0054259e-001
 3.9933476e-001
 3.9810476e-001
 3.9685133e-001
 3.9557388e-001
 3.9427233e-001
 3.9294499e-001
 3.9158899e-001
 3.9019939e-001
 3.8876876e-001
 3.8728860e-001
 3.8574937e-001
 3.8414073e-001
 3.8245338e-001
 3.8067791e-001
 3.7880635e-001
 3.7683162e-001
 3.7474644e-001
 3.7254480e-001
 3.7021986e-001
 3.6776572e-001
 3.6517704e-001
 3.6244822e-001
 3.5957611e-001
 3.5655782e-001
 3.5339341e-001
 3.5008511e-001
 3.4663647e-001
 3.4305522e-001
 3.3935040e-001
 3.3553553e-001
 3.3162755e-001
 3.2764518e-001
 3.2361123e-001
 3.1955007e-001
 3.1548458e-001
 3.1143782e-001
 3.0742744e-001
 3.0346784e-001
 2.9956836e-001
 2.9573229e-001
 2.9196140e-001
 2.8825429e-001
 2.8461137e-001
 2.8103518e-001
 2.7752995e-001
 2.7410471e-001
 2.7076894e-001
 2.6753411e-001
 2.6441061e-001
 2.6140517e-001
 2.5852236e-001
 2.5576118e-001
 2.5311792e-001
 2.5058597e-001
 2.4815640e-001
 2.4582143e-001
 2.4357352e-001
 2.4140809e-001
 2.3932301e-001
 2.3731741e-001
 2.3539257e-001
 2.3354997e-001
 2.3178987e-001
 2.3011228e-001
 2.2851516e-001
 2.2699626e-001
 2.2555313e-001
 2.2418326e-001
 2.2288577e-001
 2.2166006e-001
 2.2050646e-001
 2.1942499e-001
 2.1841416e-001
 2.1747123e-001
 2.1659096e-001
 2.1576662e-001
 2.1499042e-001
 2.1425416e-001
 2.1355100e-001
 2.1287569e-001
 2.1222576e-001
 2.1160148e-001
 2.1100530e-001
 2.1044189e-001
 2.0991686e-001
 2.0943582e-001
 2.0900385e-001
 2.0862427e-001
 2.0829858e-001
 2.0802604e-001
 2.0780374e-001
 2.0762727e-001
 2.0749116e-001
 2.0738988e-001
 2.0731862e-001
 2.0727386e-001
 2.0725365e-001
 2.0725751e-001
 2.0728572e-001
 2.0733835e-001
 2.0741434e-001
 2.0751068e-001
 2.0762219e-001
 2.0774209e-001
 2.0786321e-001
 2.0797969e-001
 2.0808871e-001
 2.0819166e-001
 2.0829473e-001
 2.0840803e-001
 2.0854418e-001
 2.0871599e-001
 2.0893438e-001
 2.0920664e-001
 2.0953548e-001
 2.0991945e-001
 2.1035369e-001
 2.1083149e-001
 2.1134597e-001
 2.1189082e-001
 2.1246129e-001
 2.1305382e-001
 2.1366571e-001
 2.1429490e-001
 2.1493894e-001
 2.1559562e-001
 2.1626240e-001
 2.1693712e-001
 2.1761851e-001
 2.1830590e-001
 2.1899980e-001
 2.1970113e-001
 2.2041096e-001
 2.2113039e-001
 2.2185962e-001
 2.2259802e-001
 2.2334443e-001
 2.2409675e-001
 2.2485285e-001
 2.2561038e-001
 2.2636719e-001
 2.2712189e-001
 2.2787322e-001
 2.2862089e-001
 2.2936481e-001
 2.3010556e-001
 2.3084456e-001
 2.3158358e-001
 2.3232558e-001
 2.3307408e-001
 2.3383333e-001
 2.3460838e-001
 2.3540382e-001
 2.3622397e-001
 2.3707131e-001
 2.3794626e-001
 2.3884694e-001
 2.3976877e-001
 2.4070516e-001
 2.4164884e-001
 2.4259232e-001
 2.4353005e-001
 2.4445857e-001
 2.4537729e-001
 2.4628818e-001
 2.4719393e-001
 2.4809761e-001
 2.4900088e-001
 2.4990371e-001
 2.5080448e-001
 2.5169927e-001
 2.5258341e-001
 2.5345185e-001
 2.5430089e-001
 2.5512981e-001
 2.5594038e-001
 2.5673756e-001
 2.5752750e-001
 2.5831613e-001
 2.5910807e-001
 2.5990501e-001
 2.6070672e-001
 2.6151115e-001
 2.6231563e-001
 2.6311815e-001
 2.6391724e-001
 2.6471281e-001
 2.6550606e-001
 2.6629865e-001
 2.6709282e-001
 2.6788992e-001
 2.6869029e-001
 2.6949298e-001
 2.7029508e-001
 2.7109253e-001
 2.7187988e-001
 2.7265117e-001
 2.7340087e-001
 2.7412409e-001
 2.7481765e-001
 2.7547982e-001
 2.7611086e-001
 2.7671301e-001
 2.7728987e-001
 2.7784681e-001
 2.7839008e-001
 2.7892640e-001
 2.7946234e-001
 2.8000328e-001
 2.8055295e-001
 2.8111342e-001
 2.8168449e-001
 2.8226492e-001
 2.8285244e-001
 2.8344470e-001
 2.8404030e-001
 2.8463843e-001
 2.8523979e-001
 2.8584564e-001
 2.8645769e-001
 2.8707799e-001
 2.8770792e-001
 2.8834870e-001
 2.8900048e-001
 2.8966266e-001
 2.9033402e-001
 2.9101235e-001
 2.9169524e-001
 2.9237971e-001
 2.9306263e-001
 2.9374129e-001
 2.9441321e-001
 2.9507658e-001
 2.9573062e-001
 2.9637539e-001
 2.9701230e-001
 2.9764351e-001
 2.9827192e-001
 2.9890096e-001
 2.9953355e-001
 3.0017209e-001
 3.0081746e-001
 3.0146891e-001
 3.0212426e-001
 3.0277947e-001
 3.0342987e-001
 3.0407044e-001
 3.0469674e-001
 3.0530617e-001
 3.0589783e-001
 3.0647349e-001
 3.0703697e-001
 3.0759352e-001
 3.0814940e-001
 3.0871010e-001
 3.0927986e-001
 3.0986044e-001
 3.1045079e-001
 3.1104738e-001
 3.1164423e-001
 3.1223410e-001
 3.1280994e-001
 3.1336537e-001
 3.1389630e-001
 3.1440103e-001
 3.1488049e-001
 3.1533816e-001
 3.1577888e-001
 3.1620824e-001
 3.1663129e-001
 3.1705174e-001
 3.1747159e-001
 3.1789052e-001
 3.1830645e-001
 3.1871566e-001
 3.1911364e-001
 3.1949592e-001
 3.1985858e-001
 3.2019895e-001
 3.2051587e-001
 3.2080969e-001
 3.2108253e-001
 3.2133767e-001
 3.2157943e-001
 3.2181272e-001
 3.2204261e-001
 3.2227388e-001
 3.2251045e-001
 3.2275507e-001
 3.2300884e-001
 3.2327092e-001
 3.2353848e-001
 3.2380685e-001
 3.2406974e-001
 3.2432032e-001
 3.2455164e-001
 3.2475811e-001
 3.2493609e-001
 3.2508469e-001
 3.2520613e-001
 3.2530504e-001
 3.2538781e-001
 3.2546115e-001
 3.2553098e-001
 3.2560137e-001
 3.2567346e-001
 3.2574543e-001
 3.2581195e-001
 3.2586473e-001
 3.2589334e-001
 3.2588622e-001
 3.2583243e-001
 3.2572296e-001
 3.2555246e-001
 3.2531974e-001
 3.2502830e-001
 3.2468584e-001
 3.2430324e-001
 3.2389358e-001
 3.2347041e-001
 3.2304710e-001
 3.2263538e-001
 3.2224491e-001
 3.2188320e-001
 3.2155538e-001
 3.2126451e-001
 3.2101142e-001
 3.2079491e-001
 3.2061198e-001
 3.2045788e-001
 3.2032654e-001
 3.2021093e-001
 3.2010365e-001
 3.1999767e-001
 3.1988698e-001
 3.1976709e-001
 3.1963551e-001
 3.1949171e-001
 3.1933689e-001
 3.1917334e-001
 3.1900355e-001
 3.1882930e-001
 3.1865051e-001
 3.1846470e-001
 3.1826639e-001
 3.1804711e-001
 3.1779608e-001
 3.1750119e-001
 3.1715065e-001
 3.1673479e-001
 3.1624758e-001
 3.1568858e-001
 3.1506327e-001
 3.1438369e-001
 3.1366739e-001
 3.1293556e-001
 3.1221119e-001
 3.1151605e-001
 3.1086770e-001
 3.1027794e-001
 3.0975056e-001
 3.0928150e-001
 3.0885920e-001
 3.0846643e-001
 3.0808324e-001
 3.0768949e-001
 3.0726847e-001
 3.0680928e-001
 3.0630830e-001
 3.0577043e-001
 3.0520785e-001
 3.0463883e-001
 3.0408496e-001
 3.0356789e-001
 3.0310681e-001
 3.0271533e-001
 3.0240011e-001
 3.0215991e-001
 3.0198580e-001
 3.0186293e-001
 3.0177224e-001
 3.0169320e-001
 3.0160627e-001
 3.0149502e-001
 3.0134776e-001
 3.0115819e-001
 3.0092531e-001
 3.0065274e-001
 3.0034703e-001
 3.0001643e-001
 2.9966900e-001
 2.9931110e-001
 2.9894668e-001
 2.9857662e-001
 2.9819891e-001
 2.9780939e-001
 2.9740241e-001
 2.9697248e-001
 2.9651505e-001
 2.9602793e-001
 2.9551172e-001
 2.9497010e-001
 2.9440990e-001
 2.9383996e-001
 2.9327077e-001
 2.9271287e-001
 2.9217574e-001
 2.9166719e-001
 2.9119226e-001
 2.9075310e-001
 2.9034933e-001
 2.8997833e-001
 2.8963643e-001
 2.8931978e-001
 2.8902531e-001
 2.8875169e-001
 2.8849977e-001
 2.8827280e-001
 2.8807613e-001
 2.8791621e-001
 2.8779984e-001
 2.8773224e-001
 2.8771609e-001
 2.8774995e-001
 2.8782743e-001
 2.8793749e-001
 2.8806543e-001
 2.8819442e-001
 2.8830728e-001
 2.8838822e-001
 2.8842431e-001
 2.8840670e-001
 2.8833103e-001
 2.8819758e-001
 2.8801209e-001
 2.8778562e-001
 2.8753373e-001
 2.8727514e-001
 2.8702998e-001
 2.8681734e-001
 2.8665322e-001
 2.8654835e-001
 2.8650719e-001
 2.8652802e-001
 2.8655520e-001
 2.8669137e-001
 2.8685769e-001
 2.8703937e-001
 2.8722289e-001
 2.8739744e-001
 2.8755558e-001
 2.8769302e-001
 2.8780788e-001
 2.8789940e-001
 2.8796759e-001
 2.8801259e-001
 2.8803480e-001
 2.8803504e-001
 2.8801465e-001
 2.8797576e-001
 2.8792113e-001
 2.8785440e-001
 2.8777972e-001
 2.8770155e-001
 2.8762451e-001
 2.8755313e-001
 2.8749162e-001
 2.8744331e-001
 2.8741020e-001
 2.8739232e-001
 2.8738758e-001
 2.8739190e-001
 2.8739983e-001
 2.8740498e-001
 2.8740075e-001
 2.8738025e-001
 2.8733689e-001
 2.8726435e-001
 2.8715706e-001
 2.8701025e-001
 2.8682011e-001
 2.8658372e-001
 2.8629878e-001
 2.8596333e-001
 2.8557572e-001
 2.8513429e-001
 2.8463757e-001
 2.8408435e-001
 2.8347361e-001
 2.8280494e-001
 2.8207818e-001
 2.8129384e-001
 2.8045282e-001
 2.7955583e-001
 2.7860403e-001
 2.7759802e-001
 2.7653825e-001
 2.7542409e-001
 2.7425289e-001
 2.7302018e-001
 2.7171832e-001
 2.7033791e-001
 2.6886776e-001
 2.6729524e-001
 2.6560804e-001
 2.6379338e-001
 2.6184022e-001
 2.5973985e-001
 2.5748691e-001
 2.5508210e-001
 2.5253227e-001
 2.4984865e-001
 2.4704774e-001
 2.4414709e-001
 2.4116635e-001
 2.3812518e-001
 2.3504125e-001
 2.3193163e-001
 2.2880837e-001
 2.2567984e-001
 2.2254905e-001
 2.1941309e-001
 2.1626700e-001
 2.1310227e-001
 2.0991054e-001
 2.0668362e-001
 2.0341317e-001
 2.0009491e-001
 1.9672704e-001
 1.9331454e-001
 1.8986858e-001
 1.8640473e-001
 1.8294385e-001
 1.7950919e-001
 1.7612389e-001
 1.7281260e-001
 1.6959724e-001
 1.6649818e-001
 1.6353118e-001
 1.6070478e-001
 1.5802203e-001
 1.5547848e-001
 1.5306610e-001
 1.5077405e-001
 1.4858949e-001
 1.4650036e-001
 1.4449419e-001
 1.4256075e-001
 1.4069241e-001
 1.3888438e-001
 1.3713664e-001
 1.3545182e-001
 1.3383581e-001
 1.3229600e-001
 1.3083991e-001
 1.2947586e-001
 1.2821096e-001
 1.2705167e-001
 1.2600230e-001
 1.2506406e-001
 1.2423547e-001
 1.2351227e-001
 1.2288786e-001
 1.2235478e-001
 1.2190469e-001
 1.2152937e-001
 1.2122080e-001
 1.2097145e-001
 1.2077501e-001
 1.2062649e-001
 1.2052261e-001
 1.2046149e-001
 1.2044229e-001
 1.2046487e-001
 1.2052929e-001
 1.2063567e-001
 1.2078376e-001
 1.2097273e-001
 1.2120053e-001
 1.2146366e-001
 1.2175687e-001
 1.2207334e-001
 1.2240527e-001
 1.2274406e-001
 1.2308094e-001
 1.2340751e-001
 1.2371614e-001
 1.2400140e-001
 1.2426107e-001
 1.2449751e-001
 1.2471819e-001
 1.2493503e-001
 1.2516339e-001
 1.2542054e-001
 1.2572446e-001
 1.2609309e-001
 1.2654263e-001
 1.2708634e-001
 1.2773183e-001
 1.2847938e-001
 1.2932132e-001
 1.3024232e-001
 1.3122204e-001
 1.3223657e-001
 1.3326061e-001
 1.3426916e-001
 1.3523817e-001
 1.3614661e-001
 1.3697882e-001
 1.3772565e-001
 1.3838597e-001
 1.3896523e-001
 1.3947402e-001
 1.3992617e-001
 1.4033665e-001
 1.4072099e-001
 1.4109410e-001
 1.4146955e-001
 1.4185876e-001
 1.4226986e-001
 1.4270775e-001
 1.4317404e-001
 1.4366804e-001
 1.4418787e-001
 1.4473070e-001
 1.4529365e-001
 1.4587349e-001
 1.4646673e-001
 1.4706984e-001
 1.4767855e-001
 1.4828846e-001
 1.4889450e-001
 1.4949135e-001
 1.5007372e-001
 1.5063609e-001
 1.5117316e-001
 1.5168042e-001
 1.5215431e-001
 1.5259354e-001
 1.5299942e-001
 1.5337628e-001
 1.5373139e-001
 1.5407380e-001
 1.5441398e-001
 1.5476266e-001
 1.5513058e-001
 1.5552725e-001
 1.5596025e-001
 1.5643363e-001
 1.5694624e-001
 1.5749188e-001
 1.5805940e-001
 1.5863420e-001
 1.5919913e-001
 1.5973662e-001
 1.6022912e-001
 1.6065994e-001
 1.6101538e-001
 1.6128610e-001
 1.6146858e-001
 1.6156621e-001
 1.6158831e-001
 1.6154857e-001
 1.6146342e-001
 1.6135040e-001
 1.6122706e-001
 1.6111009e-001
 1.6101371e-001
 1.6094825e-001
 1.6091877e-001
 1.6092432e-001
 1.6095865e-001
 1.6101155e-001
 1.6107048e-001
 1.6112192e-001
 1.6115224e-001
 1.6114879e-001
 1.6110104e-001
 1.6100213e-001
 1.6085017e-001
 1.6064867e-001
 1.6040610e-001
 1.6013469e-001
 1.5984869e-001
 1.5956335e-001
 1.5929385e-001
 1.5905465e-001
 1.5885799e-001
 1.5871255e-001
 1.5862235e-001
 1.5858601e-001
 1.5859738e-001
 1.5864681e-001
 1.5872250e-001
 1.5881179e-001
 1.5890183e-001
 1.5898049e-001
 1.5903723e-001
 1.5906417e-001
 1.5905713e-001
 1.5901594e-001
 1.5894410e-001
 1.5884787e-001
 1.5873505e-001
 1.5861420e-001
 1.5849419e-001
 1.5838358e-001
 1.5829043e-001
 1.5822184e-001
 1.5818363e-001
 1.5818015e-001
 1.5821439e-001
 1.5828845e-001
 1.5840377e-001
 1.5856148e-001
 1.5876223e-001
 1.5900609e-001
 1.5929176e-001
 1.5961584e-001
 1.5997173e-001
 1.6034974e-001
 1.6073729e-001
 1.6111931e-001
 1.6147974e-001
 1.6180211e-001
 1.6207007e-001
 1.6226913e-001
 1.6238806e-001
 1.6242112e-001
 1.6237032e-001
 1.6224599e-001
 1.6206598e-001
 1.6185389e-001
 1.6163649e-001
 1.6144194e-001
 1.6129838e-001
 1.6123205e-001
 1.6126528e-001
 1.6141358e-001
 1.6168337e-001
 1.6207094e-001
 1.6256359e-001
 1.6314149e-001
 1.6378115e-001
 1.6445737e-001
 1.6514421e-001
 1.6581742e-001
 1.6645564e-001
 1.6704196e-001
 1.6756661e-001
 1.6802718e-001
 1.6842759e-001
 1.6877703e-001
 1.6908750e-001
 1.6937241e-001
 1.6964522e-001
 1.6991891e-001
 1.7020479e-001
 1.7051102e-001
 1.7084207e-001
 1.7119798e-001
 1.7157468e-001
 1.7196542e-001
 1.7236160e-001
 1.7275403e-001
 1.7313321e-001
 1.7349067e-001
 1.7381971e-001
 1.7411627e-001
 1.7438059e-001
 1.7461725e-001
 1.7483467e-001
 1.7504440e-001
 1.7525965e-001
 1.7549425e-001
 1.7576194e-001
 1.7607519e-001
 1.7644392e-001
 1.7687325e-001
 1.7736246e-001
 1.7790407e-001
 1.7848416e-001
 1.7908466e-001
 1.7968486e-001
 1.8026254e-001
 1.8079609e-001
 1.8126534e-001
 1.8165380e-001
 1.8195073e-001
 1.8215385e-001
 1.8226983e-001
 1.8231340e-001
 1.8230544e-001
 1.8227033e-001
 1.8223403e-001
 1.8222252e-001
 1.8226023e-001
 1.8236808e-001
 1.8256117e-001
 1.8284650e-001
 1.8322234e-001
 1.8367869e-001
 1.8419985e-001
 1.8476671e-001
 1.8535812e-001
 1.8595305e-001
 1.8653131e-001
 1.8707432e-001
 1.8756752e-001
 1.8800093e-001
 1.8837003e-001
 1.8867484e-001
 1.8891913e-001
 1.8910882e-001
 1.8925069e-001
 1.8935208e-001
 1.8942034e-001
 1.8946269e-001
 1.8948616e-001
 1.8949746e-001
 1.8950294e-001
 1.8950866e-001
 1.8952042e-001
 1.8954386e-001
 1.8958449e-001
 1.8964761e-001
 1.8973805e-001
 1.8985952e-001
 1.9001417e-001
 1.9020191e-001
 1.9041997e-001
 1.9066352e-001
 1.9092596e-001
 1.9119978e-001
 1.9147691e-001
 1.9174942e-001
 1.9200990e-001
 1.9225180e-001
 1.9247058e-001
 1.9266418e-001
 1.9283307e-001
 1.9298036e-001
 1.9311096e-001
 1.9323084e-001
 1.9334637e-001
 1.9346404e-001
 1.9358993e-001
 1.9372904e-001
 1.9388492e-001
 1.9405885e-001
 1.9424963e-001
 1.9445391e-001
 1.9466679e-001
 1.9488224e-001
 1.9509389e-001
 1.9529518e-001
 1.9547971e-001
 1.9564112e-001
 1.9577363e-001
 1.9587205e-001
 1.9593172e-001
 1.9594863e-001
 1.9591919e-001
 1.9584011e-001
 1.9570825e-001
 1.9552082e-001
 1.9527553e-001
 1.9497150e-001
 1.9460975e-001
 1.9419388e-001
 1.9373094e-001
 1.9323033e-001
 1.9270349e-001
 1.9216336e-001
 1.9162297e-001
 1.9109508e-001
 1.9059169e-001
 1.9012193e-001
 1.8969090e-001
 1.8929794e-001
 1.8893646e-001
 1.8859391e-001
 1.8825361e-001
 1.8789673e-001
 1.8750314e-001
 1.8705305e-001
 1.8652874e-001
 1.8591613e-001
 1.8520780e-001
 1.8440518e-001
 1.8352009e-001
 1.8257286e-001
 1.8159024e-001
 1.8060368e-001
 1.7964551e-001
 1.7874785e-001
 1.7794129e-001
 1.7725071e-001
 1.7669278e-001
 1.7627309e-001
 1.7598426e-001
 1.7580763e-001
 1.7571616e-001
 1.7567788e-001
 1.7565855e-001
 1.7562382e-001
 1.7554125e-001
 1.7538273e-001
 1.7512749e-001
 1.7476496e-001
 1.7429553e-001
 1.7372967e-001
 1.7308511e-001
 1.7238443e-001
 1.7165178e-001
 1.7091168e-001
 1.7018819e-001
 1.6950239e-001
 1.6887113e-001
 1.6830599e-001
 1.6781174e-001
 1.6738741e-001
 1.6702813e-001
 1.6672614e-001
 1.6647257e-001
 1.6625799e-001
 1.6607296e-001
 1.6590787e-001
 1.6575317e-001
 1.6559947e-001
 1.6543734e-001
 1.6525741e-001
 1.6505048e-001
 1.6480729e-001
 1.6451879e-001
 1.6417623e-001
 1.6377215e-001
 1.6330101e-001
 1.6276062e-001
 1.6215397e-001
 1.6148897e-001
 1.6077809e-001
 1.6003793e-001
 1.5928656e-001
 1.5854296e-001
 1.5782650e-001
 1.5715490e-001
 1.5654348e-001
 1.5600312e-001
 1.5553923e-001
 1.5515031e-001
 1.5482908e-001
 1.5456417e-001
 1.5434138e-001
 1.5414540e-001
 1.5396090e-001
 1.5377310e-001
 1.5356904e-001
 1.5333873e-001
 1.5307634e-001
 1.5278038e-001
 1.5245342e-001
 1.5210123e-001
 1.5173113e-001
 1.5135124e-001
 1.5097010e-001
 1.5059553e-001
 1.5023436e-001
 1.4989151e-001
 1.4956966e-001
 1.4926842e-001
 1.4898497e-001
 1.4871481e-001
 1.4845216e-001
 1.4819075e-001
 1.4792441e-001
 1.4764711e-001
 1.4735360e-001
 1.4704020e-001
 1.4670481e-001
 1.4634736e-001
 1.4596955e-001
 1.4557469e-001
 1.4516656e-001
 1.4474939e-001
 1.4432779e-001
 1.4390621e-001
 1.4348911e-001
 1.4308129e-001
 1.4268734e-001
 1.4231199e-001
 1.4196004e-001
 1.4163654e-001
 1.4134632e-001
 1.4109422e-001
 1.4088503e-001
 1.4072275e-001
 1.4061025e-001
 1.4054844e-001
 1.4053532e-001
 1.4056583e-001
 1.4063218e-001
 1.4072475e-001
 1.4083287e-001
 1.4094551e-001
 1.4105166e-001
 1.4114094e-001
 1.4120403e-001
 1.4123322e-001
 1.4122306e-001
 1.4117052e-001
 1.4107488e-001
 1.4093719e-001
 1.4075968e-001
 1.4054506e-001
 1.4029640e-001
 1.4001666e-001
 1.3970876e-001
 1.3937579e-001
 1.3903385e-001
 1.3874806e-001
 1.3835776e-001
 1.3795818e-001
 1.3755353e-001
 1.3714805e-001
 1.3674593e-001
 1.3635162e-001
 1.3596934e-001
 1.3560329e-001
 1.3525784e-001
 1.3493662e-001
 1.3463876e-001
 1.3436063e-001
 1.3409854e-001
 1.3384885e-001
 1.3360803e-001
 1.3337238e-001
 1.3313825e-001
 1.3290200e-001
 1.3266005e-001
 1.3240875e-001
 1.3214447e-001
 1.3186349e-001
 1.3156231e-001
 1.3123763e-001
 1.3088939e-001
 1.3051938e-001
 1.3012926e-001
 1.2972103e-001
 1.2929630e-001
 1.2885691e-001
 1.2840448e-001
 1.2794103e-001
 1.2746820e-001
 1.2698777e-001
 1.2650138e-001
 1.2601107e-001
 1.2551847e-001
 1.2502536e-001
 1.2453351e-001
 1.2404457e-001
 1.2356055e-001
 1.2308294e-001
 1.2261184e-001
 1.2214647e-001
 1.2168637e-001
 1.2123071e-001
 1.2077885e-001
 1.2032998e-001
 1.1988361e-001
 1.1943895e-001
 1.1899535e-001
 1.1855208e-001
 1.1810839e-001
 1.1766377e-001
 1.1721746e-001
 1.1676874e-001
 1.1631685e-001
 1.1586129e-001
 1.1540129e-001
 1.1493615e-001
 1.1446510e-001
 1.1398762e-001
 1.1350297e-001
 1.1301053e-001
 1.1251045e-001
 1.1200362e-001
 1.1149060e-001
 1.1097206e-001
 1.1044870e-001
 1.0992103e-001
 1.0938999e-001
 1.0885615e-001
 1.0832015e-001
 1.0778258e-001
 1.0724433e-001
 1.0670596e-001
 1.0616816e-001
 1.0563145e-001
 1.0509676e-001
 1.0456467e-001
 1.0403582e-001
 1.0351092e-001
 1.0299048e-001
 1.0247545e-001
 1.0196636e-001
 1.0146391e-001
 1.0096863e-001
 1.0048145e-001
 1.0000292e-001
 9.9533662e-002
 9.9073850e-002
 9.8623797e-002
 9.8183461e-002
 9.7752973e-002
 9.7332388e-002
 9.6921705e-002
 9.6521229e-002
 9.6130945e-002
 9.5750935e-002
 9.5381215e-002
 9.5022038e-002
 9.4673425e-002
 9.4335444e-002
 9.4008133e-002
 9.3691729e-002
 9.3386240e-002
 9.3091756e-002
 9.2808306e-002
 9.2536122e-002
 9.2275225e-002
 9.2025690e-002
 9.1787629e-002
 9.1561064e-002
 9.1346204e-002
 9.1143087e-002
 9.0951800e-002
 9.0772390e-002
 9.0605028e-002
 9.0449780e-002
 9.0306684e-002
 9.0175547e-002
 9.0056114e-002
 8.9948058e-002
