s07_ASD Record=10887: Stilbite HS482.3B Zeolite     BECKb AREF
 3.5542810e-001
 3.5522678e-001
 3.5496470e-001
 3.5473120e-001
 3.5460848e-001
 3.5464567e-001
 3.5484898e-001
 3.5518944e-001
 3.5562003e-001
 3.5609353e-001
 3.5657588e-001
 3.5705054e-001
 3.5751686e-001
 3.5798678e-001
 3.5848084e-001
 3.5902211e-001
 3.5963136e-001
 3.6032727e-001
 3.6112797e-001
 3.6205077e-001
 3.6310843e-001
 3.6430448e-001
 3.6563221e-001
 3.6707848e-001
 3.6863047e-001
 3.7027887e-001
 3.7201577e-001
 3.7382764e-001
 3.7569061e-001
 3.7757471e-001
 3.7945095e-001
 3.8129845e-001
 3.8310611e-001
 3.8487241e-001
 3.8661006e-001
 3.8834864e-001
 3.9012778e-001
 3.9198440e-001
 3.9393792e-001
 3.9597622e-001
 3.9805621e-001
 4.0011886e-001
 4.0211344e-001
 4.0401816e-001
 4.0584585e-001
 4.0763426e-001
 4.0942606e-001
 4.1125062e-001
 4.1311312e-001
 4.1499415e-001
 4.1685700e-001
 4.1865915e-001
 4.2036739e-001
 4.2197311e-001
 4.2350245e-001
 4.2501444e-001
 4.2658457e-001
 4.2826754e-001
 4.3007857e-001
 4.3200561e-001
 4.3398806e-001
 4.3597391e-001
 4.3795219e-001
 4.3991971e-001
 4.4188222e-001
 4.4385311e-001
 4.4584432e-001
 4.4786569e-001
 4.4992474e-001
 4.5201916e-001
 4.5412892e-001
 4.5621490e-001
 4.5822936e-001
 4.6013552e-001
 4.6192771e-001
 4.6364623e-001
 4.6537504e-001
 4.6721900e-001
 4.6926749e-001
 4.7156247e-001
 4.7408861e-001
 4.7678819e-001
 4.7959077e-001
 4.8243535e-001
 4.8527503e-001
 4.8806709e-001
 4.9076536e-001
 4.9332783e-001
 4.9573559e-001
 4.9801064e-001
 5.0021440e-001
 5.0242484e-001
 5.0469816e-001
 5.0703895e-001
 5.0939411e-001
 5.1167715e-001
 5.1381457e-001
 5.1578540e-001
 5.1762366e-001
 5.1937532e-001
 5.2105087e-001
 5.2261323e-001
 5.2400857e-001
 5.2521420e-001
 5.2627170e-001
 5.2727890e-001
 5.2833223e-001
 5.2947032e-001
 5.3065985e-001
 5.3183061e-001
 5.3292841e-001
 5.3394467e-001
 5.3490847e-001
 5.3585726e-001
 5.3681278e-001
 5.3777289e-001
 5.3871751e-001
 5.3962249e-001
 5.4047918e-001
 5.4130894e-001
 5.4215884e-001
 5.4307485e-001
 5.4406887e-001
 5.4510665e-001
 5.4612917e-001
 5.4709190e-001
 5.4799342e-001
 5.4887223e-001
 5.4978293e-001
 5.5077821e-001
 5.5190301e-001
 5.5318093e-001
 5.5457777e-001
 5.5597901e-001
 5.5723703e-001
 5.5828679e-001
 5.5923826e-001
 5.6034172e-001
 5.6182641e-001
 5.6373900e-001
 5.6591988e-001
 5.6812721e-001
 5.7019234e-001
 5.7207948e-001
 5.7383770e-001
 5.7552236e-001
 5.7716632e-001
 5.7880574e-001
 5.8050090e-001
 5.8230698e-001
 5.8421439e-001
 5.8612788e-001
 5.8791816e-001
 5.8949935e-001
 5.9086734e-001
 5.9209239e-001
 5.9329987e-001
 5.9464443e-001
 5.9625101e-001
 5.9814245e-001
 6.0021448e-001
 6.0228521e-001
 6.0419285e-001
 6.0589951e-001
 6.0753942e-001
 6.0932940e-001
 6.1136806e-001
 6.1351985e-001
 6.1554676e-001
 6.1735821e-001
 6.1909097e-001
 6.2095433e-001
 6.2304789e-001
 6.2531942e-001
 6.2762982e-001
 6.2983745e-001
 6.3186449e-001
 6.3371456e-001
 6.3543034e-001
 6.3705474e-001
 6.3865745e-001
 6.4035392e-001
 6.4223063e-001
 6.4427525e-001
 6.4644498e-001
 6.4877349e-001
 6.5131497e-001
 6.5399623e-001
 6.5662432e-001
 6.5905845e-001
 6.6130716e-001
 6.6345787e-001
 6.6558540e-001
 6.6772354e-001
 6.6986251e-001
 6.7197734e-001
 6.7412031e-001
 6.7646039e-001
 6.7913842e-001
 6.8207651e-001
 6.8501467e-001
 6.8777007e-001
 6.9041020e-001
 6.9315082e-001
 6.9611168e-001
 6.9919527e-001
 7.0219284e-001
 7.0497167e-001
 7.0755917e-001
 7.1011025e-001
 7.1284056e-001
 7.1589804e-001
 7.1917045e-001
 7.2225785e-001
 7.2479129e-001
 7.2679764e-001
 7.2862768e-001
 7.3051131e-001
 7.3231161e-001
 7.3379862e-001
 7.3512280e-001
 7.3686928e-001
 7.3951650e-001
 7.4290532e-001
 7.4639660e-001
 7.4948019e-001
 7.5205147e-001
 7.5419581e-001
 7.5599194e-001
 7.5759065e-001
 7.5929040e-001
 7.6135582e-001
 7.6373100e-001
 7.6603866e-001
 7.6797849e-001
 7.6964420e-001
 7.7130294e-001
 7.7299583e-001
 7.7460599e-001
 7.7616918e-001
 7.7777070e-001
 7.7923983e-001
 7.8033280e-001
 7.8117049e-001
 7.8212214e-001
 7.8325886e-001
 7.8423661e-001
 7.8474939e-001
 7.8489935e-001
 7.8508747e-001
 7.8564745e-001
 7.8667599e-001
 7.8815788e-001
 7.9007554e-001
 7.9221237e-001
 7.9392362e-001
 7.9454404e-001
 7.9427266e-001
 7.9424423e-001
 7.9533100e-001
 7.9719442e-001
 7.9883367e-001
 7.9976654e-001
 8.0032104e-001
 8.0090535e-001
 8.0141902e-001
 8.0155343e-001
 8.0136764e-001
 8.0123639e-001
 8.0141336e-001
 8.0192280e-001
 8.0263138e-001
 8.0325061e-001
 8.0359685e-001
 8.0391645e-001
 8.0459917e-001
 8.0552852e-001
 8.0609852e-001
 8.0597079e-001
 8.0542022e-001
 8.0490851e-001
 8.0480164e-001
 8.0539912e-001
 8.0673760e-001
 8.0838197e-001
 8.0973226e-001
 8.1046772e-001
 8.1067222e-001
 8.1068468e-001
 8.1086570e-001
 8.1136292e-001
 8.1200951e-001
 8.1254941e-001
 8.1299222e-001
 8.1354749e-001
 8.1419903e-001
 8.1470889e-001
 8.1511384e-001
 8.1572163e-001
 8.1646323e-001
 8.1682366e-001
 8.1665790e-001
 8.1651980e-001
 8.1691641e-001
 8.1767905e-001
 8.1826109e-001
 8.1832325e-001
 8.1792474e-001
 8.1740838e-001
 8.1723088e-001
 8.1775177e-001
 8.1899107e-001
 8.2053435e-001
 8.2174516e-001
 8.2223040e-001
 8.2219762e-001
 8.2216835e-001
 8.2231277e-001
 8.2233745e-001
 8.2209820e-001
 8.2211310e-001
 8.2301068e-001
 8.2459533e-001
 8.2592028e-001
 8.2622105e-001
 8.2556158e-001
 8.2468516e-001
 8.2437366e-001
 8.2494032e-001
 8.2619464e-001
 8.2768673e-001
 8.2893002e-001
 8.2957464e-001
 8.2960534e-001
 8.2943034e-001
 8.2961756e-001
 8.3034343e-001
 8.3106107e-001
 8.3086854e-001
 8.2940865e-001
 8.2745534e-001
 8.2647657e-001
 8.2746315e-001
 8.3011091e-001
 8.3310747e-001
 8.3516854e-001
 8.3581442e-001
 8.3532339e-001
 8.3423054e-001
 8.3293486e-001
 8.3156288e-001
 8.3014971e-001
 8.2875538e-001
 8.2738572e-001
 8.2600111e-001
 8.2461107e-001
 8.2322371e-001
 8.2183427e-001
 8.2044601e-001
 8.1905562e-001
 8.1766635e-001
 8.1627482e-001
 8.1488448e-001
 8.1349206e-001
 8.1210071e-001
 8.1070739e-001
 8.0931497e-001
 8.0792075e-001
 8.0652750e-001
 8.0513245e-001
 8.0373830e-001
 8.0234241e-001
 8.0094749e-001
 7.9955089e-001
 7.9815519e-001
 7.9675782e-001
 7.9536134e-001
 7.9396343e-001
 7.9256624e-001
 7.9116774e-001
 7.8976983e-001
 7.8837073e-001
 7.8697228e-001
 7.8557265e-001
 7.8417361e-001
 7.8277349e-001
 7.8137404e-001
 7.7997351e-001
 7.7857351e-001
 7.7717251e-001
 7.7577215e-001
 7.7437085e-001
 7.7297008e-001
 7.7156854e-001
 7.7016735e-001
 7.6876575e-001
 7.6736563e-001
 7.6596493e-001
 7.6455587e-001
 7.6313561e-001
 7.6183903e-001
 7.6025546e-001
 7.5897038e-001
 7.5763023e-001
 7.5605124e-001
 7.5476730e-001
 7.5341725e-001
 7.5184512e-001
 7.5056052e-001
 7.4920875e-001
 7.4764019e-001
 7.4635458e-001
 7.4499935e-001
 7.4343538e-001
 7.4214882e-001
 7.4079120e-001
 7.3923159e-001
 7.3794371e-001
 7.3658329e-001
 7.3502851e-001
 7.3373961e-001
 7.3237813e-001
 7.3082805e-001
 7.2953659e-001
 7.2816962e-001
 7.2662479e-001
 7.2533232e-001
 7.2403973e-001
 7.2249585e-001
 7.2133708e-001
 7.1993816e-001
-1.2300000e+034
 7.1714115e-001
 7.1574306e-001
 7.1434534e-001
-1.2300000e+034
 7.1155059e-001
 7.1015388e-001
 7.0875746e-001
-1.2300000e+034
 7.0596552e-001
 7.0457011e-001
 7.0317519e-001
-1.2300000e+034
 7.0038629e-001
 6.9899267e-001
 6.9759935e-001
-1.2300000e+034
 6.9481397e-001
 6.9342202e-001
 6.9179845e-001
-1.2300000e+034
-1.2300000e+034
 6.8762410e-001
 6.8623382e-001
 6.8484384e-001
-1.2300000e+034
-1.2300000e+034
 6.8067765e-001
 6.7929018e-001
 6.7790300e-001
-1.2300000e+034
-1.2300000e+034
 6.7374575e-001
 6.7236114e-001
 6.7097735e-001
-1.2300000e+034
-1.2300000e+034
 6.6682953e-001
 6.6544855e-001
 6.6406792e-001
-1.2300000e+034
-1.2300000e+034
 6.5993094e-001
 6.5855348e-001
 6.5717661e-001
 6.5580070e-001
-1.2300000e+034
-1.2300000e+034
 6.5167731e-001
 6.5030456e-001
 6.4893252e-001
 6.4756149e-001
 6.4619112e-001
-1.2300000e+034
-1.2300000e+034
 6.4208555e-001
 6.4071882e-001
 6.3935286e-001
 6.3798797e-001
 6.3662392e-001
 6.3526088e-001
-1.2300000e+034
-1.2300000e+034
 6.3117725e-001
 6.2981820e-001
 6.2845987e-001
 6.2710273e-001
 6.2574649e-001
 6.2439138e-001
-1.2300000e+034
-1.2300000e+034
 6.2033224e-001
 6.1898124e-001
 6.1763144e-001
 6.1628270e-001
 6.1493510e-001
 6.1358851e-001
-1.2300000e+034
-1.2300000e+034
 6.0955584e-001
 6.0821378e-001
 6.0687315e-001
 6.0553366e-001
 6.0419524e-001
 6.0285819e-001
 6.0152209e-001
 6.0018748e-001
 5.9885395e-001
 5.9752178e-001
-1.2300000e+034
-1.2300000e+034
 5.9353274e-001
 5.9220570e-001
 5.9087986e-001
 5.8955544e-001
 5.8823222e-001
 5.8691055e-001
 5.8559018e-001
 5.8427113e-001
 5.8295351e-001
 5.8163702e-001
-1.2300000e+034
-1.2300000e+034
 5.7769674e-001
 5.7638603e-001
 5.7507700e-001
 5.7376909e-001
 5.7246286e-001
 5.7115805e-001
 5.6985486e-001
 5.6855297e-001
 5.6725276e-001
-1.2300000e+034
-1.2300000e+034
 5.6336117e-001
 5.6206703e-001
 5.6077451e-001
 5.5948347e-001
 5.5819416e-001
 5.5690622e-001
 5.5562019e-001
 5.5433559e-001
-1.2300000e+034
-1.2300000e+034
 5.5049181e-001
 5.4921407e-001
 5.4793763e-001
 5.4666317e-001
 5.4539025e-001
 5.4411924e-001
 5.4284966e-001
 5.4158205e-001
-1.2300000e+034
-1.2300000e+034
 5.3778940e-001
 5.3652889e-001
 5.3526992e-001
 5.3401297e-001
 5.3275764e-001
 5.3150433e-001
 5.3025287e-001
 5.2900308e-001
-1.2300000e+034
-1.2300000e+034
 5.2526522e-001
 5.2402288e-001
 5.2278262e-001
 5.2154422e-001
 5.2030778e-001
 5.1907319e-001
 5.1784068e-001
-1.2300000e+034
-1.2300000e+034
 5.1415479e-001
 5.1293010e-001
 5.1170748e-001
 5.1048672e-001
 5.0926816e-001
 5.0805157e-001
-1.2300000e+034
-1.2300000e+034
 5.0441426e-001
 5.0320578e-001
 5.0199974e-001
 5.0079554e-001
 4.9959362e-001
 4.9839360e-001
-1.2300000e+034
-1.2300000e+034
 4.9480695e-001
 4.9361575e-001
 4.9242675e-001
 4.9123991e-001
 4.9005514e-001
 4.8887277e-001
-1.2300000e+034
-1.2300000e+034
 4.8533887e-001
 4.8416549e-001
 4.8299414e-001
 4.8178712e-001
 4.8095074e-001
 4.8030972e-001
 4.7790557e-001
 4.7679991e-001
 4.7600657e-001
 4.7502354e-001
 4.7420967e-001
 4.7314546e-001
 4.7110689e-001
 4.6988478e-001
 4.6908319e-001
 4.6817061e-001
 4.6736172e-001
 4.6621713e-001
 4.6435672e-001
 4.6306914e-001
 4.6223000e-001
 4.6141398e-001
 4.6058977e-001
 4.5938745e-001
 4.5766795e-001
 4.5636073e-001
 4.5549735e-001
 4.5472449e-001
 4.5388767e-001
 4.5266825e-001
 4.5105550e-001
 4.4975573e-001
 4.4887236e-001
 4.4811600e-001
 4.4726527e-001
 4.4605079e-001
 4.4452795e-001
 4.4325104e-001
 4.4235277e-001
 4.4159475e-001
 4.4073129e-001
 4.3953475e-001
 4.3809137e-001
 4.3719590e-001
 4.3613094e-001
 4.3506888e-001
 4.3400955e-001
 4.3295240e-001
 4.3189776e-001
 4.3084621e-001
 4.2979777e-001
 4.2875251e-001
 4.2770976e-001
 4.2666936e-001
 4.2563158e-001
 4.2459661e-001
 4.2356473e-001
 4.2253596e-001
 4.2150989e-001
 4.2048696e-001
 4.1946760e-001
 4.1845241e-001
 4.1744161e-001
 4.1643429e-001
 4.1542971e-001
 4.1442668e-001
 4.1342482e-001
 4.1242427e-001
 4.1142541e-001
 4.1042933e-001
 4.0943658e-001
 4.0844780e-001
 4.0746322e-001
 4.0648240e-001
 4.0550530e-001
 4.0453136e-001
 4.0356049e-001
 4.0259272e-001
 4.0162775e-001
 4.0066591e-001
 3.9970696e-001
 3.9875111e-001
 3.9779848e-001
 3.9684892e-001
 3.9590251e-001
 3.9495945e-001
 3.9401945e-001
 3.9308277e-001
 3.9214924e-001
 3.9121896e-001
 3.9029205e-001
 3.8936827e-001
 3.8844791e-001
 3.8753071e-001
 3.8661683e-001
 3.8570637e-001
 3.8479909e-001
 3.8389528e-001
 3.8299471e-001
 3.8209748e-001
 3.8120374e-001
 3.8031325e-001
 3.7942627e-001
 3.7854257e-001
 3.7766233e-001
 3.7678558e-001
 3.7591216e-001
 3.7504220e-001
 3.7417582e-001
 3.7331280e-001
 3.7245333e-001
 3.7159729e-001
 3.7074474e-001
 3.6989579e-001
 3.6905026e-001
 3.6820838e-001
 3.6736995e-001
 3.6653507e-001
 3.6570385e-001
 3.6487612e-001
 3.6405209e-001
 3.6323157e-001
 3.6241466e-001
 3.6160147e-001
 3.6079183e-001
 3.5998592e-001
 3.5918358e-001
 3.5838491e-001
 3.5759002e-001
 3.5679871e-001
 3.5601112e-001
 3.5522735e-001
 3.5444719e-001
 3.5367087e-001
 3.5289818e-001
 3.5212928e-001
 3.5136423e-001
 3.5060287e-001
 3.4984541e-001
 3.4909165e-001
 3.4834170e-001
 3.4759569e-001
 3.4685344e-001
 3.4611508e-001
 3.4538054e-001
 3.4464985e-001
 3.4392315e-001
 3.4320024e-001
 3.4248132e-001
 3.4176624e-001
 3.4105510e-001
 3.4034795e-001
 3.3964470e-001
 3.3894548e-001
 3.3825013e-001
 3.3755881e-001
 3.3687153e-001
 3.3618820e-001
 3.3550885e-001
 3.3483365e-001
 3.3416238e-001
 3.3349526e-001
 3.3283213e-001
 3.3217305e-001
 3.3151814e-001
 3.3086726e-001
 3.3022055e-001
 3.2957789e-001
 3.2893935e-001
 3.2830504e-001
 3.2767478e-001
 3.2704878e-001
 3.2642689e-001
 3.2580918e-001
 3.2519573e-001
 3.2458642e-001
 3.2398140e-001
 3.2338053e-001
 3.2278392e-001
 3.2219163e-001
 3.2160354e-001
 3.2101968e-001
 3.2044020e-001
 3.1986496e-001
 3.1929410e-001
 3.1872749e-001
 3.1816518e-001
 3.1760731e-001
 3.1705374e-001
 3.1650457e-001
 3.1595972e-001
 3.1541929e-001
 3.1488329e-001
 3.1435162e-001
 3.1382447e-001
 3.1330165e-001
 3.1278330e-001
 3.1226948e-001
 3.1176004e-001
 3.1125513e-001
 3.1075466e-001
 3.1025869e-001
 3.0976728e-001
 3.0928034e-001
 3.0879802e-001
 3.0832013e-001
 3.0784684e-001
 3.0737814e-001
 3.0691397e-001
 3.0645439e-001
 3.0599949e-001
 3.0554911e-001
 3.0510342e-001
 3.0466232e-001
 3.0422583e-001
 3.0379409e-001
 3.0336696e-001
 3.0294454e-001
 3.0252677e-001
 3.0211371e-001
 3.0170539e-001
 3.0130178e-001
 3.0090290e-001
 3.0050877e-001
 3.0011937e-001
 2.9973477e-001
 2.9935494e-001
 2.9897991e-001
 2.9860964e-001
 2.9824421e-001
 2.9788363e-001
 2.9752782e-001
 2.9717690e-001
 2.9683086e-001
 2.9648963e-001
 2.9615334e-001
 2.9582191e-001
 2.9549536e-001
 2.9517376e-001
 2.9485705e-001
 2.9454532e-001
 2.9423848e-001
 2.9393661e-001
 2.9363975e-001
 2.9334784e-001
 2.9306096e-001
 2.9277903e-001
 2.9250211e-001
 2.9223028e-001
 2.9196343e-001
 2.9170167e-001
 2.9144493e-001
 2.9119328e-001
 2.9094672e-001
 2.9070523e-001
 2.9046884e-001
 2.9023758e-001
 2.9001144e-001
 2.8979045e-001
 2.8957459e-001
 2.8936389e-001
 2.8915837e-001
 2.8895801e-001
 2.8876290e-001
 2.8857294e-001
 2.8838819e-001
 2.8820872e-001
 2.8803444e-001
 2.8786546e-001
 2.8770170e-001
 2.8754321e-001
 2.8739002e-001
 2.8724211e-001
 2.8709951e-001
 2.8696224e-001
 2.8683028e-001
 2.8670368e-001
 2.8658238e-001
 2.8646651e-001
 2.8635597e-001
 2.8625080e-001
 2.8615105e-001
 2.8605670e-001
 2.8596777e-001
 2.8588426e-001
 2.8580618e-001
 2.8573358e-001
 2.8566644e-001
 2.8560475e-001
 2.8554854e-001
 2.8549784e-001
 2.8545266e-001
 2.8541297e-001
 2.8537881e-001
 2.8535023e-001
 2.8532717e-001
 2.8530967e-001
 2.8529775e-001
 2.8529140e-001
 2.8529069e-001
 2.8529555e-001
 2.8530604e-001
 2.8532216e-001
 2.8534392e-001
 2.8537130e-001
 2.8540438e-001
 2.8544313e-001
 2.8548756e-001
 2.8553769e-001
 2.8559354e-001
 2.8565511e-001
 2.8572237e-001
 2.8579542e-001
 2.8587419e-001
 2.8595874e-001
 2.8604907e-001
 2.8614518e-001
 2.8624707e-001
 2.8635478e-001
 2.8646830e-001
 2.8658769e-001
 2.8671291e-001
 2.8684396e-001
 2.8698090e-001
 2.8712368e-001
 2.8727239e-001
 2.8742698e-001
 2.8758746e-001
 2.8775391e-001
 2.8792626e-001
 2.8810453e-001
 2.8828880e-001
 2.8847900e-001
 2.8867519e-001
 2.8887737e-001
 2.8908554e-001
 2.8929973e-001
 2.8951994e-001
 2.8974620e-001
 2.8997847e-001
 2.9021680e-001
 2.9046121e-001
 2.9071170e-001
 2.9096827e-001
 2.9123095e-001
 2.9149973e-001
 2.9177463e-001
 2.9205567e-001
 2.9234287e-001
 2.9263622e-001
 2.9293570e-001
 2.9324141e-001
 2.9355326e-001
 2.9387134e-001
 2.9419565e-001
 2.9452613e-001
 2.9486290e-001
 2.9520592e-001
 2.9555514e-001
 2.9591066e-001
 2.9627243e-001
 2.9664055e-001
 2.9701495e-001
 2.9739562e-001
 2.9778266e-001
 2.9817599e-001
 2.9857573e-001
 2.9898179e-001
 2.9939419e-001
 2.9981303e-001
 3.0023819e-001
 3.0066982e-001
 3.0110785e-001
 3.0155227e-001
 3.0200318e-001
 3.0246046e-001
 3.0292428e-001
 3.0339453e-001
 3.0387121e-001
 3.0435446e-001
 3.0484420e-001
 3.0534041e-001
 3.0584320e-001
 3.0635247e-001
 3.0686834e-001
 3.0739078e-001
 3.0791971e-001
 3.0845532e-001
 3.0899742e-001
 3.0954620e-001
 3.1010160e-001
 3.1066355e-001
 3.1123221e-001
 3.1180745e-001
 3.1238943e-001
 3.1297806e-001
 3.1357333e-001
 3.1417534e-001
 3.1478399e-001
 3.1539944e-001
 3.1602159e-001
 3.1665042e-001
 3.1728607e-001
 3.1792843e-001
 3.1857762e-001
 3.1923357e-001
 3.1989625e-001
 3.2056582e-001
 3.2124221e-001
 3.2192534e-001
 3.2261539e-001
 3.2331219e-001
 3.2401597e-001
 3.2472661e-001
 3.2544404e-001
 3.2616845e-001
 3.2689968e-001
 3.2763794e-001
 3.2838309e-001
 3.2913512e-001
 3.2989416e-001
 3.3066010e-001
 3.3143309e-001
 3.3221307e-001
 3.3299994e-001
 3.3379394e-001
 3.3459485e-001
 3.3540288e-001
 3.3621794e-001
 3.3703998e-001
 3.3786917e-001
 3.3870542e-001
 3.3954865e-001
 3.4039909e-001
 3.4125653e-001
 3.4212121e-001
 3.4299299e-001
 3.4387183e-001
 3.4475791e-001
 3.4565106e-001
 3.4655151e-001
 3.4745914e-001
 3.4837383e-001
 3.4929585e-001
 3.5022500e-001
 3.5116148e-001
 3.5210520e-001
 3.5305604e-001
 3.5401428e-001
 3.5497966e-001
 3.5595247e-001
 3.5693258e-001
 3.5791987e-001
 3.5891458e-001
 3.5991654e-001
 3.6092594e-001
 3.6194271e-001
 3.6296669e-001
 3.6399820e-001
 3.6503708e-001
 3.6608323e-001
 3.6713693e-001
 3.6819792e-001
 3.6926645e-001
 3.7034243e-001
 3.7142575e-001
 3.7251666e-001
 3.7361494e-001
 3.7472078e-001
 3.7583417e-001
 3.7695491e-001
 3.7808332e-001
 3.7921914e-001
 3.8036263e-001
 3.8151368e-001
 3.8267213e-001
 3.8383833e-001
 3.8501197e-001
 3.8619336e-001
 3.8738233e-001
 3.8857880e-001
 3.8978305e-001
 3.9099497e-001
 3.9221436e-001
 3.9344156e-001
 3.9467633e-001
 3.9591891e-001
 3.9716920e-001
 3.9842704e-001
 3.9969277e-001
 4.0096608e-001
 4.0224728e-001
 4.0353623e-001
 4.0483281e-001
 4.0613732e-001
 4.0744945e-001
 4.0876952e-001
 4.1009742e-001
 4.1143298e-001
 4.1277656e-001
 4.1412780e-001
 4.1548708e-001
 4.1685423e-001
 4.1822910e-001
 4.1961202e-001
 4.2100284e-001
 4.2240140e-001
 4.2380807e-001
 4.2522252e-001
 4.2664504e-001
 4.2807555e-001
 4.2951384e-001
 4.3096030e-001
 4.3241459e-001
 4.3387702e-001
 4.3534750e-001
 4.3682581e-001
 4.3831232e-001
 4.3980673e-001
 4.4130936e-001
 4.4282007e-001
 4.4433868e-001
 4.4586554e-001
 4.4740033e-001
 4.4894341e-001
 4.5049453e-001
 4.5205352e-001
 4.5362061e-001
 4.5519534e-001
 4.5677784e-001
 4.5836768e-001
 4.5996445e-001
 4.6156844e-001
 4.6317971e-001
 4.6479887e-001
 4.6642768e-001
 4.6806780e-001
 4.6972162e-001
 4.7139049e-001
 4.7307432e-001
 4.7477192e-001
 4.7647941e-001
 4.7819307e-001
 4.7990909e-001
 4.8162577e-001
 4.8334453e-001
 4.8506841e-001
 4.8680213e-001
 4.8854902e-001
 4.9031028e-001
 4.9208480e-001
 4.9386784e-001
 4.9565360e-001
 4.9743450e-001
 4.9920300e-001
 5.0095230e-001
 5.0267535e-001
 5.0436485e-001
 5.0601327e-001
 5.0761104e-001
 5.0914782e-001
 5.1061147e-001
 5.1199031e-001
 5.1327479e-001
 5.1445782e-001
 5.1553732e-001
 5.1651585e-001
 5.1740068e-001
 5.1820487e-001
 5.1894653e-001
 5.1964855e-001
 5.2033561e-001
 5.2103204e-001
 5.2175826e-001
 5.2252817e-001
 5.2334726e-001
 5.2421176e-001
 5.2510935e-001
 5.2602196e-001
 5.2692866e-001
 5.2780968e-001
 5.2864856e-001
 5.2943432e-001
 5.3016210e-001
 5.3083217e-001
 5.3144950e-001
 5.3202224e-001
 5.3255868e-001
 5.3306568e-001
 5.3354669e-001
 5.3400087e-001
 5.3442353e-001
 5.3480721e-001
 5.3514367e-001
 5.3542620e-001
 5.3565192e-001
 5.3582323e-001
 5.3594780e-001
 5.3603816e-001
 5.3611028e-001
 5.3618228e-001
 5.3627270e-001
 5.3639960e-001
 5.3657907e-001
 5.3682357e-001
 5.3714091e-001
 5.3753328e-001
 5.3799641e-001
 5.3851980e-001
 5.3908741e-001
 5.3967899e-001
 5.4027194e-001
 5.4084337e-001
 5.4137224e-001
 5.4184204e-001
 5.4224169e-001
 5.4256618e-001
 5.4281640e-001
 5.4299861e-001
 5.4312366e-001
 5.4320586e-001
 5.4326200e-001
 5.4331028e-001
 5.4336894e-001
 5.4345495e-001
 5.4358196e-001
 5.4375952e-001
 5.4399157e-001
 5.4427624e-001
 5.4460609e-001
 5.4496920e-001
 5.4535097e-001
 5.4573578e-001
 5.4610896e-001
 5.4645866e-001
 5.4677665e-001
 5.4705900e-001
 5.4730594e-001
 5.4752105e-001
 5.4771036e-001
 5.4788101e-001
 5.4804033e-001
 5.4819477e-001
 5.4834920e-001
 5.4850668e-001
 5.4866838e-001
 5.4883361e-001
 5.4900032e-001
 5.4916549e-001
 5.4932576e-001
 5.4947793e-001
 5.4961979e-001
 5.4975110e-001
 5.4987377e-001
 5.4999268e-001
 5.5011553e-001
 5.5025244e-001
 5.5041480e-001
 5.5061388e-001
 5.5085850e-001
 5.5115318e-001
 5.5149627e-001
 5.5187905e-001
 5.5228555e-001
 5.5269414e-001
 5.5308038e-001
 5.5342007e-001
 5.5369413e-001
 5.5389154e-001
 5.5401254e-001
 5.5406964e-001
 5.5408633e-001
 5.5409437e-001
 5.5412912e-001
 5.5422401e-001
 5.5440551e-001
 5.5468881e-001
 5.5507535e-001
 5.5555290e-001
 5.5609745e-001
 5.5667770e-001
 5.5725956e-001
 5.5781180e-001
 5.5831063e-001
 5.5874223e-001
 5.5910426e-001
 5.5940455e-001
 5.5965853e-001
 5.5988604e-001
 5.6010729e-001
 5.6033951e-001
 5.6059468e-001
 5.6087834e-001
 5.6118971e-001
 5.6152284e-001
 5.6186861e-001
 5.6221688e-001
 5.6255859e-001
 5.6288731e-001
 5.6319970e-001
 5.6349546e-001
 5.6377625e-001
 5.6404471e-001
 5.6430328e-001
 5.6455314e-001
 5.6479406e-001
 5.6502360e-001
 5.6523776e-001
 5.6543148e-001
 5.6559944e-001
 5.6573755e-001
 5.6584412e-001
 5.6592071e-001
 5.6597269e-001
 5.6600839e-001
 5.6603837e-001
 5.6607330e-001
 5.6612152e-001
 5.6618708e-001
 5.6626755e-001
 5.6635356e-001
 5.6642956e-001
 5.6647521e-001
 5.6646806e-001
 5.6638634e-001
 5.6621134e-001
 5.6592947e-001
 5.6553376e-001
 5.6502396e-001
 5.6440729e-001
 5.6369758e-001
 5.6291413e-001
 5.6208080e-001
 5.6122452e-001
 5.6037366e-001
 5.5955738e-001
 5.5880344e-001
 5.5813748e-001
 5.5758101e-001
 5.5714887e-001
 5.5684775e-001
 5.5667323e-001
 5.5660838e-001
 5.5662292e-001
 5.5667382e-001
 5.5670756e-001
 5.5666417e-001
 5.5648279e-001
 5.5610788e-001
 5.5549532e-001
 5.5461806e-001
 5.5346930e-001
 5.5206400e-001
 5.5043757e-001
 5.4864109e-001
 5.4673672e-001
 5.4479080e-001
 5.4286617e-001
 5.4101813e-001
 5.3928846e-001
 5.3770447e-001
 5.3627819e-001
 5.3500706e-001
 5.3387755e-001
 5.3286713e-001
 5.3194821e-001
 5.3109050e-001
 5.3026295e-001
 5.2943617e-001
 5.2858293e-001
 5.2767968e-001
 5.2670753e-001
 5.2565241e-001
 5.2450699e-001
 5.2327031e-001
 5.2194905e-001
 5.2055675e-001
 5.1911247e-001
 5.1764041e-001
 5.1616621e-001
 5.1471597e-001
 5.1331300e-001
 5.1197559e-001
 5.1071638e-001
 5.0954145e-001
 5.0845003e-001
 5.0743669e-001
 5.0649190e-001
 5.0560516e-001
 5.0476617e-001
 5.0396681e-001
 5.0320244e-001
 5.0247204e-001
 5.0177842e-001
 5.0112700e-001
 5.0052446e-001
 4.9997729e-001
 4.9948978e-001
 4.9906296e-001
 4.9869362e-001
 4.9837375e-001
 4.9809155e-001
 4.9783212e-001
 4.9757946e-001
 4.9731833e-001
 4.9703628e-001
 4.9672535e-001
 4.9638322e-001
 4.9601331e-001
 4.9562445e-001
 4.9522904e-001
 4.9484146e-001
 4.9447539e-001
 4.9414140e-001
 4.9384531e-001
 4.9358657e-001
 4.9335814e-001
 4.9314669e-001
 4.9293411e-001
 4.9269986e-001
 4.9242362e-001
 4.9208826e-001
 4.9168241e-001
 4.9120221e-001
 4.9065202e-001
 4.9004298e-001
 4.8939142e-001
 4.8871648e-001
 4.8803759e-001
 4.8737305e-001
 4.8673776e-001
 4.8614317e-001
 4.8559648e-001
 4.8509997e-001
 4.8465121e-001
 4.8424342e-001
 4.8386645e-001
 4.8350853e-001
 4.8315763e-001
 4.8280370e-001
 4.8243997e-001
 4.8206353e-001
 4.8167583e-001
 4.8127729e-001
 4.8087379e-001
 4.8048055e-001
 4.8010597e-001
 4.7975579e-001
 4.7943074e-001
 4.7912568e-001
 4.7883022e-001
 4.7853005e-001
 4.7820908e-001
 4.7785050e-001
 4.7743818e-001
 4.7695777e-001
 4.7639817e-001
 4.7575378e-001
 4.7502559e-001
 4.7422129e-001
 4.7335535e-001
 4.7244674e-001
 4.7151765e-001
 4.7059160e-001
 4.6969184e-001
 4.6884042e-001
 4.6805558e-001
 4.6734965e-001
 4.6672645e-001
 4.6618006e-001
 4.6569619e-001
 4.6525404e-001
 4.6482927e-001
 4.6439573e-001
 4.6392682e-001
 4.6339646e-001
 4.6277991e-001
 4.6205476e-001
 4.6120194e-001
 4.6020550e-001
 4.5905286e-001
 4.5773393e-001
 4.5623949e-001
 4.5456201e-001
 4.5269394e-001
 4.5063010e-001
 4.4836852e-001
 4.4591171e-001
 4.4327039e-001
 4.4046202e-001
 4.3751216e-001
 4.3445158e-001
 4.3131313e-001
 4.2813206e-001
 4.2494145e-001
 4.2177203e-001
 4.1864741e-001
 4.1557795e-001
 4.1255912e-001
 4.0956688e-001
 4.0656191e-001
 4.0349281e-001
 4.0029997e-001
 3.9692226e-001
 3.9329717e-001
 3.8936684e-001
 3.8508168e-001
 3.8040403e-001
 3.7531614e-001
 3.6982086e-001
 3.6393738e-001
 3.5770112e-001
 3.5115281e-001
 3.4433901e-001
 3.3730721e-001
 3.3010063e-001
 3.2276157e-001
 3.1532153e-001
 3.0780452e-001
 3.0022350e-001
 2.9257858e-001
 2.8486609e-001
 2.7707446e-001
 2.6919273e-001
 2.6120996e-001
 2.5311419e-001
 2.4490115e-001
 2.3656945e-001
 2.2812973e-001
 2.1960290e-001
 2.1101597e-001
 2.0240569e-001
 1.9381285e-001
 1.8527712e-001
 1.7684302e-001
 1.6855089e-001
 1.6044353e-001
 1.5256251e-001
 1.4494516e-001
 1.3763086e-001
 1.3065390e-001
 1.2405009e-001
 1.1785432e-001
 1.1209862e-001
 1.0681651e-001
 1.0203592e-001
 9.7780772e-002
 9.4064929e-002
 9.0887591e-002
 8.8234812e-002
 8.6077906e-002
 8.4379323e-002
 8.3095461e-002
 8.2179554e-002
 8.1584901e-002
 8.1265740e-002
 8.1179850e-002
 8.1290603e-002
 8.1569135e-002
 8.1995130e-002
 8.2555905e-002
 8.3244704e-002
 8.4057905e-002
 8.4993847e-002
 8.6051114e-002
 8.7228000e-002
 8.8522442e-002
 8.9930348e-002
 9.1446325e-002
 9.3062297e-002
 9.4768219e-002
 9.6553199e-002
 9.8404661e-002
 1.0031047e-001
 1.0225777e-001
 1.0423377e-001
 1.0622677e-001
 1.0822469e-001
 1.1021721e-001
 1.1219423e-001
 1.1414642e-001
 1.1606579e-001
 1.1794401e-001
 1.1977302e-001
 1.2154569e-001
 1.2325461e-001
 1.2489428e-001
 1.2646037e-001
 1.2795112e-001
 1.2936793e-001
 1.3071403e-001
 1.3199505e-001
 1.3321730e-001
 1.3438764e-001
 1.3551357e-001
 1.3660227e-001
 1.3766170e-001
 1.3869974e-001
 1.3972490e-001
 1.4074652e-001
 1.4177403e-001
 1.4281768e-001
 1.4388758e-001
 1.4499378e-001
 1.4614637e-001
 1.4735404e-001
 1.4862335e-001
 1.4995787e-001
 1.5135586e-001
 1.5281102e-001
 1.5431184e-001
 1.5584333e-001
 1.5738906e-001
 1.5893094e-001
 1.6045186e-001
 1.6193527e-001
 1.6336747e-001
 1.6473982e-001
 1.6604933e-001
 1.6730057e-001
 1.6850388e-001
 1.6967425e-001
 1.7082982e-001
 1.7198943e-001
 1.7317253e-001
 1.7439736e-001
 1.7567994e-001
 1.7703320e-001
 1.7846453e-001
 1.7997657e-001
 1.8156658e-001
 1.8322816e-001
 1.8495341e-001
 1.8673274e-001
 1.8855637e-001
 1.9041555e-001
 1.9230154e-001
 1.9420825e-001
 1.9613108e-001
 1.9806801e-001
 2.0001991e-001
 2.0198844e-001
 2.0397712e-001
 2.0598899e-001
 2.0802821e-001
 2.1009676e-001
 2.1219680e-001
 2.1432853e-001
 2.1648785e-001
 2.1866918e-001
 2.2086361e-001
 2.2306076e-001
 2.2524752e-001
 2.2741184e-001
 2.2954185e-001
 2.3162515e-001
 2.3365293e-001
 2.3561992e-001
 2.3752426e-001
 2.3937078e-001
 2.4116865e-001
 2.4293102e-001
 2.4467187e-001
 2.4640732e-001
 2.4815339e-001
 2.4992381e-001
 2.5173110e-001
 2.5358361e-001
 2.5548279e-001
 2.5742525e-001
 2.5940189e-001
 2.6139814e-001
 2.6339835e-001
 2.6538533e-001
 2.6734218e-001
 2.6925138e-001
 2.7109852e-001
 2.7287227e-001
 2.7456397e-001
 2.7617094e-001
 2.7769446e-001
 2.7913776e-001
 2.8050694e-001
 2.8180867e-001
 2.8305009e-001
 2.8423741e-001
 2.8537723e-001
 2.8647533e-001
 2.8753561e-001
 2.8856152e-001
 2.8955540e-001
 2.9051808e-001
 2.9145062e-001
 2.9235384e-001
 2.9322794e-001
 2.9407391e-001
 2.9489306e-001
 2.9568762e-001
 2.9646033e-001
 2.9721570e-001
 2.9795927e-001
 2.9869685e-001
 2.9943520e-001
 3.0018124e-001
 3.0094114e-001
 3.0172092e-001
 3.0252483e-001
 3.0335489e-001
 3.0420902e-001
 3.0508196e-001
 3.0596510e-001
 3.0684659e-001
 3.0771378e-001
 3.0855340e-001
 3.0935162e-001
 3.1009626e-001
 3.1077695e-001
 3.1138688e-001
 3.1192365e-001
 3.1239045e-001
 3.1279510e-001
 3.1314874e-001
 3.1346473e-001
 3.1375748e-001
 3.1404129e-001
 3.1433022e-001
 3.1463715e-001
 3.1497282e-001
 3.1534538e-001
 3.1575993e-001
 3.1621900e-001
 3.1672269e-001
 3.1727028e-001
 3.1786045e-001
 3.1849104e-001
 3.1915995e-001
 3.1986448e-001
 3.2060024e-001
 3.2136196e-001
 3.2214251e-001
 3.2293352e-001
 3.2372501e-001
 3.2450691e-001
 3.2526892e-001
 3.2600054e-001
 3.2669270e-001
 3.2733837e-001
 3.2793337e-001
 3.2847860e-001
 3.2897991e-001
 3.2944739e-001
 3.2989481e-001
 3.3033782e-001
 3.3079305e-001
 3.3127663e-001
 3.3180398e-001
 3.3238813e-001
 3.3303756e-001
 3.3375555e-001
 3.3453926e-001
 3.3537975e-001
 3.3626452e-001
 3.3717832e-001
 3.3810514e-001
 3.3902794e-001
 3.3993086e-001
 3.4079921e-001
 3.4161970e-001
 3.4238255e-001
 3.4308097e-001
 3.4371045e-001
 3.4426910e-001
 3.4475619e-001
 3.4517142e-001
 3.4551519e-001
 3.4578851e-001
 3.4599346e-001
 3.4613386e-001
 3.4621626e-001
 3.4624979e-001
 3.4624615e-001
 3.4621885e-001
 3.4618250e-001
 3.4615210e-001
 3.4614250e-001
 3.4616771e-001
 3.4623981e-001
 3.4636772e-001
 3.4655601e-001
 3.4680468e-001
 3.4710908e-001
 3.4746164e-001
 3.4785292e-001
 3.4827235e-001
 3.4870934e-001
 3.4915370e-001
 3.4959573e-001
 3.5002744e-001
 3.5044271e-001
 3.5083765e-001
 3.5121003e-001
 3.5155928e-001
 3.5188580e-001
 3.5219005e-001
 3.5247305e-001
 3.5273585e-001
 3.5297960e-001
 3.5320592e-001
 3.5341677e-001
 3.5361469e-001
 3.5380244e-001
 3.5398325e-001
 3.5416058e-001
 3.5433763e-001
 3.5451770e-001
 3.5470352e-001
 3.5489655e-001
 3.5509655e-001
 3.5530081e-001
 3.5550374e-001
 3.5569733e-001
 3.5587180e-001
 3.5601625e-001
 3.5611933e-001
 3.5617015e-001
 3.5615891e-001
 3.5607854e-001
 3.5592625e-001
 3.5570523e-001
 3.5542539e-001
 3.5510242e-001
 3.5475641e-001
 3.5441002e-001
 3.5408714e-001
 3.5381120e-001
 3.5360387e-001
 3.5348320e-001
 3.5346052e-001
 3.5353860e-001
 3.5371029e-001
 3.5395986e-001
 3.5426503e-001
 3.5459977e-001
 3.5493621e-001
 3.5524666e-001
 3.5550514e-001
 3.5568926e-001
 3.5578346e-001
 3.5578081e-001
 3.5568428e-001
 3.5550565e-001
 3.5526311e-001
 3.5497898e-001
 3.5467702e-001
 3.5438129e-001
 3.5411441e-001
 3.5389617e-001
 3.5374075e-001
 3.5365537e-001
 3.5363927e-001
 3.5368448e-001
 3.5377786e-001
 3.5390294e-001
 3.5404199e-001
 3.5417703e-001
 3.5429090e-001
 3.5436839e-001
 3.5439795e-001
 3.5437259e-001
 3.5429069e-001
 3.5415530e-001
 3.5397291e-001
 3.5375223e-001
 3.5350281e-001
 3.5323426e-001
 3.5295597e-001
 3.5267577e-001
 3.5239950e-001
 3.5212985e-001
 3.5186648e-001
 3.5160595e-001
 3.5134259e-001
 3.5106966e-001
 3.5077959e-001
 3.5046485e-001
 3.5011864e-001
 3.4973502e-001
 3.4931016e-001
 3.4884271e-001
 3.4833470e-001
 3.4779039e-001
 3.4721604e-001
 3.4661949e-001
 3.4600869e-001
 3.4539157e-001
 3.4477630e-001
 3.4416968e-001
 3.4357715e-001
 3.4300268e-001
 3.4244770e-001
 3.4191188e-001
 3.4139338e-001
 3.4088990e-001
 3.4039831e-001
 3.3991548e-001
 3.3943874e-001
 3.3896545e-001
 3.3849365e-001
 3.3802256e-001
 3.3755216e-001
 3.3708331e-001
 3.3661747e-001
 3.3615682e-001
 3.3570313e-001
 3.3525780e-001
 3.3482113e-001
 3.3439034e-001
 3.3395803e-001
 3.3351076e-001
 3.3302787e-001
 3.3248231e-001
 3.3184287e-001
 3.3107531e-001
 3.3014470e-001
 3.2901704e-001
 3.2766354e-001
 3.2606366e-001
 3.2421172e-001
 3.2212400e-001
 3.1983820e-001
 3.1741241e-001
 3.1492153e-001
 3.1244761e-001
 3.1007683e-001
 3.0789393e-001
 3.0597878e-001
 3.0439559e-001
 3.0318534e-001
 3.0235794e-001
 3.0188692e-001
 3.0171418e-001
 3.0175823e-001
 3.0192342e-001
 3.0210808e-001
 3.0221012e-001
 3.0213299e-001
 3.0179277e-001
 3.0112651e-001
 3.0010074e-001
 2.9871362e-001
 2.9699185e-001
 2.9498476e-001
 2.9275319e-001
 2.9036361e-001
 2.8788555e-001
 2.8538424e-001
 2.8291920e-001
 2.8053823e-001
 2.7827594e-001
 2.7614850e-001
 2.7415732e-001
 2.7229410e-001
 2.7054250e-001
 2.6888305e-001
 2.6729646e-001
 2.6576257e-001
 2.6426277e-001
 2.6278055e-001
 2.6130348e-001
 2.5982171e-001
 2.5832841e-001
 2.5682026e-001
 2.5529420e-001
 2.5374794e-001
 2.5218064e-001
 2.5059071e-001
 2.4897704e-001
 2.4734055e-001
 2.4568214e-001
 2.4400434e-001
 2.4231043e-001
 2.4060571e-001
 2.3889479e-001
 2.3718238e-001
 2.3547429e-001
 2.3377454e-001
 2.3208596e-001
 2.3041056e-001
 2.2874637e-001
 2.2708881e-001
 2.2543018e-001
 2.2376184e-001
 2.2207278e-001
 2.2035143e-001
 2.1858746e-001
 2.1677010e-001
 2.1489011e-001
 2.1294248e-001
 2.1092471e-001
 2.0883863e-001
 2.0669132e-001
 2.0449105e-001
 2.0224804e-001
 1.9997260e-001
 1.9767676e-001
 1.9537053e-001
 1.9306308e-001
 1.9076398e-001
 1.8847951e-001
 1.8621410e-001
 1.8397208e-001
 1.8175477e-001
 1.7956321e-001
 1.7739743e-001
 1.7525882e-001
 1.7314714e-001
 1.7106217e-001
 1.6900526e-001
 1.6704780e-001
 1.6552943e-001
 1.6356169e-001
 1.6162427e-001
 1.5971677e-001
 1.5783928e-001
 1.5599144e-001
 1.5417421e-001
 1.5238723e-001
 1.5063053e-001
 1.4890428e-001
 1.4720801e-001
 1.4554152e-001
 1.4390285e-001
 1.4229055e-001
 1.4070266e-001
 1.3913839e-001
 1.3759583e-001
 1.3607349e-001
 1.3456944e-001
 1.3308288e-001
 1.3161191e-001
 1.3015500e-001
 1.2871027e-001
 1.2727688e-001
 1.2585317e-001
 1.2443969e-001
 1.2303807e-001
 1.2164954e-001
 1.2027640e-001
 1.1891993e-001
 1.1758170e-001
 1.1626302e-001
 1.1496613e-001
 1.1369230e-001
 1.1244314e-001
 1.1121999e-001
 1.1002500e-001
 1.0885951e-001
 1.0772510e-001
 1.0662340e-001
 1.0555574e-001
 1.0452424e-001
 1.0353005e-001
 1.0257266e-001
 1.0165038e-001
 1.0076217e-001
 9.9906318e-002
 9.9081337e-002
 9.8285548e-002
 9.7517855e-002
 9.6776567e-002
 9.6060209e-002
 9.5367283e-002
 9.4696157e-002
 9.4045654e-002
 9.3414143e-002
 9.2800111e-002
 9.2201948e-002
 9.1618441e-002
 9.1047980e-002
 9.0489060e-002
 8.9940079e-002
 8.9399792e-002
 8.8866606e-002
 8.8339143e-002
 8.7817013e-002
 8.7300792e-002
 8.6790644e-002
 8.6286880e-002
 8.5789800e-002
 8.5299589e-002
 8.4816799e-002
 8.4341601e-002
 8.3874308e-002
 8.3415113e-002
 8.2964562e-002
 8.2522824e-002
 8.2090199e-002
 8.1666917e-002
 8.1253469e-002
 8.0850065e-002
 8.0457002e-002
 8.0074586e-002
 7.9703033e-002
 7.9342835e-002
 7.8994207e-002
 7.8657448e-002
 7.8332797e-002
 7.8020684e-002
 7.7721372e-002
 7.7435061e-002
 7.7161230e-002
 7.6899238e-002
 7.6648191e-002
 7.6407313e-002
 7.6175824e-002
 7.5952835e-002
 7.5737692e-002
 7.5529516e-002
 7.5327531e-002
 7.5130895e-002
 7.4938908e-002
 7.4750714e-002
 7.4565507e-002
 7.4382484e-002
 7.4200913e-002
 7.4019961e-002
 7.3838823e-002
 7.3656671e-002
 7.3472790e-002
 7.3286340e-002
 7.3096521e-002
 7.2902553e-002
 7.2703578e-002
 7.2498910e-002
 7.2287686e-002
 7.2069123e-002
 7.1842365e-002
 7.1606733e-002
 7.1361378e-002
 7.1105599e-002
 7.0839502e-002
 7.0563808e-002
 7.0279039e-002
