s07_ASD Record=16878: Xanthine SA-X0626 85K        ASDHRa AREF
-1.2300000e+034
 4.7378299e-001
 4.6138838e-001
 4.6308941e-001
 4.6618938e-001
 4.6265692e-001
 4.5305929e-001
 4.5003697e-001
 4.4884482e-001
 4.4535789e-001
 4.3902469e-001
 4.3841508e-001
 4.4080201e-001
 4.4063216e-001
 4.3510985e-001
 4.3525830e-001
 4.3633401e-001
 4.3496117e-001
 4.3186456e-001
 4.3066821e-001
 4.3182170e-001
 4.3369824e-001
 4.3395096e-001
 4.3545222e-001
 4.3736541e-001
 4.3814936e-001
 4.3906975e-001
 4.4127619e-001
 4.4500664e-001
 4.4949907e-001
 4.5403680e-001
 4.5838881e-001
 4.6342158e-001
 4.7004971e-001
 4.7556293e-001
 4.8102316e-001
 4.8731816e-001
 4.9352664e-001
 5.0027722e-001
 5.0747603e-001
 5.1456243e-001
 5.2086276e-001
 5.2691948e-001
 5.3354990e-001
 5.4084086e-001
 5.4657716e-001
 5.5216169e-001
 5.5795723e-001
 5.6255162e-001
 5.6731695e-001
 5.7277352e-001
 5.7872719e-001
 5.8391094e-001
 5.8853722e-001
 5.9287494e-001
 5.9711200e-001
 6.0084713e-001
 6.0441417e-001
 6.0837913e-001
 6.1297202e-001
 6.1667424e-001
 6.2012684e-001
 6.2377906e-001
 6.2713522e-001
 6.3102823e-001
 6.3489723e-001
 6.3822639e-001
 6.4220774e-001
 6.4621705e-001
 6.5013242e-001
 6.5420610e-001
 6.5819764e-001
 6.6213554e-001
 6.6583276e-001
 6.6917181e-001
 6.7313963e-001
 6.7715096e-001
 6.8048447e-001
 6.8382519e-001
 6.8722653e-001
 6.9058889e-001
 6.9365042e-001
 6.9651878e-001
 6.9948924e-001
 7.0260572e-001
 7.0546007e-001
 7.0801032e-001
 7.1049166e-001
 7.1309590e-001
 7.1556163e-001
 7.1799356e-001
 7.2040808e-001
 7.2286165e-001
 7.2556180e-001
 7.2826934e-001
 7.3076737e-001
 7.3308206e-001
 7.3544294e-001
 7.3775494e-001
 7.3984492e-001
 7.4171120e-001
 7.4338198e-001
 7.4477565e-001
 7.4581718e-001
 7.4679327e-001
 7.4773067e-001
 7.4869961e-001
 7.4984169e-001
 7.5111771e-001
 7.5230467e-001
 7.5326073e-001
 7.5427711e-001
 7.5540423e-001
 7.5651109e-001
 7.5742698e-001
 7.5846976e-001
 7.5965333e-001
 7.6094365e-001
 7.6234114e-001
 7.6406330e-001
 7.6614094e-001
 7.6854831e-001
 7.7129024e-001
 7.7428180e-001
 7.7742285e-001
 7.8064460e-001
 7.8393382e-001
 7.8695190e-001
 7.8944880e-001
 7.9156041e-001
 7.9359776e-001
 7.9557300e-001
 7.9730994e-001
 7.9870987e-001
 7.9996878e-001
 8.0118656e-001
 8.0238211e-001
 8.0369234e-001
 8.0485457e-001
 8.0581111e-001
 8.0693114e-001
 8.0797875e-001
 8.0898315e-001
 8.1002373e-001
 8.1099200e-001
 8.1190151e-001
 8.1287259e-001
 8.1398755e-001
 8.1485236e-001
 8.1581533e-001
 8.1704146e-001
 8.1801897e-001
 8.1897449e-001
 8.2003558e-001
 8.2118809e-001
 8.2217014e-001
 8.2316393e-001
 8.2430375e-001
 8.2550848e-001
 8.2656652e-001
 8.2755601e-001
 8.2861060e-001
 8.2968509e-001
 8.3077800e-001
 8.3182985e-001
 8.3276123e-001
 8.3363390e-001
 8.3448911e-001
 8.3538836e-001
 8.3632529e-001
 8.3708292e-001
 8.3780986e-001
 8.3868933e-001
 8.3946151e-001
 8.4012181e-001
 8.4078658e-001
 8.4160566e-001
 8.4230262e-001
 8.4294063e-001
 8.4364069e-001
 8.4443402e-001
 8.4515959e-001
 8.4577012e-001
 8.4633946e-001
 8.4699059e-001
 8.4762496e-001
 8.4821111e-001
 8.4881842e-001
 8.4936124e-001
 8.4988642e-001
 8.5045570e-001
 8.5105115e-001
 8.5167885e-001
 8.5226423e-001
 8.5273904e-001
 8.5328519e-001
 8.5385722e-001
 8.5437286e-001
 8.5480988e-001
 8.5532135e-001
 8.5585511e-001
 8.5627443e-001
 8.5660207e-001
 8.5692573e-001
 8.5729176e-001
 8.5765290e-001
 8.5796267e-001
 8.5826957e-001
 8.5861731e-001
 8.5894406e-001
 8.5922253e-001
 8.5948563e-001
 8.5984737e-001
 8.6039215e-001
 8.6093378e-001
 8.6138839e-001
 8.6188018e-001
 8.6227030e-001
 8.6262220e-001
 8.6299807e-001
 8.6326969e-001
 8.6353493e-001
 8.6381167e-001
 8.6405522e-001
 8.6438638e-001
 8.6489457e-001
 8.6553812e-001
 8.6606997e-001
 8.6657321e-001
 8.6707073e-001
 8.6752659e-001
 8.6782199e-001
 8.6794329e-001
 8.6796546e-001
 8.6804450e-001
 8.6818188e-001
 8.6835456e-001
 8.6852461e-001
 8.6869764e-001
 8.6887532e-001
 8.6909401e-001
 8.6940783e-001
 8.6979842e-001
 8.7022525e-001
 8.7064642e-001
 8.7104744e-001
 8.7140399e-001
 8.7169975e-001
 8.7192416e-001
 8.7207800e-001
 8.7218380e-001
 8.7227929e-001
 8.7241292e-001
 8.7260640e-001
 8.7283915e-001
 8.7309593e-001
 8.7338275e-001
 8.7358230e-001
 8.7367487e-001
 8.7375921e-001
 8.7395936e-001
 8.7417501e-001
 8.7432975e-001
 8.7449849e-001
 8.7475127e-001
 8.7499839e-001
 8.7512070e-001
 8.7521195e-001
 8.7533766e-001
 8.7550110e-001
 8.7566286e-001
 8.7590778e-001
 8.7605697e-001
 8.7607086e-001
 8.7623799e-001
 8.7636381e-001
 8.7648731e-001
 8.7670380e-001
 8.7685007e-001
 8.7696874e-001
 8.7707305e-001
 8.7715161e-001
 8.7729323e-001
 8.7748057e-001
 8.7761885e-001
 8.7761748e-001
 8.7769133e-001
 8.7784261e-001
 8.7793833e-001
 8.7810612e-001
 8.7827933e-001
 8.7840825e-001
 8.7852335e-001
 8.7861329e-001
 8.7868708e-001
 8.7878948e-001
 8.7897319e-001
 8.7913078e-001
 8.7922955e-001
 8.7936121e-001
 8.7955117e-001
 8.7967032e-001
 8.7965339e-001
 8.7966537e-001
 8.7969631e-001
 8.7980998e-001
 8.8004106e-001
 8.8023078e-001
 8.8033324e-001
 8.8038915e-001
 8.8051939e-001
 8.8067728e-001
 8.8077152e-001
 8.8078475e-001
 8.8088292e-001
 8.8089091e-001
 8.8091165e-001
 8.8114065e-001
 8.8124698e-001
 8.8127226e-001
 8.8133174e-001
 8.8151151e-001
 8.8162512e-001
 8.8168901e-001
 8.8175410e-001
 8.8176805e-001
 8.8188225e-001
 8.8205254e-001
 8.8209820e-001
 8.8216311e-001
 8.8223523e-001
 8.8230276e-001
 8.8236392e-001
 8.8238227e-001
 8.8236475e-001
 8.8236105e-001
 8.8241404e-001
 8.8246828e-001
 8.8250142e-001
 8.8257319e-001
 8.8277560e-001
 8.8302249e-001
 8.8319814e-001
 8.8332534e-001
 8.8355619e-001
 8.8377106e-001
 8.8380021e-001
 8.8389641e-001
 8.8404202e-001
 8.8418353e-001
 8.8426703e-001
 8.8439137e-001
 8.8447630e-001
 8.8449097e-001
 8.8458902e-001
 8.8473988e-001
 8.8491148e-001
 8.8506925e-001
 8.8522178e-001
 8.8535571e-001
 8.8545567e-001
 8.8550735e-001
 8.8553089e-001
 8.8554901e-001
 8.8557881e-001
 8.8562417e-001
 8.8571858e-001
 8.8582331e-001
 8.8588041e-001
 8.8594270e-001
 8.8601583e-001
 8.8607806e-001
 8.8610846e-001
 8.8620353e-001
 8.8627708e-001
 8.8625395e-001
 8.8623482e-001
 8.8630354e-001
 8.8644487e-001
 8.8656449e-001
 8.8661379e-001
 8.8658291e-001
 8.8652194e-001
 8.8652527e-001
 8.8658148e-001
 8.8664013e-001
 8.8666594e-001
 8.8669896e-001
 8.8671941e-001
 8.8671827e-001
 8.8670224e-001
 8.8671482e-001
 8.8675338e-001
 8.8681388e-001
 8.8685697e-001
 8.8678455e-001
 8.8671023e-001
 8.8671213e-001
 8.8671666e-001
 8.8676530e-001
 8.8677770e-001
 8.8668901e-001
 8.8661331e-001
 8.8653350e-001
 8.8646644e-001
 8.8645530e-001
 8.8649857e-001
 8.8657916e-001
 8.8663465e-001
 8.8658100e-001
 8.8648504e-001
 8.8642305e-001
 8.8642138e-001
 8.8637167e-001
 8.8629383e-001
 8.8622409e-001
 8.8620657e-001
 8.8621789e-001
 8.8620543e-001
 8.8614130e-001
 8.8607794e-001
 8.8611871e-001
 8.8615203e-001
 8.8604617e-001
 8.8582897e-001
 8.8568628e-001
 8.8564509e-001
 8.8562250e-001
 8.8554555e-001
 8.8549012e-001
 8.8544935e-001
 8.8536799e-001
 8.8532609e-001
 8.8535517e-001
 8.8543546e-001
 8.8546824e-001
 8.8540858e-001
 8.8534385e-001
 8.8534987e-001
 8.8534695e-001
 8.8527972e-001
 8.8521671e-001
 8.8521850e-001
 8.8513976e-001
 8.8505089e-001
 8.8500935e-001
 8.8503736e-001
 8.8507986e-001
 8.8513684e-001
 8.8519353e-001
 8.8521683e-001
 8.8522428e-001
 8.8525128e-001
 8.8529307e-001
 8.8528466e-001
 8.8531488e-001
 8.8540447e-001
 8.8554955e-001
 8.8574290e-001
 8.8594538e-001
 8.8613570e-001
 8.8628900e-001
 8.8636273e-001
 8.8645762e-001
 8.8657981e-001
 8.8664734e-001
 8.8676053e-001
 8.8689113e-001
 8.8704664e-001
 8.8725811e-001
 8.8738585e-001
 8.8751596e-001
 8.8771981e-001
 8.8786715e-001
 8.8795424e-001
 8.8803470e-001
 8.8817322e-001
 8.8831347e-001
 8.8839650e-001
 8.8844925e-001
 8.8850892e-001
 8.8844627e-001
 8.8835859e-001
 8.8831335e-001
 8.8829738e-001
 8.8824439e-001
 8.8813567e-001
 8.8791758e-001
 8.8750577e-001
 8.8695306e-001
 8.8633227e-001
 8.8574344e-001
 8.8530999e-001
 8.8519418e-001
 8.8547671e-001
 8.8615578e-001
 8.8712245e-001
 8.8820368e-001
 8.8924909e-001
 8.9018112e-001
 8.9102548e-001
 8.9170784e-001
 8.9230144e-001
 8.9290595e-001
 8.9336652e-001
 8.9381886e-001
 8.9423078e-001
 8.9449823e-001
 8.9487773e-001
 8.9517874e-001
 8.9535815e-001
 8.9563930e-001
 8.9601350e-001
 8.9631540e-001
 8.9648527e-001
 8.9669746e-001
 8.9688158e-001
 8.9707625e-001
 8.9730579e-001
 8.9752728e-001
 8.9769465e-001
 8.9782226e-001
 8.9796412e-001
 8.9816576e-001
 8.9839476e-001
 8.9856380e-001
 8.9869416e-001
 8.9900059e-001
 8.9924186e-001
 8.9939642e-001
 8.9955306e-001
 8.9973485e-001
 8.9999360e-001
 9.0021807e-001
 9.0029424e-001
 9.0041625e-001
 9.0057111e-001
 9.0072870e-001
 9.0083647e-001
 9.0090907e-001
 9.0107286e-001
 9.0133405e-001
 9.0153539e-001
 9.0158486e-001
 9.0169382e-001
 9.0192145e-001
 9.0211886e-001
 9.0222317e-001
 9.0226310e-001
 9.0236247e-001
 9.0259504e-001
 9.0270334e-001
 9.0276998e-001
 9.0289021e-001
 9.0305907e-001
 9.0311879e-001
 9.0319455e-001
 9.0332228e-001
 9.0344322e-001
 9.0367019e-001
 9.0385514e-001
 9.0401161e-001
 9.0427119e-001
 9.0437376e-001
 9.0438807e-001
 9.0445852e-001
 9.0463489e-001
 9.0464985e-001
 9.0473121e-001
 9.0485805e-001
 9.0479797e-001
 9.0489894e-001
 9.0503335e-001
 9.0513718e-001
 9.0524894e-001
 9.0530884e-001
 9.0533924e-001
 9.0541023e-001
 9.0555537e-001
 9.0562612e-001
 9.0572000e-001
 9.0587956e-001
 9.0602285e-001
 9.0606755e-001
 9.0614277e-001
 9.0617156e-001
 9.0604687e-001
 9.0617442e-001
 9.0644449e-001
 9.0656763e-001
 9.0648669e-001
 9.0677732e-001
 9.0679276e-001
 9.0656763e-001
 9.0660578e-001
 9.0681648e-001
 9.0689594e-001
 9.0687406e-001
 9.0699428e-001
 9.0718919e-001
 9.0721840e-001
 9.0709466e-001
 9.0708351e-001
 9.0736419e-001
 9.0748024e-001
 9.0741765e-001
 9.0735614e-001
 9.0740705e-001
 9.0758592e-001
 9.0785807e-001
 9.0806007e-001
 9.0801167e-001
 9.0798455e-001
 9.0800059e-001
 9.0804493e-001
 9.0816927e-001
 9.0844083e-001
 9.0845126e-001
 9.0833497e-001
 9.0854061e-001
 9.0843433e-001
 9.0844959e-001
 9.0857846e-001
 9.0861553e-001
 9.0885508e-001
 9.0892243e-001
 9.0891469e-001
 9.0906310e-001
 9.0915853e-001
 9.0919572e-001
 9.0910709e-001
 9.0904307e-001
 9.0934724e-001
 9.0961695e-001
 9.0968531e-001
 9.0962303e-001
 9.0972811e-001
 9.0990746e-001
 9.0997154e-001
 9.0984356e-001
 9.0977716e-001
 9.1007090e-001
 9.1027766e-001
 9.1039699e-001
 9.1064948e-001
 9.1078627e-001
 9.1074610e-001
 9.1051930e-001
 9.1050214e-001
 9.1113317e-001
 9.1135031e-001
 9.1115510e-001
 9.1123587e-001
 9.1130358e-001
 9.1135412e-001
 9.1138303e-001
 9.1138649e-001
 9.1136152e-001
 9.1130787e-001
 9.1122860e-001
 9.1113049e-001
 9.1102326e-001
 9.1091806e-001
 9.1082442e-001
 9.1074878e-001
 9.1069293e-001
 9.1065466e-001
 9.1062963e-001
 9.1061318e-001
 9.1060120e-001
 9.1059053e-001
 9.1057777e-001
 9.1055942e-001
 9.1053176e-001
 9.1049254e-001
 9.1044116e-001
 9.1037935e-001
 9.1031021e-001
 9.1023755e-001
 9.1016501e-001
 9.1009569e-001
 9.1003215e-001
 9.0997607e-001
 9.0992785e-001
 9.0988660e-001
 9.0985060e-001
 9.0981787e-001
 9.0978765e-001
 9.0976083e-001
 9.0973943e-001
 9.0972525e-001
 9.0971816e-001
 9.0971452e-001
 9.0970713e-001
 9.0968722e-001
 9.0964729e-001
 9.0958399e-001
 9.0950006e-001
 9.0940374e-001
 9.0930623e-001
 9.0921777e-001
 9.0914440e-001
 9.0908599e-001
 9.0903693e-001
 9.0898800e-001
 9.0892988e-001
 9.0885592e-001
 9.0876305e-001
 9.0865248e-001
 9.0852785e-001
 9.0839398e-001
 9.0825564e-001
 9.0811628e-001
 9.0797853e-001
 9.0784395e-001
 9.0771335e-001
 9.0758687e-001
 9.0746391e-001
 9.0734273e-001
 9.0722054e-001
 9.0709400e-001
 9.0695965e-001
 9.0681463e-001
 9.0665680e-001
 9.0648425e-001
 9.0629441e-001
 9.0608293e-001
 9.0584302e-001
 9.0556520e-001
 9.0523803e-001
 9.0484953e-001
 9.0438855e-001
 9.0384513e-001
 9.0321076e-001
 9.0247649e-001
 9.0163189e-001
 9.0066350e-001
 8.9955401e-001
 8.9828461e-001
 8.9683759e-001
 8.9519995e-001
 8.9337009e-001
 8.9136106e-001
 8.8920581e-001
 8.8695794e-001
 8.8468897e-001
 8.8248378e-001
 8.8043028e-001
 8.7861049e-001
 8.7709051e-001
 8.7591332e-001
 8.7509763e-001
 8.7463832e-001
 8.7451184e-001
 8.7468249e-001
 8.7510890e-001
 8.7574947e-001
 8.7656659e-001
 8.7752885e-001
 8.7861162e-001
 8.7979668e-001
 8.8106912e-001
 8.8241547e-001
 8.8382000e-001
 8.8526326e-001
 8.8672268e-001
 8.8817233e-001
 8.8958520e-001
 8.9093578e-001
 8.9220047e-001
 8.9336073e-001
 8.9440304e-001
 8.9532048e-001
 8.9611268e-001
 8.9678472e-001
 8.9734584e-001
 8.9780688e-001
 8.9817905e-001
 8.9847320e-001
 8.9869958e-001
 8.9886838e-001
 8.9898962e-001
 8.9907300e-001
 8.9912683e-001
 8.9915735e-001
 8.9916790e-001
 8.9915955e-001
 8.9913172e-001
 8.9908367e-001
 8.9901567e-001
 8.9892966e-001
 8.9882904e-001
 8.9871866e-001
 8.9860326e-001
 8.9848721e-001
 8.9837354e-001
 8.9826369e-001
 8.9815754e-001
 8.9805341e-001
 8.9794910e-001
 8.9784247e-001
 8.9773208e-001
 8.9761829e-001
 8.9750266e-001
 8.9738733e-001
 8.9727360e-001
 8.9716083e-001
 8.9704639e-001
 8.9692581e-001
 8.9679444e-001
 8.9664871e-001
 8.9648694e-001
 8.9631003e-001
 8.9612091e-001
 8.9592379e-001
 8.9572370e-001
 8.9552546e-001
 8.9533329e-001
 8.9515066e-001
 8.9497977e-001
 8.9482158e-001
 8.9467573e-001
 8.9454049e-001
 8.9441335e-001
 8.9429110e-001
 8.9417034e-001
 8.9404756e-001
 8.9391917e-001
 8.9378190e-001
 8.9363301e-001
 8.9347100e-001
 8.9329594e-001
 8.9310926e-001
 8.9291376e-001
 8.9271224e-001
 8.9250743e-001
 8.9230114e-001
 8.9209461e-001
 8.9188838e-001
 8.9168286e-001
 8.9147812e-001
 8.9127439e-001
 8.9107144e-001
 8.9086950e-001
 8.9066893e-001
 8.9047062e-001
 8.9027607e-001
 8.9008725e-001
 8.8990593e-001
 8.8973355e-001
 8.8957024e-001
 8.8941491e-001
 8.8926548e-001
 8.8911963e-001
 8.8897574e-001
 8.8883334e-001
 8.8869333e-001
 8.8855731e-001
 8.8842767e-001
 8.8830602e-001
 8.8819325e-001
 8.8808900e-001
 8.8799101e-001
 8.8789564e-001
 8.8779819e-001
 8.8769382e-001
 8.8757837e-001
 8.8744956e-001
 8.8730723e-001
 8.8715339e-001
 8.8699144e-001
 8.8682532e-001
 8.8665837e-001
 8.8649267e-001
 8.8632870e-001
 8.8616538e-001
 8.8600063e-001
 8.8583189e-001
 8.8565677e-001
 8.8547319e-001
 8.8527983e-001
 8.8507718e-001
 8.8486719e-001
 8.8465381e-001
 8.8444191e-001
 8.8423616e-001
 8.8403976e-001
 8.8385350e-001
 8.8367599e-001
 8.8350433e-001
 8.8333535e-001
 8.8316649e-001
 8.8299656e-001
 8.8282585e-001
 8.8265586e-001
 8.8248855e-001
 8.8232565e-001
 8.8216782e-001
 8.8201386e-001
 8.8186139e-001
 8.8170654e-001
 8.8154513e-001
 8.8137364e-001
 8.8118953e-001
 8.8099217e-001
 8.8078249e-001
 8.8056308e-001
 8.8033777e-001
 8.8011116e-001
 8.7988800e-001
 8.7967294e-001
 8.7946951e-001
 8.7928033e-001
 8.7910676e-001
 8.7894911e-001
 8.7880671e-001
 8.7867820e-001
 8.7856150e-001
 8.7845397e-001
 8.7835306e-001
 8.7825638e-001
 8.7816215e-001
 8.7806940e-001
 8.7797755e-001
 8.7788612e-001
 8.7779391e-001
 8.7769896e-001
 8.7759829e-001
 8.7748808e-001
 8.7736452e-001
 8.7722480e-001
 8.7706846e-001
 8.7689817e-001
 8.7672025e-001
 8.7654340e-001
 8.7637687e-001
 8.7622815e-001
 8.7610132e-001
 8.7599576e-001
 8.7590724e-001
 8.7582952e-001
 8.7575614e-001
 8.7568247e-001
 8.7560636e-001
 8.7552762e-001
 8.7544721e-001
 8.7536520e-001
 8.7527990e-001
 8.7518692e-001
 8.7507939e-001
 8.7494951e-001
 8.7478960e-001
 8.7459409e-001
 8.7436026e-001
 8.7408870e-001
 8.7378240e-001
 8.7344617e-001
 8.7308514e-001
 8.7270457e-001
 8.7230903e-001
 8.7190312e-001
 8.7149185e-001
 8.7108129e-001
 8.7067956e-001
 8.7029642e-001
 8.6994290e-001
 8.6962956e-001
 8.6936408e-001
 8.6914939e-001
 8.6898208e-001
 8.6885220e-001
 8.6874461e-001
 8.6864090e-001
 8.6852229e-001
 8.6837196e-001
 8.6817765e-001
 8.6793339e-001
 8.6764044e-001
 8.6730719e-001
 8.6694759e-001
 8.6657912e-001
 8.6621940e-001
 8.6588353e-001
 8.6558205e-001
 8.6531991e-001
 8.6509609e-001
 8.6490470e-001
 8.6473596e-001
 8.6457783e-001
 8.6441755e-001
 8.6424381e-001
 8.6404747e-001
 8.6382270e-001
 8.6356670e-001
 8.6327910e-001
 8.6296052e-001
 8.6261207e-001
 8.6223447e-001
 8.6182863e-001
 8.6139554e-001
 8.6093706e-001
 8.6045653e-001
 8.5995847e-001
 8.5944897e-001
 8.5893548e-001
 8.5842568e-001
 8.5792798e-001
 8.5744977e-001
 8.5699767e-001
 8.5657632e-001
 8.5618800e-001
 8.5583240e-001
 8.5550588e-001
 8.5520208e-001
 8.5491163e-001
 8.5462290e-001
 8.5432297e-001
 8.5399842e-001
 8.5363650e-001
 8.5322666e-001
 8.5276216e-001
 8.5224193e-001
 8.5167253e-001
 8.5106844e-001
 8.5045242e-001
 8.4985304e-001
 8.4930187e-001
 8.4882969e-001
 8.4846222e-001
 8.4821749e-001
 8.4810311e-001
 8.4811550e-001
 8.4824055e-001
 8.4845525e-001
 8.4873021e-001
 8.4903347e-001
 8.4933335e-001
 8.4960151e-001
 8.4981531e-001
 8.4995896e-001
 8.5002351e-001
 8.5000664e-001
 8.4991115e-001
 8.4974337e-001
 8.4951138e-001
 8.4922373e-001
 8.4888816e-001
 8.4851086e-001
 8.4809631e-001
 8.4764779e-001
 8.4716743e-001
 8.4665668e-001
 8.4611678e-001
 8.4554857e-001
 8.4495246e-001
 8.4432852e-001
 8.4367639e-001
 8.4299600e-001
 8.4228814e-001
 8.4155566e-001
 8.4080428e-001
 8.4004337e-001
 8.3928651e-001
 8.3855093e-001
 8.3785677e-001
 8.3722532e-001
 8.3667654e-001
 8.3622712e-001
 8.3588809e-001
 8.3566296e-001
 8.3554739e-001
 8.3552933e-001
 8.3559114e-001
 8.3571148e-001
 8.3586842e-001
 8.3604163e-001
 8.3621413e-001
 8.3637291e-001
 8.3650917e-001
 8.3661759e-001
 8.3669573e-001
 8.3674306e-001
 8.3675981e-001
 8.3674628e-001
 8.3670241e-001
 8.3662724e-001
 8.3651954e-001
 8.3637804e-001
 8.3620268e-001
 8.3599484e-001
 8.3575797e-001
 8.3549714e-001
 8.3521861e-001
 8.3492941e-001
 8.3463585e-001
 8.3434367e-001
 8.3405691e-001
 8.3377802e-001
 8.3350784e-001
 8.3324546e-001
 8.3298892e-001
 8.3273530e-001
 8.3248127e-001
 8.3222413e-001
 8.3196163e-001
 8.3169270e-001
 8.3141696e-001
 8.3113426e-001
 8.3084393e-001
 8.3054471e-001
 8.3023447e-001
 8.2991111e-001
 8.2957298e-001
 8.2921994e-001
 8.2885313e-001
 8.2847494e-001
 8.2808828e-001
 8.2769638e-001
 8.2730269e-001
 8.2691133e-001
 8.2652742e-001
 8.2615745e-001
 8.2580870e-001
 8.2548863e-001
 8.2520324e-001
 8.2495594e-001
 8.2474691e-001
 8.2457280e-001
 8.2442755e-001
 8.2430369e-001
 8.2419318e-001
 8.2408905e-001
 8.2398546e-001
 8.2387859e-001
 8.2376599e-001
 8.2364690e-001
 8.2352173e-001
 8.2339180e-001
 8.2325923e-001
 8.2312638e-001
 8.2299560e-001
 8.2286900e-001
 8.2274848e-001
 8.2263595e-001
 8.2253301e-001
 8.2244140e-001
 8.2236278e-001
 8.2229877e-001
 8.2225043e-001
 8.2221866e-001
 8.2220370e-001
 8.2220507e-001
 8.2222152e-001
 8.2225060e-001
 8.2228917e-001
 8.2233310e-001
 8.2237798e-001
 8.2241899e-001
 8.2245135e-001
 8.2247037e-001
 8.2247156e-001
 8.2245123e-001
 8.2240671e-001
 8.2233733e-001
 8.2224470e-001
 8.2213247e-001
 8.2200551e-001
 8.2186902e-001
 8.2172710e-001
 8.2158262e-001
 8.2143664e-001
 8.2128900e-001
 8.2113904e-001
 8.2098591e-001
 8.2082957e-001
 8.2067084e-001
 8.2051176e-001
 8.2035518e-001
 8.2020450e-001
 8.2006311e-001
 8.1993371e-001
 8.1981760e-001
 8.1971502e-001
 8.1962448e-001
 8.1954342e-001
 8.1946832e-001
 8.1939489e-001
 8.1931877e-001
 8.1923538e-001
 8.1914032e-001
 8.1902951e-001
 8.1889933e-001
 8.1874657e-001
 8.1856871e-001
 8.1836390e-001
 8.1813073e-001
 8.1786823e-001
 8.1757557e-001
 8.1725180e-001
 8.1689578e-001
 8.1650674e-001
 8.1608373e-001
 8.1562650e-001
 8.1513530e-001
 8.1461096e-001
 8.1405485e-001
 8.1346822e-001
 8.1285203e-001
 8.1220675e-001
 8.1153166e-001
 8.1082606e-001
 8.1008893e-001
 8.0932021e-001
 8.0852103e-001
 8.0769342e-001
 8.0684066e-001
 8.0596626e-001
 8.0507284e-001
 8.0416238e-001
 8.0323535e-001
 8.0229163e-001
 8.0133110e-001
 8.0035365e-001
 7.9936039e-001
 7.9835218e-001
 7.9732960e-001
 7.9629165e-001
 7.9523480e-001
 7.9415369e-001
 7.9304075e-001
 7.9188871e-001
 7.9069048e-001
 7.8944004e-001
 7.8813297e-001
 7.8676522e-001
 7.8533387e-001
 7.8383666e-001
 7.8227115e-001
 7.8063655e-001
 7.7893275e-001
 7.7715987e-001
 7.7531904e-001
 7.7341026e-001
 7.7143341e-001
 7.6938742e-001
 7.6727003e-001
 7.6507962e-001
 7.6281387e-001
 7.6047099e-001
 7.5804842e-001
 7.5554037e-001
 7.5293761e-001
 7.5022292e-001
 7.4737060e-001
 7.4434370e-001
 7.4109107e-001
 7.3754984e-001
 7.3364353e-001
 7.2928935e-001
 7.2440475e-001
 7.1891636e-001
 7.1277893e-001
 7.0598537e-001
 6.9858694e-001
 6.9070226e-001
 6.8251884e-001
 6.7429417e-001
 6.6633874e-001
 6.5899009e-001
 6.5258837e-001
 6.4743620e-001
 6.4377123e-001
 6.4173669e-001
 6.4136571e-001
 6.4257956e-001
 6.4519840e-001
 6.4896333e-001
 6.5356666e-001
 6.5868711e-001
 6.6401678e-001
 6.6928977e-001
 6.7429364e-001
 6.7887789e-001
 6.8295348e-001
 6.8648118e-001
 6.8946344e-001
 6.9192821e-001
 6.9391841e-001
 6.9548243e-001
 6.9666636e-001
 6.9751126e-001
 6.9805241e-001
 6.9831944e-001
 6.9833839e-001
 6.9813293e-001
 6.9772607e-001
 6.9714129e-001
 6.9640350e-001
 6.9553941e-001
 6.9457829e-001
 6.9355166e-001
 6.9249249e-001
 6.9143516e-001
 6.9041371e-001
 6.8946064e-001
 6.8860495e-001
 6.8786943e-001
 6.8726879e-001
 6.8680733e-001
 6.8647802e-001
 6.8626249e-001
 6.8613207e-001
 6.8605047e-001
 6.8597674e-001
 6.8586898e-001
 6.8568772e-001
 6.8539852e-001
 6.8497413e-001
 6.8439668e-001
 6.8365860e-001
 6.8276477e-001
 6.8173313e-001
 6.8059486e-001
 6.7939228e-001
 6.7817402e-001
 6.7699021e-001
 6.7588490e-001
 6.7489100e-001
 6.7402560e-001
 6.7328835e-001
 6.7266285e-001
 6.7211980e-001
 6.7162204e-001
 6.7113048e-001
 6.7060930e-001
 6.7003059e-001
 6.6937709e-001
 6.6864312e-001
 6.6783381e-001
 6.6696209e-001
 6.6604596e-001
 6.6510510e-001
 6.6415781e-001
 6.6322041e-001
 6.6230649e-001
 6.6142750e-001
 6.6059297e-001
 6.5980977e-001
 6.5908188e-001
 6.5840858e-001
 6.5778434e-001
 6.5719855e-001
 6.5663660e-001
 6.5608174e-001
 6.5551710e-001
 6.5492827e-001
 6.5430492e-001
 6.5364170e-001
 6.5293860e-001
 6.5219980e-001
 6.5143257e-001
 6.5064579e-001
 6.4984852e-001
 6.4905012e-001
 6.4825988e-001
 6.4748698e-001
 6.4674079e-001
 6.4602953e-001
 6.4536017e-001
 6.4473706e-001
 6.4416087e-001
 6.4362830e-001
 6.4313173e-001
 6.4265984e-001
 6.4219755e-001
 6.4172691e-001
 6.4122808e-001
 6.4068019e-001
 6.4006311e-001
 6.3935930e-001
 6.3855553e-001
 6.3764507e-001
 6.3662863e-001
 6.3551551e-001
 6.3432342e-001
 6.3307655e-001
 6.3180500e-001
 6.3054025e-001
 6.2931305e-001
 6.2814963e-001
 6.2706834e-001
 6.2607902e-001
 6.2518167e-001
 6.2436706e-001
 6.2361890e-001
 6.2291551e-001
 6.2223268e-001
 6.2154579e-001
 6.2083215e-001
 6.2007302e-001
 6.1925429e-001
 6.1836785e-001
 6.1741096e-001
 6.1638463e-001
 6.1529338e-001
 6.1414272e-001
 6.1293924e-001
 6.1168993e-001
 6.1040324e-001
 6.0909110e-001
 6.0776943e-001
 6.0645974e-001
 6.0518783e-001
 6.0398096e-001
 6.0286528e-001
 6.0186124e-001
 6.0097998e-001
 6.0022175e-001
 5.9957480e-001
 5.9901720e-001
 5.9851944e-001
 5.9804773e-001
 5.9756804e-001
 5.9704852e-001
 5.9646249e-001
 5.9579009e-001
 5.9501922e-001
 5.9414756e-001
 5.9318209e-001
 5.9213942e-001
 5.9104425e-001
 5.8992630e-001
 5.8881927e-001
 5.8775711e-001
 5.8677346e-001
 5.8590025e-001
 5.8516663e-001
 5.8459884e-001
 5.8421808e-001
 5.8404016e-001
 5.8407354e-001
 5.8431840e-001
 5.8476681e-001
 5.8540213e-001
 5.8620077e-001
 5.8713198e-001
 5.8815998e-001
 5.8924508e-001
 5.9034604e-001
 5.9142351e-001
 5.9244150e-001
 5.9353518e-001
 5.9437239e-001
 5.9507471e-001
 5.9563839e-001
 5.9606552e-001
 5.9636194e-001
 5.9653485e-001
 5.9659141e-001
 5.9653753e-001
 5.9637767e-001
 5.9611440e-001
 5.9574866e-001
 5.9527987e-001
 5.9470654e-001
 5.9402752e-001
 5.9324425e-001
 5.9236223e-001
 5.9139234e-001
 5.9034979e-001
 5.8925253e-001
 5.8811736e-001
 5.8695722e-001
 5.8578032e-001
 5.8458954e-001
 5.8338475e-001
 5.8216387e-001
 5.8092439e-001
 5.7966685e-001
 5.7839680e-001
 5.7712781e-001
 5.7588118e-001
 5.7468146e-001
 5.7355189e-001
 5.7250881e-001
 5.7156116e-001
 5.7071209e-001
 5.6996214e-001
 5.6931132e-001
 5.6875849e-001
 5.6829828e-001
 5.6791914e-001
 5.6760198e-001
 5.6732202e-001
 5.6705213e-001
 5.6676668e-001
 5.6644535e-001
 5.6607586e-001
 5.6565541e-001
 5.6519097e-001
 5.6469721e-001
 5.6419337e-001
 5.6369752e-001
 5.6322199e-001
 5.6276882e-001
 5.6232792e-001
 5.6187868e-001
 5.6139344e-001
 5.6084430e-001
 5.6021005e-001
 5.5948162e-001
 5.5866587e-001
 5.5778354e-001
 5.5686498e-001
 5.5594385e-001
 5.5505127e-001
 5.5421376e-001
 5.5345327e-001
 5.5278724e-001
 5.5222994e-001
 5.5179036e-001
 5.5147058e-001
 5.5126411e-001
 5.5115545e-001
 5.5112219e-001
 5.5113822e-001
 5.5117738e-001
 5.5121696e-001
 5.5123866e-001
 5.5122858e-001
 5.5117553e-001
 5.5107021e-001
 5.5090642e-001
 5.5068284e-001
 5.5040658e-001
 5.5009347e-001
 5.4976660e-001
 5.4945010e-001
 5.4916221e-001
 5.4890960e-001
 5.4868573e-001
 5.4847366e-001
 5.4825264e-001
 5.4800510e-001
 5.4772133e-001
 5.4740107e-001
 5.4705119e-001
 5.4668140e-001
 5.4630023e-001
 5.4591286e-001
 5.4552138e-001
 5.4512715e-001
 5.4473358e-001
 5.4434681e-001
 5.4397458e-001
 5.4362369e-001
 5.4329735e-001
 5.4299468e-001
 5.4271203e-001
 5.4244494e-001
 5.4218978e-001
 5.4194379e-001
 5.4170471e-001
 5.4147059e-001
 5.4124033e-001
 5.4101551e-001
 5.4080135e-001
 5.4060692e-001
 5.4044241e-001
 5.4031509e-001
 5.4022604e-001
 5.4016876e-001
 5.4013097e-001
 5.4009914e-001
 5.4006296e-001
 5.4001820e-001
 5.3996629e-001
 5.3991181e-001
 5.3985822e-001
 5.3980559e-001
 5.3975070e-001
 5.3968942e-001
 5.3961998e-001
 5.3954488e-001
 5.3946996e-001
 5.3940195e-001
 5.3934491e-001
 5.3929913e-001
 5.3926241e-001
 5.3923285e-001
 5.3921163e-001
 5.3920335e-001
 5.3921425e-001
 5.3924972e-001
 5.3931218e-001
 5.3940082e-001
 5.3951240e-001
 5.3964168e-001
 5.3978151e-001
 5.3992385e-001
 5.4006112e-001
 5.4018903e-001
 5.4030907e-001
 5.4042840e-001
 5.4055721e-001
 5.4070449e-001
 5.4087496e-001
 5.4106802e-001
 5.4128069e-001
 5.4151052e-001
 5.4175723e-001
 5.4202116e-001
 5.4230088e-001
 5.4259086e-001
 5.4288197e-001
 5.4316407e-001
 5.4342884e-001
 5.4367179e-001
 5.4389262e-001
 5.4409498e-001
 5.4428619e-001
 5.4447573e-001
 5.4467380e-001
 5.4488778e-001
 5.4512012e-001
 5.4536754e-001
 5.4562312e-001
 5.4588026e-001
 5.4613584e-001
 5.4639131e-001
 5.4665118e-001
 5.4692006e-001
 5.4720044e-001
 5.4749238e-001
 5.4779422e-001
 5.4810381e-001
 5.4841882e-001
 5.4873776e-001
 5.4906070e-001
 5.4938966e-001
 5.4972857e-001
 5.5008054e-001
 5.5044514e-001
 5.5081749e-001
 5.5118871e-001
 5.5154943e-001
 5.5189312e-001
 5.5221814e-001
 5.5252862e-001
 5.5283296e-001
 5.5314279e-001
 5.5347097e-001
 5.5382943e-001
 5.5422622e-001
 5.5466336e-001
 5.5513489e-001
 5.5562586e-001
 5.5611449e-001
 5.5657536e-001
 5.5698472e-001
 5.5732691e-001
 5.5759907e-001
 5.5781096e-001
 5.5798078e-001
 5.5812848e-001
 5.5826980e-001
 5.5841291e-001
 5.5855960e-001
 5.5870759e-001
 5.5885333e-001
 5.5899483e-001
 5.5913389e-001
 5.5927742e-001
 5.5943596e-001
 5.5962098e-001
 5.5983889e-001
 5.6008697e-001
 5.6035239e-001
 5.6061602e-001
 5.6085861e-001
 5.6106758e-001
 5.6124061e-001
 5.6138587e-001
 5.6151897e-001
 5.6165814e-001
 5.6181848e-001
 5.6200683e-001
 5.6222010e-001
 5.6244594e-001
 5.6266737e-001
 5.6286907e-001
 5.6304204e-001
 5.6318510e-001
 5.6330311e-001
 5.6340325e-001
 5.6349117e-001
 5.6356895e-001
 5.6363493e-001
 5.6368399e-001
 5.6370842e-001
 5.6369847e-001
 5.6364352e-001
 5.6353390e-001
 5.6336331e-001
 5.6313032e-001
 5.6283951e-001
 5.6250042e-001
 5.6212562e-001
 5.6172794e-001
 5.6131887e-001
 5.6090599e-001
 5.6049263e-001
 5.6007832e-001
 5.5965972e-001
 5.5923319e-001
 5.5879807e-001
 5.5835968e-001
 5.5792958e-001
 5.5752426e-001
 5.5716169e-001
 5.5685622e-001
 5.5661595e-001
 5.5644178e-001
 5.5632889e-001
 5.5626851e-001
 5.5625123e-001
 5.5626905e-001
 5.5631822e-001
 5.5640072e-001
 5.5652434e-001
 5.5670047e-001
 5.5693990e-001
 5.5724835e-001
 5.5762410e-001
 5.5805874e-001
 5.5853963e-001
 5.5905527e-001
 5.5959791e-001
 5.6016487e-001
 5.6075609e-001
 5.6137121e-001
 5.6200427e-001
 5.6264025e-001
 5.6325597e-001
 5.6382275e-001
 5.6431150e-001
 5.6469834e-001
 5.6496680e-001
 5.6510776e-001
 5.6511712e-001
 5.6499356e-001
 5.6473750e-001
 5.6435174e-001
 5.6384188e-001
 5.6321710e-001
 5.6249022e-001
 5.6167507e-001
 5.6078619e-001
 5.5983859e-001
 5.5884671e-001
 5.5782413e-001
 5.5678123e-001
 5.5572379e-001
 5.5464882e-001
 5.5354553e-001
 5.5239755e-001
 5.5118585e-001
 5.4989451e-001
 5.4851675e-001
 5.4705691e-001
 5.4553342e-001
 5.4397768e-001
 5.4243249e-001
 5.4094458e-001
 5.3956008e-001
 5.3832138e-001
 5.3726327e-001
 5.3641462e-001
 5.3579903e-001
 5.3543258e-001
 5.3532064e-001
 5.3545380e-001
 5.3580612e-001
 5.3633827e-001
 5.3700393e-001
 5.3775519e-001
 5.3854722e-001
 5.3933740e-001
 5.4008281e-001
 5.4074067e-001
 5.4127049e-001
 5.4164004e-001
 5.4183173e-001
 5.4184484e-001
 5.4169387e-001
 5.4140157e-001
 5.4099184e-001
 5.4048330e-001
 5.3988695e-001
 5.3920585e-001
 5.3843731e-001
 5.3757542e-001
 5.3661209e-001
 5.3553969e-001
 5.3435451e-001
 5.3305972e-001
 5.3167033e-001
 5.3021616e-001
 5.2874261e-001
 5.2730489e-001
 5.2596140e-001
 5.2476716e-001
 5.2376497e-001
 5.2298188e-001
 5.2242613e-001
 5.2208388e-001
 5.2191943e-001
 5.2187902e-001
 5.2189803e-001
 5.2190971e-001
 5.2185154e-001
 5.2166826e-001
 5.2131230e-001
 5.2074397e-001
 5.1993412e-001
 5.1886523e-001
 5.1753205e-001
 5.1593930e-001
 5.1409298e-001
 5.1199383e-001
 5.0962818e-001
 5.0696534e-001
 5.0395101e-001
 5.0050944e-001
 4.9655125e-001
 4.9197963e-001
 4.8671049e-001
 4.8070282e-001
 4.7398263e-001
 4.6667957e-001
 4.5904711e-001
 4.5147371e-001
 4.4444811e-001
 4.3851289e-001
 4.3419483e-001
 4.3191704e-001
 4.3193781e-001
 4.3430716e-001
 4.3885881e-001
 4.4523671e-001
 4.5295039e-001
 4.6143746e-001
 4.7014850e-001
 4.7860485e-001
 4.8643443e-001
 4.9340212e-001
 4.9939880e-001
 5.0441867e-001
 5.0854081e-001
 5.1189393e-001
 5.1462620e-001
 5.1688403e-001
 5.1879025e-001
 5.2043444e-001
 5.2186996e-001
 5.2312028e-001
 5.2418429e-001
 5.2504146e-001
 5.2565736e-001
 5.2598500e-001
 5.2596688e-001
 5.2553695e-001
 5.2462184e-001
 5.2314150e-001
 5.2101266e-001
 5.1815027e-001
 5.1447660e-001
 5.0993931e-001
 5.0452745e-001
 4.9829647e-001
 4.9139449e-001
 4.8406273e-001
 4.7663373e-001
 4.6951392e-001
 4.6313611e-001
 4.5792091e-001
 4.5422706e-001
 4.5231193e-001
 4.5229471e-001
 4.5414612e-001
 4.5769027e-001
 4.6263185e-001
 4.6859619e-001
 4.7517183e-001
 4.8196742e-001
 4.8864546e-001
 4.9494964e-001
 5.0070620e-001
 5.0582510e-001
 5.1027864e-001
 5.1407927e-001
 5.1726860e-001
 5.1990026e-001
 5.2202952e-001
 5.2371269e-001
 5.2500379e-001
 5.2595419e-001
 5.2661347e-001
 5.2702510e-001
 5.2722222e-001
 5.2722383e-001
 5.2703524e-001
 5.2665144e-001
 5.2606392e-001
 5.2526790e-001
 5.2426946e-001
 5.2309257e-001
 5.2178162e-001
 5.2040380e-001
 5.1904541e-001
 5.1780564e-001
 5.1678282e-001
 5.1606196e-001
 5.1570171e-001
 5.1572406e-001
 5.1611120e-001
 5.1680744e-001
 5.1772708e-001
 5.1876545e-001
 5.1981151e-001
 5.2076215e-001
 5.2153301e-001
 5.2206659e-001
 5.2233326e-001
 5.2232891e-001
 5.2206755e-001
 5.2157408e-001
 5.2087772e-001
 5.2000517e-001
 5.1897454e-001
 5.1778537e-001
 5.1641142e-001
 5.1479560e-001
 5.1285338e-001
 5.1048142e-001
 5.0757605e-001
 5.0405675e-001
 4.9987954e-001
 4.9504775e-001
 4.8961750e-001
 4.8368803e-001
 4.7740352e-001
 4.7096023e-001
 4.6459982e-001
 4.5861098e-001
 4.5331055e-001
 4.4901854e-001
 4.4601122e-001
 4.4448495e-001
 4.4452271e-001
 4.4607407e-001
 4.4895986e-001
 4.5288944e-001
 4.5749962e-001
 4.6239254e-001
 4.6717662e-001
 4.7149497e-001
 4.7505784e-001
 4.7765687e-001
 4.7917727e-001
 4.7960928e-001
 4.7904468e-001
 4.7766703e-001
 4.7572845e-001
 4.7351947e-001
 4.7133678e-001
 4.6945640e-001
 4.6810609e-001
 4.6744657e-001
 4.6755368e-001
 4.6840614e-001
 4.6988627e-001
 4.7179157e-001
 4.7386262e-001
 4.7581425e-001
 4.7736439e-001
 4.7825998e-001
 4.7828823e-001
 4.7728175e-001
 4.7511873e-001
 4.7171846e-001
 4.6703687e-001
 4.6106878e-001
 4.5384094e-001
 4.4541681e-001
 4.3590969e-001
 4.2547923e-001
 4.1434792e-001
 4.0280288e-001
 3.9120674e-001
 3.7997082e-001
 3.6954272e-001
 3.6038244e-001
 3.5291025e-001
 3.4747869e-001
 3.4434277e-001
 3.4363046e-001
 3.4534028e-001
 3.4934291e-001
 3.5540083e-001
 3.6319259e-001
 3.7234324e-001
 3.8244286e-001
 3.9308619e-001
 4.0389222e-001
 4.1451973e-001
 4.2470035e-001
 4.3423787e-001
 4.4299802e-001
 4.5091158e-001
 4.5795399e-001
 4.6414044e-001
 4.6951360e-001
 4.7414428e-001
 4.7811577e-001
 4.8151156e-001
 4.8441449e-001
 4.8690301e-001
 4.8905239e-001
 4.9093914e-001
 4.9263430e-001
 4.9419382e-001
 4.9565271e-001
 4.9702057e-001
 4.9828655e-001
 4.9942723e-001
 5.0041842e-001
 5.0124174e-001
 5.0188822e-001
 5.0235969e-001
 5.0266492e-001
 5.0281537e-001
 5.0282300e-001
 5.0270069e-001
 5.0246626e-001
 5.0214714e-001
 5.0178266e-001
 5.0142211e-001
 5.0111848e-001
 5.0091881e-001
 5.0085521e-001
 5.0093949e-001
 5.0116354e-001
 5.0150555e-001
 5.0193709e-001
 5.0242960e-001
 5.0295717e-001
 5.0349832e-001
 5.0403589e-001
 5.0455731e-001
 5.0504965e-001
 5.0549334e-001
 5.0585806e-001
 5.0610465e-001
 5.0619471e-001
 5.0610578e-001
 5.0584245e-001
 5.0543845e-001
 5.0494796e-001
 5.0442833e-001
 5.0392240e-001
 5.0344962e-001
 5.0300550e-001
 5.0257134e-001
 5.0212514e-001
 5.0164652e-001
 5.0111765e-001
 5.0052124e-001
 4.9983931e-001
 4.9905556e-001
 4.9815682e-001
 4.9713388e-001
 4.9597850e-001
 4.9468169e-001
 4.9323300e-001
 4.9161661e-001
 4.8981065e-001
 4.8779011e-001
 4.8553178e-001
 4.8302731e-001
 4.8029220e-001
 4.7737059e-001
 4.7432435e-001
 4.7122484e-001
 4.6815038e-001
 4.6518499e-001
 4.6242884e-001
 4.6000302e-001
 4.5803654e-001
 4.5664898e-001
 4.5592570e-001
 4.5590162e-001
 4.5655683e-001
 4.5782974e-001
 4.5963836e-001
 4.6190563e-001
 4.6457195e-001
 4.6758419e-001
 4.7087100e-001
 4.7430941e-001
 4.7771260e-001
 4.8086262e-001
 4.8356214e-001
 4.8568678e-001
 4.8719996e-001
 4.8813376e-001
 4.8854730e-001
 4.8850018e-001
 4.8805299e-001
 4.8728499e-001
 4.8631325e-001
 4.8529160e-001
 4.8438737e-001
 4.8373732e-001
 4.8340201e-001
 4.8334116e-001
 4.8343351e-001
 4.8353532e-001
 4.8354918e-001
 4.8346221e-001
 4.8333535e-001
 4.8325717e-001
 4.8329988e-001
 4.8350385e-001
 4.8389179e-001
 4.8448962e-001
 4.8533165e-001
 4.8644319e-001
 4.8781535e-001
 4.8938754e-001
 4.9105060e-001
 4.9267974e-001
 4.9418291e-001
 4.9554649e-001
 4.9685064e-001
 4.9822813e-001
 4.9978882e-001
 5.0155622e-001
 5.0346190e-001
 5.0538528e-001
-1.2300000e+034
