s07_ASD Record=7706: Mordenite GDS18               BECKb AREF
 3.8942733e-001
 3.9141729e-001
 3.9343593e-001
 3.9545429e-001
 3.9744133e-001
 3.9937568e-001
 4.0125334e-001
 4.0308636e-001
 4.0489751e-001
 4.0671158e-001
 4.0854895e-001
 4.1042209e-001
 4.1233650e-001
 4.1429207e-001
 4.1628486e-001
 4.1831049e-001
 4.2036611e-001
 4.2245159e-001
 4.2456746e-001
 4.2671430e-001
 4.2889178e-001
 4.3109852e-001
 4.3333149e-001
 4.3558368e-001
 4.3784288e-001
 4.4009024e-001
 4.4230437e-001
 4.4447190e-001
 4.4659773e-001
 4.4870478e-001
 4.5082289e-001
 4.5297572e-001
 4.5517319e-001
 4.5741084e-001
 4.5966649e-001
 4.6190518e-001
 4.6409556e-001
 4.6621925e-001
 4.6827412e-001
 4.7027022e-001
 4.7222182e-001
 4.7414023e-001
 4.7603002e-001
 4.7788945e-001
 4.7971174e-001
 4.8148724e-001
 4.8320511e-001
 4.8485646e-001
 4.8643845e-001
 4.8795918e-001
 4.8943850e-001
 4.9090371e-001
 4.9238044e-001
 4.9388227e-001
 4.9540621e-001
 4.9693644e-001
 4.9845535e-001
 4.9995774e-001
 5.0145364e-001
 5.0296801e-001
 5.0452298e-001
 5.0609779e-001
 5.0766957e-001
 5.0921422e-001
 5.1070011e-001
 5.1213133e-001
 5.1354247e-001
 5.1496112e-001
 5.1639706e-001
 5.1784426e-001
 5.1929605e-001
 5.2076375e-001
 5.2227837e-001
 5.2387452e-001
 5.2557045e-001
 5.2735895e-001
 5.2921391e-001
 5.3110701e-001
 5.3302109e-001
 5.3495204e-001
 5.3690100e-001
 5.3886271e-001
 5.4081982e-001
 5.4274666e-001
 5.4462117e-001
 5.4643583e-001
 5.4820067e-001
 5.4993576e-001
 5.5165708e-001
 5.5336738e-001
 5.5505538e-001
 5.5670595e-001
 5.5831116e-001
 5.5987865e-001
 5.6143183e-001
 5.6300563e-001
 5.6463718e-001
 5.6635207e-001
 5.6814945e-001
 5.6999421e-001
 5.7182562e-001
 5.7358068e-001
 5.7521880e-001
 5.7673371e-001
 5.7814741e-001
 5.7949054e-001
 5.8078146e-001
 5.8202535e-001
 5.8322728e-001
 5.8440179e-001
 5.8556771e-001
 5.8673775e-001
 5.8791465e-001
 5.8909321e-001
 5.9026384e-001
 5.9141898e-001
 5.9256536e-001
 5.9372860e-001
 5.9493202e-001
 5.9616703e-001
 5.9738690e-001
 5.9853911e-001
 5.9960419e-001
 6.0060751e-001
 6.0160315e-001
 6.0264820e-001
 6.0378295e-001
 6.0501766e-001
 6.0633105e-001
 6.0768694e-001
 6.0906017e-001
 6.1045092e-001
 6.1187196e-001
 6.1332470e-001
 6.1479014e-001
 6.1624146e-001
 6.1766046e-001
 6.1904347e-001
 6.2039769e-001
 6.2173444e-001
 6.2306333e-001
 6.2439024e-001
 6.2572581e-001
 6.2709606e-001
 6.2853771e-001
 6.3007218e-001
 6.3168269e-001
 6.3332450e-001
 6.3496315e-001
 6.3659966e-001
 6.3825142e-001
 6.3991821e-001
 6.4157981e-001
 6.4322621e-001
 6.4487189e-001
 6.4652961e-001
 6.4817852e-001
 6.4977622e-001
 6.5130812e-001
 6.5281498e-001
 6.5436101e-001
 6.5598065e-001
 6.5766221e-001
 6.5937185e-001
 6.6107374e-001
 6.6272676e-001
 6.6428691e-001
 6.6573149e-001
 6.6708016e-001
 6.6839063e-001
 6.6973126e-001
 6.7114997e-001
 6.7265147e-001
 6.7418915e-001
 6.7568052e-001
 6.7704493e-001
 6.7825145e-001
 6.7935127e-001
 6.8046337e-001
 6.8169779e-001
 6.8306267e-001
 6.8445331e-001
 6.8575704e-001
 6.8696743e-001
 6.8816710e-001
 6.8940926e-001
 6.9065684e-001
 6.9185150e-001
 6.9300449e-001
 6.9417906e-001
 6.9538701e-001
 6.9656032e-001
 6.9766414e-001
 6.9878721e-001
 7.0004761e-001
 7.0143396e-001
 7.0282108e-001
 7.0412105e-001
 7.0532984e-001
 7.0643324e-001
 7.0737004e-001
 7.0812291e-001
 7.0878828e-001
 7.0952195e-001
 7.1043384e-001
 7.1153700e-001
 7.1276456e-001
 7.1400243e-001
 7.1511954e-001
 7.1602929e-001
 7.1677744e-001
 7.1754533e-001
 7.1850204e-001
 7.1964967e-001
 7.2085470e-001
 7.2201484e-001
 7.2313809e-001
 7.2427875e-001
 7.2546464e-001
 7.2668308e-001
 7.2788244e-001
 7.2898799e-001
 7.2996515e-001
 7.3085958e-001
 7.3172921e-001
 7.3256510e-001
 7.3335004e-001
 7.3417044e-001
 7.3517197e-001
 7.3638207e-001
 7.3763794e-001
 7.3872882e-001
 7.3959213e-001
 7.4033135e-001
 7.4102986e-001
 7.4163061e-001
 7.4209869e-001
 7.4263161e-001
 7.4353278e-001
 7.4485177e-001
 7.4626732e-001
 7.4736983e-001
 7.4802840e-001
 7.4846387e-001
 7.4896592e-001
 7.4958152e-001
 7.5013006e-001
 7.5047582e-001
 7.5069559e-001
 7.5098318e-001
 7.5144738e-001
 7.5203651e-001
 7.5263220e-001
 7.5316578e-001
 7.5363266e-001
 7.5403196e-001
 7.5436765e-001
 7.5471038e-001
 7.5515652e-001
 7.5570947e-001
 7.5630575e-001
 7.5693542e-001
 7.5760418e-001
 7.5822031e-001
 7.5866920e-001
 7.5899434e-001
 7.5939000e-001
 7.5997192e-001
 7.6062989e-001
 7.6118875e-001
 7.6167327e-001
 7.6228774e-001
 7.6312250e-001
 7.6402152e-001
 7.6479274e-001
 7.6541352e-001
 7.6593268e-001
 7.6632804e-001
 7.6661670e-001
 7.6695120e-001
 7.6744694e-001
 7.6801890e-001
 7.6851380e-001
 7.6898074e-001
 7.6964349e-001
 7.7057368e-001
 7.7155334e-001
 7.7230304e-001
 7.7274901e-001
 7.7301997e-001
 7.7325076e-001
 7.7345151e-001
 7.7360994e-001
 7.7387303e-001
 7.7445030e-001
 7.7529448e-001
 7.7610338e-001
 7.7672398e-001
 7.7732033e-001
 7.7804667e-001
 7.7878630e-001
 7.7932328e-001
 7.7962077e-001
 7.7985048e-001
 7.8020930e-001
 7.8074437e-001
 7.8135920e-001
 7.8196239e-001
 7.8254348e-001
 7.8310364e-001
 7.8360826e-001
 7.8404433e-001
 7.8445381e-001
 7.8487140e-001
 7.8527635e-001
 7.8563237e-001
 7.8594542e-001
 7.8625935e-001
 7.8660214e-001
 7.8692698e-001
 7.8712648e-001
 7.8717536e-001
 7.8726524e-001
 7.8770471e-001
 7.8863871e-001
 7.8987706e-001
 7.9100585e-001
 7.9169440e-001
 7.9192293e-001
 7.9193014e-001
 7.9197675e-001
 7.9217374e-001
 7.9250133e-001
 7.9294586e-001
 7.9358768e-001
 7.9453260e-001
 7.9572684e-001
 7.9684681e-001
 7.9744804e-001
 7.9731584e-001
 7.9669744e-001
 7.9614556e-001
 7.9608709e-001
 7.9652286e-001
 7.9712266e-001
 7.9758489e-001
 7.9789031e-001
 7.9821962e-001
 7.9866391e-001
 7.9905325e-001
 7.9910874e-001
 7.9881233e-001
 7.9860276e-001
 7.9899168e-001
 7.9984331e-001
 8.0070651e-001
 8.0138296e-001
 8.0180985e-001
 8.0188131e-001
 8.0171049e-001
 8.0175781e-001
 8.0229831e-001
 8.0299962e-001
 8.0336404e-001
 8.0335039e-001
 8.0336857e-001
 8.0382341e-001
 8.0466169e-001
 8.0538291e-001
 8.0567110e-001
 8.0577826e-001
 8.0599290e-001
 8.0616426e-001
 8.0615509e-001
 8.0627388e-001
 8.0677658e-001
 8.0737543e-001
 8.0768991e-001
 8.0779392e-001
 8.0795658e-001
 8.0818897e-001
 8.0832946e-001
 8.0832905e-001
 8.0826485e-001
 8.0821067e-001
 8.0820096e-001
 8.0826288e-001
 8.0842543e-001
 8.0868196e-001
 8.0894613e-001
 8.0911136e-001
 8.0923754e-001
 8.0956221e-001
 8.1017172e-001
 8.1080306e-001
 8.1114775e-001
 8.1120420e-001
 8.1110895e-001
 8.1092060e-001
 8.1062973e-001
 8.1041473e-001
 8.1069469e-001
 8.1158668e-001
 8.1270742e-001
 8.1363636e-001
 8.1421012e-001
 8.1448752e-001
 8.1460947e-001
 8.1474298e-001
 8.1506103e-001
 8.1566077e-001
 8.1641757e-001
 8.1700391e-001
 8.1713849e-001
 8.1687003e-001
 8.1656623e-001
 8.1658632e-001
 8.1695753e-001
 8.1738293e-001
 8.1756103e-001
 8.1748176e-001
 8.1742972e-001
 8.1770700e-001
 8.1835043e-001
 8.1914467e-001
 8.1984395e-001
 8.2029438e-001
 8.2044035e-001
 8.2028329e-001
 8.1996387e-001
 8.1955206e-001
 8.1931490e-001
 8.1942171e-001
 8.1980205e-001
 8.2028913e-001
 8.2071602e-001
 8.2093668e-001
 8.2094359e-001
 8.2078481e-001
 8.2050890e-001
 8.2017297e-001
 8.1989217e-001
 8.1980485e-001
 8.2004982e-001
 8.2072347e-001
 8.2164454e-001
 8.2251865e-001
 8.2305139e-001
 8.2300401e-001
 8.2250804e-001
 8.2173902e-001
 8.2123989e-001
 8.2117796e-001
 8.2159722e-001
 8.2231218e-001
 8.2312793e-001
 8.2384920e-001
 8.2428735e-001
 8.2439715e-001
 8.2427609e-001
 8.2402742e-001
 8.2375473e-001
 8.2355928e-001
 8.2348967e-001
 8.2354254e-001
 8.2371229e-001
 8.2399350e-001
 8.2437938e-001
 8.2483357e-001
 8.2529122e-001
 8.2568598e-001
 8.2595164e-001
 8.2602203e-001
 8.2585359e-001
 8.2548988e-001
 8.2499623e-001
 8.2443780e-001
 8.2387960e-001
 8.2338679e-001
 8.2300937e-001
 8.2274026e-001
 8.2255799e-001
 8.2244164e-001
 8.2236969e-001
 8.2232124e-001
 8.2227486e-001
 8.2221353e-001
 8.2213551e-001
 8.2204258e-001
 8.2193673e-001
 8.2181984e-001
 8.2169384e-001
 8.2156056e-001
 8.2142204e-001
 8.2128215e-001
 8.2115376e-001
 8.2105106e-001
 8.2098866e-001
 8.2098103e-001
 8.2104272e-001
 8.2118815e-001
 8.2143170e-001
 8.2177973e-001
 8.2220697e-001
 8.2268125e-001
 8.2317001e-001
 8.2364100e-001
 8.2406181e-001
 8.2440031e-001
 8.2462382e-001
 8.2470912e-001
 8.2466525e-001
 8.2450867e-001
 8.2425630e-001
 8.2392454e-001
 8.2353014e-001
 8.2308984e-001
 8.2262003e-001
 8.2213759e-001
 8.2165903e-001
 8.2120103e-001
 8.2078016e-001
 8.2041085e-001
 8.2009900e-001
 8.1984854e-001
 8.1966358e-001
 8.1954801e-001
 8.1950611e-001
 8.1954151e-001
 8.1965864e-001
 8.1986117e-001
 8.2015324e-001
 8.2053894e-001
 8.2102221e-001
 8.2160079e-001
 8.2225037e-001
 8.2294148e-001
 8.2364488e-001
 8.2433110e-001
 8.2497078e-001
 8.2553452e-001
 8.2599306e-001
 8.2631689e-001
 8.2647669e-001
 8.2644314e-001
 8.2620019e-001
 8.2577890e-001
 8.2522053e-001
 8.2456654e-001
 8.2385820e-001
 8.2313681e-001
 8.2244372e-001
 8.2182032e-001
 8.2130796e-001
 8.2094800e-001
 8.2076794e-001
 8.2074827e-001
 8.2085884e-001
 8.2106978e-001
 8.2135111e-001
 8.2167286e-001
 8.2200491e-001
 8.2231742e-001
 8.2258052e-001
 8.2276404e-001
 8.2284707e-001
 8.2283932e-001
 8.2275695e-001
 8.2261634e-001
 8.2243353e-001
 8.2222503e-001
 8.2200682e-001
 8.2179540e-001
 8.2160693e-001
 8.2145762e-001
 8.2135874e-001
 8.2130516e-001
 8.2128811e-001
 8.2129878e-001
 8.2132846e-001
 8.2136840e-001
 8.2140970e-001
 8.2144392e-001
 8.2146198e-001
 8.2145566e-001
 8.2141751e-001
 8.2134044e-001
 8.2121736e-001
 8.2104099e-001
 8.2080436e-001
 8.2050043e-001
 8.2012177e-001
 8.1966865e-001
 8.1916392e-001
 8.1863606e-001
 8.1811267e-001
 8.1762201e-001
 8.1719184e-001
 8.1685060e-001
 8.1662601e-001
 8.1653416e-001
 8.1655276e-001
 8.1665123e-001
 8.1679940e-001
 8.1696683e-001
 8.1712323e-001
 8.1723809e-001
 8.1728125e-001
 8.1722909e-001
 8.1708139e-001
 8.1684196e-001
 8.1652832e-001
 8.1611085e-001
 8.1561744e-001
 8.1506288e-001
 8.1448048e-001
 8.1392336e-001
 8.1345862e-001
 8.1315994e-001
 8.1309855e-001
 8.1332368e-001
 8.1382787e-001
 8.1452668e-001
 8.1528109e-001
 8.1593215e-001
 8.1632882e-001
 8.1636089e-001
 8.1599545e-001
 8.1528836e-001
 8.1436211e-001
 8.1337029e-001
 8.1246686e-001
 8.1177801e-001
 8.1137723e-001
 8.1127620e-001
 8.1143844e-001
 8.1180197e-001
 8.1229734e-001
 8.1285888e-001
 8.1343091e-001
 8.1396931e-001
 8.1443983e-001
 8.1481552e-001
 8.1507629e-001
 8.1521297e-001
 8.1523132e-001
 8.1515360e-001
 8.1501526e-001
 8.1485832e-001
 8.1472361e-001
 8.1464309e-001
 8.1492752e-001
 8.1496936e-001
 8.1502718e-001
 8.1509835e-001
 8.1517768e-001
 8.1525874e-001
 8.1533515e-001
 8.1540215e-001
 8.1545782e-001
 8.1550407e-001
 8.1554753e-001
 8.1559896e-001
 8.1567210e-001
 8.1578094e-001
 8.1593639e-001
 8.1614363e-001
 8.1639993e-001
 8.1669390e-001
 8.1700659e-001
 8.1731397e-001
 8.1759030e-001
 8.1781155e-001
 8.1795901e-001
 8.1802088e-001
 8.1799352e-001
 8.1788182e-001
 8.1769967e-001
 8.1746864e-001
 8.1721574e-001
 8.1696957e-001
 8.1675625e-001
 8.1659657e-001
 8.1650370e-001
 8.1648338e-001
 8.1653398e-001
 8.1664842e-001
 8.1681591e-001
 8.1702429e-001
 8.1726164e-001
 8.1751800e-001
 8.1778562e-001
 8.1805867e-001
 8.1833267e-001
 8.1860328e-001
 8.1886548e-001
 8.1911319e-001
 8.1933933e-001
 8.1953639e-001
 8.1969786e-001
 8.1981903e-001
 8.1989849e-001
 8.1993866e-001
 8.1994599e-001
 8.1993073e-001
 8.1990576e-001
 8.1988531e-001
 8.1988311e-001
 8.1991088e-001
 8.1997663e-001
 8.2008362e-001
 8.2023007e-001
 8.2040894e-001
 8.2060921e-001
 8.2081717e-001
 8.2101864e-001
 8.2120073e-001
 8.2135409e-001
 8.2147419e-001
 8.2156223e-001
 8.2162464e-001
 8.2167220e-001
 8.2171828e-001
 8.2177633e-001
 8.2185823e-001
 8.2197237e-001
 8.2212275e-001
 8.2230896e-001
 8.2252651e-001
 8.2276821e-001
 8.2302511e-001
 8.2328790e-001
 8.2354766e-001
 8.2379633e-001
 8.2402730e-001
 8.2423502e-001
 8.2441556e-001
 8.2456625e-001
 8.2468617e-001
 8.2477629e-001
 8.2483977e-001
 8.2488197e-001
 8.2491040e-001
 8.2493412e-001
 8.2496279e-001
 8.2500565e-001
 8.2507020e-001
 8.2516074e-001
 8.2527792e-001
 8.2541817e-001
 8.2557458e-001
 8.2573766e-001
 8.2589740e-001
 8.2604504e-001
 8.2617497e-001
 8.2628584e-001
 8.2638085e-001
 8.2646739e-001
 8.2655537e-001
 8.2665569e-001
 8.2677764e-001
 8.2692742e-001
 8.2710665e-001
 8.2731152e-001
 8.2753360e-001
 8.2776064e-001
 8.2797825e-001
 8.2817209e-001
 8.2832968e-001
 8.2844174e-001
 8.2850337e-001
 8.2851386e-001
 8.2847661e-001
 8.2839793e-001
 8.2828635e-001
 8.2815146e-001
 8.2800329e-001
 8.2785177e-001
 8.2770604e-001
 8.2757401e-001
 8.2746136e-001
 8.2737011e-001
 8.2729763e-001
 8.2723564e-001
 8.2716984e-001
 8.2708073e-001
 8.2694560e-001
 8.2674104e-001
 8.2644600e-001
 8.2604480e-001
 8.2552904e-001
 8.2489830e-001
 8.2416022e-001
 8.2332844e-001
 8.2242125e-001
 8.2145983e-001
 8.2046586e-001
 8.1946188e-001
 8.1846976e-001
 8.1751156e-001
 8.1660891e-001
 8.1578213e-001
 8.1505013e-001
 8.1442851e-001
 8.1392908e-001
 8.1355870e-001
 8.1331885e-001
 8.1320643e-001
 8.1321442e-001
 8.1333297e-001
 8.1355047e-001
 8.1385440e-001
 8.1423169e-001
 8.1466907e-001
 8.1515288e-001
 8.1566900e-001
 8.1620365e-001
 8.1674343e-001
 8.1727630e-001
 8.1779236e-001
 8.1828380e-001
 8.1874603e-001
 8.1917679e-001
 8.1957656e-001
 8.1994796e-001
 8.2029581e-001
 8.2062703e-001
 8.2095069e-001
 8.2127756e-001
 8.2161951e-001
 8.2198822e-001
 8.2239300e-001
 8.2283890e-001
 8.2332468e-001
 8.2384181e-001
 8.2437444e-001
 8.2490146e-001
 8.2539868e-001
 8.2584274e-001
 8.2621473e-001
 8.2650268e-001
 8.2670313e-001
 8.2682097e-001
 8.2686800e-001
 8.2686061e-001
 8.2681680e-001
 8.2675380e-001
 8.2668626e-001
 8.2662523e-001
 8.2657820e-001
 8.2654971e-001
 8.2654256e-001
 8.2655877e-001
 8.2660061e-001
 8.2667112e-001
 8.2677436e-001
 8.2691520e-001
 8.2709849e-001
 8.2732809e-001
 8.2760614e-001
 8.2793164e-001
 8.2829982e-001
 8.2870185e-001
 8.2912433e-001
 8.2955039e-001
 8.2996064e-001
 8.3033454e-001
 8.3065289e-001
 8.3089954e-001
 8.3106321e-001
 8.3113939e-001
 8.3113068e-001
 8.3104682e-001
 8.3090395e-001
 8.3072281e-001
 8.3052653e-001
 8.3033818e-001
 8.3017814e-001
 8.3006203e-001
 8.2999945e-001
 8.2999325e-001
 8.3004004e-001
 8.3013141e-001
 8.3025557e-001
 8.3039987e-001
 8.3055282e-001
 8.3070558e-001
 8.3085346e-001
 8.3099592e-001
 8.3113605e-001
 8.3127952e-001
 8.3143294e-001
 8.3160192e-001
 8.3178973e-001
 8.3199596e-001
 8.3221662e-001
 8.3244407e-001
 8.3266848e-001
 8.3287942e-001
 8.3306742e-001
 8.3322549e-001
 8.3335006e-001
 8.3344144e-001
 8.3350301e-001
 8.3354044e-001
 8.3356017e-001
 8.3356786e-001
 8.3356720e-001
 8.3355933e-001
 8.3354288e-001
 8.3351481e-001
 8.3347189e-001
 8.3341247e-001
 8.3333766e-001
 8.3325243e-001
 8.3316541e-001
 8.3308774e-001
 8.3303136e-001
 8.3300614e-001
 8.3301836e-001
 8.3306843e-001
 8.3315086e-001
 8.3325475e-001
 8.3336550e-001
 8.3346719e-001
 8.3354527e-001
 8.3358872e-001
 8.3359158e-001
 8.3355367e-001
 8.3347994e-001
 8.3337921e-001
 8.3326226e-001
 8.3313972e-001
 8.3301991e-001
 8.3290768e-001
 8.3280313e-001
 8.3270198e-001
 8.3259666e-001
 8.3247751e-001
 8.3233511e-001
 8.3216220e-001
 8.3195531e-001
 8.3171612e-001
 8.3145154e-001
 8.3117276e-001
 8.3089393e-001
 8.3062929e-001
 8.3039141e-001
 8.3018827e-001
 8.3002228e-001
 8.2988977e-001
 8.2978159e-001
 8.2968551e-001
 8.2958794e-001
 8.2947695e-001
 8.2934397e-001
 8.2918459e-001
 8.2899916e-001
 8.2879102e-001
 8.2856566e-001
 8.2832831e-001
 8.2808274e-001
 8.2783031e-001
 8.2756960e-001
 8.2729667e-001
 8.2700622e-001
 8.2669252e-001
 8.2635057e-001
 8.2597673e-001
 8.2556933e-001
 8.2512844e-001
 8.2465565e-001
 8.2415307e-001
 8.2362294e-001
 8.2306677e-001
 8.2248557e-001
 8.2187957e-001
 8.2124859e-001
 8.2059312e-001
 8.1991440e-001
 8.1921530e-001
 8.1850022e-001
 8.1777447e-001
 8.1704426e-001
 8.1631505e-001
 8.1559116e-001
 8.1487501e-001
 8.1416595e-001
 8.1346124e-001
 8.1275594e-001
 8.1204349e-001
 8.1131762e-001
 8.1057268e-001
 8.0980551e-001
 8.0901563e-001
 8.0820578e-001
 8.0738193e-001
 8.0655217e-001
 8.0572641e-001
 8.0491501e-001
 8.0412710e-001
 8.0337059e-001
 8.0265063e-001
 8.0196965e-001
 8.0132681e-001
 8.0071789e-001
 8.0013561e-001
 7.9956949e-001
 7.9900640e-001
 7.9843122e-001
 7.9782736e-001
 7.9717815e-001
 7.9646802e-001
 7.9568374e-001
 7.9481602e-001
 7.9385954e-001
 7.9281437e-001
 7.9168528e-001
 7.9048038e-001
 7.8921086e-001
 7.8788787e-001
 7.8652179e-001
 7.8512013e-001
 7.8368551e-001
 7.8221649e-001
 7.8070623e-001
 7.7914441e-001
 7.7751797e-001
 7.7581197e-001
 7.7401167e-001
 7.7210152e-001
 7.7006656e-001
 7.6789117e-001
 7.6555771e-001
 7.6304775e-001
 7.6034021e-001
 7.5741398e-001
 7.5424874e-001
 7.5082541e-001
 7.4712950e-001
 7.4315137e-001
 7.3888457e-001
 7.3432869e-001
 7.2948438e-001
 7.2435677e-001
 7.1895421e-001
 7.1328712e-001
 7.0737523e-001
 7.0124453e-001
 6.9493484e-001
 6.8849933e-001
 6.8200207e-001
 6.7552155e-001
 6.6914082e-001
 6.6294795e-001
 6.5702754e-001
 6.5145338e-001
 6.4628851e-001
 6.4157683e-001
 6.3734692e-001
 6.3361079e-001
 6.3036585e-001
 6.2760192e-001
 6.2530220e-001
 6.2344968e-001
 6.2202841e-001
 6.2102377e-001
 6.2042326e-001
 6.2021369e-001
 6.2037945e-001
 6.2090069e-001
 6.2175256e-001
 6.2290549e-001
 6.2432641e-001
 6.2598193e-001
 6.2783957e-001
 6.2987167e-001
 6.3205510e-001
 6.3437253e-001
 6.3681233e-001
 6.3936514e-001
 6.4202428e-001
 6.4478105e-001
 6.4762402e-001
 6.5053880e-001
 6.5350533e-001
 6.5650147e-001
 6.5950167e-001
 6.6247988e-001
 6.6541237e-001
 6.6827726e-001
 6.7105609e-001
 6.7373538e-001
 6.7630357e-001
 6.7875308e-001
 6.8107682e-001
 6.8326837e-001
 6.8532193e-001
 6.8723005e-001
 6.8898553e-001
 6.9057971e-001
 6.9200391e-001
 6.9325054e-001
 6.9431317e-001
 6.9518971e-001
 6.9588327e-001
 6.9640517e-001
 6.9677651e-001
 6.9702893e-001
 6.9720441e-001
 6.9735289e-001
 6.9752848e-001
 6.9778502e-001
 6.9817007e-001
 6.9872111e-001
 6.9946218e-001
 7.0040274e-001
 7.0153928e-001
 7.0285761e-001
 7.0433658e-001
 7.0595288e-001
 7.0768255e-001
 7.0950466e-001
 7.1140033e-001
 7.1335316e-001
 7.1534884e-001
 7.1737236e-001
 7.1940947e-001
 7.2144473e-001
 7.2346264e-001
 7.2544938e-001
 7.2739238e-001
 7.2928315e-001
 7.3111671e-001
 7.3289275e-001
 7.3461568e-001
 7.3629302e-001
 7.3793507e-001
 7.3955250e-001
 7.4115473e-001
 7.4274886e-001
 7.4433702e-001
 7.4591631e-001
 7.4747920e-001
 7.4901342e-001
 7.5050515e-001
 7.5194025e-001
 7.5330752e-001
 7.5460142e-001
 7.5582248e-001
 7.5697845e-001
 7.5808203e-001
 7.5914919e-001
 7.6019609e-001
 7.6123571e-001
 7.6227599e-001
 7.6331830e-001
 7.6435775e-001
 7.6538509e-001
 7.6638806e-001
 7.6735508e-001
 7.6827639e-001
 7.6914614e-001
 7.6996303e-001
 7.7072960e-001
 7.7145123e-001
 7.7213508e-001
 7.7278793e-001
 7.7341533e-001
 7.7402031e-001
 7.7460325e-001
 7.7516246e-001
 7.7569479e-001
 7.7619737e-001
 7.7666783e-001
 7.7710563e-001
 7.7751279e-001
 7.7789432e-001
 7.7825898e-001
 7.7861887e-001
 7.7898824e-001
 7.7938253e-001
 7.7981567e-001
 7.8029859e-001
 7.8083688e-001
 7.8142905e-001
 7.8206658e-001
 7.8273457e-001
 7.8341419e-001
 7.8408432e-001
 7.8472406e-001
 7.8531504e-001
 7.8584188e-001
 7.8629440e-001
 7.8666830e-001
 7.8696549e-001
 7.8719431e-001
 7.8736836e-001
 7.8750575e-001
 7.8762704e-001
 7.8775334e-001
 7.8790438e-001
 7.8809649e-001
 7.8834110e-001
 7.8864384e-001
 7.8900450e-001
 7.8941828e-001
 7.8987640e-001
 7.9036748e-001
 7.9087913e-001
 7.9139829e-001
 7.9191244e-001
 7.9240984e-001
 7.9288095e-001
 7.9331839e-001
 7.9371756e-001
 7.9407662e-001
 7.9439634e-001
 7.9467976e-001
 7.9493171e-001
 7.9515809e-001
 7.9536545e-001
 7.9556048e-001
 7.9574949e-001
 7.9593801e-001
 7.9613113e-001
 7.9633301e-001
 7.9654753e-001
 7.9677767e-001
 7.9702634e-001
 7.9729575e-001
 7.9758757e-001
 7.9790270e-001
 7.9824120e-001
 7.9860216e-001
 7.9898340e-001
 7.9938149e-001
 7.9979211e-001
 8.0020994e-001
 8.0062890e-001
 8.0104262e-001
 8.0144465e-001
 8.0182904e-001
 8.0219036e-001
 8.0252427e-001
 8.0282795e-001
 8.0309993e-001
 8.0334091e-001
 8.0355340e-001
 8.0374187e-001
 8.0391258e-001
 8.0407262e-001
 8.0422968e-001
 8.0439079e-001
 8.0456126e-001
 8.0474406e-001
 8.0493897e-001
 8.0514264e-001
 8.0534893e-001
 8.0554950e-001
 8.0573559e-001
 8.0589902e-001
 8.0603379e-001
 8.0613726e-001
 8.0621052e-001
 8.0625838e-001
 8.0628860e-001
 8.0631077e-001
 8.0633450e-001
 8.0636823e-001
 8.0641776e-001
 8.0648559e-001
 8.0657107e-001
 8.0667090e-001
 8.0678040e-001
 8.0689478e-001
 8.0701071e-001
 8.0712748e-001
 8.0724734e-001
 8.0737537e-001
 8.0751854e-001
 8.0768430e-001
 8.0787879e-001
 8.0810529e-001
 8.0836278e-001
 8.0864567e-001
 8.0894411e-001
 8.0924529e-001
 8.0953556e-001
 8.0980247e-001
 8.1003720e-001
 8.1023633e-001
 8.1040233e-001
 8.1054318e-001
 8.1067055e-001
 8.1079787e-001
 8.1093669e-001
 8.1109452e-001
 8.1127238e-001
 8.1146389e-001
 8.1165576e-001
 8.1182945e-001
 8.1196404e-001
 8.1204015e-001
 8.1204325e-001
 8.1196702e-001
 8.1181473e-001
 8.1159931e-001
 8.1134069e-001
 8.1106317e-001
 8.1079209e-001
 8.1054997e-001
 8.1035483e-001
 8.1021780e-001
 8.1014282e-001
 8.1012571e-001
 8.1015527e-001
 8.1021500e-001
 8.1028491e-001
 8.1034464e-001
 8.1037551e-001
 8.1036288e-001
 8.1029719e-001
 8.1017464e-001
 8.0999756e-001
 8.0977386e-001
 8.0951649e-001
 8.0924314e-001
 8.0897468e-001
 8.0873352e-001
 8.0854177e-001
 8.0841893e-001
 8.0837959e-001
 8.0843103e-001
 8.0857205e-001
 8.0879188e-001
 8.0907106e-001
 8.0938214e-001
 8.0969238e-001
 8.0996764e-001
 8.1017637e-001
 8.1029415e-001
 8.1030709e-001
 8.1021470e-001
 8.1003010e-001
 8.0977887e-001
 8.0949539e-001
 8.0921811e-001
 8.0898398e-001
 8.0882275e-001
 8.0875242e-001
 8.0877596e-001
 8.0888051e-001
 8.0903816e-001
 8.0920959e-001
 8.0934870e-001
 8.0940819e-001
 8.0934548e-001
 8.0912787e-001
 8.0873555e-001
 8.0816382e-001
 8.0742306e-001
 8.0653626e-001
 8.0553693e-001
 8.0446500e-001
 8.0336291e-001
 8.0227345e-001
 8.0123568e-001
 8.0028415e-001
 7.9944724e-001
 7.9874563e-001
 7.9819214e-001
 7.9779041e-001
 7.9753429e-001
 7.9740739e-001
 7.9738289e-001
 7.9742455e-001
 7.9748881e-001
 7.9752791e-001
 7.9749417e-001
 7.9734468e-001
 7.9704618e-001
 7.9657888e-001
 7.9593915e-001
 7.9514045e-001
 7.9421121e-001
 7.9319245e-001
 7.9213202e-001
 7.9107958e-001
 7.9008055e-001
 7.8917110e-001
 7.8837526e-001
 7.8770292e-001
 7.8714979e-001
 7.8670001e-001
 7.8632873e-001
 7.8600621e-001
 7.8570169e-001
 7.8538644e-001
 7.8503650e-001
 7.8463411e-001
 7.8416812e-001
 7.8363389e-001
 7.8303206e-001
 7.8236794e-001
 7.8164965e-001
 7.8088784e-001
 7.8009450e-001
 7.7928215e-001
 7.7846378e-001
 7.7765208e-001
 7.7685970e-001
 7.7609831e-001
 7.7537853e-001
 7.7470988e-001
 7.7410030e-001
 7.7355576e-001
 7.7308065e-001
 7.7267689e-001
 7.7234435e-001
 7.7208030e-001
 7.7187908e-001
 7.7173221e-001
 7.7162826e-001
 7.7155298e-001
 7.7148986e-001
 7.7142102e-001
 7.7132827e-001
 7.7119488e-001
 7.7100694e-001
 7.7075475e-001
 7.7043366e-001
 7.7004492e-001
 7.6959395e-001
 7.6909012e-001
 7.6854461e-001
 7.6796937e-001
 7.6737612e-001
 7.6677489e-001
 7.6617390e-001
 7.6557934e-001
 7.6499474e-001
 7.6442146e-001
 7.6385862e-001
 7.6330370e-001
 7.6275361e-001
 7.6220524e-001
 7.6165706e-001
 7.6110935e-001
 7.6056474e-001
 7.6002860e-001
 7.5947469e-001
 7.5896770e-001
 7.5849491e-001
 7.5806469e-001
 7.5768256e-001
 7.5734890e-001
 7.5705814e-001
 7.5679940e-001
 7.5655776e-001
 7.5631648e-001
 7.5605816e-001
 7.5576621e-001
 7.5542563e-001
 7.5502491e-001
 7.5455832e-001
 7.5402677e-001
 7.5343823e-001
 7.5280774e-001
 7.5215483e-001
 7.5150245e-001
 7.5087494e-001
 7.5029629e-001
 7.4978936e-001
 7.4937314e-001
 7.4906045e-001
 7.4885559e-001
 7.4875289e-001
 7.4873811e-001
 7.4879050e-001
 7.4888557e-001
 7.4899715e-001
 7.4909884e-001
 7.4916512e-001
 7.4917305e-001
 7.4910349e-001
 7.4894303e-001
 7.4868411e-001
 7.4832457e-001
 7.4786651e-001
 7.4731416e-001
 7.4667311e-001
 7.4594915e-001
 7.4514842e-001
 7.4427652e-001
 7.4333858e-001
 7.4233925e-001
 7.4128199e-001
 7.4016988e-001
 7.3900557e-001
 7.3779094e-001
 7.3652810e-001
 7.3521811e-001
 7.3386133e-001
 7.3245597e-001
 7.3099607e-001
 7.2947156e-001
 7.2786599e-001
 7.2615868e-001
 7.2432518e-001
 7.2233850e-001
 7.2017139e-001
 7.1779615e-001
 7.1518695e-001
 7.1232140e-001
 7.0918143e-001
 7.0575702e-001
 7.0204645e-001
 6.9805378e-001
 6.9379014e-001
 6.8926793e-001
 6.8450212e-001
 6.7950708e-001
 6.7429227e-001
 6.6886276e-001
 6.6321003e-001
 6.5731215e-001
 6.5113020e-001
 6.4460802e-001
 6.3768113e-001
 6.3027543e-001
 6.2231702e-001
 6.1373436e-001
 6.0446078e-001
 5.9445119e-001
 5.8368450e-001
 5.7218224e-001
 5.6000948e-001
 5.4726577e-001
 5.3408372e-001
 5.2061337e-001
 5.0700754e-001
 4.9342704e-001
 4.8002210e-001
 4.6693757e-001
 4.5430064e-001
 4.4221041e-001
 4.3074560e-001
 4.1995555e-001
 4.0987629e-001
 4.0053284e-001
 3.9194170e-001
 3.8412070e-001
 3.7708133e-001
 3.7083411e-001
 3.6538324e-001
 3.6072281e-001
 3.5684031e-001
 3.5371307e-001
 3.5131380e-001
 3.4961131e-001
 3.4857208e-001
 3.4816256e-001
 3.4834868e-001
 3.4909672e-001
 3.5037300e-001
 3.5214472e-001
 3.5437918e-001
 3.5704386e-001
 3.6010754e-001
 3.6353782e-001
 3.6730385e-001
 3.7137347e-001
 3.7571394e-001
 3.8029319e-001
 3.8507551e-001
 3.9002541e-001
 3.9510339e-001
 4.0026796e-001
 4.0547794e-001
 4.1068885e-001
 4.1585836e-001
 4.2094290e-001
 4.2590052e-001
 4.3069431e-001
 4.3529063e-001
 4.3966565e-001
 4.4380227e-001
 4.4769102e-001
 4.5132950e-001
 4.5471716e-001
 4.5785555e-001
 4.6074852e-001
 4.6340016e-001
 4.6581888e-001
 4.6801725e-001
 4.7001454e-001
 4.7183830e-001
 4.7352177e-001
 4.7510406e-001
 4.7662657e-001
 4.7813183e-001
 4.7966242e-001
 4.8125768e-001
 4.8295230e-001
 4.8477134e-001
 4.8672751e-001
 4.8882052e-001
 4.9103686e-001
 4.9335504e-001
 4.9574724e-001
 4.9818325e-001
 5.0063324e-001
 5.0306803e-001
 5.0546157e-001
 5.0779462e-001
 5.1005459e-001
 5.1223850e-001
 5.1435053e-001
 5.1640058e-001
 5.1840264e-001
 5.2037150e-001
 5.2232337e-001
 5.2427328e-001
 5.2623540e-001
 5.2822274e-001
 5.3024495e-001
 5.3230989e-001
 5.3442234e-001
 5.3658509e-001
 5.3880078e-001
 5.4107028e-001
 5.4339498e-001
 5.4577494e-001
 5.4820859e-001
 5.5069315e-001
 5.5322158e-001
 5.5578464e-001
 5.5836910e-001
 5.6095964e-001
 5.6354040e-001
 5.6609410e-001
 5.6860381e-001
 5.7105446e-001
 5.7343233e-001
 5.7572877e-001
 5.7793975e-001
 5.8006740e-001
 5.8212006e-001
 5.8410913e-001
 5.8604926e-001
 5.8795536e-001
 5.8984357e-001
 5.9172779e-001
 5.9362143e-001
 5.9553528e-001
 5.9747463e-001
 5.9944189e-001
 6.0143518e-001
 6.0345006e-001
 6.0547900e-001
 6.0751510e-001
 6.0955101e-001
 6.1157805e-001
 6.1358887e-001
 6.1557633e-001
 6.1753201e-001
 6.1944920e-001
 6.2132084e-001
 6.2314039e-001
 6.2490028e-001
 6.2659413e-001
 6.2821585e-001
 6.2975854e-001
 6.3121736e-001
 6.3258874e-001
 6.3387018e-001
 6.3506210e-001
 6.3616681e-001
 6.3718730e-001
 6.3812822e-001
 6.3899434e-001
 6.3979089e-001
 6.4052296e-001
 6.4119667e-001
 6.4181912e-001
 6.4239818e-001
 6.4294362e-001
 6.4346641e-001
 6.4397812e-001
 6.4449120e-001
 6.4501816e-001
 6.4557141e-001
 6.4616227e-001
 6.4680088e-001
 6.4749479e-001
 6.4824742e-001
 6.4905876e-001
 6.4992535e-001
 6.5084040e-001
 6.5179616e-001
 6.5278411e-001
 6.5379453e-001
 6.5481806e-001
 6.5584445e-001
 6.5686268e-001
 6.5785950e-001
 6.5882105e-001
 6.5973181e-001
 6.6057473e-001
 6.6133285e-001
 6.6198915e-001
 6.6252661e-001
 6.6293085e-001
 6.6319108e-001
 6.6330320e-001
 6.6327196e-001
 6.6311210e-001
 6.6284722e-001
 6.6250753e-001
 6.6212714e-001
 6.6174167e-001
 6.6138697e-001
 6.6109639e-001
 6.6089910e-001
 6.6081631e-001
 6.6085905e-001
 6.6102660e-001
 6.6130799e-001
 6.6168433e-001
 6.6213238e-001
 6.6262680e-001
 6.6314173e-001
 6.6365290e-001
 6.6413927e-001
 6.6458476e-001
 6.6498113e-001
 6.6532791e-001
 6.6563225e-001
 6.6590637e-001
 6.6616601e-001
 6.6642815e-001
 6.6671020e-001
 6.6702861e-001
 6.6739804e-001
 6.6782957e-001
 6.6832989e-001
 6.6890055e-001
 6.6953868e-001
 6.7023754e-001
 6.7098886e-001
 6.7178339e-001
 6.7261076e-001
 6.7346078e-001
 6.7432272e-001
 6.7518449e-001
 6.7603332e-001
 6.7685521e-001
 6.7763448e-001
 6.7835516e-001
 6.7900056e-001
 6.7955434e-001
 6.8000066e-001
 6.8032634e-001
 6.8052346e-001
 6.8059206e-001
 6.8054390e-001
 6.8040335e-001
 6.8020600e-001
 6.7999595e-001
 6.7982221e-001
 6.7973548e-001
 6.7978585e-001
 6.8001914e-001
 6.8047214e-001
 6.8116581e-001
 6.8210071e-001
 6.8325454e-001
 6.8458325e-001
 6.8602824e-001
 6.8752193e-001
 6.8899190e-001
 6.9036680e-001
 6.9157922e-001
 6.9257182e-001
 6.9330293e-001
 6.9375426e-001
 6.9393182e-001
 6.9386405e-001
 6.9359601e-001
 6.9318241e-001
 6.9268268e-001
 6.9215667e-001
 6.9166142e-001
 6.9124722e-001
 6.9095320e-001
 6.9080269e-001
 6.9080174e-001
 6.9094104e-001
 6.9119972e-001
 6.9155008e-001
 6.9196111e-001
 6.9240141e-001
 6.9284081e-001
 6.9325244e-001
 6.9361573e-001
 6.9391793e-001
 6.9415557e-001
 6.9433296e-001
 6.9446063e-001
 6.9455272e-001
 6.9462472e-001
 6.9469267e-001
 6.9477153e-001
 6.9487393e-001
 6.9500870e-001
 6.9517922e-001
 6.9538319e-001
 6.9561273e-001
 6.9585621e-001
 6.9609976e-001
 6.9632828e-001
 6.9652659e-001
 6.9668061e-001
 6.9677788e-001
 6.9680935e-001
 6.9677049e-001
 6.9666153e-001
 6.9648731e-001
 6.9625592e-001
 6.9597733e-001
 6.9566256e-001
 6.9532275e-001
 6.9496894e-001
 6.9461173e-001
 6.9426036e-001
 6.9392282e-001
 6.9360548e-001
 6.9331336e-001
 6.9305027e-001
 6.9281942e-001
 6.9262367e-001
 6.9246531e-001
 6.9234580e-001
 6.9226497e-001
 6.9221985e-001
 6.9220370e-001
 6.9220543e-001
 6.9221044e-001
 6.9220120e-001
 6.9215858e-001
 6.9206297e-001
 6.9189525e-001
 6.9163829e-001
 6.9127953e-001
 6.9081336e-001
 6.9024402e-001
 6.8958712e-001
 6.8886757e-001
 6.8811756e-001
 6.8737411e-001
 6.8667537e-001
 6.8605924e-001
 6.8556082e-001
 6.8520916e-001
 6.8502259e-001
 6.8500513e-001
 6.8514502e-001
 6.8541640e-001
 6.8578273e-001
 6.8620121e-001
 6.8662643e-001
 6.8701309e-001
 6.8731844e-001
 6.8750608e-001
 6.8755031e-001
 6.8743980e-001
 6.8717933e-001
 6.8678796e-001
 6.8629545e-001
 6.8573803e-001
 6.8515450e-001
 6.8458384e-001
 6.8406290e-001
 6.8362302e-001
 6.8328601e-001
 6.8306154e-001
 6.8294513e-001
 6.8291992e-001
 6.8295974e-001
 6.8303281e-001
 6.8310523e-001
 6.8314266e-001
 6.8311304e-001
 6.8298912e-001
 6.8275177e-001
 6.8239295e-001
 6.8191731e-001
 6.8134028e-001
 6.8068540e-001
 6.7998159e-001
 6.7925948e-001
 6.7854977e-001
 6.7788184e-001
 6.7728019e-001
 6.7676216e-001
 6.7633545e-001
 6.7599660e-001
 6.7573220e-001
 6.7552149e-001
 6.7533964e-001
 6.7515975e-001
 6.7495465e-001
 6.7469895e-001
 6.7437077e-001
 6.7395425e-001
 6.7344218e-001
 6.7283642e-001
 6.7214715e-001
 6.7139059e-001
 6.7058706e-001
 6.6975820e-001
 6.6892570e-001
 6.6811115e-001
 6.6733319e-001
 6.6660666e-001
 6.6594177e-001
 6.6534251e-001
 6.6480768e-001
 6.6433269e-001
 6.6391009e-001
 6.6353160e-001
 6.6318828e-001
 6.6287106e-001
 6.6257030e-001
 6.6227561e-001
 6.6197622e-001
 6.6166002e-001
 6.6131425e-001
 6.6092563e-001
 6.6048050e-001
 6.5996522e-001
 6.5936661e-001
 6.5867370e-001
 6.5787834e-001
 6.5697813e-001
 6.5597892e-001
 6.5489459e-001
 6.5374666e-001
 6.5256304e-001
 6.5137428e-001
 6.5021229e-001
 6.4910948e-001
 6.4809537e-001
 6.4719504e-001
 6.4642555e-001
 6.4579380e-001
 6.4529425e-001
 6.4491081e-001
 6.4461976e-001
 6.4439237e-001
 6.4419782e-001
 6.4400506e-001
 6.4378405e-001
 6.4350736e-001
 6.4315224e-001
 6.4270246e-001
 6.4214867e-001
 6.4148772e-001
 6.4072156e-001
 6.3985449e-001
 6.3889217e-001
 6.3784164e-001
 6.3670945e-001
 6.3550276e-001
 6.3422894e-001
 6.3289708e-001
 6.3151604e-001
 6.3009530e-001
 6.2864584e-001
 6.2717807e-001
 6.2570226e-001
 6.2422949e-001
 6.2276894e-001
 6.2132788e-001
 6.1991161e-001
 6.1852032e-001
 6.1714983e-001
 6.1579162e-001
 6.1443508e-001
 6.1306679e-001
 6.1167270e-001
 6.1023980e-001
 6.0875541e-001
 6.0720909e-001
 6.0559595e-001
 6.0391557e-001
 6.0217434e-001
 6.0038388e-001
 5.9856147e-001
 5.9672564e-001
 5.9489608e-001
 5.9309357e-001
 5.9133619e-001
 5.8963847e-001
 5.8801037e-001
 5.8645236e-001
 5.8495617e-001
 5.8350658e-001
 5.8208191e-001
 5.8065778e-001
 5.7920820e-001
 5.7770866e-001
 5.7613534e-001
 5.7446766e-001
 5.7269192e-001
 5.7080019e-001
 5.6879258e-001
 5.6667805e-001
 5.6446999e-001
 5.6218588e-001
 5.5984443e-001
 5.5746633e-001
 5.5507058e-001
 5.5267566e-001
 5.5030119e-001
 5.4804659e-001
 5.4631448e-001
 5.4408878e-001
 5.4191226e-001
 5.3978050e-001
 5.3768998e-001
 5.3563631e-001
 5.3361690e-001
 5.3162742e-001
 5.2966410e-001
 5.2772325e-001
 5.2580076e-001
 5.2389371e-001
 5.2199799e-001
 5.2010971e-001
 5.1822495e-001
 5.1634067e-001
 5.1445276e-001
 5.1255745e-001
 5.1065058e-001
 5.0872934e-001
 5.0678951e-001
 5.0482738e-001
 5.0283867e-001
 5.0082070e-001
 4.9876970e-001
 4.9668732e-001
 4.9457756e-001
 4.9244410e-001
 4.9029207e-001
 4.8812515e-001
 4.8594734e-001
 4.8376241e-001
 4.8157549e-001
 4.7939011e-001
 4.7721046e-001
 4.7504017e-001
 4.7288439e-001
 4.7074673e-001
 4.6863130e-001
 4.6654233e-001
 4.6448332e-001
 4.6245950e-001
 4.6047404e-001
 4.5852724e-001
 4.5661691e-001
 4.5474237e-001
 4.5290145e-001
 4.5109263e-001
 4.4931367e-001
 4.4756389e-001
 4.4584119e-001
 4.4414389e-001
 4.4247034e-001
 4.4081849e-001
 4.3918753e-001
 4.3757537e-001
 4.3598035e-001
 4.3440047e-001
 4.3283480e-001
 4.3128136e-001
 4.2973846e-001
 4.2820415e-001
 4.2667738e-001
 4.2515624e-001
 4.2363921e-001
 4.2212594e-001
 4.2061806e-001
 4.1911590e-001
 4.1762030e-001
 4.1613209e-001
 4.1465172e-001
 4.1318065e-001
 4.1171938e-001
 4.1026869e-001
 4.0882912e-001
 4.0740210e-001
 4.0598807e-001
 4.0458784e-001
 4.0320194e-001
 4.0183181e-001
 4.0047789e-001
 3.9914104e-001
 3.9782202e-001
 3.9652136e-001
 3.9524046e-001
 3.9397985e-001
 3.9274031e-001
 3.9152235e-001
 3.9032739e-001
 3.8915592e-001
 3.8800862e-001
 3.8688481e-001
 3.8578406e-001
 3.8470519e-001
 3.8364720e-001
 3.8260916e-001
 3.8158983e-001
 3.8058877e-001
 3.7960485e-001
 3.7863699e-001
 3.7768409e-001
 3.7674564e-001
 3.7582046e-001
 3.7490752e-001
 3.7400579e-001
 3.7311459e-001
 3.7223291e-001
 3.7135965e-001
 3.7049374e-001
 3.6963466e-001
 3.6878115e-001
 3.6793229e-001
 3.6708713e-001
 3.6624455e-001
 3.6540401e-001
 3.6456424e-001
 3.6372441e-001
 3.6288330e-001
 3.6204037e-001
 3.6119449e-001
 3.6034480e-001
 3.5949123e-001
 3.5863489e-001
 3.5777617e-001
