s07_ASD Record=11355: Topaz Glen_Cove_#8            BECKb AREF
 8.2856476e-001
 8.2949036e-001
 8.3026993e-001
 8.3096033e-001
 8.3162564e-001
 8.3232141e-001
 8.3307809e-001
 8.3389384e-001
 8.3473903e-001
 8.3557135e-001
 8.3635396e-001
 8.3706754e-001
 8.3771378e-001
 8.3831471e-001
 8.3890760e-001
 8.3953047e-001
 8.4020507e-001
 8.4092975e-001
 8.4168363e-001
 8.4243619e-001
 8.4315783e-001
 8.4382713e-001
 8.4443265e-001
 8.4496921e-001
 8.4543198e-001
 8.4581214e-001
 8.4609938e-001
 8.4629232e-001
 8.4640998e-001
 8.4649128e-001
 8.4658211e-001
 8.4671849e-001
 8.4691817e-001
 8.4718072e-001
 8.4748441e-001
 8.4779274e-001
 8.4807539e-001
 8.4832209e-001
 8.4854734e-001
 8.4878153e-001
 8.4905130e-001
 8.4935910e-001
 8.4967393e-001
 8.4994125e-001
 8.5010660e-001
 8.5014081e-001
 8.5005277e-001
 8.4988564e-001
 8.4970081e-001
 8.4955853e-001
 8.4950060e-001
 8.4953970e-001
 8.4965837e-001
 8.4982020e-001
 8.4999049e-001
 8.5015434e-001
 8.5032439e-001
 8.5052943e-001
 8.5079533e-001
 8.5114706e-001
 8.5158718e-001
 8.5208338e-001
 8.5261893e-001
 8.5318297e-001
 8.5375172e-001
 8.5428607e-001
 8.5476124e-001
 8.5517943e-001
 8.5556507e-001
 8.5595459e-001
 8.5637158e-001
 8.5680592e-001
 8.5722011e-001
 8.5757792e-001
 8.5787070e-001
 8.5812432e-001
 8.5838169e-001
 8.5867459e-001
 8.5900402e-001
 8.5934132e-001
 8.5964793e-001
 8.5990041e-001
 8.6010718e-001
 8.6030722e-001
 8.6055243e-001
 8.6088365e-001
 8.6131388e-001
 8.6182582e-001
 8.6238414e-001
 8.6295241e-001
 8.6350644e-001
 8.6403930e-001
 8.6455673e-001
 8.6506736e-001
 8.6557078e-001
 8.6604857e-001
 8.6646336e-001
 8.6677366e-001
 8.6696213e-001
 8.6705947e-001
 8.6714214e-001
 8.6729848e-001
 8.6758453e-001
 8.6799723e-001
 8.6847669e-001
 8.6894053e-001
 8.6933345e-001
 8.6965603e-001
 8.6996305e-001
 8.7033582e-001
 8.7084371e-001
 8.7150836e-001
 8.7228709e-001
 8.7308383e-001
 8.7378526e-001
 8.7430173e-001
 8.7459648e-001
 8.7469506e-001
 8.7467819e-001
 8.7465614e-001
 8.7472665e-001
 8.7493384e-001
 8.7525785e-001
 8.7564373e-001
 8.7604314e-001
 8.7643242e-001
 8.7679976e-001
 8.7713063e-001
 8.7741554e-001
 8.7767285e-001
 8.7795383e-001
 8.7831646e-001
 8.7878615e-001
 8.7933040e-001
 8.7986380e-001
 8.8028419e-001
 8.8053060e-001
 8.8063228e-001
 8.8070720e-001
 8.8089359e-001
 8.8125551e-001
 8.8173956e-001
 8.8222355e-001
 8.8261187e-001
 8.8288832e-001
 8.8308620e-001
 8.8322377e-001
 8.8328201e-001
 8.8324529e-001
 8.8315439e-001
 8.8311112e-001
 8.8322634e-001
 8.8355714e-001
 8.8407749e-001
 8.8469529e-001
 8.8530165e-001
 8.8582015e-001
 8.8622254e-001
 8.8650930e-001
 8.8669437e-001
 8.8682312e-001
 8.8698488e-001
 8.8726360e-001
 8.8765168e-001
 8.8802826e-001
 8.8824838e-001
 8.8826215e-001
 8.8813961e-001
 8.8798475e-001
 8.8785625e-001
 8.8778931e-001
 8.8785148e-001
 8.8810807e-001
 8.8852167e-001
 8.8893843e-001
 8.8921678e-001
 8.8936007e-001
 8.8949370e-001
 8.8970721e-001
 8.8994640e-001
 8.9008260e-001
 8.9006847e-001
 8.8999218e-001
 8.8998997e-001
 8.9014226e-001
 8.9044887e-001
 8.9084899e-001
 8.9123040e-001
 8.9144856e-001
 8.9140570e-001
 8.9116138e-001
 8.9094836e-001
 8.9102125e-001
 8.9145356e-001
 8.9209116e-001
 8.9271796e-001
 8.9326888e-001
 8.9387453e-001
 8.9469630e-001
 8.9572495e-001
 8.9675188e-001
 8.9753503e-001
 8.9798045e-001
 8.9816523e-001
 8.9820838e-001
 8.9816016e-001
 8.9803243e-001
 8.9788485e-001
 8.9781606e-001
 8.9788622e-001
 8.9809901e-001
 8.9842707e-001
 8.9878803e-001
 8.9904547e-001
 8.9914829e-001
 8.9925426e-001
 8.9960378e-001
 9.0026575e-001
 9.0108669e-001
 9.0185767e-001
 9.0243840e-001
 9.0276676e-001
 9.0289152e-001
 9.0300339e-001
 9.0331781e-001
 9.0388560e-001
 9.0456647e-001
 9.0517294e-001
 9.0559059e-001
 9.0581036e-001
 9.0594369e-001
 9.0618843e-001
 9.0666908e-001
 9.0729243e-001
 9.0784448e-001
 9.0826166e-001
 9.0875417e-001
 9.0961087e-001
 9.1087162e-001
 9.1224378e-001
 9.1341537e-001
 9.1440564e-001
 9.1548914e-001
 9.1679990e-001
 9.1813570e-001
 9.1916889e-001
 9.1978610e-001
 9.2020476e-001
 9.2078173e-001
 9.2171872e-001
 9.2295635e-001
 9.2427677e-001
 9.2543304e-001
 9.2625189e-001
 9.2674261e-001
 9.2710292e-001
 9.2751527e-001
 9.2795956e-001
 9.2835003e-001
 9.2878836e-001
 9.2944288e-001
 9.3024617e-001
 9.3097430e-001
 9.3153846e-001
 9.3200856e-001
 9.3245763e-001
 9.3291092e-001
 9.3338889e-001
 9.3391556e-001
 9.3445921e-001
 9.3491215e-001
 9.3522817e-001
 9.3554956e-001
 9.3606925e-001
 9.3680936e-001
 9.3762594e-001
 9.3834865e-001
 9.3887597e-001
 9.3922126e-001
 9.3947250e-001
 9.3969160e-001
 9.3989402e-001
 9.4006705e-001
 9.4014180e-001
 9.4008410e-001
 9.4009155e-001
 9.4049370e-001
 9.4134349e-001
 9.4229585e-001
 9.4300294e-001
 9.4344842e-001
 9.4380933e-001
 9.4411784e-001
 9.4417280e-001
 9.4383210e-001
 9.4335300e-001
 9.4324374e-001
 9.4370806e-001
 9.4447368e-001
 9.4523311e-001
 9.4595814e-001
 9.4670576e-001
 9.4742781e-001
 9.4809610e-001
 9.4876534e-001
 9.4939107e-001
 9.4978786e-001
 9.4989443e-001
 9.4994366e-001
 9.5024621e-001
 9.5080763e-001
 9.5121753e-001
 9.5108330e-001
 9.5061821e-001
 9.5051926e-001
 9.5112365e-001
 9.5203847e-001
 9.5271796e-001
 9.5299524e-001
 9.5306081e-001
 9.5314443e-001
 9.5336664e-001
 9.5379239e-001
 9.5443970e-001
 9.5519751e-001
 9.5578641e-001
 9.5589340e-001
 9.5545655e-001
 9.5484537e-001
 9.5466465e-001
 9.5527416e-001
 9.5646274e-001
 9.5760626e-001
 9.5815945e-001
 9.5801932e-001
 9.5749253e-001
 9.5701957e-001
 9.5694542e-001
 9.5741570e-001
 9.5831323e-001
 9.5925164e-001
 9.5976603e-001
 9.5967698e-001
 9.5931852e-001
 9.5933419e-001
 9.6014690e-001
 9.6158022e-001
 9.6298385e-001
 9.6366948e-001
 9.6325094e-001
 9.6176982e-001
 9.5972168e-001
 9.5798159e-001
 9.5736259e-001
 9.5781362e-001
 9.5861328e-001
 9.5912552e-001
 9.5929301e-001
 9.5960641e-001
 9.6029955e-001
 9.6083599e-001
 9.6054238e-001
 9.5942819e-001
 9.5813286e-001
 9.5735031e-001
 9.5735830e-001
 9.5792729e-001
 9.5865262e-001
 9.5928162e-001
 9.5968848e-001
 9.5979345e-001
 9.5970273e-001
 9.5972657e-001
 9.6000099e-001
 9.6027184e-001
 9.6031064e-001
 9.6031386e-001
 9.6063924e-001
 9.6131337e-001
 9.6191329e-001
 9.6190447e-001
 9.6121162e-001
 9.6035439e-001
 9.5978326e-001
 9.5939416e-001
 9.5901871e-001
 9.5891261e-001
 9.5932740e-001
 9.6003425e-001
 9.6068186e-001
 9.6122992e-001
 9.6168870e-001
 9.6185386e-001
 9.6168345e-001
 9.6153748e-001
 9.6161294e-001
 9.6158439e-001
 9.6126211e-001
 9.6100956e-001
 9.6157795e-001
 9.6281070e-001
 9.6322918e-001
 9.6211356e-001
 9.6035302e-001
 9.5904255e-001
 9.5862150e-001
 9.5895851e-001
 9.5972443e-001
 9.6056038e-001
 9.6111864e-001
 9.6115977e-001
 9.6074098e-001
 9.6019948e-001
 9.5989120e-001
 9.5995402e-001
 9.6030080e-001
 9.6078014e-001
 9.6127838e-001
 9.6172684e-001
 9.6206188e-001
 9.6218890e-001
 9.6198916e-001
 9.6141511e-001
 9.6064299e-001
 9.6002525e-001
 9.5984566e-001
 9.6014208e-001
 9.6067947e-001
 9.6107614e-001
 9.6111661e-001
 9.6098769e-001
 9.6091658e-001
 9.6110302e-001
 9.6149647e-001
 9.6194601e-001
 9.6230012e-001
 9.6243399e-001
 9.6239418e-001
 9.6229678e-001
 9.6225792e-001
 9.6237266e-001
 9.6259391e-001
 9.6281719e-001
 9.6293831e-001
 9.6287143e-001
 9.6265382e-001
 9.6237284e-001
 9.6211600e-001
 9.6195436e-001
 9.6184969e-001
 9.6168929e-001
 9.6142381e-001
 9.6095771e-001
 9.6032351e-001
 9.5966494e-001
 9.5913005e-001
 9.5886725e-001
 9.5901835e-001
 9.5957726e-001
 9.6039134e-001
 9.6130180e-001
 9.6214974e-001
 9.6278107e-001
 9.6314561e-001
 9.6329623e-001
 9.6329015e-001
 9.6318454e-001
 9.6303552e-001
 9.6287292e-001
 9.6270162e-001
 9.6252489e-001
 9.6234649e-001
 9.6216983e-001
 9.6199769e-001
 9.6182990e-001
 9.6166545e-001
 9.6150333e-001
 9.6134257e-001
 9.6118218e-001
 9.6102327e-001
 9.6087605e-001
 9.6075201e-001
 9.6066308e-001
 9.6062118e-001
 9.6063817e-001
 9.6072590e-001
 9.6088618e-001
 9.6108222e-001
 9.6126831e-001
 9.6139848e-001
 9.6142685e-001
 9.6130782e-001
 9.6099520e-001
 9.6044356e-001
 9.5963120e-001
 9.5862997e-001
 9.5753288e-001
 9.5643336e-001
 9.5542455e-001
 9.5460010e-001
 9.5405298e-001
 9.5387661e-001
 9.5413214e-001
 9.5476151e-001
 9.5567816e-001
 9.5679641e-001
 9.5802975e-001
 9.5929205e-001
 9.6049732e-001
 9.6155941e-001
 9.6241176e-001
 9.6306199e-001
 9.6353370e-001
 9.6385145e-001
 9.6403903e-001
 9.6412045e-001
 9.6412003e-001
 9.6406174e-001
 9.6396965e-001
 9.6386796e-001
 9.6378052e-001
 9.6373159e-001
 9.6373767e-001
 9.6378767e-001
 9.6386427e-001
 9.6395010e-001
 9.6402812e-001
 9.6408087e-001
 9.6409106e-001
 9.6404141e-001
 9.6391475e-001
 9.6369356e-001
 9.6336073e-001
 9.6289891e-001
 9.6229982e-001
 9.6158677e-001
 9.6079063e-001
 9.5994174e-001
 9.5907104e-001
 9.5820886e-001
 9.5738602e-001
 9.5663291e-001
 9.5598036e-001
 9.5545894e-001
 9.5509911e-001
 9.5492160e-001
 9.5491159e-001
 9.5504653e-001
 9.5530403e-001
 9.5566136e-001
 9.5609623e-001
 9.5658594e-001
 9.5710820e-001
 9.5764029e-001
 9.5815980e-001
 9.5864636e-001
 9.5908737e-001
 9.5947182e-001
 9.5978880e-001
 9.6002722e-001
 9.6017617e-001
 9.6022445e-001
 9.6016145e-001
 9.5997584e-001
 9.5965677e-001
 9.5920098e-001
 9.5863116e-001
 9.5797551e-001
 9.5726264e-001
 9.5652068e-001
 9.5577812e-001
 9.5506322e-001
 9.5440435e-001
 9.5382988e-001
 9.5336819e-001
 9.5304108e-001
 9.5284873e-001
 9.5278656e-001
 9.5285010e-001
 9.5303500e-001
 9.5333654e-001
 9.5375049e-001
 9.5427215e-001
 9.5489705e-001
 9.5561463e-001
 9.5639330e-001
 9.5719731e-001
 9.5799094e-001
 9.5873815e-001
 9.5940357e-001
 9.5995104e-001
 9.6034509e-001
 9.6056312e-001
 9.6062666e-001
 9.6056628e-001
 9.6041262e-001
 9.6019620e-001
 9.5994771e-001
 9.5969760e-001
 9.5947653e-001
 9.5930630e-001
 9.5917982e-001
 9.5908469e-001
 9.5900810e-001
 9.5893723e-001
 9.5885956e-001
 9.5876235e-001
 9.5863277e-001
 9.5846570e-001
 9.5828021e-001
 9.5809990e-001
 9.5796508e-001
 9.5788020e-001
 9.5787418e-001
 9.5796341e-001
 9.5815223e-001
 9.5843518e-001
 9.5879972e-001
 9.5923001e-001
 9.5970786e-001
 9.6021110e-001
 9.6070874e-001
 9.6115971e-001
 9.6151572e-001
 9.6172720e-001
 9.6175182e-001
 9.6157235e-001
 9.6121889e-001
 9.6077597e-001
 9.6036887e-001
 9.6013969e-001
 9.6022058e-001
 9.6069926e-001
 9.6158278e-001
 9.6278465e-001
 9.6414590e-001
 9.6547335e-001
 9.6657789e-001
 9.6731120e-001
 9.6759665e-001
 9.6743912e-001
 9.6690875e-001
 9.6611279e-001
 9.6517050e-001
 9.6419674e-001
 9.6329331e-001
 9.6254522e-001
 9.6202266e-001
 9.6178180e-001
 9.6186006e-001
 9.6226454e-001
 9.6401197e-001
 9.6440893e-001
 9.6485823e-001
 9.6531987e-001
 9.6575683e-001
 9.6613866e-001
 9.6644527e-001
 9.6666795e-001
 9.6680939e-001
 9.6688199e-001
 9.6690470e-001
 9.6689856e-001
 9.6688306e-001
 9.6687287e-001
 9.6687669e-001
 9.6689826e-001
 9.6693790e-001
 9.6699429e-001
 9.6706557e-001
 9.6715033e-001
 9.6724707e-001
 9.6735406e-001
 9.6746892e-001
 9.6758807e-001
 9.6770668e-001
 9.6781915e-001
 9.6791953e-001
 9.6800286e-001
 9.6806663e-001
 9.6811265e-001
 9.6814746e-001
 9.6818262e-001
 9.6823305e-001
 9.6831501e-001
 9.6844321e-001
 9.6862763e-001
 9.6887100e-001
 9.6916693e-001
 9.6949953e-001
 9.6984553e-001
 9.7017765e-001
 9.7046912e-001
 9.7069836e-001
 9.7085321e-001
 9.7093248e-001
 9.7094631e-001
 9.7091347e-001
 9.7085762e-001
 9.7080266e-001
 9.7076863e-001
 9.7076869e-001
 9.7080791e-001
 9.7088349e-001
 9.7098672e-001
 9.7110516e-001
 9.7122520e-001
 9.7133398e-001
 9.7142124e-001
 9.7147995e-001
 9.7150701e-001
 9.7150314e-001
 9.7147268e-001
 9.7142303e-001
 9.7136331e-001
 9.7130311e-001
 9.7125047e-001
 9.7121048e-001
 9.7118396e-001
 9.7116774e-001
 9.7115546e-001
 9.7114038e-001
 9.7111803e-001
 9.7108895e-001
 9.7106034e-001
 9.7104573e-001
 9.7106266e-001
 9.7112870e-001
 9.7125691e-001
 9.7145164e-001
 9.7170615e-001
 9.7200269e-001
 9.7231501e-001
 9.7261298e-001
 9.7286814e-001
 9.7305870e-001
 9.7317350e-001
 9.7321326e-001
 9.7318995e-001
 9.7312415e-001
 9.7304088e-001
 9.7296548e-001
 9.7291976e-001
 9.7291934e-001
 9.7297245e-001
 9.7307962e-001
 9.7323495e-001
 9.7342825e-001
 9.7364646e-001
 9.7387570e-001
 9.7410274e-001
 9.7431535e-001
 9.7450280e-001
 9.7465622e-001
 9.7476840e-001
 9.7483486e-001
 9.7485447e-001
 9.7483051e-001
 9.7477108e-001
 9.7468901e-001
 9.7460026e-001
 9.7452164e-001
 9.7446775e-001
 9.7444803e-001
 9.7446454e-001
 9.7451156e-001
 9.7457701e-001
 9.7464502e-001
 9.7470027e-001
 9.7473150e-001
 9.7473413e-001
 9.7471148e-001
 9.7467345e-001
 9.7463447e-001
 9.7460938e-001
 9.7461069e-001
 9.7464591e-001
 9.7471648e-001
 9.7481841e-001
 9.7494376e-001
 9.7508311e-001
 9.7522807e-001
 9.7537267e-001
 9.7551465e-001
 9.7565478e-001
 9.7579628e-001
 9.7594285e-001
 9.7609681e-001
 9.7625816e-001
 9.7642368e-001
 9.7658724e-001
 9.7674102e-001
 9.7687709e-001
 9.7698939e-001
 9.7707462e-001
 9.7713292e-001
 9.7716743e-001
 9.7718292e-001
 9.7718406e-001
 9.7717398e-001
 9.7715360e-001
 9.7712171e-001
 9.7707629e-001
 9.7701597e-001
 9.7694206e-001
 9.7685981e-001
 9.7677851e-001
 9.7671068e-001
 9.7667015e-001
 9.7666967e-001
 9.7671849e-001
 9.7682029e-001
 9.7697246e-001
 9.7716635e-001
 9.7738826e-001
 9.7762150e-001
 9.7784877e-001
 9.7805434e-001
 9.7822553e-001
 9.7835398e-001
 9.7843510e-001
 9.7846800e-001
 9.7845387e-001
 9.7839487e-001
 9.7829324e-001
 9.7815043e-001
 9.7796792e-001
 9.7774756e-001
 9.7749281e-001
 9.7720981e-001
 9.7690803e-001
 9.7659993e-001
 9.7630036e-001
 9.7602552e-001
 9.7579080e-001
 9.7560984e-001
 9.7549307e-001
 9.7544694e-001
 9.7547364e-001
 9.7557080e-001
 9.7573131e-001
 9.7594315e-001
 9.7618991e-001
 9.7645050e-001
 9.7670078e-001
 9.7691512e-001
 9.7706896e-001
 9.7714245e-001
 9.7712338e-001
 9.7701043e-001
 9.7681457e-001
 9.7655934e-001
 9.7627854e-001
 9.7601295e-001
 9.7580469e-001
 9.7569162e-001
 9.7570151e-001
 9.7584760e-001
 9.7612596e-001
 9.7651565e-001
 9.7698098e-001
 9.7747672e-001
 9.7795469e-001
 9.7837031e-001
 9.7868878e-001
 9.7888947e-001
 9.7896767e-001
 9.7893345e-001
 9.7880900e-001
 9.7862387e-001
 9.7841018e-001
 9.7819835e-001
 9.7801369e-001
 9.7787476e-001
 9.7779274e-001
 9.7777236e-001
 9.7781295e-001
 9.7791034e-001
 9.7805822e-001
 9.7824991e-001
 9.7847933e-001
 9.7874159e-001
 9.7903377e-001
 9.7935456e-001
 9.7970355e-001
 9.8008084e-001
 9.8048514e-001
 9.8091310e-001
 9.8135751e-001
 9.8180735e-001
 9.8224753e-001
 9.8265970e-001
 9.8302370e-001
 9.8331964e-001
 9.8352897e-001
 9.8363656e-001
 9.8363137e-001
 9.8350722e-001
 9.8326308e-001
 9.8290354e-001
 9.8243946e-001
 9.8188847e-001
 9.8127556e-001
 9.8063260e-001
 9.7999752e-001
 9.7941065e-001
 9.7891152e-001
 9.7853357e-001
 9.7829926e-001
 9.7821689e-001
 9.7827864e-001
 9.7846198e-001
 9.7873312e-001
 9.7905225e-001
 9.7937953e-001
 9.7968090e-001
 9.7993183e-001
 9.8011953e-001
 9.8024237e-001
 9.8030806e-001
 9.8033041e-001
 9.8032612e-001
 9.8031181e-001
 9.8030192e-001
 9.8030829e-001
 9.8034024e-001
 9.8040509e-001
 9.8050904e-001
 9.8065716e-001
 9.8085308e-001
 9.8109680e-001
 9.8138326e-001
 9.8169982e-001
 9.8202580e-001
 9.8233283e-001
 9.8258805e-001
 9.8275894e-001
 9.8281878e-001
 9.8275262e-001
 9.8256093e-001
 9.8226053e-001
 9.8188227e-001
 9.8146600e-001
 9.8105371e-001
 9.8068255e-001
 9.8038054e-001
 9.8016328e-001
 9.8003560e-001
 9.7999370e-001
 9.8002946e-001
 9.8013359e-001
 9.8029768e-001
 9.8051423e-001
 9.8077488e-001
 9.8106843e-001
 9.8137915e-001
 9.8168671e-001
 9.8196727e-001
 9.8219693e-001
 9.8235536e-001
 9.8242927e-001
 9.8241436e-001
 9.8231590e-001
 9.8214728e-001
 9.8192674e-001
 9.8167396e-001
 9.8140651e-001
 9.8113722e-001
 9.8087364e-001
 9.8061818e-001
 9.8037040e-001
 9.8012930e-001
 9.7989607e-001
 9.7967517e-001
 9.7947407e-001
 9.7930104e-001
 9.7916162e-001
 9.7905421e-001
 9.7896665e-001
 9.7887468e-001
 9.7874326e-001
 9.7853130e-001
 9.7819865e-001
 9.7771436e-001
 9.7706389e-001
 9.7625452e-001
 9.7531605e-001
 9.7429770e-001
 9.7326171e-001
 9.7227448e-001
 9.7139633e-001
 9.7067463e-001
 9.7013730e-001
 9.6979189e-001
 9.6962708e-001
 9.6961743e-001
 9.6973026e-001
 9.6993226e-001
 9.7019511e-001
 9.7049916e-001
 9.7083384e-001
 9.7119522e-001
 9.7158182e-001
 9.7198981e-001
 9.7240841e-001
 9.7281855e-001
 9.7319281e-001
 9.7349942e-001
 9.7370714e-001
 9.7379142e-001
 9.7373933e-001
 9.7355253e-001
 9.7324753e-001
 9.7285348e-001
 9.7240800e-001
 9.7195160e-001
 9.7152281e-001
 9.7115344e-001
 9.7086555e-001
 9.7066987e-001
 9.7056550e-001
 9.7054106e-001
 9.7057635e-001
 9.7064501e-001
 9.7071773e-001
 9.7076523e-001
 9.7076166e-001
 9.7068745e-001
 9.7053123e-001
 9.7029054e-001
 9.6997112e-001
 9.6958494e-001
 9.6914667e-001
 9.6866959e-001
 9.6816134e-001
 9.6761912e-001
 9.6702534e-001
 9.6634346e-001
 9.6551281e-001
 9.6444535e-001
 9.6302301e-001
 9.6109796e-001
 9.5850134e-001
 9.5505661e-001
 9.5060599e-001
 9.4504267e-001
 9.3834484e-001
 9.3061382e-001
 9.2208946e-001
 9.1315848e-001
 9.0432942e-001
 8.9618248e-001
 8.8931096e-001
 8.8423979e-001
 8.8136315e-001
 8.8089025e-001
 8.8282329e-001
 8.8696432e-001
 8.9295220e-001
 9.0031356e-001
 9.0852612e-001
 9.1708195e-001
 9.2552876e-001
 9.3350929e-001
 9.4076848e-001
 9.4715571e-001
 9.5261437e-001
 9.5715845e-001
 9.6085399e-001
 9.6380007e-001
 9.6610934e-001
 9.6789789e-001
 9.6927470e-001
 9.7033709e-001
 9.7116822e-001
 9.7183549e-001
 9.7239113e-001
 9.7287279e-001
 9.7330511e-001
 9.7370237e-001
 9.7407067e-001
 9.7441167e-001
 9.7472560e-001
 9.7501409e-001
 9.7528166e-001
 9.7553587e-001
 9.7578609e-001
 9.7604060e-001
 9.7630399e-001
 9.7657490e-001
 9.7684503e-001
 9.7710007e-001
 9.7732258e-001
 9.7749543e-001
 9.7760570e-001
 9.7764766e-001
 9.7762394e-001
 9.7754508e-001
 9.7742748e-001
 9.7728980e-001
 9.7715008e-001
 9.7702283e-001
 9.7691745e-001
 9.7683811e-001
 9.7678447e-001
 9.7675323e-001
 9.7673994e-001
 9.7674054e-001
 9.7675234e-001
 9.7677493e-001
 9.7681004e-001
 9.7686142e-001
 9.7693437e-001
 9.7703493e-001
 9.7716922e-001
 9.7734225e-001
 9.7755736e-001
 9.7781515e-001
 9.7811288e-001
 9.7844440e-001
 9.7880042e-001
 9.7916907e-001
 9.7953713e-001
 9.7989064e-001
 9.8021626e-001
 9.8050159e-001
 9.8073572e-001
 9.8090917e-001
 9.8101455e-001
 9.8104692e-001
 9.8100525e-001
 9.8089373e-001
 9.8072314e-001
 9.8051137e-001
 9.8028302e-001
 9.8006672e-001
 9.7989130e-001
 9.7978121e-001
 9.7975141e-001
 9.7980422e-001
 9.7992790e-001
 9.8009831e-001
 9.8028314e-001
 9.8044795e-001
 9.8056251e-001
 9.8060656e-001
 9.8057306e-001
 9.8046923e-001
 9.8031390e-001
 9.8013389e-001
 9.7995818e-001
 9.7981268e-001
 9.7971565e-001
 9.7967505e-001
 9.7968829e-001
 9.7974330e-001
 9.7982228e-001
 9.7990501e-001
 9.7997385e-001
 9.8001629e-001
 9.8002762e-001
 9.8001099e-001
 9.7997624e-001
 9.7993749e-001
 9.7991008e-001
 9.7990757e-001
 9.7993976e-001
 9.8001081e-001
 9.8011905e-001
 9.8025751e-001
 9.8041505e-001
 9.8057896e-001
 9.8073626e-001
 9.8087537e-001
 9.8098665e-001
 9.8106265e-001
 9.8109847e-001
 9.8109227e-001
 9.8104548e-001
 9.8096341e-001
 9.8085517e-001
 9.8073399e-001
 9.8061657e-001
 9.8052281e-001
 9.8047465e-001
 9.8049378e-001
 9.8059863e-001
 9.8080170e-001
 9.8110706e-001
 9.8150891e-001
 9.8199093e-001
 9.8252821e-001
 9.8308867e-001
 9.8363632e-001
 9.8413628e-001
 9.8455876e-001
 9.8488408e-001
 9.8510528e-001
 9.8522890e-001
 9.8527378e-001
 9.8526710e-001
 9.8523939e-001
 9.8521936e-001
 9.8522872e-001
 9.8527926e-001
 9.8537236e-001
 9.8550022e-001
 9.8564857e-001
 9.8579997e-001
 9.8593605e-001
 9.8603970e-001
 9.8609662e-001
 9.8609638e-001
 9.8603308e-001
 9.8590463e-001
 9.8571247e-001
 9.8546052e-001
 9.8515451e-001
 9.8480201e-001
 9.8441291e-001
 9.8400021e-001
 9.8358077e-001
 9.8317480e-001
 9.8280519e-001
 9.8249483e-001
 9.8226410e-001
 9.8212802e-001
 9.8209381e-001
 9.8215950e-001
 9.8231363e-001
 9.8253614e-001
 9.8279953e-001
 9.8307228e-001
 9.8332220e-001
 9.8352033e-001
 9.8364395e-001
 9.8367941e-001
 9.8362285e-001
 9.8347974e-001
 9.8326349e-001
 9.8299319e-001
 9.8269111e-001
 9.8238003e-001
 9.8208135e-001
 9.8181337e-001
 9.8159033e-001
 9.8142159e-001
 9.8131168e-001
 9.8126048e-001
 9.8126358e-001
 9.8131323e-001
 9.8139960e-001
 9.8151195e-001
 9.8164064e-001
 9.8177838e-001
 9.8192173e-001
 9.8207211e-001
 9.8223549e-001
 9.8242199e-001
 9.8264390e-001
 9.8291361e-001
 9.8324078e-001
 9.8363006e-001
 9.8407894e-001
 9.8457688e-001
 9.8510569e-001
 9.8564094e-001
 9.8615396e-001
 9.8661560e-001
 9.8699844e-001
 9.8728031e-001
 9.8744565e-001
 9.8748708e-001
 9.8740524e-001
 9.8720819e-001
 9.8690999e-001
 9.8652929e-001
 9.8608780e-001
 9.8560810e-001
 9.8511302e-001
 9.8462379e-001
 9.8415941e-001
 9.8373580e-001
 9.8336488e-001
 9.8305476e-001
 9.8280901e-001
 9.8262745e-001
 9.8250622e-001
 9.8243862e-001
 9.8241633e-001
 9.8242956e-001
 9.8246878e-001
 9.8252457e-001
 9.8258871e-001
 9.8265421e-001
 9.8271567e-001
 9.8276883e-001
 9.8281103e-001
 9.8284066e-001
 9.8285681e-001
 9.8285943e-001
 9.8284829e-001
 9.8282325e-001
 9.8278332e-001
 9.8272693e-001
 9.8265153e-001
 9.8255426e-001
 9.8243243e-001
 9.8228431e-001
 9.8211050e-001
 9.8191434e-001
 9.8170251e-001
 9.8148519e-001
 9.8127538e-001
 9.8108792e-001
 9.8093754e-001
 9.8083550e-001
 9.8078638e-001
 9.8078388e-001
 9.8080742e-001
 9.8082030e-001
 9.8077011e-001
 9.8059267e-001
 9.8021877e-001
 9.7958428e-001
 9.7864187e-001
 9.7737223e-001
 9.7579366e-001
 9.7396475e-001
 9.7197872e-001
 9.6995455e-001
 9.6802145e-001
 9.6630532e-001
 9.6491325e-001
 9.6392196e-001
 9.6337259e-001
 9.6326762e-001
 9.6357256e-001
 9.6422136e-001
 9.6512592e-001
 9.6618724e-001
 9.6730667e-001
 9.6839696e-001
 9.6938866e-001
 9.7023576e-001
 9.7091550e-001
 9.7142678e-001
 9.7178590e-001
 9.7202098e-001
 9.7216731e-001
 9.7226202e-001
 9.7234112e-001
 9.7243667e-001
 9.7257543e-001
 9.7277796e-001
 9.7305840e-001
 9.7342420e-001
 9.7387618e-001
 9.7440809e-001
 9.7500730e-001
 9.7565496e-001
 9.7632694e-001
 9.7699577e-001
 9.7763169e-001
 9.7820532e-001
 9.7868961e-001
 9.7906137e-001
 9.7930300e-001
 9.7940290e-001
 9.7935587e-001
 9.7916287e-001
 9.7883034e-001
 9.7836959e-001
 9.7779596e-001
 9.7712862e-001
 9.7638923e-001
 9.7560197e-001
 9.7479218e-001
 9.7398573e-001
 9.7320765e-001
 9.7248048e-001
 9.7182351e-001
 9.7125095e-001
 9.7077167e-001
 9.7038841e-001
 9.7009820e-001
 9.6989298e-001
 9.6976024e-001
 9.6968448e-001
 9.6964812e-001
 9.6963257e-001
 9.6961904e-001
 9.6958959e-001
 9.6952772e-001
 9.6941942e-001
 9.6925420e-001
 9.6902651e-001
 9.6873647e-001
 9.6839118e-001
 9.6800506e-001
 9.6759945e-001
 9.6720195e-001
 9.6684414e-001
 9.6655905e-001
 9.6637857e-001
 9.6633011e-001
 9.6643424e-001
 9.6670282e-001
 9.6713835e-001
 9.6773368e-001
 9.6847337e-001
 9.6933502e-001
 9.7029120e-001
 9.7131199e-001
 9.7236574e-001
 9.7342092e-001
 9.7444773e-001
 9.7541785e-001
 9.7630632e-001
 9.7709113e-001
 9.7775435e-001
 9.7828311e-001
 9.7866929e-001
 9.7891062e-001
 9.7901046e-001
 9.7897780e-001
 9.7882712e-001
 9.7857773e-001
 9.7825319e-001
 9.7788036e-001
 9.7748929e-001
 9.7711146e-001
 9.7677886e-001
 9.7652203e-001
 9.7636867e-001
 9.7634202e-001
 9.7645903e-001
 9.7672909e-001
 9.7715318e-001
 9.7772390e-001
 9.7842526e-001
 9.7923183e-001
 9.8010868e-001
 9.8101366e-001
 9.8190016e-001
 9.8272032e-001
 9.8343045e-001
 9.8399514e-001
 9.8439169e-001
 9.8461223e-001
 9.8466361e-001
 9.8470056e-001
 9.8443848e-001
 9.8408943e-001
 9.8369032e-001
 9.8327464e-001
 9.8286903e-001
 9.8249155e-001
 9.8215204e-001
 9.8185438e-001
 9.8159939e-001
 9.8138618e-001
 9.8121357e-001
 9.8107994e-001
 9.8098367e-001
 9.8092270e-001
 9.8089457e-001
 9.8089659e-001
 9.8092550e-001
 9.8097783e-001
 9.8104972e-001
 9.8113734e-001
 9.8123658e-001
 9.8134309e-001
 9.8145199e-001
 9.8155743e-001
 9.8165232e-001
 9.8172837e-001
 9.8177588e-001
 9.8178434e-001
 9.8174280e-001
 9.8164022e-001
 9.8146594e-001
 9.8121071e-001
 9.8086792e-001
 9.8043555e-001
 9.7991771e-001
 9.7932518e-001
 9.7867483e-001
 9.7798818e-001
 9.7728914e-001
 9.7660309e-001
 9.7595489e-001
 9.7536832e-001
 9.7486365e-001
 9.7445565e-001
 9.7415161e-001
 9.7395033e-001
 9.7384316e-001
 9.7381586e-001
 9.7385085e-001
 9.7392911e-001
 9.7403127e-001
 9.7413862e-001
 9.7423440e-001
 9.7430503e-001
 9.7434098e-001
 9.7433770e-001
 9.7429472e-001
 9.7421491e-001
 9.7410291e-001
 9.7396415e-001
 9.7380453e-001
 9.7362936e-001
 9.7344345e-001
 9.7325015e-001
 9.7305101e-001
 9.7284561e-001
 9.7263169e-001
 9.7240561e-001
 9.7216308e-001
 9.7189933e-001
 9.7160983e-001
 9.7129065e-001
 9.7093916e-001
 9.7055489e-001
 9.7014064e-001
 9.6970242e-001
 9.6924925e-001
 9.6879256e-001
 9.6834481e-001
 9.6791935e-001
 9.6752912e-001
 9.6718603e-001
 9.6690005e-001
 9.6667731e-001
 9.6651918e-001
 9.6642143e-001
 9.6637511e-001
 9.6636742e-001
 9.6638352e-001
 9.6640766e-001
 9.6642405e-001
 9.6641779e-001
 9.6637619e-001
 9.6629006e-001
 9.6615511e-001
 9.6597248e-001
 9.6574807e-001
 9.6549147e-001
 9.6521437e-001
 9.6492934e-001
 9.6464902e-001
 9.6438497e-001
 9.6414661e-001
 9.6393973e-001
 9.6376491e-001
 9.6361744e-001
 9.6348733e-001
 9.6336108e-001
 9.6322286e-001
 9.6305597e-001
 9.6284395e-001
 9.6257144e-001
 9.6222609e-001
 9.6180040e-001
 9.6129316e-001
 9.6071076e-001
 9.6006590e-001
 9.5937604e-001
 9.5866179e-001
 9.5794469e-001
 9.5724666e-001
 9.5658857e-001
 9.5598900e-001
 9.5546275e-001
 9.5501924e-001
 9.5466226e-001
 9.5439035e-001
 9.5419812e-001
 9.5407796e-001
 9.5402104e-001
 9.5401835e-001
 9.5406109e-001
 9.5414102e-001
 9.5425129e-001
 9.5438665e-001
 9.5454377e-001
 9.5472097e-001
 9.5491779e-001
 9.5513457e-001
 9.5537186e-001
 9.5563030e-001
 9.5591027e-001
 9.5621145e-001
 9.5653236e-001
 9.5686990e-001
 9.5721942e-001
 9.5757467e-001
 9.5792818e-001
 9.5827192e-001
 9.5859754e-001
 9.5889699e-001
 9.5916289e-001
 9.5938939e-001
 9.5957351e-001
 9.5971566e-001
 9.5982051e-001
 9.5989609e-001
 9.5995331e-001
 9.6000457e-001
 9.6006292e-001
 9.6014124e-001
 9.6025145e-001
 9.6040314e-001
 9.6060222e-001
 9.6084934e-001
 9.6113950e-001
 9.6146256e-001
 9.6180451e-001
 9.6214920e-001
 9.6247941e-001
 9.6277803e-001
 9.6302873e-001
 9.6321750e-001
 9.6333402e-001
 9.6337289e-001
 9.6333444e-001
 9.6322387e-001
 9.6305019e-001
 9.6282452e-001
 9.6255922e-001
 9.6226680e-001
 9.6195960e-001
 9.6164954e-001
 9.6134728e-001
 9.6106219e-001
 9.6080196e-001
 9.6057302e-001
 9.6038061e-001
 9.6022928e-001
 9.6012330e-001
 9.6006644e-001
 9.6006173e-001
 9.6011072e-001
 9.6021265e-001
 9.6036321e-001
 9.6055460e-001
 9.6077573e-001
 9.6101308e-001
 9.6125162e-001
 9.6147585e-001
 9.6167046e-001
 9.6182102e-001
 9.6191555e-001
 9.6194577e-001
 9.6190876e-001
 9.6180731e-001
 9.6164942e-001
 9.6144676e-001
 9.6121365e-001
 9.6096510e-001
 9.6071643e-001
 9.6048248e-001
 9.6027660e-001
 9.6010959e-001
 9.5998913e-001
 9.5991921e-001
 9.5990044e-001
 9.5993119e-001
 9.6000808e-001
 9.6012723e-001
 9.6028417e-001
 9.6047384e-001
 9.6069032e-001
 9.6092629e-001
 9.6117222e-001
 9.6141654e-001
 9.6164560e-001
 9.6184427e-001
 9.6199656e-001
 9.6208626e-001
 9.6209741e-001
 9.6201533e-001
 9.6182775e-001
 9.6152663e-001
 9.6110994e-001
 9.6058154e-001
 9.5995110e-001
 9.5923293e-001
 9.5844340e-001
 9.5760006e-001
 9.5672017e-001
 9.5582044e-001
 9.5491427e-001
 9.5401037e-001
 9.5311171e-001
 9.5221388e-001
 9.5130599e-001
 9.5037317e-001
 9.4939721e-001
 9.4835800e-001
 9.4723511e-001
 9.4600523e-001
 9.4464159e-001
 9.4311094e-001
 9.4137257e-001
 9.3937564e-001
 9.3706053e-001
 9.3436325e-001
 9.3121427e-001
 9.2754179e-001
 9.2327523e-001
 9.1833943e-001
 9.1265696e-001
 9.0614295e-001
 8.9870983e-001
 8.9025742e-001
 8.8067687e-001
 8.6986119e-001
 8.5769463e-001
 8.4406310e-001
 8.2887632e-001
 8.1207025e-001
 7.9365683e-001
 7.7376467e-001
 7.5270188e-001
 7.3094487e-001
 7.0913440e-001
 6.8804777e-001
 6.6851735e-001
 6.5140420e-001
 6.3756871e-001
 6.2779516e-001
 6.2273449e-001
 6.2281132e-001
 6.2813431e-001
 6.3846910e-001
 6.5327388e-001
 6.7176598e-001
 6.9303632e-001
 7.1611655e-001
 7.4001312e-001
 7.6378709e-001
 7.8659230e-001
 8.0772424e-001
 8.2670993e-001
 8.4330875e-001
 8.5749781e-001
 8.6940283e-001
 8.7925500e-001
 8.8732916e-001
 8.9390934e-001
 8.9928132e-001
 9.0371078e-001
 9.0742618e-001
 9.1061282e-001
 9.1340363e-001
 9.1588324e-001
 9.1810364e-001
 9.2009550e-001
 9.2187965e-001
 9.2347097e-001
 9.2488343e-001
 9.2612809e-001
 9.2721152e-001
 9.2813611e-001
 9.2889857e-001
 9.2949015e-001
 9.2989904e-001
 9.3011093e-001
 9.3011081e-001
 9.2988384e-001
 9.2941678e-001
 9.2869973e-001
 9.2772931e-001
 9.2650938e-001
 9.2505264e-001
 9.2338079e-001
 9.2152035e-001
 9.1950113e-001
 9.1735601e-001
 9.1511655e-001
 9.1281348e-001
 9.1047418e-001
 9.0812266e-001
 9.0577459e-001
 9.0343827e-001
 9.0111691e-001
 8.9880711e-001
 8.9650267e-001
 8.9419794e-001
 8.9188641e-001
 8.8956511e-001
 8.8723695e-001
 8.8491738e-001
 8.8263500e-001
 8.8043475e-001
 8.7837780e-001
 8.7653464e-001
 8.7498206e-001
 8.7380028e-001
 8.7306619e-001
 8.7284905e-001
 8.7320167e-001
 8.7414819e-001
 8.7567490e-001
 8.7772614e-001
 8.8020658e-001
 8.8299423e-001
 8.8595074e-001
 8.8892859e-001
 8.9178276e-001
 8.9437675e-001
 8.9659148e-001
 8.9834213e-001
 8.9958733e-001
 9.0033472e-001
 9.0063530e-001
 9.0057325e-001
 9.0025169e-001
 8.9978278e-001
 8.9927989e-001
 8.9885145e-001
 8.9859378e-001
 8.9858198e-001
 8.9886308e-001
 8.9945215e-001
 9.0033627e-001
 9.0148127e-001
 9.0284079e-001
 9.0436143e-001
 9.0598840e-001
 9.0766698e-001
 9.0934217e-001
 9.1096222e-001
 9.1247833e-001
 9.1384375e-001
 9.1501564e-001
 9.1595316e-001
 9.1661674e-001
 9.1696787e-001
 9.1697079e-001
 9.1659456e-001
 9.1581881e-001
 9.1464013e-001
 9.1307801e-001
 9.1117871e-001
 9.0901059e-001
 9.0665954e-001
 9.0422094e-001
 9.0179628e-001
 8.9948541e-001
 8.9738393e-001
 8.9557910e-001
 8.9413977e-001
 8.9311236e-001
 8.9251882e-001
 8.9235753e-001
 8.9261037e-001
 8.9324903e-001
 8.9424020e-001
 8.9554870e-001
 8.9713871e-001
 8.9897305e-001
 9.0101486e-001
 9.0322703e-001
 9.0557003e-001
 9.0800518e-001
 9.1049349e-001
 9.1299391e-001
 9.1546720e-001
 9.1787410e-001
 9.2017722e-001
 9.2234057e-001
 9.2433470e-001
 9.2613661e-001
 9.2772937e-001
 9.2910397e-001
 9.3025613e-001
 9.3118382e-001
 9.3188727e-001
 9.3236792e-001
 9.3262815e-001
 9.3267363e-001
 9.3251437e-001
 9.3216634e-001
 9.3165272e-001
 9.3100244e-001
 9.3024886e-001
 9.2942834e-001
 9.2857766e-001
 9.2773241e-001
 9.2692471e-001
 9.2617792e-001
 9.2550135e-001
 9.2488539e-001
 9.2429978e-001
 9.2369485e-001
 9.2300701e-001
 9.2216510e-001
 9.2109466e-001
 9.1972339e-001
 9.1798967e-001
 9.1585135e-001
 9.1330034e-001
 9.1037685e-001
 9.0717077e-001
 9.0381920e-001
 9.0049249e-001
 8.9738357e-001
 8.9469075e-001
 8.9261019e-001
 8.9132416e-001
 8.9097947e-001
 8.9166713e-001
 8.9340079e-001
 8.9610940e-001
 8.9964509e-001
 9.0380430e-001
 9.0834713e-001
 9.1302145e-001
 9.1757482e-001
 9.2176431e-001
 9.2538029e-001
 9.2826307e-001
 9.3031991e-001
 9.3153644e-001
 9.3196625e-001
 9.3171352e-001
 9.3091297e-001
 9.2971337e-001
 9.2826617e-001
 9.2671871e-001
 9.2520350e-001
 9.2382908e-001
 9.2267215e-001
 9.2177254e-001
 9.2113763e-001
 9.2075098e-001
 9.2058134e-001
 9.2059034e-001
 9.2073649e-001
 9.2097628e-001
 9.2126417e-001
 9.2155159e-001
 9.2178547e-001
 9.2190826e-001
 9.2185825e-001
 9.2157066e-001
 9.2097914e-001
 9.2001742e-001
 9.1862303e-001
 9.1674167e-001
 9.1433740e-001
 9.1140354e-001
 9.0797663e-001
 9.0413630e-001
 9.0000266e-001
 8.9572889e-001
 8.9148301e-001
 8.8744009e-001
 8.8377666e-001
 8.8065439e-001
 8.7820989e-001
 8.7653571e-001
 8.7566596e-001
 8.7556767e-001
 8.7614906e-001
 8.7727410e-001
 8.7878108e-001
 8.8049704e-001
 8.8224649e-001
 8.8386339e-001
 8.8520104e-001
 8.8614661e-001
 8.8663179e-001
 8.8663971e-001
 8.8619834e-001
 8.8536972e-001
 8.8423568e-001
 8.8288718e-001
 8.8141847e-001
 8.7991965e-001
 8.7847263e-001
 8.7714553e-001
 8.7598580e-001
 8.7501901e-001
 8.7425095e-001
 8.7367320e-001
 8.7326813e-001
 8.7301391e-001
 8.7288719e-001
 8.7286413e-001
 8.7292105e-001
 8.7303483e-001
 8.7318301e-001
 8.7334383e-001
 8.7349623e-001
 8.7361968e-001
 8.7369376e-001
 8.7369859e-001
 8.7361455e-001
 8.7342322e-001
 8.7310863e-001
 8.7265909e-001
 8.7206835e-001
 8.7133664e-001
 8.7047017e-001
 8.6947858e-001
 8.6837405e-001
 8.6716950e-001
 8.6587954e-001
 8.6451888e-001
 8.6310393e-001
 8.6165488e-001
 8.6019450e-001
 8.5874981e-001
 8.5735255e-001
 8.5603637e-001
 8.5483694e-001
 8.5379010e-001
 8.5293227e-001
 8.5229814e-001
 8.5192144e-001
 8.5183460e-001
 8.5204959e-001
 8.5250545e-001
 8.5338539e-001
 8.5447395e-001
 8.5570937e-001
 8.5703027e-001
 8.5837507e-001
 8.5968149e-001
 8.6088818e-001
 8.6193341e-001
 8.6275566e-001
 8.6329859e-001
 8.6355758e-001
 8.6355639e-001
 8.6331886e-001
 8.6286891e-001
 8.6223060e-001
 8.6142761e-001
 8.6048400e-001
 8.5942346e-001
 8.5827023e-001
 8.5704809e-001
 8.5578102e-001
 8.5449237e-001
 8.5320693e-001
 8.5194665e-001
 8.5072041e-001
 8.4952980e-001
 8.4837580e-001
 8.4726065e-001
 8.4618533e-001
 8.4515125e-001
 8.4415990e-001
 8.4321296e-001
 8.4231180e-001
 8.4145772e-001
 8.4065211e-001
 8.3989674e-001
 8.3919281e-001
 8.3854181e-001
 8.3794528e-001
 8.3740449e-001
 8.3692116e-001
 8.3649600e-001
 8.3612484e-001
 8.3580089e-001
 8.3551753e-001
 8.3526796e-001
 8.3504528e-001
 8.3484262e-001
 8.3465350e-001
 8.3447081e-001
 8.3428800e-001
 8.3409804e-001
 8.3389431e-001
 8.3367002e-001
 8.3341837e-001
 8.3313239e-001
 8.3280569e-001
 8.3243102e-001
 8.3200192e-001
 8.3151156e-001
 8.3095282e-001
 8.3031940e-001
 8.2960427e-001
 8.2880145e-001
 8.2791162e-001
 8.2693952e-001
 8.2588929e-001
 8.2476532e-001
 8.2357216e-001
 8.2231367e-001
 8.2099491e-001
 8.1962001e-001
 8.1819320e-001
 8.1671870e-001
 8.1520152e-001
 8.1364566e-001
 8.1205541e-001
 8.1043500e-001
 8.0878949e-001
 8.0712283e-001
 8.0543929e-001
 8.0374342e-001
 8.0203921e-001
 8.0033171e-001
 7.9862505e-001
 7.9692352e-001
 7.9523116e-001
 7.9355305e-001
 7.9189318e-001
 7.9025549e-001
 7.8863865e-001
 7.8704047e-001
 7.8545749e-001
 7.8388655e-001
 7.8232449e-001
 7.8076786e-001
 7.7921438e-001
 7.7766067e-001
 7.7610338e-001
 7.7453923e-001
 7.7296579e-001
 7.7137959e-001
 7.6977754e-001
 7.6815629e-001
 7.6651329e-001
 7.6484525e-001
 7.6314890e-001
 7.6142097e-001
 7.5965893e-001
 7.5785935e-001
 7.5601923e-001
 7.5413531e-001
 7.5220424e-001
 7.5022370e-001
 7.4819016e-001
 7.4610060e-001
 7.4395126e-001
 7.4174017e-001
 7.3946375e-001
 7.3711944e-001
 7.3470908e-001
 7.3223853e-001
 7.2971201e-001
