s07_ASD Record=10010: Richterite NMNH150800 HCl     BECKb AREF
 3.3272442e-001
 3.3716184e-001
 3.4162393e-001
 3.4588873e-001
 3.4976324e-001
 3.5314462e-001
 3.5603607e-001
 3.5851789e-001
 3.6070561e-001
 3.6271122e-001
 3.6461869e-001
 3.6647737e-001
 3.6830655e-001
 3.7010226e-001
 3.7184548e-001
 3.7351432e-001
 3.7509522e-001
 3.7658724e-001
 3.7799892e-001
 3.7934241e-001
 3.8062716e-001
 3.8185611e-001
 3.8302764e-001
 3.8414013e-001
 3.8519695e-001
 3.8620877e-001
 3.8719293e-001
 3.8816759e-001
 3.8914600e-001
 3.9013609e-001
 3.9114255e-001
 3.9216876e-001
 3.9321736e-001
 3.9429152e-001
 3.9539382e-001
 3.9652434e-001
 3.9768001e-001
 3.9885411e-001
 4.0003660e-001
 4.0121713e-001
 4.0238950e-001
 4.0355444e-001
 4.0471801e-001
 4.0588579e-001
 4.0705556e-001
 4.0821314e-001
 4.0933305e-001
 4.1038522e-001
 4.1134495e-001
 4.1220307e-001
 4.1297132e-001
 4.1367933e-001
 4.1436505e-001
 4.1506207e-001
 4.1579169e-001
 4.1656286e-001
 4.1737753e-001
 4.1823477e-001
 4.1913402e-001
 4.2007673e-001
 4.2104539e-001
 4.2200676e-001
 4.2294237e-001
 4.2383271e-001
 4.2465323e-001
 4.2540422e-001
 4.2610547e-001
 4.2677793e-001
 4.2743734e-001
 4.2809147e-001
 4.2873606e-001
 4.2935619e-001
 4.2993295e-001
 4.3045294e-001
 4.3091485e-001
 4.3133155e-001
 4.3172634e-001
 4.3212497e-001
 4.3254671e-001
 4.3299699e-001
 4.3346390e-001
 4.3391916e-001
 4.3432552e-001
 4.3464917e-001
 4.3487468e-001
 4.3501583e-001
 4.3511680e-001
 4.3524158e-001
 4.3545499e-001
 4.3580338e-001
 4.3630236e-001
 4.3693626e-001
 4.3766803e-001
 4.3845505e-001
 4.3926227e-001
 4.4006759e-001
 4.4085944e-001
 4.4162986e-001
 4.4236985e-001
 4.4306967e-001
 4.4372275e-001
 4.4432831e-001
 4.4489068e-001
 4.4541842e-001
 4.4592467e-001
 4.4642788e-001
 4.4694859e-001
 4.4750142e-001
 4.4808584e-001
 4.4868276e-001
 4.4926268e-001
 4.4980145e-001
 4.5029405e-001
 4.5075646e-001
 4.5121652e-001
 4.5170066e-001
 4.5222411e-001
 4.5278737e-001
 4.5337871e-001
 4.5398334e-001
 4.5459381e-001
 4.5521218e-001
 4.5583984e-001
 4.5646670e-001
 4.5707467e-001
 4.5765224e-001
 4.5820364e-001
 4.5874164e-001
 4.5927352e-001
 4.5979434e-001
 4.6029225e-001
 4.6076217e-001
 4.6121839e-001
 4.6169442e-001
 4.6222216e-001
 4.6280259e-001
 4.6339330e-001
 4.6392843e-001
 4.6435896e-001
 4.6468380e-001
 4.6495146e-001
 4.6523410e-001
 4.6559259e-001
 4.6605024e-001
 4.6658748e-001
 4.6715805e-001
 4.6771708e-001
 4.6824139e-001
 4.6872950e-001
 4.6918747e-001
 4.6961704e-001
 4.7001237e-001
 4.7036132e-001
 4.7065011e-001
 4.7087705e-001
 4.7106883e-001
 4.7128043e-001
 4.7156823e-001
 4.7195315e-001
 4.7240624e-001
 4.7287080e-001
 4.7330412e-001
 4.7370556e-001
 4.7411296e-001
 4.7457150e-001
 4.7509217e-001
 4.7563148e-001
 4.7612309e-001
 4.7654349e-001
 4.7693786e-001
 4.7736260e-001
 4.7781178e-001
 4.7822210e-001
 4.7854102e-001
 4.7876456e-001
 4.7892505e-001
 4.7908023e-001
 4.7930452e-001
 4.7964141e-001
 4.8005253e-001
 4.8044914e-001
 4.8078847e-001
 4.8111731e-001
 4.8151356e-001
 4.8200279e-001
 4.8253658e-001
 4.8303559e-001
 4.8344725e-001
 4.8377442e-001
 4.8406065e-001
 4.8435026e-001
 4.8466259e-001
 4.8500019e-001
 4.8536199e-001
 4.8573124e-001
 4.8606521e-001
 4.8632866e-001
 4.8654047e-001
 4.8676553e-001
 4.8705807e-001
 4.8742676e-001
 4.8784971e-001
 4.8829654e-001
 4.8872894e-001
 4.8909861e-001
 4.8936659e-001
 4.8953146e-001
 4.8963478e-001
 4.8973647e-001
 4.8989135e-001
 4.9014997e-001
 4.9055538e-001
 4.9110553e-001
 4.9172258e-001
 4.9229011e-001
 4.9273083e-001
 4.9303618e-001
 4.9323320e-001
 4.9335340e-001
 4.9344295e-001
 4.9357978e-001
 4.9384916e-001
 4.9428165e-001
 4.9481553e-001
 4.9533856e-001
 4.9578249e-001
 4.9618053e-001
 4.9663097e-001
 4.9719977e-001
 4.9786052e-001
 4.9853113e-001
 4.9915090e-001
 4.9970159e-001
 5.0017941e-001
 5.0058985e-001
 5.0096035e-001
 5.0131470e-001
 5.0163352e-001
 5.0187528e-001
 5.0204289e-001
 5.0220186e-001
 5.0241786e-001
 5.0268584e-001
 5.0293690e-001
 5.0312632e-001
 5.0329709e-001
 5.0352675e-001
 5.0383514e-001
 5.0418586e-001
 5.0455302e-001
 5.0492316e-001
 5.0524789e-001
 5.0546420e-001
 5.0556409e-001
 5.0561261e-001
 5.0568795e-001
 5.0583780e-001
 5.0609767e-001
 5.0649196e-001
 5.0699073e-001
 5.0751060e-001
 5.0795984e-001
 5.0826275e-001
 5.0840431e-001
 5.0847715e-001
 5.0861233e-001
 5.0886256e-001
 5.0920361e-001
 5.0960499e-001
 5.1004487e-001
 5.1049137e-001
 5.1090485e-001
 5.1123917e-001
 5.1145297e-001
 5.1158535e-001
 5.1179022e-001
 5.1217675e-001
 5.1267201e-001
 5.1315260e-001
 5.1359016e-001
 5.1398599e-001
 5.1432085e-001
 5.1461869e-001
 5.1493853e-001
 5.1528484e-001
 5.1560861e-001
 5.1588756e-001
 5.1616138e-001
 5.1646787e-001
 5.1676655e-001
 5.1699519e-001
 5.1720959e-001
 5.1756001e-001
 5.1808864e-001
 5.1866716e-001
 5.1917434e-001
 5.1961011e-001
 5.1999617e-001
 5.2029961e-001
 5.2052319e-001
 5.2077883e-001
 5.2119809e-001
 5.2177840e-001
 5.2234584e-001
 5.2270877e-001
 5.2287132e-001
 5.2303499e-001
 5.2336568e-001
 5.2383780e-001
 5.2432978e-001
 5.2479136e-001
 5.2527553e-001
 5.2582186e-001
 5.2634078e-001
 5.2668381e-001
 5.2685171e-001
 5.2702326e-001
 5.2734530e-001
 5.2779758e-001
 5.2826083e-001
 5.2866381e-001
 5.2901483e-001
 5.2933663e-001
 5.2963912e-001
 5.2994293e-001
 5.3029805e-001
 5.3076011e-001
 5.3133357e-001
 5.3193700e-001
 5.3244680e-001
 5.3280222e-001
 5.3307331e-001
 5.3341186e-001
 5.3391856e-001
 5.3455031e-001
 5.3515834e-001
 5.3561485e-001
 5.3590560e-001
 5.3612012e-001
 5.3637636e-001
 5.3676015e-001
 5.3729987e-001
 5.3795576e-001
 5.3862083e-001
 5.3916556e-001
 5.3952396e-001
 5.3974885e-001
 5.3996742e-001
 5.4027110e-001
 5.4064667e-001
 5.4101324e-001
 5.4133111e-001
 5.4168063e-001
 5.4221809e-001
 5.4297185e-001
 5.4374546e-001
 5.4427069e-001
 5.4450941e-001
 5.4475546e-001
 5.4522306e-001
 5.4573864e-001
 5.4606688e-001
 5.4628652e-001
 5.4661548e-001
 5.4709989e-001
 5.4765135e-001
 5.4819685e-001
 5.4864633e-001
 5.4887706e-001
 5.4892552e-001
 5.4908133e-001
 5.4960960e-001
 5.5046219e-001
 5.5135709e-001
 5.5204719e-001
 5.5249435e-001
 5.5284536e-001
 5.5322516e-001
 5.5359012e-001
 5.5383331e-001
 5.5395871e-001
 5.5410433e-001
 5.5442113e-001
 5.5490917e-001
 5.5539131e-001
 5.5571824e-001
 5.5595607e-001
 5.5631101e-001
 5.5689472e-001
 5.5754930e-001
 5.5795145e-001
 5.5802679e-001
 5.5814707e-001
 5.5872309e-001
 5.5973989e-001
 5.6076503e-001
 5.6136394e-001
 5.6142128e-001
 5.6111777e-001
 5.6088972e-001
 5.6112707e-001
 5.6190312e-001
 5.6300199e-001
 5.6401390e-001
 5.6461436e-001
 5.6480706e-001
 5.6487143e-001
 5.6510115e-001
 5.6554002e-001
 5.6597406e-001
 5.6618637e-001
 5.6619430e-001
 5.6624484e-001
 5.6659007e-001
 5.6727511e-001
 5.6813478e-001
 5.6896037e-001
 5.6962562e-001
 5.7009673e-001
 5.7039100e-001
 5.7057643e-001
 5.7076430e-001
 5.7104874e-001
 5.7142943e-001
 5.7182348e-001
 5.7215708e-001
 5.7242972e-001
 5.7272494e-001
 5.7316804e-001
 5.7369030e-001
 5.7433605e-001
 5.7482052e-001
 5.7499266e-001
 5.7492363e-001
 5.7477415e-001
 5.7470512e-001
 5.7484937e-001
 5.7515591e-001
 5.7549936e-001
 5.7575446e-001
 5.7582152e-001
 5.7577229e-001
 5.7574743e-001
 5.7588792e-001
 5.7630384e-001
 5.7690203e-001
 5.7750672e-001
 5.7794195e-001
 5.7806230e-001
 5.7792479e-001
 5.7762462e-001
 5.7740718e-001
 5.7737005e-001
 5.7754284e-001
 5.7784951e-001
 5.7820952e-001
 5.7854229e-001
 5.7876986e-001
 5.7887059e-001
 5.7887900e-001
 5.7883191e-001
 5.7876623e-001
 5.7871795e-001
 5.7870048e-001
 5.7870519e-001
 5.7872242e-001
 5.7874262e-001
 5.7875621e-001
 5.7875317e-001
 5.7872337e-001
 5.7865638e-001
 5.7854187e-001
 5.7836962e-001
 5.7813352e-001
 5.7784402e-001
 5.7751530e-001
 5.7716173e-001
 5.7679760e-001
 5.7643729e-001
 5.7609200e-001
 5.7576150e-001
 5.7544231e-001
 5.7513160e-001
 5.7482588e-001
 5.7452208e-001
 5.7421702e-001
 5.7391357e-001
 5.7363826e-001
 5.7342285e-001
 5.7329941e-001
 5.7329994e-001
 5.7345641e-001
 5.7380068e-001
 5.7436490e-001
 5.7516241e-001
 5.7613724e-001
 5.7721710e-001
 5.7832921e-001
 5.7940155e-001
 5.8036137e-001
 5.8113641e-001
 5.8165419e-001
 5.8186400e-001
 5.8179605e-001
 5.8149922e-001
 5.8102262e-001
 5.8041525e-001
 5.7972598e-001
 5.7900399e-001
 5.7829815e-001
 5.7764852e-001
 5.7706124e-001
 5.7653517e-001
 5.7606882e-001
 5.7566077e-001
 5.7530981e-001
 5.7501447e-001
 5.7477331e-001
 5.7458520e-001
 5.7444853e-001
 5.7436198e-001
 5.7432425e-001
 5.7433325e-001
 5.7438385e-001
 5.7447046e-001
 5.7458746e-001
 5.7472920e-001
 5.7489014e-001
 5.7506442e-001
 5.7524669e-001
 5.7543111e-001
 5.7561207e-001
 5.7578403e-001
 5.7594132e-001
 5.7607925e-001
 5.7619679e-001
 5.7629377e-001
 5.7636988e-001
 5.7642496e-001
 5.7645863e-001
 5.7647079e-001
 5.7646114e-001
 5.7642949e-001
 5.7637548e-001
 5.7629889e-001
 5.7620049e-001
 5.7608384e-001
 5.7595360e-001
 5.7581383e-001
 5.7566929e-001
 5.7552421e-001
 5.7538301e-001
 5.7525021e-001
 5.7513022e-001
 5.7502735e-001
 5.7494438e-001
 5.7487833e-001
 5.7482457e-001
 5.7477909e-001
 5.7473719e-001
 5.7469475e-001
 5.7464725e-001
 5.7459056e-001
 5.7451999e-001
 5.7443154e-001
 5.7432270e-001
 5.7419884e-001
 5.7406670e-001
 5.7393306e-001
 5.7380468e-001
 5.7368839e-001
 5.7359082e-001
 5.7351893e-001
 5.7347929e-001
 5.7347894e-001
 5.7352197e-001
 5.7360452e-001
 5.7372069e-001
 5.7386494e-001
 5.7403135e-001
 5.7421428e-001
 5.7440794e-001
 5.7460666e-001
 5.7480443e-001
 5.7499313e-001
 5.7515526e-001
 5.7527125e-001
 5.7532209e-001
 5.7528824e-001
 5.7515043e-001
 5.7488954e-001
 5.7448590e-001
 5.7393360e-001
 5.7326937e-001
 5.7253933e-001
 5.7178909e-001
 5.7106459e-001
 5.7041162e-001
 5.6987613e-001
 5.6950396e-001
 5.6932247e-001
 5.6929940e-001
 5.6939036e-001
 5.6955081e-001
 5.6973630e-001
 5.6990236e-001
 5.7000446e-001
 5.6999820e-001
 5.6986123e-001
 5.6964284e-001
 5.6940663e-001
 5.6924152e-001
 5.6919175e-001
 5.6932139e-001
 5.6965965e-001
 5.7017738e-001
 5.7079041e-001
 5.7137692e-001
 5.7179743e-001
 5.7191253e-001
 5.7161325e-001
 5.7087135e-001
 5.6977010e-001
 5.6847185e-001
 5.6716895e-001
 5.6604671e-001
 5.6524497e-001
 5.6481671e-001
 5.6471527e-001
 5.6481934e-001
 5.6497329e-001
 5.6502295e-001
 5.6484973e-001
 5.6440234e-001
 5.6370783e-001
 5.6285435e-001
 5.6195980e-001
 5.6114244e-001
 5.6049520e-001
 5.6006497e-001
 5.5984622e-001
 5.5979174e-001
 5.5983251e-001
 5.5989707e-001
 5.5992830e-001
 5.5989540e-001
 5.5979693e-001
 5.5965573e-001
 5.5950689e-001
 5.5938494e-001
 5.5931181e-001
 5.5921263e-001
 5.5906564e-001
 5.5888546e-001
 5.5866528e-001
 5.5840117e-001
 5.5809319e-001
 5.5774665e-001
 5.5737150e-001
 5.5698234e-001
 5.5659622e-001
 5.5623060e-001
 5.5590034e-001
 5.5561596e-001
 5.5538231e-001
 5.5519992e-001
 5.5506665e-001
 5.5497956e-001
 5.5493641e-001
 5.5493599e-001
 5.5497730e-001
 5.5505872e-001
 5.5517632e-001
 5.5532318e-001
 5.5548906e-001
 5.5566096e-001
 5.5582368e-001
 5.5596143e-001
 5.5606085e-001
 5.5611318e-001
 5.5611783e-001
 5.5608279e-001
 5.5602437e-001
 5.5596465e-001
 5.5592835e-001
 5.5593908e-001
 5.5601549e-001
 5.5616874e-001
 5.5640054e-001
 5.5670327e-001
 5.5706191e-001
 5.5745721e-001
 5.5786961e-001
 5.5828321e-001
 5.5868870e-001
 5.5908418e-001
 5.5947495e-001
 5.5987090e-001
 5.6028324e-001
 5.6072158e-001
 5.6119078e-001
 5.6169045e-001
 5.6221521e-001
 5.6275654e-001
 5.6330568e-001
 5.6385571e-001
 5.6440383e-001
 5.6495148e-001
 5.6550395e-001
 5.6606889e-001
 5.6665349e-001
 5.6726331e-001
 5.6789994e-001
 5.6856078e-001
 5.6923950e-001
 5.6992686e-001
 5.7061285e-001
 5.7128918e-001
 5.7195038e-001
 5.7259631e-001
 5.7323164e-001
 5.7386589e-001
 5.7451236e-001
 5.7518506e-001
 5.7589716e-001
 5.7665771e-001
 5.7746994e-001
 5.7833028e-001
 5.7922769e-001
 5.8014578e-001
 5.8106422e-001
 5.8196199e-001
 5.8282107e-001
 5.8362830e-001
 5.8437812e-001
 5.8507222e-001
 5.8571905e-001
 5.8633202e-001
 5.8692616e-001
 5.8751565e-001
 5.8811235e-001
 5.8872390e-001
 5.8935440e-001
 5.9000498e-001
 5.9067518e-001
 5.9136438e-001
 5.9207189e-001
 5.9279782e-001
 5.9354162e-001
 5.9430218e-001
 5.9507692e-001
 5.9586167e-001
 5.9665138e-001
 5.9744048e-001
 5.9822428e-001
 5.9899980e-001
 5.9976572e-001
 6.0052288e-001
 6.0127258e-001
 6.0201609e-001
 6.0275364e-001
 6.0348284e-001
 6.0419941e-001
 6.0489637e-001
 6.0556519e-001
 6.0619706e-001
 6.0678381e-001
 6.0731900e-001
 6.0779935e-001
 6.0822487e-001
 6.0859948e-001
 6.0893071e-001
 6.0922873e-001
 6.0950589e-001
 6.0977507e-001
 6.1004841e-001
 6.1033577e-001
 6.1064386e-001
 6.1097574e-001
 6.1133051e-001
 6.1170477e-001
 6.1209333e-001
 6.1249101e-001
 6.1289454e-001
 6.1330283e-001
 6.1371762e-001
 6.1414278e-001
 6.1458278e-001
 6.1504120e-001
 6.1551905e-001
 6.1601406e-001
 6.1652052e-001
 6.1702985e-001
 6.1753225e-001
 6.1801791e-001
 6.1847812e-001
 6.1890620e-001
 6.1929715e-001
 6.1964756e-001
 6.1995500e-001
 6.2021756e-001
 6.2043440e-001
 6.2060618e-001
 6.2073624e-001
 6.2083125e-001
 6.2090194e-001
 6.2096232e-001
 6.2102866e-001
 6.2111753e-001
 6.2124318e-001
 6.2141579e-001
 6.2163973e-001
 6.2191296e-001
 6.2222791e-001
 6.2257302e-001
 6.2293500e-001
 6.2330204e-001
 6.2366563e-001
 6.2402272e-001
 6.2437594e-001
 6.2473285e-001
 6.2510377e-001
 6.2549919e-001
 6.2592685e-001
 6.2638974e-001
 6.2688488e-001
 6.2740380e-001
 6.2793398e-001
 6.2846136e-001
 6.2897307e-001
 6.2945884e-001
 6.2991244e-001
 6.3033122e-001
 6.3071531e-001
 6.3106644e-001
 6.3138646e-001
 6.3167703e-001
 6.3193953e-001
 6.3217580e-001
 6.3238889e-001
 6.3258314e-001
 6.3276428e-001
 6.3293862e-001
 6.3311177e-001
 6.3328743e-001
 6.3346660e-001
 6.3364750e-001
 6.3382667e-001
 6.3400012e-001
 6.3416576e-001
 6.3432461e-001
 6.3448209e-001
 6.3464803e-001
 6.3483578e-001
 6.3506025e-001
 6.3533545e-001
 6.3567215e-001
 6.3607550e-001
 6.3654369e-001
 6.3706797e-001
 6.3763320e-001
 6.3821989e-001
 6.3880700e-001
 6.3937461e-001
 6.3990623e-001
 6.4039099e-001
 6.4082396e-001
 6.4120615e-001
 6.4154315e-001
 6.4184380e-001
 6.4211875e-001
 6.4237845e-001
 6.4263278e-001
 6.4289004e-001
 6.4315689e-001
 6.4343810e-001
 6.4373648e-001
 6.4405292e-001
 6.4438629e-001
 6.4473385e-001
 6.4509219e-001
 6.4545774e-001
 6.4582866e-001
 6.4620507e-001
 6.4658993e-001
 6.4698905e-001
 6.4740950e-001
 6.4785832e-001
 6.4834034e-001
 6.4885676e-001
 6.4940399e-001
 6.4997381e-001
 6.5055436e-001
 6.5113229e-001
 6.5169460e-001
 6.5223098e-001
 6.5273476e-001
 6.5320367e-001
 6.5363961e-001
 6.5404725e-001
 6.5443313e-001
 6.5480435e-001
 6.5516752e-001
 6.5552860e-001
 6.5589249e-001
 6.5626347e-001
 6.5664554e-001
 6.5704232e-001
 6.5745747e-001
 6.5789413e-001
 6.5835452e-001
 6.5883940e-001
 6.5934747e-001
 6.5987539e-001
 6.6041762e-001
 6.6096717e-001
 6.6151661e-001
 6.6205859e-001
 6.6258776e-001
 6.6310048e-001
 6.6359586e-001
 6.6407514e-001
 6.6454113e-001
 6.6499740e-001
 6.6544729e-001
 6.6589367e-001
 6.6633892e-001
 6.6678500e-001
 6.6723412e-001
 6.6768879e-001
 6.6815180e-001
 6.6862583e-001
 6.6911227e-001
 6.6961056e-001
 6.7011750e-001
 6.7062718e-001
 6.7113203e-001
 6.7162424e-001
 6.7209744e-001
 6.7254835e-001
 6.7297775e-001
 6.7339075e-001
 6.7379576e-001
 6.7420298e-001
 6.7462295e-001
 6.7506474e-001
 6.7553532e-001
 6.7603868e-001
 6.7657661e-001
 6.7714882e-001
 6.7775333e-001
 6.7838693e-001
 6.7904454e-001
 6.7971945e-001
 6.8040341e-001
 6.8108648e-001
 6.8175876e-001
 6.8241102e-001
 6.8303615e-001
 6.8363035e-001
 6.8419260e-001
 6.8472481e-001
 6.8522948e-001
 6.8570894e-001
 6.8616390e-001
 6.8659353e-001
 6.8699592e-001
 6.8737072e-001
 6.8772036e-001
 6.8805254e-001
 6.8838030e-001
 6.8872112e-001
 6.8909460e-001
 6.8951857e-001
 6.9000584e-001
 6.9056100e-001
 6.9117898e-001
 6.9184601e-001
 6.9254094e-001
 6.9323975e-001
 6.9391841e-001
 6.9455731e-001
 6.9514376e-001
 6.9567305e-001
 6.9614881e-001
 6.9658101e-001
 6.9698387e-001
 6.9737315e-001
 6.9776291e-001
 6.9816333e-001
 6.9857961e-001
 6.9901091e-001
 6.9945186e-001
 6.9989312e-001
 7.0032412e-001
 7.0073557e-001
 7.0112073e-001
 7.0147777e-001
 7.0180982e-001
 7.0212448e-001
 7.0243257e-001
 7.0274556e-001
 7.0307326e-001
 7.0342118e-001
 7.0378888e-001
 7.0416939e-001
 7.0454937e-001
 7.0491081e-001
 7.0523256e-001
 7.0549244e-001
 7.0566863e-001
 7.0573962e-001
 7.0568389e-001
 7.0547813e-001
 7.0509583e-001
 7.0450592e-001
 7.0367342e-001
 7.0256168e-001
 7.0113665e-001
 6.9937503e-001
 6.9727093e-001
 6.9484580e-001
 6.9215411e-001
 6.8928528e-001
 6.8636298e-001
 6.8353391e-001
 6.8095565e-001
 6.7877692e-001
 6.7711741e-001
 6.7605203e-001
 6.7559773e-001
 6.7571098e-001
 6.7629349e-001
 6.7720747e-001
 6.7829740e-001
 6.7941624e-001
 6.8044943e-001
 6.8133521e-001
 6.8207544e-001
 6.8273497e-001
 6.8342984e-001
 6.8430609e-001
 6.8551105e-001
 6.8716645e-001
 6.8934369e-001
 6.9205004e-001
 6.9522774e-001
 6.9876158e-001
 7.0250064e-001
 7.0627898e-001
 7.0994025e-001
 7.1335751e-001
 7.1644139e-001
 7.1914601e-001
 7.2146261e-001
 7.2341180e-001
 7.2503406e-001
 7.2637773e-001
 7.2749323e-001
 7.2842675e-001
 7.2921836e-001
 7.2990203e-001
 7.3050588e-001
 7.3105389e-001
 7.3156691e-001
 7.3206347e-001
 7.3256058e-001
 7.3307282e-001
 7.3361242e-001
 7.3418802e-001
 7.3480380e-001
 7.3545861e-001
 7.3614484e-001
 7.3684883e-001
 7.3755163e-001
 7.3823005e-001
 7.3886025e-001
 7.3941988e-001
 7.3989195e-001
 7.4026781e-001
 7.4054867e-001
 7.4074650e-001
 7.4088252e-001
 7.4098492e-001
 7.4108517e-001
 7.4121302e-001
 7.4139279e-001
 7.4163979e-001
 7.4195808e-001
 7.4234092e-001
 7.4277228e-001
 7.4323046e-001
 7.4369282e-001
 7.4413973e-001
 7.4455863e-001
 7.4494547e-001
 7.4530464e-001
 7.4564713e-001
 7.4598682e-001
 7.4633700e-001
 7.4670708e-001
 7.4710047e-001
 7.4751467e-001
 7.4794161e-001
 7.4837059e-001
 7.4879009e-001
 7.4919021e-001
 7.4956435e-001
 7.4990946e-001
 7.5022608e-001
 7.5051761e-001
 7.5078881e-001
 7.5104547e-001
 7.5129300e-001
 7.5153637e-001
 7.5177979e-001
 7.5202656e-001
 7.5227964e-001
 7.5254184e-001
 7.5281596e-001
 7.5310546e-001
 7.5341439e-001
 7.5374758e-001
 7.5410998e-001
 7.5450611e-001
 7.5493890e-001
 7.5540841e-001
 7.5591093e-001
 7.5643796e-001
 7.5697690e-001
 7.5751209e-001
 7.5802684e-001
 7.5850618e-001
 7.5893939e-001
 7.5932193e-001
 7.5965625e-001
 7.5995094e-001
 7.6021886e-001
 7.6047409e-001
 7.6072901e-001
 7.6099205e-001
 7.6126611e-001
 7.6154876e-001
 7.6183385e-001
 7.6211363e-001
 7.6238126e-001
 7.6263314e-001
 7.6287013e-001
 7.6309800e-001
 7.6332641e-001
 7.6356751e-001
 7.6383346e-001
 7.6413441e-001
 7.6447701e-001
 7.6486284e-001
 7.6528859e-001
 7.6574683e-001
 7.6622689e-001
 7.6671696e-001
 7.6720506e-001
 7.6768047e-001
 7.6813388e-001
 7.6855743e-001
 7.6894420e-001
 7.6928782e-001
 7.6958215e-001
 7.6982188e-001
 7.7000326e-001
 7.7012569e-001
 7.7019310e-001
 7.7021486e-001
 7.7020574e-001
 7.7018464e-001
 7.7017277e-001
 7.7019191e-001
 7.7026314e-001
 7.7040547e-001
 7.7063376e-001
 7.7095658e-001
 7.7137494e-001
 7.7188104e-001
 7.7245903e-001
 7.7308577e-001
 7.7373344e-001
 7.7437210e-001
 7.7497280e-001
 7.7551156e-001
 7.7597100e-001
 7.7634203e-001
 7.7662331e-001
 7.7682102e-001
 7.7694726e-001
 7.7701843e-001
 7.7705359e-001
 7.7707231e-001
 7.7709258e-001
 7.7712858e-001
 7.7718991e-001
 7.7728057e-001
 7.7739978e-001
 7.7754307e-001
 7.7770382e-001
 7.7787536e-001
 7.7805239e-001
 7.7823198e-001
 7.7841353e-001
 7.7859855e-001
 7.7878940e-001
 7.7898848e-001
 7.7919757e-001
 7.7941734e-001
 7.7964675e-001
 7.7988368e-001
 7.8012478e-001
 7.8036684e-001
 7.8060728e-001
 7.8084499e-001
 7.8108078e-001
 7.8131711e-001
 7.8155744e-001
 7.8180498e-001
 7.8206176e-001
 7.8232759e-001
 7.8259993e-001
 7.8287423e-001
 7.8314501e-001
 7.8340673e-001
 7.8365517e-001
 7.8388792e-001
 7.8410482e-001
 7.8430808e-001
 7.8450155e-001
 7.8469038e-001
 7.8487968e-001
 7.8507352e-001
 7.8527433e-001
 7.8548187e-001
 7.8569365e-001
 7.8590506e-001
 7.8611010e-001
 7.8630257e-001
 7.8647691e-001
 7.8662932e-001
 7.8675801e-001
 7.8686380e-001
 7.8694993e-001
 7.8702176e-001
 7.8708595e-001
 7.8715003e-001
 7.8722149e-001
 7.8730732e-001
 7.8741324e-001
 7.8754348e-001
 7.8770024e-001
 7.8788376e-001
 7.8809202e-001
 7.8832096e-001
 7.8856468e-001
 7.8881586e-001
 7.8906643e-001
 7.8930849e-001
 7.8953487e-001
 7.8974026e-001
 7.8992140e-001
 7.9007787e-001
 7.9021180e-001
 7.9032773e-001
 7.9043204e-001
 7.9053217e-001
 7.9063588e-001
 7.9075038e-001
 7.9088181e-001
 7.9103470e-001
 7.9121155e-001
 7.9141283e-001
 7.9163682e-001
 7.9187965e-001
 7.9213566e-001
 7.9239750e-001
 7.9265690e-001
 7.9290509e-001
 7.9313344e-001
 7.9333436e-001
 7.9350179e-001
 7.9363209e-001
 7.9372394e-001
 7.9377884e-001
 7.9380065e-001
 7.9379565e-001
 7.9377156e-001
 7.9373735e-001
 7.9370248e-001
 7.9367632e-001
 7.9366785e-001
 7.9368478e-001
 7.9373378e-001
 7.9381955e-001
 7.9394495e-001
 7.9411083e-001
 7.9431593e-001
 7.9455698e-001
 7.9482901e-001
 7.9512572e-001
 7.9543984e-001
 7.9576349e-001
 7.9608881e-001
 7.9640830e-001
 7.9671496e-001
 7.9700255e-001
 7.9726559e-001
 7.9749912e-001
 7.9769909e-001
 7.9786199e-001
 7.9798484e-001
 7.9806536e-001
 7.9810238e-001
 7.9809594e-001
 7.9804784e-001
 7.9796201e-001
 7.9784465e-001
 7.9770476e-001
 7.9755378e-001
 7.9740530e-001
 7.9727459e-001
 7.9717708e-001
 7.9712772e-001
 7.9713941e-001
 7.9722202e-001
 7.9738134e-001
 7.9761916e-001
 7.9793322e-001
 7.9831761e-001
 7.9876274e-001
 7.9925597e-001
 7.9978192e-001
 8.0032259e-001
 8.0085850e-001
 8.0136901e-001
 8.0183393e-001
 8.0223572e-001
 8.0256110e-001
 8.0280334e-001
 8.0296421e-001
 8.0305481e-001
 8.0309540e-001
 8.0311388e-001
 8.0314302e-001
 8.0321664e-001
 8.0336493e-001
 8.0361056e-001
 8.0396456e-001
 8.0442417e-001
 8.0497235e-001
 8.0557871e-001
 8.0620283e-001
 8.0679852e-001
 8.0731899e-001
 8.0772233e-001
 8.0797571e-001
 8.0805886e-001
 8.0796546e-001
 8.0770326e-001
 8.0729216e-001
 8.0676180e-001
 8.0614811e-001
 8.0548996e-001
 8.0482662e-001
 8.0419481e-001
 8.0362779e-001
 8.0315381e-001
 8.0279541e-001
 8.0256939e-001
 8.0248570e-001
 8.0254775e-001
 8.0275160e-001
 8.0308622e-001
 8.0353367e-001
 8.0407059e-001
 8.0466920e-001
 8.0529940e-001
 8.0593181e-001
 8.0653888e-001
 8.0709803e-001
 8.0759203e-001
 8.0801034e-001
 8.0834872e-001
 8.0860835e-001
 8.0879474e-001
 8.0891615e-001
 8.0898196e-001
 8.0900145e-001
 8.0898285e-001
 8.0893260e-001
 8.0885547e-001
 8.0875444e-001
 8.0863106e-001
 8.0848610e-001
 8.0831999e-001
 8.0813330e-001
 8.0792713e-001
 8.0770326e-001
 8.0746448e-001
 8.0721462e-001
 8.0695844e-001
 8.0670214e-001
 8.0645275e-001
 8.0621862e-001
 8.0600917e-001
 8.0583441e-001
 8.0570489e-001
 8.0563074e-001
 8.0562091e-001
 8.0568230e-001
 8.0581850e-001
 8.0602944e-001
 8.0631042e-001
 8.0665249e-001
 8.0704272e-001
 8.0746561e-001
 8.0790412e-001
 8.0834180e-001
 8.0876404e-001
 8.0915958e-001
 8.0952168e-001
 8.0984783e-001
 8.1014019e-001
 8.1040448e-001
 8.1064844e-001
 8.1088054e-001
 8.1110805e-001
 8.1133556e-001
 8.1156403e-001
 8.1179047e-001
 8.1200862e-001
 8.1220961e-001
 8.1238359e-001
 8.1252086e-001
 8.1261307e-001
 8.1265396e-001
 8.1263977e-001
 8.1256950e-001
 8.1244516e-001
 8.1227231e-001
 8.1205934e-001
 8.1181669e-001
 8.1155610e-001
 8.1128913e-001
 8.1102622e-001
 8.1077540e-001
 8.1054175e-001
 8.1032759e-001
 8.1011283e-001
 8.0993891e-001
 8.0977851e-001
 8.0962789e-001
 8.0948418e-001
 8.0934596e-001
 8.0921376e-001
 8.0908990e-001
 8.0897778e-001
 8.0888176e-001
 8.0880600e-001
 8.0875480e-001
 8.0873156e-001
 8.0873853e-001
 8.0877566e-001
 8.0884051e-001
 8.0892783e-001
 8.0902976e-001
 8.0913651e-001
 8.0923718e-001
 8.0932027e-001
 8.0937457e-001
 8.0938971e-001
 8.0935764e-001
 8.0927396e-001
 8.0913943e-001
 8.0896062e-001
 8.0874938e-001
 8.0852127e-001
 8.0829418e-001
 8.0808687e-001
 8.0791807e-001
 8.0780506e-001
 8.0776256e-001
 8.0780047e-001
 8.0792254e-001
 8.0812550e-001
 8.0839998e-001
 8.0873173e-001
 8.0910408e-001
 8.0949885e-001
 8.0989766e-001
 8.1028283e-001
 8.1063807e-001
 8.1094986e-001
 8.1120831e-001
 8.1140739e-001
 8.1154490e-001
 8.1162101e-001
 8.1163782e-001
 8.1159806e-001
 8.1150490e-001
 8.1136191e-001
 8.1117332e-001
 8.1094402e-001
 8.1068045e-001
 8.1039006e-001
 8.1008172e-001
 8.0976534e-001
 8.0945092e-001
 8.0914903e-001
 8.0886978e-001
 8.0862266e-001
 8.0841547e-001
 8.0825347e-001
 8.0813807e-001
 8.0806690e-001
 8.0803376e-001
 8.0802989e-001
 8.0804497e-001
 8.0806786e-001
 8.0808747e-001
 8.0809325e-001
 8.0807602e-001
 8.0802900e-001
 8.0794835e-001
 8.0783385e-001
 8.0768842e-001
 8.0751717e-001
 8.0732667e-001
 8.0712408e-001
 8.0691683e-001
 8.0671179e-001
 8.0651522e-001
 8.0633193e-001
 8.0616510e-001
 8.0601561e-001
 8.0588275e-001
 8.0576438e-001
 8.0565751e-001
 8.0555874e-001
 8.0546474e-001
 8.0537200e-001
 8.0527711e-001
 8.0517709e-001
 8.0506897e-001
 8.0495042e-001
 8.0481917e-001
 8.0467331e-001
 8.0451107e-001
 8.0433077e-001
 8.0413091e-001
 8.0391037e-001
 8.0366874e-001
 8.0340707e-001
 8.0312788e-001
 8.0283576e-001
 8.0253696e-001
 8.0223900e-001
 8.0195016e-001
 8.0167902e-001
 8.0143398e-001
 8.0122304e-001
 8.0105293e-001
 8.0092835e-001
 8.0085129e-001
 8.0082077e-001
 8.0083293e-001
 8.0088204e-001
 8.0096120e-001
 8.0106282e-001
 8.0117923e-001
 8.0130303e-001
 8.0142730e-001
 8.0154604e-001
 8.0165446e-001
 8.0174929e-001
 8.0182844e-001
 8.0189079e-001
 8.0193579e-001
 8.0196309e-001
 8.0197275e-001
 8.0196476e-001
 8.0193967e-001
 8.0189854e-001
 8.0184323e-001
 8.0177641e-001
 8.0170166e-001
 8.0162305e-001
 8.0154508e-001
 8.0147231e-001
 8.0140936e-001
 8.0136073e-001
 8.0133057e-001
 8.0132270e-001
 8.0134016e-001
 8.0138522e-001
 8.0145961e-001
 8.0156451e-001
 8.0170089e-001
 8.0186927e-001
 8.0207014e-001
 8.0230355e-001
 8.0256844e-001
 8.0286235e-001
 8.0318058e-001
 8.0351633e-001
 8.0386043e-001
 8.0420250e-001
 8.0453092e-001
 8.0483389e-001
 8.0509979e-001
 8.0531740e-001
 8.0547714e-001
 8.0557179e-001
 8.0559731e-001
 8.0555332e-001
 8.0544275e-001
 8.0527073e-001
 8.0504411e-001
 8.0477029e-001
 8.0445695e-001
 8.0411208e-001
 8.0374378e-001
 8.0336046e-001
 8.0297089e-001
 8.0258417e-001
 8.0220991e-001
 8.0185789e-001
 8.0153799e-001
 8.0126017e-001
 8.0103368e-001
 8.0086690e-001
 8.0076569e-001
 8.0073202e-001
 8.0076241e-001
 8.0084765e-001
 8.0097300e-001
 8.0111992e-001
 8.0126750e-001
 8.0139387e-001
 8.0147737e-001
 8.0149812e-001
 8.0143952e-001
 8.0129105e-001
 8.0105007e-001
 8.0072296e-001
 8.0032390e-001
 7.9987323e-001
 7.9939455e-001
 7.9891324e-001
 7.9845446e-001
 7.9804260e-001
 7.9769856e-001
 7.9743844e-001
 7.9727143e-001
 7.9719907e-001
 7.9721606e-001
 7.9731208e-001
 7.9747361e-001
 7.9768592e-001
 7.9793388e-001
 7.9820257e-001
 7.9847842e-001
 7.9874992e-001
 7.9900813e-001
 7.9924732e-001
 7.9946440e-001
 7.9965842e-001
 7.9982948e-001
 7.9997844e-001
 8.0010635e-001
 8.0021405e-001
 8.0030239e-001
 8.0037177e-001
 8.0042225e-001
 8.0045319e-001
 8.0046362e-001
 8.0045217e-001
 8.0041736e-001
 8.0035746e-001
 8.0027103e-001
 8.0015689e-001
 8.0001444e-001
 7.9984415e-001
 7.9964805e-001
 7.9942983e-001
 7.9919451e-001
 7.9894835e-001
 7.9869813e-001
 7.9845089e-001
 7.9821324e-001
 7.9799128e-001
 7.9778904e-001
 7.9760748e-001
 7.9744363e-001
 7.9728973e-001
 7.9713398e-001
 7.9696149e-001
 7.9675573e-001
 7.9649925e-001
 7.9617542e-001
 7.9576910e-001
 7.9526943e-001
 7.9467195e-001
 7.9398173e-001
 7.9321355e-001
 7.9239118e-001
 7.9154557e-001
 7.9071116e-001
 7.8992391e-001
 7.8921992e-001
 7.8863204e-001
 7.8818721e-001
 7.8790218e-001
 7.8778017e-001
 7.8780884e-001
 7.8796232e-001
 7.8820443e-001
 7.8849310e-001
 7.8878361e-001
 7.8903121e-001
 7.8919375e-001
 7.8923517e-001
 7.8912961e-001
 7.8886497e-001
 7.8844440e-001
 7.8788483e-001
 7.8721362e-001
 7.8646392e-001
 7.8567153e-001
 7.8487319e-001
 7.8410339e-001
 7.8339267e-001
 7.8276515e-001
 7.8223515e-001
 7.8180671e-001
 7.8147453e-001
 7.8122663e-001
 7.8104663e-001
 7.8091627e-001
 7.8081709e-001
 7.8073096e-001
 7.8064191e-001
 7.8053695e-001
 7.8040737e-001
 7.8024942e-001
 7.8006339e-001
 7.7985311e-001
 7.7962399e-001
 7.7938241e-001
 7.7913535e-001
 7.7888942e-001
 7.7865124e-001
 7.7842689e-001
 7.7822191e-001
 7.7804101e-001
 7.7788854e-001
 7.7776825e-001
 7.7768362e-001
 7.7763796e-001
 7.7763444e-001
 7.7767587e-001
 7.7776426e-001
 7.7790052e-001
 7.7808416e-001
 7.7831286e-001
 7.7858269e-001
 7.7888864e-001
 7.7922505e-001
 7.7958602e-001
 7.7996528e-001
 7.8035688e-001
 7.8075528e-001
 7.8115499e-001
 7.8155142e-001
 7.8194076e-001
 7.8231955e-001
 7.8268504e-001
 7.8303480e-001
 7.8336620e-001
 7.8367734e-001
 7.8396630e-001
 7.8423220e-001
 7.8447515e-001
 7.8469706e-001
 7.8490180e-001
 7.8509462e-001
 7.8528231e-001
 7.8547233e-001
 7.8567207e-001
 7.8588909e-001
 7.8612995e-001
 7.8639930e-001
 7.8669858e-001
 7.8702527e-001
 7.8737205e-001
 7.8772724e-001
 7.8807622e-001
 7.8840268e-001
 7.8868914e-001
 7.8891873e-001
 7.8907567e-001
 7.8914708e-001
 7.8912485e-001
 7.8900725e-001
 7.8879964e-001
 7.8851408e-001
 7.8816718e-001
 7.8777826e-001
 7.8736818e-001
 7.8695744e-001
 7.8656512e-001
 7.8620732e-001
 7.8589451e-001
 7.8562999e-001
 7.8540874e-001
 7.8521866e-001
 7.8504211e-001
 7.8485811e-001
 7.8464472e-001
 7.8437996e-001
 7.8404355e-001
 7.8361988e-001
 7.8310001e-001
 7.8248435e-001
 7.8178453e-001
 7.8102112e-001
 7.8022200e-001
 7.7941883e-001
 7.7864569e-001
 7.7793604e-001
 7.7732110e-001
 7.7682769e-001
 7.7647406e-001
 7.7626735e-001
 7.7620250e-001
 7.7626330e-001
 7.7642530e-001
 7.7665919e-001
 7.7693337e-001
 7.7721596e-001
 7.7747643e-001
 7.7768719e-001
 7.7782613e-001
 7.7787828e-001
 7.7783674e-001
 7.7770185e-001
 7.7747929e-001
 7.7717787e-001
 7.7680820e-001
 7.7638137e-001
 7.7590883e-001
 7.7540255e-001
 7.7487475e-001
 7.7433813e-001
 7.7380651e-001
 7.7329385e-001
 7.7281463e-001
 7.7238381e-001
 7.7201599e-001
 7.7172524e-001
 7.7152431e-001
 7.7142292e-001
 7.7142555e-001
 7.7153009e-001
 7.7172673e-001
 7.7199882e-001
 7.7232474e-001
 7.7267987e-001
 7.7303827e-001
 7.7337408e-001
 7.7366304e-001
 7.7388382e-001
 7.7402079e-001
 7.7406573e-001
 7.7401859e-001
 7.7388686e-001
 7.7368349e-001
 7.7342463e-001
 7.7312797e-001
 7.7281117e-001
 7.7249110e-001
 7.7218169e-001
 7.7189255e-001
 7.7162713e-001
 7.7138263e-001
 7.7114975e-001
 7.7091491e-001
 7.7066207e-001
 7.7037382e-001
 7.7003282e-001
 7.6962310e-001
 7.6913124e-001
 7.6854861e-001
 7.6787263e-001
 7.6710820e-001
 7.6626611e-001
 7.6536161e-001
 7.6441348e-001
 7.6344097e-001
 7.6246309e-001
 7.6149827e-001
 7.6056093e-001
 7.5965995e-001
 7.5879741e-001
 7.5796646e-001
 7.5715297e-001
 7.5633717e-001
 7.5549656e-001
 7.5460684e-001
 7.5364363e-001
 7.5258529e-001
 7.5141370e-001
 7.5011748e-001
 7.4869603e-001
 7.4715829e-001
 7.4552298e-001
 7.4381554e-001
 7.4206674e-001
 7.4030799e-001
 7.3857009e-001
 7.3688239e-001
 7.3526710e-001
 7.3373616e-001
 7.3228884e-001
 7.3090798e-001
 7.2956288e-001
 7.2821331e-001
 7.2681230e-001
 7.2531039e-001
 7.2365737e-001
 7.2180641e-001
 7.1971399e-001
 7.1734434e-001
 7.1467429e-001
 7.1169078e-001
 7.0839143e-001
 7.0478415e-001
 7.0087922e-001
 6.9669038e-001
 6.9223160e-001
 6.8752176e-001
 6.8257922e-001
 6.7742646e-001
 6.7209554e-001
 6.6662157e-001
 6.6104507e-001
 6.5541512e-001
 6.4977956e-001
 6.4418763e-001
 6.3869399e-001
 6.3335145e-001
 6.2821847e-001
 6.2335932e-001
 6.1885130e-001
 6.1477858e-001
 6.1123520e-001
 6.0832453e-001
 6.0615122e-001
 6.0482121e-001
 6.0443729e-001
 6.0508996e-001
 6.0684669e-001
 6.0973638e-001
 6.1373264e-001
 6.1875200e-001
 6.2465882e-001
 6.3127387e-001
 6.3839895e-001
 6.4582586e-001
 6.5334046e-001
 6.6074210e-001
 6.6784787e-001
 6.7450941e-001
 6.8061835e-001
 6.8612063e-001
 6.9100654e-001
 6.9529605e-001
 6.9903237e-001
 7.0226783e-001
 7.0505577e-001
 7.0745158e-001
 7.0950717e-001
 7.1126747e-001
 7.1277136e-001
 7.1404856e-001
 7.1512175e-001
 7.1600693e-001
 7.1671760e-001
 7.1726537e-001
 7.1766037e-001
 7.1791208e-001
 7.1802813e-001
 7.1801311e-001
 7.1786803e-001
 7.1758938e-001
 7.1716964e-001
 7.1659887e-001
 7.1586484e-001
 7.1495450e-001
 7.1385515e-001
 7.1255368e-001
 7.1103740e-001
 7.0929575e-001
 7.0731866e-001
 7.0509809e-001
 7.0262921e-001
 6.9990689e-001
 6.9692725e-001
 6.9368654e-001
 6.9018525e-001
 6.8642533e-001
 6.8241584e-001
 6.7818034e-001
 6.7375481e-001
 6.6919219e-001
 6.6456467e-001
 6.5995330e-001
 6.5544784e-001
 6.5113991e-001
 6.4712417e-001
 6.4349067e-001
 6.4032716e-001
 6.3772053e-001
 6.3580191e-001
 6.3490081e-001
 6.3440108e-001
 6.3450831e-001
 6.3516390e-001
 6.3630950e-001
 6.3788694e-001
 6.3983709e-001
 6.4210188e-001
 6.4462292e-001
 6.4734161e-001
 6.5020281e-001
 6.5317112e-001
 6.5622550e-001
 6.5934426e-001
 6.6250658e-001
 6.6568911e-001
 6.6887110e-001
 6.7203069e-001
 6.7514724e-001
 6.7819738e-001
 6.8116033e-001
 6.8401426e-001
 6.8673831e-001
 6.8930942e-001
 6.9170845e-001
 6.9393182e-001
 6.9598478e-001
 6.9787306e-001
 6.9960117e-001
 7.0117486e-001
 7.0259941e-001
 7.0388055e-001
 7.0502287e-001
 7.0603216e-001
 7.0691359e-001
 7.0767272e-001
 7.0831460e-001
 7.0884460e-001
 7.0926815e-001
 7.0959055e-001
 7.0981717e-001
 7.0995325e-001
 7.1000409e-001
 7.0997542e-001
 7.0987254e-001
 7.0970130e-001
 7.0946711e-001
 7.0917577e-001
 7.0883250e-001
 7.0844334e-001
 7.0801365e-001
 7.0754910e-001
 7.0705515e-001
 7.0653737e-001
 7.0600164e-001
 7.0545334e-001
 7.0489812e-001
 7.0434147e-001
 7.0378900e-001
 7.0324653e-001
 7.0271945e-001
 7.0221335e-001
 7.0173401e-001
 7.0128673e-001
 7.0087689e-001
 7.0050567e-001
 7.0017260e-001
 6.9987702e-001
 6.9961822e-001
 6.9939578e-001
 6.9920886e-001
 6.9905686e-001
 6.9893944e-001
 6.9885558e-001
 6.9880491e-001
 6.9878674e-001
 6.9880044e-001
 6.9884545e-001
 6.9892108e-001
 6.9902676e-001
 6.9916177e-001
 6.9932568e-001
 6.9951761e-001
 6.9973719e-001
 6.9998360e-001
 7.0025635e-001
 7.0055479e-001
 7.0087826e-001
 7.0122623e-001
 7.0159793e-001
 7.0199275e-001
 7.0240951e-001
 7.0284659e-001
 7.0330238e-001
 7.0377553e-001
 7.0426428e-001
 7.0476741e-001
 7.0528293e-001
 7.0580965e-001
 7.0634592e-001
 7.0689040e-001
 7.0744109e-001
 7.0799690e-001
 7.0855600e-001
 7.0911711e-001
 7.0967841e-001
 7.1023864e-001
 7.1079594e-001
 7.1134919e-001
 7.1189648e-001
 7.1243644e-001
 7.1296740e-001
 7.1348798e-001
 7.1399671e-001
 7.1449184e-001
 7.1497190e-001
 7.1543533e-001
 7.1588081e-001
 7.1630645e-001
 7.1671081e-001
 7.1709275e-001
 7.1745193e-001
 7.1778870e-001
 7.1810341e-001
