s07_ASD Record=1849: Beryl GDS9 <150um gs          BECKb AREF
 4.5548171e-001
 4.5754975e-001
 4.5963395e-001
 4.6170595e-001
 4.6374705e-001
 4.6575284e-001
 4.6772915e-001
 4.6968117e-001
 4.7160354e-001
 4.7347620e-001
 4.7526854e-001
 4.7694823e-001
 4.7849026e-001
 4.7988549e-001
 4.8115283e-001
 4.8234329e-001
 4.8352575e-001
 4.8476219e-001
 4.8608789e-001
 4.8750338e-001
 4.8897970e-001
 4.9047592e-001
 4.9196044e-001
 4.9342254e-001
 4.9487188e-001
 4.9632916e-001
 4.9781352e-001
 4.9933323e-001
 5.0088829e-001
 5.0248092e-001
 5.0411755e-001
 5.0580484e-001
 5.0754380e-001
 5.0932801e-001
 5.1113892e-001
 5.1294887e-001
 5.1473397e-001
 5.1648176e-001
 5.1819319e-001
 5.1987737e-001
 5.2154458e-001
 5.2320194e-001
 5.2485311e-001
 5.2649939e-001
 5.2813816e-001
 5.2975959e-001
 5.3134578e-001
 5.3287727e-001
 5.3434354e-001
 5.3575164e-001
 5.3712559e-001
 5.3849667e-001
 5.3989232e-001
 5.4132903e-001
 5.4281324e-001
 5.4434639e-001
 5.4592824e-001
 5.4755390e-001
 5.4921246e-001
 5.5088013e-001
 5.5249536e-001
 5.5401134e-001
 5.5540782e-001
 5.5665529e-001
 5.5773377e-001
 5.5870378e-001
 5.5965942e-001
 5.6067395e-001
 5.6179148e-001
 5.6302392e-001
 5.6435817e-001
 5.6577432e-001
 5.6726110e-001
 5.6881779e-001
 5.7044721e-001
 5.7215023e-001
 5.7392389e-001
 5.7576388e-001
 5.7766634e-001
 5.7962936e-001
 5.8165574e-001
 5.8375651e-001
 5.8595276e-001
 5.8826882e-001
 5.9071809e-001
 5.9328520e-001
 5.9591663e-001
 5.9852839e-001
 6.0103011e-001
 6.0335922e-001
 6.0550582e-001
 6.0751718e-001
 6.0947198e-001
 6.1143994e-001
 6.1344916e-001
 6.1548084e-001
 6.1749047e-001
 6.1943197e-001
 6.2126261e-001
 6.2293315e-001
 6.2439942e-001
 6.2566203e-001
 6.2679368e-001
 6.2791783e-001
 6.2913728e-001
 6.3045543e-001
 6.3176835e-001
 6.3294530e-001
 6.3392568e-001
 6.3476121e-001
 6.3558137e-001
 6.3651526e-001
 6.3762039e-001
 6.3885444e-001
 6.4010328e-001
 6.4124215e-001
 6.4218539e-001
 6.4289665e-001
 6.4338100e-001
 6.4370251e-001
 6.4401537e-001
 6.4454073e-001
 6.4544970e-001
 6.4673465e-001
 6.4819998e-001
 6.4960438e-001
 6.5083295e-001
 6.5194815e-001
 6.5308326e-001
 6.5427804e-001
 6.5540189e-001
 6.5623647e-001
 6.5665537e-001
 6.5674758e-001
 6.5677488e-001
 6.5700459e-001
 6.5755558e-001
 6.5835303e-001
 6.5918940e-001
 6.5985078e-001
 6.6025311e-001
 6.6050011e-001
 6.6079801e-001
 6.6128421e-001
 6.6192019e-001
 6.6253859e-001
 6.6299057e-001
 6.6326791e-001
 6.6350538e-001
 6.6385305e-001
 6.6431320e-001
 6.6470575e-001
 6.6483498e-001
 6.6471022e-001
 6.6458040e-001
 6.6473264e-001
 6.6526943e-001
 6.6608769e-001
 6.6703874e-001
 6.6804796e-001
 6.6906154e-001
 6.6994494e-001
 6.7053181e-001
 6.7080247e-001
 6.7096597e-001
 6.7131364e-001
 6.7198062e-001
 6.7284924e-001
 6.7366576e-001
 6.7422616e-001
 6.7446727e-001
 6.7445803e-001
 6.7437142e-001
 6.7443568e-001
 6.7481220e-001
 6.7546332e-001
 6.7616409e-001
 6.7668748e-001
 6.7699587e-001
 6.7725325e-001
 6.7764449e-001
 6.7817140e-001
 6.7862630e-001
 6.7879748e-001
 6.7871982e-001
 6.7868662e-001
 6.7897385e-001
 6.7959392e-001
 6.8036973e-001
 6.8116421e-001
 6.8191153e-001
 6.8249828e-001
 6.8281871e-001
 6.8298018e-001
 6.8329978e-001
 6.8400592e-001
 6.8498939e-001
 6.8589044e-001
 6.8641430e-001
 6.8656009e-001
 6.8657607e-001
 6.8672335e-001
 6.8708825e-001
 6.8760139e-001
 6.8819153e-001
 6.8885690e-001
 6.8956727e-001
 6.9019252e-001
 6.9063044e-001
 6.9094449e-001
 6.9125742e-001
 6.9159216e-001
 6.9198537e-001
 6.9265801e-001
 6.9380355e-001
 6.9520152e-001
 6.9628870e-001
 6.9671613e-001
 6.9672763e-001
 6.9691151e-001
 6.9761473e-001
 6.9867635e-001
 6.9974756e-001
 7.0071161e-001
 7.0164227e-001
 7.0253044e-001
 7.0334917e-001
 7.0427853e-001
 7.0550621e-001
 7.0681298e-001
 7.0767546e-001
 7.0785147e-001
 7.0767152e-001
 7.0770365e-001
 7.0822543e-001
 7.0902967e-001
 7.0967972e-001
 7.0993495e-001
 7.0996010e-001
 7.1014106e-001
 7.1068543e-001
 7.1142018e-001
 7.1202034e-001
 7.1236944e-001
 7.1258456e-001
 7.1275347e-001
 7.1283054e-001
 7.1283501e-001
 7.1304703e-001
 7.1384329e-001
 7.1524692e-001
 7.1678090e-001
 7.1787590e-001
 7.1829104e-001
 7.1815377e-001
 7.1781504e-001
 7.1765488e-001
 7.1780509e-001
 7.1815223e-001
 7.1862179e-001
 7.1908265e-001
 7.1919554e-001
 7.1888292e-001
 7.1854073e-001
 7.1835715e-001
 7.1799153e-001
 7.1728432e-001
 7.1673954e-001
 7.1690303e-001
 7.1764249e-001
 7.1841580e-001
 7.1892756e-001
 7.1921110e-001
 7.1934277e-001
 7.1931779e-001
 7.1912050e-001
 7.1882993e-001
 7.1858978e-001
 7.1843147e-001
 7.1824616e-001
 7.1799314e-001
 7.1781641e-001
 7.1793401e-001
 7.1843046e-001
 7.1912068e-001
 7.1959525e-001
 7.1951115e-001
 7.1898317e-001
 7.1844679e-001
 7.1805751e-001
 7.1756536e-001
 7.1684051e-001
 7.1609372e-001
 7.1546918e-001
 7.1489888e-001
 7.1447122e-001
 7.1435982e-001
 7.1424866e-001
 7.1358156e-001
 7.1263307e-001
 7.1243119e-001
 7.1325839e-001
 7.1418411e-001
 7.1446359e-001
 7.1444499e-001
 7.1473199e-001
 7.1529841e-001
 7.1577108e-001
 7.1594334e-001
 7.1571231e-001
 7.1495306e-001
 7.1373463e-001
 7.1242815e-001
 7.1142519e-001
 7.1084583e-001
 7.1054858e-001
 7.1032405e-001
 7.1003062e-001
 7.0960242e-001
 7.0900112e-001
 7.0819139e-001
 7.0719641e-001
 7.0616335e-001
 7.0529366e-001
 7.0466703e-001
 7.0414525e-001
 7.0348662e-001
 7.0261782e-001
 7.0180786e-001
 7.0149618e-001
 7.0186216e-001
 7.0254344e-001
 7.0283478e-001
 7.0223284e-001
 7.0082080e-001
 6.9913924e-001
 6.9771683e-001
 6.9672275e-001
 6.9598830e-001
 6.9525135e-001
 6.9435263e-001
 6.9328803e-001
 6.9219118e-001
 6.9129103e-001
 6.9078606e-001
 6.9062608e-001
 6.9039905e-001
 6.8956721e-001
 6.8795055e-001
 6.8600714e-001
 6.8454796e-001
 6.8403995e-001
 6.8411976e-001
 6.8384159e-001
 6.8276620e-001
 6.8139160e-001
 6.8045914e-001
 6.7993546e-001
 6.7878312e-001
 6.7641199e-001
 6.7367840e-001
 6.7166269e-001
 6.7032564e-001
 6.6915071e-001
 6.6819704e-001
 6.6776657e-001
 6.6770196e-001
 6.6757679e-001
 6.6715467e-001
 6.6631657e-001
 6.6489381e-001
 6.6291285e-001
 6.6076702e-001
 6.5884107e-001
 6.5713269e-001
 6.5543354e-001
 6.5369403e-001
 6.5207845e-001
 6.5076298e-001
 6.4969683e-001
 6.4859378e-001
 6.4725536e-001
 6.4579910e-001
 6.4444709e-001
 6.4326924e-001
 6.4225930e-001
 6.4142269e-001
 6.4058936e-001
 6.3937467e-001
 6.3761592e-001
 6.3564730e-001
 6.3387394e-001
 6.3230157e-001
 6.3070494e-001
 6.2903136e-001
 6.2750065e-001
 6.2632340e-001
 6.2541366e-001
 6.2439358e-001
 6.2279695e-001
 6.2086749e-001
 6.1967933e-001
 6.1962903e-001
 6.1986589e-001
 6.1943823e-001
 6.1803359e-001
 6.1589223e-001
 6.1342436e-001
 6.1099362e-001
 6.0887492e-001
 6.0721171e-001
 6.0585678e-001
 6.0440409e-001
 6.0254008e-001
 6.0046500e-001
 5.9886318e-001
 5.9831369e-001
 5.9863204e-001
 5.9890270e-001
 5.9822220e-001
 5.9640092e-001
 5.9398270e-001
 5.9168977e-001
 5.8995861e-001
 5.8889228e-001
 5.8842391e-001
 5.8835691e-001
 5.8835441e-001
 5.8799905e-001
 5.8722329e-001
 5.8591139e-001
 5.8445603e-001
 5.8309293e-001
 5.8194691e-001
 5.8109903e-001
 5.8063018e-001
 5.8058542e-001
 5.8077377e-001
 5.8090931e-001
 5.8070582e-001
 5.7992858e-001
 5.7868087e-001
 5.7720298e-001
 5.7573527e-001
 5.7448965e-001
 5.7348400e-001
 5.7265800e-001
 5.7195121e-001
 5.7130986e-001
 5.7072300e-001
 5.7011580e-001
 5.6966943e-001
 5.6929702e-001
 5.6896347e-001
 5.6859392e-001
 5.6811154e-001
 5.6743956e-001
 5.6650686e-001
 5.6536555e-001
 5.6419086e-001
 5.6316286e-001
 5.6246203e-001
 5.6225950e-001
 5.6252545e-001
 5.6303138e-001
 5.6354046e-001
 5.6381595e-001
 5.6363034e-001
 5.6296563e-001
 5.6200916e-001
 5.6095642e-001
 5.6000370e-001
 5.5934650e-001
 5.5913061e-001
 5.5930763e-001
 5.5978203e-001
 5.6045818e-001
 5.6124067e-001
 5.6203371e-001
 5.6275970e-001
 5.6340921e-001
 5.6398928e-001
 5.6450695e-001
 5.6496948e-001
-1.2300000e+034
-1.2300000e+034
 5.6609607e-001
 5.6640822e-001
 5.6670058e-001
 5.6698006e-001
 5.6725383e-001
 5.6752890e-001
-1.2300000e+034
-1.2300000e+034
 5.6843293e-001
 5.6878412e-001
 5.6917202e-001
 5.6960368e-001
 5.7008624e-001
 5.7062674e-001
 5.7123214e-001
 5.7190973e-001
 5.7266235e-001
 5.7347834e-001
 5.7434171e-001
 5.7523727e-001
 5.7614946e-001
 5.7706279e-001
 5.7796168e-001
 5.7883078e-001
 5.7965839e-001
 5.8044785e-001
 5.8120543e-001
 5.8193785e-001
 5.8265173e-001
 5.8335340e-001
 5.8404952e-001
 5.8474654e-001
 5.8545119e-001
 5.8616972e-001
 5.8690876e-001
 5.8767492e-001
 5.8847380e-001
 5.8930761e-001
 5.9017801e-001
 5.9108633e-001
 5.9203416e-001
 5.9302312e-001
 5.9405446e-001
 5.9513009e-001
 5.9625113e-001
 5.9741944e-001
 5.9863621e-001
 5.9990335e-001
 6.0122007e-001
 6.0257995e-001
 6.0397428e-001
 6.0539502e-001
 6.0683352e-001
 6.0828179e-001
 6.0973108e-001
 6.1117351e-001
 6.1260033e-001
 6.1400330e-001
 6.1537433e-001
 6.1670631e-001
 6.1799836e-001
 6.1925012e-001
 6.2046188e-001
 6.2163347e-001
 6.2276512e-001
 6.2385643e-001
 6.2490785e-001
 6.2591892e-001
 6.2689006e-001
 6.2782252e-001
 6.2872285e-001
 6.2959909e-001
 6.3045865e-001
 6.3130939e-001
 6.3215894e-001
 6.3301522e-001
 6.3388574e-001
 6.3477832e-001
 6.3570064e-001
 6.3665706e-001
 6.3763994e-001
 6.3863957e-001
 6.3964558e-001
 6.4064825e-001
 6.4163744e-001
 6.4260316e-001
 6.4353555e-001
 6.4442444e-001
 6.4526010e-001
 6.4603764e-001
 6.4677155e-001
 6.4747965e-001
 6.4818025e-001
 6.4889109e-001
 6.4963055e-001
 6.5041643e-001
 6.5126705e-001
 6.5220004e-001
 6.5322477e-001
 6.5431935e-001
 6.5545583e-001
 6.5660632e-001
 6.5774262e-001
 6.5883702e-001
 6.5986133e-001
 6.6078776e-001
 6.6159481e-001
 6.6228276e-001
 6.6285658e-001
 6.6332102e-001
 6.6368079e-001
 6.6394097e-001
 6.6410613e-001
 6.6418117e-001
 6.6417885e-001
 6.6413730e-001
 6.6409987e-001
 6.6411012e-001
 6.6421127e-001
 6.6444695e-001
 6.6486049e-001
 6.6549522e-001
 6.6637421e-001
 6.6745353e-001
 6.6867679e-001
 6.6989869e-001
 6.7121965e-001
 6.7250645e-001
 6.7371243e-001
 6.7481625e-001
 6.7581457e-001
 6.7671555e-001
 6.7753243e-001
 6.7827922e-001
 6.7896521e-001
 6.7958754e-001
 6.8012786e-001
 6.8055630e-001
 6.8083930e-001
 6.8094927e-001
 6.8088049e-001
 6.8066913e-001
 6.8039936e-001
 6.8019170e-001
 6.8018109e-001
 6.8049252e-001
 6.8120849e-001
 6.8233442e-001
 6.8378663e-001
 6.8541205e-001
 6.8702513e-001
 6.8844420e-001
 6.8952662e-001
 6.9019866e-001
 6.9046438e-001
 6.9039047e-001
 6.9007838e-001
 6.8963975e-001
 6.8917882e-001
 6.8878227e-001
 6.8851554e-001
 6.8842596e-001
 6.8854612e-001
 6.8889338e-001
 6.8946415e-001
 6.9087237e-001
 6.9139391e-001
 6.9194758e-001
 6.9250846e-001
 6.9305533e-001
 6.9357359e-001
 6.9405675e-001
 6.9450682e-001
 6.9493276e-001
 6.9534796e-001
 6.9576615e-001
 6.9619775e-001
 6.9664681e-001
 6.9711012e-001
 6.9757903e-001
 6.9804305e-001
 6.9849312e-001
 6.9892478e-001
 6.9933909e-001
 6.9974220e-001
 7.0014364e-001
 7.0055336e-001
 7.0097971e-001
 7.0142716e-001
 7.0189559e-001
 7.0238006e-001
 7.0287073e-001
 7.0335460e-001
 7.0381755e-001
 7.0424724e-001
 7.0463622e-001
 7.0498282e-001
 7.0529157e-001
 7.0557237e-001
 7.0583832e-001
 7.0610416e-001
 7.0638347e-001
 7.0668685e-001
 7.0702082e-001
 7.0738691e-001
 7.0778292e-001
 7.0820343e-001
 7.0864171e-001
 7.0909148e-001
 7.0954770e-001
 7.1000731e-001
 7.1046931e-001
 7.1093374e-001
 7.1140176e-001
 7.1187413e-001
 7.1235180e-001
 7.1283525e-001
 7.1332490e-001
 7.1382195e-001
 7.1432763e-001
 7.1484375e-001
 7.1537155e-001
 7.1591139e-001
 7.1646166e-001
 7.1701860e-001
 7.1757644e-001
 7.1812773e-001
 7.1866494e-001
 7.1918172e-001
 7.1967387e-001
 7.2014070e-001
 7.2058529e-001
 7.2101355e-001
 7.2143382e-001
 7.2185475e-001
 7.2228372e-001
 7.2272551e-001
 7.2318083e-001
 7.2364658e-001
 7.2411621e-001
 7.2458118e-001
 7.2503322e-001
 7.2546595e-001
 7.2587693e-001
 7.2626787e-001
 7.2664511e-001
 7.2701794e-001
 7.2739691e-001
 7.2779185e-001
 7.2820944e-001
 7.2865236e-001
 7.2911870e-001
 7.2960222e-001
 7.3009342e-001
 7.3058140e-001
 7.3105514e-001
 7.3150510e-001
 7.3192436e-001
 7.3230892e-001
 7.3265803e-001
 7.3297364e-001
 7.3325962e-001
 7.3352116e-001
 7.3376369e-001
 7.3399240e-001
 7.3421133e-001
 7.3442370e-001
 7.3463166e-001
 7.3483670e-001
 7.3504019e-001
 7.3524398e-001
 7.3545069e-001
 7.3566383e-001
 7.3588747e-001
 7.3612535e-001
 7.3638028e-001
 7.3665255e-001
 7.3693985e-001
 7.3723632e-001
 7.3753399e-001
 7.3782319e-001
 7.3809499e-001
 7.3834240e-001
 7.3856199e-001
 7.3875457e-001
 7.3892438e-001
 7.3907793e-001
 7.3922241e-001
 7.3936373e-001
 7.3950529e-001
 7.3964775e-001
 7.3978937e-001
 7.3992753e-001
 7.4005985e-001
 7.4018520e-001
 7.4030364e-001
 7.4041510e-001
 7.4051702e-001
 7.4060118e-001
 7.4065053e-001
 7.4063724e-001
 7.4052316e-001
 7.4026275e-001
 7.3980987e-001
 7.3912686e-001
 7.3819482e-001
 7.3702407e-001
 7.3566008e-001
 7.3418522e-001
 7.3271316e-001
 7.3137623e-001
 7.3030919e-001
 7.2962934e-001
 7.2942042e-001
 7.2972018e-001
 7.3051620e-001
 7.3174989e-001
 7.3332769e-001
 7.3513561e-001
 7.3705584e-001
 7.3898166e-001
 7.4082631e-001
 7.4252957e-001
 7.4405640e-001
 7.4539423e-001
 7.4654740e-001
 7.4753034e-001
 7.4836296e-001
 7.4906605e-001
 7.4965984e-001
 7.5016302e-001
 7.5059313e-001
 7.5096703e-001
 7.5130171e-001
 7.5161350e-001
 7.5191742e-001
 7.5222570e-001
 7.5254631e-001
 7.5288242e-001
 7.5323182e-001
 7.5358880e-001
 7.5394553e-001
 7.5429451e-001
 7.5463092e-001
 7.5495338e-001
 7.5526428e-001
 7.5556827e-001
 7.5587010e-001
 7.5617278e-001
 7.5647515e-001
 7.5677156e-001
 7.5705218e-001
 7.5730467e-001
 7.5751698e-001
 7.5767982e-001
 7.5778931e-001
 7.5784850e-001
 7.5786734e-001
 7.5786191e-001
 7.5785232e-001
 7.5785971e-001
 7.5790340e-001
 7.5799787e-001
 7.5815111e-001
 7.5836325e-001
 7.5862688e-001
 7.5892848e-001
 7.5925028e-001
 7.5957298e-001
 7.5987810e-001
 7.6015013e-001
 7.6037842e-001
 7.6055735e-001
 7.6068664e-001
 7.6077068e-001
 7.6081741e-001
 7.6083708e-001
 7.6084059e-001
 7.6083857e-001
 7.6084000e-001
 7.6085150e-001
 7.6087707e-001
 7.6091766e-001
 7.6097178e-001
 7.6103598e-001
 7.6110560e-001
 7.6117563e-001
 7.6124173e-001
 7.6130056e-001
 7.6135045e-001
 7.6139140e-001
 7.6142454e-001
 7.6145184e-001
 7.6147556e-001
 7.6149738e-001
 7.6151806e-001
 7.6153749e-001
 7.6155430e-001
 7.6156682e-001
 7.6157296e-001
 7.6157141e-001
 7.6156199e-001
 7.6154602e-001
 7.6152670e-001
 7.6150888e-001
 7.6149857e-001
 7.6150239e-001
 7.6152647e-001
 7.6157552e-001
 7.6165175e-001
 7.6175433e-001
 7.6187891e-001
 7.6201791e-001
 7.6216096e-001
 7.6229626e-001
 7.6241189e-001
 7.6249754e-001
 7.6254606e-001
 7.6255471e-001
 7.6252556e-001
 7.6246572e-001
 7.6238644e-001
 7.6230150e-001
 7.6222551e-001
 7.6217198e-001
 7.6215172e-001
 7.6217109e-001
 7.6223201e-001
 7.6233166e-001
 7.6246351e-001
 7.6261866e-001
 7.6278734e-001
 7.6296020e-001
 7.6312882e-001
 7.6328641e-001
 7.6342672e-001
 7.6354349e-001
 7.6362938e-001
 7.6367587e-001
 7.6367337e-001
 7.6361239e-001
 7.6348591e-001
 7.6329100e-001
 7.6303083e-001
 7.6271522e-001
 7.6236027e-001
 7.6198632e-001
 7.6161522e-001
 7.6126760e-001
 7.6095980e-001
 7.6070189e-001
 7.6049745e-001
 7.6034367e-001
 7.6023328e-001
 7.6015610e-001
 7.6010138e-001
 7.6005965e-001
 7.6002359e-001
 7.5998890e-001
 7.5995392e-001
 7.5991929e-001
 7.5988704e-001
 7.5985974e-001
 7.5983953e-001
 7.5982744e-001
 7.5982296e-001
 7.5982374e-001
 7.5982606e-001
 7.5982511e-001
 7.5981563e-001
 7.5979316e-001
 7.5975436e-001
 7.5969803e-001
 7.5962502e-001
 7.5953799e-001
 7.5944102e-001
 7.5933844e-001
 7.5923425e-001
 7.5913161e-001
 7.5903273e-001
 7.5893927e-001
 7.5885320e-001
 7.5877714e-001
 7.5871497e-001
 7.5867110e-001
 7.5864953e-001
 7.5865197e-001
 7.5867653e-001
 7.5871611e-001
 7.5875813e-001
 7.5878561e-001
 7.5877935e-001
 7.5872046e-001
 7.5859410e-001
 7.5839168e-001
 7.5811303e-001
 7.5776619e-001
 7.5736672e-001
 7.5693476e-001
 7.5649220e-001
 7.5605887e-001
 7.5564897e-001
 7.5526881e-001
 7.5491488e-001
 7.5457329e-001
 7.5422066e-001
 7.5382584e-001
 7.5335264e-001
 7.5276315e-001
 7.5202090e-001
 7.5109446e-001
 7.4995977e-001
 7.4860239e-001
 7.4701822e-001
 7.4521261e-001
 7.4320072e-001
 7.4100405e-001
 7.3865068e-001
 7.3617291e-001
 7.3360533e-001
 7.3098630e-001
 7.2835499e-001
 7.2575325e-001
 7.2322309e-001
 7.2080421e-001
 7.1853328e-001
 7.1643901e-001
 7.1454161e-001
 7.1285123e-001
 7.1136802e-001
 7.1008623e-001
 7.0899677e-001
 7.0809144e-001
 7.0736629e-001
 7.0682162e-001
 7.0646089e-001
 7.0628643e-001
 7.0629454e-001
 7.0647073e-001
 7.0678651e-001
 7.0719886e-001
 7.0765197e-001
 7.0808154e-001
 7.0841807e-001
 7.0859027e-001
 7.0852482e-001
 7.0814335e-001
 7.0735633e-001
 7.0605659e-001
 7.0411289e-001
 7.0137036e-001
 6.9765776e-001
 6.9280362e-001
 6.8666601e-001
 6.7916787e-001
 6.7033076e-001
 6.6031331e-001
 6.4941972e-001
 6.3810259e-001
 6.2692755e-001
 6.1651355e-001
 6.0746866e-001
 6.0030371e-001
 5.9537351e-001
 5.9282994e-001
 5.9261113e-001
 5.9446621e-001
 5.9800482e-001
 6.0276288e-001
 6.0827112e-001
 6.1411685e-001
 6.1997890e-001
 6.2565053e-001
 6.3103145e-001
 6.3611102e-001
 6.4094204e-001
 6.4560682e-001
 6.5019560e-001
 6.5478212e-001
 6.5941334e-001
 6.6410601e-001
 6.6884428e-001
 6.7358679e-001
 6.7827630e-001
 6.8284416e-001
 6.8722367e-001
 6.9135338e-001
 6.9518405e-001
 6.9868350e-001
 7.0183468e-001
 7.0463800e-001
 7.0710701e-001
 7.0926660e-001
 7.1115100e-001
 7.1279985e-001
 7.1425802e-001
 7.1557307e-001
 7.1679497e-001
 7.1797490e-001
 7.1916229e-001
 7.2040266e-001
 7.2173309e-001
 7.2317874e-001
 7.2474980e-001
 7.2643888e-001
 7.2822142e-001
 7.3005867e-001
 7.3190022e-001
 7.3369122e-001
 7.3537660e-001
 7.3690695e-001
 7.3824239e-001
 7.3935318e-001
 7.4021989e-001
 7.4083012e-001
 7.4117553e-001
 7.4124837e-001
 7.4103981e-001
 7.4054050e-001
 7.3974472e-001
 7.3865646e-001
 7.3729682e-001
 7.3571205e-001
 7.3397660e-001
 7.3219448e-001
 7.3049349e-001
 7.2901392e-001
 7.2789580e-001
 7.2726202e-001
 7.2720373e-001
 7.2776961e-001
 7.2895992e-001
 7.3072612e-001
 7.3297727e-001
 7.3559177e-001
 7.3842931e-001
 7.4134839e-001
 7.4421793e-001
 7.4692959e-001
 7.4940610e-001
 7.5160193e-001
 7.5350410e-001
 7.5512481e-001
 7.5649530e-001
 7.5765699e-001
 7.5865269e-001
 7.5952077e-001
 7.6029038e-001
 7.6098013e-001
 7.6159936e-001
 7.6215035e-001
 7.6263279e-001
 7.6304698e-001
 7.6339662e-001
 7.6368994e-001
 7.6393855e-001
 7.6415545e-001
 7.6435184e-001
 7.6453483e-001
 7.6470536e-001
 7.6485866e-001
 7.6498538e-001
 7.6507473e-001
 7.6511675e-001
 7.6510519e-001
 7.6503837e-001
 7.6491964e-001
 7.6475644e-001
 7.6455921e-001
 7.6434094e-001
 7.6411670e-001
 7.6390415e-001
 7.6372367e-001
 7.6359808e-001
 7.6355070e-001
 7.6360255e-001
 7.6376808e-001
 7.6405168e-001
 7.6444435e-001
 7.6492351e-001
 7.6545435e-001
 7.6599407e-001
 7.6649845e-001
 7.6692837e-001
 7.6725709e-001
 7.6747310e-001
 7.6757920e-001
 7.6759022e-001
 7.6752847e-001
 7.6742011e-001
 7.6729226e-001
 7.6717049e-001
 7.6707572e-001
 7.6702267e-001
 7.6701915e-001
 7.6706648e-001
 7.6716095e-001
 7.6729506e-001
 7.6745909e-001
 7.6764160e-001
 7.6783109e-001
 7.6801640e-001
 7.6818782e-001
 7.6833761e-001
 7.6846033e-001
 7.6855332e-001
 7.6861602e-001
 7.6865041e-001
 7.6866013e-001
 7.6864988e-001
 7.6862514e-001
 7.6859128e-001
 7.6855379e-001
 7.6851797e-001
 7.6848930e-001
 7.6847357e-001
 7.6847684e-001
 7.6850474e-001
 7.6856118e-001
 7.6864678e-001
 7.6875770e-001
 7.6888424e-001
 7.6901090e-001
 7.6911658e-001
 7.6917565e-001
 7.6915997e-001
 7.6904255e-001
 7.6880169e-001
 7.6842606e-001
 7.6791918e-001
 7.6730180e-001
 7.6661146e-001
 7.6589942e-001
 7.6522404e-001
 7.6464266e-001
 7.6420301e-001
 7.6393521e-001
 7.6384914e-001
 7.6393580e-001
 7.6417142e-001
 7.6452309e-001
 7.6495498e-001
 7.6543295e-001
 7.6592821e-001
 7.6641852e-001
 7.6688844e-001
 7.6732874e-001
 7.6773423e-001
 7.6810187e-001
 7.6842827e-001
 7.6870877e-001
 7.6893657e-001
 7.6910359e-001
 7.6920110e-001
 7.6922202e-001
 7.6916236e-001
 7.6902258e-001
 7.6880866e-001
 7.6853192e-001
 7.6820827e-001
 7.6785678e-001
 7.6749760e-001
 7.6715028e-001
 7.6683187e-001
 7.6655543e-001
 7.6632982e-001
 7.6615906e-001
 7.6604354e-001
 7.6598024e-001
 7.6596415e-001
 7.6598901e-001
 7.6604831e-001
 7.6613575e-001
 7.6624548e-001
 7.6637226e-001
 7.6651144e-001
 7.6665872e-001
 7.6680976e-001
 7.6696038e-001
 7.6710624e-001
 7.6724285e-001
 7.6736540e-001
 7.6746929e-001
 7.6754981e-001
 7.6760280e-001
 7.6762450e-001
 7.6761210e-001
 7.6756430e-001
 7.6748139e-001
 7.6736563e-001
 7.6722181e-001
 7.6705712e-001
 7.6688075e-001
 7.6670361e-001
 7.6653725e-001
 7.6639301e-001
 7.6628059e-001
 7.6620692e-001
 7.6617563e-001
 7.6618654e-001
 7.6623583e-001
 7.6631677e-001
 7.6642108e-001
 7.6654029e-001
 7.6666671e-001
 7.6679516e-001
 7.6692271e-001
 7.6704931e-001
 7.6717663e-001
 7.6730675e-001
 7.6744121e-001
 7.6757926e-001
 7.6771700e-001
 7.6784712e-001
 7.6795942e-001
 7.6804185e-001
 7.6808244e-001
 7.6807171e-001
 7.6800466e-001
 7.6788223e-001
 7.6771206e-001
 7.6750737e-001
 7.6728475e-001
 7.6706177e-001
 7.6685393e-001
 7.6667225e-001
 7.6652151e-001
 7.6639956e-001
 7.6629710e-001
 7.6619858e-001
 7.6608449e-001
 7.6593441e-001
 7.6573092e-001
 7.6546329e-001
 7.6513100e-001
 7.6474494e-001
 7.6432759e-001
 7.6391065e-001
 7.6353127e-001
 7.6322734e-001
 7.6303208e-001
 7.6297015e-001
 7.6305419e-001
 7.6328462e-001
 7.6365089e-001
 7.6413357e-001
 7.6470649e-001
 7.6533902e-001
 7.6599854e-001
 7.6665151e-001
 7.6726496e-001
 7.6780725e-001
 7.6824963e-001
 7.6856822e-001
 7.6874506e-001
 7.6877052e-001
 7.6864421e-001
 7.6837629e-001
 7.6798713e-001
 7.6750588e-001
 7.6696831e-001
 7.6641321e-001
 7.6587898e-001
 7.6539975e-001
 7.6500243e-001
 7.6470441e-001
 7.6451248e-001
 7.6442331e-001
 7.6442462e-001
 7.6449752e-001
 7.6461893e-001
 7.6476449e-001
 7.6491058e-001
 7.6503634e-001
 7.6512486e-001
 7.6516336e-001
 7.6514399e-001
 7.6506323e-001
 7.6492178e-001
 7.6472425e-001
 7.6447916e-001
 7.6419801e-001
 7.6389527e-001
 7.6358718e-001
 7.6329088e-001
 7.6302302e-001
 7.6279795e-001
 7.6262647e-001
 7.6251435e-001
 7.6246172e-001
 7.6246262e-001
 7.6250571e-001
 7.6257539e-001
 7.6265353e-001
 7.6272154e-001
 7.6276213e-001
 7.6276124e-001
 7.6270926e-001
 7.6260161e-001
 7.6243854e-001
 7.6222503e-001
 7.6196939e-001
 7.6168233e-001
 7.6137578e-001
 7.6106179e-001
 7.6075166e-001
 7.6045549e-001
 7.6018119e-001
 7.5993472e-001
 7.5971919e-001
 7.5953478e-001
 7.5937814e-001
 7.5924236e-001
 7.5911677e-001
 7.5898737e-001
 7.5883764e-001
 7.5864959e-001
 7.5840557e-001
 7.5809020e-001
 7.5769180e-001
 7.5720441e-001
 7.5662851e-001
 7.5597107e-001
 7.5524509e-001
 7.5446779e-001
 7.5365889e-001
 7.5283754e-001
 7.5201988e-001
 7.5121719e-001
 7.5043422e-001
 7.4966848e-001
 7.4891162e-001
 7.4814993e-001
 7.4736762e-001
 7.4654907e-001
 7.4568111e-001
 7.4475586e-001
 7.4377179e-001
 7.4273449e-001
 7.4165654e-001
 7.4055582e-001
 7.3945397e-001
 7.3837322e-001
 7.3733431e-001
 7.3635393e-001
 7.3544228e-001
 7.3460293e-001
 7.3383307e-001
 7.3312479e-001
 7.3246670e-001
 7.3184508e-001
 7.3124564e-001
 7.3065424e-001
 7.3005784e-001
 7.2944456e-001
 7.2880358e-001
 7.2812569e-001
 7.2740293e-001
 7.2662789e-001
 7.2579378e-001
 7.2489297e-001
 7.2391677e-001
 7.2285515e-001
 7.2169542e-001
 7.2042358e-001
 7.1920800e-001
 7.1768212e-001
 7.1599257e-001
 7.1412218e-001
 7.1205759e-001
 7.0978999e-001
 7.0731789e-001
 7.0464575e-001
 7.0178092e-001
 6.9873428e-001
 6.9551629e-001
 6.9213903e-001
 6.8861556e-001
 6.8495953e-001
 6.8118864e-001
 6.7732447e-001
 6.7339134e-001
 6.6941941e-001
 6.6544014e-001
 6.6148835e-001
 6.5759969e-001
 6.5380865e-001
 6.5015078e-001
 6.4665806e-001
 6.4336067e-001
 6.4028388e-001
 6.3744670e-001
 6.3486499e-001
 6.3254964e-001
 6.3051045e-001
 6.2875593e-001
 6.2729293e-001
 6.2612724e-001
 6.2526101e-001
 6.2469119e-001
 6.2440777e-001
 6.2439263e-001
 6.2462068e-001
 6.2506133e-001
 6.2568104e-001
 6.2644470e-001
 6.2731707e-001
 6.2826347e-001
 6.2925106e-001
 6.3025045e-001
 6.3123608e-001
 6.3218772e-001
 6.3308907e-001
 6.3392711e-001
 6.3469088e-001
 6.3537014e-001
 6.3595557e-001
 6.3643777e-001
 6.3680816e-001
 6.3705921e-001
 6.3718438e-001
 6.3717884e-001
 6.3703877e-001
 6.3676143e-001
 6.3634455e-001
 6.3578641e-001
 6.3508534e-001
 6.3424063e-001
 6.3325286e-001
 6.3212425e-001
 6.3086033e-001
 6.2946987e-001
 6.2796378e-001
 6.2635589e-001
 6.2466002e-001
 6.2288982e-001
 6.2105471e-001
 6.1915261e-001
 6.1715972e-001
 6.1501414e-001
 6.1260378e-001
 6.0976082e-001
 6.0626578e-001
 6.0186362e-001
 5.9627640e-001
 5.8922231e-001
 5.8043265e-001
 5.6967682e-001
 5.5681515e-001
 5.4184639e-001
 5.2496904e-001
 5.0659877e-001
 4.8733994e-001
 4.6794692e-001
 4.4925860e-001
 4.3214160e-001
 4.1746294e-001
 4.0602475e-001
 3.9850774e-001
 3.9537802e-001
 3.9681205e-001
 4.0266699e-001
 4.1251302e-001
 4.2570552e-001
 4.4147140e-001
 4.5898560e-001
 4.7740597e-001
 4.9593034e-001
 5.1382834e-001
 5.3050345e-001
 5.4554683e-001
 5.5874342e-001
 5.7006675e-001
 5.7961953e-001
 5.8758569e-001
 5.9419042e-001
 5.9966791e-001
 6.0425198e-001
 6.0815817e-001
 6.1157399e-001
 6.1464888e-001
 6.1748761e-001
 6.2015593e-001
 6.2269157e-001
 6.2511355e-001
 6.2743366e-001
 6.2965906e-001
 6.3179553e-001
 6.3384849e-001
 6.3582116e-001
 6.3771588e-001
 6.3953233e-001
 6.4126861e-001
 6.4292216e-001
 6.4448875e-001
 6.4596468e-001
 6.4734560e-001
 6.4862740e-001
 6.4980692e-001
 6.5088123e-001
 6.5184915e-001
 6.5271038e-001
 6.5346569e-001
 6.5411711e-001
 6.5466690e-001
 6.5511781e-001
 6.5547299e-001
 6.5573680e-001
 6.5591538e-001
 6.5601832e-001
 6.5605962e-001
 6.5605843e-001
 6.5603828e-001
 6.5602589e-001
 6.5605015e-001
 6.5614045e-001
 6.5632588e-001
 6.5663326e-001
 6.5708548e-001
 6.5769792e-001
 6.5847611e-001
 6.5941507e-001
 6.6049951e-001
 6.6170764e-001
 6.6301274e-001
 6.6438639e-001
 6.6580051e-001
 6.6722852e-001
 6.6864806e-001
 6.7004460e-001
 6.7141265e-001
 6.7275840e-001
 6.7409736e-001
 6.7545229e-001
 6.7685062e-001
 6.7832094e-001
 6.7989242e-001
 6.8159097e-001
 6.8343681e-001
 6.8544149e-001
 6.8760252e-001
 6.8990433e-001
 6.9231749e-001
 6.9480318e-001
 6.9731772e-001
 6.9981396e-001
 7.0224577e-001
 7.0456868e-001
 7.0674384e-001
 7.0874274e-001
 7.1054888e-001
 7.1216083e-001
 7.1358949e-001
 7.1485543e-001
 7.1598524e-001
 7.1700776e-001
 7.1795195e-001
 7.1884561e-001
 7.1971178e-001
 7.2056717e-001
 7.2141838e-001
 7.2226179e-001
 7.2308427e-001
 7.2386551e-001
 7.2458148e-001
 7.2520584e-001
 7.2571301e-001
 7.2607934e-001
 7.2628665e-001
 7.2632557e-001
 7.2619867e-001
 7.2592193e-001
 7.2552311e-001
 7.2503877e-001
 7.2451115e-001
 7.2398418e-001
 7.2350192e-001
 7.2310627e-001
 7.2283304e-001
 7.2270882e-001
 7.2274745e-001
 7.2294837e-001
 7.2329837e-001
 7.2377485e-001
 7.2434914e-001
 7.2499031e-001
 7.2566682e-001
 7.2634763e-001
 7.2700447e-001
 7.2761309e-001
 7.2815454e-001
 7.2861648e-001
 7.2899210e-001
 7.2927833e-001
 7.2947514e-001
 7.2958344e-001
 7.2960484e-001
 7.2954148e-001
 7.2939622e-001
 7.2917289e-001
 7.2887719e-001
 7.2851622e-001
 7.2809869e-001
 7.2763467e-001
 7.2713453e-001
 7.2660911e-001
 7.2606909e-001
 7.2552508e-001
 7.2498649e-001
 7.2446132e-001
 7.2395575e-001
 7.2347367e-001
 7.2301674e-001
 7.2258568e-001
 7.2217995e-001
 7.2179860e-001
 7.2144085e-001
 7.2110593e-001
 7.2079360e-001
 7.2050434e-001
 7.2024012e-001
 7.2000372e-001
 7.1979940e-001
 7.1963221e-001
 7.1950746e-001
 7.1943074e-001
 7.1940756e-001
 7.1944255e-001
 7.1953875e-001
 7.1969682e-001
 7.1991360e-001
 7.2018230e-001
 7.2049266e-001
 7.2083151e-001
 7.2118443e-001
 7.2153658e-001
 7.2187293e-001
 7.2218019e-001
 7.2244775e-001
 7.2267020e-001
 7.2284830e-001
 7.2299051e-001
 7.2311193e-001
 7.2323227e-001
 7.2337431e-001
 7.2356194e-001
 7.2381878e-001
 7.2416621e-001
 7.2462153e-001
 7.2519386e-001
 7.2588259e-001
 7.2667545e-001
 7.2755039e-001
 7.2847688e-001
 7.2942078e-001
 7.3034590e-001
 7.3121572e-001
 7.3199630e-001
 7.3265898e-001
 7.3318309e-001
 7.3355997e-001
 7.3379380e-001
 7.3390025e-001
 7.3390341e-001
 7.3383278e-001
 7.3371983e-001
 7.3359650e-001
 7.3349309e-001
 7.3343599e-001
 7.3344529e-001
 7.3353243e-001
 7.3369896e-001
 7.3393786e-001
 7.3423553e-001
 7.3457468e-001
 7.3493624e-001
 7.3530036e-001
 7.3564827e-001
 7.3596263e-001
 7.3622888e-001
 7.3643649e-001
 7.3657924e-001
 7.3665458e-001
 7.3666316e-001
 7.3660707e-001
 7.3648936e-001
 7.3631334e-001
 7.3608238e-001
 7.3579937e-001
 7.3546714e-001
 7.3508751e-001
 7.3466182e-001
 7.3419094e-001
 7.3367506e-001
 7.3311400e-001
 7.3250812e-001
 7.3185724e-001
 7.3116213e-001
 7.3042423e-001
 7.2964740e-001
 7.2883725e-001
 7.2800219e-001
 7.2715354e-001
 7.2630376e-001
 7.2546649e-001
 7.2465628e-001
 7.2388721e-001
 7.2317290e-001
 7.2252584e-001
 7.2195709e-001
 7.2147459e-001
 7.2108370e-001
 7.2078735e-001
 7.2058636e-001
 7.2048050e-001
 7.2046888e-001
 7.2055012e-001
 7.2072208e-001
 7.2098088e-001
 7.2132045e-001
 7.2173119e-001
 7.2219998e-001
 7.2271013e-001
 7.2324258e-001
 7.2377706e-001
 7.2429228e-001
 7.2476757e-001
 7.2518378e-001
 7.2552419e-001
 7.2577739e-001
 7.2593850e-001
 7.2600996e-001
 7.2600091e-001
 7.2592533e-001
 7.2580010e-001
 7.2564352e-001
 7.2547388e-001
 7.2530848e-001
 7.2516215e-001
 7.2504580e-001
 7.2496468e-001
 7.2491789e-001
 7.2489911e-001
 7.2489786e-001
 7.2490120e-001
 7.2489524e-001
 7.2486591e-001
 7.2480011e-001
 7.2468662e-001
 7.2451782e-001
 7.2429073e-001
 7.2400755e-001
 7.2367525e-001
 7.2330409e-001
 7.2290647e-001
 7.2249591e-001
 7.2208601e-001
 7.2169018e-001
 7.2132128e-001
 7.2099066e-001
 7.2070819e-001
 7.2048181e-001
 7.2031784e-001
 7.2022122e-001
 7.2019625e-001
 7.2024673e-001
 7.2037601e-001
 7.2058678e-001
 7.2088015e-001
 7.2125494e-001
 7.2170687e-001
 7.2222781e-001
 7.2280663e-001
 7.2343004e-001
 7.2408277e-001
 7.2474945e-001
 7.2541440e-001
 7.2606289e-001
 7.2668082e-001
 7.2725683e-001
 7.2778231e-001
 7.2825176e-001
 7.2866285e-001
 7.2901541e-001
 7.2931039e-001
 7.2954959e-001
 7.2973502e-001
 7.2986883e-001
 7.2995335e-001
 7.2999114e-001
 7.2998512e-001
 7.2993857e-001
 7.2985506e-001
 7.2973847e-001
 7.2959274e-001
 7.2942203e-001
 7.2923058e-001
 7.2902322e-001
 7.2880548e-001
 7.2858429e-001
 7.2836846e-001
 7.2816908e-001
 7.2799891e-001
 7.2787213e-001
 7.2780371e-001
 7.2780883e-001
 7.2790200e-001
 7.2809589e-001
 7.2839928e-001
 7.2881454e-001
 7.2933531e-001
 7.2994524e-001
 7.3061955e-001
 7.3132706e-001
 7.3203224e-001
 7.3269844e-001
 7.3328948e-001
 7.3377085e-001
 7.3411363e-001
 7.3429757e-001
 7.3431391e-001
 7.3416722e-001
 7.3387367e-001
 7.3345798e-001
 7.3295033e-001
 7.3238301e-001
 7.3178869e-001
 7.3119903e-001
 7.3064226e-001
 7.3014122e-001
 7.2971165e-001
 7.2936094e-001
 7.2908908e-001
 7.2889084e-001
 7.2875762e-001
 7.2867924e-001
 7.2864497e-001
 7.2864389e-001
 7.2866541e-001
 7.2869927e-001
 7.2873563e-001
 7.2876537e-001
 7.2877991e-001
 7.2877109e-001
 7.2873092e-001
 7.2865164e-001
 7.2852582e-001
 7.2834665e-001
 7.2810864e-001
 7.2780824e-001
 7.2744507e-001
 7.2702146e-001
 7.2654289e-001
 7.2601694e-001
 7.2545236e-001
 7.2485834e-001
 7.2424412e-001
 7.2361863e-001
 7.2298938e-001
 7.2236156e-001
 7.2173822e-001
 7.2111857e-001
 7.2049928e-001
 7.1987516e-001
 7.1923947e-001
 7.1858495e-001
 7.1790504e-001
 7.1719342e-001
 7.1644592e-001
 7.1566135e-001
 7.1484351e-001
 7.1400046e-001
 7.1314454e-001
 7.1229196e-001
 7.1146023e-001
 7.1066749e-001
 7.0993215e-001
 7.0927054e-001
 7.0869535e-001
 7.0821339e-001
 7.0782357e-001
 7.0751560e-001
 7.0727086e-001
 7.0706522e-001
 7.0687068e-001
 7.0665789e-001
 7.0639783e-001
 7.0606387e-001
 7.0563436e-001
 7.0509630e-001
 7.0444864e-001
 7.0370305e-001
 7.0288265e-001
 7.0201987e-001
 7.0115173e-001
 7.0031726e-001
 6.9955599e-001
 6.9890410e-001
 6.9839162e-001
 6.9803876e-001
 6.9785112e-001
 6.9781893e-001
 6.9791836e-001
 6.9811517e-001
 6.9836915e-001
 6.9863755e-001
 6.9887727e-001
 6.9904816e-001
 6.9911575e-001
 6.9905561e-001
 6.9885671e-001
 6.9852287e-001
 6.9807142e-001
 6.9752997e-001
 6.9693208e-001
 6.9631392e-001
 6.9571239e-001
 6.9516182e-001
 6.9469160e-001
 6.9432271e-001
 6.9406366e-001
 6.9390988e-001
 6.9384497e-001
 6.9384456e-001
 6.9387931e-001
 6.9391835e-001
 6.9393086e-001
 6.9388801e-001
 6.9376510e-001
 6.9354403e-001
 6.9321531e-001
 6.9277883e-001
 6.9224381e-001
 6.9162607e-001
 6.9094610e-001
 6.9022608e-001
 6.8948925e-001
 6.8875831e-001
 6.8805510e-001
 6.8740141e-001
 6.8683606e-001
 6.8646359e-001
 6.8605083e-001
 6.8570071e-001
 6.8540037e-001
 6.8513733e-001
 6.8489909e-001
 6.8467319e-001
 6.8444693e-001
 6.8420780e-001
 6.8394333e-001
 6.8364185e-001
 6.8330091e-001
 6.8292290e-001
 6.8251044e-001
 6.8206578e-001
 6.8159151e-001
 6.8109024e-001
 6.8056417e-001
 6.8001592e-001
 6.7944807e-001
 6.7886299e-001
 6.7826319e-001
 6.7765093e-001
 6.7702907e-001
 6.7639965e-001
 6.7576289e-001
 6.7511767e-001
 6.7446291e-001
 6.7379785e-001
 6.7312133e-001
 6.7243236e-001
 6.7172986e-001
 6.7101294e-001
 6.7028052e-001
 6.6953164e-001
 6.6876513e-001
 6.6798019e-001
 6.6717571e-001
 6.6635072e-001
 6.6550422e-001
 6.6463494e-001
 6.6374213e-001
 6.6282493e-001
 6.6188294e-001
 6.6091573e-001
 6.5992403e-001
 6.5890753e-001
 6.5786618e-001
 6.5679967e-001
 6.5570885e-001
 6.5459311e-001
 6.5345269e-001
 6.5228742e-001
 6.5109718e-001
 6.4988256e-001
 6.4864314e-001
 6.4737910e-001
 6.4609003e-001
 6.4477652e-001
 6.4343846e-001
 6.4207560e-001
 6.4068782e-001
 6.3927567e-001
 6.3783896e-001
 6.3637757e-001
 6.3489068e-001
 6.3337833e-001
 6.3183939e-001
 6.3027328e-001
 6.2867928e-001
 6.2705624e-001
 6.2540436e-001
 6.2372243e-001
 6.2200987e-001
 6.2026548e-001
 6.1848944e-001
 6.1668068e-001
 6.1483830e-001
 6.1296153e-001
 6.1105025e-001
 6.0910344e-001
 6.0712045e-001
 6.0510051e-001
 6.0304242e-001
 6.0094655e-001
 5.9881169e-001
 5.9663713e-001
 5.9442163e-001
 5.9216565e-001
 5.8986783e-001
 5.8752775e-001
 5.8514637e-001
 5.8272725e-001
 5.8027238e-001
 5.7778400e-001
 5.7526469e-001
 5.7271636e-001
 5.7014257e-001
 5.6754512e-001
 5.6492656e-001
 5.6228870e-001
 5.5963516e-001
 5.5696791e-001
 5.5428928e-001
 5.5160117e-001
 5.4890722e-001
 5.4620939e-001
 5.4350996e-001
 5.4081076e-001
 5.3811568e-001
 5.3542644e-001
 5.3274542e-001
 5.3007513e-001
 5.2741742e-001
 5.2477592e-001
 5.2215254e-001
 5.1954967e-001
 5.1696920e-001
 5.1441485e-001
 5.1188833e-001
 5.0939184e-001
 5.0692391e-001
 5.0448370e-001
 5.0206858e-001
