s07_ASD Record=4285: Galena S26-39                 BECKb AREF
 7.8634188e-002
 7.9108350e-002
 7.9616323e-002
 8.0101885e-002
 8.0511369e-002
 8.0812097e-002
 8.0999002e-002
 8.1088647e-002
 8.1108488e-002
 8.1086874e-002
 8.1046492e-002
 8.1002481e-002
 8.0963336e-002
 8.0932528e-002
 8.0909930e-002
 8.0893584e-002
 8.0881529e-002
 8.0872931e-002
 8.0868125e-002
 8.0867939e-002
 8.0872558e-002
 8.0880217e-002
 8.0886491e-002
 8.0884516e-002
 8.0866046e-002
 8.0822945e-002
 8.0749579e-002
 8.0645092e-002
 8.0513306e-002
 8.0360681e-002
 8.0195114e-002
 8.0024868e-002
 7.9857625e-002
 7.9700261e-002
 7.9557456e-002
 7.9428747e-002
 7.9308473e-002
 7.9188541e-002
 7.9061717e-002
 7.8924231e-002
 7.8775965e-002
 7.8618728e-002
 7.8454509e-002
 7.8284919e-002
 7.8111850e-002
 7.7937797e-002
 7.7765509e-002
 7.7597439e-002
 7.7436104e-002
 7.7284858e-002
 7.7147968e-002
 7.7028871e-002
 7.6927595e-002
 7.6839693e-002
 7.6758146e-002
 7.6676801e-002
 7.6593213e-002
 7.6509081e-002
 7.6427691e-002
 7.6351695e-002
 7.6275714e-002
 7.6188199e-002
 7.6082245e-002
 7.5949848e-002
 7.5784691e-002
 7.5598828e-002
 7.5412013e-002
 7.5237684e-002
 7.5080924e-002
 7.4939288e-002
 7.4806929e-002
 7.4680001e-002
 7.4557938e-002
 7.4439928e-002
 7.4321143e-002
 7.4192628e-002
 7.4045829e-002
 7.3878787e-002
 7.3699512e-002
 7.3523879e-002
 7.3368736e-002
 7.3243745e-002
 7.3146574e-002
 7.3064268e-002
 7.2980344e-002
 7.2883502e-002
 7.2772890e-002
 7.2656989e-002
 7.2547495e-002
 7.2452083e-002
 7.2370045e-002
 7.2292149e-002
 7.2204024e-002
 7.2091468e-002
 7.1946293e-002
 7.1771704e-002
 7.1585007e-002
 7.1413368e-002
 7.1280651e-002
 7.1193159e-002
 7.1135178e-002
 7.1078934e-002
 7.1001358e-002
 7.0895061e-002
 7.0767954e-002
 7.0632041e-002
 7.0490658e-002
 7.0336953e-002
 7.0165306e-002
 6.9985837e-002
 6.9829158e-002
 6.9733918e-002
 6.9722310e-002
 6.9779843e-002
 6.9856912e-002
 6.9895580e-002
 6.9863848e-002
 6.9771178e-002
 6.9653809e-002
 6.9544718e-002
 6.9454543e-002
 6.9374777e-002
 6.9293216e-002
 6.9205493e-002
 6.9117151e-002
 6.9040157e-002
 6.8986870e-002
 6.8961963e-002
 6.8955526e-002
 6.8944715e-002
 6.8906598e-002
 6.8833426e-002
 6.8736225e-002
 6.8632476e-002
 6.8530492e-002
 6.8426482e-002
 6.8314791e-002
 6.8195708e-002
 6.8071388e-002
 6.7940585e-002
 6.7805983e-002
 6.7685403e-002
 6.7604497e-002
 6.7570478e-002
 6.7555726e-002
 6.7515112e-002
 6.7422792e-002
 6.7290582e-002
 6.7150101e-002
 6.7021221e-002
 6.6902161e-002
 6.6786952e-002
 6.6682979e-002
 6.6604629e-002
 6.6552594e-002
 6.6507645e-002
 6.6450477e-002
 6.6385105e-002
 6.6336058e-002
 6.6319533e-002
 6.6320889e-002
 6.6306151e-002
 6.6257045e-002
 6.6190481e-002
 6.6138662e-002
 6.6110678e-002
 6.6078857e-002
 6.6005692e-002
 6.5881208e-002
 6.5729462e-002
 6.5579332e-002
 6.5437376e-002
 6.5297812e-002
 6.5175995e-002
 6.5116435e-002
 6.5152504e-002
 6.5258302e-002
 6.5355390e-002
 6.5378770e-002
 6.5327890e-002
 6.5243833e-002
 6.5155581e-002
 6.5072589e-002
 6.5011181e-002
 6.4986832e-002
 6.4981617e-002
 6.4955473e-002
 6.4895786e-002
 6.4828090e-002
 6.4773522e-002
 6.4719364e-002
 6.4636193e-002
 6.4508237e-002
 6.4349882e-002
 6.4208448e-002
 6.4139195e-002
 6.4149328e-002
 6.4171821e-002
 6.4124368e-002
 6.3993178e-002
 6.3833334e-002
 6.3695729e-002
 6.3589737e-002
 6.3516729e-002
 6.3499130e-002
 6.3551277e-002
 6.3636839e-002
 6.3687608e-002
 6.3678756e-002
 6.3662671e-002
 6.3699424e-002
 6.3772127e-002
 6.3809589e-002
 6.3776486e-002
 6.3694648e-002
 6.3588299e-002
 6.3461594e-002
 6.3329108e-002
 6.3220680e-002
 6.3146845e-002
 6.3090757e-002
 6.3040912e-002
 6.3011386e-002
 6.3030615e-002
 6.3128695e-002
 6.3329145e-002
 6.3622646e-002
 6.3936464e-002
 6.4152092e-002
 6.4190574e-002
 6.4096391e-002
 6.4004339e-002
 6.3980274e-002
 6.3927278e-002
 6.3720576e-002
 6.3406639e-002
 6.3176818e-002
 6.3156277e-002
 6.3298546e-002
 6.3471258e-002
 6.3569106e-002
 6.3554563e-002
 6.3460499e-002
 6.3362986e-002
 6.3307978e-002
 6.3269734e-002
 6.3219905e-002
 6.3202225e-002
 6.3270897e-002
 6.3394316e-002
 6.3509673e-002
 6.3602477e-002
 6.3644521e-002
 6.3562326e-002
 6.3367710e-002
 6.3215703e-002
 6.3226677e-002
 6.3347921e-002
 6.3450366e-002
 6.3469984e-002
 6.3408226e-002
 6.3295230e-002
 6.3219473e-002
 6.3296027e-002
 6.3527144e-002
 6.3770525e-002
 6.3902512e-002
 6.3933536e-002
 6.3910805e-002
 6.3818701e-002
 6.3655742e-002
 6.3490018e-002
 6.3383177e-002
 6.3376009e-002
 6.3524038e-002
 6.3808963e-002
 6.4063229e-002
 6.4119875e-002
 6.4016774e-002
 6.3933790e-002
 6.3965589e-002
 6.4074323e-002
 6.4201824e-002
 6.4298965e-002
 6.4299800e-002
 6.4191490e-002
 6.4064667e-002
 6.4032607e-002
 6.4122692e-002
 6.4270109e-002
 6.4401135e-002
 6.4506315e-002
 6.4618960e-002
 6.4732358e-002
 6.4789146e-002
 6.4767234e-002
 6.4721517e-002
 6.4714327e-002
 6.4741544e-002
 6.4741857e-002
 6.4654171e-002
 6.4475022e-002
 6.4305894e-002
 6.4339437e-002
 6.4707659e-002
 6.5288976e-002
 6.5745607e-002
 6.5826349e-002
 6.5599091e-002
 6.5357901e-002
 6.5305941e-002
 6.5336488e-002
 6.5207548e-002
 6.4932480e-002
 6.4792961e-002
 6.4911678e-002
 6.5101832e-002
 6.5220669e-002
 6.5374985e-002
 6.5689094e-002
 6.6007823e-002
 6.6048957e-002
 6.5775760e-002
 6.5428242e-002
 6.5242246e-002
 6.5246306e-002
 6.5298811e-002
 6.5270863e-002
 6.5180540e-002
 6.5152630e-002
 6.5260015e-002
 6.5417640e-002
 6.5447792e-002
 6.5267213e-002
 6.5010436e-002
 6.4941458e-002
 6.5212891e-002
 6.5702640e-002
 6.6101342e-002
 6.6174626e-002
 6.5948687e-002
 6.5652594e-002
 6.5501466e-002
 6.5538175e-002
 6.5651238e-002
 6.5702878e-002
 6.5629140e-002
 6.5448701e-002
 6.5222539e-002
 6.5021724e-002
 6.4912550e-002
 6.4943455e-002
 6.5121569e-002
 6.5357961e-002
 6.5465979e-002
 6.5320946e-002
 6.4987302e-002
 6.4733498e-002
 6.4855359e-002
 6.5328613e-002
 6.5743156e-002
 6.5784894e-002
 6.5605402e-002
 6.5494478e-002
 6.5469764e-002
 6.5418370e-002
 6.5363839e-002
 6.5368876e-002
 6.5375485e-002
 6.5329425e-002
 6.5315053e-002
 6.5411732e-002
 6.5542877e-002
 6.5597311e-002
 6.5584980e-002
 6.5569341e-002
 6.5548308e-002
 6.5486781e-002
 6.5392964e-002
 6.5301396e-002
 6.5227769e-002
 6.5179169e-002
 6.5167546e-002
 6.5176137e-002
 6.5158658e-002
 6.5123141e-002
 6.5150701e-002
 6.5251499e-002
 6.5297328e-002
 6.5211520e-002
 6.5114237e-002
 6.5153457e-002
 6.5295815e-002
 6.5383680e-002
 6.5314233e-002
 6.5135084e-002
 6.4984679e-002
 6.4942345e-002
 6.4984515e-002
 6.5008156e-002
 6.4985029e-002
 6.5027177e-002
 6.5158896e-002
 6.5229155e-002
 6.5099917e-002
 6.4795047e-002
 6.4477921e-002
 6.4320870e-002
 6.4373851e-002
 6.4556599e-002
 6.4760320e-002
 6.4916551e-002
 6.5001667e-002
 6.5015443e-002
 6.4981386e-002
 6.4942196e-002
 6.4927831e-002
 6.4914234e-002
 6.4830109e-002
 6.4633444e-002
 6.4405836e-002
 6.4344287e-002
 6.4598829e-002
 6.5065816e-002
 6.5429106e-002
 6.5424390e-002
 6.5025955e-002
 6.4476766e-002
 6.4163290e-002
 6.4265892e-002
 6.4628460e-002
 6.4971797e-002
 6.5070637e-002
 6.4955972e-002
 6.4761631e-002
 6.4621732e-002
 6.4648733e-002
 6.4812437e-002
 6.5025218e-002
 6.5199301e-002
 6.5259017e-002
 6.5208815e-002
 6.5085493e-002
 6.4925954e-002
 6.4764909e-002
 6.4622127e-002
 6.4511403e-002
 6.4446487e-002
 6.4436749e-002
 6.4462185e-002
 6.4493708e-002
 6.4485706e-002
 6.4413138e-002
 6.4282358e-002
 6.4136453e-002
 6.4020030e-002
 6.3977785e-002
 6.4052254e-002
 6.4238109e-002
 6.4482443e-002
 6.4730428e-002
 6.4927116e-002
 6.5019533e-002
 6.4996928e-002
 6.4890325e-002
 6.4732477e-002
 6.4556137e-002
 6.4393394e-002
 6.4260110e-002
 6.4156488e-002
 6.4081959e-002
 6.4036041e-002
 6.4018182e-002
 6.4026043e-002
 6.4050123e-002
 6.4079233e-002
 6.4102128e-002
 6.4107627e-002
 6.4084500e-002
 6.4026028e-002
 6.3942738e-002
 6.3849300e-002
 6.3760422e-002
 6.3690752e-002
 6.3654989e-002
 6.3667811e-002
 6.3738160e-002
 6.3853137e-002
 6.3994639e-002
 6.4144537e-002
 6.4284764e-002
 6.4397179e-002
 6.4463690e-002
 6.4466186e-002
 6.4394020e-002
 6.4264692e-002
 6.4102307e-002
 6.3931011e-002
 6.3774884e-002
 6.3658088e-002
 6.3604712e-002
 6.3638881e-002
 6.3775547e-002
 6.3995488e-002
 6.4271428e-002
 6.4576223e-002
 6.4882576e-002
 6.5163344e-002
 6.5391265e-002
 6.5539166e-002
 6.5586798e-002
 6.5539844e-002
 6.5409943e-002
 6.5208711e-002
 6.4947732e-002
 6.4638689e-002
 6.4293154e-002
 6.3922793e-002
 6.3539177e-002
 6.3154005e-002
 6.2778801e-002
 6.2425286e-002
 6.2103257e-002
 6.1816301e-002
 6.1566442e-002
 6.1355826e-002
 6.1186481e-002
 6.1060552e-002
 6.0980074e-002
 6.0947157e-002
 6.0963880e-002
 6.1032340e-002
 6.1154600e-002
 6.1332785e-002
 6.1566535e-002
 6.1847072e-002
 6.2163580e-002
 6.2505394e-002
 6.2861703e-002
 6.3221820e-002
 6.3574947e-002
 6.3910410e-002
 6.4217381e-002
 6.4485177e-002
 6.4703062e-002
 6.4863309e-002
 6.4969011e-002
 6.5025553e-002
 6.5038376e-002
 6.5012872e-002
 6.4954482e-002
 6.4868607e-002
 6.4760655e-002
 6.4636074e-002
 6.4500235e-002
 6.4357877e-002
 6.4211197e-002
 6.4061865e-002
 6.3911587e-002
 6.3762009e-002
 6.3614838e-002
 6.3471727e-002
 6.3334391e-002
 6.3204467e-002
 6.3083671e-002
 6.2972777e-002
 6.2869675e-002
 6.2771522e-002
 6.2675565e-002
 6.2578984e-002
 6.2479015e-002
 6.2372852e-002
 6.2257696e-002
 6.2130772e-002
 6.1989274e-002
 6.1833598e-002
 6.1674785e-002
 6.1526176e-002
 6.1401043e-002
 6.1312746e-002
 6.1274569e-002
 6.1299831e-002
 6.1401859e-002
 6.1593927e-002
 6.1880220e-002
 6.2234435e-002
 6.2623821e-002
 6.3015796e-002
 6.3377574e-002
 6.3676581e-002
 6.3880056e-002
 6.3955389e-002
 6.3882612e-002
 6.3683756e-002
 6.3389547e-002
 6.3030601e-002
 6.2637672e-002
 6.2241364e-002
 6.1872445e-002
 6.1561525e-002
 6.1331343e-002
 6.1178859e-002
 6.1095674e-002
 6.1073452e-002
 6.1103847e-002
 6.1178483e-002
 6.1289031e-002
 6.1427113e-002
 6.1580017e-002
 6.1720815e-002
 6.1819825e-002
 6.1834160e-002
 6.1740465e-002
 6.1514910e-002
 6.1148457e-002
 6.0668003e-002
 6.0134780e-002
 5.9633739e-002
 5.9261009e-002
 5.9111848e-002
 5.9258495e-002
 5.9712812e-002
 6.0403869e-002
 6.1201788e-002
 6.1954662e-002
 6.2516592e-002
 6.2777735e-002
 6.2697008e-002
 6.2312208e-002
 6.1720327e-002
 6.1045878e-002
 6.0414053e-002
 5.9926305e-002
 5.9638858e-002
 5.9554938e-002
 5.9636503e-002
 5.9824355e-002
 6.0055573e-002
 6.0276404e-002
 6.0451277e-002
 6.0565479e-002
 6.0621131e-002
 6.0629841e-002
 6.0606327e-002
 6.0564220e-002
 6.0513712e-002
 6.0460847e-002
 6.0408227e-002
 6.0356393e-002
 6.0305167e-002
 6.0254548e-002
 6.0222197e-002
 6.0179241e-002
 6.0135942e-002
 6.0091313e-002
 6.0043696e-002
 5.9991039e-002
 5.9931222e-002
 5.9862521e-002
 5.9784349e-002
 5.9697941e-002
 5.9607062e-002
 5.9518252e-002
 5.9440374e-002
 5.9383322e-002
 5.9356093e-002
 5.9364900e-002
 5.9411686e-002
 5.9493426e-002
 5.9602361e-002
 5.9727177e-002
 5.9854876e-002
 5.9972551e-002
 6.0069077e-002
 6.0136084e-002
 6.0168330e-002
 6.0163788e-002
 6.0123637e-002
 6.0051758e-002
 5.9954010e-002
 5.9837528e-002
 5.9709929e-002
 5.9579052e-002
 5.9452672e-002
 5.9338409e-002
 5.9243184e-002
 5.9172407e-002
 5.9129011e-002
 5.9112482e-002
 5.9118450e-002
 5.9139013e-002
 5.9163984e-002
 5.9182797e-002
 5.9186667e-002
 5.9170473e-002
 5.9133772e-002
 5.9080757e-002
 5.9019122e-002
 5.8958150e-002
 5.8906537e-002
 5.8870599e-002
 5.8853172e-002
 5.8853526e-002
 5.8868047e-002
 5.8891483e-002
 5.8918227e-002
 5.8943376e-002
 5.8963232e-002
 5.8975358e-002
 5.8978233e-002
 5.8970869e-002
 5.8952488e-002
 5.8922503e-002
 5.8880717e-002
 5.8827624e-002
 5.8764726e-002
 5.8694597e-002
 5.8620639e-002
 5.8546651e-002
 5.8476143e-002
 5.8411762e-002
 5.8354791e-002
 5.8304973e-002
 5.8260702e-002
 5.8219440e-002
 5.8178417e-002
 5.8135353e-002
 5.8089066e-002
 5.8039967e-002
 5.7990141e-002
 5.7943206e-002
 5.7903785e-002
 5.7876769e-002
 5.7866540e-002
 5.7876140e-002
 5.7906669e-002
 5.7956923e-002
 5.8023378e-002
 5.8100488e-002
 5.8181252e-002
 5.8258045e-002
 5.8323473e-002
 5.8371294e-002
 5.8397189e-002
 5.8399357e-002
 5.8378834e-002
 5.8339454e-002
 5.8287431e-002
 5.8230635e-002
 5.8177497e-002
 5.8135740e-002
 5.8111198e-002
 5.8106743e-002
 5.8121771e-002
 5.8152247e-002
 5.8191482e-002
 5.8231402e-002
 5.8264259e-002
 5.8284193e-002
 5.8288455e-002
 5.8277853e-002
 5.8256391e-002
 5.8230132e-002
 5.8205593e-002
 5.8188125e-002
 5.8180634e-002
 5.8182996e-002
 5.8192246e-002
 5.8203414e-002
 5.8210768e-002
 5.8209118e-002
 5.8194786e-002
 5.8166191e-002
 5.8123820e-002
 5.8069851e-002
 5.8007468e-002
 5.7940215e-002
 5.7871461e-002
 5.7804082e-002
 5.7740517e-002
 5.7682864e-002
 5.7633214e-002
 5.7593841e-002
 5.7567246e-002
 5.7556033e-002
 5.7562511e-002
 5.7588141e-002
 5.7632919e-002
 5.7694916e-002
 5.7769950e-002
 5.7851687e-002
 5.7932142e-002
 5.8002416e-002
 5.8053818e-002
 5.8078870e-002
 5.8072351e-002
 5.8031946e-002
 5.7958595e-002
 5.7856340e-002
 5.7731945e-002
 5.7594102e-002
 5.7452448e-002
 5.7316683e-002
 5.7195466e-002
 5.7095677e-002
 5.7021715e-002
 5.6975078e-002
 5.6954343e-002
 5.6955352e-002
 5.6971814e-002
 5.6996141e-002
 5.7020452e-002
 5.7037599e-002
 5.7042014e-002
 5.7030253e-002
 5.7001110e-002
 5.6955315e-002
 5.6894932e-002
 5.6822598e-002
 5.6740824e-002
 5.6651674e-002
 5.6556683e-002
 5.6457289e-002
 5.6355428e-002
 5.6254130e-002
 5.6158047e-002
 5.6073431e-002
 5.6007791e-002
 5.5969033e-002
 5.5964310e-002
 5.5998817e-002
 5.6074712e-002
 5.6190368e-002
 5.6340087e-002
 5.6514502e-002
 5.6701243e-002
 5.6886379e-002
 5.7055768e-002
 5.7196748e-002
 5.7299647e-002
 5.7358816e-002
 5.7373334e-002
 5.7347003e-002
 5.7287775e-002
 5.7206534e-002
 5.7115566e-002
 5.7026800e-002
 5.6950085e-002
 5.6892041e-002
 5.6855325e-002
 5.6838796e-002
 5.6838255e-002
 5.6847770e-002
 5.6861106e-002
 5.6873050e-002
 5.6880210e-002
 5.6881234e-002
 5.6876425e-002
 5.6866959e-002
 5.6854039e-002
 5.6838248e-002
 5.6819316e-002
 5.6796327e-002
 5.6768246e-002
 5.6734513e-002
 5.6695446e-002
 5.6652352e-002
 5.6607202e-002
 5.6562141e-002
 5.6518946e-002
 5.6478646e-002
 5.6441594e-002
 5.6407765e-002
 5.6377336e-002
 5.6351181e-002
 5.6331083e-002
 5.6319568e-002
 5.6319296e-002
 5.6332201e-002
 5.6358669e-002
 5.6397006e-002
 5.6443375e-002
 5.6492355e-002
 5.6537867e-002
 5.6574393e-002
 5.6598090e-002
 5.6607548e-002
 5.6604050e-002
 5.6591284e-002
 5.6574550e-002
 5.6559708e-002
 5.6552071e-002
 5.6555439e-002
 5.6571502e-002
 5.6599695e-002
 5.6637477e-002
 5.6680955e-002
 5.6725729e-002
 5.6767747e-002
 5.6803901e-002
 5.6832440e-002
 5.6852903e-002
 5.6865837e-002
 5.6872338e-002
 5.6873545e-002
 5.6870319e-002
 5.6863125e-002
 5.6852091e-002
 5.6837168e-002
 5.6818258e-002
 5.6795206e-002
 5.6767590e-002
 5.6734461e-002
 5.6694068e-002
 5.6643929e-002
 5.6581195e-002
 5.6503389e-002
 5.6409445e-002
 5.6300584e-002
 5.6180935e-002
 5.6057446e-002
 5.5939041e-002
 5.5835348e-002
 5.5754881e-002
 5.5703603e-002
 5.5683833e-002
 5.5694029e-002
 5.5729359e-002
 5.5782910e-002
 5.5847101e-002
 5.5914965e-002
 5.5981025e-002
 5.6041434e-002
 5.6093689e-002
 5.6135904e-002
 5.6166120e-002
 5.6181867e-002
 5.6180090e-002
 5.6157615e-002
 5.6111883e-002
 5.6041874e-002
 5.5948824e-002
 5.5836704e-002
 5.5712137e-002
 5.5583753e-002
 5.5461247e-002
 5.5353966e-002
 5.5269629e-002
 5.5213138e-002
 5.5185862e-002
 5.5185538e-002
 5.5206735e-002
 5.5241879e-002
 5.5282582e-002
 5.5321049e-002
 5.5351276e-002
 5.5369865e-002
 5.5376269e-002
 5.5372544e-002
 5.5362675e-002
 5.5351608e-002
 5.5344258e-002
 5.5344597e-002
 5.5354990e-002
 5.5375915e-002
 5.5405937e-002
 5.5442065e-002
 5.5480301e-002
 5.5516284e-002
 5.5545993e-002
 5.5566289e-002
 5.5575363e-002
 5.5572934e-002
 5.5560257e-002
 5.5539932e-002
 5.5515587e-002
 5.5491406e-002
 5.5471618e-002
 5.5459946e-002
 5.5459056e-002
 5.5470087e-002
 5.5492274e-002
 5.5522829e-002
 5.5557016e-002
 5.5588581e-002
 5.5610433e-002
 5.5615589e-002
 5.5598136e-002
 5.5554159e-002
 5.5482354e-002
 5.5384245e-002
 5.5264018e-002
 5.5127859e-002
 5.4983228e-002
 5.4837987e-002
 5.4699622e-002
 5.4574903e-002
 5.4469526e-002
 5.4388154e-002
 5.4334305e-002
 5.4310217e-002
 5.4316591e-002
 5.4352250e-002
 5.4413885e-002
 5.4496095e-002
 5.4591838e-002
 5.4693244e-002
 5.4792851e-002
 5.4884687e-002
 5.4965194e-002
 5.5033572e-002
 5.5091362e-002
 5.5141572e-002
 5.5187382e-002
 5.5230960e-002
 5.5272724e-002
 5.5311158e-002
 5.5343356e-002
 5.5365983e-002
 5.5376392e-002
 5.5373505e-002
 5.5358239e-002
 5.5333395e-002
 5.5303074e-002
 5.5271987e-002
 5.5244759e-002
 5.5225611e-002
 5.5218343e-002
 5.5226568e-002
 5.5253994e-002
 5.5304490e-002
 5.5381734e-002
 5.5488452e-002
 5.5625428e-002
 5.5790309e-002
 5.5976931e-002
 5.6174912e-002
 5.6370206e-002
 5.6546409e-002
 5.6686491e-002
 5.6775127e-002
 5.6800969e-002
 5.6758504e-002
 5.6649290e-002
 5.6482259e-002
 5.6273002e-002
 5.6041952e-002
 5.5812106e-002
 5.5605985e-002
 5.5443007e-002
 5.5337023e-002
 5.5294741e-002
 5.5315275e-002
 5.5390622e-002
 5.5507142e-002
 5.5647720e-002
 5.5794314e-002
 5.5930231e-002
 5.6042198e-002
 5.6121401e-002
 5.6163836e-002
 5.6169707e-002
 5.6142159e-002
 5.6085739e-002
 5.6004949e-002
 5.5903222e-002
 5.5782475e-002
 5.5643491e-002
 5.5486705e-002
 5.5313174e-002
 5.5125665e-002
 5.4929063e-002
 5.4730505e-002
 5.4538772e-002
 5.4363199e-002
 5.4212604e-002
 5.4093946e-002
 5.4011580e-002
 5.3966764e-002
 5.3957779e-002
 5.3980567e-002
 5.4029666e-002
 5.4099299e-002
 5.4184377e-002
 5.4281186e-002
 5.4387547e-002
 5.4502625e-002
 5.4626148e-002
 5.4757584e-002
 5.4895334e-002
 5.5036090e-002
 5.5174790e-002
 5.5305079e-002
 5.5420075e-002
 5.5513617e-002
 5.5581320e-002
 5.5621542e-002
 5.5635877e-002
 5.5629019e-002
 5.5608135e-002
 5.5581696e-002
 5.5558104e-002
 5.5544261e-002
 5.5544503e-002
 5.5559997e-002
 5.5588793e-002
 5.5626504e-002
 5.5667408e-002
 5.5705644e-002
 5.5736292e-002
 5.5755917e-002
 5.5762634e-002
 5.5755626e-002
 5.5734433e-002
 5.5698290e-002
 5.5645850e-002
 5.5575460e-002
 5.5485856e-002
 5.5377312e-002
 5.5252597e-002
 5.5117555e-002
 5.4981101e-002
 5.4854263e-002
 5.4748755e-002
 5.4675039e-002
 5.4640420e-002
 5.4647617e-002
 5.4693967e-002
 5.4771554e-002
 5.4868199e-002
 5.4969259e-002
 5.5059772e-002
 5.5126864e-002
 5.5161800e-002
 5.5161487e-002
 5.5129144e-002
 5.5073924e-002
 5.5009529e-002
 5.4952014e-002
 5.4917000e-002
 5.4916717e-002
 5.4957457e-002
 5.5037785e-002
 5.5148065e-002
 5.5271316e-002
 5.5385679e-002
 5.5467773e-002
 5.5496786e-002
 5.5458229e-002
 5.5346731e-002
 5.5167217e-002
 5.4934308e-002
 5.4669965e-002
 5.4399792e-002
 5.4149281e-002
 5.3939942e-002
 5.3786937e-002
 5.3697746e-002
 5.3672347e-002
 5.3704578e-002
 5.3784084e-002
 5.3898454e-002
 5.4035157e-002
 5.4183025e-002
 5.4332994e-002
 5.4478548e-002
 5.4615729e-002
 5.4742765e-002
 5.4859679e-002
 5.4967441e-002
 5.5067129e-002
 5.5159014e-002
 5.5241778e-002
 5.5312309e-002
 5.5365756e-002
 5.5395760e-002
 5.5395171e-002
 5.5357218e-002
 5.5277072e-002
 5.5153627e-002
 5.4991122e-002
 5.4799706e-002
 5.4595113e-002
 5.4396778e-002
 5.4225244e-002
 5.4098547e-002
 5.4028913e-002
 5.4021314e-002
 5.4073296e-002
 5.4176010e-002
 5.4315947e-002
 5.4477077e-002
 5.4642607e-002
 5.4796733e-002
 5.4926403e-002
 5.5022553e-002
 5.5081073e-002
 5.5102948e-002
 5.5093899e-002
 5.5063326e-002
 5.5022832e-002
 5.4984458e-002
 5.4958992e-002
 5.4954510e-002
 5.4975476e-002
 5.5022702e-002
 5.5093888e-002
 5.5184428e-002
 5.5288348e-002
 5.5399239e-002
 5.5510759e-002
 5.5617183e-002
 5.5713695e-002
 5.5796579e-002
 5.5863257e-002
 5.5912077e-002
 5.5942178e-002
 5.5953328e-002
 5.5945896e-002
 5.5920959e-002
 5.5880506e-002
 5.5827610e-002
 5.5766415e-002
 5.5701841e-002
 5.5638958e-002
 5.5582386e-002
 5.5535566e-002
 5.5500168e-002
 5.5475827e-002
 5.5460088e-002
 5.5448659e-002
 5.5435944e-002
 5.5415902e-002
 5.5383030e-002
 5.5333335e-002
 5.5265158e-002
 5.5179603e-002
 5.5080462e-002
 5.4973770e-002
 5.4866921e-002
 5.4767549e-002
 5.4682557e-002
 5.4617114e-002
 5.4574147e-002
 5.4554127e-002
 5.4555271e-002
 5.4574091e-002
 5.4606151e-002
 5.4646850e-002
 5.4692153e-002
 5.4739121e-002
 5.4786116e-002
 5.4832827e-002
 5.4879971e-002
 5.4928903e-002
 5.4981165e-002
 5.5037994e-002
 5.5100027e-002
 5.5167038e-002
 5.5237867e-002
 5.5310488e-002
 5.5382080e-002
 5.5449273e-002
 5.5508316e-002
 5.5555303e-002
 5.5586416e-002
 5.5598106e-002
 5.5587310e-002
 5.5551644e-002
 5.5489615e-002
 5.5400725e-002
 5.5285677e-002
 5.5146441e-002
 5.4986287e-002
 5.4809887e-002
 5.4623142e-002
 5.4433197e-002
 5.4248124e-002
 5.4076493e-002
 5.3926945e-002
 5.3807370e-002
 5.3724226e-002
 5.3681657e-002
 5.3680867e-002
 5.3719722e-002
 5.3792760e-002
 5.3891655e-002
 5.4006141e-002
 5.4125350e-002
 5.4239202e-002
 5.4339830e-002
 5.4422680e-002
 5.4487001e-002
 5.4535821e-002
 5.4575171e-002
 5.4612909e-002
 5.4657221e-002
 5.4715097e-002
 5.4791141e-002
 5.4886740e-002
 5.4999828e-002
 5.5125270e-002
 5.5255584e-002
 5.5382229e-002
 5.5496756e-002
 5.5592000e-002
 5.5663008e-002
 5.5707250e-002
 5.5724528e-002
 5.5716429e-002
 5.5685721e-002
 5.5635665e-002
 5.5569459e-002
 5.5489730e-002
 5.5398431e-002
 5.5296712e-002
 5.5184979e-002
 5.5063166e-002
 5.4931082e-002
 5.4788716e-002
 5.4636765e-002
 5.4476734e-002
 5.4311231e-002
 5.4143913e-002
 5.3979360e-002
 5.3822998e-002
 5.3680766e-002
 5.3558931e-002
 5.3463615e-002
 5.3400461e-002
 5.3374264e-002
 5.3388409e-002
 5.3444382e-002
 5.3541232e-002
 5.3675324e-002
 5.3840160e-002
 5.4026663e-002
 5.4223429e-002
 5.4417655e-002
 5.4596368e-002
 5.4747660e-002
 5.4862157e-002
 5.4934226e-002
 5.4962695e-002
 5.4951146e-002
 5.4907389e-002
 5.4842435e-002
 5.4768939e-002
 5.4699507e-002
 5.4644883e-002
 5.4612551e-002
 5.4605737e-002
 5.4623079e-002
 5.4658990e-002
 5.4704666e-002
 5.4749537e-002
 5.4783043e-002
 5.4796394e-002
 5.4784041e-002
 5.4744683e-002
 5.4681648e-002
 5.4602548e-002
 5.4518271e-002
 5.4441564e-002
 5.4385271e-002
 5.4360587e-002
 5.4375578e-002
 5.4434128e-002
 5.4535475e-002
 5.4674335e-002
 5.4841686e-002
 5.5025753e-002
 5.5213481e-002
 5.5391759e-002
 5.5548646e-002
 5.5674382e-002
 5.5761840e-002
 5.5806950e-002
 5.5808689e-002
 5.5769052e-002
 5.5692885e-002
 5.5587750e-002
 5.5463657e-002
 5.5332817e-002
 5.5209048e-002
 5.5106919e-002
 5.5040646e-002
 5.5022500e-002
 5.5061199e-002
 5.5160180e-002
 5.5316344e-002
 5.5519249e-002
 5.5751290e-002
 5.5988982e-002
 5.6204990e-002
 5.6371320e-002
 5.6462649e-002
 5.6459885e-002
 5.6353062e-002
 5.6143239e-002
 5.5842932e-002
 5.5475190e-002
 5.5071078e-002
 5.4665934e-002
 5.4295488e-002
 5.3991318e-002
 5.3777568e-002
 5.3668275e-002
 5.3666227e-002
 5.3763382e-002
 5.3942520e-002
 5.4179825e-002
 5.4448072e-002
 5.4719910e-002
 5.4970499e-002
 5.5179682e-002
 5.5333316e-002
 5.5423480e-002
 5.5448264e-002
 5.5410929e-002
 5.5318940e-002
 5.5182889e-002
 5.5015653e-002
 5.4831445e-002
 5.4645278e-002
 5.4472215e-002
 5.4326478e-002
 5.4220583e-002
 5.4164153e-002
 5.4162893e-002
 5.4217618e-002
 5.4323632e-002
 5.4470990e-002
 5.4645833e-002
 5.4831818e-002
 5.5011906e-002
 5.5170152e-002
 5.5293091e-002
 5.5370983e-002
 5.5398099e-002
 5.5373102e-002
 5.5299550e-002
 5.5185802e-002
 5.5044327e-002
 5.4890320e-002
 5.4740023e-002
 5.4608468e-002
 5.4507341e-002
 5.4443069e-002
 5.4415870e-002
 5.4419789e-002
 5.4444123e-002
 5.4493144e-002
 5.4529358e-002
 5.4535620e-002
 5.4498460e-002
 5.4410692e-002
 5.4272931e-002
 5.4092906e-002
 5.3883281e-002
 5.3659443e-002
 5.3437579e-002
 5.3233694e-002
 5.3062521e-002
 5.2936230e-002
 5.2863173e-002
 5.2846927e-002
 5.2886069e-002
 5.2974578e-002
 5.3103019e-002
 5.3259809e-002
 5.3432330e-002
 5.3607792e-002
 5.3773772e-002
 5.3919151e-002
 5.4034926e-002
 5.4115139e-002
 5.4157287e-002
 5.4161917e-002
 5.4131866e-002
 5.4071307e-002
 5.3985104e-002
 5.3878337e-002
 5.3756256e-002
 5.3624101e-002
 5.3487245e-002
 5.3351168e-002
 5.3221419e-002
 5.3103708e-002
 5.3003814e-002
 5.2927509e-002
 5.2880548e-002
 5.2868430e-002
 5.2896041e-002
 5.2966978e-002
 5.3082768e-002
 5.3242005e-002
 5.3440183e-002
 5.3669866e-002
 5.3921495e-002
 5.4184347e-002
 5.4447051e-002
 5.4698370e-002
 5.4927561e-002
 5.5125233e-002
 5.5284318e-002
 5.5400733e-002
 5.5473845e-002
 5.5506036e-002
 5.5501975e-002
 5.5467673e-002
 5.5409789e-002
 5.5335145e-002
 5.5250455e-002
 5.5162020e-002
 5.5075388e-002
 5.4995153e-002
 5.4924808e-002
 5.4866839e-002
 5.4823030e-002
 5.4794680e-002
 5.4782856e-002
 5.4788396e-002
 5.4811761e-002
 5.4852705e-002
 5.4909844e-002
 5.4980211e-002
 5.5059090e-002
 5.5140242e-002
 5.5216223e-002
 5.5278976e-002
 5.5320166e-002
 5.5331670e-002
 5.5306148e-002
 5.5237927e-002
 5.5124097e-002
 5.4965548e-002
 5.4767381e-002
 5.4538403e-002
 5.4290261e-002
 5.4036267e-002
 5.3790331e-002
 5.3566433e-002
 5.3377591e-002
 5.3234972e-002
 5.3146478e-002
 5.3115577e-002
 5.3140897e-002
 5.3216647e-002
 5.3333800e-002
 5.3481363e-002
 5.3647533e-002
 5.3820312e-002
 5.3988334e-002
 5.4141499e-002
 5.4271977e-002
 5.4375060e-002
 5.4449387e-002
 5.4496728e-002
 5.4521076e-002
 5.4527812e-002
 5.4522928e-002
 5.4512575e-002
 5.4502681e-002
 5.4498583e-002
 5.4504592e-002
 5.4523628e-002
 5.4557063e-002
 5.4604881e-002
 5.4666039e-002
 5.4738861e-002
 5.4821376e-002
 5.4911435e-002
 5.5006761e-002
 5.5104926e-002
 5.5203147e-002
 5.5298306e-002
 5.5386797e-002
 5.5464618e-002
 5.5527512e-002
 5.5571023e-002
 5.5590704e-002
 5.5582251e-002
 5.5541866e-002
 5.5466745e-002
 5.5355817e-002
 5.5210255e-002
 5.5033803e-002
 5.4832526e-002
 5.4614101e-002
 5.4387279e-002
 5.4161239e-002
 5.3945068e-002
 5.3747479e-002
 5.3576004e-002
 5.3436428e-002
 5.3332034e-002
 5.3263325e-002
 5.3228371e-002
 5.3223390e-002
 5.3243514e-002
 5.3283367e-002
 5.3337455e-002
 5.3400457e-002
 5.3467542e-002
 5.3534705e-002
 5.3599063e-002
 5.3659000e-002
 5.3714015e-002
 5.3764462e-002
 5.3811174e-002
 5.3855229e-002
 5.3897813e-002
 5.3940095e-002
 5.3983193e-002
 5.4028150e-002
 5.4075852e-002
 5.4127060e-002
 5.4182388e-002
 5.4242358e-002
 5.4307431e-002
 5.4378022e-002
 5.4454498e-002
 5.4537110e-002
 5.4625876e-002
 5.4720487e-002
 5.4820098e-002
 5.4923370e-002
 5.5028431e-002
 5.5133048e-002
 5.5234816e-002
 5.5331204e-002
 5.5419743e-002
 5.5498108e-002
 5.5564340e-002
 5.5617113e-002
 5.5655908e-002
 5.5681139e-002
 5.5694051e-002
 5.5696487e-002
 5.5690669e-002
 5.5678971e-002
 5.5663791e-002
 5.5647388e-002
 5.5631742e-002
 5.5618308e-002
 5.5607889e-002
 5.5600516e-002
 5.5595547e-002
 5.5591837e-002
 5.5587944e-002
 5.5582285e-002
 5.5573259e-002
 5.5559359e-002
 5.5539254e-002
 5.5511959e-002
 5.5476945e-002
 5.5434186e-002
 5.5384111e-002
 5.5327464e-002
 5.5265244e-002
 5.5198502e-002
 5.5128317e-002
 5.5055838e-002
 5.4982137e-002
 5.4908268e-002
 5.4835305e-002
 5.4764226e-002
 5.4695994e-002
 5.4631535e-002
 5.4571796e-002
 5.4517668e-002
 5.4470021e-002
 5.4429684e-002
 5.4397333e-002
 5.4373439e-002
 5.4358196e-002
 5.4351468e-002
 5.4352839e-002
 5.4361671e-002
 5.4377209e-002
 5.4398626e-002
 5.4425061e-002
 5.4455593e-002
 5.4489251e-002
 5.4524943e-002
 5.4561403e-002
 5.4597203e-002
 5.4630775e-002
 5.4660399e-002
 5.4684330e-002
 5.4700825e-002
 5.4708261e-002
 5.4705366e-002
 5.4691579e-002
 5.4667518e-002
 5.4635413e-002
 5.4599266e-002
 5.4564673e-002
 5.4538429e-002
 5.4527983e-002
 5.4541033e-002
 5.4585028e-002
 5.4666538e-002
 5.4790255e-002
 5.4957762e-002
 5.5166263e-002
 5.5408344e-002
 5.5672362e-002
 5.5943344e-002
 5.6204662e-002
 5.6438938e-002
 5.6628853e-002
 5.6758616e-002
 5.6815341e-002
 5.6791123e-002
 5.6684844e-002
 5.6502879e-002
 5.6258302e-002
 5.5969346e-002
 5.5657029e-002
 5.5343598e-002
 5.5051468e-002
 5.4801375e-002
 5.4610826e-002
 5.4491758e-002
 5.4448642e-002
 5.4477502e-002
 5.4566894e-002
 5.4699738e-002
 5.4855730e-002
 5.5013131e-002
 5.5150069e-002
 5.5246137e-002
 5.5284008e-002
 5.5251632e-002
 5.5144154e-002
 5.4964650e-002
 5.4723311e-002
 5.4435786e-002
 5.4120693e-002
 5.3798024e-002
 5.3488061e-002
 5.3209718e-002
 5.2979205e-002
 5.2808300e-002
 5.2702356e-002
 5.2659873e-002
 5.2673109e-002
 5.2729707e-002
 5.2814592e-002
 5.2911516e-002
 5.3004142e-002
 5.3077333e-002
 5.3118560e-002
 5.3119693e-002
 5.3078637e-002
 5.2999929e-002
 5.2894160e-002
 5.2776307e-002
 5.2663952e-002
 5.2575774e-002
 5.2530378e-002
 5.2544829e-002
 5.2632958e-002
 5.2802995e-002
 5.3055704e-002
 5.3383607e-002
 5.3771485e-002
 5.4198794e-002
 5.4641664e-002
 5.5074919e-002
 5.5473130e-002
 5.5812798e-002
 5.6073975e-002
 5.6242649e-002
 5.6313287e-002
 5.6289453e-002
 5.6183029e-002
 5.6011986e-002
 5.5797871e-002
 5.5564009e-002
 5.5333715e-002
 5.5129137e-002
 5.4969508e-002
 5.4869279e-002
 5.4836139e-002
 5.4870468e-002
 5.4965984e-002
 5.5111520e-002
 5.5293031e-002
 5.5494998e-002
 5.5701777e-002
 5.5898309e-002
 5.6071203e-002
 5.6209695e-002
 5.6306906e-002
 5.6360081e-002
 5.6370191e-002
 5.6341015e-002
 5.6277961e-002
 5.6187294e-002
 5.6075536e-002
 5.5949200e-002
 5.5814743e-002
 5.5678241e-002
 5.5545390e-002
 5.5421416e-002
 5.5311218e-002
 5.5219311e-002
 5.5150017e-002
 5.5107538e-002
 5.5095710e-002
 5.5117749e-002
 5.5175491e-002
 5.5268571e-002
 5.5393606e-002
 5.5543911e-002
 5.5709675e-002
 5.5878989e-002
 5.6038637e-002
 5.6174792e-002
 5.6273967e-002
 5.6323744e-002
 5.6314088e-002
 5.6239046e-002
 5.6098096e-002
 5.5896889e-002
 5.5646472e-002
 5.5361945e-002
 5.5060741e-002
 5.4761544e-002
 5.4482847e-002
 5.4242149e-002
 5.4054797e-002
 5.3932052e-002
 5.3879898e-002
 5.3898469e-002
 5.3982519e-002
 5.4122914e-002
 5.4308221e-002
 5.4525793e-002
 5.4762892e-002
 5.5007279e-002
 5.5247754e-002
 5.5475410e-002
 5.5684168e-002
 5.5870980e-002
 5.6035794e-002
 5.6180626e-002
 5.6308758e-002
 5.6423951e-002
 5.6530118e-002
 5.6630757e-002
 5.6728356e-002
 5.6823850e-002
 5.6915980e-002
 5.7000998e-002
 5.7073023e-002
 5.7124555e-002
 5.7147108e-002
 5.7131901e-002
 5.7070330e-002
 5.6954678e-002
 5.6779306e-002
 5.6541823e-002
 5.6244280e-002
 5.5893943e-002
 5.5502377e-002
 5.5084433e-002
 5.4657221e-002
 5.4238401e-002
 5.3845678e-002
 5.3495720e-002
 5.3203266e-002
 5.2979108e-002
 5.2829098e-002
 5.2753657e-002
 5.2748088e-002
 5.2804079e-002
 5.2911066e-002
 5.3057492e-002
 5.3231642e-002
 5.3422056e-002
 5.3618494e-002
 5.3812522e-002
 5.3998269e-002
 5.4172523e-002
 5.4334726e-002
 5.4486167e-002
 5.4629128e-002
 5.4766517e-002
 5.4901302e-002
 5.5036083e-002
 5.5172853e-002
 5.5312391e-002
 5.5453885e-002
 5.5594634e-002
 5.5730421e-002
 5.5855840e-002
 5.5964693e-002
 5.6050621e-002
 5.6107361e-002
 5.6129254e-002
 5.6112047e-002
 5.6053728e-002
 5.5955447e-002
 5.5821739e-002
 5.5660259e-002
 5.5480890e-002
 5.5295002e-002
 5.5114403e-002
 5.4950852e-002
 5.4815490e-002
 5.4717697e-002
 5.4664128e-002
 5.4657701e-002
 5.4697160e-002
 5.4777492e-002
 5.4890964e-002
 5.5028103e-002
 5.5178773e-002
 5.5332743e-002
 5.5480145e-002
 5.5612337e-002
 5.5722564e-002
 5.5806600e-002
 5.5863168e-002
 5.5893566e-002
 5.5900980e-002
 5.5889770e-002
 5.5864815e-002
 5.5831119e-002
 5.5793554e-002
 5.5756491e-002
 5.5723514e-002
 5.5697139e-002
 5.5678651e-002
 5.5668250e-002
 5.5665348e-002
 5.5668853e-002
 5.5677462e-002
 5.5689789e-002
 5.5704448e-002
 5.5720162e-002
 5.5735789e-002
 5.5750404e-002
 5.5763312e-002
 5.5774033e-002
 5.5782236e-002
 5.5787686e-002
 5.5790208e-002
 5.5789676e-002
 5.5786051e-002
 5.5779457e-002
 5.5770285e-002
 5.5759300e-002
 5.5747669e-002
 5.5736918e-002
 5.5728856e-002
 5.5725444e-002
 5.5728685e-002
 5.5740550e-002
 5.5762824e-002
 5.5796899e-002
 5.5843536e-002
 5.5902567e-002
 5.5972882e-002
 5.6052499e-002
 5.6138724e-002
 5.6228530e-002
 5.6318715e-002
 5.6405969e-002
 5.6487124e-002
 5.6559160e-002
 5.6619402e-002
 5.6665543e-002
 5.6695815e-002
 5.6708854e-002
 5.6703601e-002
 5.6679219e-002
 5.6634970e-002
 5.6570280e-002
 5.6484796e-002
 5.6378610e-002
 5.6252692e-002
 5.6109000e-002
 5.5950690e-002
 5.5781949e-002
 5.5607859e-002
 5.5433840e-002
 5.5265497e-002
 5.5108521e-002
 5.4968204e-002
 5.4849245e-002
 5.4755386e-002
 5.4688901e-002
 5.4650556e-002
 5.4639738e-002
 5.4654788e-002
 5.4693397e-002
 5.4752976e-002
 5.4830760e-002
 5.4923985e-002
 5.5029914e-002
 5.5145759e-002
 5.5268861e-002
 5.5396602e-002
 5.5526350e-002
 5.5655621e-002
 5.5781957e-002
 5.5902973e-002
 5.6016296e-002
 5.6119811e-002
 5.6211691e-002
 5.6290518e-002
 5.6355555e-002
 5.6406729e-002
 5.6444585e-002
 5.6470200e-002
 5.6484949e-002
 5.6490362e-002
 5.6488007e-002
 5.6479454e-002
 5.6466233e-002
 5.6449857e-002
 5.6432460e-002
 5.6418695e-002
 5.6401849e-002
 5.6387231e-002
 5.6375775e-002
 5.6368444e-002
 5.6366175e-002
 5.6369934e-002
 5.6380659e-002
 5.6399308e-002
 5.6426834e-002
 5.6464028e-002
 5.6510165e-002
 5.6563728e-002
 5.6623183e-002
 5.6687012e-002
 5.6753643e-002
 5.6821555e-002
 5.6889214e-002
 5.6955110e-002
 5.7017665e-002
 5.7075355e-002
 5.7126660e-002
 5.7170041e-002
 5.7203945e-002
 5.7227008e-002
 5.7239253e-002
 5.7241462e-002
 5.7234425e-002
 5.7218935e-002
 5.7195786e-002
 5.7165768e-002
 5.7129666e-002
 5.7088286e-002
 5.7042405e-002
 5.6992825e-002
 5.6940313e-002
 5.6885697e-002
 5.6829747e-002
 5.6773253e-002
 5.6717023e-002
 5.6661811e-002
 5.6608453e-002
 5.6557655e-002
 5.6509685e-002
 5.6464508e-002
 5.6422148e-002
 5.6382570e-002
 5.6345776e-002
 5.6311741e-002
 5.6280475e-002
 5.6251954e-002
 5.6226172e-002
 5.6203112e-002
 5.6182776e-002
 5.6165140e-002
 5.6150205e-002
 5.6137960e-002
 5.6128386e-002
 5.6121480e-002
 5.6117229e-002
 5.6115624e-002
 5.6116655e-002
 5.6120310e-002
 5.6126576e-002
 5.6135446e-002
 5.6146868e-002
 5.6160778e-002
 5.6177113e-002
 5.6195807e-002
 5.6216810e-002
 5.6240041e-002
 5.6265444e-002
 5.6292944e-002
 5.6322489e-002
 5.6354020e-002
 5.6387458e-002
 5.6422748e-002
 5.6459818e-002
 5.6498624e-002
 5.6539077e-002
 5.6581128e-002
 5.6624703e-002
 5.6669749e-002
 5.6716204e-002
 5.6763995e-002
 5.6813054e-002
 5.6863323e-002
 5.6914758e-002
 5.6967255e-002
 5.7020780e-002
 5.7075240e-002
 5.7130501e-002
 5.7186332e-002
 5.7242543e-002
 5.7298936e-002
 5.7355292e-002
 5.7411443e-002
 5.7467140e-002
 5.7522211e-002
 5.7576433e-002
 5.7629634e-002
 5.7681587e-002
 5.7732083e-002
 5.7780936e-002
 5.7827950e-002
 5.7872899e-002
 5.7915594e-002
 5.7955828e-002
 5.7993408e-002
 5.8028121e-002
 5.8059756e-002
 5.8088124e-002
 5.8113027e-002
 5.8134258e-002
 5.8151599e-002
 5.8164857e-002
 5.8173843e-002
 5.8178335e-002
 5.8178142e-002
 5.8173049e-002
 5.8162902e-002
 5.8147788e-002
 5.8127929e-002
 5.8103554e-002
