s07_ASD Record=11767: Tremolite HS18.3              BECKc AREF
 3.8318875e-001
 3.8475552e-001
 3.8630474e-001
 3.8780385e-001
 3.8923773e-001
 3.9060825e-001
 3.9192921e-001
 3.9322057e-001
 3.9450517e-001
 3.9580444e-001
 3.9713424e-001
 3.9850098e-001
 3.9989904e-001
 4.0130779e-001
 4.0268910e-001
 4.0399292e-001
 4.0517208e-001
 4.0619779e-001
 4.0706840e-001
 4.0781018e-001
 4.0846866e-001
 4.0909269e-001
 4.0971836e-001
 4.1036159e-001
 4.1102189e-001
 4.1169208e-001
 4.1236976e-001
 4.1306236e-001
 4.1377974e-001
 4.1452309e-001
 4.1528291e-001
 4.1604719e-001
 4.1681045e-001
 4.1757908e-001
 4.1837534e-001
 4.1923025e-001
 4.2016655e-001
 4.2118570e-001
 4.2226437e-001
 4.2336226e-001
 4.2443869e-001
 4.2546630e-001
 4.2643696e-001
 4.2735979e-001
 4.2825469e-001
 4.2914513e-001
 4.3005019e-001
 4.3097773e-001
 4.3191847e-001
 4.3284470e-001
 4.3371400e-001
 4.3447879e-001
 4.3510216e-001
 4.3557715e-001
 4.3594059e-001
 4.3627226e-001
 4.3667501e-001
 4.3722725e-001
 4.3795839e-001
 4.3886673e-001
 4.3987647e-001
 4.4089037e-001
 4.4186848e-001
 4.4277561e-001
 4.4357622e-001
 4.4429362e-001
 4.4500339e-001
 4.4579017e-001
 4.4672814e-001
 4.4785884e-001
 4.4917253e-001
 4.5061174e-001
 4.5209816e-001
 4.5356047e-001
 4.5495036e-001
 4.5624626e-001
 4.5744559e-001
 4.5855135e-001
 4.5956087e-001
 4.6046364e-001
 4.6125036e-001
 4.6192732e-001
 4.6252668e-001
 4.6310240e-001
 4.6371189e-001
 4.6439233e-001
 4.6514720e-001
 4.6595240e-001
 4.6677870e-001
 4.6761853e-001
 4.6850094e-001
 4.6948597e-001
 4.7063920e-001
 4.7199965e-001
 4.7355661e-001
 4.7524607e-001
 4.7696632e-001
 4.7860461e-001
 4.8006174e-001
 4.8126376e-001
 4.8217237e-001
 4.8280168e-001
 4.8323011e-001
 4.8359486e-001
 4.8405787e-001
 4.8473907e-001
 4.8565775e-001
 4.8673287e-001
 4.8783651e-001
 4.8886234e-001
 4.8976323e-001
 4.9054337e-001
 4.9122435e-001
 4.9181214e-001
 4.9228445e-001
 4.9261135e-001
 4.9280408e-001
 4.9295649e-001
 4.9323574e-001
 4.9381512e-001
 4.9478760e-001
 4.9610868e-001
 4.9759692e-001
 4.9900115e-001
 5.0011718e-001
 5.0089657e-001
 5.0146997e-001
 5.0205463e-001
 5.0280577e-001
 5.0371987e-001
 5.0465310e-001
 5.0542420e-001
 5.0591832e-001
 5.0613451e-001
 5.0617242e-001
 5.0618112e-001
 5.0629270e-001
 5.0656515e-001
 5.0696808e-001
 5.0742716e-001
 5.0789952e-001
 5.0841767e-001
 5.0906169e-001
 5.0988120e-001
 5.1083875e-001
 5.1182610e-001
 5.1273459e-001
 5.1351076e-001
 5.1415229e-001
 5.1466864e-001
 5.1505506e-001
 5.1529288e-001
 5.1535261e-001
 5.1520759e-001
 5.1488769e-001
 5.1455522e-001
 5.1450473e-001
 5.1501268e-001
 5.1612192e-001
 5.1757455e-001
 5.1898968e-001
 5.2011597e-001
 5.2091503e-001
 5.2146661e-001
 5.2187896e-001
 5.2228010e-001
 5.2279508e-001
 5.2346903e-001
 5.2423382e-001
 5.2498066e-001
 5.2565539e-001
 5.2627832e-001
 5.2689582e-001
 5.2753633e-001
 5.2820063e-001
 5.2885652e-001
 5.2942455e-001
 5.2980119e-001
 5.2994841e-001
 5.2997518e-001
 5.3010386e-001
 5.3052807e-001
 5.3129357e-001
 5.3230190e-001
 5.3339744e-001
 5.3442860e-001
 5.3525054e-001
 5.3574848e-001
 5.3593284e-001
 5.3600246e-001
 5.3623706e-001
 5.3677160e-001
 5.3747743e-001
 5.3808147e-001
 5.3840905e-001
 5.3852183e-001
 5.3863806e-001
 5.3894621e-001
 5.3949571e-001
 5.4021317e-001
 5.4096138e-001
 5.4159558e-001
 5.4204136e-001
 5.4237831e-001
 5.4282761e-001
 5.4358166e-001
 5.4458570e-001
 5.4550982e-001
 5.4600656e-001
 5.4601294e-001
 5.4578334e-001
 5.4568088e-001
 5.4598176e-001
 5.4676163e-001
 5.4780740e-001
 5.4869741e-001
 5.4915494e-001
 5.4930890e-001
 5.4946101e-001
 5.4967952e-001
 5.4983836e-001
 5.4996550e-001
 5.5026454e-001
 5.5080038e-001
 5.5139923e-001
 5.5186474e-001
 5.5211675e-001
 5.5215460e-001
 5.5208522e-001
 5.5218017e-001
 5.5270398e-001
 5.5362439e-001
 5.5459386e-001
 5.5524987e-001
 5.5548364e-001
 5.5542374e-001
 5.5523437e-001
 5.5499417e-001
 5.5477953e-001
 5.5477726e-001
 5.5519384e-001
 5.5604428e-001
 5.5709958e-001
 5.5804878e-001
 5.5867219e-001
 5.5888277e-001
 5.5868351e-001
 5.5817240e-001
 5.5762112e-001
 5.5743736e-001
 5.5786556e-001
 5.5870962e-001
 5.5945569e-001
 5.5972409e-001
 5.5966592e-001
 5.5987966e-001
 5.6074864e-001
 5.6187266e-001
 5.6245005e-001
 5.6226450e-001
 5.6187439e-001
 5.6181067e-001
 5.6205237e-001
 5.6230557e-001
 5.6239563e-001
 5.6233555e-001
 5.6231612e-001
 5.6266397e-001
 5.6350642e-001
 5.6446022e-001
 5.6497639e-001
 5.6502426e-001
 5.6512004e-001
 5.6558853e-001
 5.6611222e-001
 5.6620288e-001
 5.6586051e-001
 5.6554729e-001
 5.6563890e-001
 5.6606382e-001
 5.6645536e-001
 5.6652987e-001
 5.6635624e-001
 5.6629831e-001
 5.6664914e-001
 5.6730324e-001
 5.6783098e-001
 5.6789005e-001
 5.6751508e-001
 5.6701028e-001
 5.6666929e-001
 5.6659335e-001
 5.6666112e-001
 5.6666237e-001
 5.6659621e-001
 5.6683195e-001
 5.6769228e-001
 5.6883454e-001
 5.6954241e-001
 5.6977367e-001
 5.7024419e-001
 5.7123321e-001
 5.7207149e-001
 5.7213080e-001
 5.7164723e-001
 5.7127714e-001
 5.7132798e-001
 5.7162714e-001
 5.7183808e-001
 5.7176381e-001
 5.7150972e-001
 5.7145387e-001
 5.7192808e-001
 5.7281649e-001
 5.7357836e-001
 5.7377869e-001
 5.7351524e-001
 5.7328326e-001
 5.7357711e-001
 5.7451761e-001
 5.7573664e-001
 5.7671207e-001
 5.7720196e-001
 5.7730132e-001
 5.7719243e-001
 5.7695580e-001
 5.7656401e-001
 5.7597834e-001
 5.7523084e-001
 5.7444400e-001
 5.7381684e-001
 5.7359016e-001
 5.7394391e-001
 5.7481909e-001
 5.7581890e-001
 5.7638752e-001
 5.7620698e-001
 5.7546413e-001
 5.7470268e-001
 5.7438636e-001
 5.7458454e-001
 5.7503301e-001
 5.7543027e-001
 5.7565862e-001
 5.7578224e-001
 5.7591355e-001
 5.7611185e-001
 5.7638860e-001
 5.7677191e-001
 5.7732970e-001
 5.7807368e-001
 5.7878947e-001
 5.7902271e-001
 5.7856321e-001
 5.7803047e-001
 5.7816440e-001
 5.7902467e-001
 5.8003479e-001
 5.8050799e-001
 5.8020973e-001
 5.7948560e-001
 5.7881540e-001
 5.7839715e-001
 5.7828367e-001
 5.7861727e-001
 5.7948071e-001
 5.8069438e-001
 5.8194172e-001
 5.8296430e-001
 5.8354485e-001
 5.8351088e-001
 5.8296782e-001
 5.8239537e-001
 5.8227789e-001
 5.8267295e-001
 5.8319819e-001
 5.8342355e-001
 5.8339727e-001
 5.8367163e-001
 5.8451796e-001
 5.8540487e-001
 5.8564860e-001
 5.8529186e-001
 5.8508581e-001
 5.8569223e-001
 5.8677369e-001
 5.8710277e-001
 5.8609825e-001
 5.8466983e-001
 5.8382928e-001
 5.8350533e-001
 5.8361256e-001
 5.8484775e-001
 5.8709681e-001
 5.8849424e-001
 5.8775848e-001
 5.8618736e-001
 5.8552492e-001
 5.8619118e-001
 5.8707261e-001
 5.8735424e-001
 5.8782446e-001
 5.8893460e-001
 5.8988762e-001
 5.8979857e-001
 5.8849257e-001
 5.8642411e-001
 5.8431953e-001
 5.8307403e-001
 5.8365577e-001
 5.8657140e-001
 5.9093446e-001
 5.9457016e-001
 5.9549493e-001
 5.9352481e-001
 5.9025866e-001
 5.8752871e-001
 5.8609855e-001
 5.8562285e-001
 5.8549589e-001
 5.8544880e-001
 5.8558887e-001
 5.8608335e-001
 5.8687621e-001
 5.8770216e-001
 5.8830035e-001
 5.8854306e-001
 5.8844572e-001
 5.8810425e-001
 5.8770734e-001
 5.8720559e-001
 5.8677053e-001
 5.8647871e-001
 5.8627748e-001
 5.8606243e-001
 5.8572882e-001
 5.8522570e-001
 5.8485335e-001
 5.8505327e-001
 5.8626783e-001
 5.8880377e-001
 5.9207767e-001
 5.9514564e-001
 5.9706318e-001
 5.9705603e-001
 5.9548086e-001
 5.9315240e-001
 5.9088677e-001
 5.8939439e-001
 5.8867890e-001
 5.8844799e-001
 5.8844274e-001
 5.8832377e-001
 5.8801830e-001
 5.8765632e-001
 5.8737630e-001
 5.8731705e-001
 5.8761060e-001
 5.8823723e-001
 5.8902639e-001
 5.8980173e-001
 5.9038603e-001
 5.9060836e-001
 5.9042293e-001
 5.8990753e-001
 5.8914542e-001
 5.8821946e-001
 5.8721322e-001
 5.8620685e-001
 5.8527899e-001
 5.8450782e-001
 5.8397168e-001
 5.8374882e-001
 5.8388394e-001
 5.8429158e-001
 5.8485478e-001
 5.8545661e-001
 5.8598000e-001
 5.8630800e-001
 5.8634901e-001
 5.8610964e-001
 5.8561969e-001
 5.8490938e-001
 5.8400840e-001
 5.8294719e-001
 5.8175546e-001
 5.8046699e-001
 5.7912970e-001
 5.7779455e-001
 5.7651299e-001
 5.7533586e-001
 5.7431477e-001
 5.7350057e-001
 5.7294458e-001
 5.7267773e-001
 5.7265466e-001
 5.7281202e-001
 5.7308644e-001
 5.7341462e-001
 5.7373321e-001
 5.7397884e-001
 5.7408822e-001
 5.7401544e-001
 5.7377970e-001
 5.7341528e-001
 5.7295650e-001
 5.7243782e-001
 5.7189339e-001
 5.7135773e-001
 5.7086504e-001
 5.7044071e-001
 5.7007653e-001
 5.6975704e-001
 5.6946641e-001
 5.6918901e-001
 5.6890911e-001
 5.6861097e-001
 5.6827891e-001
 5.6789732e-001
 5.6745046e-001
 5.6692255e-001
 5.6629795e-001
 5.6556743e-001
 5.6474519e-001
 5.6385040e-001
 5.6290275e-001
 5.6192142e-001
 5.6092608e-001
 5.5993593e-001
 5.5897045e-001
 5.5804908e-001
 5.5719113e-001
 5.5641627e-001
 5.5574363e-001
 5.5518609e-001
 5.5473208e-001
 5.5436516e-001
 5.5406833e-001
 5.5382514e-001
 5.5361861e-001
 5.5343217e-001
 5.5324906e-001
 5.5305266e-001
 5.5282611e-001
 5.5255264e-001
 5.5221951e-001
 5.5182701e-001
 5.5137873e-001
 5.5087787e-001
 5.5032790e-001
 5.4973221e-001
 5.4909420e-001
 5.4841721e-001
 5.4770470e-001
 5.4695994e-001
 5.4618907e-001
 5.4540712e-001
 5.4463077e-001
 5.4387730e-001
 5.4316348e-001
 5.4250640e-001
 5.4192287e-001
 5.4143012e-001
 5.4104471e-001
 5.4078400e-001
 5.4065377e-001
 5.4062241e-001
 5.4065037e-001
 5.4069811e-001
 5.4072577e-001
 5.4069394e-001
 5.4056305e-001
 5.4029334e-001
 5.3984517e-001
 5.3917909e-001
 5.3827536e-001
 5.3718156e-001
 5.3595990e-001
 5.3467196e-001
 5.3337979e-001
 5.3214508e-001
 5.3103000e-001
 5.3009623e-001
 5.2940571e-001
 5.2899235e-001
 5.2879626e-001
 5.2873862e-001
 5.2874035e-001
 5.2872229e-001
 5.2860552e-001
 5.2831101e-001
 5.2775955e-001
 5.2690738e-001
 5.2582616e-001
 5.2461195e-001
 5.2336019e-001
 5.2216679e-001
 5.2112728e-001
 5.2033746e-001
 5.1989305e-001
 5.1985210e-001
 5.2014983e-001
 5.2069688e-001
 5.2140343e-001
 5.2218002e-001
 5.2293700e-001
 5.2358484e-001
 5.2403384e-001
 5.2422482e-001
 5.2419645e-001
 5.2400714e-001
 5.2373070e-001
 5.2340782e-001
 5.2311152e-001
 5.2288455e-001
 5.2274650e-001
 5.2269685e-001
 5.2272224e-001
 5.2280295e-001
 5.2291691e-001
 5.2303988e-001
 5.2314425e-001
 5.2319884e-001
 5.2317053e-001
 5.2302599e-001
 5.2273679e-001
 5.2229011e-001
 5.2170211e-001
 5.2102250e-001
 5.2032620e-001
 5.1969874e-001
 5.1922137e-001
 5.1895201e-001
 5.1890677e-001
 5.1905274e-001
 5.1931924e-001
 5.1961744e-001
 5.1985985e-001
 5.1997846e-001
 5.1993984e-001
 5.1974964e-001
 5.1944482e-001
 5.1907879e-001
 5.1870704e-001
 5.1837504e-001
 5.1810974e-001
 5.1791698e-001
 5.1778525e-001
 5.1769286e-001
 5.1761478e-001
 5.1752824e-001
 5.1724446e-001
 5.1704574e-001
 5.1682907e-001
 5.1659203e-001
 5.1633477e-001
 5.1606011e-001
 5.1577342e-001
 5.1548249e-001
 5.1519763e-001
 5.1493096e-001
 5.1469570e-001
 5.1450539e-001
 5.1437229e-001
 5.1430541e-001
 5.1430923e-001
 5.1438260e-001
 5.1451838e-001
 5.1470381e-001
 5.1492137e-001
 5.1515085e-001
 5.1537186e-001
 5.1556557e-001
 5.1571703e-001
 5.1581621e-001
 5.1585871e-001
 5.1584589e-001
 5.1578569e-001
 5.1569206e-001
 5.1558369e-001
 5.1548266e-001
 5.1541138e-001
 5.1539069e-001
 5.1543784e-001
 5.1556498e-001
 5.1577818e-001
 5.1607698e-001
 5.1645362e-001
 5.1689440e-001
 5.1738048e-001
 5.1789004e-001
 5.1840162e-001
 5.1889640e-001
 5.1936108e-001
 5.1978999e-001
 5.2018523e-001
 5.2055657e-001
 5.2091926e-001
 5.2129132e-001
 5.2169085e-001
 5.2213287e-001
 5.2262759e-001
 5.2317935e-001
 5.2378690e-001
 5.2444482e-001
 5.2514499e-001
 5.2587920e-001
 5.2664030e-001
 5.2742326e-001
 5.2822602e-001
 5.2904814e-001
 5.2989006e-001
 5.3075117e-001
 5.3162861e-001
 5.3251702e-001
 5.3340781e-001
 5.3429079e-001
 5.3515619e-001
 5.3599590e-001
 5.3680640e-001
 5.3758895e-001
 5.3834975e-001
 5.3909957e-001
 5.3985077e-001
 5.4061568e-001
 5.4140389e-001
 5.4222047e-001
 5.4306597e-001
 5.4393554e-001
 5.4482138e-001
 5.4571337e-001
 5.4660165e-001
 5.4747832e-001
 5.4833806e-001
 5.4917884e-001
 5.5000073e-001
 5.5080509e-001
 5.5159307e-001
 5.5236405e-001
 5.5311471e-001
 5.5383962e-001
 5.5453169e-001
 5.5518430e-001
 5.5579293e-001
 5.5635720e-001
 5.5688196e-001
 5.5737686e-001
 5.5785573e-001
 5.5833399e-001
 5.5882615e-001
 5.5934358e-001
 5.5989200e-001
 5.6047124e-001
 5.6107503e-001
 5.6169242e-001
 5.6231040e-001
 5.6291598e-001
 5.6349897e-001
 5.6405330e-001
 5.6457794e-001
 5.6507647e-001
 5.6555498e-001
 5.6602067e-001
 5.6647873e-001
 5.6693125e-001
 5.6737649e-001
 5.6780928e-001
 5.6822258e-001
 5.6860977e-001
 5.6896657e-001
 5.6929243e-001
 5.6959057e-001
 5.6986749e-001
 5.7013112e-001
 5.7038879e-001
 5.7064605e-001
 5.7090563e-001
 5.7116807e-001
 5.7143253e-001
 5.7169837e-001
 5.7196689e-001
 5.7224184e-001
 5.7252955e-001
 5.7283795e-001
 5.7317495e-001
 5.7354647e-001
 5.7395446e-001
 5.7439560e-001
 5.7486111e-001
 5.7533693e-001
 5.7580566e-001
 5.7624865e-001
 5.7664829e-001
 5.7699114e-001
 5.7726902e-001
 5.7748049e-001
 5.7763058e-001
 5.7772970e-001
 5.7779163e-001
 5.7783145e-001
 5.7786322e-001
 5.7789820e-001
 5.7794404e-001
 5.7800448e-001
 5.7807994e-001
 5.7816869e-001
 5.7826841e-001
 5.7837719e-001
 5.7849455e-001
 5.7862157e-001
 5.7876039e-001
 5.7891315e-001
 5.7908082e-001
 5.7926208e-001
 5.7945269e-001
 5.7964545e-001
 5.7983184e-001
 5.8000296e-001
 5.8015174e-001
 5.8027458e-001
 5.8037204e-001
 5.8044863e-001
 5.8051223e-001
 5.8057183e-001
 5.8063620e-001
 5.8071202e-001
 5.8080345e-001
 5.8091164e-001
 5.8103567e-001
 5.8117366e-001
 5.8132344e-001
 5.8148360e-001
 5.8165342e-001
 5.8183229e-001
 5.8201969e-001
 5.8221370e-001
 5.8241117e-001
 5.8260745e-001
 5.8279663e-001
 5.8297253e-001
 5.8312941e-001
 5.8326310e-001
 5.8337128e-001
 5.8345413e-001
 5.8351409e-001
 5.8355528e-001
 5.8358306e-001
 5.8360314e-001
 5.8362091e-001
 5.8364105e-001
 5.8366698e-001
 5.8370125e-001
 5.8374572e-001
 5.8380198e-001
 5.8387202e-001
 5.8395833e-001
 5.8406425e-001
 5.8419335e-001
 5.8434904e-001
 5.8453327e-001
 5.8474565e-001
 5.8498210e-001
 5.8523482e-001
 5.8549213e-001
 5.8573973e-001
 5.8596265e-001
 5.8614784e-001
 5.8628696e-001
 5.8637828e-001
 5.8642781e-001
 5.8644867e-001
 5.8645880e-001
 5.8647746e-001
 5.8652139e-001
 5.8660114e-001
 5.8671874e-001
 5.8686721e-001
 5.8703202e-001
 5.8719414e-001
 5.8733368e-001
 5.8743411e-001
 5.8748502e-001
 5.8748394e-001
 5.8743662e-001
 5.8735573e-001
 5.8725870e-001
 5.8716488e-001
 5.8709282e-001
 5.8705795e-001
 5.8707076e-001
 5.8713591e-001
 5.8725208e-001
 5.8741224e-001
 5.8760512e-001
 5.8781624e-001
 5.8802974e-001
 5.8823007e-001
 5.8840352e-001
 5.8853954e-001
 5.8863163e-001
 5.8867782e-001
 5.8868057e-001
 5.8864611e-001
 5.8858335e-001
 5.8850241e-001
 5.8841276e-001
 5.8832186e-001
 5.8823365e-001
 5.8814806e-001
 5.8806098e-001
 5.8796513e-001
 5.8785176e-001
 5.8771271e-001
 5.8754236e-001
 5.8733964e-001
 5.8710873e-001
 5.8685935e-001
 5.8660537e-001
 5.8636355e-001
 5.8615100e-001
 5.8598316e-001
 5.8587211e-001
 5.8582503e-001
 5.8584428e-001
 5.8592737e-001
 5.8606780e-001
 5.8625662e-001
 5.8648306e-001
 5.8673620e-001
 5.8700573e-001
 5.8728236e-001
 5.8755821e-001
 5.8782685e-001
 5.8808303e-001
 5.8832222e-001
 5.8854043e-001
 5.8873397e-001
 5.8889925e-001
 5.8903331e-001
 5.8913374e-001
 5.8919954e-001
 5.8923167e-001
 5.8923352e-001
 5.8921117e-001
 5.8917320e-001
 5.8913010e-001
 5.8909333e-001
 5.8907372e-001
 5.8908021e-001
 5.8911854e-001
 5.8919013e-001
 5.8929223e-001
 5.8941770e-001
 5.8955640e-001
 5.8969665e-001
 5.8982641e-001
 5.8993536e-001
 5.9001595e-001
 5.9006375e-001
 5.9007812e-001
 5.9006131e-001
 5.9001744e-001
 5.8995169e-001
 5.8986902e-001
 5.8977365e-001
 5.8966881e-001
 5.8955717e-001
 5.8944154e-001
 5.8932573e-001
 5.8921504e-001
 5.8911604e-001
 5.8903623e-001
 5.8898252e-001
 5.8896011e-001
 5.8897102e-001
 5.8901358e-001
 5.8908242e-001
 5.8916938e-001
 5.8926505e-001
 5.8936024e-001
 5.8944756e-001
 5.8952224e-001
 5.8958220e-001
 5.8962810e-001
 5.8966219e-001
 5.8968776e-001
 5.8970839e-001
 5.8972758e-001
 5.8974832e-001
 5.8977312e-001
 5.8980381e-001
 5.8984119e-001
 5.8988464e-001
 5.8993149e-001
 5.8997720e-001
 5.9001517e-001
 5.9003758e-001
 5.9003651e-001
 5.9000510e-001
 5.8993858e-001
 5.8983517e-001
 5.8969605e-001
 5.8952439e-001
 5.8932406e-001
 5.8909786e-001
 5.8884543e-001
 5.8856201e-001
 5.8823735e-001
 5.8785599e-001
 5.8739853e-001
 5.8684295e-001
 5.8616775e-001
 5.8535379e-001
 5.8438730e-001
 5.8326125e-001
 5.8197570e-001
 5.8053881e-001
 5.7896566e-001
 5.7727665e-001
 5.7549721e-001
 5.7365370e-001
 5.7177144e-001
 5.6986785e-001
 5.6794304e-001
 5.6597018e-001
 5.6388044e-001
 5.6155312e-001
 5.5880851e-001
 5.5541015e-001
 5.5108374e-001
 5.4554552e-001
 5.3855032e-001
 5.2994365e-001
 5.1971030e-001
 5.0802350e-001
 4.9525675e-001
 4.8198727e-001
 4.6895590e-001
 4.5699814e-001
 4.4696903e-001
 4.3964303e-001
 4.3562168e-001
 4.3526468e-001
 4.3864042e-001
 4.4551709e-001
 4.5538855e-001
 4.6754122e-001
 4.8113167e-001
 4.9529466e-001
 5.0922549e-001
 5.2225965e-001
 5.3392506e-001
 5.4394728e-001
 5.5224752e-001
 5.5889881e-001
 5.6408334e-001
 5.6804436e-001
 5.7103878e-001
 5.7330900e-001
 5.7506025e-001
 5.7645315e-001
 5.7760465e-001
 5.7859212e-001
 5.7946324e-001
 5.8024323e-001
 5.8094341e-001
 5.8156729e-001
 5.8211505e-001
 5.8258665e-001
 5.8298415e-001
 5.8331186e-001
 5.8357710e-001
 5.8378929e-001
 5.8395952e-001
 5.8409989e-001
 5.8422261e-001
 5.8433974e-001
 5.8446294e-001
 5.8460307e-001
 5.8476985e-001
 5.8497071e-001
 5.8521026e-001
 5.8548874e-001
 5.8580142e-001
 5.8613831e-001
 5.8648455e-001
 5.8682227e-001
 5.8713287e-001
 5.8739978e-001
 5.8761132e-001
 5.8776265e-001
 5.8785683e-001
 5.8790433e-001
 5.8792126e-001
 5.8792651e-001
 5.8793861e-001
 5.8797252e-001
 5.8803707e-001
 5.8813411e-001
 5.8825815e-001
 5.8839864e-001
 5.8854240e-001
 5.8867681e-001
 5.8879280e-001
 5.8888680e-001
 5.8896112e-001
 5.8902282e-001
 5.8908147e-001
 5.8914614e-001
 5.8922297e-001
 5.8931333e-001
 5.8941388e-001
 5.8951801e-001
 5.8961791e-001
 5.8970731e-001
 5.8978361e-001
 5.8984828e-001
 5.8990693e-001
 5.8996725e-001
 5.9003645e-001
 5.9011948e-001
 5.9021699e-001
 5.9032500e-001
 5.9043586e-001
 5.9053963e-001
 5.9062678e-001
 5.9069037e-001
 5.9072769e-001
 5.9074098e-001
 5.9073746e-001
 5.9072727e-001
 5.9072185e-001
 5.9073120e-001
 5.9076226e-001
 5.9081751e-001
 5.9089512e-001
 5.9098995e-001
 5.9109592e-001
 5.9120744e-001
 5.9132171e-001
 5.9143865e-001
 5.9156072e-001
 5.9169066e-001
 5.9182936e-001
 5.9197348e-001
 5.9211451e-001
 5.9223843e-001
 5.9232771e-001
 5.9236443e-001
 5.9233314e-001
 5.9222478e-001
 5.9203839e-001
 5.9178233e-001
 5.9147310e-001
 5.9113348e-001
 5.9078920e-001
 5.9046555e-001
 5.9018439e-001
 5.8996159e-001
 5.8980584e-001
 5.8971870e-001
 5.8969569e-001
 5.8972812e-001
 5.8980542e-001
 5.8991688e-001
 5.9005338e-001
 5.9020776e-001
 5.9037507e-001
 5.9055173e-001
 5.9073448e-001
 5.9091932e-001
 5.9110099e-001
 5.9127301e-001
 5.9142798e-001
 5.9155810e-001
 5.9165573e-001
 5.9171396e-001
 5.9172732e-001
 5.9169292e-001
 5.9161067e-001
 5.9148401e-001
 5.9131974e-001
 5.9112811e-001
 5.9092206e-001
 5.9071678e-001
 5.9052867e-001
 5.9037310e-001
 5.9026337e-001
 5.9020865e-001
 5.9021330e-001
 5.9027612e-001
 5.9039098e-001
 5.9054738e-001
 5.9073168e-001
 5.9092909e-001
 5.9112573e-001
 5.9131050e-001
 5.9147656e-001
 5.9162182e-001
 5.9174854e-001
 5.9186184e-001
 5.9196788e-001
 5.9207189e-001
 5.9217650e-001
 5.9228098e-001
 5.9238166e-001
 5.9247291e-001
 5.9254873e-001
 5.9260368e-001
 5.9263438e-001
 5.9263968e-001
 5.9262103e-001
 5.9258240e-001
 5.9252918e-001
 5.9246683e-001
 5.9239990e-001
 5.9233028e-001
 5.9225720e-001
 5.9217733e-001
 5.9208637e-001
 5.9198058e-001
 5.9185892e-001
 5.9172463e-001
 5.9158540e-001
 5.9145260e-001
 5.9133983e-001
 5.9126073e-001
 5.9122723e-001
 5.9124780e-001
 5.9132701e-001
 5.9146458e-001
 5.9165567e-001
 5.9189129e-001
 5.9215933e-001
 5.9244591e-001
 5.9273630e-001
 5.9301633e-001
 5.9327346e-001
 5.9349746e-001
 5.9368110e-001
 5.9382063e-001
 5.9391576e-001
 5.9396952e-001
 5.9398812e-001
 5.9397978e-001
 5.9395403e-001
 5.9391999e-001
 5.9388512e-001
 5.9385419e-001
 5.9382784e-001
 5.9380305e-001
 5.9377289e-001
 5.9372807e-001
 5.9365845e-001
 5.9355497e-001
 5.9341139e-001
 5.9322602e-001
 5.9300196e-001
 5.9274745e-001
 5.9247440e-001
 5.9219700e-001
 5.9192950e-001
 5.9168416e-001
 5.9146947e-001
 5.9128934e-001
 5.9114242e-001
 5.9102345e-001
 5.9092402e-001
 5.9083492e-001
 5.9074742e-001
 5.9065533e-001
 5.9055609e-001
 5.9045088e-001
 5.9034449e-001
 5.9024453e-001
 5.9016031e-001
 5.9010100e-001
 5.9007508e-001
 5.9008867e-001
 5.9014541e-001
 5.9024584e-001
 5.9038800e-001
 5.9056723e-001
 5.9077716e-001
 5.9100991e-001
 5.9125686e-001
 5.9150898e-001
 5.9175754e-001
 5.9199417e-001
 5.9221154e-001
 5.9240347e-001
 5.9256506e-001
 5.9269297e-001
 5.9278554e-001
 5.9284222e-001
 5.9286398e-001
 5.9285259e-001
 5.9281087e-001
 5.9274209e-001
 5.9264982e-001
 5.9253812e-001
 5.9241104e-001
 5.9227282e-001
 5.9212768e-001
 5.9197980e-001
 5.9183329e-001
 5.9169179e-001
 5.9155864e-001
 5.9143615e-001
 5.9132600e-001
 5.9122849e-001
 5.9114289e-001
 5.9106725e-001
 5.9099847e-001
 5.9093255e-001
 5.9086508e-001
 5.9079152e-001
 5.9070814e-001
 5.9061277e-001
 5.9050542e-001
 5.9038907e-001
 5.9026945e-001
 5.9015507e-001
 5.9005606e-001
 5.8998328e-001
 5.8994645e-001
 5.8995271e-001
 5.9000540e-001
 5.9010327e-001
 5.9024072e-001
 5.9040856e-001
 5.9059519e-001
 5.9078795e-001
 5.9097391e-001
 5.9114158e-001
 5.9128082e-001
 5.9138381e-001
 5.9144497e-001
 5.9146130e-001
 5.9143239e-001
 5.9136033e-001
 5.9124988e-001
 5.9110832e-001
 5.9094530e-001
 5.9077251e-001
 5.9060305e-001
 5.9045070e-001
 5.9032851e-001
 5.9024793e-001
 5.9021717e-001
 5.9024066e-001
 5.9031802e-001
 5.9044409e-001
 5.9060937e-001
 5.9080106e-001
 5.9100431e-001
 5.9120393e-001
 5.9138626e-001
 5.9154016e-001
 5.9165841e-001
 5.9173787e-001
 5.9177965e-001
 5.9178835e-001
 5.9177125e-001
 5.9173709e-001
 5.9169513e-001
 5.9165400e-001
 5.9162098e-001
 5.9160173e-001
 5.9160000e-001
 5.9161764e-001
 5.9165525e-001
 5.9171194e-001
 5.9178621e-001
 5.9187579e-001
 5.9197831e-001
 5.9209102e-001
 5.9221113e-001
 5.9233570e-001
 5.9246176e-001
 5.9258604e-001
 5.9270513e-001
 5.9281534e-001
 5.9291261e-001
 5.9299260e-001
 5.9305066e-001
 5.9308195e-001
 5.9308147e-001
 5.9304440e-001
 5.9296596e-001
 5.9284168e-001
 5.9266776e-001
 5.9244120e-001
 5.9216011e-001
 5.9182429e-001
 5.9143585e-001
 5.9099966e-001
 5.9052449e-001
 5.9002298e-001
 5.8951211e-001
 5.8901262e-001
 5.8854818e-001
 5.8814371e-001
 5.8782268e-001
 5.8760500e-001
 5.8750433e-001
 5.8752573e-001
 5.8766448e-001
 5.8790594e-001
 5.8822614e-001
 5.8859450e-001
 5.8897656e-001
 5.8933783e-001
 5.8964759e-001
 5.8988172e-001
 5.9002507e-001
 5.9007275e-001
 5.9002930e-001
 5.8990753e-001
 5.8972609e-001
 5.8950686e-001
 5.8927232e-001
 5.8904314e-001
 5.8883643e-001
 5.8866507e-001
 5.8853680e-001
 5.8845484e-001
 5.8841813e-001
 5.8842224e-001
 5.8846039e-001
 5.8852369e-001
 5.8860248e-001
 5.8868647e-001
 5.8876550e-001
 5.8883017e-001
 5.8887178e-001
 5.8888304e-001
 5.8885795e-001
 5.8879238e-001
 5.8868361e-001
 5.8853036e-001
 5.8833325e-001
 5.8809453e-001
 5.8781838e-001
 5.8751011e-001
 5.8717614e-001
 5.8682340e-001
 5.8645922e-001
 5.8609062e-001
 5.8572435e-001
 5.8536667e-001
 5.8499664e-001
 5.8466733e-001
 5.8436346e-001
 5.8409005e-001
 5.8385158e-001
 5.8365190e-001
 5.8349383e-001
 5.8337927e-001
 5.8330959e-001
 5.8328581e-001
 5.8330864e-001
 5.8337849e-001
 5.8349484e-001
 5.8365560e-001
 5.8385611e-001
 5.8408839e-001
 5.8434081e-001
 5.8459860e-001
 5.8484441e-001
 5.8505929e-001
 5.8522379e-001
 5.8531880e-001
 5.8532655e-001
 5.8523291e-001
 5.8502948e-001
 5.8471602e-001
 5.8430147e-001
 5.8380294e-001
 5.8324343e-001
 5.8264959e-001
 5.8204961e-001
 5.8147132e-001
 5.8094108e-001
 5.8048123e-001
 5.8010775e-001
 5.7982767e-001
 5.7963860e-001
 5.7952923e-001
 5.7948196e-001
 5.7947534e-001
 5.7948619e-001
 5.7949114e-001
 5.7946837e-001
 5.7939923e-001
 5.7927072e-001
 5.7907742e-001
 5.7882231e-001
 5.7851589e-001
 5.7817447e-001
 5.7781744e-001
 5.7746583e-001
 5.7714069e-001
 5.7686186e-001
 5.7664663e-001
 5.7650733e-001
 5.7645011e-001
 5.7647419e-001
 5.7657218e-001
 5.7673228e-001
 5.7693982e-001
 5.7717860e-001
 5.7743239e-001
 5.7768494e-001
 5.7792109e-001
 5.7812709e-001
 5.7829130e-001
 5.7840449e-001
 5.7845944e-001
 5.7845044e-001
 5.7837290e-001
 5.7822257e-001
 5.7799590e-001
 5.7769001e-001
 5.7730371e-001
 5.7683814e-001
 5.7629812e-001
 5.7569230e-001
 5.7503265e-001
 5.7433385e-001
 5.7361180e-001
 5.7288331e-001
 5.7216489e-001
 5.7147139e-001
 5.7081532e-001
 5.7020408e-001
 5.6963897e-001
 5.6911409e-001
 5.6861711e-001
 5.6813097e-001
 5.6763601e-001
 5.6711125e-001
 5.6653601e-001
 5.6589144e-001
 5.6516260e-001
 5.6434149e-001
 5.6342876e-001
 5.6243575e-001
 5.6138217e-001
 5.6029510e-001
 5.5920535e-001
 5.5814517e-001
 5.5714720e-001
 5.5624187e-001
 5.5545557e-001
 5.5480754e-001
 5.5430722e-001
 5.5395341e-001
 5.5373508e-001
 5.5363423e-001
 5.5362844e-001
 5.5369347e-001
 5.5380476e-001
 5.5393881e-001
 5.5407488e-001
 5.5419695e-001
 5.5429518e-001
 5.5436689e-001
 5.5441570e-001
 5.5444980e-001
 5.5448031e-001
 5.5451941e-001
 5.5457962e-001
 5.5467242e-001
 5.5480736e-001
 5.5499035e-001
 5.5522263e-001
 5.5550009e-001
 5.5581385e-001
 5.5615157e-001
 5.5649877e-001
 5.5684006e-001
 5.5715996e-001
 5.5744392e-001
 5.5767912e-001
 5.5785596e-001
 5.5796903e-001
 5.5801773e-001
 5.5800569e-001
 5.5793971e-001
 5.5782849e-001
 5.5768156e-001
 5.5750883e-001
 5.5732012e-001
 5.5712485e-001
 5.5693179e-001
 5.5674887e-001
 5.5658293e-001
 5.5644006e-001
 5.5632544e-001
 5.5624413e-001
 5.5620068e-001
 5.5619943e-001
 5.5624396e-001
 5.5633676e-001
 5.5647796e-001
 5.5666500e-001
 5.5689216e-001
 5.5715066e-001
 5.5742985e-001
 5.5771768e-001
 5.5800158e-001
 5.5826896e-001
 5.5850780e-001
 5.5870730e-001
 5.5885863e-001
 5.5895585e-001
 5.5899602e-001
 5.5897903e-001
 5.5890673e-001
 5.5878240e-001
 5.5860966e-001
 5.5839258e-001
 5.5813533e-001
 5.5784190e-001
 5.5751640e-001
 5.5716294e-001
 5.5678558e-001
 5.5638844e-001
 5.5597550e-001
 5.5555087e-001
 5.5511862e-001
 5.5468273e-001
 5.5424750e-001
 5.5381727e-001
 5.5339664e-001
 5.5299079e-001
 5.5260503e-001
 5.5224532e-001
 5.5191779e-001
 5.5162877e-001
 5.5138451e-001
 5.5119115e-001
 5.5105394e-001
 5.5097687e-001
 5.5096126e-001
 5.5100530e-001
 5.5110347e-001
 5.5124694e-001
 5.5142450e-001
 5.5162352e-001
 5.5183071e-001
 5.5203313e-001
 5.5221856e-001
 5.5237740e-001
 5.5250382e-001
 5.5259722e-001
 5.5266273e-001
 5.5271095e-001
 5.5275613e-001
 5.5281478e-001
 5.5290455e-001
 5.5304283e-001
 5.5324560e-001
 5.5352604e-001
 5.5389225e-001
 5.5434525e-001
 5.5487889e-001
 5.5547994e-001
 5.5613047e-001
 5.5680895e-001
 5.5749297e-001
 5.5815989e-001
 5.5878723e-001
 5.5935442e-001
 5.5984384e-001
 5.6024098e-001
 5.6053597e-001
 5.6072253e-001
 5.6079698e-001
 5.6075740e-001
 5.6060302e-001
 5.6033355e-001
 5.5995035e-001
 5.5945706e-001
 5.5886108e-001
 5.5817604e-001
 5.5742103e-001
 5.5662060e-001
 5.5580389e-001
 5.5500185e-001
 5.5424649e-001
 5.5356884e-001
 5.5299801e-001
 5.5255693e-001
 5.5225933e-001
 5.5210638e-001
 5.5208504e-001
 5.5216950e-001
 5.5232483e-001
 5.5251038e-001
 5.5268329e-001
 5.5280060e-001
 5.5282217e-001
 5.5271399e-001
 5.5245233e-001
 5.5202740e-001
 5.5144507e-001
 5.5072469e-001
 5.4989678e-001
 5.4899722e-001
 5.4806465e-001
 5.4713869e-001
 5.4625618e-001
 5.4544926e-001
 5.4474187e-001
 5.4414701e-001
 5.4366499e-001
 5.4328489e-001
 5.4298788e-001
 5.4274994e-001
 5.4254484e-001
 5.4234642e-001
 5.4212987e-001
 5.4187453e-001
 5.4156595e-001
 5.4119909e-001
 5.4077858e-001
 5.4031777e-001
 5.3983718e-001
 5.3936064e-001
 5.3891385e-001
 5.3852236e-001
 5.3820920e-001
 5.3799212e-001
 5.3788036e-001
 5.3787118e-001
 5.3794867e-001
 5.3808504e-001
 5.3824371e-001
 5.3838307e-001
 5.3845924e-001
 5.3842837e-001
 5.3824937e-001
 5.3788692e-001
 5.3731579e-001
 5.3652406e-001
 5.3551483e-001
 5.3430426e-001
 5.3291947e-001
 5.3139251e-001
 5.2975833e-001
 5.2805388e-001
 5.2631462e-001
 5.2457458e-001
 5.2286667e-001
 5.2121943e-001
 5.1965761e-001
 5.1820403e-001
 5.1687783e-001
 5.1569700e-001
 5.1467842e-001
 5.1383871e-001
 5.1319182e-001
 5.1274824e-001
 5.1251286e-001
 5.1248187e-001
 5.1264292e-001
 5.1297516e-001
 5.1345193e-001
 5.1404303e-001
 5.1471686e-001
 5.1544130e-001
 5.1618624e-001
 5.1692504e-001
 5.1763630e-001
 5.1830721e-001
 5.1893365e-001
 5.1951903e-001
 5.2007300e-001
 5.2060872e-001
 5.2114058e-001
 5.2168339e-001
 5.2225089e-001
 5.2285433e-001
 5.2350008e-001
 5.2418917e-001
 5.2491593e-001
 5.2566832e-001
 5.2643043e-001
 5.2718365e-001
 5.2790785e-001
 5.2858359e-001
 5.2919239e-001
 5.2971905e-001
 5.3015310e-001
 5.3049123e-001
 5.3073770e-001
 5.3090364e-001
 5.3100532e-001
 5.3106189e-001
 5.3109396e-001
 5.3112185e-001
 5.3116453e-001
 5.3123742e-001
 5.3135020e-001
 5.3150457e-001
 5.3169364e-001
 5.3190249e-001
 5.3211045e-001
 5.3229362e-001
 5.3242630e-001
 5.3248346e-001
 5.3244209e-001
 5.3228432e-001
 5.3200042e-001
 5.3159207e-001
 5.3107327e-001
 5.3046966e-001
 5.2981478e-001
 5.2914721e-001
 5.2850801e-001
 5.2793753e-001
 5.2747387e-001
 5.2714974e-001
 5.2698797e-001
 5.2699888e-001
 5.2717829e-001
 5.2750927e-001
 5.2796549e-001
 5.2851504e-001
 5.2912301e-001
 5.2975440e-001
 5.3037536e-001
 5.3095466e-001
 5.3146678e-001
 5.3189325e-001
 5.3222311e-001
 5.3245282e-001
 5.3258401e-001
 5.3262144e-001
 5.3257138e-001
 5.3244078e-001
 5.3223699e-001
 5.3196764e-001
 5.3164047e-001
 5.3126395e-001
 5.3084701e-001
 5.3039902e-001
 5.2992976e-001
 5.2944899e-001
 5.2896678e-001
 5.2849293e-001
 5.2803636e-001
 5.2760512e-001
 5.2720493e-001
 5.2683860e-001
 5.2650607e-001
 5.2620417e-001
 5.2592766e-001
 5.2567029e-001
 5.2542484e-001
 5.2518409e-001
 5.2494043e-001
 5.2468646e-001
 5.2441442e-001
 5.2411646e-001
 5.2378458e-001
 5.2341044e-001
 5.2298564e-001
 5.2250201e-001
 5.2195090e-001
 5.2132410e-001
 5.2061337e-001
 5.1981199e-001
 5.1891363e-001
 5.1791364e-001
 5.1680988e-001
 5.1560104e-001
 5.1428705e-001
 5.1286942e-001
 5.1134938e-001
 5.0972873e-001
 5.0801188e-001
 5.0620526e-001
 5.0432038e-001
 5.0237507e-001
 5.0039583e-001
 4.9841464e-001
 4.9646810e-001
 4.9459711e-001
 4.9284187e-001
 4.9124101e-001
 4.8982885e-001
 4.8862723e-001
 4.8763943e-001
 4.8684284e-001
 4.8618692e-001
 4.8559484e-001
 4.8497102e-001
 4.8420903e-001
 4.8319766e-001
 4.8182639e-001
 4.7999328e-001
 4.7761211e-001
 4.7462395e-001
 4.7100994e-001
 4.6679106e-001
 4.6202675e-001
 4.5680305e-001
 4.5122629e-001
 4.4540668e-001
 4.3945506e-001
 4.3348193e-001
 4.2758167e-001
 4.2182899e-001
 4.1627571e-001
 4.1093978e-001
 4.0581349e-001
 4.0086815e-001
 3.9606667e-001
 3.9136267e-001
 3.8670802e-001
 3.8205826e-001
 3.7736779e-001
 3.7259501e-001
 3.6770704e-001
 3.6267364e-001
 3.5746980e-001
 3.5207829e-001
 3.4648079e-001
 3.4066194e-001
 3.3460742e-001
 3.2831231e-001
 3.2177746e-001
 3.1502023e-001
 3.0808526e-001
 3.0103743e-001
 2.9396415e-001
 2.8697446e-001
 2.8018197e-001
 2.7370572e-001
 2.6766163e-001
 2.6216140e-001
 2.5729376e-001
 2.5311688e-001
 2.4964957e-001
 2.4686094e-001
 2.4467845e-001
 2.4300005e-001
 2.4170370e-001
 2.4066038e-001
 2.3974329e-001
 2.3883696e-001
 2.3785281e-001
 2.3674676e-001
 2.3553628e-001
 2.3430526e-001
 2.3319839e-001
 2.3240580e-001
 2.3214312e-001
 2.3263741e-001
 2.3411340e-001
 2.3677973e-001
 2.4080889e-001
 2.4631403e-001
 2.5332165e-001
 2.6177058e-001
 2.7151835e-001
 2.8235453e-001
 2.9403934e-001
 3.0631700e-001
 3.1891933e-001
 3.3159393e-001
 3.4410384e-001
 3.5624644e-001
 3.6785299e-001
 3.7881079e-001
 3.8904926e-001
 3.9852226e-001
 4.0720996e-001
 4.1510153e-001
 4.2218509e-001
 4.2845821e-001
 4.3392277e-001
 4.3858486e-001
 4.4246531e-001
 4.4559562e-001
 4.4801858e-001
 4.4978324e-001
 4.5094508e-001
 4.5156121e-001
 4.5168886e-001
 4.5138508e-001
 4.5070454e-001
 4.4969907e-001
 4.4841555e-001
 4.4689593e-001
 4.4517720e-001
 4.4329426e-001
 4.4127882e-001
 4.3916094e-001
 4.3697050e-001
 4.3473196e-001
 4.3246189e-001
 4.3016526e-001
 4.2782745e-001
 4.2541423e-001
 4.2287597e-001
 4.2014936e-001
 4.1716516e-001
 4.1385138e-001
 4.1014057e-001
 4.0597019e-001
 4.0129113e-001
 3.9607957e-001
 3.9033735e-001
 3.8409799e-001
 3.7742957e-001
 3.7041926e-001
 3.6317006e-001
 3.5578990e-001
 3.4839329e-001
 3.4108818e-001
 3.3398050e-001
 3.2717866e-001
 3.2099721e-001
 3.1657925e-001
 3.1137937e-001
 3.0681834e-001
 3.0293399e-001
 2.9976565e-001
 2.9735205e-001
 2.9573357e-001
 2.9494879e-001
 2.9503697e-001
 2.9603729e-001
 2.9798052e-001
 3.0081093e-001
 3.0442753e-001
 3.0872875e-001
 3.1361407e-001
 3.1897950e-001
 3.2472444e-001
 3.3074722e-001
 3.3694768e-001
 3.4322113e-001
 3.4946737e-001
 3.5558468e-001
 3.6147279e-001
 3.6702722e-001
 3.7215585e-001
 3.7683979e-001
 3.8110012e-001
 3.8495919e-001
 3.8843665e-001
 3.9155495e-001
 3.9433557e-001
 3.9680055e-001
 3.9897016e-001
 4.0086657e-001
 4.0251121e-001
 4.0392590e-001
 4.0513137e-001
 4.0614957e-001
 4.0700191e-001
 4.0770990e-001
 4.0829515e-001
 4.0877888e-001
 4.0918133e-001
 4.0951076e-001
 4.0976915e-001
 4.0995845e-001
 4.1008052e-001
 4.1013736e-001
 4.1013086e-001
 4.1006297e-001
 4.0993562e-001
 4.0975073e-001
 4.0951025e-001
 4.0921611e-001
 4.0887022e-001
 4.0847450e-001
 4.0803093e-001
 4.0754136e-001
 4.0700781e-001
 4.0643221e-001
 4.0581647e-001
 4.0516233e-001
 4.0447205e-001
 4.0374744e-001
 4.0299052e-001
 4.0220451e-001
 4.0139392e-001
 4.0056255e-001
 3.9971450e-001
 3.9885396e-001
 3.9798456e-001
 3.9711091e-001
 3.9623696e-001
 3.9536664e-001
 3.9450392e-001
 3.9365324e-001
 3.9281839e-001
 3.9200354e-001
 3.9121258e-001
 3.9044991e-001
 3.8971946e-001
 3.8902524e-001
 3.8837135e-001
 3.8776174e-001
 3.8720074e-001
 3.8669232e-001
 3.8624045e-001
 3.8584927e-001
 3.8552293e-001
 3.8526541e-001
 3.8508031e-001
 3.8496709e-001
 3.8492343e-001
 3.8494676e-001
 3.8503459e-001
 3.8518444e-001
 3.8539386e-001
 3.8566026e-001
 3.8598129e-001
 3.8635430e-001
 3.8677710e-001
 3.8724691e-001
 3.8776129e-001
 3.8831779e-001
 3.8891417e-001
 3.8954750e-001
 3.9021558e-001
 3.9091581e-001
 3.9164594e-001
 3.9240313e-001
 3.9318505e-001
 3.9398921e-001
 3.9481318e-001
 3.9565462e-001
 3.9651066e-001
 3.9737898e-001
 3.9825720e-001
 3.9914292e-001
 4.0003330e-001
 4.0092608e-001
 4.0181881e-001
 4.0271002e-001
 4.0359795e-001
 4.0448135e-001
