s07_ASD Record=10142: Saponite SapCa-1.AcB          BECKb AREF
 3.6223611e-001
 3.6663756e-001
 3.7100798e-001
 3.7534264e-001
 3.7965098e-001
 3.8394892e-001
 3.8824883e-001
 3.9255100e-001
 3.9684242e-001
 4.0109935e-001
 4.0529516e-001
 4.0940562e-001
 4.1341355e-001
 4.1731101e-001
 4.2110422e-001
 4.2481643e-001
 4.2848340e-001
 4.3214613e-001
 4.3584293e-001
 4.3960369e-001
 4.4344318e-001
 4.4735616e-001
 4.5131823e-001
 4.5529041e-001
 4.5922840e-001
 4.6309000e-001
 4.6684715e-001
 4.7049457e-001
 4.7404653e-001
 4.7752473e-001
 4.8094937e-001
 4.8433810e-001
 4.8770717e-001
 4.9107644e-001
 4.9447411e-001
 4.9793324e-001
 5.0148326e-001
 5.0514084e-001
 5.0890380e-001
 5.1274765e-001
 5.1663053e-001
 5.2050221e-001
 5.2431327e-001
 5.2802575e-001
 5.3161711e-001
 5.3508103e-001
 5.3841937e-001
 5.4163295e-001
 5.4471296e-001
 5.4764104e-001
 5.5039585e-001
 5.5296332e-001
 5.5534583e-001
 5.5756330e-001
 5.5964977e-001
 5.6164664e-001
 5.6359857e-001
 5.6554323e-001
 5.6750011e-001
 5.6946599e-001
 5.7139593e-001
 5.7325482e-001
 5.7503241e-001
 5.7671469e-001
 5.7829738e-001
 5.7981211e-001
 5.8129412e-001
 5.8276719e-001
 5.8424991e-001
 5.8575827e-001
 5.8730298e-001
 5.8888465e-001
 5.9049362e-001
 5.9211540e-001
 5.9373730e-001
 5.9535313e-001
 5.9696472e-001
 5.9858322e-001
 6.0022956e-001
 6.0193342e-001
 6.0372764e-001
 6.0563630e-001
 6.0766262e-001
 6.0978168e-001
 6.1194497e-001
 6.1409384e-001
 6.1617565e-001
 6.1815619e-001
 6.2002325e-001
 6.2178308e-001
 6.2345213e-001
 6.2505090e-001
 6.2659943e-001
 6.2811834e-001
 6.2962949e-001
 6.3115525e-001
 6.3271344e-001
 6.3430798e-001
 6.3592303e-001
 6.3752496e-001
 6.3907522e-001
 6.4054567e-001
 6.4192879e-001
 6.4323765e-001
 6.4450073e-001
 6.4575666e-001
 6.4705247e-001
 6.4844495e-001
 6.4999437e-001
 6.5174770e-001
 6.5372193e-001
 6.5590209e-001
 6.5825528e-001
 6.6074789e-001
 6.6335309e-001
 6.6604936e-001
 6.6881877e-001
 6.7165071e-001
 6.7454123e-001
 6.7748433e-001
 6.8045902e-001
 6.8342769e-001
 6.8634826e-001
 6.8919152e-001
 6.9194573e-001
 6.9460249e-001
 6.9713837e-001
 6.9951183e-001
 7.0168614e-001
 7.0366031e-001
 7.0548469e-001
 7.0724976e-001
 7.0905489e-001
 7.1097511e-001
 7.1303427e-001
 7.1519679e-001
 7.1738356e-001
 7.1951246e-001
 7.2153968e-001
 7.2347373e-001
 7.2535717e-001
 7.2723889e-001
 7.2916132e-001
 7.3115802e-001
 7.3324627e-001
 7.3542070e-001
 7.3766363e-001
 7.3996586e-001
 7.4232376e-001
 7.4471420e-001
 7.4708039e-001
 7.4935877e-001
 7.5151795e-001
 7.5356311e-001
 7.5550115e-001
 7.5732130e-001
 7.5902468e-001
 7.6066649e-001
 7.6234376e-001
 7.6413023e-001
 7.6602429e-001
 7.6795822e-001
 7.6984870e-001
 7.7164632e-001
 7.7336001e-001
 7.7504063e-001
 7.7673012e-001
 7.7841985e-001
 7.8006029e-001
 7.8161466e-001
 7.8309530e-001
 7.8455091e-001
 7.8602773e-001
 7.8754365e-001
 7.8908950e-001
 7.9064679e-001
 7.9220259e-001
 7.9374188e-001
 7.9522485e-001
 7.9658037e-001
 7.9774672e-001
 7.9873329e-001
 7.9963702e-001
 8.0057949e-001
 8.0161405e-001
 8.0269605e-001
 8.0374902e-001
 8.0474651e-001
 8.0571502e-001
 8.0667788e-001
 8.0762798e-001
 8.0855083e-001
 8.0943906e-001
 8.1027561e-001
 8.1102556e-001
 8.1165594e-001
 8.1215400e-001
 8.1252843e-001
 8.1280601e-001
 8.1302100e-001
 8.1319630e-001
 8.1334597e-001
 8.1352019e-001
 8.1383353e-001
 8.1440073e-001
 8.1522000e-001
 8.1613410e-001
 8.1692976e-001
 8.1749237e-001
 8.1787544e-001
 8.1822670e-001
 8.1865472e-001
 8.1916398e-001
 8.1968945e-001
 8.2015884e-001
 8.2052553e-001
 8.2077593e-001
 8.2093418e-001
 8.2106251e-001
 8.2124090e-001
 8.2151949e-001
 8.2187152e-001
 8.2219338e-001
 8.2237846e-001
 8.2242364e-001
 8.2246602e-001
 8.2268196e-001
 8.2312703e-001
 8.2367224e-001
 8.2410473e-001
 8.2430828e-001
 8.2437336e-001
 8.2453710e-001
 8.2498270e-001
 8.2566059e-001
 8.2631469e-001
 8.2672584e-001
 8.2691395e-001
 8.2705641e-001
 8.2727033e-001
 8.2757390e-001
 8.2799435e-001
 8.2855910e-001
 8.2919145e-001
 8.2974809e-001
 8.3017713e-001
 8.3054757e-001
 8.3091277e-001
 8.3121586e-001
 8.3137488e-001
 8.3143878e-001
 8.3158225e-001
 8.3193380e-001
 8.3248675e-001
 8.3318180e-001
 8.3396506e-001
 8.3473891e-001
 8.3537954e-001
 8.3581740e-001
 8.3606529e-001
 8.3624530e-001
 8.3654630e-001
 8.3702892e-001
 8.3754557e-001
 8.3791286e-001
 8.3805346e-001
 8.3801442e-001
 8.3796340e-001
 8.3807069e-001
 8.3832544e-001
 8.3858216e-001
 8.3880192e-001
 8.3911246e-001
 8.3958441e-001
 8.4006542e-001
 8.4034729e-001
 8.4044772e-001
 8.4059370e-001
 8.4092861e-001
 8.4139299e-001
 8.4189856e-001
 8.4242547e-001
 8.4291434e-001
 8.4321952e-001
 8.4329093e-001
 8.4333372e-001
 8.4365302e-001
 8.4431094e-001
 8.4506422e-001
 8.4567869e-001
 8.4612906e-001
 8.4645844e-001
 8.4666169e-001
 8.4679389e-001
 8.4701192e-001
 8.4739923e-001
 8.4785372e-001
 8.4821922e-001
 8.4846616e-001
 8.4871799e-001
 8.4914166e-001
 8.4979892e-001
 8.5054278e-001
 8.5107523e-001
 8.5123956e-001
 8.5129553e-001
 8.5169572e-001
 8.5250205e-001
 8.5329348e-001
 8.5374063e-001
 8.5394990e-001
 8.5416430e-001
 8.5448951e-001
 8.5500747e-001
 8.5578585e-001
 8.5661960e-001
 8.5712135e-001
 8.5721636e-001
 8.5729980e-001
 8.5780835e-001
 8.5870934e-001
 8.5961854e-001
 8.6027515e-001
 8.6070347e-001
 8.6105502e-001
 8.6145943e-001
 8.6198002e-001
 8.6261231e-001
 8.6329079e-001
 8.6391425e-001
 8.6438841e-001
 8.6465836e-001
 8.6471689e-001
 8.6460418e-001
 8.6440611e-001
 8.6424422e-001
 8.6425680e-001
 8.6457497e-001
 8.6527652e-001
 8.6630899e-001
 8.6745036e-001
 8.6839992e-001
 8.6897433e-001
 8.6923701e-001
 8.6941820e-001
 8.6968702e-001
 8.6999989e-001
 8.7019318e-001
 8.7023181e-001
 8.7034822e-001
 8.7087500e-001
 8.7186015e-001
 8.7284237e-001
 8.7318462e-001
 8.7288833e-001
 8.7254041e-001
 8.7266737e-001
 8.7328446e-001
 8.7390691e-001
 8.7422979e-001
 8.7452811e-001
 8.7507612e-001
 8.7561679e-001
 8.7583697e-001
 8.7590158e-001
 8.7607962e-001
 8.7626791e-001
 8.7627548e-001
 8.7622142e-001
 8.7631774e-001
 8.7651581e-001
 8.7660271e-001
 8.7650979e-001
 8.7643450e-001
 8.7666994e-001
 8.7723285e-001
 8.7773502e-001
 8.7779844e-001
 8.7748313e-001
 8.7718642e-001
 8.7723595e-001
 8.7758887e-001
 8.7793064e-001
 8.7818187e-001
 8.7868035e-001
 8.7956387e-001
 8.8032568e-001
 8.8039064e-001
 8.7982631e-001
 8.7920505e-001
 8.7899935e-001
 8.7919009e-001
 8.7938684e-001
 8.7938470e-001
 8.7944472e-001
 8.7983358e-001
 8.8035184e-001
 8.8065606e-001
 8.8059610e-001
 8.8034374e-001
 8.8030261e-001
 8.8081223e-001
 8.8179272e-001
 8.8269478e-001
 8.8301879e-001
 8.8270581e-001
 8.8207239e-001
 8.8150042e-001
 8.8117564e-001
 8.8106698e-001
 8.8109481e-001
 8.8124490e-001
 8.8157141e-001
 8.8212049e-001
 8.8285005e-001
 8.8362765e-001
 8.8428754e-001
 8.8465846e-001
 8.8457960e-001
 8.8397336e-001
 8.8297683e-001
 8.8193470e-001
 8.8120371e-001
 8.8094366e-001
 8.8111228e-001
 8.8159639e-001
 8.8226676e-001
 8.8297564e-001
 8.8355672e-001
 8.8381857e-001
 8.8376886e-001
 8.8327217e-001
 8.8229442e-001
 8.8108623e-001
 8.8001245e-001
 8.7943852e-001
 8.7965435e-001
 8.8045424e-001
 8.8143265e-001
 8.8218385e-001
 8.8236398e-001
 8.8204098e-001
 8.8144892e-001
 8.8082260e-001
 8.8036901e-001
 8.8011312e-001
 8.8000619e-001
 8.7999898e-001
 8.8003922e-001
 8.8005269e-001
 8.7992394e-001
 8.7959421e-001
 8.7897938e-001
 8.7811428e-001
 8.7714714e-001
 8.7623054e-001
 8.7551773e-001
 8.7515563e-001
 8.7515843e-001
 8.7540841e-001
 8.7578225e-001
 8.7615675e-001
 8.7641144e-001
 8.7649119e-001
 8.7640554e-001
 8.7616664e-001
 8.7578654e-001
 8.7527841e-001
 8.7467158e-001
 8.7401247e-001
 8.7334758e-001
 8.7272394e-001
 8.7218815e-001
 8.7177515e-001
 8.7147266e-001
 8.7125754e-001
 8.7110645e-001
 8.7099588e-001
 8.7090266e-001
 8.7080747e-001
 8.7070781e-001
 8.7060469e-001
 8.7049937e-001
 8.7039304e-001
 8.7028682e-001
 8.7018198e-001
 8.7008053e-001
 8.6998773e-001
 8.6990958e-001
 8.6985219e-001
 8.6982149e-001
 8.6982363e-001
 8.6986458e-001
 8.6995041e-001
 8.7008268e-001
 8.7024635e-001
 8.7042224e-001
 8.7059104e-001
 8.7073380e-001
 8.7083149e-001
 8.7086487e-001
 8.7081480e-001
 8.7067062e-001
 8.7045246e-001
 8.7018764e-001
 8.6990374e-001
 8.6962801e-001
 8.6938804e-001
 8.6921114e-001
 8.6912483e-001
 8.6914724e-001
 8.6926240e-001
 8.6944628e-001
 8.6967522e-001
 8.6992526e-001
 8.7017244e-001
 8.7039310e-001
 8.7056309e-001
 8.7065887e-001
 8.7065643e-001
 8.7053180e-001
 8.7026113e-001
 8.6983067e-001
 8.6926210e-001
 8.6858553e-001
 8.6783093e-001
 8.6702824e-001
 8.6620790e-001
 8.6539948e-001
 8.6463320e-001
 8.6393923e-001
 8.6334729e-001
 8.6288768e-001
 8.6259031e-001
 8.6247450e-001
 8.6252183e-001
 8.6270493e-001
 8.6299688e-001
 8.6337060e-001
 8.6379880e-001
 8.6425459e-001
 8.6471069e-001
 8.6514014e-001
 8.6551565e-001
 8.6581039e-001
 8.6600316e-001
 8.6609465e-001
 8.6609006e-001
 8.6599481e-001
 8.6581409e-001
 8.6555326e-001
 8.6521745e-001
 8.6481225e-001
 8.6434275e-001
 8.6381429e-001
 8.6323291e-001
 8.6260718e-001
 8.6194593e-001
 8.6125845e-001
 8.6055356e-001
 8.5984051e-001
 8.5912812e-001
 8.5842574e-001
 8.5774207e-001
 8.5708642e-001
 8.5646695e-001
 8.5588950e-001
 8.5535914e-001
 8.5488129e-001
 8.5446095e-001
 8.5410351e-001
 8.5381401e-001
 8.5359782e-001
 8.5346007e-001
 8.5340607e-001
 8.5343450e-001
 8.5352319e-001
 8.5364491e-001
 8.5377294e-001
 8.5388029e-001
 8.5393989e-001
 8.5392505e-001
 8.5380870e-001
 8.5356390e-001
 8.5316581e-001
 8.5259598e-001
 8.5183775e-001
 8.5087407e-001
 8.4968823e-001
 8.4826314e-001
 8.4658229e-001
 8.4462839e-001
 8.4241450e-001
 8.4004962e-001
 8.3766413e-001
 8.3538705e-001
 8.3334857e-001
 8.3167756e-001
 8.3050448e-001
 8.2995838e-001
 8.3011317e-001
 8.3086050e-001
 8.3205533e-001
 8.3355206e-001
 8.3520550e-001
 8.3687037e-001
 8.3840138e-001
 8.3965313e-001
 8.4052426e-001
 8.4105438e-001
 8.4131181e-001
 8.4134585e-001
 8.4126651e-001
 8.4113842e-001
 8.4101135e-001
 8.4091336e-001
 8.4085125e-001
 8.4081906e-001
 8.4080499e-001
 8.4079635e-001
 8.4078383e-001
 8.4076744e-001
 8.4075952e-001
 8.4078133e-001
 8.4085727e-001
 8.4100944e-001
 8.4124947e-001
 8.4156966e-001
 8.4193969e-001
 8.4231246e-001
 8.4263366e-001
 8.4285253e-001
 8.4293467e-001
 8.4287572e-001
 8.4270591e-001
 8.4248257e-001
 8.4227508e-001
 8.4214985e-001
 8.4215438e-001
 8.4230351e-001
 8.4257543e-001
 8.4291899e-001
 8.4326887e-001
 8.4356147e-001
 8.4375042e-001
 8.4381825e-001
 8.4378034e-001
 8.4367824e-001
 8.4356695e-001
 8.4350014e-001
 8.4351575e-001
 8.4383482e-001
 8.4389555e-001
 8.4395099e-001
 8.4399414e-001
 8.4401834e-001
 8.4401876e-001
 8.4399414e-001
 8.4394723e-001
 8.4388506e-001
 8.4381825e-001
 8.4375894e-001
 8.4371871e-001
 8.4370613e-001
 8.4372473e-001
 8.4377211e-001
 8.4384102e-001
 8.4392023e-001
 8.4399670e-001
 8.4405792e-001
 8.4409410e-001
 8.4409958e-001
 8.4407389e-001
 8.4402186e-001
 8.4395272e-001
 8.4387898e-001
 8.4381521e-001
 8.4377605e-001
 8.4377384e-001
 8.4381652e-001
 8.4390551e-001
 8.4403545e-001
 8.4419531e-001
 8.4437048e-001
 8.4454513e-001
 8.4470475e-001
 8.4483790e-001
 8.4493762e-001
 8.4500158e-001
 8.4503186e-001
 8.4503347e-001
 8.4501284e-001
 8.4497637e-001
 8.4492874e-001
 8.4487271e-001
 8.4480906e-001
 8.4473723e-001
 8.4465694e-001
 8.4456939e-001
 8.4447849e-001
 8.4439141e-001
 8.4431839e-001
 8.4427172e-001
 8.4426379e-001
 8.4430522e-001
 8.4440261e-001
 8.4455705e-001
 8.4476328e-001
 8.4500998e-001
 8.4528118e-001
 8.4555817e-001
 8.4582222e-001
 8.4605747e-001
 8.4625280e-001
 8.4640378e-001
 8.4651244e-001
 8.4658653e-001
 8.4663785e-001
 8.4667957e-001
 8.4672397e-001
 8.4678024e-001
 8.4685361e-001
 8.4694499e-001
 8.4705204e-001
 8.4717029e-001
 8.4729481e-001
 8.4742177e-001
 8.4754944e-001
 8.4767818e-001
 8.4781057e-001
 8.4795028e-001
 8.4810120e-001
 8.4826642e-001
 8.4844744e-001
 8.4864432e-001
 8.4885544e-001
 8.4907842e-001
 8.4931111e-001
 8.4955221e-001
 8.4980190e-001
 8.5006201e-001
 8.5033488e-001
 8.5062301e-001
 8.5092711e-001
 8.5124552e-001
 8.5157311e-001
 8.5190147e-001
 8.5221988e-001
 8.5251659e-001
 8.5278076e-001
 8.5300457e-001
 8.5318482e-001
 8.5332364e-001
 8.5342878e-001
 8.5351235e-001
 8.5358942e-001
 8.5367525e-001
 8.5378331e-001
 8.5392272e-001
 8.5409731e-001
 8.5430491e-001
 8.5453814e-001
 8.5478622e-001
 8.5503644e-001
 8.5527664e-001
 8.5549664e-001
 8.5568905e-001
 8.5584939e-001
 8.5597533e-001
 8.5606599e-001
 8.5612082e-001
 8.5613883e-001
 8.5611856e-001
 8.5605776e-001
 8.5595399e-001
 8.5580450e-001
 8.5560626e-001
 8.5535586e-001
 8.5504895e-001
 8.5468018e-001
 8.5424274e-001
 8.5372907e-001
 8.5313118e-001
 8.5244125e-001
 8.5165274e-001
 8.5076034e-001
 8.4976071e-001
 8.4865260e-001
 8.4743643e-001
 8.4611541e-001
 8.4469664e-001
 8.4319144e-001
 8.4161830e-001
 8.4000278e-001
 8.3837944e-001
 8.3679008e-001
 8.3528155e-001
 8.3390319e-001
 8.3270156e-001
 8.3171725e-001
 8.3098078e-001
 8.3051026e-001
 8.3031124e-001
 8.3037716e-001
 8.3069158e-001
 8.3123064e-001
 8.3196646e-001
 8.3286858e-001
 8.3390689e-001
 8.3505172e-001
 8.3627445e-001
 8.3754832e-001
 8.3884716e-001
 8.4014678e-001
 8.4142452e-001
 8.4266061e-001
 8.4383947e-001
 8.4495050e-001
 8.4598881e-001
 8.4695584e-001
 8.4785783e-001
 8.4870499e-001
 8.4950888e-001
 8.5028034e-001
 8.5102797e-001
 8.5175645e-001
 8.5246742e-001
 8.5315961e-001
 8.5383046e-001
 8.5447800e-001
 8.5510093e-001
 8.5569984e-001
 8.5627574e-001
 8.5682946e-001
 8.5736066e-001
 8.5786676e-001
 8.5834336e-001
 8.5878515e-001
 8.5918742e-001
 8.5954851e-001
 8.5987067e-001
 8.6016148e-001
 8.6043364e-001
 8.6070359e-001
 8.6098981e-001
 8.6130989e-001
 8.6167836e-001
 8.6210495e-001
 8.6259252e-001
 8.6313778e-001
 8.6373121e-001
 8.6435890e-001
 8.6500472e-001
 8.6565208e-001
 8.6628652e-001
 8.6689657e-001
 8.6747479e-001
 8.6801839e-001
 8.6852795e-001
 8.6900741e-001
 8.6946243e-001
 8.6989981e-001
 8.7032676e-001
 8.7075001e-001
 8.7117493e-001
 8.7160569e-001
 8.7204403e-001
 8.7248933e-001
 8.7293810e-001
 8.7338454e-001
 8.7382126e-001
 8.7424010e-001
 8.7463421e-001
 8.7499869e-001
 8.7533218e-001
 8.7563711e-001
 8.7591898e-001
 8.7618595e-001
 8.7644666e-001
 8.7670910e-001
 8.7697935e-001
 8.7726080e-001
 8.7755430e-001
 8.7785876e-001
 8.7817198e-001
 8.7849158e-001
 8.7881547e-001
 8.7914217e-001
 8.7947059e-001
 8.7979960e-001
 8.8012779e-001
 8.8045323e-001
 8.8077343e-001
 8.8108563e-001
 8.8138729e-001
 8.8167626e-001
 8.8195080e-001
 8.8220972e-001
 8.8245213e-001
 8.8267684e-001
 8.8288242e-001
 8.8306695e-001
 8.8322794e-001
 8.8336313e-001
 8.8347042e-001
 8.8354844e-001
 8.8359642e-001
 8.8361418e-001
 8.8360143e-001
 8.8355696e-001
 8.8347769e-001
 8.8335794e-001
 8.8318902e-001
 8.8295954e-001
 8.8265675e-001
 8.8226831e-001
 8.8178480e-001
 8.8120306e-001
 8.8052845e-001
 8.7977690e-001
 8.7897551e-001
 8.7816101e-001
 8.7737805e-001
 8.7667412e-001
 8.7609565e-001
 8.7568247e-001
 8.7546319e-001
 8.7545192e-001
 8.7564635e-001
 8.7602764e-001
 8.7656176e-001
 8.7720340e-001
 8.7789953e-001
 8.7859517e-001
 8.7923771e-001
 8.7978160e-001
 8.8019192e-001
 8.8044620e-001
 8.8053554e-001
 8.8046426e-001
 8.8024819e-001
 8.7991267e-001
 8.7948960e-001
 8.7901413e-001
 8.7852108e-001
 8.7804222e-001
 8.7760240e-001
 8.7721825e-001
 8.7689638e-001
 8.7663317e-001
 8.7641627e-001
 8.7622654e-001
 8.7604117e-001
 8.7583679e-001
 8.7559205e-001
 8.7529016e-001
 8.7491924e-001
 8.7447244e-001
 8.7394720e-001
 8.7334335e-001
 8.7266260e-001
 8.7190688e-001
 8.7107897e-001
 8.7018174e-001
 8.6921871e-001
 8.6819398e-001
 8.6711234e-001
 8.6597770e-001
 8.6479384e-001
 8.6356241e-001
 8.6228418e-001
 8.6095899e-001
 8.5958672e-001
 8.5816956e-001
 8.5671180e-001
 8.5522199e-001
 8.5371161e-001
 8.5219389e-001
 8.5068303e-001
 8.4919083e-001
 8.4772640e-001
 8.4629434e-001
 8.4489429e-001
 8.4352279e-001
 8.4217298e-001
 8.4083784e-001
 8.3951062e-001
 8.3818609e-001
 8.3686173e-001
 8.3553785e-001
 8.3421665e-001
 8.3290273e-001
 8.3160108e-001
 8.3031720e-001
 8.2905537e-001
 8.2781744e-001
 8.2660228e-001
 8.2540458e-001
 8.2421482e-001
 8.2301956e-001
 8.2180184e-001
 8.2054335e-001
 8.1922531e-001
 8.1783116e-001
 8.1634766e-001
 8.1476504e-001
 8.1307811e-001
 8.1128401e-001
 8.0938178e-001
 8.0737042e-001
 8.0524629e-001
 8.0300385e-001
 8.0063325e-001
 7.9812229e-001
 7.9545599e-001
 7.9261631e-001
 7.8958285e-001
 7.8633100e-001
 7.8282660e-001
 7.7902412e-001
 7.7485698e-001
 7.7023429e-001
 7.6503450e-001
 7.5910157e-001
 7.5225282e-001
 7.4428236e-001
 7.3498422e-001
 7.2417462e-001
 7.1171731e-001
 6.9756609e-001
 6.8178356e-001
 6.6457695e-001
 6.4630568e-001
 6.2746954e-001
 6.0869902e-001
 5.9069359e-001
 5.7417631e-001
 5.5981630e-001
 5.4815453e-001
 5.3955489e-001
 5.3415817e-001
 5.3186905e-001
 5.3237480e-001
 5.3518373e-001
 5.3968471e-001
 5.4521519e-001
 5.5113238e-001
 5.5686772e-001
 5.6197578e-001
 5.6615418e-001
 5.6925130e-001
 5.7125503e-001
 5.7226503e-001
 5.7246226e-001
 5.7207280e-001
 5.7133651e-001
 5.7048064e-001
 5.6970298e-001
 5.6916165e-001
 5.6897360e-001
 5.6921679e-001
 5.6993574e-001
 5.7114750e-001
 5.7284862e-001
 5.7501870e-001
 5.7762522e-001
 5.8062804e-001
 5.8398020e-001
 5.8763200e-001
 5.9153455e-001
 5.9563923e-001
 5.9990275e-001
 6.0428470e-001
 6.0874939e-001
 6.1326683e-001
 6.1780828e-001
 6.2234968e-001
 6.2686676e-001
 6.3133627e-001
 6.3573754e-001
 6.4004892e-001
 6.4425260e-001
 6.4833218e-001
 6.5227479e-001
 6.5607291e-001
 6.5972149e-001
 6.6322064e-001
 6.6657174e-001
 6.6977692e-001
 6.7283827e-001
 6.7575377e-001
 6.7851698e-001
 6.8111694e-001
 6.8353587e-001
 6.8575275e-001
 6.8774319e-001
 6.8948293e-001
 6.9095176e-001
 6.9213521e-001
 6.9302887e-001
 6.9363922e-001
 6.9398516e-001
 6.9409782e-001
 6.9401896e-001
 6.9379896e-001
 6.9349426e-001
 6.9316429e-001
 6.9286847e-001
 6.9266421e-001
 6.9260442e-001
 6.9273609e-001
 6.9309872e-001
 6.9372416e-001
 6.9463551e-001
 6.9584697e-001
 6.9736457e-001
 6.9918513e-001
 7.0129818e-001
 7.0368475e-001
 7.0631891e-001
 7.0916951e-001
 7.1219885e-001
 7.1536690e-001
 7.1863043e-001
 7.2194612e-001
 7.2527355e-001
 7.2857475e-001
 7.3181903e-001
 7.3498130e-001
 7.3804367e-001
 7.4099600e-001
 7.4383181e-001
 7.4654949e-001
 7.4914825e-001
 7.5162786e-001
 7.5398910e-001
 7.5623256e-001
 7.5836211e-001
 7.6038426e-001
 7.6231015e-001
 7.6415610e-001
 7.6594073e-001
 7.6768339e-001
 7.6940143e-001
 7.7110577e-001
 7.7280068e-001
 7.7448159e-001
 7.7613670e-001
 7.7775025e-001
 7.7930433e-001
 7.8078401e-001
 7.8217876e-001
 7.8348494e-001
 7.8470659e-001
 7.8585339e-001
 7.8694022e-001
 7.8798366e-001
 7.8900015e-001
 7.9000449e-001
 7.9100782e-001
 7.9201812e-001
 7.9303968e-001
 7.9407430e-001
 7.9512274e-001
 7.9618442e-001
 7.9725826e-001
 7.9834276e-001
 7.9943442e-001
 8.0052811e-001
 8.0161577e-001
 8.0268705e-001
 8.0373102e-001
 8.0473679e-001
 8.0569631e-001
 8.0660462e-001
 8.0746061e-001
 8.0826831e-001
 8.0903637e-001
 8.0977809e-001
 8.1050950e-001
 8.1124675e-001
 8.1200409e-001
 8.1279045e-001
 8.1360847e-001
 8.1445354e-001
 8.1531429e-001
 8.1617546e-001
 8.1701970e-001
 8.1783152e-001
 8.1859833e-001
 8.1931269e-001
 8.1997293e-001
 8.2058251e-001
 8.2115006e-001
 8.2168835e-001
 8.2221246e-001
 8.2273841e-001
 8.2328087e-001
 8.2385218e-001
 8.2446158e-001
 8.2511407e-001
 8.2581097e-001
 8.2654977e-001
 8.2732481e-001
 8.2812792e-001
 8.2894897e-001
 8.2977676e-001
 8.3059925e-001
 8.3140415e-001
 8.3217967e-001
 8.3291417e-001
 8.3359772e-001
 8.3422220e-001
 8.3478290e-001
 8.3527917e-001
 8.3571512e-001
 8.3609980e-001
 8.3644652e-001
 8.3677149e-001
 8.3709168e-001
 8.3742255e-001
 8.3777559e-001
 8.3815664e-001
 8.3856523e-001
 8.3899593e-001
 8.3943945e-001
 8.3988518e-001
 8.4032315e-001
 8.4074575e-001
 8.4114844e-001
 8.4153050e-001
 8.4189451e-001
 8.4224606e-001
 8.4259224e-001
 8.4294099e-001
 8.4329927e-001
 8.4367228e-001
 8.4406322e-001
 8.4447241e-001
 8.4489763e-001
 8.4533471e-001
 8.4577751e-001
 8.4621888e-001
 8.4665120e-001
 8.4706676e-001
 8.4745902e-001
 8.4782261e-001
 8.4815454e-001
 8.4845424e-001
 8.4872383e-001
 8.4896815e-001
 8.4919417e-001
 8.4941030e-001
 8.4962505e-001
 8.4984577e-001
 8.5007793e-001
 8.5032368e-001
 8.5058182e-001
 8.5084784e-001
 8.5111427e-001
 8.5137230e-001
 8.5161245e-001
 8.5182673e-001
 8.5200894e-001
 8.5215610e-001
 8.5226858e-001
 8.5234970e-001
 8.5240561e-001
 8.5244399e-001
 8.5247338e-001
 8.5250223e-001
 8.5253793e-001
 8.5258663e-001
 8.5265249e-001
 8.5273796e-001
 8.5284346e-001
 8.5296768e-001
 8.5310781e-001
 8.5325974e-001
 8.5341853e-001
 8.5357869e-001
 8.5373455e-001
 8.5388070e-001
 8.5401267e-001
 8.5412669e-001
 8.5422051e-001
 8.5429311e-001
 8.5434496e-001
 8.5437775e-001
 8.5439432e-001
 8.5439843e-001
 8.5439432e-001
 8.5438669e-001
 8.5437989e-001
 8.5437787e-001
 8.5438341e-001
 8.5439795e-001
 8.5442126e-001
 8.5445106e-001
 8.5448337e-001
 8.5451257e-001
 8.5453188e-001
 8.5453445e-001
 8.5451370e-001
 8.5446453e-001
 8.5438371e-001
 8.5427034e-001
 8.5412544e-001
 8.5395157e-001
 8.5375172e-001
 8.5352874e-001
 8.5328430e-001
 8.5301870e-001
 8.5273004e-001
 8.5241467e-001
 8.5206765e-001
 8.5168296e-001
 8.5125518e-001
 8.5078061e-001
 8.5025811e-001
 8.4969097e-001
 8.4908664e-001
 8.4845734e-001
 8.4781891e-001
 8.4718931e-001
 8.4658766e-001
 8.4603179e-001
 8.4553730e-001
 8.4511566e-001
 8.4477437e-001
 8.4451675e-001
 8.4434235e-001
 8.4424722e-001
 8.4422433e-001
 8.4426403e-001
 8.4435409e-001
 8.4448034e-001
 8.4462690e-001
 8.4477675e-001
 8.4491271e-001
 8.4501815e-001
 8.4507799e-001
 8.4507960e-001
 8.4501326e-001
 8.4487253e-001
 8.4465420e-001
 8.4435785e-001
 8.4398496e-001
 8.4353882e-001
 8.4302312e-001
 8.4244204e-001
 8.4179956e-001
 8.4109885e-001
 8.4034318e-001
 8.3953524e-001
 8.3867818e-001
 8.3777577e-001
 8.3683234e-001
 8.3585423e-001
 8.3484888e-001
 8.3382553e-001
 8.3279485e-001
 8.3176804e-001
 8.3075660e-001
 8.2977152e-001
 8.2882178e-001
 8.2791471e-001
 8.2705432e-001
 8.2624203e-001
 8.2547623e-001
 8.2475233e-001
 8.2406372e-001
 8.2340199e-001
 8.2275748e-001
 8.2212001e-001
 8.2147872e-001
 8.2082325e-001
 8.2014334e-001
 8.1942993e-001
 8.1867522e-001
 8.1787300e-001
 8.1701988e-001
 8.1611484e-001
 8.1516010e-001
 8.1416106e-001
 8.1312513e-001
 8.1206238e-001
 8.1098336e-001
 8.0989891e-001
 8.0881900e-001
 8.0775112e-001
 8.0670077e-001
 8.0567062e-001
 8.0466020e-001
 8.0366719e-001
 8.0268729e-001
 8.0171555e-001
 8.0074704e-001
 7.9977691e-001
 7.9880190e-001
 7.9781961e-001
 7.9682916e-001
 7.9583091e-001
 7.9482538e-001
 7.9381388e-001
 7.9279709e-001
 7.9177547e-001
 7.9074860e-001
 7.8971481e-001
 7.8867209e-001
 7.8761750e-001
 7.8654838e-001
 7.8546232e-001
 7.8435767e-001
 7.8323442e-001
 7.8209436e-001
 7.8094059e-001
 7.7977854e-001
 7.7861476e-001
 7.7745712e-001
 7.7631450e-001
 7.7519548e-001
 7.7410930e-001
 7.7306420e-001
 7.7206820e-001
 7.7112830e-001
 7.7024966e-001
 7.6943618e-001
 7.6868892e-001
 7.6800632e-001
 7.6738352e-001
 7.6681167e-001
 7.6627892e-001
 7.6577073e-001
 7.6527125e-001
 7.6476449e-001
 7.6423496e-001
 7.6366925e-001
 7.6305616e-001
 7.6238728e-001
 7.6165706e-001
 7.6086289e-001
 7.6000589e-001
 7.5909036e-001
 7.5812322e-001
 7.5711399e-001
 7.5607347e-001
 7.5501370e-001
 7.5394732e-001
 7.5288659e-001
 7.5184429e-001
 7.5077552e-001
 7.4979347e-001
 7.4886614e-001
 7.4800277e-001
 7.4720937e-001
 7.4648577e-001
 7.4582493e-001
 7.4521363e-001
 7.4463379e-001
 7.4406564e-001
 7.4348825e-001
 7.4288154e-001
 7.4222744e-001
 7.4151093e-001
 7.4072313e-001
 7.3986173e-001
 7.3893160e-001
 7.3794448e-001
 7.3691684e-001
 7.3586833e-001
 7.3482013e-001
 7.3379308e-001
 7.3280698e-001
 7.3187774e-001
 7.3101568e-001
 7.3022288e-001
 7.2949189e-001
 7.2880727e-001
 7.2814721e-001
 7.2748649e-001
 7.2679842e-001
 7.2605598e-001
 7.2523427e-001
 7.2431159e-001
 7.2327244e-001
 7.2210974e-001
 7.2082490e-001
 7.1942794e-001
 7.1793491e-001
 7.1636492e-001
 7.1473938e-001
 7.1307874e-001
 7.1140236e-001
 7.0972580e-001
 7.0805717e-001
 7.0639640e-001
 7.0473266e-001
 7.0304656e-001
 7.0131207e-001
 6.9949871e-001
 6.9757479e-001
 6.9550753e-001
 6.9326562e-001
 6.9082004e-001
 6.8814451e-001
 6.8521905e-001
 6.8202800e-001
 6.7856157e-001
 6.7481405e-001
 6.7078036e-001
 6.6645837e-001
 6.6184425e-001
 6.5693521e-001
 6.5172732e-001
 6.4621276e-001
 6.4038295e-001
 6.3422626e-001
 6.2772626e-001
 6.2086725e-001
 6.1362946e-001
 6.0599488e-001
 5.9794581e-001
 5.8946246e-001
 5.8053058e-001
 5.7113487e-001
 5.6126696e-001
 5.5092305e-001
 5.4009944e-001
 5.2880061e-001
 5.1702756e-001
 5.0478709e-001
 4.9208915e-001
 4.7894594e-001
 4.6538916e-001
 4.5146650e-001
 4.3726063e-001
 4.2288798e-001
 4.0848997e-001
 3.9423540e-001
 3.8030601e-001
 3.6688384e-001
 3.5415632e-001
 3.4229553e-001
 3.3145839e-001
 3.2176796e-001
 3.1329879e-001
 3.0607978e-001
 3.0009076e-001
 2.9528099e-001
 2.9157919e-001
 2.8890324e-001
 2.8716943e-001
 2.8629389e-001
 2.8619733e-001
 2.8680730e-001
 2.8806138e-001
 2.8990749e-001
 2.9230416e-001
 2.9521641e-001
 2.9861331e-001
 3.0246723e-001
 3.0674911e-001
 3.1143084e-001
 3.1648037e-001
 3.2186121e-001
 3.2753319e-001
 3.3344778e-001
 3.3955067e-001
 3.4578550e-001
 3.5209048e-001
 3.5840601e-001
 3.6467057e-001
 3.7082499e-001
 3.7681720e-001
 3.8260049e-001
 3.8814214e-001
 3.9341965e-001
 3.9842185e-001
 4.0314767e-001
 4.0759858e-001
 4.1178077e-001
 4.1570008e-001
 4.1936332e-001
 4.2277983e-001
 4.2595917e-001
 4.2891505e-001
 4.3166292e-001
 4.3422088e-001
 4.3660983e-001
 4.3885085e-001
 4.4096556e-001
 4.4297618e-001
 4.4490319e-001
 4.4676626e-001
 4.4858149e-001
 4.5036101e-001
 4.5211333e-001
 4.5384207e-001
 4.5554882e-001
 4.5723286e-001
 4.5889261e-001
 4.6052706e-001
 4.6213487e-001
 4.6371663e-001
 4.6527442e-001
 4.6681306e-001
 4.6834084e-001
 4.6986818e-001
 4.7140816e-001
 4.7297454e-001
 4.7458151e-001
 4.7624359e-001
 4.7797376e-001
 4.7978285e-001
 4.8167861e-001
 4.8366293e-001
 4.8573321e-001
 4.8788118e-001
 4.9009481e-001
 4.9236077e-001
 4.9466369e-001
 4.9698913e-001
 4.9932253e-001
 5.0165105e-001
 5.0396532e-001
 5.0625885e-001
 5.0853026e-001
 5.1078129e-001
 5.1301640e-001
 5.1524252e-001
 5.1746643e-001
 5.1969606e-001
 5.2193838e-001
 5.2419984e-001
 5.2648669e-001
 5.2880281e-001
 5.3115171e-001
 5.3353477e-001
 5.3595227e-001
 5.3840500e-001
 5.4089218e-001
 5.4341298e-001
 5.4596663e-001
 5.4855019e-001
 5.5115980e-001
 5.5378824e-001
 5.5642515e-001
 5.5905873e-001
 5.6167382e-001
 5.6425548e-001
 5.6678706e-001
 5.6925374e-001
 5.7163990e-001
 5.7393414e-001
 5.7612944e-001
 5.7822311e-001
 5.8022046e-001
 5.8213222e-001
 5.8397382e-001
 5.8576214e-001
 5.8751625e-001
 5.8925533e-001
 5.9099609e-001
 5.9275383e-001
 5.9453934e-001
 5.9635621e-001
 5.9820235e-001
 6.0006934e-001
 6.0194457e-001
 6.0381150e-001
 6.0565376e-001
 6.0745472e-001
 6.0919744e-001
 6.1086810e-001
 6.1245614e-001
 6.1395442e-001
 6.1536205e-001
 6.1668253e-001
 6.1792159e-001
 6.1908811e-001
 6.2019157e-001
 6.2124193e-001
 6.2224817e-001
 6.2321949e-001
 6.2416399e-001
 6.2508774e-001
 6.2599581e-001
 6.2689191e-001
 6.2777799e-001
 6.2865603e-001
 6.2952745e-001
 6.3039339e-001
 6.3125402e-001
 6.3210881e-001
 6.3295567e-001
 6.3378924e-001
 6.3460219e-001
 6.3538480e-001
 6.3612485e-001
 6.3680983e-001
 6.3742661e-001
 6.3796210e-001
 6.3840497e-001
 6.3874626e-001
 6.3898170e-001
 6.3911295e-001
 6.3914865e-001
 6.3910353e-001
 6.3899672e-001
 6.3885003e-001
 6.3868648e-001
 6.3852888e-001
 6.3839829e-001
 6.3831222e-001
 6.3828224e-001
 6.3831145e-001
 6.3839406e-001
 6.3851577e-001
 6.3865644e-001
 6.3879228e-001
 6.3889784e-001
 6.3894778e-001
 6.3891852e-001
 6.3879007e-001
 6.3854885e-001
 6.3819003e-001
 6.3771832e-001
 6.3714689e-001
 6.3649565e-001
 6.3578796e-001
 6.3504899e-001
 6.3430458e-001
 6.3357943e-001
 6.3289618e-001
 6.3227451e-001
 6.3172901e-001
 6.3126916e-001
 6.3089973e-001
 6.3062227e-001
 6.3043600e-001
 6.3033909e-001
 6.3032925e-001
 6.3040328e-001
 6.3055724e-001
 6.3078523e-001
 6.3107902e-001
 6.3142800e-001
 6.3181919e-001
 6.3223773e-001
 6.3266796e-001
 6.3309377e-001
 6.3349903e-001
 6.3386834e-001
 6.3418782e-001
 6.3444591e-001
 6.3463455e-001
 6.3474923e-001
 6.3478887e-001
 6.3475478e-001
 6.3464975e-001
 6.3447744e-001
 6.3424206e-001
 6.3394827e-001
 6.3360196e-001
 6.3321096e-001
 6.3278532e-001
 6.3233793e-001
 6.3188422e-001
 6.3144135e-001
 6.3102746e-001
 6.3066107e-001
 6.3036048e-001
 6.3014251e-001
 6.3002115e-001
 6.3000572e-001
 6.3009900e-001
 6.3029671e-001
 6.3058805e-001
 6.3095748e-001
 6.3138682e-001
 6.3185614e-001
 6.3234591e-001
 6.3283700e-001
 6.3331270e-001
 6.3375920e-001
 6.3416767e-001
 6.3453436e-001
 6.3485986e-001
 6.3514853e-001
 6.3540667e-001
 6.3564128e-001
 6.3585985e-001
 6.3606948e-001
 6.3627630e-001
 6.3648474e-001
 6.3669735e-001
 6.3691407e-001
 6.3713264e-001
 6.3734937e-001
 6.3755953e-001
 6.3775796e-001
 6.3793933e-001
 6.3809860e-001
 6.3823104e-001
 6.3833266e-001
 6.3840055e-001
 6.3843268e-001
 6.3842815e-001
 6.3838679e-001
 6.3830876e-001
 6.3819468e-001
 6.3804531e-001
 6.3786173e-001
 6.3764626e-001
 6.3740230e-001
 6.3713545e-001
 6.3685328e-001
 6.3656563e-001
 6.3628340e-001
 6.3601851e-001
 6.3578331e-001
 6.3558960e-001
 6.3544846e-001
 6.3536870e-001
 6.3535571e-001
 6.3540995e-001
 6.3552678e-001
 6.3569659e-001
 6.3590628e-001
 6.3614082e-001
 6.3638401e-001
 6.3661957e-001
 6.3683206e-001
 6.3700712e-001
 6.3713324e-001
 6.3720220e-001
 6.3720959e-001
 6.3715428e-001
 6.3703793e-001
 6.3686335e-001
 6.3663447e-001
 6.3635528e-001
 6.3602972e-001
 6.3566202e-001
 6.3525605e-001
 6.3481534e-001
 6.3434368e-001
 6.3384432e-001
 6.3332045e-001
 6.3277501e-001
 6.3221133e-001
 6.3163233e-001
 6.3104063e-001
 6.3043898e-001
 6.2982929e-001
 6.2921256e-001
 6.2858951e-001
 6.2795979e-001
 6.2732232e-001
 6.2667638e-001
 6.2602043e-001
 6.2535316e-001
 6.2467313e-001
 6.2397945e-001
 6.2327093e-001
 6.2254679e-001
 6.2180686e-001
 6.2105078e-001
 6.2027836e-001
 6.1949021e-001
 6.1868620e-001
 6.1786652e-001
 6.1703104e-001
 6.1617994e-001
 6.1531252e-001
 6.1442745e-001
 6.1352354e-001
 6.1259842e-001
 6.1164927e-001
 6.1067390e-001
 6.0966921e-001
 6.0863245e-001
 6.0756201e-001
 6.0645676e-001
 6.0531777e-001
 6.0414833e-001
 6.0295546e-001
 6.0174805e-001
 6.0053670e-001
 5.9933418e-001
 5.9815264e-001
 5.9700388e-001
 5.9589928e-001
 5.9484637e-001
 5.9384811e-001
 5.9290069e-001
 5.9199357e-001
 5.9110904e-001
 5.9022433e-001
 5.8931470e-001
 5.8835328e-001
 5.8731318e-001
 5.8616924e-001
 5.8489805e-001
 5.8348024e-001
 5.8190304e-001
 5.8015895e-001
 5.7824647e-001
 5.7616764e-001
 5.7392848e-001
 5.7153440e-001
 5.6899047e-001
 5.6630152e-001
 5.6346619e-001
 5.6047601e-001
 5.5731457e-001
 5.5395269e-001
 5.5035210e-001
 5.4646623e-001
 5.4224735e-001
 5.3764361e-001
 5.3260434e-001
 5.2708817e-001
 5.2106255e-001
 5.1451492e-001
 5.0746500e-001
 4.9995860e-001
 4.9206889e-001
 4.8389503e-001
 4.7554278e-001
 4.6712506e-001
 4.5875329e-001
 4.5054081e-001
 4.4258535e-001
 4.3496826e-001
 4.2775407e-001
 4.2097700e-001
 4.1464937e-001
 4.0877151e-001
 4.0332916e-001
 3.9830437e-001
 3.9367518e-001
 3.8941982e-001
 3.8550797e-001
 3.8190109e-001
 3.7855184e-001
 3.7539768e-001
 3.7236488e-001
 3.6937347e-001
 3.6633673e-001
 3.6316705e-001
 3.5978276e-001
 3.5611179e-001
 3.5210705e-001
 3.4776109e-001
 3.4312478e-001
 3.3830681e-001
 3.3347082e-001
 3.2882449e-001
 3.2459593e-001
 3.2102332e-001
 3.1834531e-001
 3.1678224e-001
 3.1652081e-001
 3.1769013e-001
 3.2033932e-001
 3.2443088e-001
 3.2984978e-001
 3.3641875e-001
 3.4392965e-001
 3.5215920e-001
 3.6087441e-001
 3.6985424e-001
 3.7889212e-001
 3.8781145e-001
 3.9646730e-001
 4.0476307e-001
 4.1264006e-001
 4.2006195e-001
 4.2701510e-001
 4.3349370e-001
 4.3949103e-001
 4.4500688e-001
 4.5004240e-001
 4.5459759e-001
 4.5867953e-001
 4.6229777e-001
 4.6546587e-001
 4.6819770e-001
 4.7051084e-001
 4.7242334e-001
 4.7395256e-001
 4.7511822e-001
 4.7594139e-001
 4.7644550e-001
 4.7665843e-001
 4.7661203e-001
 4.7634202e-001
 4.7588724e-001
 4.7528815e-001
 4.7458544e-001
 4.7381929e-001
 4.7302538e-001
 4.7223130e-001
 4.7145104e-001
 4.7067901e-001
 4.6988863e-001
 4.6903560e-001
 4.6806219e-001
 4.6690387e-001
 4.6549323e-001
 4.6376538e-001
 4.6166015e-001
 4.5912820e-001
 4.5613956e-001
 4.5268583e-001
 4.4878396e-001
 4.4447786e-001
 4.3982759e-001
 4.3490577e-001
 4.2978927e-001
 4.2455977e-001
 4.1929457e-001
 4.1406932e-001
 4.0896156e-001
 4.0421140e-001
 4.0069669e-001
 3.9638269e-001
 3.9239082e-001
 3.8873765e-001
 3.8544083e-001
 3.8251734e-001
 3.7998620e-001
 3.7786433e-001
 3.7616932e-001
 3.7491888e-001
 3.7412658e-001
 3.7377015e-001
 3.7380686e-001
 3.7419403e-001
 3.7488919e-001
 3.7584925e-001
 3.7703168e-001
 3.7839383e-001
 3.7989330e-001
 3.8148677e-001
 3.8313183e-001
 3.8478580e-001
 3.8640639e-001
 3.8795012e-001
 3.8937762e-001
 3.9067611e-001
 3.9184719e-001
 3.9289299e-001
 3.9381465e-001
 3.9461434e-001
 3.9529374e-001
 3.9585486e-001
 3.9629912e-001
 3.9662850e-001
 3.9684480e-001
 3.9694977e-001
 3.9694518e-001
 3.9683282e-001
 3.9661446e-001
 3.9629194e-001
 3.9586693e-001
 3.9534137e-001
 3.9471722e-001
 3.9399868e-001
 3.9319095e-001
 3.9229983e-001
 3.9133042e-001
 3.9028823e-001
 3.8917831e-001
 3.8800654e-001
 3.8677812e-001
 3.8549837e-001
 3.8417274e-001
 3.8280621e-001
 3.8140482e-001
 3.7997374e-001
 3.7851816e-001
 3.7704337e-001
 3.7555525e-001
 3.7405887e-001
 3.7255970e-001
 3.7106270e-001
 3.6957392e-001
 3.6809850e-001
 3.6664143e-001
 3.6520451e-001
 3.6378899e-001
 3.6239523e-001
 3.6102384e-001
 3.5967547e-001
 3.5835031e-001
 3.5704973e-001
 3.5577399e-001
 3.5452369e-001
 3.5329923e-001
 3.5210180e-001
 3.5093167e-001
 3.4978950e-001
 3.4867567e-001
 3.4759128e-001
 3.4653676e-001
 3.4551269e-001
 3.4451967e-001
 3.4355813e-001
 3.4262913e-001
 3.4173310e-001
 3.4087065e-001
 3.4004217e-001
 3.3924875e-001
 3.3849069e-001
 3.3776852e-001
 3.3708104e-001
 3.3642673e-001
 3.3580375e-001
 3.3521020e-001
 3.3464429e-001
 3.3410415e-001
 3.3358827e-001
 3.3309466e-001
 3.3262157e-001
 3.3216709e-001
 3.3172965e-001
 3.3130735e-001
 3.3089837e-001
 3.3050090e-001
 3.3011326e-001
 3.2973364e-001
 3.2936016e-001
 3.2899100e-001
 3.2862455e-001
 3.2825893e-001
 3.2789233e-001
 3.2752293e-001
 3.2714894e-001
 3.2676864e-001
 3.2638022e-001
 3.2598191e-001
 3.2557178e-001
 3.2514820e-001
 3.2470936e-001
 3.2425362e-001
 3.2378080e-001
 3.2329181e-001
 3.2278723e-001
