s07_ASD Record=5885: Jadeite HS343.3B              BECKb AREF
 1.7822148e-001
 1.7910080e-001
 1.7994434e-001
 1.8075624e-001
 1.8154770e-001
 1.8233843e-001
 1.8314841e-001
 1.8398495e-001
 1.8483369e-001
 1.8565857e-001
 1.8641146e-001
 1.8704447e-001
 1.8751965e-001
 1.8781644e-001
 1.8794295e-001
 1.8794039e-001
 1.8787217e-001
 1.8780386e-001
 1.8778718e-001
 1.8785158e-001
 1.8800339e-001
 1.8823196e-001
 1.8851924e-001
 1.8884687e-001
 1.8919785e-001
 1.8955387e-001
 1.8989433e-001
 1.9020484e-001
 1.9049250e-001
 1.9079174e-001
 1.9115362e-001
 1.9162574e-001
 1.9224030e-001
 1.9301383e-001
 1.9393864e-001
 1.9498001e-001
 1.9609518e-001
 1.9724891e-001
 1.9842011e-001
 1.9960141e-001
 2.0079353e-001
 2.0199604e-001
 2.0319889e-001
 2.0437914e-001
 2.0550485e-001
 2.0654675e-001
 2.0749180e-001
 2.0835231e-001
 2.0916362e-001
 2.0997097e-001
 2.1081042e-001
 2.1169350e-001
 2.1260276e-001
 2.1350032e-001
 2.1434602e-001
 2.1511430e-001
 2.1580680e-001
 2.1645299e-001
 2.1709301e-001
 2.1777727e-001
 2.1855047e-001
 2.1939503e-001
 2.2028832e-001
 2.2121088e-001
 2.2212481e-001
 2.2299281e-001
 2.2380096e-001
 2.2454390e-001
 2.2521131e-001
 2.2578716e-001
 2.2625694e-001
 2.2661975e-001
 2.2689207e-001
 2.2709957e-001
 2.2726206e-001
 2.2738169e-001
 2.2744277e-001
 2.2742611e-001
 2.2732839e-001
 2.2717208e-001
 2.2699621e-001
 2.2683427e-001
 2.2669929e-001
 2.2659542e-001
 2.2655323e-001
 2.2666088e-001
 2.2705688e-001
 2.2787629e-001
 2.2917944e-001
 2.3091094e-001
 2.3291597e-001
 2.3500223e-001
 2.3700483e-001
 2.3882000e-001
 2.4040292e-001
 2.4175276e-001
 2.4290638e-001
 2.4393602e-001
 2.4493527e-001
 2.4598707e-001
 2.4713497e-001
 2.4837586e-001
 2.4967629e-001
 2.5099319e-001
 2.5228286e-001
 2.5349927e-001
 2.5459185e-001
 2.5551677e-001
 2.5626060e-001
 2.5686035e-001
 2.5740364e-001
 2.5800517e-001
 2.5876361e-001
 2.5970811e-001
 2.6076055e-001
 2.6175308e-001
 2.6251391e-001
 2.6297376e-001
 2.6321286e-001
 2.6341379e-001
 2.6375887e-001
 2.6434115e-001
 2.6513010e-001
 2.6599753e-001
 2.6679036e-001
 2.6741782e-001
 2.6790237e-001
 2.6835236e-001
 2.6887405e-001
 2.6949894e-001
 2.7018458e-001
 2.7087036e-001
 2.7151951e-001
 2.7211964e-001
 2.7267250e-001
 2.7319935e-001
 2.7373841e-001
 2.7430934e-001
 2.7487198e-001
 2.7534062e-001
 2.7565905e-001
 2.7586308e-001
 2.7606064e-001
 2.7635077e-001
 2.7675843e-001
 2.7722278e-001
 2.7762377e-001
 2.7783975e-001
 2.7783078e-001
 2.7769306e-001
 2.7761662e-001
 2.7776963e-001
 2.7820981e-001
 2.7887750e-001
 2.7963692e-001
 2.8032729e-001
 2.8082410e-001
 2.8109819e-001
 2.8122374e-001
 2.8131467e-001
 2.8144780e-001
 2.8164825e-001
 2.8193182e-001
 2.8232107e-001
 2.8279242e-001
 2.8323153e-001
 2.8349274e-001
 2.8352511e-001
 2.8342542e-001
 2.8335917e-001
 2.8343365e-001
 2.8363654e-001
 2.8386763e-001
 2.8402001e-001
 2.8404593e-001
 2.8396192e-001
 2.8380048e-001
 2.8357345e-001
 2.8329837e-001
 2.8304681e-001
 2.8292486e-001
 2.8297848e-001
 2.8312978e-001
 2.8323984e-001
 2.8324771e-001
 2.8321835e-001
 2.8322494e-001
 2.8321636e-001
 2.8306514e-001
 2.8274986e-001
 2.8243211e-001
 2.8231704e-001
 2.8245065e-001
 2.8267205e-001
 2.8276134e-001
 2.8262118e-001
 2.8231782e-001
 2.8197852e-001
 2.8168291e-001
 2.8143823e-001
 2.8121543e-001
 2.8098911e-001
 2.8075939e-001
 2.8055388e-001
 2.8040841e-001
 2.8033951e-001
 2.8033215e-001
 2.8035852e-001
 2.8040510e-001
 2.8046331e-001
 2.8047612e-001
 2.8030878e-001
 2.7982181e-001
 2.7901617e-001
 2.7811447e-001
 2.7746597e-001
 2.7731732e-001
 2.7763861e-001
 2.7815741e-001
 2.7853781e-001
 2.7852941e-001
 2.7803576e-001
 2.7715582e-001
 2.7616176e-001
 2.7534038e-001
 2.7480051e-001
 2.7444854e-001
 2.7415115e-001
 2.7388909e-001
 2.7373093e-001
 2.7366832e-001
 2.7353287e-001
 2.7314013e-001
 2.7250713e-001
 2.7185953e-001
 2.7140328e-001
 2.7112290e-001
 2.7084231e-001
 2.7048662e-001
 2.7020684e-001
 2.7015701e-001
 2.7022487e-001
 2.7014133e-001
 2.6981410e-001
 2.6938924e-001
 2.6900929e-001
 2.6866794e-001
 2.6830351e-001
 2.6790631e-001
 2.6747733e-001
 2.6694342e-001
 2.6622340e-001
 2.6538974e-001
 2.6465955e-001
 2.6417935e-001
 2.6392055e-001
 2.6381904e-001
 2.6381290e-001
 2.6369539e-001
 2.6320735e-001
 2.6241764e-001
 2.6172668e-001
 2.6135737e-001
 2.6119831e-001
 2.6113302e-001
 2.6105064e-001
 2.6072392e-001
 2.6013967e-001
 2.5965619e-001
 2.5953588e-001
 2.5962442e-001
 2.5963891e-001
 2.5951001e-001
 2.5930309e-001
 2.5898194e-001
 2.5842232e-001
 2.5760126e-001
 2.5666648e-001
 2.5584337e-001
 2.5532568e-001
 2.5520119e-001
 2.5537494e-001
 2.5559714e-001
 2.5568536e-001
 2.5566226e-001
 2.5560707e-001
 2.5549626e-001
 2.5526464e-001
 2.5497133e-001
 2.5481695e-001
 2.5490269e-001
 2.5497586e-001
 2.5460148e-001
 2.5368330e-001
 2.5263530e-001
 2.5194088e-001
 2.5168335e-001
 2.5155547e-001
 2.5122657e-001
 2.5066775e-001
 2.5013337e-001
 2.4984424e-001
 2.4974176e-001
 2.4955894e-001
 2.4909952e-001
 2.4844328e-001
 2.4785081e-001
 2.4746856e-001
 2.4722539e-001
 2.4702024e-001
 2.4684373e-001
 2.4667160e-001
 2.4640921e-001
 2.4603362e-001
 2.4569795e-001
 2.4561268e-001
 2.4582261e-001
 2.4612600e-001
 2.4620333e-001
 2.4588355e-001
 2.4532399e-001
 2.4484758e-001
 2.4464434e-001
 2.4468684e-001
 2.4483579e-001
 2.4493706e-001
 2.4486832e-001
 2.4457528e-001
 2.4409252e-001
 2.4351536e-001
 2.4293572e-001
 2.4239604e-001
 2.4189261e-001
 2.4140853e-001
 2.4094138e-001
 2.4051487e-001
 2.4018387e-001
 2.4002588e-001
 2.4008846e-001
 2.4029329e-001
 2.4038576e-001
 2.4004164e-001
 2.3910078e-001
 2.3772916e-001
 2.3634997e-001
 2.3541363e-001
 2.3520488e-001
 2.3576440e-001
 2.3685373e-001
 2.3796624e-001
 2.3850371e-001
 2.3811249e-001
 2.3694876e-001
 2.3569188e-001
 2.3502441e-001
 2.3501152e-001
 2.3517534e-001
 2.3508392e-001
 2.3481931e-001
 2.3468177e-001
 2.3470558e-001
 2.3466764e-001
 2.3436514e-001
 2.3379064e-001
 2.3312849e-001
 2.3260842e-001
 2.3234397e-001
 2.3227385e-001
 2.3222697e-001
 2.3207900e-001
 2.3185079e-001
 2.3163487e-001
 2.3147324e-001
 2.3133259e-001
 2.3117724e-001
 2.3106009e-001
 2.3105247e-001
 2.3098785e-001
 2.3053010e-001
 2.2980873e-001
 2.2955719e-001
 2.3004858e-001
 2.3045696e-001
 2.2998348e-001
 2.2898187e-001
 2.2834346e-001
 2.2839908e-001
 2.2885908e-001
 2.2931796e-001
 2.2951090e-001
 2.2935648e-001
 2.2899044e-001
 2.2865343e-001
 2.2836895e-001
 2.2786865e-001
 2.2706787e-001
 2.2637428e-001
 2.2621122e-001
 2.2668250e-001
 2.2746237e-001
 2.2801846e-001
 2.2799478e-001
 2.2742461e-001
 2.2672461e-001
 2.2629303e-001
 2.2622855e-001
 2.2637516e-001
 2.2652526e-001
 2.2657678e-001
 2.2654639e-001
 2.2647919e-001
 2.2638905e-001
 2.2625843e-001
 2.2608647e-001
 2.2594991e-001
 2.2599207e-001
 2.2628924e-001
 2.2666633e-001
 2.2672550e-001
 2.2617725e-001
 2.2523300e-001
 2.2458762e-001
 2.2487161e-001
 2.2601764e-001
 2.2733247e-001
 2.2814104e-001
 2.2819112e-001
 2.2770019e-001
 2.2714213e-001
 2.2691211e-001
 2.2694480e-001
 2.2724773e-001
 2.2776648e-001
 2.2837222e-001
 2.2890605e-001
 2.2920908e-001
 2.2915912e-001
 2.2887589e-001
 2.2857654e-001
 2.2847852e-001
 2.2875847e-001
 2.2932380e-001
 2.2997320e-001
 2.3050503e-001
 2.3074457e-001
 2.3069592e-001
 2.3043555e-001
 2.3004021e-001
 2.2958690e-001
 2.2915372e-001
 2.2877869e-001
 2.2865905e-001
 2.2880599e-001
 2.2922400e-001
 2.2984612e-001
 2.3060259e-001
 2.3142336e-001
 2.3223996e-001
 2.3301405e-001
 2.3373704e-001
 2.3440187e-001
 2.3500127e-001
 2.3552842e-001
 2.3598255e-001
 2.3636907e-001
 2.3669350e-001
 2.3696156e-001
 2.3717889e-001
 2.3735254e-001
 2.3749104e-001
 2.3760292e-001
 2.3769668e-001
 2.3778087e-001
 2.3786782e-001
 2.3798443e-001
 2.3816127e-001
 2.3842882e-001
 2.3881760e-001
 2.3935810e-001
 2.4006765e-001
 2.4091227e-001
 2.4184610e-001
 2.4282278e-001
 2.4379648e-001
 2.4472088e-001
 2.4554998e-001
 2.4624772e-001
 2.4681555e-001
 2.4726418e-001
 2.4760413e-001
 2.4784611e-001
 2.4800064e-001
-1.2300000e+034
-1.2300000e+034
 2.4804586e-001
 2.4795687e-001
 2.4783351e-001
 2.4768637e-001
 2.4752609e-001
 2.4736330e-001
 2.4720858e-001
 2.4707253e-001
 2.4696469e-001
 2.4689038e-001
 2.4685395e-001
 2.4685979e-001
 2.4691232e-001
 2.4701585e-001
 2.4717480e-001
 2.4739353e-001
 2.4767348e-001
 2.4800538e-001
 2.4837732e-001
 2.4877751e-001
 2.4919418e-001
 2.4961543e-001
 2.5002956e-001
 2.5042456e-001
 2.5078884e-001
 2.5111037e-001
 2.5137749e-001
 2.5157830e-001
 2.5170490e-001
 2.5176337e-001
 2.5176316e-001
 2.5171348e-001
 2.5162381e-001
 2.5150344e-001
 2.5136170e-001
 2.5120795e-001
 2.5105155e-001
 2.5090173e-001
 2.5076798e-001
 2.5065956e-001
 2.5058326e-001
 2.5053653e-001
 2.5051478e-001
 2.5051346e-001
 2.5052798e-001
 2.5055373e-001
 2.5058609e-001
 2.5062057e-001
 2.5065252e-001
 2.5067738e-001
 2.5069052e-001
 2.5068867e-001
 2.5067291e-001
 2.5064534e-001
 2.5060803e-001
 2.5056303e-001
 2.5051251e-001
 2.5045842e-001
 2.5040296e-001
 2.5034815e-001
 2.5029609e-001
 2.5024694e-001
 2.5019413e-001
 2.5012964e-001
 2.5004551e-001
 2.4993366e-001
 2.4978621e-001
 2.4959503e-001
 2.4935223e-001
 2.4904971e-001
 2.4867955e-001
 2.4824063e-001
 2.4775594e-001
 2.4725333e-001
 2.4676083e-001
 2.4630629e-001
 2.4591781e-001
 2.4562323e-001
 2.4545056e-001
 2.4542771e-001
 2.4558271e-001
 2.4592693e-001
 2.4641645e-001
 2.4699536e-001
 2.4760801e-001
 2.4819849e-001
 2.4871121e-001
 2.4909022e-001
 2.4927990e-001
 2.4922441e-001
 2.4889210e-001
 2.4833125e-001
 2.4760716e-001
 2.4678473e-001
 2.4592924e-001
 2.4510562e-001
 2.4437912e-001
 2.4381465e-001
 2.4345499e-001
 2.4326850e-001
 2.4320847e-001
 2.4322809e-001
 2.4328062e-001
 2.4331927e-001
 2.4329729e-001
 2.4316792e-001
 2.4290569e-001
 2.4255458e-001
 2.4217263e-001
 2.4181803e-001
 2.4154878e-001
 2.4142307e-001
 2.4149895e-001
 2.4183451e-001
 2.4245296e-001
 2.4326473e-001
 2.4415787e-001
 2.4494417e-001
 2.4561147e-001
 2.4601096e-001
 2.4607058e-001
 2.4578673e-001
 2.4521567e-001
 2.4445419e-001
 2.4361850e-001
 2.4282938e-001
 2.4219611e-001
 2.4179317e-001
 2.4164465e-001
 2.4173792e-001
 2.4204470e-001
 2.4253094e-001
 2.4315532e-001
 2.4386415e-001
 2.4458909e-001
 2.4525075e-001
 2.4576636e-001
 2.4606071e-001
 2.4608450e-001
 2.4583419e-001
 2.4535944e-001
 2.4475102e-001
 2.4411887e-001
 2.4356972e-001
 2.4318488e-001
 2.4300145e-001
 2.4300639e-001
 2.4314697e-001
 2.4335040e-001
 2.4354433e-001
 2.4367577e-001
 2.4372526e-001
 2.4371108e-001
 2.4368174e-001
 2.4370055e-001
 2.4382733e-001
 2.4410017e-001
 2.4486320e-001
 2.4512796e-001
 2.4537940e-001
 2.4559614e-001
 2.4575754e-001
 2.4584655e-001
 2.4585241e-001
 2.4577205e-001
 2.4561141e-001
 2.4538533e-001
 2.4511608e-001
 2.4483085e-001
 2.4455801e-001
 2.4432333e-001
 2.4414653e-001
 2.4403930e-001
 2.4400482e-001
 2.4403825e-001
 2.4412848e-001
 2.4426036e-001
 2.4441759e-001
 2.4458505e-001
 2.4475063e-001
 2.4490611e-001
 2.4504732e-001
 2.4517374e-001
 2.4528767e-001
 2.4539302e-001
 2.4549338e-001
 2.4559040e-001
 2.4568278e-001
 2.4576606e-001
 2.4583361e-001
 2.4587795e-001
 2.4589251e-001
 2.4587320e-001
 2.4581960e-001
 2.4573550e-001
 2.4562858e-001
 2.4550949e-001
 2.4539004e-001
 2.4528165e-001
 2.4519359e-001
 2.4513187e-001
 2.4509902e-001
 2.4509434e-001
 2.4511483e-001
 2.4515633e-001
 2.4521445e-001
 2.4528503e-001
 2.4536411e-001
 2.4544719e-001
 2.4552859e-001
 2.4560097e-001
 2.4565530e-001
 2.4568188e-001
 2.4567170e-001
 2.4561828e-001
 2.4551906e-001
 2.4537627e-001
 2.4519667e-001
 2.4499048e-001
 2.4476965e-001
 2.4454583e-001
 2.4432918e-001
 2.4412750e-001
 2.4394625e-001
 2.4378946e-001
 2.4366036e-001
 2.4356213e-001
 2.4349789e-001
 2.4347015e-001
 2.4347979e-001
 2.4352518e-001
 2.4360150e-001
 2.4370089e-001
 2.4381331e-001
 2.4392785e-001
 2.4403445e-001
 2.4412511e-001
 2.4419475e-001
 2.4424133e-001
 2.4426535e-001
 2.4426907e-001
 2.4425560e-001
 2.4422829e-001
 2.4419041e-001
 2.4414513e-001
 2.4409564e-001
 2.4404511e-001
 2.4399658e-001
 2.4395260e-001
 2.4391478e-001
 2.4388358e-001
 2.4385829e-001
 2.4383752e-001
 2.4382000e-001
 2.4380541e-001
 2.4379514e-001
 2.4379246e-001
 2.4380215e-001
 2.4382952e-001
 2.4387909e-001
 2.4395323e-001
 2.4405126e-001
 2.4416903e-001
 2.4429935e-001
 2.4443296e-001
 2.4455979e-001
 2.4467050e-001
 2.4475737e-001
 2.4481508e-001
 2.4484083e-001
 2.4483404e-001
 2.4479590e-001
 2.4472879e-001
 2.4463588e-001
 2.4452080e-001
 2.4438772e-001
 2.4424128e-001
 2.4408680e-001
 2.4393028e-001
 2.4377814e-001
 2.4363695e-001
 2.4351279e-001
 2.4341074e-001
 2.4333416e-001
 2.4328437e-001
 2.4326067e-001
 2.4326052e-001
 2.4328038e-001
 2.4331653e-001
 2.4336594e-001
 2.4342696e-001
 2.4349943e-001
 2.4358442e-001
 2.4368335e-001
 2.4379703e-001
 2.4392441e-001
 2.4406180e-001
 2.4420269e-001
 2.4433796e-001
 2.4445701e-001
 2.4454916e-001
 2.4460542e-001
 2.4462017e-001
 2.4459232e-001
 2.4452609e-001
 2.4443074e-001
 2.4431978e-001
 2.4420926e-001
 2.4411575e-001
 2.4405403e-001
 2.4403505e-001
 2.4406436e-001
 2.4414130e-001
 2.4425890e-001
 2.4440496e-001
 2.4456343e-001
 2.4471667e-001
 2.4484779e-001
 2.4494275e-001
 2.4499241e-001
 2.4499373e-001
 2.4495035e-001
 2.4487229e-001
 2.4477480e-001
 2.4467656e-001
 2.4459720e-001
 2.4455480e-001
 2.4456340e-001
 2.4463090e-001
 2.4475786e-001
 2.4493729e-001
 2.4515553e-001
 2.4539423e-001
 2.4563290e-001
 2.4585201e-001
 2.4603578e-001
 2.4617423e-001
 2.4626449e-001
 2.4631059e-001
 2.4632253e-001
 2.4631418e-001
 2.4630086e-001
 2.4629691e-001
 2.4631354e-001
 2.4635752e-001
 2.4643071e-001
 2.4653052e-001
 2.4665107e-001
 2.4678501e-001
 2.4692523e-001
 2.4706647e-001
 2.4720618e-001
 2.4734485e-001
 2.4748556e-001
 2.4763279e-001
 2.4779117e-001
 2.4796423e-001
 2.4815330e-001
 2.4835712e-001
 2.4857169e-001
 2.4879095e-001
 2.4900731e-001
 2.4921270e-001
 2.4939951e-001
 2.4956140e-001
 2.4969405e-001
 2.4979565e-001
 2.4986723e-001
 2.4991284e-001
 2.4993920e-001
 2.4995528e-001
 2.4997149e-001
 2.4999857e-001
 2.5004655e-001
 2.5012350e-001
 2.5023493e-001
 2.5038326e-001
 2.5056770e-001
 2.5078496e-001
 2.5102964e-001
 2.5129497e-001
 2.5157350e-001
 2.5185746e-001
 2.5213903e-001
 2.5241059e-001
 2.5266513e-001
 2.5289690e-001
 2.5310203e-001
 2.5327978e-001
 2.5343305e-001
 2.5356868e-001
 2.5369701e-001
 2.5383052e-001
 2.5398189e-001
 2.5416142e-001
 2.5437492e-001
 2.5462210e-001
 2.5489563e-001
 2.5518191e-001
 2.5546286e-001
 2.5571820e-001
 2.5592890e-001
 2.5607988e-001
 2.5616267e-001
 2.5617674e-001
 2.5612983e-001
 2.5603703e-001
 2.5591859e-001
 2.5579730e-001
 2.5569534e-001
 2.5563160e-001
 2.5561947e-001
 2.5566578e-001
 2.5577065e-001
 2.5592861e-001
 2.5612995e-001
 2.5636300e-001
 2.5661597e-001
 2.5687841e-001
 2.5714266e-001
 2.5740373e-001
 2.5765938e-001
 2.5790927e-001
 2.5815398e-001
 2.5839403e-001
 2.5862920e-001
 2.5885805e-001
 2.5907826e-001
 2.5928697e-001
 2.5948191e-001
 2.5966209e-001
 2.5982866e-001
 2.5998542e-001
 2.6013863e-001
 2.6029637e-001
 2.6046744e-001
 2.6065999e-001
 2.6088014e-001
 2.6113063e-001
 2.6141042e-001
 2.6171437e-001
 2.6203427e-001
 2.6236016e-001
 2.6268199e-001
 2.6299179e-001
 2.6328456e-001
 2.6355943e-001
 2.6381946e-001
 2.6407045e-001
 2.6431948e-001
 2.6457322e-001
 2.6483601e-001
 2.6510909e-001
 2.6539022e-001
 2.6567420e-001
 2.6595458e-001
 2.6622480e-001
 2.6648045e-001
 2.6672006e-001
 2.6694578e-001
 2.6716289e-001
 2.6737812e-001
 2.6759771e-001
 2.6782492e-001
 2.6805821e-001
 2.6829046e-001
 2.6850912e-001
 2.6869854e-001
 2.6884264e-001
 2.6892865e-001
 2.6895034e-001
 2.6891008e-001
 2.6881954e-001
 2.6869845e-001
 2.6857203e-001
 2.6846743e-001
 2.6841003e-001
 2.6842016e-001
 2.6851103e-001
 2.6868767e-001
 2.6894739e-001
 2.6928088e-001
 2.6967415e-001
 2.7011079e-001
 2.7057338e-001
 2.7104551e-001
 2.7151215e-001
 2.7196041e-001
 2.7237973e-001
 2.7276143e-001
 2.7309921e-001
 2.7338904e-001
 2.7362964e-001
 2.7382311e-001
 2.7397531e-001
 2.7409586e-001
 2.7419791e-001
 2.7429694e-001
 2.7440906e-001
 2.7454901e-001
 2.7472803e-001
 2.7495208e-001
 2.7522066e-001
 2.7552667e-001
 2.7585715e-001
 2.7619502e-001
 2.7652144e-001
 2.7681854e-001
 2.7707198e-001
 2.7727279e-001
 2.7741873e-001
 2.7751419e-001
 2.7756926e-001
 2.7759802e-001
 2.7761644e-001
 2.7764034e-001
 2.7768371e-001
 2.7775776e-001
 2.7787054e-001
 2.7802685e-001
 2.7822855e-001
 2.7847439e-001
 2.7875990e-001
 2.7907699e-001
 2.7941406e-001
 2.7975607e-001
 2.8008625e-001
 2.8038791e-001
 2.8064713e-001
 2.8085560e-001
 2.8101227e-001
 2.8112417e-001
 2.8120536e-001
 2.8127444e-001
 2.8135124e-001
 2.8145301e-001
 2.8159139e-001
 2.8177068e-001
 2.8198746e-001
 2.8223187e-001
 2.8248981e-001
 2.8274572e-001
 2.8298509e-001
 2.8319636e-001
 2.8337237e-001
 2.8351045e-001
 2.8361228e-001
 2.8368321e-001
 2.8373119e-001
 2.8376591e-001
 2.8379777e-001
 2.8383687e-001
 2.8389233e-001
 2.8397134e-001
 2.8407881e-001
 2.8421682e-001
 2.8438488e-001
 2.8458005e-001
 2.8479746e-001
 2.8503120e-001
 2.8527462e-001
 2.8552091e-001
 2.8576347e-001
 2.8599554e-001
 2.8621060e-001
 2.8640196e-001
 2.8656334e-001
 2.8668928e-001
 2.8677607e-001
 2.8682283e-001
 2.8683242e-001
 2.8681231e-001
 2.8677446e-001
 2.8673479e-001
 2.8671187e-001
 2.8672478e-001
 2.8679064e-001
 2.8692222e-001
 2.8712571e-001
 2.8739950e-001
 2.8773415e-001
 2.8811327e-001
 2.8851601e-001
 2.8892010e-001
 2.8930518e-001
 2.8965601e-001
 2.8996453e-001
 2.9023069e-001
 2.9046163e-001
 2.9066980e-001
 2.9087010e-001
 2.9107636e-001
 2.9129860e-001
 2.9154080e-001
 2.9179999e-001
 2.9206717e-001
 2.9232869e-001
 2.9256955e-001
 2.9277641e-001
 2.9294053e-001
 2.9305997e-001
 2.9314011e-001
 2.9319295e-001
 2.9323500e-001
 2.9328439e-001
 2.9335758e-001
 2.9346687e-001
 2.9361862e-001
 2.9381311e-001
 2.9404518e-001
 2.9430631e-001
 2.9458669e-001
 2.9487759e-001
 2.9517314e-001
 2.9547110e-001
 2.9577306e-001
 2.9608330e-001
 2.9640758e-001
 2.9675138e-001
 2.9711795e-001
 2.9750711e-001
 2.9791465e-001
 2.9833221e-001
 2.9874843e-001
 2.9915008e-001
 2.9952431e-001
 2.9986051e-001
 3.0015194e-001
 3.0039716e-001
 3.0060011e-001
 3.0076990e-001
 3.0091935e-001
 3.0106315e-001
 3.0121556e-001
 3.0138806e-001
 3.0158764e-001
 3.0181578e-001
 3.0206826e-001
 3.0233631e-001
 3.0260810e-001
 3.0287126e-001
 3.0311534e-001
 3.0333364e-001
 3.0352485e-001
 3.0369306e-001
 3.0384707e-001
 3.0399841e-001
 3.0415878e-001
 3.0433702e-001
 3.0453703e-001
 3.0475572e-001
 3.0498323e-001
 3.0520380e-001
 3.0539855e-001
 3.0554891e-001
 3.0563983e-001
 3.0566329e-001
 3.0561978e-001
 3.0551916e-001
 3.0537942e-001
 3.0522436e-001
 3.0508035e-001
 3.0497286e-001
 3.0492324e-001
 3.0494621e-001
 3.0504850e-001
 3.0522898e-001
 3.0547953e-001
 3.0578721e-001
 3.0613667e-001
 3.0651209e-001
 3.0689898e-001
 3.0728522e-001
 3.0766091e-001
 3.0801845e-001
 3.0835170e-001
 3.0865592e-001
 3.0892774e-001
 3.0916506e-001
 3.0936769e-001
 3.0953762e-001
 3.0967897e-001
 3.0979851e-001
 3.0990526e-001
 3.1001008e-001
 3.1012425e-001
 3.1025779e-001
 3.1041792e-001
 3.1060761e-001
 3.1082538e-001
 3.1106523e-001
 3.1131780e-001
 3.1157207e-001
 3.1181696e-001
 3.1204289e-001
 3.1224239e-001
 3.1241080e-001
 3.1254649e-001
 3.1265074e-001
 3.1272784e-001
 3.1278509e-001
 3.1283215e-001
 3.1288061e-001
 3.1294277e-001
 3.1303069e-001
 3.1315476e-001
 3.1332204e-001
 3.1353539e-001
 3.1379244e-001
 3.1408542e-001
 3.1440225e-001
 3.1472802e-001
 3.1504729e-001
 3.1534588e-001
 3.1561261e-001
 3.1584042e-001
 3.1602669e-001
 3.1617379e-001
 3.1628871e-001
 3.1638208e-001
 3.1646651e-001
 3.1655470e-001
 3.1665727e-001
 3.1678128e-001
 3.1692898e-001
 3.1709772e-001
 3.1728008e-001
 3.1746498e-001
 3.1763926e-001
 3.1778947e-001
 3.1790388e-001
 3.1797418e-001
 3.1799680e-001
 3.1797397e-001
 3.1791389e-001
 3.1783012e-001
 3.1774080e-001
 3.1766665e-001
 3.1762844e-001
 3.1764430e-001
 3.1772664e-001
 3.1788039e-001
 3.1810170e-001
 3.1837848e-001
 3.1869221e-001
 3.1902072e-001
 3.1934169e-001
 3.1963593e-001
 3.1989035e-001
 3.2009923e-001
 3.2026488e-001
 3.2039645e-001
 3.2050791e-001
 3.2061523e-001
 3.2073343e-001
 3.2087418e-001
 3.2104427e-001
 3.2124481e-001
 3.2147205e-001
 3.2171854e-001
 3.2197523e-001
 3.2223368e-001
 3.2248738e-001
 3.2273334e-001
 3.2297182e-001
 3.2320601e-001
 3.2344079e-001
 3.2368070e-001
 3.2392865e-001
 3.2418439e-001
 3.2444379e-001
 3.2469931e-001
 3.2494089e-001
 3.2515755e-001
 3.2533979e-001
 3.2548130e-001
 3.2558069e-001
 3.2564217e-001
 3.2567540e-001
 3.2569420e-001
 3.2571468e-001
 3.2575265e-001
 3.2582125e-001
 3.2592893e-001
 3.2607806e-001
 3.2626456e-001
 3.2647872e-001
 3.2670638e-001
 3.2693094e-001
 3.2713574e-001
 3.2730561e-001
 3.2742897e-001
 3.2749847e-001
 3.2751191e-001
 3.2747212e-001
 3.2738665e-001
 3.2726732e-001
 3.2712927e-001
 3.2699010e-001
 3.2686862e-001
 3.2678396e-001
 3.2675388e-001
 3.2679379e-001
 3.2691541e-001
 3.2712606e-001
 3.2742783e-001
 3.2781747e-001
 3.2828662e-001
 3.2882178e-001
 3.2940575e-001
 3.3001804e-001
 3.3063605e-001
 3.3123693e-001
 3.3179832e-001
 3.3230025e-001
 3.3272588e-001
 3.3306247e-001
 3.3330238e-001
 3.3344302e-001
 3.3348662e-001
 3.3344048e-001
 3.3331648e-001
 3.3313021e-001
 3.3289957e-001
 3.3264318e-001
 3.3237869e-001
 3.3212143e-001
 3.3188325e-001
 3.3167237e-001
 3.3149365e-001
 3.3134910e-001
 3.3123940e-001
 3.3116475e-001
 3.3112577e-001
 3.3112389e-001
 3.3116144e-001
 3.3124092e-001
 3.3136424e-001
 3.3153147e-001
 3.3173981e-001
 3.3198309e-001
 3.3225122e-001
 3.3253053e-001
 3.3280441e-001
 3.3305481e-001
 3.3326423e-001
 3.3341816e-001
 3.3350733e-001
 3.3352998e-001
 3.3349288e-001
 3.3341175e-001
 3.3330983e-001
 3.3321562e-001
 3.3315954e-001
 3.3317006e-001
 3.3326995e-001
 3.3347306e-001
 3.3378214e-001
 3.3418837e-001
 3.3467215e-001
 3.3520561e-001
 3.3575606e-001
 3.3629015e-001
 3.3677822e-001
 3.3719757e-001
 3.3753526e-001
 3.3778879e-001
 3.3796582e-001
 3.3808225e-001
 3.3815926e-001
 3.3821979e-001
 3.3828518e-001
 3.3837205e-001
 3.3849025e-001
 3.3864197e-001
 3.3882177e-001
 3.3901802e-001
 3.3921477e-001
 3.3939433e-001
 3.3953971e-001
 3.3963668e-001
 3.3967555e-001
 3.3965179e-001
 3.3956644e-001
 3.3942530e-001
 3.3923835e-001
 3.3901829e-001
 3.3877960e-001
 3.3853731e-001
 3.3830637e-001
 3.3810082e-001
 3.3793336e-001
 3.3781499e-001
 3.3775458e-001
 3.3775869e-001
 3.3783093e-001
 3.3797196e-001
 3.3817905e-001
 3.3844623e-001
 3.3876470e-001
 3.3912292e-001
 3.3950776e-001
 3.3990481e-001
 3.4029934e-001
 3.4067711e-001
 3.4102458e-001
 3.4132993e-001
 3.4158307e-001
 3.4177631e-001
 3.4190494e-001
 3.4196770e-001
 3.4196734e-001
 3.4191111e-001
 3.4181079e-001
 3.4168243e-001
 3.4154549e-001
 3.4142134e-001
 3.4133130e-001
 3.4129456e-001
 3.4132579e-001
 3.4143344e-001
 3.4161833e-001
 3.4187350e-001
 3.4218469e-001
 3.4253225e-001
 3.4289286e-001
 3.4324253e-001
 3.4355909e-001
 3.4382412e-001
 3.4402484e-001
 3.4415457e-001
 3.4421316e-001
 3.4420627e-001
 3.4414446e-001
 3.4404150e-001
 3.4391311e-001
 3.4377557e-001
 3.4364453e-001
 3.4353399e-001
 3.4345585e-001
 3.4341964e-001
 3.4343255e-001
 3.4349918e-001
 3.4362167e-001
 3.4379965e-001
 3.4403062e-001
 3.4430996e-001
 3.4463057e-001
 3.4498310e-001
 3.4535608e-001
 3.4573680e-001
 3.4611180e-001
 3.4646782e-001
 3.4679270e-001
 3.4707624e-001
 3.4731060e-001
 3.4749046e-001
 3.4768540e-001
 3.4774750e-001
 3.4774953e-001
 3.4769329e-001
 3.4758282e-001
 3.4742552e-001
 3.4723285e-001
 3.4701976e-001
 3.4680346e-001
 3.4660247e-001
 3.4643540e-001
 3.4632009e-001
 3.4627250e-001
 3.4630477e-001
 3.4642336e-001
 3.4662738e-001
 3.4690854e-001
 3.4725139e-001
 3.4763530e-001
 3.4803641e-001
 3.4842929e-001
 3.4878871e-001
 3.4909087e-001
 3.4931594e-001
 3.4945038e-001
 3.4948996e-001
 3.4944057e-001
 3.4931734e-001
 3.4914207e-001
 3.4894055e-001
 3.4874028e-001
 3.4856868e-001
 3.4845158e-001
 3.4841090e-001
 3.4846213e-001
 3.4861201e-001
 3.4885770e-001
 3.4918773e-001
 3.4958407e-001
 3.5002509e-001
 3.5048717e-001
 3.5094681e-001
 3.5138136e-001
 3.5177091e-001
 3.5210043e-001
 3.5236102e-001
 3.5255098e-001
 3.5267481e-001
 3.5274181e-001
 3.5276404e-001
 3.5275486e-001
 3.5272789e-001
 3.5269636e-001
 3.5267216e-001
 3.5266507e-001
 3.5268185e-001
 3.5272607e-001
 3.5279831e-001
 3.5289696e-001
 3.5301909e-001
 3.5316113e-001
 3.5331917e-001
 3.5348910e-001
 3.5366639e-001
 3.5384610e-001
 3.5402253e-001
 3.5418922e-001
 3.5433900e-001
 3.5446417e-001
 3.5455683e-001
 3.5460901e-001
 3.5461316e-001
 3.5456273e-001
 3.5445347e-001
 3.5428485e-001
 3.5406128e-001
 3.5379285e-001
 3.5349452e-001
 3.5318515e-001
 3.5288551e-001
 3.5261726e-001
 3.5240152e-001
 3.5225677e-001
 3.5219646e-001
 3.5222512e-001
 3.5233557e-001
 3.5250735e-001
 3.5270816e-001
 3.5289705e-001
 3.5302782e-001
 3.5305235e-001
 3.5292313e-001
 3.5259649e-001
 3.5203734e-001
 3.5122505e-001
 3.5015801e-001
 3.4885663e-001
 3.4736010e-001
 3.4572241e-001
 3.4400609e-001
 3.4227684e-001
 3.4060144e-001
 3.3904281e-001
 3.3765745e-001
 3.3648974e-001
 3.3556741e-001
 3.3490056e-001
 3.3448267e-001
 3.3429539e-001
 3.3431309e-001
 3.3450672e-001
 3.3484599e-001
 3.3530113e-001
 3.3584371e-001
 3.3644786e-001
 3.3709157e-001
 3.3775651e-001
 3.3842805e-001
 3.3909434e-001
 3.3974490e-001
 3.4037042e-001
 3.4096199e-001
 3.4151158e-001
 3.4201288e-001
 3.4246194e-001
 3.4285846e-001
 3.4320578e-001
 3.4351078e-001
 3.4378290e-001
 3.4403309e-001
 3.4427294e-001
 3.4451395e-001
 3.4476683e-001
 3.4504059e-001
 3.4534124e-001
 3.4567082e-001
 3.4602684e-001
 3.4640276e-001
 3.4678924e-001
 3.4717503e-001
 3.4754816e-001
 3.4789678e-001
 3.4820980e-001
 3.4847826e-001
 3.4869629e-001
 3.4886271e-001
 3.4898123e-001
 3.4906015e-001
 3.4911099e-001
 3.4914732e-001
 3.4918347e-001
 3.4923381e-001
 3.4931177e-001
 3.4942868e-001
 3.4959236e-001
 3.4980565e-001
 3.5006633e-001
 3.5036713e-001
 3.5069740e-001
 3.5104430e-001
 3.5139409e-001
 3.5173309e-001
 3.5204852e-001
 3.5232970e-001
 3.5256976e-001
 3.5276651e-001
 3.5292348e-001
 3.5304892e-001
 3.5315481e-001
 3.5325530e-001
 3.5336533e-001
 3.5349995e-001
 3.5367292e-001
 3.5389557e-001
 3.5417503e-001
 3.5451251e-001
 3.5490307e-001
 3.5533580e-001
 3.5579559e-001
 3.5626501e-001
 3.5672531e-001
 3.5715798e-001
 3.5754564e-001
 3.5787380e-001
 3.5813284e-001
 3.5831949e-001
 3.5843778e-001
 3.5849822e-001
 3.5851607e-001
 3.5850948e-001
 3.5849777e-001
 3.5850033e-001
 3.5853529e-001
 3.5861805e-001
 3.5875919e-001
 3.5896295e-001
 3.5922641e-001
 3.5954037e-001
 3.5989070e-001
 3.6026070e-001
 3.6063227e-001
 3.6098754e-001
 3.6130962e-001
 3.6158484e-001
 3.6180443e-001
 3.6196616e-001
 3.6207542e-001
 3.6214423e-001
 3.6218962e-001
 3.6223146e-001
 3.6229083e-001
 3.6238861e-001
 3.6254373e-001
 3.6277106e-001
 3.6307853e-001
 3.6346433e-001
 3.6391646e-001
 3.6441335e-001
 3.6492661e-001
 3.6542335e-001
 3.6586937e-001
 3.6623076e-001
 3.6647585e-001
 3.6657906e-001
 3.6652422e-001
 3.6630830e-001
 3.6594257e-001
 3.6545137e-001
 3.6486882e-001
 3.6423460e-001
 3.6359081e-001
 3.6297974e-001
 3.6244199e-001
 3.6201280e-001
 3.6171940e-001
 3.6157796e-001
 3.6159214e-001
 3.6175448e-001
 3.6204922e-001
 3.6245573e-001
 3.6295101e-001
 3.6351144e-001
 3.6411315e-001
 3.6473379e-001
 3.6535272e-001
 3.6595133e-001
 3.6651424e-001
 3.6702842e-001
 3.6748233e-001
 3.6786598e-001
 3.6816993e-001
 3.6838540e-001
 3.6850509e-001
 3.6852440e-001
 3.6844313e-001
 3.6826718e-001
 3.6800909e-001
 3.6768731e-001
 3.6732501e-001
 3.6694774e-001
 3.6658213e-001
 3.6625484e-001
 3.6599073e-001
 3.6581117e-001
 3.6573154e-001
 3.6575925e-001
 3.6589262e-001
 3.6612192e-001
 3.6643136e-001
 3.6680171e-001
 3.6721218e-001
 3.6764148e-001
 3.6806938e-001
 3.6847788e-001
 3.6885276e-001
 3.6918473e-001
 3.6947036e-001
 3.6971134e-001
 3.6991301e-001
 3.7008309e-001
 3.7023035e-001
 3.7036362e-001
 3.7049150e-001
 3.7062147e-001
 3.7075904e-001
 3.7090722e-001
 3.7106621e-001
 3.7123370e-001
 3.7140533e-001
 3.7157574e-001
 3.7173915e-001
 3.7188953e-001
 3.7202126e-001
 3.7212956e-001
 3.7221089e-001
 3.7226358e-001
 3.7228793e-001
 3.7228611e-001
 3.7226158e-001
 3.7221864e-001
 3.7216190e-001
 3.7209615e-001
 3.7202623e-001
 3.7195665e-001
 3.7189183e-001
 3.7183574e-001
 3.7179196e-001
 3.7176368e-001
 3.7175387e-001
 3.7176532e-001
 3.7180066e-001
 3.7186235e-001
 3.7195250e-001
 3.7207246e-001
 3.7222227e-001
 3.7240040e-001
 3.7260348e-001
 3.7282628e-001
 3.7306249e-001
 3.7330505e-001
 3.7354663e-001
 3.7377977e-001
 3.7399757e-001
 3.7419406e-001
 3.7436467e-001
 3.7450707e-001
 3.7462118e-001
 3.7470898e-001
 3.7477404e-001
 3.7482089e-001
 3.7485436e-001
 3.7487960e-001
 3.7490156e-001
 3.7492511e-001
 3.7495473e-001
 3.7499434e-001
 3.7504745e-001
 3.7511697e-001
 3.7520555e-001
 3.7531558e-001
 3.7544912e-001
 3.7560803e-001
 3.7579334e-001
 3.7600455e-001
 3.7623850e-001
 3.7648857e-001
 3.7674436e-001
 3.7699172e-001
 3.7721419e-001
 3.7739375e-001
 3.7751174e-001
 3.7755018e-001
 3.7749287e-001
 3.7732777e-001
 3.7704948e-001
 3.7666181e-001
 3.7617862e-001
 3.7562326e-001
 3.7502548e-001
 3.7441900e-001
 3.7383959e-001
 3.7332240e-001
 3.7290022e-001
 3.7260100e-001
 3.7244359e-001
 3.7243497e-001
 3.7256911e-001
 3.7282783e-001
 3.7318438e-001
 3.7360680e-001
 3.7406057e-001
 3.7451124e-001
 3.7492621e-001
 3.7527689e-001
 3.7554225e-001
 3.7571108e-001
 3.7578303e-001
 3.7576774e-001
 3.7568209e-001
 3.7554732e-001
 3.7538666e-001
 3.7522349e-001
 3.7508002e-001
 3.7497550e-001
 3.7492386e-001
 3.7493217e-001
 3.7499973e-001
 3.7511882e-001
 3.7527660e-001
 3.7545717e-001
 3.7564316e-001
 3.7581718e-001
 3.7596282e-001
 3.7606579e-001
 3.7611589e-001
 3.7610823e-001
 3.7604377e-001
 3.7592879e-001
 3.7577355e-001
 3.7559050e-001
 3.7539336e-001
 3.7519574e-001
 3.7501043e-001
 3.7484851e-001
 3.7471762e-001
 3.7462106e-001
 3.7455738e-001
 3.7452054e-001
 3.7450138e-001
 3.7448886e-001
 3.7447101e-001
 3.7443596e-001
 3.7437275e-001
 3.7427256e-001
 3.7413004e-001
 3.7394461e-001
 3.7372115e-001
 3.7346923e-001
 3.7320191e-001
 3.7293452e-001
 3.7268311e-001
 3.7246376e-001
 3.7229145e-001
 3.7217894e-001
 3.7213489e-001
 3.7216270e-001
 3.7225974e-001
 3.7241802e-001
 3.7262568e-001
 3.7286836e-001
 3.7313077e-001
 3.7339759e-001
 3.7365428e-001
 3.7388852e-001
 3.7409154e-001
 3.7425944e-001
 3.7439355e-001
 3.7450019e-001
 3.7458917e-001
 3.7467241e-001
 3.7476268e-001
 3.7487274e-001
 3.7501407e-001
 3.7519550e-001
 3.7542146e-001
 3.7569028e-001
 3.7599349e-001
 3.7631658e-001
 3.7664077e-001
 3.7694427e-001
 3.7720457e-001
 3.7739950e-001
 3.7750873e-001
 3.7751654e-001
 3.7741458e-001
 3.7720475e-001
 3.7690002e-001
 3.7652352e-001
 3.7610576e-001
 3.7568188e-001
 3.7528855e-001
 3.7496209e-001
 3.7473622e-001
 3.7463811e-001
 3.7468442e-001
 3.7487748e-001
 3.7520361e-001
 3.7563491e-001
 3.7613294e-001
 3.7665269e-001
 3.7714675e-001
 3.7756801e-001
 3.7787205e-001
 3.7802196e-001
 3.7799272e-001
 3.7777555e-001
 3.7737980e-001
 3.7683091e-001
 3.7616670e-001
 3.7543178e-001
 3.7467399e-001
 3.7394124e-001
 3.7327942e-001
 3.7272778e-001
 3.7231550e-001
 3.7205809e-001
 3.7195536e-001
 3.7199339e-001
 3.7214795e-001
 3.7238872e-001
 3.7268269e-001
 3.7299651e-001
 3.7329844e-001
 3.7356123e-001
 3.7376496e-001
 3.7389955e-001
 3.7396610e-001
 3.7397555e-001
 3.7394628e-001
 3.7390098e-001
 3.7386426e-001
 3.7386107e-001
 3.7391478e-001
 3.7404552e-001
 3.7426770e-001
 3.7458786e-001
 3.7500417e-001
 3.7550709e-001
 3.7608096e-001
 3.7670714e-001
 3.7736544e-001
 3.7803474e-001
 3.7869498e-001
 3.7932724e-001
 3.7991518e-001
 3.8044536e-001
 3.8090843e-001
 3.8129812e-001
 3.8161048e-001
 3.8184324e-001
 3.8199490e-001
 3.8206440e-001
 3.8205174e-001
 3.8195831e-001
 3.8178810e-001
 3.8154861e-001
 3.8125113e-001
 3.8091019e-001
 3.8054326e-001
 3.8016897e-001
 3.7980661e-001
 3.7947547e-001
 3.7919354e-001
 3.7897637e-001
 3.7883556e-001
 3.7877706e-001
 3.7880063e-001
 3.7890056e-001
 3.7906694e-001
 3.7928754e-001
 3.7954897e-001
 3.7983727e-001
 3.8013878e-001
 3.8044029e-001
 3.8072908e-001
 3.8099384e-001
 3.8122422e-001
 3.8141108e-001
 3.8154581e-001
 3.8162056e-001
 3.8162777e-001
 3.8156056e-001
 3.8141370e-001
 3.8118491e-001
 3.8087752e-001
 3.8050199e-001
 3.8007671e-001
 3.7962735e-001
 3.7918407e-001
 3.7877968e-001
 3.7844762e-001
 3.7822065e-001
 3.7812817e-001
 3.7819386e-001
 3.7843212e-001
 3.7884519e-001
 3.7942195e-001
 3.8013813e-001
 3.8096005e-001
 3.8184780e-001
 3.8275889e-001
 3.8364962e-001
 3.8447753e-001
 3.8520128e-001
 3.8578039e-001
 3.8616848e-001
 3.8629216e-001
 3.8626012e-001
 3.8606733e-001
 3.8574141e-001
 3.8531020e-001
 3.8480121e-001
 3.8424248e-001
 3.8366151e-001
 3.8308600e-001
 3.8254383e-001
 3.8206035e-001
 3.8164136e-001
 3.8128158e-001
 3.8097554e-001
 3.8071784e-001
 3.8050315e-001
 3.8032603e-001
 3.8018104e-001
 3.8006288e-001
 3.7996611e-001
 3.7988532e-001
 3.7981519e-001
 3.7975022e-001
 3.7968507e-001
 3.7961474e-001
 3.7953752e-001
 3.7945351e-001
 3.7936282e-001
 3.7926564e-001
 3.7916201e-001
 3.7905219e-001
 3.7893617e-001
 3.7881419e-001
 3.7868634e-001
 3.7855271e-001
 3.7841347e-001
 3.7826875e-001
 3.7811869e-001
 3.7796336e-001
 3.7780300e-001
 3.7763757e-001
 3.7746736e-001
 3.7729245e-001
 3.7711290e-001
 3.7692872e-001
 3.7674007e-001
 3.7654698e-001
 3.7634948e-001
 3.7614763e-001
 3.7594151e-001
 3.7573117e-001
 3.7551671e-001
 3.7529817e-001
 3.7507552e-001
 3.7484896e-001
 3.7461847e-001
 3.7438411e-001
 3.7414595e-001
 3.7390408e-001
 3.7365854e-001
 3.7340936e-001
 3.7315664e-001
 3.7290040e-001
 3.7264079e-001
 3.7237778e-001
 3.7211171e-001
 3.7184313e-001
 3.7157249e-001
 3.7130019e-001
 3.7102675e-001
 3.7075248e-001
 3.7047803e-001
 3.7020373e-001
 3.6993009e-001
 3.6965749e-001
 3.6938658e-001
 3.6911765e-001
 3.6885118e-001
 3.6858761e-001
 3.6832753e-001
 3.6807129e-001
 3.6781934e-001
 3.6757222e-001
 3.6733019e-001
 3.6709395e-001
 3.6686388e-001
 3.6664042e-001
 3.6642393e-001
 3.6621505e-001
 3.6601415e-001
 3.6582157e-001
 3.6563724e-001
 3.6546093e-001
 3.6529225e-001
 3.6513081e-001
 3.6497626e-001
 3.6482826e-001
 3.6468655e-001
 3.6455074e-001
 3.6442041e-001
 3.6429533e-001
 3.6417514e-001
 3.6405948e-001
 3.6394799e-001
 3.6384031e-001
 3.6373615e-001
 3.6363521e-001
 3.6353704e-001
 3.6344132e-001
 3.6334777e-001
 3.6325607e-001
 3.6316574e-001
 3.6307654e-001
 3.6298811e-001
 3.6290011e-001
 3.6281219e-001
 3.6272404e-001
 3.6263528e-001
 3.6254558e-001
 3.6245462e-001
 3.6236206e-001
 3.6226782e-001
 3.6217201e-001
 3.6207473e-001
