s07_ASD Record=22017: Willow-Sedge-Mix YNP-WS-1   AVIRISb RTGC
-1.2300000e+034
-1.2300000e+034
-1.2300000e+034
-1.2300000e+034
-1.2300000e+034
-1.2300000e+034
-1.2300000e+034
-1.2300000e+034
-1.2300000e+034
-1.2300000e+034
-1.2300000e+034
-1.2300000e+034
-1.2300000e+034
-1.2300000e+034
-1.2300000e+034
-1.2300000e+034
-1.2300000e+034
-1.2300000e+034
-1.2300000e+034
-1.2300000e+034
-1.2300000e+034
-1.2300000e+034
-1.2300000e+034
-1.2300000e+034
-1.2300000e+034
-1.2300000e+034
-1.2300000e+034
-1.2300000e+034
-1.2300000e+034
-1.2300000e+034
-1.2300000e+034
-1.2300000e+034
-1.2300000e+034
-1.2300000e+034
-1.2300000e+034
-1.2300000e+034
-1.2300000e+034
-1.2300000e+034
-1.2300000e+034
-1.2300000e+034
-1.2300000e+034
-1.2300000e+034
-1.2300000e+034
-1.2300000e+034
-1.2300000e+034
-1.2300000e+034
-1.2300000e+034
-1.2300000e+034
-1.2300000e+034
-1.2300000e+034
-1.2300000e+034
-1.2300000e+034
-1.2300000e+034
-1.2300000e+034
-1.2300000e+034
-1.2300000e+034
-1.2300000e+034
-1.2300000e+034
-1.2300000e+034
 5.1875640e-002
 5.1898725e-002
 5.1918160e-002
 5.1930312e-002
 5.1931530e-002
 5.1918168e-002
 5.1886585e-002
 5.1833130e-002
 5.1754169e-002
 5.1646050e-002
 5.1505126e-002
 5.1329028e-002
 5.1121525e-002
 5.0887782e-002
 5.0632909e-002
 5.0362036e-002
 5.0080311e-002
 4.9792860e-002
 4.9504805e-002
 4.9221285e-002
 4.8947439e-002
 4.8687320e-002
 4.8442323e-002
 4.8212707e-002
 4.7998775e-002
 4.7800809e-002
 4.7619082e-002
 4.7453877e-002
 4.7305487e-002
 4.7174193e-002
 4.7060266e-002
 4.6963770e-002
 4.6883836e-002
 4.6819367e-002
 4.6769265e-002
 4.6732433e-002
 4.6707779e-002
 4.6694200e-002
 4.6690602e-002
 4.6695892e-002
 4.6708968e-002
 4.6728604e-002
 4.6752784e-002
 4.6806071e-002
 4.6830822e-002
 4.6851423e-002
 4.6865683e-002
 4.6871439e-002
 4.6866503e-002
 4.6848711e-002
 4.6816733e-002
 4.6772871e-002
 4.6720292e-002
 4.6662193e-002
 4.6601750e-002
 4.6542138e-002
 4.6486538e-002
 4.6438139e-002
 4.6400107e-002
 4.6375636e-002
 4.6366937e-002
 4.6372384e-002
 4.6389379e-002
 4.6415333e-002
 4.6447653e-002
 4.6483759e-002
 4.6521049e-002
 4.6556927e-002
 4.6588808e-002
 4.6614099e-002
 4.6630923e-002
 4.6640087e-002
 4.6643138e-002
 4.6641652e-002
 4.6637170e-002
 4.6631247e-002
 4.6625450e-002
 4.6621334e-002
 4.6620447e-002
 4.6624359e-002
 4.6634723e-002
 4.6653640e-002
 4.6683308e-002
 4.6725929e-002
 4.6783697e-002
 4.6858832e-002
 4.6953518e-002
 4.7069956e-002
 4.7210354e-002
 4.7376920e-002
 4.7571801e-002
 4.7795746e-002
 4.8049439e-002
 4.8333500e-002
 4.8648626e-002
 4.8995450e-002
 4.9374610e-002
 4.9786802e-002
 5.0232634e-002
 5.0712820e-002
 5.1228248e-002
 5.2373804e-002
 5.3008702e-002
 5.3688269e-002
 5.4414969e-002
 5.5191182e-002
 5.6019284e-002
 5.6901738e-002
 5.7841029e-002
 5.8838878e-002
 5.9888661e-002
 6.0982808e-002
 6.2113933e-002
 6.3274667e-002
 6.4457387e-002
 6.5654762e-002
 6.6859312e-002
 6.8063676e-002
 6.9260247e-002
 7.0442475e-002
 7.1607023e-002
 7.2751150e-002
 7.3872425e-002
 7.4968100e-002
 7.6035663e-002
 7.7072583e-002
 7.8076154e-002
 7.9043888e-002
 7.9973087e-002
 8.0861993e-002
 8.1711873e-002
 8.2524650e-002
 8.3302371e-002
 8.4047049e-002
 8.4760718e-002
 8.5445292e-002
 8.6102836e-002
 8.6735390e-002
 8.7344870e-002
 8.7932579e-002
 8.8493191e-002
 8.9020684e-002
 8.9509033e-002
 8.9952230e-002
 9.0344191e-002
 9.0678930e-002
 9.0950407e-002
 9.1152601e-002
 9.1279492e-002
 9.1326430e-002
 9.1294080e-002
 9.1184668e-002
 9.1000408e-002
 9.0743549e-002
 9.0416260e-002
 9.0020791e-002
 8.9559354e-002
 8.9034162e-002
 8.8447444e-002
 8.7803707e-002
 8.7112531e-002
 8.6385719e-002
 8.5635021e-002
 8.4872179e-002
 8.4109031e-002
 8.3357327e-002
 8.2628809e-002
 8.1935264e-002
 8.1288457e-002
 8.0697410e-002
 8.0160074e-002
 7.9671666e-002
 7.9227403e-002
 7.8822494e-002
 7.8111537e-002
 7.7795930e-002
 7.7500530e-002
 7.7220514e-002
 7.6951794e-002
 7.6694645e-002
 7.6449983e-002
 7.6218754e-002
 7.6001868e-002
 7.5800285e-002
 7.5614914e-002
 7.5446688e-002
 7.5296536e-002
 7.5165391e-002
 7.5052962e-002
 7.4953288e-002
 7.4859284e-002
 7.4763820e-002
 7.4659772e-002
 7.4540019e-002
 7.4397445e-002
 7.4224919e-002
 7.4015327e-002
 7.3761553e-002
 7.3458754e-002
 7.3113136e-002
 7.2733298e-002
 7.2327837e-002
 7.1905360e-002
 7.1474470e-002
 7.1043730e-002
 7.0621744e-002
 7.0217118e-002
 6.9838457e-002
 6.9493063e-002
 6.9181003e-002
 6.8901137e-002
 6.8652324e-002
 6.8433419e-002
 6.8243265e-002
 6.8080738e-002
 6.7944691e-002
 6.7833975e-002
 6.7747436e-002
 6.7682818e-002
 6.7633368e-002
 6.7591205e-002
 6.7548454e-002
 6.7497231e-002
 6.7429669e-002
 6.7337893e-002
 6.7214005e-002
 6.7050152e-002
 6.6838451e-002
 6.6573478e-002
 6.6259600e-002
 6.5903649e-002
 6.5512463e-002
 6.5092847e-002
 6.4651661e-002
 6.4195730e-002
 6.3731872e-002
 6.3266918e-002
 6.2807694e-002
 6.2359404e-002
 6.1920691e-002
 6.1488565e-002
 6.1060090e-002
 6.0632274e-002
 6.0202129e-002
 5.9766684e-002
 5.9322931e-002
 5.8867943e-002
 5.8398724e-002
 5.7914093e-002
 5.7417050e-002
 5.6912452e-002
 5.5899668e-002
 5.5401042e-002
 5.4914046e-002
 5.4443426e-002
 5.3993970e-002
 5.3570513e-002
-1.2300000e+034
 5.2962065e-002
 5.2624851e-002
 5.2315164e-002
 5.2032392e-002
 5.1775914e-002
 5.1545110e-002
 5.1339399e-002
 5.1058069e-002
-1.2300000e+034
 5.0866667e-002
 5.0759625e-002
 5.0700482e-002
 5.0827064e-002
 5.1063396e-002
 5.1448818e-002
 5.2008584e-002
 5.2768067e-002
 5.3752463e-002
 5.4987188e-002
 5.6495406e-002
 5.8282878e-002
 6.0352366e-002
 6.2707134e-002
 6.5349884e-002
 6.8283767e-002
 7.1511976e-002
 7.5037114e-002
 7.8862630e-002
 8.2991041e-002
 8.7419599e-002
 9.2121437e-002
 9.7064041e-002
 1.0221396e-001
 1.0753863e-001
 1.1300525e-001
 1.2423327e-001
 1.2992865e-001
 1.3563460e-001
 1.4132644e-001
 1.4701240e-001
 1.5270779e-001
 1.5842932e-001
 1.6419232e-001
 1.7001317e-001
 1.7590824e-001
 1.8189284e-001
 1.8798372e-001
 1.9419615e-001
 2.0054097e-001
 2.0700699e-001
 2.1357615e-001
 2.2023213e-001
 2.2695690e-001
 2.3373367e-001
 2.4054569e-001
 2.4737492e-001
 2.5420502e-001
 2.6101798e-001
 2.7452573e-001
 2.8118625e-001
 2.8776217e-001
 2.9423693e-001
 3.0059293e-001
 3.0681354e-001
 3.1288195e-001
 3.1878164e-001
 3.2449490e-001
 3.3000779e-001
 3.3531657e-001
 3.4041905e-001
 3.4531403e-001
 3.4999993e-001
 3.5447556e-001
 3.5873884e-001
 3.6278844e-001
 3.6662319e-001
 3.7024096e-001
 3.7364241e-001
 3.7683561e-001
 3.7982994e-001
 3.8263553e-001
 3.8526183e-001
 3.9001629e-001
 3.9216387e-001
 3.9417148e-001
 3.9604869e-001
 3.9780474e-001
 3.9944592e-001
 4.0097758e-001
 4.0240544e-001
 4.0373504e-001
 4.0497184e-001
 4.0612143e-001
 4.0718934e-001
 4.0818125e-001
-1.2300000e+034
 4.0995967e-001
 4.1075727e-001
 4.1150090e-001
 4.1219607e-001
 4.1284832e-001
 4.1346329e-001
 4.1404653e-001
 4.1460365e-001
 4.1514009e-001
 4.1617194e-001
 4.1667232e-001
 4.1716215e-001
 4.1764084e-001
 4.1810784e-001
 4.1856256e-001
 4.1900444e-001
 4.1943294e-001
 4.1984752e-001
 4.2024750e-001
 4.2063352e-001
 4.2100820e-001
 4.2137519e-001
 4.2173827e-001
 4.2210123e-001
 4.2246765e-001
 4.2284134e-001
 4.2322609e-001
 4.2362559e-001
 4.2404351e-001
 4.2448178e-001
 4.2493775e-001
 4.2540666e-001
 4.2588419e-001
 4.2684647e-001
 4.2732224e-001
 4.2778823e-001
 4.2824012e-001
 4.2867315e-001
 4.2908415e-001
 4.2947260e-001
 4.2983925e-001
 4.3018475e-001
 4.3050998e-001
 4.3081573e-001
 4.3110272e-001
 4.3137172e-001
 4.3162358e-001
 4.3185893e-001
 4.3207932e-001
 4.3229011e-001
 4.3249741e-001
 4.3270722e-001
 4.3292564e-001
 4.3315876e-001
 4.3341255e-001
 4.3369317e-001
 4.3400666e-001
 4.3475473e-001
 4.3518969e-001
 4.3565792e-001
 4.3615359e-001
 4.3667093e-001
 4.3720388e-001
 4.3774673e-001
 4.3829358e-001
 4.3883848e-001
 4.3937564e-001
 4.3990034e-001
 4.4041258e-001
 4.4091347e-001
 4.4140425e-001
 4.4188610e-001
 4.4236010e-001
 4.4282746e-001
 4.4328931e-001
 4.4374686e-001
 4.4420123e-001
 4.4465348e-001
 4.4510445e-001
 4.4555473e-001
 4.4600493e-001
 4.4690770e-001
 4.4736159e-001
 4.4781804e-001
 4.4827762e-001
 4.4874108e-001
 4.4920880e-001
 4.4968066e-001
 4.5015621e-001
 4.5063516e-001
 4.5111701e-001
 4.5160148e-001
 4.5208818e-001
 4.5257670e-001
 4.5306665e-001
 4.5355776e-001
 4.5404965e-001
 4.5454255e-001
 4.5503661e-001
 4.5553225e-001
 4.5602980e-001
 4.5652932e-001
 4.5703125e-001
 4.5753577e-001
 4.5804322e-001
 4.5906749e-001
 4.5958230e-001
 4.6009579e-001
 4.6060580e-001
 4.6110991e-001
 4.6160579e-001
 4.6209109e-001
 4.6256351e-001
 4.6302068e-001
 4.6346027e-001
 4.6388045e-001
 4.6428147e-001
 4.6466395e-001
 4.6502876e-001
 4.6537644e-001
 4.6570787e-001
 4.6602362e-001
 4.6632457e-001
 4.6661133e-001
 4.6688461e-001
 4.6714559e-001
 4.6739548e-001
 4.6763590e-001
 4.6786848e-001
 4.6831664e-001
 4.6853551e-001
 4.6875313e-001
 4.6897107e-001
 4.6919107e-001
 4.6941435e-001
 4.6964240e-001
 4.6987635e-001
 4.7011727e-001
 4.7036630e-001
 4.7062463e-001
 4.7089335e-001
 4.7117355e-001
 4.7146642e-001
 4.7177306e-001
 4.7209334e-001
 4.7242245e-001
 4.7275418e-001
 4.7308242e-001
 4.7340116e-001
 4.7370419e-001
 4.7398540e-001
 4.7423875e-001
 4.7445804e-001
 4.7477141e-001
 4.7486091e-001
 4.7490728e-001
 4.7491202e-001
 4.7487685e-001
 4.7480330e-001
 4.7469297e-001
 4.7454748e-001
 4.7436842e-001
-1.2300000e+034
 4.7391626e-001
 4.7364640e-001
 4.7334945e-001
 4.7302699e-001
 4.7268057e-001
 4.7231179e-001
 4.7192231e-001
 4.7151363e-001
 4.7108746e-001
-1.2300000e+034
 4.7018826e-001
 4.6971843e-001
 4.6923745e-001
 4.6874678e-001
 4.6774319e-001
 4.6723336e-001
 4.6672034e-001
 4.6620572e-001
-1.2300000e+034
 4.6517801e-001
 4.6466815e-001
 4.6416312e-001
 4.6366441e-001
 4.6317375e-001
 4.6269268e-001
 4.6222273e-001
 4.6176565e-001
 4.6132287e-001
 4.6089613e-001
 4.6048802e-001
 4.6010309e-001
 4.5974693e-001
 4.5942509e-001
 4.5914325e-001
 4.5890692e-001
 4.5872182e-001
 4.5859343e-001
 4.5852745e-001
 4.5852944e-001
 4.5873713e-001
 4.5892239e-001
 4.5914629e-001
 4.5939726e-001
 4.5966357e-001
 4.5993355e-001
 4.6019548e-001
 4.6043774e-001
 4.6064863e-001
 4.6081993e-001
 4.6095723e-001
 4.6106955e-001
 4.6116599e-001
 4.6125561e-001
 4.6134743e-001
 4.6145055e-001
 4.6157393e-001
 4.6172675e-001
 4.6191797e-001
 4.6215460e-001
 4.6243545e-001
 4.6275714e-001
 4.6311650e-001
 4.6351010e-001
 4.6438691e-001
 4.6486360e-001
 4.6536133e-001
 4.6587691e-001
 4.6640727e-001
 4.6695086e-001
 4.6750638e-001
 4.6807256e-001
 4.6864811e-001
 4.6923181e-001
 4.6982226e-001
 4.7041827e-001
 4.7104105e-001
 4.7166258e-001
 4.7228658e-001
 4.7291109e-001
 4.7353446e-001
 4.7415513e-001
 4.7477251e-001
 4.7538736e-001
 4.7600085e-001
 4.7661382e-001
 4.7722518e-001
 4.7783178e-001
 4.7842970e-001
 4.7901562e-001
 4.7958821e-001
 4.8014826e-001
 4.8069710e-001
 4.8123604e-001
 4.8176545e-001
 4.8228529e-001
 4.8279569e-001
 4.8329735e-001
 4.8379201e-001
 4.8428202e-001
 4.8477036e-001
 4.8526043e-001
 4.8575538e-001
 4.8625845e-001
 4.8677197e-001
 4.8729751e-001
 4.8783574e-001
 4.8838580e-001
 4.8894584e-001
 4.8951274e-001
 4.9008238e-001
 4.9065027e-001
 4.9121138e-001
 4.9176118e-001
 4.9229547e-001
 4.9281099e-001
 4.9330580e-001
 4.9377903e-001
 4.9423119e-001
 4.9466395e-001
 4.9507985e-001
 4.9548209e-001
 4.9587408e-001
 4.9625918e-001
 4.9664053e-001
 4.9702051e-001
 4.9740100e-001
 4.9778298e-001
 4.9816662e-001
 4.9855155e-001
 4.9893665e-001
 4.9932066e-001
 4.9970171e-001
 5.0007796e-001
 5.0044739e-001
 5.0080788e-001
 5.0115746e-001
 5.0149399e-001
 5.0181532e-001
 5.0211960e-001
 5.0240499e-001
 5.0266975e-001
 5.0291282e-001
 5.0313330e-001
 5.0333107e-001
 5.0350666e-001
 5.0366133e-001
 5.0379705e-001
 5.0391638e-001
 5.0402230e-001
 5.0411791e-001
 5.0420618e-001
 5.0428981e-001
 5.0437081e-001
 5.0445038e-001
 5.0452858e-001
 5.0460458e-001
 5.0467658e-001
 5.0474209e-001
 5.0479794e-001
 5.0484091e-001
 5.0486785e-001
 5.0487626e-001
 5.0486416e-001
 5.0483084e-001
 5.0477648e-001
 5.0470239e-001
 5.0461084e-001
 5.0450468e-001
 5.0438702e-001
 5.0426066e-001
 5.0412780e-001
 5.0398916e-001
 5.0384384e-001
 5.0368881e-001
 5.0351888e-001
 5.0332701e-001
 5.0310421e-001
 5.0284046e-001
 5.0252545e-001
 5.0214875e-001
 5.0170147e-001
 5.0117606e-001
 5.0056756e-001
 4.9987370e-001
 4.9909481e-001
 4.9823406e-001
 4.9729642e-001
 4.9628872e-001
 4.9521884e-001
 4.9409455e-001
 4.9292395e-001
 4.9171478e-001
 4.9047396e-001
 4.8920864e-001
 4.8792490e-001
 4.8662803e-001
 4.8532104e-001
 4.8400348e-001
 4.8267293e-001
 4.8132613e-001
 4.7996318e-001
 4.7858897e-001
 4.7721201e-001
 4.7584182e-001
 4.7448397e-001
 4.7313911e-001
 4.7180310e-001
 4.7046891e-001
 4.6913087e-001
 4.6778616e-001
 4.6643785e-001
 4.6509403e-001
 4.6376470e-001
 4.6245849e-001
 4.6117926e-001
 4.5992512e-001
 4.5869106e-001
 4.5747054e-001
 4.5625931e-001
 4.5505720e-001
 4.5386857e-001
 4.5270196e-001
 4.5156604e-001
 4.5046708e-001
 4.4940674e-001
 4.4838226e-001
 4.4738925e-001
 4.4642308e-001
 4.4548190e-001
 4.4456750e-001
 4.4368470e-001
 4.4284040e-001
 4.4204003e-001
 4.4128641e-001
 4.4057941e-001
 4.3991706e-001
 4.3929788e-001
 4.3872097e-001
 4.3818653e-001
 4.3769470e-001
 4.3724471e-001
 4.3683484e-001
 4.3646219e-001
 4.3612295e-001
 4.3581274e-001
 4.3552667e-001
 4.3525991e-001
 4.3500757e-001
 4.3476507e-001
 4.3452826e-001
 4.3429342e-001
 4.3405750e-001
 4.3381804e-001
 4.3357307e-001
 4.3332124e-001
 4.3306172e-001
 4.3279430e-001
 4.3251950e-001
 4.3223852e-001
 4.3195358e-001
 4.3166780e-001
 4.3138531e-001
 4.3111104e-001
 4.3085045e-001
 4.3060943e-001
 4.3039373e-001
 4.3020862e-001
 4.3005860e-001
 4.2994675e-001
 4.2987478e-001
 4.2984283e-001
 4.2984939e-001
 4.2989153e-001
 4.2996538e-001
 4.3006641e-001
 4.3018994e-001
 4.3033177e-001
 4.3048841e-001
 4.3065768e-001
 4.3083873e-001
 4.3103224e-001
 4.3124029e-001
 4.3146610e-001
 4.3171379e-001
 4.3198770e-001
 4.3229210e-001
 4.3263072e-001
 4.3300611e-001
 4.3341953e-001
 4.3387088e-001
 4.3435824e-001
 4.3487838e-001
 4.3542689e-001
 4.3599850e-001
 4.3658766e-001
 4.3718854e-001
 4.3779579e-001
 4.3840438e-001
 4.3901008e-001
 4.3960962e-001
 4.4020024e-001
 4.4078028e-001
 4.4134843e-001
 4.4190398e-001
 4.4244674e-001
 4.4297656e-001
 4.4349390e-001
 4.4399914e-001
 4.4449294e-001
 4.4497621e-001
 4.4544986e-001
 4.4591492e-001
 4.4637230e-001
 4.4682255e-001
 4.4726601e-001
 4.4770208e-001
 4.4812965e-001
 4.4854665e-001
 4.4895038e-001
 4.4933781e-001
 4.4970483e-001
 4.5004538e-001
 4.5034939e-001
 4.5060250e-001
 4.5079082e-001
 4.5090625e-001
 4.5096061e-001
 4.5096719e-001
 4.5093811e-001
 4.5088121e-001
 4.5080003e-001
 4.5069557e-001
 4.5056900e-001
 4.5042461e-001
 4.5027202e-001
 4.4996452e-001
 4.4981208e-001
 4.4971150e-001
 4.4966993e-001
 4.4969344e-001
 4.4978574e-001
 4.4993618e-001
 4.5010087e-001
 4.5024908e-001
 4.5037425e-001
 4.5049489e-001
 4.5064086e-001
 4.5083338e-001
 4.5104977e-001
 4.5123017e-001
 4.5134631e-001
 4.5141086e-001
 4.5144212e-001
 4.5145202e-001
 4.5144919e-001
 4.5144117e-001
 4.5143494e-001
 4.5143601e-001
 4.5144743e-001
 4.5146838e-001
 4.5149389e-001
 4.5151478e-001
 4.5151886e-001
 4.5149228e-001
 4.5142034e-001
 4.5128834e-001
 4.5108217e-001
 4.5078939e-001
 4.5040056e-001
 4.4991082e-001
 4.4932088e-001
 4.4863638e-001
 4.4786668e-001
 4.4702283e-001
 4.4611716e-001
 4.4516173e-001
 4.4416848e-001
 4.4314831e-001
 4.4210941e-001
 4.4105718e-001
 4.3999264e-001
 4.3891361e-001
 4.3781543e-001
 4.3669161e-001
 4.3553567e-001
 4.3434042e-001
 4.3309933e-001
 4.3180662e-001
 4.3045738e-001
 4.2904919e-001
 4.2758203e-001
 4.2605755e-001
 4.2447954e-001
 4.2285192e-001
 4.2117944e-001
 4.1946691e-001
 4.1771832e-001
 4.1593799e-001
 4.1412830e-001
 4.1229069e-001
 4.1042468e-001
 4.0852731e-001
 4.0659559e-001
 4.0462485e-001
 4.0261099e-001
 4.0054986e-001
 3.9843675e-001
 3.9626822e-001
 3.9404058e-001
 3.9175192e-001
 3.8940120e-001
 3.8698563e-001
 3.8450047e-001
 3.8194689e-001
 3.7935826e-001
 3.7679732e-001
 3.7424263e-001
 3.7151644e-001
 3.6851782e-001
 3.6548179e-001
 3.6263394e-001
 3.5984981e-001
 3.5693666e-001
 3.5388210e-001
 3.5079527e-001
 3.4778529e-001
 3.4482372e-001
 3.4168655e-001
 3.3825400e-001
 3.3481535e-001
 3.3162749e-001
 3.2852730e-001
 3.2529408e-001
 3.2192558e-001
 3.1854695e-001
 3.1527874e-001
 3.1208917e-001
 3.0872077e-001
 3.0504027e-001
 3.0139217e-001
 2.9805008e-001
 2.9480654e-001
 2.9142666e-001
 2.8792614e-001
 2.8443861e-001
 2.8108776e-001
 2.7784109e-001
 2.7442020e-001
 2.7068970e-001
 2.6702729e-001
 2.6370463e-001
 2.6048601e-001
 2.5713813e-001
 2.5369099e-001
 2.5027883e-001
 2.4702258e-001
 2.4388821e-001
 2.4059175e-001
 2.3700611e-001
 2.3352544e-001
 2.3039956e-001
 2.2737484e-001
 2.2423610e-001
 2.2102672e-001
 2.1787341e-001
 2.1488586e-001
 2.1203318e-001
 2.0904388e-001
 2.0580272e-001
 2.0269503e-001
 1.9993652e-001
 1.9727555e-001
 1.9452657e-001
 1.9174121e-001
 1.8902999e-001
 1.8648657e-001
 1.8408352e-001
 1.8158022e-001
 1.7888471e-001
 1.7634428e-001
 1.7412330e-001
 1.7199419e-001
 1.6981596e-001
 1.6764140e-001
 1.6555664e-001
 1.6363202e-001
 1.6184402e-001
 1.6000834e-001
 1.5806663e-001
 1.5628245e-001
 1.5476231e-001
 1.5333690e-001
 1.5191951e-001
 1.5055630e-001
 1.4928806e-001
 1.4811747e-001
 1.4704037e-001
 1.4605513e-001
 1.4515941e-001
 1.4434856e-001
 1.4361371e-001
 1.4294387e-001
 1.4232665e-001
 1.4174888e-001
 1.4119752e-001
 1.4065941e-001
 1.4012206e-001
 1.3957457e-001
 1.3900913e-001
 1.3842309e-001
 1.3781860e-001
 1.3720201e-001
 1.3658160e-001
 1.3596624e-001
 1.3536523e-001
 1.3478780e-001
 1.3424264e-001
 1.3373771e-001
 1.3327873e-001
 1.3286841e-001
 1.3250652e-001
 1.3219026e-001
 1.3191582e-001
 1.3167877e-001
 1.3147472e-001
 1.3129924e-001
 1.3114814e-001
 1.3101797e-001
 1.3090669e-001
 1.3081454e-001
 1.3074388e-001
 1.3069871e-001
 1.3068388e-001
 1.3070445e-001
 1.3076560e-001
 1.3087238e-001
 1.3102964e-001
 1.3124123e-001
 1.3150916e-001
 1.3183270e-001
 1.3220848e-001
 1.3263129e-001
 1.3309476e-001
 1.3359223e-001
 1.3411716e-001
 1.3466275e-001
 1.3522279e-001
 1.3579169e-001
 1.3636550e-001
 1.3694288e-001
 1.3752463e-001
 1.3811354e-001
 1.3871296e-001
 1.3932648e-001
 1.3995802e-001
 1.4061113e-001
 1.4128944e-001
 1.4199576e-001
 1.4273161e-001
 1.4349684e-001
 1.4428917e-001
 1.4510544e-001
 1.4594166e-001
 1.4679362e-001
 1.4765739e-001
 1.4852881e-001
 1.4940391e-001
 1.5027969e-001
 1.5115403e-001
 1.5202710e-001
 1.5290053e-001
 1.5377717e-001
 1.5466069e-001
 1.5555453e-001
 1.5646259e-001
 1.5738842e-001
 1.5833533e-001
 1.5930633e-001
 1.6030258e-001
 1.6132413e-001
 1.6236898e-001
 1.6343401e-001
 1.6451588e-001
 1.6561063e-001
 1.6671482e-001
 1.6782460e-001
 1.6893616e-001
 1.7004649e-001
 1.7115265e-001
 1.7225242e-001
 1.7334460e-001
 1.7442796e-001
 1.7550199e-001
 1.7656586e-001
 1.7761874e-001
 1.7866020e-001
 1.7968941e-001
 1.8070632e-001
 1.8171111e-001
 1.8270461e-001
 1.8368873e-001
 1.8466532e-001
 1.8563691e-001
 1.8660572e-001
 1.8757398e-001
 1.8854426e-001
 1.8951845e-001
 1.9049850e-001
 1.9148503e-001
 1.9247767e-001
 1.9347535e-001
 1.9447587e-001
 1.9547717e-001
 1.9647680e-001
 1.9747227e-001
 1.9846152e-001
 1.9944222e-001
 2.0041257e-001
 2.0137180e-001
 2.0231974e-001
 2.0325744e-001
 2.0418628e-001
 2.0510782e-001
 2.0602407e-001
 2.0693652e-001
 2.0784713e-001
 2.0875730e-001
 2.0966785e-001
 2.1057892e-001
 2.1148905e-001
 2.1239614e-001
 2.1329702e-001
 2.1418826e-001
 2.1506664e-001
 2.1592857e-001
 2.1677096e-001
 2.1759085e-001
 2.1838635e-001
 2.1915779e-001
 2.1990770e-001
 2.2064073e-001
 2.2136298e-001
 2.2208075e-001
 2.2280084e-001
 2.2352979e-001
 2.2427393e-001
 2.2503932e-001
 2.2583015e-001
 2.2664846e-001
 2.2749276e-001
 2.2835889e-001
 2.2924149e-001
 2.3013407e-001
 2.3103042e-001
 2.3192395e-001
 2.3280828e-001
 2.3367773e-001
 2.3452736e-001
 2.3535454e-001
 2.3615870e-001
 2.3694123e-001
 2.3770489e-001
 2.3845263e-001
 2.3918757e-001
 2.3991308e-001
 2.4063215e-001
 2.4134786e-001
 2.4206255e-001
 2.4277766e-001
 2.4349387e-001
 2.4421069e-001
 2.4492748e-001
 2.4564315e-001
 2.4635653e-001
 2.4706672e-001
 2.4777254e-001
 2.4847329e-001
 2.4916844e-001
 2.4985807e-001
 2.5054324e-001
 2.5122532e-001
 2.5190628e-001
 2.5258803e-001
 2.5327250e-001
 2.5396186e-001
 2.5465778e-001
 2.5536177e-001
 2.5607422e-001
 2.5679380e-001
 2.5751781e-001
 2.5824186e-001
 2.5896066e-001
 2.5966895e-001
 2.6036096e-001
 2.6103130e-001
 2.6167458e-001
 2.6228613e-001
 2.6286289e-001
 2.6340380e-001
 2.6391062e-001
 2.6438689e-001
 2.6483729e-001
 2.6526713e-001
 2.6568156e-001
 2.6608601e-001
 2.6648551e-001
 2.6688465e-001
 2.6728702e-001
 2.6769438e-001
 2.6810700e-001
 2.6852351e-001
 2.6894194e-001
 2.6935992e-001
 2.6977503e-001
 2.7018476e-001
 2.7058682e-001
 2.7097887e-001
 2.7135926e-001
 2.7172667e-001
 2.7208036e-001
 2.7242029e-001
 2.7274638e-001
 2.7305892e-001
 2.7335808e-001
 2.7364397e-001
 2.7391684e-001
 2.7417666e-001
 2.7442312e-001
 2.7465558e-001
 2.7487290e-001
 2.7507368e-001
 2.7525631e-001
 2.7541912e-001
 2.7556044e-001
 2.7567860e-001
 2.7577218e-001
 2.7584022e-001
 2.7588272e-001
 2.7590099e-001
 2.7589765e-001
 2.7587634e-001
 2.7584133e-001
 2.7579704e-001
 2.7574801e-001
 2.7569869e-001
 2.7565306e-001
 2.7561417e-001
 2.7558333e-001
 2.7555934e-001
 2.7553859e-001
 2.7551565e-001
 2.7548400e-001
 2.7543676e-001
 2.7536684e-001
 2.7526742e-001
 2.7513218e-001
 2.7495620e-001
 2.7473700e-001
 2.7447534e-001
 2.7417490e-001
 2.7384219e-001
 2.7348471e-001
 2.7311075e-001
 2.7272853e-001
 2.7234632e-001
 2.7197176e-001
 2.7161095e-001
 2.7126783e-001
 2.7094302e-001
 2.7063420e-001
 2.7033681e-001
 2.7004489e-001
 2.6975206e-001
 2.6945165e-001
 2.6913729e-001
 2.6880309e-001
 2.6844418e-001
 2.6805779e-001
 2.6764333e-001
 2.6720268e-001
 2.6673952e-001
 2.6625824e-001
 2.6576397e-001
 2.6526162e-001
 2.6475632e-001
 2.6425278e-001
 2.6375502e-001
 2.6326621e-001
 2.6278821e-001
 2.6232156e-001
 2.6186606e-001
 2.6142094e-001
 2.6098526e-001
 2.6055798e-001
 2.6013798e-001
 2.5972429e-001
 2.5931582e-001
 2.5891155e-001
 2.5851068e-001
 2.5811222e-001
 2.5771540e-001
 2.5731936e-001
 2.5692332e-001
 2.5652647e-001
 2.5612798e-001
 2.5572714e-001
 2.5532311e-001
 2.5491518e-001
 2.5450268e-001
 2.5408491e-001
 2.5366127e-001
 2.5323108e-001
 2.5279373e-001
 2.5234869e-001
 2.5189525e-001
 2.5143284e-001
 2.5096092e-001
 2.5047877e-001
 2.4998596e-001
 2.4948183e-001
 2.4896583e-001
 2.4843754e-001
 2.4789627e-001
 2.4734166e-001
 2.4677318e-001
 2.4619073e-001
 2.4559456e-001
 2.4498533e-001
 2.4436463e-001
 2.4373437e-001
 2.4309713e-001
 2.4245568e-001
 2.4181272e-001
 2.4117130e-001
 2.4053411e-001
 2.3990411e-001
 2.3928414e-001
 2.3867673e-001
 2.3808455e-001
 2.3751019e-001
 2.3695588e-001
 2.3642419e-001
 2.3591731e-001
 2.3543757e-001
 2.3498704e-001
 2.3456718e-001
 2.3417883e-001
 2.3382159e-001
 2.3349382e-001
 2.3319285e-001
 2.3291509e-001
 2.3265666e-001
 2.3241329e-001
 2.3218092e-001
 2.3195566e-001
 2.3173407e-001
 2.3151372e-001
 2.3129331e-001
 2.3107289e-001
 2.3085369e-001
 2.3063773e-001
 2.3042755e-001
 2.3022574e-001
 2.3003480e-001
 2.2985654e-001
 2.2969136e-001
 2.2953753e-001
 2.2939049e-001
 2.2924250e-001
 2.2908324e-001
 2.2890033e-001
 2.2868034e-001
 2.2840947e-001
 2.2807404e-001
 2.2766151e-001
 2.2728351e-001
 2.2669247e-001
 2.2599642e-001
 2.2519727e-001
 2.2430189e-001
 2.2331917e-001
 2.2225925e-001
 2.2113246e-001
 2.1994877e-001
 2.1871853e-001
 2.1745089e-001
 2.1615407e-001
 2.1483415e-001
 2.1349442e-001
 2.1213600e-001
 2.1075603e-001
 2.0934929e-001
 2.0793341e-001
 2.0656188e-001
 2.0522420e-001
 2.0376694e-001
 2.0214447e-001
 2.0058554e-001
 1.9916984e-001
 1.9774610e-001
 1.9623536e-001
 1.9467346e-001
 1.9312115e-001
 1.9163096e-001
 1.9016632e-001
 1.8857436e-001
 1.8683854e-001
 1.8517786e-001
 1.8365696e-001
 1.8213333e-001
 1.8052877e-001
 1.7887765e-001
 1.7724635e-001
 1.7568287e-001
 1.7413455e-001
 1.7245692e-001
 1.7065677e-001
 1.6894163e-001
 1.6736139e-001
 1.6578136e-001
 1.6412818e-001
 1.6243574e-001
 1.6077253e-001
 1.5917811e-001
 1.5758775e-001
 1.5587297e-001
 1.5406135e-001
 1.5233895e-001
 1.5074152e-001
 1.4914857e-001
 1.4749348e-001
 1.4580874e-001
 1.4416060e-001
 1.4257635e-001
 1.4098532e-001
 1.3928358e-001
 1.3751303e-001
 1.3582933e-001
 1.3425766e-001
 1.3269588e-001
 1.3108520e-001
 1.2945543e-001
 1.2786654e-001
 1.2633549e-001
 1.2479159e-001
 1.2315213e-001
 1.2146774e-001
 1.1986960e-001
 1.1837367e-001
 1.1689490e-001
 1.1538550e-001
 1.1386165e-001
 1.1234879e-001
 1.1085962e-001
 1.0937522e-001
 1.0790408e-001
 1.0644644e-001
 1.0500151e-001
 1.0357350e-001
 1.0217573e-001
 1.0081942e-001
 9.9486575e-002
 9.8130912e-002
 9.6732520e-002
 9.5338367e-002
 9.4009906e-002
 9.2749156e-002
 9.1512196e-002
 9.0273470e-002
 8.9047790e-002
 8.7859079e-002
 8.6701110e-002
 8.5535824e-002
 8.4342897e-002
 8.3158322e-002
 8.2034416e-002
 8.0976091e-002
 7.9947777e-002
 7.8926511e-002
 7.7922612e-002
 7.6955795e-002
 7.6023005e-002
 7.5095274e-002
 7.4155383e-002
 7.3229343e-002
 7.2358109e-002
 7.1547896e-002
 7.0772663e-002
 7.0013970e-002
 6.9277965e-002
 6.8578929e-002
 6.7915954e-002
 6.7270413e-002
 6.6630162e-002
 6.6011362e-002
 6.5441065e-002
 6.4924955e-002
 6.4447463e-002
 6.3996017e-002
 6.3573167e-002
 6.3187212e-002
 6.2839188e-002
 6.2520981e-002
 6.2226776e-002
 6.1963193e-002
 6.1742041e-002
 6.1566658e-002
 6.1431710e-002
 6.1332330e-002
 6.1268207e-002
 6.1241113e-002
 6.1253123e-002
 6.1307050e-002
 6.1405051e-002
 6.1544873e-002
 6.1721027e-002
 6.1932050e-002
 6.2182665e-002
 6.2478475e-002
 6.2820867e-002
 6.3207828e-002
 6.3637130e-002
 6.4106695e-002
 6.4613603e-002
 6.5152138e-002
 6.5712996e-002
 6.6283807e-002
 6.6849291e-002
 6.7392685e-002
 6.7896195e-002
 6.8342060e-002
 6.8713687e-002
 6.8996765e-002
 6.9181576e-002
 6.9264911e-002
 6.9251001e-002
 6.9151916e-002
 6.8986095e-002
 6.8776280e-002
 6.8547443e-002
 6.8325356e-002
 6.8134934e-002
 6.7999184e-002
 6.7936763e-002
 6.7960262e-002
 6.8074934e-002
 6.8278737e-002
 6.8563469e-002
 6.8916738e-002
 6.9323964e-002
 6.9769472e-002
 7.0237875e-002
 7.0714653e-002
 7.1187258e-002
 7.1646273e-002
 7.2085679e-002
 7.2503276e-002
 7.2899736e-002
 7.3277839e-002
 7.3641680e-002
 7.3995702e-002
 7.4344590e-002
 7.4692704e-002
 7.5043887e-002
 7.5401396e-002
 7.5767569e-002
 7.6143928e-002
 7.6531179e-002
 7.6928012e-002
 7.7330716e-002
 7.7735327e-002
 7.8143731e-002
 7.8566045e-002
 7.9010680e-002
 7.9471193e-002
 7.9929478e-002
 8.0376230e-002
 8.0817960e-002
 8.1264719e-002
 8.1716947e-002
 8.2167558e-002
 8.2614839e-002
 8.3067529e-002
 8.3534747e-002
 8.4010370e-002
 8.4476598e-002
 8.4923640e-002
 8.5357651e-002
 8.5788772e-002
 8.6217977e-002
 8.6638786e-002
 8.7049194e-002
 8.7456495e-002
 8.7868556e-002
 8.8280268e-002
 8.8676207e-002
 8.9047410e-002
 8.9398421e-002
 8.9738347e-002
 9.0070665e-002
 9.0392701e-002
 9.0700924e-002
 9.0993479e-002
 9.1269843e-002
 9.1530412e-002
 9.1775797e-002
 9.2006885e-002
 9.2224710e-002
 9.2430696e-002
 9.2626408e-002
 9.2813350e-002
 9.2993215e-002
 9.3167737e-002
 9.3338579e-002
 9.3507655e-002
 9.3676910e-002
 9.3848467e-002
 9.4024412e-002
 9.4207034e-002
 9.4398633e-002
 9.4601355e-002
 9.4817340e-002
 9.5048420e-002
 9.5295742e-002
 9.5559813e-002
 9.5840193e-002
 9.6135236e-002
 9.6442625e-002
 9.6759342e-002
 9.7082086e-002
 9.7407177e-002
 9.7731233e-002
 9.8051108e-002
 9.8363921e-002
 9.8667741e-002
 9.8961510e-002
 9.9244952e-002
 9.9518768e-002
 9.9784203e-002
 1.0004289e-001
 1.0029647e-001
 1.0054687e-001
 1.0079601e-001
 1.0104568e-001
 1.0129781e-001
 1.0155435e-001
 1.0181706e-001
 1.0208790e-001
 1.0236872e-001
 1.0266145e-001
 1.0296772e-001
 1.0328920e-001
 1.0362719e-001
 1.0398207e-001
 1.0435351e-001
 1.0474003e-001
 1.0513864e-001
 1.0554556e-001
 1.0595625e-001
 1.0636544e-001
 1.0676803e-001
 1.0715900e-001
 1.0753404e-001
 1.0788966e-001
 1.0822425e-001
 1.0853814e-001
 1.0883354e-001
 1.0911467e-001
 1.0938700e-001
 1.0965660e-001
 1.0992999e-001
 1.1021344e-001
 1.1051264e-001
 1.1083177e-001
 1.1117337e-001
 1.1153767e-001
 1.1192235e-001
 1.1232326e-001
 1.1273474e-001
 1.1314994e-001
 1.1356196e-001
 1.1396403e-001
 1.1434979e-001
 1.1471444e-001
 1.1505494e-001
 1.1537068e-001
 1.1566315e-001
 1.1593620e-001
 1.1619519e-001
 1.1644619e-001
 1.1669587e-001
 1.1695081e-001
 1.1721688e-001
 1.1749909e-001
 1.1780088e-001
 1.1812390e-001
 1.1846765e-001
 1.1883017e-001
 1.1920826e-001
 1.1959769e-001
 1.1999414e-001
 1.2039326e-001
 1.2079066e-001
 1.2118270e-001
 1.2156647e-001
 1.2193970e-001
 1.2230130e-001
 1.2265095e-001
 1.2298895e-001
 1.2331578e-001
 1.2363234e-001
 1.2393963e-001
 1.2423848e-001
 1.2453000e-001
 1.2481531e-001
 1.2509540e-001
 1.2537149e-001
 1.2564480e-001
 1.2591664e-001
 1.2618816e-001
 1.2646067e-001
 1.2673554e-001
 1.2701389e-001
 1.2729703e-001
 1.2758625e-001
 1.2788257e-001
 1.2818721e-001
 1.2850137e-001
 1.2882593e-001
 1.2916201e-001
 1.2951049e-001
 1.2987208e-001
 1.3024679e-001
 1.3063398e-001
 1.3103190e-001
 1.3143708e-001
 1.3184486e-001
 1.3224936e-001
 1.3264345e-001
 1.3301983e-001
 1.3337110e-001
 1.3369028e-001
 1.3397136e-001
 1.3421042e-001
 1.3440622e-001
 1.3456072e-001
 1.3467918e-001
 1.3476983e-001
 1.3484289e-001
 1.3490999e-001
 1.3498314e-001
 1.3507396e-001
 1.3519304e-001
 1.3534877e-001
 1.3554674e-001
 1.3578877e-001
 1.3607320e-001
 1.3639531e-001
 1.3674773e-001
 1.3712201e-001
 1.3750905e-001
 1.3789952e-001
 1.3828500e-001
 1.3865821e-001
 1.3901372e-001
 1.3934796e-001
 1.3965979e-001
 1.3994998e-001
 1.4022039e-001
 1.4047399e-001
 1.4071405e-001
 1.4094375e-001
 1.4116612e-001
 1.4138357e-001
 1.4159769e-001
 1.4180897e-001
 1.4201699e-001
 1.4222053e-001
 1.4241752e-001
 1.4260571e-001
 1.4278269e-001
 1.4294602e-001
 1.4309371e-001
 1.4322433e-001
 1.4333716e-001
 1.4343254e-001
 1.4351173e-001
 1.4357679e-001
 1.4363034e-001
 1.4367539e-001
 1.4371496e-001
 1.4375181e-001
 1.4378811e-001
 1.4382499e-001
 1.4386216e-001
 1.4389764e-001
 1.4392784e-001
 1.4394772e-001
 1.4395121e-001
 1.4393170e-001
 1.4388247e-001
 1.4379704e-001
 1.4367028e-001
 1.4349815e-001
 1.4327912e-001
 1.4301381e-001
 1.4270535e-001
 1.4235927e-001
 1.4198235e-001
 1.4158230e-001
 1.4116709e-001
 1.4074464e-001
 1.4032182e-001
 1.3990396e-001
 1.3949478e-001
 1.3909534e-001
 1.3870443e-001
 1.3831919e-001
 1.3793504e-001
 1.3754670e-001
 1.3714844e-001
 1.3673496e-001
 1.3630122e-001
 1.3584305e-001
 1.3535795e-001
 1.3484460e-001
 1.3430315e-001
 1.3373537e-001
 1.3314357e-001
 1.3253063e-001
 1.3190016e-001
 1.3125558e-001
 1.3060060e-001
 1.2993892e-001
 1.2927490e-001
 1.2861274e-001
 1.2795678e-001
 1.2731202e-001
 1.2668316e-001
 1.2607490e-001
 1.2549223e-001
 1.2493943e-001
 1.2442033e-001
 1.2393774e-001
 1.2349360e-001
 1.2308818e-001
 1.2272044e-001
 1.2238847e-001
 1.2208933e-001
 1.2181954e-001
 1.2157548e-001
 1.2135309e-001
 1.2114805e-001
 1.2095580e-001
 1.2077118e-001
 1.2058849e-001
 1.2040156e-001
 1.2020390e-001
 1.1998866e-001
 1.1974891e-001
 1.1947814e-001
 1.1917029e-001
 1.1882038e-001
 1.1842543e-001
 1.1798453e-001
 1.1749920e-001
 1.1697326e-001
 1.1641294e-001
 1.1582547e-001
 1.1521890e-001
 1.1460195e-001
 1.1398277e-001
 1.1336890e-001
 1.1276738e-001
 1.1218353e-001
 1.1162131e-001
 1.1108370e-001
 1.1057219e-001
 1.1008756e-001
 1.0962998e-001
 1.0919956e-001
 1.0879574e-001
 1.0841758e-001
 1.0806382e-001
 1.0773230e-001
 1.0741998e-001
 1.0712341e-001
 1.0683832e-001
 1.0656016e-001
 1.0628419e-001
 1.0600605e-001
 1.0572178e-001
 1.0542841e-001
 1.0512473e-001
 1.0481127e-001
 1.0449057e-001
 1.0416743e-001
 1.0384797e-001
 1.0353941e-001
 1.0324933e-001
 1.0298526e-001
 1.0275353e-001
 1.0255861e-001
 1.0240229e-001
 1.0228274e-001
 1.0219435e-001
 1.0212808e-001
 1.0207196e-001
 1.0201216e-001
 1.0193408e-001
 1.0182317e-001
 1.0166615e-001
 1.0145204e-001
 1.0117351e-001
 1.0082734e-001
 1.0041518e-001
 9.9943191e-002
 9.9420696e-002
 9.8859325e-002
 9.8272346e-002
 9.7672984e-002
 9.7074084e-002
 9.6487164e-002
 9.5922284e-002
 9.5386714e-002
 9.4885401e-002
 9.4421320e-002
 9.3995288e-002
 9.3606867e-002
 9.3255073e-002
 9.2938118e-002
 9.2653811e-002
 9.2399687e-002
 9.2172511e-002
 9.1968425e-002
 9.1782831e-002
 9.1610633e-002
 9.1446109e-002
 9.1283277e-002
 9.1116220e-002
 9.0939194e-002
 9.0747043e-002
 9.0535805e-002
 9.0302855e-002
 9.0047315e-002
 8.9770146e-002
 8.9474104e-002
 8.9163013e-002
 8.8841513e-002
 8.8514812e-002
 8.8187851e-002
 8.7865084e-002
 8.7550335e-002
 8.7245941e-002
 8.6952783e-002
 8.6670458e-002
 8.6396977e-002
 8.6129420e-002
 8.5864142e-002
 8.5597456e-002
 8.5325673e-002
 8.5045680e-002
 8.4755585e-002
 8.4454738e-002
 8.4144123e-002
 8.3826669e-002
 8.3506569e-002
 8.3189189e-002
 8.2880445e-002
 8.2586557e-002
 8.2312994e-002
 8.2063980e-002
 8.1841931e-002
 8.1646346e-002
 8.1473619e-002
 8.1316993e-002
 8.1166878e-002
 8.1011668e-002
 8.0838755e-002
 8.0635287e-002
 8.0389448e-002
 8.0091588e-002
 7.9735667e-002
 7.9320900e-002
 7.8851096e-002
 7.8336135e-002
 7.7790268e-002
 7.7231139e-002
 7.6678783e-002
 7.6153241e-002
 7.5673506e-002
 7.5255617e-002
 7.4911267e-002
 7.4645773e-002
 7.4457578e-002
 7.4338458e-002
 7.4274167e-002
 7.4246258e-002
 7.4233711e-002
 7.4214630e-002
 7.4167803e-002
 7.4074261e-002
 7.3918626e-002
 7.3690191e-002
 7.3383786e-002
 7.2999634e-002
 7.2542213e-002
 7.2019264e-002
 7.1440995e-002
 7.0818402e-002
 7.0162818e-002
 6.9485970e-002
 6.8798684e-002
 6.8111300e-002
 6.7433298e-002
 6.6773906e-002
 6.6141248e-002
 6.5542929e-002
 6.4986371e-002
 6.4477809e-002
 6.4022288e-002
 6.3623235e-002
 6.3281044e-002
 6.2992886e-002
 6.2752202e-002
 6.2549151e-002
 6.2370878e-002
 6.2202629e-002
 6.2028918e-002
 6.1834492e-002
 6.1605714e-002
 6.1332192e-002
 6.1007891e-002
 6.0632244e-002
 6.0211189e-002
 5.9756000e-002
 5.9282653e-002
 5.8810212e-002
 5.8359697e-002
 5.7951927e-002
 5.7606388e-002
 5.7339970e-002
 5.7165112e-002
 5.7088904e-002
 5.7112940e-002
 5.7232402e-002
 5.7435945e-002
 5.7705343e-002
 5.8015630e-002
 5.8338277e-002
 5.8646340e-002
 5.8919787e-002
 5.9148662e-002
-1.2300000e+034
-1.2300000e+034
-1.2300000e+034
-1.2300000e+034
-1.2300000e+034
-1.2300000e+034
-1.2300000e+034
-1.2300000e+034
-1.2300000e+034
-1.2300000e+034
-1.2300000e+034
-1.2300000e+034
-1.2300000e+034
-1.2300000e+034
-1.2300000e+034
-1.2300000e+034
-1.2300000e+034
-1.2300000e+034
-1.2300000e+034
-1.2300000e+034
-1.2300000e+034
-1.2300000e+034
